"nu" "alpha"
3.109336 0.1260859
3.829508 0.1625031
3.375413 0.2078323
2.89286 0.4543972
3.733386 0.3944752
3.312689 0.4924726
3.36669 0.1390106
3.270063 0.2844478
3.629084 0.4703224
3.109535 0.481079
2.978758 0.3036138
2.994144 0.2211853
2.694488 0.4208629
3.181942 0.4376964
2.831627 0.1341311
3.199693 0.2765797
2.81696 0.492536
3.107459 0.4460907
3.168539 0.3085291
2.972876 0.1862712
3.248329 0.3519689
2.912093 0.3995478
3.738146 0.1211279
2.887335 0.4783992
3.160523 0.364305
3.171792 0.2394989
2.605648 0.3274623
2.709756 0.2716883
3.347625 0.376736
3.567037 0.366855
3.21107 0.3429856
3.58808 0.09216667
3.808193 0.4930711
3.961569 0.1683308
3.39108 0.2265712
2.799238 0.3996393
4.14025 0.372375
3.188911 0.3320751
2.822116 0.4166071
3.334615 0.2763451
2.937213 0.3801118
2.778841 0.41078
2.662359 0.3969697
2.820986 0.229979
2.926413 0.3875958
2.8314 0.2966442
3.055823 0.2291854
3.673969 0.3258598
3.33042 0.264886
3.272841 0.2540714
3.34806 0.3586178
3.456664 0.4095632
3.013132 0.2881433
3.137052 0.4026863
2.975355 0.4160875
3.793322 0.08048132
2.846342 0.4264705
2.970892 0.3874367
3.207215 0.4351635
3.00482 0.3830684
3.231069 0.2020672
2.809037 0.4214582
3.288983 0.4797019
3.565649 0.3804464
2.881703 0.1018576
3.397674 0.1498151
3.498889 0.1655886
2.79096 0.07365826
2.399073 0.3149678
3.075155 0.3550535
2.99938 0.02641207
3.142423 0.1519732
2.768133 0.4754354
2.931223 0.1368748
2.981371 0.4002607
2.912313 0.3441816
2.949183 0.38942
3.15152 0.444996
2.951069 0.1760168
3.498446 0.192982
3.368314 0.3670633
3.52822 0.4397964
3.623716 0.334893
3.321774 0.3084092
3.297768 0.3695481
2.78241 0.3782329
2.91168 0.4870609
3.627992 0.4431897
2.963417 0.2311732
2.850885 0.1304074
3.441415 0.1854587
2.70673 0.4754187
2.800697 0.4112293
2.555666 0.2388841
2.851776 0.3440937
3.271684 0.1513232
2.911102 0.05384477
3.851034 0.3960867
2.795117 0.4022008
2.995333 0.1541472
3.28444 0.02830733
2.995823 0.2027699
3.478678 0.4082382
3.341605 0.4221534
3.389708 0.09484661
4.049738 0.3815173
3.923147 0.03132388
3.03075 0.1565442
3.117052 0.2907251
3.024544 0.4393625
2.794851 0.3486641
3.080725 0.3595954
3.279193 0.1612298
3.092129 0.1067853
3.079987 0.3849532
3.388349 0.4108055
3.311743 0.3709185
3.366068 0.4642518
3.212151 0.1155008
3.331874 0.2644686
3.142221 0.4506996
3.106924 0.2424154
2.632948 0.4942601
3.769068 0.4067111
3.207599 0.3047104
2.797606 0.1353556
3.143046 0.4980895
3.377472 0.4020322
3.286774 0.2166248
3.119585 0.2542356
3.366346 0.2172173
3.070425 0.3414597
3.717248 0.09679427
2.999481 0.04525412
3.98585 0.3240417
2.861714 0.4195891
3.147784 0.1983263
2.941546 0.3064046
2.949332 0.4162872
2.567658 0.4427318
3.300419 0.212069
3.252195 0.2981752
3.317473 0.3138517
3.485139 0.164542
3.012591 0.06927844
3.173683 0.3961815
3.263377 0.1745295
2.461404 0.3364251
2.354467 0.2344793
2.613944 0.1731957
2.974686 0.2795116
2.770399 0.3778177
3.232059 0.4452013
3.089289 0.36787
3.602013 0.2307449
2.754314 0.2787293
3.216132 0.2789573
2.787145 0.2652838
2.776606 0.27691
2.868771 0.3297057
2.660395 0.2327352
3.543546 0.4593482
3.069827 0.3728263
3.373301 0.2499231
2.401229 0.4593585
2.40358 0.4349012
2.613054 0.3551986
3.019469 0.4762545
3.025482 0.3059713
3.157749 0.1757412
2.788782 0.3746861
3.084335 0.3768776
2.939515 0.1331601
3.231506 0.149843
3.079423 0.3177941
2.600962 0.4140956
3.111342 0.3547077
3.085553 0.3812535
2.781314 0.3733079
2.701375 0.4236943
2.772654 0.2746165
2.975894 0.4614259
2.702074 0.1909349
2.563867 0.2390701
2.873101 0.2741659
3.197624 0.4460127
2.801463 0.3414406
2.664161 0.4900849
2.520749 0.2853152
2.696772 0.1300837
2.69174 0.3280215
2.881457 0.1439474
2.676383 0.4985854
2.811915 0.2157048
3.161552 0.1342293
3.13852 0.2498613
3.145823 0.4982861
2.93033 0.1586472
2.507623 0.4818466
3.080475 0.2435059
2.827094 0.4453645
2.795432 0.02299111
2.948129 0.485651
3.589009 0.107939
3.080458 0.4881792
2.938531 0.3927841
3.411418 0.2543809
3.028628 0.2721205
3.166904 0.3046359
2.923644 0.3102628
2.745717 0.215466
2.849326 0.3017148
3.261702 0.2005401
2.953428 0.450653
2.993334 0.4245156
3.608338 0.4172677
2.771506 0.3152725
2.705981 0.194698
2.667822 0.2933332
2.903576 0.1921617
2.674835 0.2111039
2.808906 0.3812359
3.046757 0.256415
3.040006 0.1306401
2.969503 0.210281
3.107979 0.3632937
3.372652 0.3249537
3.183252 0.2965799
2.622591 0.1350513
3.044307 0.4316075
3.092281 0.2372007
2.770265 0.1118817
3.203126 0.4312733
3.104272 0.453986
2.904921 0.09548276
2.919825 0.2470419
2.886542 0.2707231
3.027565 0.377885
3.911343 0.483384
3.121196 0.4041461
2.97974 0.4928646
2.693481 0.4948018
3.112859 0.2802287
2.474854 0.3738704
2.981943 0.2204956
2.92999 0.1348815
2.981945 0.2562584
2.910355 0.3734171
2.975212 0.3269187
3.052573 0.3747029
2.585199 0.4831254
3.14191 0.1141493
2.503805 0.1695425
3.023691 0.3841733
2.817445 0.1714101
3.05688 0.4004985
2.973646 0.0601166
2.836943 0.1614147
2.792266 0.1215425
2.822564 0.04824986
2.815071 0.4200857
2.985713 0.4163141
2.592193 0.1536507
2.926106 0.4818571
2.943364 0.231273
3.155395 0.487754
2.93205 0.05607638
2.56337 0.2043991
2.767084 0.4432031
3.528877 0.4829703
3.101361 0.2891458
2.736205 0.3896978
2.871697 0.0410223
3.168442 0.2730449
3.010226 0.169956
3.425185 0.1194199
2.912784 0.3346981
2.8646 0.1298542
2.884733 0.3324268
2.776406 0.06843358
2.954666 0.4772211
2.46565 0.2887208
2.33422 0.0673703
2.522238 0.15688
3.657996 0.4807064
2.804627 0.455338
3.327799 0.2458118
2.582685 0.4007579
2.680139 0.3022488
3.049473 0.1981835
3.536506 0.07973425
2.813889 0.4577584
3.413678 0.4022951
3.746754 0.3034804
3.224198 0.1655526
3.344007 0.4111776
2.92304 0.1972169
2.598318 0.1684843
2.974074 0.394895
2.630407 0.4344194
3.403355 0.2610524
3.465473 0.4182989
3.304053 0.1380016
3.441608 0.1217906
3.889546 0.1989864
3.194794 0.218772
3.597706 0.08932813
3.807425 0.3757005
3.193831 0.352564
3.298621 0.3673492
3.289594 0.2203797
3.861913 0.4243338
3.610208 0.3590115
3.179649 0.08812964
3.534547 0.215965
3.579523 0.4551307
3.322342 0.1468311
2.682873 0.1368767
3.17024 0.2255387
2.78477 0.4718136
2.984461 0.1862363
3.433536 0.3112351
3.140357 0.05434186
3.362933 0.3876371
2.997001 0.3288148
2.888949 0.3063752
3.239682 0.291745
3.010018 0.353205
2.894467 0.2487814
2.741809 0.268005
2.587106 0.4139677
2.455674 0.3000581
2.545496 0.2940277
2.710458 0.4163479
3.501528 0.2844368
2.941257 0.05213728
3.081349 0.2110329
2.420292 0.3525786
3.78073 0.1057542
3.549861 0.1267632
3.518752 0.1023234
2.790972 0.1529625
2.911009 0.158327
3.439903 0.2121234
3.535021 0.2708852
3.039382 0.1804276
3.1493 0.2452857
3.338905 0.2032934
3.103608 0.4479784
3.187098 0.3578979
3.194431 0.2277737
2.64145 0.3117706
2.418545 0.366922
3.121013 0.2202052
3.358956 0.3365065
3.000746 0.4877991
2.720657 0.3221725
3.780016 0.1445355
2.670848 0.1825636
3.289177 0.1750254
2.872393 0.3219359
2.888482 0.2688518
2.865908 0.4901881
2.734241 0.248453
3.061889 0.1584291
2.754746 0.1662308
3.162956 0.3809723
2.994332 0.1377921
3.033426 0.2221819
3.001187 0.2728294
2.950784 0.4646864
3.562491 0.1782251
3.664257 0.3636352
3.066591 0.1469816
2.884059 0.1947199
3.275345 0.3341877
3.168949 0.0399363
3.070026 0.4803161
2.863788 0.377547
3.44187 0.3476663
3.591588 0.1208502
3.364096 0.4797458
2.930878 0.2216162
2.954583 0.1621725
3.404721 0.4358356
2.863441 0.2427684
3.822422 0.2791812
3.029781 0.4300114
3.317925 0.3358783
3.559034 0.1287477
3.384406 0.1719688
3.401042 0.2803015
3.27926 0.1106721
3.422777 0.4752552
3.009882 0.1132809
3.297248 0.3291252
3.157697 0.4081675
3.02414 0.2057676
3.027783 0.2093737
2.704326 0.4101357
3.299265 0.1094235
3.214979 0.05305326
3.262888 0.483737
2.953516 0.285715
3.121229 0.1697261
3.14465 0.2890122
3.052742 0.2828149
2.922935 0.2775844
3.19169 0.3859877
3.073088 0.2928391
4.038684 0.1423383
2.797954 0.4947221
2.927831 0.2501809
2.9353 0.1073976
3.449191 0.3474786
2.898484 0.2346359
3.096847 0.4847733
2.591855 0.4013152
2.488727 0.4249766
3.0719 0.4305862
2.577282 0.2721534
3.300387 0.4091355
3.219978 0.1209588
2.889543 0.3678393
2.965997 0.4782602
2.796064 0.4299268
3.136964 0.4033467
2.919769 0.4770705
3.048195 0.4132052
2.946839 0.133334
3.05729 0.2305104
3.249407 0.1353226
2.894687 0.4979808
2.767018 0.2023127
2.678904 0.1753348
2.949332 0.3191182
3.081672 0.4447068
2.900146 0.157266
2.953124 0.1902773
2.957221 0.3695756
2.540903 0.0975356
2.600246 0.4974072
2.983969 0.3390129
2.956821 0.3361414
2.714259 0.201583
2.402877 0.4327225
2.465125 0.4317959
2.703188 0.3345187
3.196826 0.3993757
2.645296 0.4402146
3.120177 0.217213
2.923583 0.4825191
2.647988 0.2623636
3.683352 0.3035914
3.214575 0.1270982
3.593673 0.3404459
2.749536 0.4832055
3.12844 0.2582161
2.993718 0.1337864
3.981967 0.3450513
3.60886 0.184016
3.228411 0.359918
3.363289 0.4364034
2.998822 0.2897306
3.449298 0.2429458
2.947431 0.1884502
2.914569 0.1622904
2.995287 0.2658871
2.699798 0.1701341
3.037025 0.08943055
3.483384 0.09197493
3.190077 0.2749461
2.992473 0.1562746
3.514886 0.4197552
3.466806 0.2564281
2.953999 0.2558317
2.821349 0.4350359
3.039637 0.2761625
3.376689 0.3290204
3.109908 0.2199926
2.976033 0.143456
3.37405 0.3544006
2.724642 0.4177175
2.941266 0.2961969
2.785767 0.181232
3.19287 0.1980449
2.877624 0.3950135
2.777069 0.3400932
3.137722 0.4322028
2.691533 0.195137
2.787283 0.2605947
2.555316 0.2108853
2.977163 0.2886226
2.474703 0.3250963
2.793867 0.4506167
3.190878 0.1828292
3.144514 0.05358262
2.71731 0.2860041
2.441765 0.2519661
3.026606 0.4826952
2.874233 0.08786946
3.246604 0.3125906
3.362385 0.485539
2.506074 0.3903113
2.701881 0.4550117
2.985994 0.09778936
2.804604 0.4539326
2.520043 0.2798358
3.296672 0.4567634
2.965811 0.4160061
2.866288 0.4178762
2.733384 0.1897204
2.556881 0.3267781
2.998119 0.2709027
2.763557 0.4119504
3.21337 0.02402739
3.309911 0.1460762
3.723951 0.3065565
2.999713 0.1497042
2.876168 0.02645499
2.822439 0.276535
3.14294 0.4198413
3.383084 0.3082654
2.831612 0.2467435
3.414725 0.3044363
3.065734 0.4183612
3.054987 0.1837466
2.706892 0.2492432
3.121041 0.2796976
2.72437 0.170867
3.391547 0.3722853
3.095376 0.06117317
2.874185 0.3181371
3.291986 0.05358996
2.790741 0.4782836
3.159876 0.4986349
3.322714 0.3765637
3.814461 0.2056215
3.338404 0.3529462
2.804288 0.3954208
3.212157 0.2302132
3.971873 0.4271304
3.418403 0.4761377
2.762302 0.08603434
3.544908 0.04858464
2.800642 0.09626514
2.944736 0.2172354
3.252302 0.3312804
2.708367 0.4437612
3.521795 0.1021476
3.017005 0.2502599
3.229567 0.4962009
3.256273 0.4739649
3.190466 0.2489703
2.925323 0.2678907
3.16268 0.3932859
2.507663 0.3926058
2.798184 0.2726396
3.319506 0.327545
2.832449 0.4383851
3.141719 0.3655724
4.01181 0.2463118
3.586133 0.2377694
4.320344 0.3821057
3.112005 0.4635547
3.306426 0.1817352
3.043905 0.4322002
3.103938 0.06781172
2.854392 0.2052822
3.925601 0.1282021
3.012339 0.4901999
3.752137 0.3342013
3.310289 0.1155262
3.437393 0.1050603
3.244473 0.460517
3.001279 0.2767072
3.374527 0.2671901
3.290186 0.05685056
3.226796 0.4780615
2.732789 0.1862884
3.486069 0.2810869
2.936334 0.1168814
3.695656 0.0734422
3.264831 0.3099609
3.382877 0.4024
3.241683 0.4380157
4.135507 0.07732443
3.431588 0.2732197
3.05018 0.09385811
3.166562 0.4828163
3.494148 0.1939732
2.903661 0.3437926
3.134331 0.05738925
3.219032 0.2798445
2.85811 0.2663886
2.956523 0.2704423
3.057164 0.2072792
2.562538 0.4998813
3.268261 0.04719357
3.308225 0.3718958
2.65155 0.1840437
3.130864 0.3260517
3.246466 0.1471038
3.489464 0.3869102
2.942785 0.1899445
3.075928 0.3254306
3.065953 0.2508026
3.083415 0.4778321
2.502678 0.2624292
2.842099 0.3596597
2.678017 0.4243334
3.147766 0.2654141
3.167086 0.1583188
2.653158 0.4051182
2.989572 0.3739415
2.586067 0.3951668
2.726013 0.3668836
3.35434 0.2214632
2.515944 0.2680539
2.649702 0.4308166
2.706477 0.4868187
2.864608 0.3261393
3.250619 0.2174985
3.091337 0.3341868
3.193965 0.09440346
3.050602 0.1457802
2.814258 0.4212536
2.885981 0.04475893
2.654642 0.3733027
3.132197 0.4003129
2.320507 0.3057941
3.157042 0.1048444
3.468007 0.228151
2.598482 0.47251
2.896357 0.1663958
3.427708 0.3453559
3.235542 0.2527948
2.986205 0.3151508
3.055084 0.2296624
3.024732 0.1714296
3.290608 0.4923509
2.733252 0.4563765
2.678816 0.4057345
2.657047 0.199986
2.88183 0.1918889
3.39212 0.09908079
2.86119 0.1338154
3.15801 0.2525439
3.447203 0.2151182
3.410569 0.4880288
2.761455 0.4125809
2.807961 0.4668203
3.249771 0.4872729
3.06433 0.2519673
3.157444 0.1552596
2.900433 0.3668258
3.093759 0.4773257
2.995866 0.1834765
3.381176 0.03223441
3.280985 0.4347248
3.094259 0.2871669
2.828161 0.148972
2.851464 0.4647934
2.5415 0.1455047
2.97919 0.1534023
2.661231 0.2912652
2.472208 0.2459089
2.632706 0.3733731
2.971783 0.1709094
3.449559 0.4561957
3.200007 0.4977784
2.701591 0.3415633
3.154534 0.2647144
2.731323 0.4350451
2.792453 0.10499
3.047516 0.2420932
3.239448 0.4531021
3.059255 0.3705445
3.79972 0.3876268
3.335903 0.3603603
3.513562 0.1582604
2.928323 0.3922349
2.890305 0.1724171
3.806835 0.4242952
2.958861 0.3011281
3.310998 0.3423536
3.049239 0.2417532
3.252689 0.1862078
2.836974 0.3390247
2.922126 0.3220482
3.46228 0.3803262
3.295953 0.1967578
2.782959 0.4781473
3.022177 0.4164141
2.976098 0.12814
2.673187 0.2630415
3.29432 0.3504901
3.625995 0.3186919
2.829499 0.3274016
3.633561 0.415098
3.568262 0.09869362
2.880909 0.1934125
2.626414 0.2785299
3.001157 0.4650147
2.686094 0.3371534
3.206668 0.1043956
2.741435 0.3719223
3.025678 0.3518583
2.505111 0.2142403
2.918205 0.2280166
2.971493 0.321646
2.761111 0.3518898
2.646488 0.1441607
2.830427 0.4438828
2.824477 0.4890089
3.418549 0.2081484
2.563391 0.4245715
2.564568 0.4772537
2.928763 0.3362261
3.502505 0.08270259
3.357181 0.1705457
3.310513 0.2196587
3.98925 0.1657894
3.043874 0.4966603
3.261611 0.2968436
4.042767 0.1063184
3.404531 0.2953708
3.342206 0.2184061
3.064187 0.3383104
2.945807 0.4785416
2.632389 0.3298146
2.776623 0.3332701
2.669138 0.3502108
2.838241 0.4675612
3.081877 0.4942975
3.373497 0.2039193
3.431196 0.1589955
3.246905 0.2191921
2.82358 0.2550403
3.107802 0.224048
3.029009 0.1047338
3.107443 0.3355813
3.128545 0.3229349
2.918757 0.2528439
3.090613 0.1412027
3.638581 0.2020443
3.104788 0.2086013
3.356399 0.08962057
2.843068 0.3399914
2.993282 0.2212533
2.85896 0.1953622
3.660245 0.2289047
3.212761 0.1883373
2.956292 0.2787357
2.903006 0.4085004
3.01098 0.1885566
3.142571 0.4812374
2.896165 0.3963082
3.297878 0.443924
2.597546 0.1796521
3.331305 0.4859988
2.705946 0.2314551
2.83476 0.3810519
2.948935 0.4900775
3.03376 0.1994325
3.048795 0.4477602
3.153761 0.2683795
3.122697 0.1509675
2.716984 0.2879004
2.802372 0.241508
2.523674 0.4618615
3.806574 0.3155747
2.736676 0.178186
3.089511 0.4869556
3.205835 0.2738817
2.779497 0.247175
3.729598 0.1394239
3.195339 0.4468262
3.609445 0.03943626
2.976002 0.432728
3.24369 0.04556006
3.091622 0.2781531
3.312022 0.1483032
3.518419 0.154428
3.427622 0.2452239
2.921474 0.3854559
3.052484 0.03653879
2.950156 0.3628622
2.804976 0.4445414
2.28225 0.4705782
3.052132 0.267427
2.81528 0.2976693
3.413024 0.1579663
3.487659 0.385292
3.215293 0.300962
3.002059 0.3928014
3.422805 0.2994841
2.916131 0.4498208
3.652615 0.421285
2.915347 0.3900579
2.881729 0.472685
3.155329 0.2375158
2.906568 0.1920693
2.941634 0.4940925
3.008723 0.4392598
2.853754 0.3872438
2.477723 0.3840726
2.776616 0.2609694
3.333521 0.2045009
3.989719 0.2419166
3.839761 0.2911377
3.265428 0.3761467
3.112941 0.1354445
3.090373 0.3402197
3.04293 0.4181786
2.932614 0.2741894
3.87461 0.2199911
3.567353 0.3694486
3.395967 0.4043835
3.439147 0.1273347
2.924438 0.1931186
3.189309 0.436038
3.101906 0.2315423
3.236511 0.2096243
2.606713 0.191143
3.080087 0.2694929
2.605531 0.2300996
2.721148 0.2368113
3.039718 0.4430863
2.932969 0.2808833
3.091564 0.4664469
3.295118 0.4234746
3.215632 0.2798338
3.351553 0.4385991
3.262162 0.279158
2.502832 0.2785306
3.678576 0.300814
3.107972 0.02049197
3.806897 0.4101963
3.321631 0.1170905
2.689054 0.1396024
3.151404 0.1376102
3.748145 0.4176351
2.725993 0.1966971
3.169728 0.1192522
3.316437 0.2573319
3.224566 0.154895
3.38912 0.2155574
3.9692 0.381827
3.624215 0.38991
3.209174 0.1906789
3.440412 0.1360211
3.146111 0.1159331
2.966033 0.1230346
3.16188 0.03772096
4.279435 0.3182545
3.129815 0.4651644
3.620707 0.1944736
3.083296 0.223384
3.738954 0.1721175
2.56217 0.4915441
2.843978 0.3146355
2.808235 0.0258363
2.721382 0.4777046
2.904621 0.1481616
2.902161 0.2059765
2.603299 0.3949171
2.643221 0.2033754
2.711625 0.408211
3.20908 0.4280503
2.841175 0.3209182
3.095968 0.4235297
3.264906 0.3052971
3.139689 0.2394379
2.664649 0.1274433
3.118522 0.2316271
2.996756 0.1377491
3.310649 0.2395275
2.723999 0.2006761
2.860838 0.1977977
3.210218 0.4766711
2.704444 0.4966005
3.641351 0.3350387
3.062413 0.4328851
2.797757 0.1979089
2.849134 0.4755963
2.772561 0.3743527
2.824348 0.1963853
3.14101 0.05483596
2.919528 0.272264
3.266797 0.329723
3.188884 0.2263473
3.625949 0.2759117
2.936786 0.1358047
2.779427 0.3458679
2.759387 0.1331069
3.095796 0.2784188
2.75773 0.4307409
2.784283 0.2684616
2.746785 0.4749242
3.173223 0.2706693
2.629318 0.284515
2.618298 0.237311
2.699079 0.3668534
2.792624 0.2673007
2.571039 0.2824546
3.222382 0.2504393
2.718236 0.08973462
2.541314 0.4665444
2.929402 0.4569121
2.42133 0.143282
2.830796 0.2484252
3.020842 0.3273565
3.171398 0.1361197
3.029289 0.1551065
3.46598 0.2572583
4.409794 0.2558815
3.481638 0.1882423
2.938176 0.3796905
2.925204 0.3101318
3.118768 0.2463818
2.908645 0.2843506
3.755484 0.3946384
2.593872 0.2898977
3.827551 0.1938111
3.502693 0.2943052
3.043315 0.1537241
3.528928 0.2255936
3.146928 0.4847744
3.132187 0.4033786
3.335075 0.4018711
2.584 0.3559951
2.81048 0.3131042
3.180922 0.1726794
2.57225 0.388438
2.973216 0.4576548
2.44904 0.2592736
3.609888 0.4142259
3.798532 0.2727393
3.715669 0.2587729
3.227868 0.3786856
3.32725 0.4816589
3.234101 0.1862588
2.870937 0.4815521
3.575101 0.4148557
3.120341 0.3223738
2.995757 0.156356
3.462457 0.1993667
3.564567 0.3465606
2.997762 0.1667675
4.045028 0.1084692
3.490217 0.2285254
2.950231 0.252635
3.048587 0.3111037
3.224804 0.08248207
3.553064 0.279843
3.146234 0.2356101
2.800219 0.07361259
3.232551 0.1435741
3.043197 0.2396386
3.333465 0.3557693
2.826345 0.33981
3.475966 0.3995947
2.799222 0.4591121
3.047124 0.4146992
3.168761 0.3289403
2.809309 0.08325854
3.391206 0.3950847
3.290676 0.3123931
3.551384 0.1881061
2.745826 0.292948
2.820663 0.2145194
2.458533 0.163202
2.986394 0.2357439
3.005221 0.2010749
2.792617 0.3898699
3.490184 0.1072527
3.039677 0.4490998
2.85753 0.4276077
2.742461 0.4987975
3.186271 0.4573757
3.046132 0.378039
2.827545 0.456896
2.969621 0.1463515
3.300074 0.3726895
2.609261 0.09285877
2.859917 0.08995646
2.827477 0.157334
3.539259 0.4233827
2.961684 0.1194365
3.295855 0.3407141
2.787878 0.3655971
2.688044 0.4906624
2.782842 0.2421089
3.160399 0.2992979
3.060942 0.4206783
3.175528 0.4435968
2.445189 0.4265057
2.710843 0.4884305
3.19975 0.1283163
2.96127 0.3177788
2.627617 0.3376424
2.770877 0.2637807
2.646103 0.3951589
3.136103 0.1231737
2.816919 0.3081362
2.732292 0.3337673
3.062109 0.06938014
3.075623 0.392307
2.904369 0.4033914
3.059252 0.3421035
3.20506 0.08239269
3.265116 0.09863436
2.772014 0.4584915
3.301459 0.1724938
3.187759 0.09355539
3.324964 0.1618379
3.45655 0.4105571
3.446581 0.4841808
2.810982 0.3744252
2.967368 0.4205054
2.921932 0.352877
2.852376 0.04540383
2.974644 0.1475793
2.66684 0.2540855
2.631306 0.4430652
2.693582 0.4233814
3.054569 0.3909752
2.568908 0.2615223
2.795079 0.4023353
2.938146 0.1748333
3.412075 0.4235116
2.660095 0.2953114
2.766904 0.2792719
3.058161 0.3545662
3.324902 0.1768605
2.785402 0.2601731
3.649527 0.4658919
3.121312 0.4169758
3.742252 0.2308293
2.864004 0.448016
3.877229 0.3552857
3.085023 0.4032566
3.448671 0.1575985
3.424878 0.2806866
3.839553 0.4666667
3.635176 0.08438285
3.641527 0.1806595
3.210195 0.2902428
3.232406 0.4482845
3.678334 0.3543089
3.563394 0.3371809
3.093775 0.4467996
3.600636 0.1591448
3.443946 0.1903734
3.226083 0.4978032
3.040978 0.1214276
3.017874 0.1931451
3.229043 0.4307345
2.942978 0.2303529
2.886758 0.4279067
2.931552 0.2500755
2.855665 0.3358054
3.309654 0.2480479
3.012464 0.232862
3.209271 0.2303865
3.223018 0.117991
3.341989 0.2723608
3.010695 0.4748432
2.95028 0.2702922
3.364271 0.2022586
3.169721 0.3031203
3.359523 0.1919247
3.533158 0.3066308
3.41977 0.05242345
3.541889 0.2899577
3.779875 0.2766543
3.11985 0.3518987
3.391543 0.4179537
3.679669 0.2143684
3.167878 0.3431186
3.62836 0.1111682
3.437226 0.1771875
3.545453 0.1274856
4.013307 0.3166043
3.098386 0.4031254
2.976912 0.2456082
3.485881 0.4929378
2.98081 0.4658433
3.005889 0.2721814
3.168784 0.2343123
2.893295 0.2320175
3.494361 0.2186686
3.830268 0.3552892
3.263075 0.2952768
2.926556 0.2600044
3.635744 0.3909831
3.181761 0.2009397
3.837775 0.4012782
2.867581 0.08967024
3.631581 0.239436
3.558215 0.04239767
4.169454 0.2696776
3.359219 0.1053872
3.514746 0.4883732
3.377942 0.1137165
3.343799 0.2212601
2.865417 0.2968778
2.822495 0.3256583
3.282512 0.2127776
2.655981 0.3141014
3.140547 0.3475179
3.326597 0.07485939
2.826378 0.2907993
3.100488 0.1876394
3.51123 0.2108538
2.734315 0.3457413
3.206762 0.4535087
2.981786 0.2038822
2.801332 0.2509316
2.659928 0.1791628
2.898237 0.07731411
2.796964 0.1232414
2.698242 0.2135018
3.422597 0.3611711
2.716476 0.4247338
2.933889 0.2548576
3.125007 0.4814217
3.577293 0.3766845
3.037907 0.3421065
3.418054 0.3723228
3.702014 0.233691
3.507547 0.3027839
3.057744 0.2073277
2.930612 0.1603039
3.163538 0.2682842
2.943324 0.08084581
2.903874 0.4300669
3.577584 0.03970315
3.643573 0.1705303
3.794817 0.2374035
3.624322 0.4119889
2.781602 0.2419706
2.990455 0.08118812
3.271775 0.3640104
3.158899 0.4582278
3.510174 0.1748556
3.233158 0.3776587
3.072246 0.2084081
3.232176 0.09445602
2.941634 0.4974336
3.129873 0.2439282
2.747613 0.1608597
3.200457 0.4669826
2.724796 0.08283998
2.415342 0.4802623
2.798623 0.2848394
2.57855 0.4564969
2.701238 0.4624496
2.824862 0.4689925
2.606658 0.4348015
3.052123 0.09770869
2.8167 0.4734249
2.653863 0.4167687
2.698814 0.4146404
2.607406 0.4844665
2.839559 0.3056624
2.886528 0.1562261
3.475906 0.3720952
2.982875 0.3332473
3.207216 0.468292
2.862552 0.3459018
2.625898 0.2623145
3.381485 0.3008696
3.047215 0.220487
2.66957 0.4161709
2.386979 0.3673208
2.567125 0.2911125
2.768204 0.304821
2.509814 0.4261911
2.561128 0.2423014
2.926555 0.2847572
2.984934 0.1325393
2.625629 0.1445699
2.360671 0.07531241
2.768891 0.02927487
2.63726 0.3193043
3.09817 0.09971463
3.349508 0.1956592
2.811193 0.2395129
2.999989 0.3140315
2.456419 0.3130725
2.902893 0.2362027
2.805845 0.2054459
2.749787 0.3422552
2.729735 0.3744707
2.527684 0.3264187
2.524132 0.2856383
2.315111 0.3833374
2.430783 0.3174995
2.819064 0.3838656
2.884753 0.1120561
3.063043 0.2899013
3.128156 0.3154226
2.852473 0.2707693
2.854569 0.3544115
2.853809 0.1357156
2.92143 0.2421662
2.804019 0.1184815
3.180271 0.2080467
3.510361 0.1523937
3.078108 0.4970542
3.204755 0.3985668
3.310804 0.4481127
3.527639 0.03468333
3.650374 0.2226017
3.848392 0.2677823
3.144018 0.4714262
3.011285 0.4309433
3.01918 0.3574913
3.403522 0.4951682
4.010512 0.4141442
3.268186 0.3731598
2.735912 0.4906814
2.980461 0.2601949
2.56835 0.3969891
2.699598 0.2148983
2.967373 0.1300815
2.476485 0.2225976
2.652549 0.3773947
3.034141 0.4518797
3.143578 0.3492895
3.1019 0.1729531
3.165863 0.4757222
2.936942 0.3503734
2.950029 0.2779596
3.899734 0.0224314
3.030682 0.2119867
3.92241 0.330995
4.009926 0.2186213
3.280469 0.3112531
3.416408 0.488218
3.162741 0.05648359
2.541289 0.338019
3.748901 0.3487392
3.38681 0.426008
2.49914 0.3828127
3.167185 0.07643622
3.100845 0.4290899
2.834236 0.2629452
3.297941 0.4087202
3.251195 0.4485813
4.019939 0.3588376
3.089187 0.06400978
3.323014 0.1483727
3.469672 0.124296
3.250934 0.3721209
3.291067 0.151595
3.484995 0.1068697
3.411128 0.08620458
3.126147 0.4591265
3.057166 0.4079652
2.851871 0.1873103
3.207668 0.2820633
3.291778 0.230199
3.504422 0.155232
3.508879 0.2694038
3.219953 0.03062417
3.32444 0.3363351
3.655575 0.153013
3.054508 0.4544343
3.270213 0.07082842
3.386452 0.4810446
3.37656 0.4989823
3.397946 0.1419663
2.609807 0.4836194
3.414113 0.2402723
3.462778 0.2545956
3.213234 0.4823757
3.430333 0.4007729
2.901019 0.4039863
3.036396 0.4757846
3.352819 0.2680634
2.768041 0.4747789
3.767791 0.4791777
2.821877 0.2298025
3.052936 0.2876723
2.803522 0.314417
3.342219 0.2813681
3.439274 0.3342832
2.90598 0.4357623
3.268607 0.1197747
3.035619 0.1448992
2.846884 0.4410919
3.70556 0.2136245
2.641977 0.1744965
3.281263 0.471378
2.995507 0.474599
2.758829 0.1259858
2.87291 0.2181513
2.838615 0.1874199
3.280684 0.02010216
2.689946 0.446212
2.978414 0.14741
2.881961 0.07938414
2.410347 0.2617675
3.183519 0.1925656
2.85923 0.2694889
3.196809 0.2337659
3.259274 0.215517
2.642174 0.1914744
3.051855 0.3840024
3.278915 0.4963953
3.449619 0.4403482
2.816784 0.2742672
2.947669 0.05847482
3.148979 0.169811
2.838003 0.03920823
2.616869 0.3932342
2.575824 0.4445816
2.69035 0.2366203
2.935769 0.355963
3.422894 0.1814131
3.812062 0.31728
3.875896 0.3958086
3.549417 0.3164378
3.53179 0.1592837
3.306722 0.4175721
3.467905 0.3253692
3.001166 0.3205247
2.578763 0.3631544
2.776542 0.1262798
3.367331 0.3598938
3.027933 0.2935079
3.055468 0.1163566
2.80988 0.1764818
2.518281 0.1047922
3.132666 0.4272837
3.014682 0.3284417
2.980751 0.2124394
3.075275 0.1638518
2.825347 0.2918793
2.916877 0.3917217
3.200136 0.4870909
2.465166 0.3267703
3.026383 0.1919429
2.842148 0.3617837
2.586171 0.173731
3.040858 0.2054473
3.28428 0.1421172
2.860314 0.3757225
2.545869 0.2314737
3.226091 0.3349861
2.772809 0.4348132
2.638442 0.2014051
2.459574 0.277531
3.732112 0.2732692
2.897519 0.2076121
3.150248 0.219443
3.257942 0.1290982
3.420524 0.2322987
2.923378 0.1821191
3.076457 0.4344983
3.391931 0.3196526
3.211477 0.3362645
3.788247 0.1028619
3.761388 0.3100973
3.174935 0.2480173
2.81449 0.3613174
2.95056 0.3558112
2.815992 0.02059809
3.284729 0.4394327
2.735221 0.1400709
3.211551 0.1213085
3.43809 0.2977482
3.152487 0.1371169
2.8955 0.3699361
3.296763 0.3449788
2.977006 0.402018
2.608249 0.152919
2.291461 0.3614368
3.721372 0.05955247
2.858052 0.1204717
3.347403 0.154245
3.361132 0.2735716
2.929945 0.1104529
3.513792 0.473198
3.066751 0.2602099
3.482031 0.1995343
2.41306 0.2240145
2.718222 0.2751838
2.392293 0.2354013
2.720251 0.4762001
2.844841 0.2703611
3.228933 0.4955083
2.837323 0.1282219
3.524748 0.4916494
2.882642 0.1637594
3.76904 0.1215485
2.548213 0.3626006
4.816885 0.03848775
3.609598 0.4554137
3.581374 0.3852989
3.242153 0.1529547
3.412996 0.2264144
3.21073 0.3060733
3.441878 0.2382821
3.43022 0.4782983
3.463513 0.4580082
3.39723 0.2038337
3.180283 0.1572902
3.614165 0.4544894
3.201945 0.0651521
3.080057 0.4491638
3.126466 0.4264555
3.768722 0.1740974
3.283632 0.3654969
3.01703 0.2373188
3.265049 0.2410596
2.999438 0.05254481
3.007171 0.2651264
3.460322 0.4743975
3.243489 0.2176211
2.977422 0.08687342
3.211288 0.06750125
3.92035 0.1749332
3.706096 0.3901232
3.220663 0.4058187
3.170871 0.2088132
3.10989 0.285779
3.158471 0.2930099
3.085653 0.2249636
3.15897 0.4926593
2.813219 0.2797142
3.090603 0.2093245
2.94082 0.2161005
3.211128 0.3328393
3.066576 0.4279672
3.072874 0.06977388
3.257446 0.4112273
2.683 0.4555688
2.759151 0.301086
2.610722 0.2582926
2.670133 0.2647531
2.9075 0.2330053
2.780414 0.0903422
3.16573 0.150514
3.716949 0.3121367
3.681848 0.4981025
3.600463 0.3718709
3.255417 0.4099854
3.218501 0.2921439
3.170617 0.1471624
3.343947 0.1799659
3.000424 0.1013313
3.703713 0.3930065
3.257307 0.09862153
2.903721 0.4836657
3.595532 0.3106331
3.820359 0.321205
3.550908 0.2500745
2.915897 0.478644
3.95395 0.2395758
3.378258 0.4528021
3.165511 0.2467338
2.659555 0.1805705
2.897282 0.2872517
3.105893 0.2275805
2.971283 0.1982461
2.868711 0.2670171
3.075568 0.1949599
3.115276 0.3961696
2.96713 0.4629051
2.946214 0.3052612
2.645288 0.3053887
3.023651 0.07517598
3.079088 0.4547769
2.815733 0.1618771
2.691859 0.2498849
2.934791 0.1177526
2.802475 0.2292606
3.33365 0.4946848
3.49463 0.2082949
3.484966 0.2056831
3.65509 0.4511973
2.75662 0.4417527
2.981409 0.05838696
2.978285 0.3502843
3.014226 0.3520768
2.739396 0.1791234
2.86415 0.4538188
3.425055 0.1477567
2.99511 0.4581992
3.311576 0.3409464
2.581997 0.1887126
3.029316 0.07062225
3.36975 0.2942041
2.740563 0.1262858
3.109332 0.1658795
2.7182 0.3458894
2.716273 0.06668624
2.873833 0.3759476
3.07118 0.3683679
3.103645 0.1579739
3.493364 0.3687349
3.075615 0.3114865
3.196812 0.1769582
3.373041 0.2116851
2.54735 0.2927292
2.85944 0.2370279
3.51188 0.4863974
2.97426 0.2031776
2.880609 0.4210297
3.6414 0.3471226
3.401763 0.4685001
3.163961 0.09334655
3.093216 0.4118267
2.50959 0.4419084
3.493129 0.4261769
2.743083 0.4986146
2.870635 0.3019317
2.994707 0.3448697
2.821778 0.3886092
2.793448 0.4524461
2.924112 0.3116857
2.821168 0.3354305
2.718677 0.166328
2.500583 0.3450305
2.892571 0.1692884
2.776953 0.3146069
3.079041 0.17242
3.185892 0.1360605
3.246534 0.396171
2.412484 0.329797
2.715397 0.1289446
2.718506 0.179642
2.746372 0.1531368
3.541183 0.2777204
3.086065 0.08346311
2.574058 0.3341297
2.365579 0.4757491
2.722388 0.2441581
2.668445 0.2130479
2.302179 0.1831852
2.683786 0.1997962
3.230065 0.09365216
2.94892 0.1277621
2.740725 0.4691286
2.790991 0.2844844
2.981746 0.2080539
2.538014 0.2724664
2.373443 0.1069543
2.909297 0.2035944
2.475827 0.4805813
2.714365 0.1542572
2.516998 0.2664381
2.449736 0.2582526
2.645398 0.365043
2.931758 0.1711226
2.619069 0.3098482
2.991511 0.05414473
2.910661 0.4539381
2.829814 0.4295865
2.833569 0.1704982
2.852531 0.3506994
2.542269 0.4453525
3.116615 0.1102051
2.453881 0.1415454
2.840312 0.4094908
3.149137 0.220347
3.01831 0.2754615
3.201407 0.4783933
2.72332 0.3508776
3.032999 0.3942946
3.085826 0.3249011
3.254738 0.2192961
3.31872 0.45178
2.965242 0.2649569
3.273992 0.1098373
3.022628 0.1376962
2.960261 0.4774313
3.070619 0.2372588
3.32385 0.3441962
4.001521 0.3791119
3.210934 0.2840191
3.33424 0.1690119
2.827498 0.224348
3.108898 0.4237497
3.516689 0.3211538
3.490253 0.4868494
3.20675 0.0594044
2.76023 0.3999022
3.502005 0.3160947
3.085502 0.3318142
3.042425 0.4145953
2.795082 0.3802432
2.612347 0.3709735
2.645992 0.262546
2.702895 0.3945038
2.767399 0.3105892
2.925851 0.364956
2.699744 0.1173985
2.450927 0.362368
2.710649 0.4783199
3.042709 0.06505023
2.714378 0.3317642
3.116943 0.1578382
2.979005 0.3659801
2.744302 0.1410055
2.763697 0.1678325
2.805914 0.2552662
2.832413 0.212223
3.165599 0.491103
3.387762 0.1393897
3.21295 0.2868592
3.305762 0.1165005
3.787478 0.3426158
3.482218 0.3714004
3.182094 0.1969842
3.14038 0.3205011
4.128602 0.3356321
3.700217 0.3698451
3.335574 0.346979
3.18146 0.1562653
2.985307 0.3354864
3.199789 0.389989
3.063926 0.2769927
3.560579 0.4200833
2.971951 0.1571649
3.013445 0.06419133
2.820369 0.2933649
2.690679 0.2173203
3.306051 0.2722196
3.854899 0.09600193
3.236558 0.235132
2.99748 0.4152426
2.808316 0.1393046
3.341752 0.2315813
3.21998 0.1505961
3.297421 0.124523
3.17713 0.3297243
2.73954 0.4133802
2.721483 0.3354499
2.466535 0.387429
2.419594 0.2988299
3.192869 0.06455734
3.463827 0.09378983
3.464947 0.2320618
2.99701 0.0915327
3.142365 0.3483197
3.149287 0.1414022
2.853275 0.1598863
3.146015 0.215419
2.87197 0.3098823
3.195557 0.08794382
2.875793 0.1102849
3.141343 0.4209491
3.389426 0.3746533
3.54863 0.2105383
3.490772 0.1224605
2.594216 0.1254141
3.034196 0.4883287
3.108701 0.333295
4.347921 0.2991001
2.803125 0.05413564
3.334875 0.2132593
3.095874 0.4547478
3.487887 0.1227874
2.62905 0.4804094
2.798881 0.1330989
3.019471 0.1131526
3.439829 0.3643525
3.03989 0.05661896
2.482527 0.120704
3.024537 0.3478822
3.185372 0.2060991
3.146066 0.2819362
2.663374 0.1653864
2.87085 0.403843
3.249767 0.3608352
3.412175 0.03056916
3.348586 0.315444
3.580602 0.3680319
3.34119 0.1794637
3.146766 0.3814984
4.042903 0.1684385
3.403172 0.3133956
2.833156 0.1110542
3.519903 0.2356284
2.709324 0.2062311
3.13882 0.4005392
3.033219 0.1091449
2.818615 0.4783222
2.989255 0.2108067
3.098293 0.334772
3.234907 0.2236588
3.381186 0.4474756
2.826231 0.346266
2.698431 0.2319524
3.385393 0.3650509
2.820376 0.1793178
3.026272 0.4699416
2.970759 0.1506492
3.326255 0.3475233
3.717498 0.1613526
3.050169 0.1435222
3.072889 0.06074394
3.548705 0.3503396
3.232327 0.3307587
3.061973 0.2988653
2.922633 0.1897176
3.271563 0.4229848
3.181514 0.1473238
2.917691 0.2057716
2.902467 0.2575809
3.087098 0.3212431
2.991515 0.2425471
3.017501 0.31948
2.73601 0.1736549
2.756905 0.1612374
3.099573 0.4056121
3.161846 0.4939694
3.231695 0.3465091
3.072894 0.2027467
3.064335 0.4843485
3.065655 0.1833445
3.769127 0.1368911
3.622077 0.4988982
3.39451 0.07210933
3.138976 0.3031357
3.673233 0.1209472
3.589319 0.3364453
2.821949 0.1078685
3.157363 0.4835667
3.587027 0.4855986
3.258713 0.04238391
3.78116 0.3678941
3.635727 0.1909862
2.922069 0.2265685
3.266529 0.1504842
3.525276 0.3303282
3.909045 0.1689262
3.718978 0.4163925
3.983429 0.2878493
2.547324 0.1159118
3.704428 0.1754603
3.591527 0.3088048
2.871593 0.1528615
2.707899 0.2065189
2.75763 0.3550349
2.766184 0.2721578
2.927863 0.4870487
3.736728 0.2233932
3.156101 0.05856841
3.447773 0.3883608
3.266496 0.05349195
3.732783 0.4653477
3.346546 0.4736025
3.490317 0.4688533
3.255352 0.1694094
2.844269 0.1249775
3.089483 0.2387966
3.549553 0.4658948
4.030575 0.1073672
3.016606 0.3823608
2.906046 0.1424278
2.722149 0.2660432
2.681463 0.3192312
3.06024 0.0935215
2.606222 0.3171361
2.834312 0.08573224
2.827094 0.1894466
3.084539 0.4072991
2.938533 0.414509
2.805033 0.2345765
3.64709 0.3753102
2.692651 0.1932757
3.696139 0.3565998
2.944162 0.3521502
3.968071 0.4797346
3.717244 0.3334495
3.485288 0.09780853
3.519595 0.4819858
3.583003 0.3403736
3.183492 0.4137608
3.556185 0.3480842
2.823693 0.3369831
3.049887 0.3033933
2.918165 0.4905541
3.345579 0.4328727
3.479793 0.2918149
3.611052 0.3410736
3.052025 0.4186736
3.436057 0.3010916
2.830493 0.09547097
2.419291 0.107478
2.857876 0.2979021
2.801888 0.4938967
2.659352 0.4258549
2.975129 0.2430861
2.502603 0.4192288
2.851669 0.207925
2.568499 0.4662478
3.391159 0.02376973
3.354461 0.1179265
3.186949 0.3898622
2.760857 0.3854556
2.889738 0.2663476
3.090423 0.2903245
2.359898 0.3451491
3.027184 0.2546069
2.961455 0.192863
2.865793 0.1878263
3.612742 0.07171182
3.178007 0.1390658
3.066804 0.2064633
3.243172 0.1750305
3.613142 0.2807818
3.514152 0.2999989
3.680199 0.1304551
3.305041 0.2530684
3.20909 0.2458059
3.034334 0.3753156
3.267372 0.2677001
3.311925 0.3226019
3.267984 0.1756847
3.059833 0.3276614
3.288037 0.1855187
3.370059 0.2375098
3.54753 0.2307478
3.156122 0.3480117
3.146555 0.1557223
3.336181 0.4162177
3.486883 0.2894261
2.755372 0.2642849
2.884359 0.1720654
2.85383 0.4105607
3.063065 0.3667045
3.015303 0.2242259
3.28956 0.2056257
2.276161 0.223088
3.118091 0.2391125
2.308175 0.03027935
2.835818 0.3860223
3.260317 0.2025351
2.597884 0.4673716
3.393853 0.3743007
2.986221 0.2020761
3.326223 0.3327469
2.979757 0.2520083
2.972879 0.3884433
2.919607 0.02690916
3.191702 0.3304388
2.316678 0.3669635
2.504983 0.304084
3.04698 0.1751071
3.018426 0.3730795
3.135294 0.4194062
3.076422 0.0502719
3.9417 0.485966
2.91994 0.1595552
2.710962 0.2434193
2.897621 0.2287955
2.902224 0.2940865
2.809604 0.279042
3.257328 0.4063918
3.128574 0.4228487
2.896993 0.238372
2.897553 0.1443348
3.113826 0.03873648
3.477267 0.1145387
3.166156 0.1382352
3.172135 0.1905349
3.442816 0.3080336
3.401114 0.3687521
3.196882 0.1800031
3.890577 0.1964947
4.223884 0.2213378
3.910276 0.4527407
3.303941 0.1383284
3.140856 0.2991368
4.112414 0.4884787
3.011047 0.03492411
3.210574 0.09588483
3.198663 0.1729494
3.107592 0.3009018
3.168391 0.06092094
2.851263 0.4372399
2.521267 0.3109
3.037631 0.3026066
2.593679 0.3835041
3.583402 0.202311
2.377312 0.4051405
2.90006 0.2947787
3.213648 0.2905464
3.022721 0.1526666
2.309135 0.2236167
2.878167 0.392193
3.015998 0.0753463
2.996657 0.4002827
3.051355 0.1706635
2.815433 0.1771128
2.818883 0.4765738
3.075059 0.3834695
3.394122 0.1691938
2.980829 0.4862596
2.8801 0.1178734
3.321722 0.1091764
3.549229 0.1886452
3.263145 0.3302325
3.883603 0.2490596
2.975421 0.04688578
3.305721 0.2735028
2.754124 0.2165173
3.507436 0.3276412
3.09466 0.2253723
3.457569 0.1823082
3.437818 0.3006553
3.224668 0.4750016
3.26669 0.4077051
3.133542 0.3462995
3.613746 0.1656162
3.068142 0.4990832
3.108674 0.3730122
2.761502 0.1975641
2.693445 0.4665064
2.829766 0.3725887
2.755136 0.2761631
3.039779 0.2070314
2.542366 0.4510211
3.453562 0.3161558
3.067764 0.4086865
3.006359 0.318443
3.350729 0.2167537
3.318579 0.3740964
3.089937 0.4255613
4.007358 0.4695583
3.580774 0.3929592
3.561475 0.2874444
2.892445 0.204685
3.117992 0.2302423
3.45001 0.4401374
3.389566 0.4005509
2.964534 0.3219876
3.434434 0.224433
2.713215 0.3772549
2.671725 0.317926
2.736446 0.2684775
2.641681 0.4115703
2.692724 0.3881844
3.364245 0.4178399
2.937623 0.1500543
3.289469 0.2450434
3.084466 0.3690634
2.66139 0.1956634
3.382403 0.3216299
3.103304 0.2507841
3.137151 0.2389147
2.985726 0.224031
2.874835 0.1526183
3.73883 0.4539403
4.236172 0.4790501
3.259034 0.4353862
3.194382 0.2658384
3.677808 0.3964115
3.354076 0.3425888
3.612201 0.3077918
3.69123 0.2721942
3.021398 0.2218129
3.102616 0.08976552
3.327613 0.1010605
3.311577 0.2307952
3.299137 0.06430512
3.232731 0.4752955
2.893902 0.2343342
3.042268 0.2643429
3.265043 0.08245562
3.273096 0.260912
3.350257 0.07043181
3.444787 0.2639033
3.504188 0.4495523
2.911634 0.4487964
3.51814 0.3275351
3.460553 0.1536051
2.907588 0.4352814
2.819759 0.3286827
3.243545 0.3063485
2.821914 0.4664207
2.918947 0.3493383
2.852366 0.1194411
2.447361 0.2387772
3.435582 0.4236675
2.600139 0.4593051
2.930029 0.3219601
2.829272 0.1718048
3.155739 0.2821276
2.384967 0.1462229
2.840071 0.07895936
2.82825 0.3426601
2.685071 0.2449543
2.254198 0.4105113
3.113305 0.3273944
2.980143 0.4193822
2.419331 0.3276871
2.896084 0.3686824
3.210935 0.293013
3.143051 0.1897591
3.066441 0.2670494
3.527312 0.2419542
3.002909 0.3640917
3.123477 0.3735565
3.7335 0.4030491
3.263112 0.2850622
3.418763 0.3718154
3.228065 0.4133177
3.585096 0.3574326
3.321556 0.4189418
3.478962 0.1613302
2.704153 0.3748997
3.065552 0.1480979
2.919612 0.2663161
2.675309 0.1482865
2.790729 0.1639649
3.207103 0.3496844
2.60869 0.3370376
2.648655 0.2921292
2.490968 0.2849422
2.78592 0.3701907
3.339326 0.3593862
2.718163 0.2033723
2.643738 0.1319975
3.026459 0.4646454
3.049915 0.3716585
2.422683 0.2417299
2.983833 0.1252013
2.785881 0.1918226
3.559955 0.08457521
3.826397 0.1527739
3.634622 0.08860595
3.184236 0.3040744
3.041556 0.03532386
2.874727 0.3691828
2.901758 0.3485945
3.031214 0.4822124
3.133276 0.2568074
2.985568 0.1423115
3.15883 0.1597095
2.772447 0.2320549
3.152761 0.4494646
3.320088 0.2989483
3.196172 0.09550124
3.409384 0.2180737
2.792239 0.1205923
3.270749 0.1083757
2.894768 0.3321517
3.026102 0.4974994
2.926421 0.4217864
3.144904 0.4475753
3.300357 0.1483988
2.572331 0.02487973
3.309746 0.0428282
2.590123 0.1541955
2.640173 0.3168358
2.850307 0.4627511
3.002957 0.3771841
3.203528 0.1516606
2.853891 0.1775693
2.949021 0.1658964
2.695913 0.1481918
3.166783 0.3136473
4.060422 0.08941035
3.085791 0.2822606
2.888237 0.2471551
3.018692 0.3294161
2.899258 0.3555455
2.923171 0.1970883
3.102473 0.2531024
2.704287 0.4068986
3.000582 0.2497224
2.464153 0.3677737
3.079101 0.4915797
2.580715 0.4409912
3.563507 0.2160539
3.081099 0.1919065
2.954963 0.2820945
3.210612 0.48093
2.974301 0.3406967
3.156934 0.3517004
2.800625 0.1436701
2.889853 0.1856854
2.717396 0.4644557
3.1047 0.3598769
2.692396 0.2218991
3.448204 0.2807187
2.832472 0.09017646
3.107916 0.2158649
2.536178 0.02874601
2.774605 0.1649645
3.092252 0.4239032
2.95809 0.09005148
2.778719 0.3611084
3.059286 0.2428496
3.378145 0.4055128
4.091197 0.08176769
2.994158 0.1968066
3.343877 0.4023233
3.253908 0.4485543
2.96414 0.4088616
3.128761 0.3599308
2.986211 0.2866374
3.176184 0.4136386
3.46397 0.3346913
3.271252 0.4908517
3.166552 0.272364
3.11479 0.1773483
3.429301 0.2265029
3.663394 0.2135362
2.837366 0.2466807
3.045242 0.1598349
2.98305 0.2474899
2.657049 0.1582409
2.856988 0.3205737
2.974032 0.2908136
2.996355 0.09515811
3.198063 0.4342785
2.798473 0.451362
2.953831 0.1880228
2.828281 0.1750493
3.014663 0.370811
2.611079 0.3473985
2.548891 0.2084575
2.83261 0.3844878
3.249526 0.3410093
2.888916 0.3610218
3.082601 0.4701638
3.215259 0.334763
3.220794 0.02459688
3.122272 0.3911158
2.821261 0.3535834
3.003367 0.1495311
3.087775 0.475192
2.614882 0.3402736
2.457242 0.2458087
2.334641 0.3580164
3.119166 0.3841762
2.520133 0.4545977
3.056935 0.2089751
3.044473 0.1407729
3.170839 0.3318988
3.289516 0.2204275
3.11502 0.3748556
3.794042 0.4491152
3.192356 0.262265
2.917041 0.3429638
3.572358 0.386332
2.919491 0.4044221
3.225454 0.212846
3.869283 0.2205707
3.234258 0.2639563
3.093426 0.2013107
3.527528 0.2017488
3.140024 0.23203
3.172275 0.4422902
2.772628 0.2454254
3.033313 0.0613888
2.727291 0.4736123
3.121244 0.09750398
2.782363 0.4726111
2.357574 0.403034
2.78817 0.3096042
2.919827 0.2766913
2.501497 0.4288949
3.233384 0.2313842
3.298945 0.1072696
3.094265 0.3916203
3.107197 0.378347
2.680566 0.4398621
3.313659 0.4206937
3.34093 0.2457905
3.529201 0.2187733
3.112378 0.4846566
3.180279 0.2899079
3.061095 0.4623241
3.211238 0.4523992
2.822328 0.2301316
3.824019 0.3386651
3.137718 0.3075039
3.12817 0.2688177
2.514721 0.339808
3.560347 0.1452492
3.615215 0.3988156
3.180265 0.3081232
3.326816 0.260012
3.35552 0.1634004
3.290547 0.2388821
2.760316 0.3478213
3.569788 0.1855427
3.662194 0.4760932
2.522447 0.441861
2.873759 0.2671283
3.135187 0.28451
2.972493 0.3870371
2.708549 0.3309871
2.763846 0.2201433
3.070496 0.1611422
2.908802 0.2239424
2.47068 0.1776062
2.471377 0.1651738
2.567816 0.2678289
3.28876 0.1809972
2.564342 0.2469421
2.228299 0.2628345
2.817759 0.3553216
2.5969 0.4815133
2.506667 0.02843007
2.71782 0.4872359
2.917344 0.1526033
2.975356 0.4628594
3.29274 0.3300142
2.709497 0.3605322
2.933749 0.2752379
3.101406 0.2021973
3.284099 0.4173747
2.985106 0.2627379
3.472277 0.3682668
2.616568 0.4077704
2.580535 0.2235236
3.081967 0.3307461
2.863105 0.3226934
3.057534 0.1583472
3.211381 0.390342
2.872261 0.1014343
2.873207 0.2114217
3.001123 0.293048
3.059384 0.1948846
3.312082 0.08129542
2.780362 0.2057669
3.426603 0.1564589
3.0104 0.3573009
3.030498 0.194378
2.859027 0.397663
2.879414 0.0336582
2.790932 0.3875958
2.993229 0.1479501
3.079937 0.3892186
3.107658 0.3350701
3.497143 0.176543
3.270569 0.482676
2.70125 0.2709623
3.549099 0.2596605
3.707274 0.2507321
3.175054 0.4354108
2.926768 0.4787504
3.066388 0.3861713
2.980093 0.1068103
2.990464 0.1648834
3.400963 0.3371408
3.543924 0.2878641
3.666797 0.315524
3.505095 0.4136208
3.408659 0.2262983
2.859807 0.4709131
2.584568 0.1548893
2.934582 0.1459046
2.938769 0.116838
3.083618 0.2010194
2.836952 0.305137
2.707539 0.1257306
2.664933 0.4339027
2.956263 0.2264818
3.123036 0.1859729
2.859453 0.160607
2.831762 0.3563912
2.922749 0.3798651
2.871406 0.2468726
2.776559 0.3630894
2.592278 0.4548375
3.067267 0.4146699
3.053691 0.4426708
3.092993 0.06403415
3.608289 0.2744311
3.308837 0.3213055
3.329309 0.274393
3.051886 0.4056171
3.65339 0.4274819
2.999527 0.2618119
3.020952 0.4346716
3.042524 0.4664622
2.574562 0.138967
3.334901 0.4095088
2.821854 0.4520526
2.625013 0.135734
3.150168 0.3563559
2.678846 0.2946411
2.781778 0.0482703
2.589801 0.4318412
3.134824 0.1885192
2.924203 0.2785577
3.099299 0.2201042
2.79606 0.3778406
2.51889 0.4152197
3.305322 0.2071622
3.236703 0.3987839
2.844199 0.4554
2.838853 0.4231055
2.939453 0.4245019
2.840518 0.1188037
3.183153 0.1966597
3.224236 0.2523019
2.606063 0.1665376
3.290493 0.1287431
3.729264 0.2638763
4.075868 0.1063571
2.87483 0.3499441
3.029481 0.2706677
3.693671 0.4143298
3.216969 0.1370685
3.056876 0.3494852
3.08754 0.3563525
3.322349 0.3908854
3.003892 0.3426093
3.513438 0.3695232
3.103913 0.2147127
3.122886 0.4186673
2.789892 0.204721
3.405364 0.3130488
2.811731 0.4059589
3.167308 0.2002013
2.83481 0.1125453
2.92189 0.3643063
2.451703 0.1765589
2.608977 0.2587539
2.476931 0.2570972
2.52617 0.2028979
2.950676 0.297678
2.938817 0.4512493
2.949551 0.4549695
2.600081 0.4779417
2.996057 0.4389743
2.933512 0.138068
3.421092 0.3028751
2.920313 0.499236
2.92838 0.2838924
3.561546 0.08379985
3.746686 0.44072
3.385858 0.4299603
3.320329 0.2527928
2.628872 0.1123997
2.633218 0.445729
2.318741 0.3994248
2.268931 0.1889231
2.70118 0.3254905
2.746417 0.4031209
2.560345 0.2454944
2.529516 0.3241724
2.411276 0.4189207
2.515088 0.09172398
3.181446 0.07918118
3.263 0.4671515
3.135993 0.3230989
2.669317 0.3734051
2.687179 0.492003
3.147257 0.2086969
2.908261 0.4618253
3.047786 0.4607201
3.11021 0.4462501
3.244106 0.104153
2.940472 0.2261901
2.998357 0.06596265
2.805122 0.0973769
2.541094 0.05195658
3.185024 0.3867869
2.607075 0.1130745
3.002109 0.2366571
2.842654 0.1651994
3.263698 0.1464432
3.527307 0.4983352
3.277264 0.1153116
3.984216 0.3798
3.418767 0.1382985
2.615781 0.06678892
2.769795 0.1115921
3.216193 0.3115704
2.687249 0.4257001
2.773682 0.2685631
3.426263 0.4457397
2.994318 0.3339353
2.98856 0.3519257
2.812245 0.4484093
3.601504 0.4304875
3.093387 0.3632494
3.120786 0.1562127
3.385936 0.1259843
2.929943 0.4689489
3.511899 0.4287704
3.073584 0.1522501
3.163235 0.2524929
2.894255 0.4197169
3.392788 0.490866
3.318717 0.2907862
2.901719 0.2709087
3.178176 0.3338144
3.387934 0.3975658
3.630186 0.4918846
3.210488 0.2717974
3.814926 0.03432419
2.856183 0.2575336
3.179415 0.3520448
2.969623 0.1067491
3.123371 0.03612753
3.185676 0.428454
3.150035 0.2586734
3.550716 0.4705273
3.058007 0.2623883
2.750353 0.4453488
2.676727 0.335731
2.684978 0.2312184
3.322072 0.03992485
2.923537 0.2308597
2.860486 0.244655
3.578643 0.4964184
2.568935 0.3762482
2.621285 0.302931
2.943271 0.1093823
2.674483 0.4618546
2.658238 0.2961234
3.187501 0.2802195
2.569522 0.4434937
3.054262 0.2489544
3.010899 0.2324496
3.476229 0.3499295
3.464253 0.1368157
2.960228 0.397787
3.177814 0.2860109
3.025617 0.2420837
2.859324 0.05535635
2.876673 0.2889339
2.658343 0.2227385
2.829976 0.462432
3.053334 0.4231948
2.549176 0.1292753
2.965659 0.4094985
3.235139 0.2534022
2.699769 0.1661299
2.474949 0.1544894
3.07953 0.127019
2.967675 0.3928118
3.136807 0.3996342
3.46767 0.4400376
3.300751 0.3483581
2.571547 0.3227509
2.759569 0.2910081
2.672039 0.4670766
3.233998 0.1631508
2.851533 0.2011365
2.661996 0.2043293
2.363602 0.4361358
2.792208 0.03995126
3.061743 0.4194415
3.180426 0.2982783
3.06531 0.4773641
2.825918 0.1026389
3.172158 0.2889095
3.38967 0.4406814
3.133361 0.4633634
2.968133 0.3467014
3.242622 0.219328
2.820936 0.4955594
2.590549 0.4474434
2.613058 0.4426723
2.805524 0.2919171
3.007349 0.1028222
3.101465 0.3316289
3.155748 0.217337
3.462853 0.4530973
3.819007 0.1213615
3.080571 0.371597
3.165432 0.2867879
3.33906 0.05215238
3.070221 0.3270141
3.088578 0.2099355
2.949526 0.1079043
4.064446 0.4722276
3.421557 0.3021138
3.123012 0.4733439
3.115045 0.4362124
3.020767 0.07346521
3.077231 0.4486957
2.618777 0.1230973
3.04203 0.3949641
2.773098 0.3507888
2.812259 0.1924196
2.767636 0.1918534
2.633621 0.11789
3.077609 0.1471453
2.931259 0.1956741
3.386396 0.08478918
3.026391 0.1267417
2.658795 0.1662079
2.910517 0.3841071
3.156526 0.2560212
2.965627 0.1801542
3.018024 0.1292416
2.85783 0.4311138
3.084443 0.230065
4.059784 0.214994
3.266259 0.4685641
2.707511 0.07025367
3.151802 0.4486623
3.335581 0.2043167
3.118668 0.4471311
3.440664 0.3886782
2.767346 0.2018598
2.970257 0.4265137
2.970606 0.1284831
2.827543 0.3294411
3.80772 0.2931966
3.328607 0.2522079
3.042595 0.2983814
3.131805 0.3006098
2.660779 0.1390507
3.105404 0.2256322
4.073629 0.4044588
3.189543 0.3717645
3.715679 0.288413
2.648384 0.3786781
3.996337 0.2790071
3.277718 0.243254
2.638598 0.1905203
2.3184 0.4852052
2.833778 0.03904988
3.421592 0.2921518
3.221104 0.1241648
2.785341 0.3759467
3.47652 0.2911848
3.323636 0.4985068
3.060733 0.1933952
3.121888 0.317985
3.519488 0.3171021
2.831145 0.3251047
2.893562 0.2007599
2.76332 0.02240779
2.698244 0.4343529
3.073678 0.1112876
3.085251 0.439972
3.296996 0.1783258
3.436828 0.3715779
3.007513 0.3382384
3.012461 0.3869904
3.355542 0.230042
2.884568 0.4645204
2.985632 0.3590057
3.317996 0.3000101
3.049626 0.2634168
3.281155 0.2068534
3.22093 0.4547129
3.375044 0.1232391
3.011562 0.3139076
2.796512 0.2525789
3.074532 0.4592816
2.655125 0.4785697
2.619559 0.3226951
2.945729 0.2334201
2.826061 0.06445726
2.632643 0.1586811
2.706226 0.3719671
2.571651 0.4172373
3.027861 0.1283341
2.994417 0.09507184
2.343581 0.4465313
2.754932 0.401636
2.46496 0.1544239
2.566862 0.4361747
3.091383 0.3043176
3.345834 0.2335259
3.017231 0.2581093
3.169182 0.4849746
2.594303 0.3275265
3.223641 0.2962158
2.905467 0.3965084
3.90742 0.2888222
2.222342 0.2424014
2.77144 0.09965018
2.690997 0.2654364
2.851388 0.3474801
3.05168 0.3275121
3.090703 0.1241566
3.012729 0.3898065
3.4032 0.2164033
3.000889 0.1077126
3.730364 0.4871309
2.77755 0.07209624
2.977691 0.08274268
2.992127 0.02833598
4.006352 0.05455377
3.649755 0.3425595
3.172028 0.30128
3.102521 0.3507314
3.456299 0.1104411
2.974558 0.3140917
2.878968 0.4357894
2.919506 0.3220045
2.560372 0.2761124
2.9854 0.4415141
2.715806 0.2952708
3.385545 0.3976282
3.195678 0.3295316
3.812089 0.4622335
3.92305 0.2105643
3.91666 0.1860428
2.61207 0.1407621
3.196748 0.3449691
2.802293 0.3901351
2.715943 0.3676294
2.738528 0.378983
2.89775 0.4638088
2.78698 0.2083727
3.32618 0.3345573
3.34831 0.279094
3.563339 0.1209472
3.335583 0.2770548
3.598408 0.4162802
4.152363 0.1300688
3.327945 0.2127002
3.479695 0.2220358
2.965838 0.2068894
2.650001 0.4768494
2.935762 0.2556631
2.476467 0.05676066
2.679233 0.1649104
2.792938 0.3409876
2.780503 0.4958678
2.834437 0.1090299
3.112455 0.3713896
3.155996 0.3082326
3.813768 0.03099717
3.366664 0.3075906
3.353927 0.2691031
2.874932 0.4614539
2.714881 0.2159068
3.176251 0.1044883
3.123696 0.4500684
3.160902 0.2946336
3.431713 0.3004234
2.91027 0.2919422
2.972059 0.2600734
3.316359 0.4540103
2.789364 0.157689
3.514564 0.2084299
3.971869 0.4394474
3.047478 0.08370423
3.54922 0.3545166
3.241728 0.400234
3.399229 0.1717861
3.449137 0.1246269
3.312395 0.4750244
3.594942 0.1178565
2.803735 0.1035473
3.338165 0.07354827
3.244366 0.3731482
2.960197 0.1292988
3.36695 0.2319831
3.138422 0.184773
3.017167 0.09786782
2.816925 0.4027595
3.573011 0.03918244
3.094294 0.2643832
2.94338 0.3812322
2.782156 0.2411216
2.854936 0.09729787
2.682162 0.4780628
3.130495 0.2985463
2.909117 0.3522423
2.927197 0.2847443
3.637352 0.1761583
2.671788 0.137025
2.813279 0.404142
2.644813 0.330564
3.144453 0.2016887
2.590607 0.3726184
2.625262 0.03926369
2.80772 0.4452884
3.078914 0.2309654
2.883019 0.44279
3.361381 0.3526695
2.914252 0.2502977
2.82842 0.4428576
3.157434 0.1311139
3.212392 0.1195319
3.193602 0.4178518
2.788984 0.2610764
3.166636 0.1159264
3.469893 0.4691495
2.671264 0.4506268
2.682199 0.1811347
3.423327 0.1491459
3.524386 0.4324064
2.781454 0.1788144
3.08861 0.2460765
2.555985 0.3855081
2.554449 0.1349347
3.059319 0.1492117
3.046672 0.2714578
2.699181 0.3115139
3.031816 0.1400594
2.821838 0.0517245
2.868565 0.3890015
2.93845 0.366792
2.556133 0.2637475
2.779729 0.3008287
3.119755 0.3079305
2.8282 0.4906035
3.054322 0.4300207
3.066738 0.03900048
3.837904 0.05295141
3.468619 0.3957858
2.780423 0.4675829
2.375028 0.4552318
2.195702 0.266058
2.83351 0.2768838
3.106599 0.4892715
2.990779 0.3194543
3.034971 0.1740953
2.91001 0.1875458
2.861317 0.3474936
3.082562 0.2161244
3.271132 0.4781217
3.311947 0.09267026
2.968246 0.1395318
2.905744 0.2738715
3.668581 0.3839328
3.013413 0.4830237
3.616735 0.2352668
3.015186 0.2815483
2.661324 0.441742
3.135349 0.4761656
2.757922 0.2286047
3.042687 0.1756595
3.451197 0.4844055
3.210256 0.1099995
3.37502 0.3420776
3.124203 0.236802
3.148258 0.1811452
3.018956 0.266745
2.842881 0.05424718
2.966197 0.1717097
3.530003 0.427088
3.217009 0.2309632
3.634776 0.2002567
3.524475 0.221171
3.69033 0.1260393
3.366074 0.165763
3.5536 0.2176897
2.792491 0.1705828
3.185373 0.4039492
2.789277 0.1088463
2.659021 0.1670965
3.206623 0.2927445
3.405601 0.4376112
3.289265 0.06929456
2.724781 0.3804571
3.320253 0.1473567
3.093167 0.4320504
2.833946 0.4168441
3.255249 0.05943074
2.833843 0.1755997
3.286272 0.2062172
3.189967 0.4107768
3.334777 0.358535
3.107443 0.1359574
3.098428 0.3861653
3.116055 0.2475184
3.470609 0.3001603
3.30421 0.3153574
3.372038 0.4166436
2.988141 0.4802137
3.247375 0.4875583
3.160232 0.4008141
3.23629 0.3902967
3.445337 0.3679662
3.427752 0.224946
3.474831 0.4626657
2.967926 0.1472271
3.250936 0.2743851
3.034916 0.3840119
2.776453 0.1493932
2.883381 0.3751328
3.201423 0.411911
2.823496 0.3817712
2.666609 0.1120498
2.961499 0.3975355
2.860251 0.3226138
3.437987 0.2683362
2.735021 0.04263735
3.38544 0.3938091
3.285177 0.1649167
2.912063 0.3794685
3.02277 0.2001636
3.168463 0.3401569
2.8916 0.1506681
2.934628 0.2248608
3.139781 0.2234869
2.837518 0.4751455
2.844247 0.3785681
2.601089 0.1104488
3.139958 0.4885732
2.757652 0.3267225
2.621602 0.2947962
2.631151 0.3580528
3.242247 0.255751
3.413352 0.2564563
3.00616 0.2495549
3.045569 0.3862582
3.428434 0.3942404
3.717627 0.1454122
3.222831 0.06051663
3.18933 0.4617627
2.877686 0.0620983
2.929763 0.3196813
2.998755 0.4394825
3.401829 0.4033239
2.69043 0.1614336
3.250002 0.3232076
2.806175 0.4569911
2.840268 0.1651365
3.083764 0.2836868
2.893835 0.3290343
2.96818 0.02091739
3.062805 0.3979833
2.350707 0.3084552
2.666299 0.4466076
2.876553 0.1213947
4.17634 0.4145913
2.967851 0.1691594
2.65383 0.3301599
3.301828 0.348947
2.875892 0.3944294
3.387837 0.1403018
3.857332 0.2552284
3.225457 0.2406201
3.414129 0.1865171
3.049492 0.1410876
2.70254 0.2971387
3.052797 0.1226936
2.625076 0.3990045
2.730721 0.2034057
3.21582 0.2761174
3.102598 0.3222382
3.384529 0.2096922
2.815389 0.1643756
3.376905 0.0874842
2.711266 0.212582
2.653222 0.1813377
3.256855 0.262852
3.214747 0.3987887
2.797789 0.3979867
2.679914 0.4964585
2.81782 0.2964362
2.137535 0.3267714
2.867068 0.08083303
2.846211 0.3732079
3.023974 0.3819502
2.940799 0.09175464
2.789097 0.2223024
3.206629 0.4152126
2.767117 0.218377
3.124174 0.4168441
3.350671 0.2268708
3.317922 0.1235064
3.731208 0.3714967
3.763179 0.2039941
3.357952 0.1791776
3.801462 0.2398508
3.770105 0.2618658
3.679827 0.3127776
3.351569 0.2892824
3.466318 0.4728847
3.201799 0.406602
3.10696 0.4745728
3.03302 0.2764939
3.156704 0.08670849
3.386339 0.04958213
2.710678 0.4849074
3.311349 0.06247117
2.983599 0.1186746
2.894215 0.267516
2.916877 0.1731697
2.691728 0.228218
3.121131 0.3207097
2.761973 0.294608
2.687685 0.21013
2.357654 0.1301274
2.991619 0.3274154
2.924268 0.2324083
3.619296 0.1814243
3.595866 0.2426678
3.308041 0.3094497
3.623006 0.3717057
3.449721 0.2072008
3.252075 0.491885
2.910256 0.2069799
2.324944 0.4720829
3.186971 0.3209048
3.669937 0.4396813
3.32834 0.4999882
3.234241 0.35763
3.353177 0.4737133
2.916518 0.3778864
3.314324 0.4765718
3.128147 0.2593967
2.719953 0.4690728
2.665858 0.06867347
3.230722 0.4806208
2.475953 0.1565786
2.546122 0.4955499
2.939002 0.3657477
3.370217 0.1213804
3.053097 0.3236107
3.75455 0.3376144
3.730911 0.2384759
3.128667 0.2376865
3.216466 0.136611
3.609576 0.2920687
2.824523 0.08308186
4.209222 0.09037672
3.329621 0.2627107
3.65756 0.4170127
2.953568 0.04087899
2.944548 0.4558025
3.305302 0.2815791
2.926992 0.4300592
2.77073 0.185798
3.443608 0.1594638
2.980849 0.09395731
2.801748 0.2618653
3.148552 0.4304324
2.702241 0.3291713
2.99736 0.3608879
2.893995 0.2415849
2.756491 0.3499746
3.589695 0.2228676
3.331387 0.3740671
3.089219 0.07331761
3.260173 0.4919594
3.634657 0.3093865
3.702575 0.4246823
4.115366 0.2303607
3.574052 0.05395023
3.275972 0.1258319
2.596469 0.3272944
2.670169 0.2951077
2.878278 0.1521326
3.256916 0.4751271
2.870397 0.1083813
2.774556 0.3785721
3.488082 0.291596
3.497718 0.1988785
3.439732 0.3578802
3.352285 0.2564197
2.86794 0.4452741
2.745304 0.1296061
3.083444 0.3702639
3.264602 0.3821582
3.413802 0.1844183
3.74562 0.1652475
2.554874 0.1704084
2.973924 0.3333448
3.701258 0.2078301
3.119956 0.09933779
2.921399 0.1176458
3.242192 0.2477472
3.077733 0.1872387
3.067201 0.2371822
2.55289 0.1725984
2.757913 0.2618077
2.931004 0.3384327
2.82139 0.2428564
2.411991 0.4578287
2.659561 0.207176
2.974397 0.1688164
3.146825 0.0922006
3.174828 0.4132323
2.735269 0.3113424
2.555515 0.1517475
2.657432 0.3927071
2.652068 0.3551642
2.399028 0.4313176
2.627479 0.07461765
2.889126 0.2546529
2.396269 0.259621
2.518928 0.4012731
2.585424 0.4943772
2.685045 0.2096104
2.751689 0.2465847
3.101066 0.259255
2.922162 0.4194871
3.55156 0.3620684
2.867661 0.1285705
3.351382 0.4334712
2.972252 0.4180458
2.772797 0.1502454
2.810566 0.3282564
2.797775 0.06803157
2.733988 0.18574
2.881637 0.3385011
2.840179 0.4116523
2.853247 0.2631838
3.325046 0.47615
2.909044 0.3409348
2.81194 0.4335664
3.418587 0.2034843
2.910603 0.2041597
3.519634 0.3821443
2.778579 0.4657397
2.868898 0.4173492
3.29567 0.2723801
2.988013 0.3487262
3.627148 0.285516
3.054643 0.4457579
2.957591 0.1774122
3.354998 0.4459729
3.84678 0.1692709
3.762326 0.348952
3.230228 0.2718326
3.3487 0.4342859
3.257358 0.2071068
2.79764 0.4263743
3.840337 0.3510304
3.74195 0.3948749
3.25229 0.3954063
3.077475 0.275681
3.662261 0.4931468
2.952953 0.370091
2.694176 0.2602611
2.78054 0.3685611
3.391317 0.3275696
3.325307 0.3466922
3.30162 0.1691352
3.148692 0.39652
3.059732 0.4340698
3.464774 0.2865118
3.490315 0.1458493
3.1936 0.3388271
3.840461 0.4509748
3.802535 0.05929509
3.810372 0.166621
3.16609 0.4629533
3.020594 0.4602197
3.027844 0.3511536
3.081534 0.3118725
2.982937 0.3928762
2.913313 0.4785037
3.10957 0.3816118
2.994612 0.2263775
2.749369 0.3739852
2.691875 0.1200342
2.966857 0.3160213
2.834566 0.1455013
3.526822 0.2117712
3.147173 0.4646087
3.790954 0.2558
3.658669 0.2085068
3.250628 0.2552167
3.675075 0.4037595
3.186628 0.3482819
2.551863 0.2077797
2.727177 0.3257923
2.901165 0.4554338
2.886551 0.387633
3.046696 0.1955005
3.019759 0.1937143
2.637958 0.08614271
3.338564 0.4859087
3.325718 0.08912361
2.971051 0.385071
3.105472 0.3204844
2.864239 0.2695549
2.839025 0.4490569
3.081055 0.3764697
3.157642 0.3253999
2.783076 0.2852154
3.029722 0.4979167
3.365055 0.4291688
2.921577 0.4885702
2.663911 0.4443924
2.801651 0.3826594
3.144184 0.4265291
2.949492 0.2775356
2.733751 0.2157418
2.736298 0.3608843
3.205732 0.219302
2.892331 0.250868
3.36565 0.1299723
2.941841 0.07367339
2.820888 0.2073472
2.997606 0.4453048
3.598553 0.2073758
2.977436 0.3953677
3.06325 0.1628379
2.872187 0.2929609
2.949086 0.3885831
2.904023 0.4810319
3.415634 0.2873437
3.058369 0.1102289
3.148972 0.3084077
3.197621 0.1419883
3.138774 0.2637274
3.404676 0.2686541
2.768004 0.4708037
3.454996 0.4487662
3.478915 0.3629042
2.879979 0.3210417
3.365632 0.3063769
3.427531 0.3362716
2.889363 0.2826567
3.150451 0.4199065
3.033582 0.4953752
3.441652 0.04172272
3.105463 0.4900855
2.996307 0.1751286
3.086644 0.1999441
2.753633 0.1898386
2.821995 0.408704
2.699023 0.3806804
2.905162 0.4887949
2.909152 0.3370096
3.424227 0.09472391
3.811626 0.2749505
2.890136 0.3202195
3.31429 0.04690288
2.928791 0.2744143
2.792482 0.1572155
2.902771 0.3768971
3.395732 0.3542994
3.033886 0.3589221
2.539515 0.2939386
2.55477 0.3878817
3.468214 0.1865285
2.911346 0.215297
2.631547 0.3470829
3.013917 0.4771104
3.004985 0.04369836
2.543139 0.1797691
3.039449 0.1179906
3.690665 0.4556528
3.853445 0.2059512
2.884926 0.4150812
3.57891 0.2447596
2.834992 0.09714025
2.667978 0.2913299
3.06299 0.1206165
2.812778 0.2301877
3.120193 0.4050992
2.738333 0.4994533
2.889215 0.3354797
3.164262 0.4662385
3.212639 0.2200301
3.452852 0.2257716
2.95615 0.436794
3.123592 0.2281426
3.056885 0.1883905
2.930761 0.3927094
2.789497 0.3187864
2.831445 0.4719727
3.378254 0.08892199
3.639616 0.444472
2.564677 0.3865557
3.057475 0.3354824
3.147334 0.4708552
3.057491 0.1787076
3.077657 0.1935877
2.628232 0.4076616
2.644714 0.1791786
3.318714 0.2707151
2.815787 0.4399283
2.739474 0.224273
2.831115 0.291469
2.466356 0.2793496
2.875926 0.3847564
2.555887 0.4259163
2.791407 0.3346584
2.852295 0.3292917
2.458098 0.3325828
2.936613 0.2172965
3.31008 0.34031
2.753285 0.4717382
2.596912 0.2433178
2.797628 0.465751
3.109715 0.4850307
2.951393 0.1403598
2.811495 0.2601884
2.693759 0.4935939
2.630673 0.3178256
3.421105 0.4325195
2.669636 0.4221839
3.203084 0.4066187
2.618384 0.4715005
3.524807 0.1824832
2.821991 0.4620485
3.082502 0.4535067
2.969136 0.07080591
3.794961 0.2902521
3.34639 0.3626498
3.306849 0.4582722
3.332223 0.1552794
2.394534 0.3062147
2.494276 0.205588
2.98523 0.2123629
3.103724 0.4695073
3.36846 0.1973913
2.894439 0.2957378
3.165943 0.3070532
3.512029 0.08127409
3.522712 0.4947306
3.513379 0.2415502
2.688776 0.4322884
3.069839 0.1358488
3.033824 0.08311135
2.922081 0.3367839
3.150478 0.2335192
2.625973 0.1959972
3.005886 0.1953007
2.924103 0.3150819
2.873987 0.328443
3.301094 0.3125688
3.184877 0.3177303
2.764455 0.4303045
3.42524 0.4979407
3.225376 0.3390057
3.213716 0.2650581
3.147096 0.3146476
3.268564 0.472005
3.062392 0.3120862
3.002732 0.4753354
2.856162 0.485952
3.094891 0.337982
3.424986 0.08357733
2.883584 0.2497854
2.484181 0.2150036
2.768374 0.4105599
3.089277 0.3129385
3.472858 0.2810629
2.922982 0.3645622
3.303745 0.3893982
3.079333 0.06251481
3.002076 0.4277124
2.825597 0.3826428
3.426298 0.471767
3.031812 0.4851283
3.234912 0.4994338
4.022547 0.2994007
3.153403 0.4364156
3.094368 0.2167583
3.874777 0.2364721
3.027407 0.1607849
3.117066 0.2503774
3.353226 0.2996066
2.652594 0.4533353
3.247496 0.07201169
3.300209 0.4794872
3.639159 0.344156
3.963243 0.3038096
3.716039 0.04244686
4.15587 0.4767346
4.282911 0.1113048
3.523446 0.4741888
3.569475 0.3275581
3.37817 0.4853531
3.475872 0.2936939
3.278187 0.1616975
3.150568 0.1390161
2.972891 0.3976935
4.338886 0.08305906
3.343596 0.1347873
3.346022 0.2594514
3.792747 0.234287
4.163115 0.2057722
3.316823 0.3220545
3.205885 0.3746883
3.079485 0.1371132
3.141637 0.3382643
2.983822 0.2118106
2.752125 0.02859707
2.953951 0.4533385
3.225754 0.2406495
4.080406 0.4327589
3.707114 0.09177896
3.05452 0.3855603
3.763306 0.4240076
3.872187 0.418582
3.516573 0.3114597
2.884485 0.2612448
3.292345 0.4585152
2.919514 0.4750481
3.028747 0.262853
3.463762 0.1024036
2.977056 0.08324367
3.1909 0.2164569
2.792538 0.2501662
3.213802 0.3768723
2.817534 0.3032214
2.97119 0.3171326
3.093413 0.06702926
3.088145 0.1514286
3.18299 0.3298676
3.464204 0.4494989
3.419671 0.2650804
3.601644 0.1829762
3.184219 0.1859889
3.455596 0.1094334
3.396188 0.388518
2.9444 0.4615579
2.802164 0.4650137
3.906042 0.16181
3.40234 0.1568337
3.813678 0.4659606
3.415728 0.1865226
2.733957 0.4233925
3.269154 0.4339755
3.058144 0.2134232
2.79129 0.4490899
3.076916 0.3063494
2.717037 0.4028274
3.826085 0.120234
3.02162 0.2022076
3.230195 0.4514239
2.71752 0.3400677
3.22742 0.1620001
2.94563 0.4232453
3.546799 0.1107291
3.248606 0.3672097
3.14479 0.2823066
3.095652 0.2114628
2.87581 0.3512633
2.613877 0.1495914
3.125049 0.1582469
2.853326 0.4364484
2.884868 0.474691
2.943799 0.3862817
3.039106 0.2392581
3.17395 0.478786
3.435622 0.2614654
3.153226 0.3601372
3.429606 0.4224958
2.868371 0.3313886
3.30187 0.2582573
2.855444 0.03215757
3.39742 0.3646222
3.331527 0.3252205
2.962411 0.0871744
3.060954 0.432887
2.616358 0.3925991
3.324133 0.475958
3.331843 0.09508696
3.229471 0.2632084
3.406668 0.4465357
3.185393 0.4391538
3.056933 0.09892326
3.541629 0.1999437
3.878416 0.2428568
3.28633 0.05713662
3.73591 0.2210562
3.560848 0.4133868
4.046225 0.3396222
3.533021 0.3222748
2.883163 0.4989666
3.139835 0.2026118
3.059 0.2201657
2.736649 0.02392912
2.737661 0.2008849
3.103018 0.1940088
3.144897 0.1015575
3.092565 0.1049752
2.772007 0.2358027
3.08109 0.1959036
3.66728 0.1535742
3.380221 0.3277795
3.504699 0.3201023
3.903423 0.09942487
2.920158 0.1796869
3.144058 0.1730839
2.860997 0.4559945
3.750822 0.3188745
3.470496 0.3386664
3.477216 0.429672
3.253355 0.2972408
3.384862 0.2003067
3.516051 0.4161397
3.299053 0.2976731
3.335557 0.2344008
2.664699 0.3025907
3.835803 0.2253767
3.730894 0.1920168
2.869343 0.1643216
3.440804 0.03793465
3.722945 0.1825566
3.302015 0.2652612
3.030775 0.3983012
2.88154 0.4729388
3.176249 0.241388
2.977296 0.3113715
3.126619 0.456156
3.458221 0.3708688
2.744316 0.2682862
3.02978 0.4112582
3.266609 0.1455898
2.891896 0.4951927
3.28412 0.1791144
3.476272 0.3096055
2.862791 0.3530857
3.065636 0.4877129
2.63392 0.4798349
3.428355 0.2433571
2.974983 0.2045355
2.629787 0.2432224
2.593655 0.4801573
2.870876 0.3921987
2.87602 0.1736005
3.520496 0.2620101
3.500288 0.1051558
3.35256 0.2962817
2.986857 0.4498748
3.331001 0.3039388
2.767086 0.386078
2.97468 0.4902171
2.797122 0.1790083
2.979839 0.3231187
3.448575 0.3243823
2.762385 0.4823117
3.068616 0.3309557
3.055416 0.1834364
2.933254 0.2069782
2.764806 0.2281241
2.980635 0.1702185
3.151261 0.3462043
3.086712 0.08747757
3.286524 0.3314802
2.561744 0.05218298
2.949241 0.2071528
2.955629 0.3549836
3.121688 0.322878
3.071484 0.282401
2.704882 0.2635463
2.685129 0.264668
2.484639 0.1625706
2.863655 0.1871104
2.613136 0.423142
2.526319 0.02705479
2.753254 0.213893
2.83924 0.3373969
2.968602 0.2590286
3.088611 0.4523418
3.483934 0.2031968
3.296836 0.4346049
3.30509 0.190611
2.998978 0.2560789
3.173163 0.2216253
2.438382 0.1945645
2.780296 0.2479131
2.793515 0.2615336
3.311271 0.4818084
3.076104 0.2074167
2.905989 0.1492446
3.020043 0.129532
2.986557 0.1287867
2.754142 0.4930647
2.885115 0.1345993
2.77746 0.3483206
3.080624 0.1598298
2.620508 0.4415056
3.271967 0.1336976
2.687103 0.1923175
2.990178 0.3057206
3.384319 0.1939839
3.344518 0.1509411
3.209996 0.3116749
3.536344 0.4296322
2.853425 0.1688483
2.879613 0.1709209
2.958561 0.156664
2.825785 0.2352047
2.558315 0.1597371
3.10591 0.4599354
3.315869 0.3622729
3.590502 0.2700556
2.860386 0.07973715
2.830899 0.3577469
3.434234 0.451418
3.535757 0.1621345
3.425257 0.4386133
4.26587 0.2526296
3.413845 0.1219374
3.229593 0.2520605
3.697205 0.2503062
2.898057 0.232504
3.242705 0.2150216
3.767431 0.4458192
3.097461 0.3317701
2.634661 0.2038808
3.371543 0.185856
3.769239 0.1553091
2.911757 0.204478
3.210021 0.3300601
2.805192 0.1115785
3.325705 0.4064855
3.150163 0.415658
2.882995 0.270701
3.351728 0.4942561
2.737248 0.2521475
2.912492 0.1211988
3.085126 0.4601661
3.133239 0.08450104
2.871391 0.09675187
3.611628 0.4559203
2.898248 0.266167
3.31521 0.4895378
2.879891 0.4407111
2.98872 0.05508375
3.091099 0.298783
3.165175 0.1868622
3.118888 0.1358055
2.865691 0.4201991
3.105539 0.239618
3.141825 0.181002
3.382722 0.3527111
3.017885 0.4995023
3.029458 0.2311878
2.935434 0.3764215
3.105928 0.09655931
2.639512 0.1537321
3.054182 0.1422864
2.982962 0.1948002
2.688541 0.07061167
2.647236 0.4201338
3.00631 0.2664974
3.348117 0.4672643
2.691185 0.35018
2.948655 0.02290921
3.015073 0.4411273
3.594029 0.2696235
4.058792 0.1819671
3.268013 0.2719943
3.526033 0.3090096
3.272338 0.3308311
3.03227 0.3270242
2.851959 0.3063177
3.136639 0.2811909
3.025998 0.3800908
2.809819 0.4416624
2.361184 0.4508173
3.326468 0.1496453
3.632359 0.4342856
3.144502 0.4969686
3.269369 0.3683161
2.593395 0.2974232
3.393082 0.2091927
3.638764 0.3990959
3.094607 0.3839035
3.214951 0.0420097
2.872839 0.2012158
2.933601 0.1079644
2.834454 0.2170734
3.445318 0.2409739
2.636947 0.1292026
2.819072 0.4838848
2.791689 0.2751394
2.969536 0.2101286
3.4779 0.2874677
3.387057 0.3664099
3.493326 0.2034014
3.494568 0.0332803
3.465466 0.2966009
2.791381 0.2979273
3.448713 0.2959074
3.703864 0.1074985
3.364386 0.3970114
3.324421 0.3429384
2.964306 0.2151916
3.155518 0.1455786
2.869203 0.3402711
2.980326 0.4626375
2.630387 0.1089881
3.029838 0.4897797
2.849059 0.2019368
2.983404 0.4626163
3.288075 0.2754843
2.788262 0.2185636
2.824813 0.3685474
2.655452 0.3312922
2.919448 0.4969703
2.771896 0.2209439
2.710717 0.389368
3.353451 0.1080814
2.835509 0.228178
2.653475 0.4628857
2.969217 0.4743338
3.076176 0.3262007
2.8061 0.1947398
2.883066 0.4485683
3.101163 0.4053072
2.857337 0.4797207
2.674858 0.4556737
3.094818 0.4357225
2.251556 0.3260197
2.469564 0.4429434
2.772961 0.3130495
2.772832 0.3106608
2.900416 0.4546279
2.936293 0.3695323
3.444408 0.2346262
2.687399 0.219187
2.758862 0.1090556
3.285723 0.2950633
3.855584 0.3252698
3.590958 0.3570159
3.302214 0.06457677
3.167295 0.2688233
3.421374 0.3039288
3.619882 0.3277284
3.386476 0.1119255
3.028504 0.4635565
3.200683 0.2472441
3.608095 0.2163277
3.212013 0.3107519
3.849288 0.4726618
2.761605 0.233415
3.524249 0.09854363
3.729753 0.4511401
3.05822 0.3491498
3.941145 0.08348813
2.995557 0.4263302
3.598076 0.2702088
2.647858 0.4835628
3.529588 0.05715062
3.268532 0.3882877
3.20334 0.1946931
3.051056 0.1916113
3.131253 0.2619949
2.780905 0.3566698
2.95086 0.2788729
2.892333 0.144431
2.840021 0.3776018
3.190089 0.4336862
2.669554 0.4313769
2.531145 0.1058765
2.569531 0.3158034
2.741319 0.08238267
2.850338 0.3486473
3.312037 0.1856053
3.236879 0.3921444
3.179903 0.1482762
3.40655 0.07410693
3.497609 0.4758271
3.131321 0.4340278
2.976926 0.1870952
2.835514 0.2106185
2.665517 0.2161484
2.535301 0.4045298
2.720839 0.08640719
3.239239 0.361059
3.454258 0.07853794
3.262022 0.3795686
3.181526 0.292567
3.487559 0.1643115
2.743368 0.4392672
3.153721 0.222439
3.479805 0.1155922
3.670946 0.4603437
3.073603 0.2529166
3.377913 0.4109851
3.392685 0.3921849
2.936584 0.330759
2.943176 0.2827519
2.465967 0.4868695
2.723716 0.4839629
2.933 0.06580059
3.385188 0.2971699
3.337694 0.4069326
3.104349 0.128098
3.016347 0.338535
3.018601 0.3397711
3.836197 0.4853473
2.921971 0.3192212
2.77655 0.2028634
3.317423 0.1548417
2.999281 0.263296
2.889662 0.06019501
2.998565 0.2967772
3.36156 0.3544486
2.981965 0.3825869
2.805203 0.09278769
2.968249 0.118551
3.333795 0.2341854
3.079112 0.1074445
3.018062 0.07968508
2.992268 0.1243015
2.967284 0.1408904
3.070215 0.3524544
3.10581 0.2754427
2.716134 0.138976
3.13996 0.2434257
2.521655 0.179327
2.87921 0.400775
2.43068 0.2665163
3.454333 0.322879
2.901068 0.2634593
3.583331 0.4981372
3.472012 0.4942071
2.890323 0.2757314
2.972641 0.3126049
2.812093 0.4614603
2.856279 0.4476224
2.919175 0.2744972
2.938734 0.2837229
2.898842 0.2236453
3.004655 0.200065
2.964589 0.2734031
3.332978 0.1943017
3.920353 0.3296
2.480015 0.06145564
2.843697 0.22102
3.206405 0.2159553
3.316768 0.06776827
2.85602 0.1529251
3.200813 0.2024887
2.733356 0.3630923
2.926414 0.09278375
2.772615 0.03553297
2.919124 0.2445184
3.699284 0.3252556
3.650806 0.4359687
2.98614 0.2252279
2.94931 0.2505752
3.064898 0.1631006
3.247622 0.373364
2.991945 0.3711584
3.073842 0.4588257
2.915377 0.3398782
3.051115 0.2895432
2.862609 0.113497
3.011976 0.1778647
3.194241 0.2740085
2.966789 0.3363926
3.331548 0.4379526
2.990281 0.379575
3.302503 0.1230556
3.098286 0.323127
3.982131 0.1846215
3.126753 0.3214976
3.981263 0.1337542
2.995307 0.2377354
2.740922 0.4985966
3.404542 0.406843
2.953731 0.2616003
3.325693 0.1528876
2.412156 0.3022076
2.793901 0.3432554
3.118389 0.1497886
2.913672 0.3994717
2.608955 0.2628563
2.53885 0.4570044
2.706402 0.09748282
3.396809 0.2064693
2.916605 0.4129024
3.198399 0.4499052
2.933796 0.2553905
3.149589 0.4979512
3.599664 0.1933311
3.043629 0.3526573
3.464632 0.2040113
3.800899 0.1484347
3.145992 0.4680492
3.481276 0.4027394
3.067784 0.02976666
2.86483 0.125333
2.816013 0.318121
3.019794 0.4498126
3.271403 0.3691327
2.79338 0.3161918
3.109221 0.1760406
3.141722 0.1623544
4.036243 0.4849812
3.005831 0.07842588
3.500005 0.2636502
3.23114 0.2904267
4.022501 0.4141873
3.450182 0.2927898
3.34331 0.1517896
2.84464 0.331504
3.271628 0.3469003
3.106295 0.3869529
2.760582 0.4420277
3.033258 0.06012675
2.871579 0.2791503
2.87709 0.3139201
3.211989 0.3621359
3.292329 0.3187075
2.923255 0.2521881
3.709658 0.2874158
2.961028 0.2785261
2.904567 0.4984814
3.075107 0.1835132
2.888604 0.21891
2.827279 0.3877293
4.234753 0.4353086
3.292152 0.4053156
3.681336 0.1803769
3.104298 0.3092139
3.365103 0.3812317
3.859688 0.1924031
3.596461 0.2829004
3.010746 0.1560339
2.772961 0.1941812
2.68509 0.3577751
3.935023 0.05240185
3.180206 0.3697711
3.146286 0.3271526
3.262012 0.3413826
2.807276 0.08957379
3.303261 0.3416052
3.160163 0.3713802
2.942415 0.2816134
3.448778 0.4283738
3.084233 0.1548772
2.885037 0.1398922
2.550674 0.4943876
3.267262 0.2479547
2.890788 0.2455648
2.938613 0.3045854
2.919056 0.2259331
2.94242 0.2053453
2.615657 0.112767
3.192518 0.4586519
2.478505 0.1263884
2.783684 0.4903628
3.02641 0.3675385
2.636685 0.4159347
2.715753 0.4022855
2.854492 0.3534283
2.886841 0.4957351
3.340482 0.4217025
3.117572 0.3160314
3.111143 0.04401922
2.681736 0.2109871
3.117145 0.3722866
2.902533 0.473394
2.924546 0.4672516
2.850039 0.4664211
2.827736 0.2759698
2.709749 0.2245495
2.637643 0.4231591
2.771376 0.3575053
2.851352 0.02095001
2.901084 0.4452069
2.790525 0.07757571
2.883498 0.1563869
3.260196 0.3886499
2.860805 0.2913041
2.92132 0.1355401
3.154352 0.2378834
3.400648 0.1618786
3.015815 0.08233332
2.926983 0.1758461
2.483915 0.4307518
2.786016 0.3098125
3.308454 0.199281
2.995352 0.4822701
3.268076 0.05242054
3.430125 0.3830607
3.044291 0.4617016
3.05382 0.4434045
3.400506 0.3432194
2.742299 0.3051845
2.990639 0.1753928
3.173654 0.06932881
3.094135 0.4127462
3.202175 0.1952345
3.208719 0.1660632
3.237795 0.4080253
2.986136 0.3558699
2.622333 0.4202162
3.282037 0.2638675
2.65067 0.3259361
2.586402 0.3953217
2.887556 0.492743
2.8483 0.2122619
2.996373 0.3801009
2.954365 0.1911101
3.357618 0.1579638
3.341151 0.136014
3.018166 0.2143345
3.285365 0.09028216
3.258411 0.3134068
3.536282 0.2378727
3.992475 0.1561367
3.037421 0.2233447
3.169164 0.388287
3.067894 0.4986807
3.023269 0.4200297
3.041208 0.3235335
2.973419 0.2645951
2.918248 0.3584236
3.926889 0.3928628
3.393872 0.491011
2.991382 0.1826193
3.170857 0.3380705
3.230797 0.1138169
2.825024 0.4790703
3.442492 0.4844075
3.185616 0.1120601
2.897564 0.3611236
3.613988 0.325599
3.304923 0.1050096
2.925043 0.1252444
2.978966 0.1312729
3.145471 0.1412101
3.172669 0.2075286
3.616935 0.05573282
3.395604 0.4475822
3.22029 0.2804388
3.013142 0.07808272
4.148905 0.21424
2.757768 0.3883562
3.264361 0.246497
2.881836 0.4049583
3.368039 0.2167219
3.213632 0.1383001
2.633979 0.4207167
2.705357 0.3532018
2.908947 0.3158015
2.847929 0.2487431
2.999395 0.1567118
3.164193 0.2405645
3.603873 0.04495594
2.773386 0.07609318
3.176753 0.1295409
2.889714 0.1821996
2.961728 0.3198565
3.214433 0.2292127
3.047438 0.08425789
2.481829 0.494571
2.855579 0.2076954
2.933589 0.4264131
2.807181 0.4445243
2.937669 0.2140603
3.0753 0.1882058
4.013163 0.1501687
3.572806 0.28493
3.384713 0.4989853
3.12881 0.1454479
2.758334 0.3689579
3.035843 0.4709347
3.538779 0.365667
2.98134 0.3026147
2.976912 0.286846
3.067087 0.4243354
3.049361 0.2262635
3.070451 0.4272337
2.691907 0.4996603
2.7836 0.2331313
3.247455 0.1853415
3.020301 0.2600465
2.880959 0.4122912
3.0495 0.2471428
3.112951 0.329493
3.032571 0.03571267
3.283766 0.2203217
2.816428 0.2277809
3.062453 0.1284735
2.753195 0.4415606
3.442385 0.3881866
2.829735 0.4681803
2.803071 0.2952322
2.814218 0.200686
3.188765 0.3844282
2.85927 0.4541029
3.005141 0.3329538
3.088445 0.08577862
3.01585 0.4282827
2.729977 0.457227
3.174784 0.1550055
3.266498 0.2646608
2.567382 0.1342149
2.922148 0.1054716
3.043906 0.4566886
3.207587 0.3721759
2.881761 0.1987715
2.880454 0.2985072
3.681668 0.1657155
2.951311 0.2353357
3.289317 0.08666972
3.295425 0.3788481
3.279562 0.1444479
2.720323 0.4349698
2.946648 0.4859774
3.540433 0.3089889
2.973279 0.3100278
2.925084 0.2927511
2.883407 0.1844009
3.340102 0.3821186
3.000341 0.1407327
2.708803 0.09616305
3.0619 0.4961999
3.160627 0.4729973
3.396261 0.4211872
3.456358 0.3515208
3.120487 0.4160833
3.015256 0.2018413
3.20615 0.159686
3.060933 0.254413
3.066278 0.3501547
2.807245 0.1471446
3.780935 0.4251777
3.526752 0.1955594
2.903553 0.03847948
2.851406 0.4264615
3.18387 0.4456144
2.83761 0.4856367
2.669846 0.4777169
2.5846 0.3000938
2.482937 0.4721683
2.64946 0.4959944
2.718603 0.2357694
3.041228 0.1575535
2.75595 0.4575855
2.759878 0.4167872
2.465296 0.08480992
2.970865 0.03091377
3.585231 0.4903534
3.166854 0.404415
3.30741 0.2337022
3.197227 0.4249439
3.108469 0.451406
3.141118 0.3839703
3.361535 0.3561087
3.308759 0.4434374
3.120159 0.206643
3.100104 0.07478994
3.205575 0.02773132
2.906796 0.1932021
2.7485 0.08754003
2.914249 0.168793
2.451395 0.1266791
2.60857 0.3001487
2.756526 0.05204775
3.075026 0.1364037
2.93327 0.4624418
2.713314 0.4050869
2.987314 0.2989855
3.571522 0.3385404
3.181739 0.3414548
3.260979 0.4553113
2.634288 0.2891829
3.220666 0.2204276
3.576719 0.1839865
3.529154 0.1382129
3.302888 0.2887317
3.121482 0.2584463
3.521773 0.4560311
3.455877 0.1523713
2.958591 0.1798583
3.719465 0.368656
3.395035 0.1587396
3.034464 0.2928764
3.339627 0.4613014
3.220511 0.3955863
3.801646 0.4717815
2.759789 0.4151707
3.004215 0.1135049
2.538963 0.429736
3.140378 0.4278978
2.564207 0.4383927
3.136036 0.3180675
2.763264 0.3082372
3.207361 0.3338414
3.024281 0.4668843
2.804261 0.4424888
2.861962 0.09477308
3.666043 0.4498054
3.432164 0.4322694
3.438456 0.4589073
3.208892 0.2817193
3.113182 0.4047483
3.039256 0.3641523
3.453322 0.09173265
2.960481 0.212107
2.790666 0.3446182
2.85341 0.3168932
2.575109 0.1788633
2.696665 0.3429334
3.212945 0.2787298
3.44479 0.2152892
2.621505 0.04735375
3.387926 0.2102777
2.891892 0.3857481
2.723051 0.2302187
2.593119 0.3251928
2.745638 0.3068386
2.281096 0.4766897
2.580245 0.4550423
2.885667 0.3036354
3.320572 0.2230604
3.011436 0.1850409
2.819357 0.3469843
2.754689 0.2311591
3.112184 0.04774644
3.072591 0.288626
3.083879 0.4991807
2.936575 0.4182264
3.071866 0.1968261
3.434579 0.4131848
3.022116 0.4504411
3.788651 0.3559907
3.725838 0.4563055
3.34112 0.1569909
3.402073 0.08490914
3.451547 0.1362531
3.202159 0.4416291
3.470108 0.2505923
2.779537 0.2959439
2.82587 0.1701629
3.260655 0.08350979
3.399802 0.3862885
2.887507 0.2246869
2.879514 0.4982882
3.194621 0.3484138
3.036832 0.2431502
3.314165 0.1412829
2.909845 0.238461
3.461783 0.2273429
2.869792 0.3715356
3.083099 0.3503741
3.230199 0.245277
2.730482 0.4384635
3.142011 0.08724337
3.488667 0.1291874
2.742273 0.1520714
3.408905 0.288775
3.788166 0.3907526
2.727536 0.3354346
3.249534 0.3089857
2.729481 0.2847241
2.707592 0.1025232
2.671539 0.3792852
3.238199 0.04087338
3.000601 0.4488853
3.153387 0.201303
2.996723 0.4834272
3.075364 0.3438387
2.783144 0.4214052
3.156762 0.09412877
3.559834 0.3547087
3.141158 0.3190478
2.909885 0.4960701
3.192748 0.2100878
3.449525 0.2271959
3.109326 0.2921794
3.290141 0.42507
3.714617 0.1333648
3.365165 0.3452572
3.191349 0.2159424
2.406848 0.1979096
3.182455 0.2983148
3.108735 0.2858913
2.727246 0.1765048
2.375379 0.2776391
2.963578 0.1265631
2.556638 0.3323868
2.52893 0.1159592
2.94508 0.2612833
2.918553 0.1658677
2.494623 0.1491883
3.031054 0.4002526
2.869505 0.118042
3.040065 0.3759595
2.6952 0.2150828
3.424273 0.3533115
2.980498 0.1428083
3.629085 0.1824265
2.744034 0.3727933
2.906713 0.1606857
3.024827 0.2019319
2.787927 0.06999912
2.653842 0.421917
2.800149 0.4052084
3.065882 0.1435873
3.029016 0.3468109
2.940643 0.353637
3.320171 0.0796603
2.225 0.3114727
3.118277 0.3260884
2.93031 0.2195701
2.591935 0.3425387
2.973719 0.09533702
3.062269 0.4171922
3.005684 0.4521745
3.115909 0.234158
3.354133 0.3570454
3.861665 0.4817902
3.305185 0.2250213
2.855397 0.2516663
3.149663 0.370371
3.769709 0.2762301
3.348052 0.3268581
3.644071 0.4711979
3.909303 0.1845108
4.201999 0.4419785
3.187276 0.1742193
3.85507 0.09788392
3.07823 0.4154889
2.672894 0.3124934
3.496584 0.1821053
3.651706 0.3698621
3.305016 0.1372997
3.205173 0.18296
3.266974 0.4587921
3.503417 0.4117803
3.266821 0.4902029
2.767741 0.4300461
3.155743 0.2268359
3.1971 0.1436271
3.680219 0.3952162
2.846494 0.3284682
3.297054 0.4729708
3.251617 0.4103135
3.301912 0.3483797
3.20074 0.2327468
3.230693 0.05051942
2.905201 0.2634772
3.203739 0.2504321
2.456609 0.3287371
2.581837 0.4777741
2.896833 0.2434273
3.241352 0.3402696
3.089789 0.381565
2.37129 0.1733508
2.535785 0.400679
2.796594 0.2603717
2.929924 0.169509
2.522974 0.2716549
2.66966 0.07197414
2.63014 0.1548968
3.223241 0.4019616
3.063453 0.41419
3.431568 0.3145636
3.866854 0.3451578
3.871178 0.3012509
3.529175 0.3912459
3.300238 0.302641
2.730665 0.4994668
3.230846 0.3995374
3.315275 0.2817816
2.984155 0.3148911
3.412829 0.3994683
2.854502 0.3181754
2.866764 0.2463018
2.730905 0.02295668
3.352389 0.3618332
3.245219 0.39372
3.488545 0.08345584
2.755156 0.2336315
2.749265 0.4334364
2.995443 0.06379564
3.105495 0.1358091
3.237733 0.3202764
3.135194 0.2463343
3.295239 0.4353982
2.768347 0.4147233
3.130915 0.1830354
3.92865 0.2625382
3.372474 0.2983822
3.381154 0.3138962
3.713355 0.3191761
3.668816 0.279633
3.151921 0.2011012
3.228682 0.08540896
3.67063 0.3385649
3.577311 0.206843
2.723634 0.3187182
3.235812 0.438461
2.710215 0.152893
2.784433 0.3383935
2.850819 0.4515683
2.446725 0.2344686
2.927738 0.1885276
3.094694 0.1630891
2.929844 0.4750787
3.669383 0.1470284
2.637455 0.4864843
3.538019 0.3600848
3.848379 0.02179546
3.103426 0.1118562
3.351394 0.3659937
3.108518 0.2464924
2.767432 0.2023709
2.806941 0.1629221
3.308712 0.25738
2.771345 0.1938534
2.905215 0.2322862
2.766714 0.3292707
2.915875 0.3979507
2.886426 0.2918851
2.872235 0.2373685
2.49008 0.2538632
2.623696 0.4312619
2.972019 0.3914664
3.207257 0.1931886
3.078229 0.4230965
2.732676 0.1226531
2.743989 0.3395403
3.204533 0.06620424
3.064283 0.2310086
2.93583 0.3924891
3.132798 0.2829158
3.353996 0.1675938
3.048101 0.4623931
3.196916 0.1383906
3.252668 0.4358198
2.959 0.4465861
3.457495 0.3420929
3.133306 0.3296392
3.024216 0.2439396
3.190722 0.1886091
3.471253 0.2300971
3.107075 0.3946323
3.118562 0.1506615
3.447437 0.3583805
3.024461 0.1632373
2.584735 0.1910784
2.894999 0.1780029
2.845546 0.2277618
2.750947 0.445621
2.958587 0.2729314
2.514454 0.3043647
3.347351 0.4968434
2.813175 0.2545606
3.310531 0.4038128
2.588194 0.3450596
2.91494 0.2222412
3.247763 0.4188452
3.073764 0.4622454
3.24379 0.3186404
3.146812 0.1530276
3.006174 0.2936003
3.119372 0.0728373
3.143027 0.3782232
2.593348 0.1942642
3.12481 0.4087173
2.996933 0.3376002
3.156582 0.2794692
3.041476 0.4919094
3.104058 0.3185017
3.237845 0.1019688
2.957283 0.2586992
2.759153 0.09507035
2.601223 0.4049621
2.800042 0.02262218
2.838826 0.2491415
2.900951 0.3456591
3.199852 0.4366008
3.251721 0.2722842
3.646027 0.1002123
4.047732 0.3787759
3.520945 0.04591325
3.01364 0.4050336
3.196613 0.1195715
3.34356 0.195128
3.211523 0.4467858
3.177929 0.2127352
3.358713 0.2371998
3.418726 0.2720498
3.232664 0.3840429
2.759125 0.2262021
2.811927 0.2010185
2.801205 0.2105348
2.877841 0.1933443
3.056381 0.4395272
2.713936 0.4046747
2.967409 0.2285579
3.09053 0.1283166
3.03032 0.08167709
3.079189 0.1718581
2.85082 0.3424172
2.985126 0.3758493
2.755242 0.4002264
3.654122 0.2800666
3.07235 0.4042438
3.198182 0.1375218
2.829132 0.4713913
2.889403 0.2846838
3.051177 0.2449501
3.356141 0.3809094
3.269507 0.4019124
2.930671 0.4519222
2.86113 0.3360173
3.22135 0.2374678
3.150668 0.3314057
3.110333 0.4974085
3.161529 0.3990073
3.167746 0.3291089
3.045043 0.2200309
2.922522 0.2346872
2.666057 0.4790925
2.818859 0.1899079
2.623906 0.2639562
3.130045 0.2955457
3.663954 0.4665585
2.784984 0.06872961
3.281757 0.1929457
3.445436 0.3723739
2.635179 0.4375561
2.600495 0.4745691
3.794716 0.3297153
3.101387 0.2987652
3.547423 0.3527814
3.68755 0.3666293
2.828688 0.3914367
3.473976 0.4000537
3.115795 0.4834835
3.260879 0.3126105
3.407072 0.2727944
3.283968 0.3404603
2.925146 0.1660521
3.135295 0.4666152
2.97017 0.4495282
3.488072 0.4724587
4.111355 0.2367363
3.171417 0.2577927
3.155218 0.08570373
3.228622 0.3755633
2.836182 0.3466486
3.306243 0.1691856
3.392774 0.3914895
4.070643 0.105645
3.307963 0.3775108
3.137054 0.468461
3.173759 0.3079411
3.114938 0.1093776
3.430683 0.2167242
2.68224 0.3266157
3.328624 0.2560943
3.421709 0.1171058
2.787734 0.2061654
3.131555 0.2432609
3.133503 0.429502
3.399697 0.4376402
3.193853 0.03687392
2.783197 0.2292391
2.575672 0.400119
2.997511 0.3940519
2.90033 0.0665672
3.012941 0.05859203
2.901767 0.424006
2.878693 0.08697036
3.652899 0.4870707
3.614799 0.4310998
2.990015 0.1977585
2.826868 0.4006758
3.051286 0.4092184
3.12822 0.1854061
2.984877 0.4639902
2.794859 0.2323186
3.11586 0.4669464
3.408025 0.3319535
3.044602 0.2281197
3.674102 0.3899055
3.667455 0.1553246
4.0537 0.2747786
4.228687 0.3349164
3.880861 0.2448782
3.17742 0.4959721
3.699604 0.3776504
3.453757 0.4283169
4.044465 0.3588458
3.187796 0.1135968
2.95268 0.174214
2.95588 0.4661057
3.198108 0.1921468
3.078988 0.2530189
3.211608 0.1540592
3.277922 0.0542959
2.856408 0.278903
2.762538 0.3211539
3.057586 0.2977542
3.236835 0.453812
3.689333 0.2118691
3.026323 0.3743495
3.381311 0.3436795
3.137233 0.05735572
3.199903 0.4568391
3.112348 0.498421
3.339749 0.2027178
3.315084 0.121221
3.018612 0.06631232
2.680946 0.2670069
3.622662 0.2790733
3.06149 0.3563521
3.577967 0.2687708
2.770842 0.4226061
2.771742 0.1291959
2.958421 0.2593913
3.167599 0.1429673
3.323251 0.2903914
3.59506 0.4203014
3.653813 0.2232719
4.141009 0.09939511
3.043283 0.4314749
3.391966 0.1239474
3.296166 0.3745487
3.212146 0.1176667
4.072824 0.275583
3.435337 0.403025
3.600399 0.1320523
3.191095 0.335222
2.934931 0.3288409
2.968159 0.04710496
3.260078 0.3956158
2.561439 0.1698307
2.946856 0.1764552
3.096495 0.1186872
3.605822 0.1879348
3.309495 0.4936604
2.758321 0.449083
3.496869 0.4700715
3.380165 0.194549
2.786754 0.1177033
2.952376 0.1768703
2.845648 0.1909176
3.391349 0.3911414
3.392713 0.2668602
2.678834 0.2813116
3.246929 0.3629597
3.113923 0.4270267
3.660716 0.1003674
3.478937 0.1604019
3.945496 0.1265074
3.450925 0.09095791
3.579607 0.4503409
2.993569 0.3587809
2.909976 0.4510925
3.115386 0.489067
3.092357 0.3498918
3.327443 0.4902442
2.958147 0.4580088
3.063326 0.3538191
3.067722 0.2547569
2.847585 0.2413513
2.709221 0.309759
3.153604 0.3570826
2.872634 0.1739135
3.809173 0.1309335
3.736844 0.4708062
3.384303 0.3102807
3.365256 0.4215963
3.568701 0.461473
3.378655 0.3135977
2.752099 0.1951462
3.138936 0.4552485
3.179997 0.350124
3.225525 0.4601539
3.111277 0.3681334
3.41539 0.3043265
3.51473 0.04654718
2.600511 0.2400841
3.285836 0.1328094
2.879101 0.4706199
3.252031 0.3533902
2.621871 0.1408802
2.431204 0.2128175
2.691936 0.4639666
3.025754 0.06062296
2.939495 0.4439274
2.611956 0.4184011
2.854427 0.2054476
3.039336 0.1326422
2.744031 0.2083476
3.759963 0.3685414
3.405855 0.1969692
3.208903 0.4750333
2.905621 0.0397668
3.308389 0.03433953
3.622027 0.4713079
3.47339 0.4035511
2.890185 0.364827
2.919599 0.1466624
3.780981 0.2305392
2.6349 0.2523221
3.828207 0.1804223
3.14115 0.1360971
3.16499 0.05214943
3.62406 0.382093
3.394611 0.4902092
3.160328 0.3790512
3.468249 0.4818568
2.772727 0.4034921
3.059228 0.3876642
3.682748 0.2696173
3.830072 0.07109276
3.691595 0.252173
3.158999 0.2034069
3.679452 0.2466858
3.02893 0.2445932
2.825146 0.1857733
2.911663 0.3122161
2.954248 0.4095227
2.541329 0.250634
3.073783 0.2163709
2.944968 0.3405217
2.793858 0.1515316
3.232805 0.3938226
3.538169 0.2510383
2.80061 0.08164088
3.056128 0.2197398
3.581445 0.4864284
3.358293 0.4346785
3.42416 0.2034866
2.918463 0.3907358
3.022541 0.3385938
3.130214 0.1200967
2.99177 0.1901388
3.167704 0.4724313
3.436216 0.03582056
2.888604 0.06966664
2.839369 0.2540407
3.406912 0.4628197
3.246126 0.2014347
2.906207 0.3145215
2.740416 0.3920066
2.722066 0.4431422
3.266807 0.4350497
3.26174 0.234397
2.797727 0.4151393
3.201345 0.2643903
2.708016 0.3257445
2.814467 0.3344738
2.912727 0.4446086
2.84296 0.386768
3.260329 0.4928258
2.809372 0.4718292
3.370238 0.04427309
3.381497 0.1234647
3.300156 0.2365299
4.509032 0.4364852
3.300724 0.4435207
3.562274 0.3918527
3.291423 0.128355
2.703606 0.05185936
4.097471 0.1925202
3.179367 0.3325127
3.129739 0.3714213
3.681868 0.3555412
3.841626 0.154991
3.113755 0.2514363
3.126786 0.05088827
3.005778 0.4170034
2.918047 0.3009947
3.578306 0.1348455
2.797929 0.2912676
3.106652 0.3357312
2.884834 0.3791802
3.503177 0.2227128
3.102769 0.3015817
3.564961 0.3877636
2.831359 0.4083881
3.057583 0.3092926
3.157287 0.4527028
3.175335 0.3378496
2.774159 0.4594264
4.120718 0.08449588
3.156189 0.3859707
3.458892 0.2022769
3.206958 0.4400166
2.832915 0.4174029
3.132693 0.2616585
3.427321 0.3241179
3.06183 0.1698194
2.945346 0.3226871
3.144303 0.1116991
2.678689 0.3123292
3.397786 0.3956169
2.896088 0.2351672
3.395114 0.2313215
2.731833 0.4422418
2.667254 0.09568436
2.590691 0.340484
3.122894 0.2678463
3.44995 0.06195555
3.379967 0.1045897
2.870804 0.2724622
2.964698 0.3797984
2.905665 0.3251004
2.844259 0.4002167
3.068836 0.1595108
3.432244 0.2317984
3.911017 0.2108353
3.363194 0.04945053
2.915319 0.18071
3.108845 0.3407733
2.850482 0.3072731
2.88495 0.4266073
3.31127 0.3810632
2.776217 0.1805273
3.3809 0.4719971
3.31765 0.4848977
3.153107 0.4996531
2.887783 0.2576873
3.161256 0.341635
3.899039 0.2588626
3.490453 0.3378351
2.824423 0.3393686
3.072996 0.4071909
3.352217 0.3961137
3.402146 0.1076031
2.91613 0.3551429
3.068878 0.1927796
3.162608 0.1768867
3.090597 0.1323035
3.048679 0.331994
2.714515 0.3046412
2.660961 0.349907
3.286402 0.1246445
3.380927 0.1730727
3.138487 0.4976788
3.251318 0.2966734
3.134881 0.236905
3.009611 0.2720919
2.464471 0.4885062
2.916867 0.3449193
2.815345 0.3554814
2.759121 0.3083004
2.766706 0.3873444
2.847449 0.4227471
2.779826 0.3406129
2.569704 0.1282492
2.816023 0.3698789
2.910021 0.4417195
2.99662 0.2107054
3.207603 0.07899144
2.532355 0.2185037
2.60372 0.3225503
2.897739 0.2645198
3.037221 0.3505873
2.988016 0.1766315
3.648446 0.3786375
2.958721 0.2886287
3.555344 0.3619487
3.275712 0.2231922
2.929829 0.3205407
3.257379 0.03055424
3.562936 0.4879354
3.285092 0.4545485
3.286866 0.466754
3.024569 0.4923366
3.205121 0.2675883
3.044603 0.1366101
3.702578 0.4893036
4.116841 0.3745725
3.363508 0.453209
2.826474 0.4144016
3.126173 0.3004794
3.296029 0.1596154
3.513371 0.467185
2.93471 0.2988375
2.702514 0.1521792
2.895309 0.4216311
2.597281 0.2347777
3.032092 0.3806913
3.1285 0.06007329
2.981961 0.423595
3.056079 0.149375
2.829265 0.391837
2.766086 0.208674
3.135416 0.06416681
2.784893 0.1663858
3.742468 0.2135885
3.348994 0.04483333
3.219852 0.1470144
3.296624 0.4612675
2.597423 0.4814844
3.008953 0.2499047
3.045304 0.1719058
2.996293 0.4319523
3.70355 0.1282884
2.828902 0.3998608
2.724726 0.3549792
2.821487 0.3292423
2.41746 0.3180081
3.213151 0.2284403
3.135934 0.2844137
3.431936 0.3274574
2.872911 0.4512156
3.252604 0.476342
3.345488 0.09410116
3.475385 0.2572307
3.554951 0.3085185
3.965359 0.1727472
3.51178 0.07156265
2.629315 0.1244869
3.469098 0.04050518
3.097376 0.3581368
3.450491 0.4240135
2.943981 0.3795108
3.639582 0.1649055
3.508899 0.3991105
3.343804 0.104044
2.90036 0.1621351
3.367724 0.0909249
3.48246 0.4178648
2.910269 0.4295665
2.798849 0.3200514
3.125702 0.3339634
3.160497 0.3309453
2.821871 0.1485341
2.668666 0.4136481
2.954782 0.42865
2.65047 0.02415511
2.99397 0.4972075
3.581094 0.1382547
2.968763 0.1335692
2.819748 0.4362606
3.10886 0.3064786
4.199659 0.08310888
3.238257 0.288526
3.413119 0.2255928
3.205987 0.1706982
5.131226 0.4928916
3.652568 0.3469966
2.948096 0.4341305
3.264512 0.1334054
2.739096 0.4675041
3.130763 0.3859096
3.393698 0.4385328
3.683406 0.424107
3.315164 0.1373406
2.722837 0.4178305
2.633705 0.1299333
3.096332 0.3785004
2.600816 0.4826818
2.761508 0.2407768
2.720464 0.3739906
3.079969 0.423402
2.95851 0.3874535
3.705613 0.4576114
2.969709 0.3802581
3.563868 0.3318813
3.518515 0.3834823
3.227648 0.2564222
2.463926 0.2442197
3.366225 0.4808509
2.876224 0.07277445
3.328376 0.4674577
3.296156 0.04502884
2.637253 0.1199929
3.246707 0.07383898
3.594395 0.3737737
3.142393 0.2548107
3.685952 0.1897541
3.082079 0.3231686
3.163898 0.1639758
2.765239 0.3839244
2.450631 0.2097231
2.864139 0.06333252
2.99422 0.4681808
3.145456 0.3846962
3.597861 0.3162991
4.013985 0.4908268
2.910388 0.2937133
2.647304 0.4125055
3.439689 0.1261766
2.806652 0.3472994
3.005948 0.4286414
3.722691 0.4938783
2.970601 0.4723979
3.674178 0.4095041
3.724171 0.1081324
2.991539 0.1795689
3.732893 0.1981805
3.409513 0.2460617
3.342531 0.3192099
2.83397 0.4815672
3.036933 0.3257241
2.994971 0.4979177
3.324143 0.1816086
3.469414 0.1520563
3.386596 0.3685924
2.536004 0.4598752
3.679031 0.3593276
3.327043 0.3823396
2.551508 0.1053263
3.274535 0.3627161
2.903588 0.2713019
2.885752 0.230579
2.594191 0.1542173
3.324612 0.4123456
2.907779 0.3845102
3.138264 0.1071362
2.833986 0.1065035
3.548491 0.06171937
3.235646 0.4418316
3.350156 0.2527523
2.964489 0.2193255
