"nu" "alpha"
8.35377 0.05058589
3.279983 0.238231
1.984844 0.4051877
3.120064 0.1601986
2.335774 0.2400572
5.354822 0.4367531
2.774624 0.04687061
4.454102 0.1418368
4.25932 0.3529434
2.977667 0.2402666
4.837546 0.1324413
3.853981 0.3280051
7.269992 0.2782227
4.987545 0.09326463
3.69172 0.09919655
6.201568 0.1656657
3.026941 0.3236772
2.899545 0.1301229
2.335917 0.4892657
3.40174 0.1675928
2.001531 0.4795526
2.867464 0.09177713
1.626183 0.3567293
1.26113 0.1775609
1.59172 0.1327796
1.896466 0.4651614
1.812015 0.2451544
2.255501 0.406257
1.626075 0.1088141
1.245178 0.03541768
2.358654 0.3915704
1.84585 0.2480031
1.175032 0.3662787
0.9091231 0.1986214
1.974725 0.3116324
1.62647 0.1810548
1.969779 0.4526951
1.618705 0.407145
2.072551 0.4230669
1.428547 0.1935962
1.827448 0.3815478
1.411328 0.292102
1.243363 0.4355912
1.403822 0.3836953
1.465128 0.3966436
1.211811 0.2334656
1.878116 0.1556475
2.156286 0.0461547
3.411949 0.08827851
2.1459 0.1270923
2.238805 0.4661017
4.549897 0.2165496
1.95161 0.4198492
3.303093 0.06800344
1.592953 0.1755738
4.265565 0.2012048
5.854007 0.0902982
5.522143 0.1287613
2.128197 0.4925111
3.146275 0.2920641
3.229753 0.3480572
3.865165 0.3060846
1.484337 0.1093113
1.913734 0.4509102
1.64343 0.1128636
1.180483 0.3317982
1.072166 0.3286024
1.280233 0.2328789
1.07556 0.228403
0.8952291 0.2922905
1.221836 0.471579
1.066519 0.2908197
1.164214 0.4765743
1.126 0.4400651
1.120783 0.4864787
0.957971 0.3144857
0.9374664 0.4081539
1.308787 0.1063965
0.9991962 0.377256
0.9522876 0.4796981
1.500548 0.4477561
1.481124 0.4464959
0.9965577 0.4462425
1.199937 0.4719111
1.335712 0.2354812
1.415484 0.4318336
1.403525 0.3122991
1.630366 0.429757
2.007967 0.3775727
1.185248 0.3834521
0.8468318 0.2218187
1.264335 0.3282972
0.9457269 0.4820023
1.20329 0.2551238
0.9726646 0.1178632
1.399307 0.4421006
1.475713 0.4241183
1.353462 0.08213338
1.387134 0.3026816
1.018132 0.07135849
1.335515 0.310716
1.495984 0.1289539
1.508246 0.2361875
1.124055 0.4090176
1.606436 0.1012373
1.51256 0.2514055
1.807679 0.2498157
1.934149 0.3948286
2.371228 0.1562244
1.580884 0.3299558
2.331533 0.2288066
1.952886 0.4218148
2.343545 0.1313717
3.964221 0.3851114
5.662597 0.3323758
5.388574 0.3731179
2.991728 0.2282623
4.793687 0.4921063
4.132031 0.3731369
3.174731 0.4821436
3.824401 0.3109586
2.978453 0.2170629
5.858 0.05186026
3.729582 0.3255137
3.245078 0.3066015
2.353716 0.4729619
2.825454 0.2012953
2.388069 0.3636433
2.346163 0.4117784
2.638229 0.1794925
2.542366 0.321941
1.856276 0.4898788
3.12571 0.04409368
1.188501 0.3391822
3.615196 0.3506112
5.693865 0.2096701
2.208144 0.1710013
1.782658 0.2407927
2.548377 0.1911619
3.825521 0.305867
3.277682 0.3938896
3.732096 0.2945924
3.129496 0.2287125
2.552431 0.1688361
2.416135 0.1938113
5.990582 0.157134
2.637986 0.1803111
4.576024 0.09441727
3.824806 0.278111
4.178423 0.07223419
4.672818 0.3397287
5.646703 0.2226227
7.535586 0.2628571
5.615186 0.2801271
3.157855 0.1142649
2.058693 0.4587511
7.358598 0.2275412
6.752106 0.05452857
3.914116 0.2820936
3.088688 0.1173125
3.122514 0.2721011
2.423812 0.2386929
6.126379 0.05425699
2.963867 0.1280584
2.8976 0.2646985
2.442724 0.07547168
2.212527 0.4907344
1.995379 0.09316046
1.778651 0.1819314
1.619723 0.2405684
1.300367 0.48117
1.496469 0.4255913
1.803235 0.4730513
1.008246 0.3115745
1.592902 0.4058731
1.206154 0.1877056
1.69739 0.4894391
1.429726 0.3194605
1.763728 0.3358774
1.641657 0.4009295
3.866921 0.3681661
8.419312 0.287303
6.165753 0.2313881
6.517881 0.2347655
8.848112 0.2241539
5.81065 0.1126762
4.021521 0.2094092
1.85099 0.121533
1.658656 0.1907945
1.593379 0.4188096
2.189827 0.2426263
1.841332 0.4440223
1.390556 0.49225
1.782445 0.2835712
1.25846 0.2922771
1.450647 0.3111974
1.502026 0.205677
2.270485 0.4112541
1.994168 0.4615039
2.353067 0.4848988
5.353717 0.1299987
2.559999 0.4837677
2.288379 0.2449153
1.992765 0.3254822
2.595152 0.4328993
2.767559 0.416918
1.793675 0.2953013
2.278027 0.355821
1.361431 0.08708377
1.713323 0.2028114
2.047973 0.4570889
3.003535 0.2070721
1.633852 0.291735
2.014127 0.4088797
2.473769 0.4417052
2.549193 0.02873291
1.547807 0.3297686
1.402381 0.2180207
1.86666 0.2862819
1.320731 0.2824099
2.763747 0.3220561
2.027289 0.2315131
2.469782 0.1252464
3.246836 0.2050272
3.001901 0.2700565
5.336285 0.106417
2.491509 0.07879713
17.39572 0.1119548
11.08555 0.08183345
3.979288 0.3612223
12.2315 0.1852714
4.074924 0.4348993
3.710288 0.2828614
13.06284 0.03280428
3.208247 0.2686195
4.313568 0.4788393
4.119644 0.1881075
5.253046 0.2039822
10.18974 0.2728567
6.180525 0.188183
4.09076 0.4320297
2.849511 0.1805358
2.841726 0.1212425
3.838096 0.4812289
1.824575 0.3007742
1.323075 0.347186
1.652061 0.4208548
1.586669 0.1747406
1.800266 0.3981611
2.074066 0.1874345
1.78887 0.2669638
2.556589 0.3132122
3.267955 0.2796278
2.686935 0.2325862
3.33416 0.04397438
2.932337 0.4016745
2.013184 0.1935128
4.824115 0.04642486
2.662477 0.2439187
4.455617 0.02602209
3.066439 0.3130817
2.680982 0.3872967
2.530168 0.2653223
1.492449 0.4537568
1.727928 0.03407006
1.846665 0.3300853
1.845864 0.2140063
2.113962 0.1210043
2.026276 0.397662
2.326451 0.06817368
3.158828 0.3681171
2.323939 0.3058867
5.961054 0.3456303
6.46796 0.2480759
3.680098 0.3216896
4.564516 0.04670967
13.41061 0.06028334
13.49675 0.07714712
14.32975 0.07140677
8.469897 0.03394819
3.188376 0.2380454
3.015102 0.4997509
5.31902 0.312455
2.551847 0.1483901
2.502696 0.4267923
4.421834 0.065444
4.460469 0.1825348
6.602043 0.07014098
2.996866 0.2196589
2.98773 0.476574
3.087078 0.1221214
3.671128 0.06840303
1.72412 0.4408198
3.421704 0.1139503
2.179847 0.4777572
3.899481 0.4449885
3.894705 0.3208767
2.669672 0.1706835
2.56211 0.1486075
4.067101 0.4125546
3.032307 0.2426117
2.383207 0.4769379
3.213715 0.1729375
2.306872 0.4658973
4.171159 0.1578755
1.602277 0.4861279
2.085047 0.2830699
1.955938 0.2643581
1.682771 0.2577272
1.608162 0.4534245
1.878794 0.2907242
2.299974 0.3473172
2.583295 0.1843416
2.851665 0.198468
2.566791 0.346022
1.412388 0.3979932
4.518826 0.2301545
3.94831 0.1307614
4.881827 0.3763283
3.232205 0.2643703
4.1877 0.2002999
4.991314 0.1746655
2.292198 0.4096433
3.011024 0.358164
1.366629 0.3708644
1.493581 0.3650271
1.370727 0.4270817
1.283159 0.4402571
1.732061 0.3572984
1.203351 0.3339267
2.481814 0.2652381
2.334099 0.1663741
3.116106 0.4423869
1.499539 0.373292
2.938561 0.4032455
1.52053 0.2043839
2.361556 0.1882482
1.790062 0.1606367
2.112635 0.3781587
1.7752 0.4044918
3.332016 0.3025135
3.38175 0.3190282
2.345704 0.07229682
3.823056 0.1364121
4.639422 0.3754456
1.925108 0.1799985
4.316736 0.4153168
2.825479 0.1513105
2.853693 0.3862332
2.06467 0.3573481
2.189331 0.3505809
4.193779 0.4549883
1.753853 0.3296425
2.327533 0.3154013
2.847396 0.2158925
3.374295 0.3840129
3.243368 0.4011581
1.875629 0.3486424
1.710904 0.2437194
2.938111 0.485022
1.774567 0.3502193
1.615157 0.3187404
2.267517 0.2631737
1.039064 0.4191247
1.420004 0.1081191
1.267196 0.3485897
2.600139 0.3053552
1.993859 0.4179439
2.098609 0.482226
1.72642 0.2067001
1.96116 0.3145526
1.764317 0.3102224
1.428207 0.1217449
1.477111 0.3403786
1.295089 0.09665476
1.116091 0.3443043
1.346098 0.3598803
1.357794 0.2359931
1.821332 0.06404462
1.701456 0.4478352
1.940798 0.1238194
3.048391 0.2306559
2.221245 0.4076725
1.33904 0.09600438
1.999557 0.202588
1.354938 0.4738277
2.146705 0.4670925
1.774838 0.4976998
1.714652 0.4971633
1.430159 0.3944411
1.402314 0.04097811
1.457934 0.4684596
1.235304 0.3074329
1.423877 0.237585
1.519588 0.159781
3.352245 0.3337335
3.209095 0.4380225
4.62042 0.2238043
2.51544 0.4007121
2.442873 0.2848134
1.623808 0.3437791
3.271498 0.09091662
3.137832 0.4522906
2.203817 0.2382729
2.157641 0.2898772
2.587097 0.2257722
2.282367 0.4620112
2.393606 0.1866635
3.105709 0.4033654
2.122795 0.2595475
1.841062 0.2349317
1.473009 0.2452066
1.277691 0.4539114
2.404311 0.3444018
2.431951 0.04751396
3.129424 0.09256763
3.060166 0.1038452
3.286039 0.2720482
2.426399 0.211777
6.981145 0.1540919
4.913884 0.3364102
5.08382 0.2850199
3.975276 0.2236854
4.630482 0.1691487
3.66954 0.0670278
2.886247 0.3692534
6.798925 0.2445539
2.643714 0.1124041
3.674593 0.4019102
2.926429 0.2358605
3.590803 0.230709
3.874138 0.4623737
9.169018 0.2123331
5.674907 0.3296314
3.42054 0.3124828
2.981146 0.3890873
3.813239 0.3074166
2.057847 0.1737445
2.795319 0.2745693
2.009486 0.308939
3.190969 0.3818681
1.718678 0.3781313
1.759859 0.4972546
1.775364 0.09141439
2.284404 0.4653385
2.32214 0.328565
3.960432 0.2480603
1.677166 0.432352
1.418396 0.1212627
1.446404 0.3266553
1.361277 0.4936426
1.914696 0.3081075
2.041283 0.1269967
1.565276 0.3839964
1.373907 0.3871642
1.312112 0.3400629
1.707135 0.1553679
1.801709 0.1599894
1.903852 0.1513417
1.550735 0.4376634
2.002443 0.3739076
1.726484 0.356425
1.309906 0.3967298
1.274025 0.2265435
0.9886082 0.2196253
1.011413 0.1644045
2.247351 0.2942426
1.379331 0.4031555
1.568119 0.243432
2.343476 0.446199
1.593361 0.2465752
1.934747 0.3967061
10.44825 0.1291864
4.593847 0.3331838
5.741738 0.09838362
4.36277 0.2924945
4.513843 0.4300285
8.846672 0.4227468
7.845834 0.2554819
6.945781 0.4913504
7.622672 0.2414466
6.423207 0.2033372
6.496488 0.057668
3.357144 0.1273922
2.291225 0.4200873
8.623356 0.02761634
2.976935 0.3466941
5.250642 0.2704709
5.757636 0.2481291
2.672574 0.2583058
5.345669 0.2112395
2.587284 0.1770119
6.024465 0.4085166
2.292157 0.09547122
1.505695 0.3176456
2.552067 0.3211681
2.387693 0.1723845
3.097575 0.195292
3.377331 0.3672004
2.518657 0.373988
2.6486 0.2114271
5.091334 0.04146142
3.360023 0.3975451
2.047317 0.15006
3.563365 0.2805115
2.30109 0.237304
2.272859 0.4200425
1.729386 0.1731634
2.095539 0.117601
3.115624 0.3440339
3.184399 0.134863
2.538946 0.1984908
2.265921 0.2930419
1.84868 0.3206785
2.662674 0.1754891
1.431895 0.348028
2.550847 0.2690658
2.296366 0.08180974
1.704841 0.4935737
1.790815 0.2121855
1.084366 0.47955
1.701753 0.4805389
2.51213 0.417475
1.659671 0.3573058
1.171481 0.3098275
1.654408 0.2568809
1.939607 0.3316327
2.790268 0.2410272
3.482039 0.1508354
3.758632 0.4676548
3.330647 0.2982406
4.519106 0.2770946
7.496119 0.2487964
5.448173 0.2238028
4.914762 0.08575899
4.918882 0.3932992
7.794391 0.1602382
6.350248 0.379668
3.834069 0.3962068
4.235876 0.3281851
3.132791 0.06199027
5.166836 0.1589314
4.935975 0.4848388
4.036803 0.4331906
3.318711 0.4463777
3.837434 0.154238
7.452047 0.09370032
4.111984 0.1719603
2.734784 0.2630545
10.25654 0.07384107
8.46261 0.2207806
4.831614 0.3422525
4.305167 0.2417094
3.640539 0.4382583
2.719977 0.3480844
6.251122 0.388172
5.9437 0.1512439
2.620299 0.02636343
2.111433 0.1280298
3.841313 0.2846148
3.427999 0.4137004
3.519494 0.4532202
1.932408 0.4794452
2.002052 0.3304194
1.797176 0.3227657
1.963903 0.06186022
1.698029 0.1450088
2.328646 0.2195718
2.55546 0.06506876
5.618399 0.4389036
2.516346 0.2631984
3.001797 0.4874738
3.747718 0.2391574
2.563867 0.3196742
2.116691 0.2138616
4.206706 0.3411151
2.434115 0.1640194
3.949588 0.1157903
2.579249 0.1038106
2.410033 0.4521265
2.627479 0.2413492
5.462279 0.2931336
4.884976 0.233505
8.405585 0.1104868
6.348605 0.07640364
14.10561 0.2092243
19.2969 0.02840278
3.668083 0.3888448
5.065388 0.1476114
8.074076 0.1544321
2.858015 0.2516982
1.962199 0.4970324
1.691761 0.4796779
2.047174 0.3824096
4.191092 0.05737701
2.034702 0.3487293
2.654801 0.2318463
5.554994 0.443671
3.181968 0.1698037
3.626031 0.2480844
3.583672 0.1207733
2.644679 0.4093435
2.37215 0.3252253
3.692354 0.2208925
2.500807 0.3264274
1.978859 0.477836
1.713742 0.499011
2.122016 0.4335125
1.281289 0.4709208
1.358607 0.3835922
1.573587 0.3789942
1.885336 0.3382526
2.291423 0.4268868
2.379207 0.1358119
1.700107 0.4715046
2.692098 0.3146923
1.06716 0.2724845
2.206752 0.1810388
0.9915478 0.2356659
1.423669 0.352943
1.724375 0.3940011
1.995172 0.298906
1.748025 0.4792062
3.526568 0.2741849
4.93996 0.2430938
4.637414 0.4959738
1.908351 0.3839822
4.709496 0.265427
3.720534 0.2547827
3.933389 0.09902411
4.830271 0.2983406
2.17385 0.3974022
2.353026 0.4070105
2.477228 0.1232078
5.514173 0.1912882
6.109132 0.1569745
3.116523 0.4590903
5.271894 0.312368
3.555156 0.2583727
4.256847 0.4212362
3.731952 0.293234
6.748721 0.1359227
4.355392 0.3279889
2.370718 0.2832154
2.945661 0.3716847
6.401871 0.2822549
4.657641 0.3903763
3.73853 0.3985051
3.747319 0.3686192
3.493388 0.1580827
4.747695 0.4970721
2.44362 0.4742469
2.984705 0.4835846
3.076811 0.2716074
4.229338 0.1887869
2.341914 0.3103927
2.149135 0.4583382
5.191488 0.3950999
4.819345 0.3054385
2.594257 0.4122598
2.102368 0.467903
5.307196 0.1600195
3.682866 0.3931591
3.095262 0.3566473
3.152137 0.3116596
1.570787 0.4168512
1.424758 0.2048373
1.637586 0.2094885
1.488286 0.1922688
1.822069 0.3558948
1.563112 0.3003061
1.522971 0.4203934
1.456371 0.3597428
1.695724 0.4556082
1.052633 0.3930177
1.909163 0.2755122
2.160423 0.02080248
2.086114 0.2191859
2.149405 0.3644515
1.647925 0.4671816
1.822623 0.3980185
1.854769 0.2995848
1.658695 0.1304445
1.633643 0.0945923
1.743818 0.08756983
2.015717 0.1892638
1.912119 0.3635024
1.974732 0.2156998
2.467736 0.185871
2.537169 0.4404423
1.985149 0.4711735
3.078264 0.2977056
2.137454 0.05784988
1.814359 0.386255
2.184566 0.3958192
1.577965 0.4220994
2.734183 0.3011275
1.989548 0.4012441
2.25868 0.4791483
2.021775 0.3556091
3.384741 0.3712819
3.992603 0.4679874
2.821591 0.0802954
4.57532 0.2870536
3.732841 0.3851257
2.528027 0.3212808
4.800077 0.4412185
2.433 0.3472317
4.020263 0.4210072
6.173981 0.2341482
2.446144 0.2839169
2.697415 0.09053936
5.322767 0.373661
5.577302 0.3021063
4.771976 0.1357381
4.073702 0.3131776
4.127943 0.4855389
2.007924 0.2972087
2.645504 0.05562048
2.2756 0.09659071
1.877069 0.3016266
1.932039 0.05482985
3.025437 0.2012511
2.707043 0.4487622
3.608825 0.2617276
6.262696 0.2902105
5.199846 0.1390478
1.355965 0.05751467
2.367559 0.4304192
4.202399 0.4885445
1.83924 0.3780484
4.004709 0.4142322
2.622088 0.2272959
2.846699 0.4903868
1.62721 0.07350829
1.972766 0.3257572
1.413579 0.440242
1.694315 0.2821136
1.440514 0.4812167
1.383906 0.440298
1.427677 0.1299962
4.577962 0.2992797
4.657029 0.2669059
2.986101 0.09860334
3.898937 0.3541515
2.633726 0.2799847
3.155817 0.07571676
8.045269 0.2027426
1.94802 0.3057036
2.180816 0.2825704
2.624972 0.1930621
3.301739 0.4906857
4.645448 0.4737299
6.068303 0.4922296
2.028321 0.2993206
2.151534 0.220292
1.864743 0.4661431
1.85051 0.3179226
3.053755 0.09570847
1.411564 0.3649488
4.077509 0.2624125
3.749827 0.2334182
2.919143 0.1313042
1.517466 0.2030079
2.130148 0.2546239
2.196446 0.2447424
2.151209 0.4180804
3.403741 0.1833818
2.058993 0.3361011
2.32028 0.1770142
4.396492 0.1109561
2.683925 0.3775193
2.264144 0.3904342
2.964524 0.08191039
2.078061 0.1885382
3.086625 0.2458936
8.596802 0.02638585
3.629068 0.1462961
6.253814 0.3355804
5.95801 0.137953
2.679338 0.2156656
3.226209 0.3444479
2.5131 0.2835245
3.347573 0.3115221
4.576594 0.09043496
7.663029 0.07263189
2.609022 0.0492763
3.786221 0.1159177
3.002104 0.2781742
4.968808 0.2382618
2.953322 0.2462067
2.854777 0.2149223
8.619963 0.4241239
4.567691 0.2832506
3.134963 0.4483736
6.795312 0.4225453
2.795716 0.09776884
2.740249 0.3263627
5.074776 0.290442
2.193277 0.2168087
2.376526 0.24495
3.018375 0.09775843
3.587194 0.42339
4.831211 0.3094764
6.426533 0.2407771
8.075284 0.1457154
6.952207 0.2285346
9.505196 0.09263727
3.90265 0.07642112
3.464277 0.3456449
2.628488 0.1733906
1.68779 0.05397427
2.29552 0.3718232
2.059586 0.4743382
2.268101 0.4589154
2.704407 0.1066971
2.141525 0.1677474
2.528537 0.1013052
6.402709 0.2380465
7.46355 0.08583166
4.689204 0.1086359
6.316739 0.1878686
6.470778 0.1816117
4.11383 0.3749448
2.993465 0.3352634
4.715711 0.04795292
2.297421 0.1151753
1.228385 0.06341038
2.350171 0.4225825
3.374929 0.3744636
2.439133 0.2954199
2.637368 0.4833006
1.709133 0.2952928
1.472944 0.3273843
1.119915 0.34941
1.360479 0.4096512
1.304474 0.2919133
2.178462 0.2861915
1.980554 0.1481734
2.59198 0.295853
2.488979 0.1823579
1.758836 0.1582489
2.081926 0.4697883
4.001754 0.287409
1.97374 0.0763365
1.708538 0.4977758
1.044966 0.3357279
1.271109 0.3298115
1.716829 0.1573368
2.11019 0.2068926
2.408616 0.4829369
3.150461 0.4005116
3.389603 0.1178981
2.332183 0.4931736
3.594719 0.1980486
2.059901 0.3309154
2.556924 0.4209207
2.894619 0.3581389
1.362227 0.3666063
1.345192 0.441417
1.20876 0.4641429
1.772488 0.3982611
1.559199 0.4137471
3.449215 0.4943841
1.996257 0.4456351
2.16757 0.1484792
2.717621 0.475383
1.926933 0.3865879
11.03888 0.1519018
3.175784 0.3938893
1.639106 0.3179138
3.255051 0.1585216
3.459994 0.1887986
2.652287 0.3709798
2.07283 0.04906519
3.969479 0.300061
1.519169 0.09539955
2.556565 0.316723
1.577081 0.4441135
1.236558 0.2213997
1.475577 0.4958146
2.818873 0.2559522
8.125269 0.3649655
3.250704 0.4940902
2.83691 0.04714169
4.674513 0.07723834
2.675203 0.4645881
3.462752 0.4432877
2.597495 0.1688364
4.856804 0.05765844
2.343375 0.2910333
4.177088 0.4767058
2.914961 0.3311375
4.80802 0.1300375
1.925016 0.1319941
2.526301 0.2737573
1.639447 0.09482493
1.856325 0.2569923
4.955489 0.3000023
2.710852 0.3112937
3.710307 0.09867332
7.650745 0.2510261
2.938262 0.3756023
2.460774 0.3165573
2.346916 0.400704
4.300235 0.276861
2.349011 0.4730106
2.163663 0.2196242
2.05283 0.4667802
1.419454 0.2519609
1.212963 0.05999873
1.467366 0.2660462
1.032543 0.2762958
1.536497 0.2080359
1.709159 0.08741326
1.208641 0.3075519
1.468874 0.135988
1.141505 0.2836317
1.421376 0.4015321
1.991628 0.2363003
2.253378 0.2751376
2.320961 0.3312537
1.498183 0.1746143
1.662791 0.3630831
1.805001 0.05928999
2.444272 0.2925191
4.083286 0.05873797
1.940827 0.4414449
3.423087 0.1206112
5.485095 0.3891672
13.16709 0.1238473
3.707045 0.1580272
3.134469 0.4999714
2.242804 0.3860129
1.748288 0.179232
1.672801 0.2661845
2.329197 0.2909713
1.916029 0.4160555
1.853068 0.4828411
3.790493 0.4228521
2.408664 0.442114
3.238298 0.133978
1.649459 0.4332344
2.552276 0.2854038
2.519764 0.4531665
1.851292 0.4407876
3.352699 0.445053
6.094675 0.1238374
1.895766 0.1852494
3.522842 0.2078391
3.090123 0.1198353
2.050247 0.468906
2.748503 0.1807223
6.905176 0.3211788
3.291736 0.3562623
3.090638 0.1665996
4.733394 0.2818902
7.086776 0.2684359
4.367432 0.3055593
8.697154 0.113618
6.957394 0.2739769
3.537254 0.2130689
1.952696 0.2523964
1.872589 0.4018757
2.235621 0.3776356
2.677892 0.2484704
2.760303 0.1706315
3.417682 0.2264161
3.746405 0.3793518
3.352941 0.263604
3.726571 0.3534841
4.217376 0.11451
1.873584 0.127985
3.426326 0.07305684
2.858428 0.4002021
2.518717 0.09676056
6.523843 0.2348992
3.686281 0.1799393
1.863277 0.1901447
1.913411 0.4555497
1.884123 0.3973488
3.927207 0.3818525
3.963198 0.07861346
4.104644 0.1760739
8.178226 0.3508947
13.10054 0.09504657
5.877467 0.3505991
9.855771 0.3282049
5.436299 0.3696076
2.815867 0.1936154
3.370026 0.07694092
2.733539 0.4184309
6.115199 0.05033873
24.84496 0.07740321
5.273857 0.4815029
4.425264 0.1912011
4.165632 0.3822151
5.47964 0.2117595
7.828028 0.2779176
9.049247 0.1937328
53.50772 0.04030852
8.087403 0.2192756
9.117253 0.1347507
8.318297 0.1215633
10.34833 0.07992358
6.60775 0.3010301
6.57687 0.2559682
4.637978 0.2160588
2.522939 0.104515
3.952226 0.3893822
3.532808 0.09801733
3.832371 0.4537304
3.895337 0.3622907
3.376697 0.4941448
9.681026 0.02226088
5.558073 0.0888932
3.801729 0.3051013
3.405553 0.4071864
3.188081 0.2740534
3.285918 0.4150586
5.005827 0.03641948
2.989625 0.2526865
2.240795 0.3210607
4.14031 0.05818184
3.752422 0.4680687
2.552049 0.4216627
2.487457 0.2010665
2.609105 0.07223583
2.995154 0.4196441
3.68766 0.4210829
2.319245 0.4270925
2.316197 0.09181519
2.097778 0.4756642
2.108896 0.178519
1.605426 0.3840286
2.620184 0.3689716
1.91138 0.4670244
2.504424 0.3651191
3.681917 0.2402351
6.147527 0.1913947
4.004454 0.08453652
3.710591 0.3641006
3.429 0.2014191
4.837109 0.4328154
3.949049 0.04799891
2.879726 0.343838
12.81768 0.3984783
4.373671 0.4027783
3.2931 0.1993433
2.017429 0.3740128
2.101282 0.4879016
2.056873 0.2364739
1.546769 0.1393249
1.342516 0.1337072
2.217884 0.1581548
1.677679 0.3142851
1.340606 0.3008601
2.192811 0.4159585
1.647887 0.3079637
1.590683 0.3510382
3.175895 0.4868073
4.060651 0.4007522
1.586022 0.3412244
2.212984 0.3522428
2.299643 0.4282731
1.682358 0.2284836
2.252847 0.3287644
1.573134 0.3666317
2.688814 0.2348544
2.598648 0.4092274
3.398897 0.3484143
1.879767 0.1736809
3.668343 0.2060538
7.144267 0.1736532
2.641775 0.3661905
2.179165 0.4721612
2.394551 0.04607683
2.289244 0.3240984
2.562256 0.2240355
1.787951 0.1584014
2.698432 0.4956989
2.058857 0.2714513
1.610085 0.2981828
1.719738 0.4504298
2.164426 0.1278866
1.628688 0.4698658
1.266368 0.2950459
1.421287 0.4752052
2.23393 0.2515486
1.886084 0.4528685
1.69664 0.2402271
2.124411 0.4776268
2.163751 0.3481463
3.969747 0.2596184
1.805356 0.2109196
3.831904 0.2780955
3.063641 0.1133494
2.985977 0.4229148
4.516635 0.2886576
3.912702 0.2671962
2.58323 0.2725048
3.287552 0.2834624
2.138844 0.4728181
2.135917 0.4024498
3.219467 0.1801513
4.569006 0.2604133
2.881592 0.2365304
2.728756 0.2087151
4.776205 0.1522893
4.47201 0.4087318
3.174945 0.4090443
3.704613 0.3785305
5.704641 0.4212249
4.750342 0.2767551
7.494586 0.09258849
31.39567 0.06876814
6.806056 0.1452007
2.911365 0.2958584
3.210512 0.1144316
1.982829 0.4116954
2.697297 0.243136
3.528897 0.1801781
3.736602 0.2164949
2.320691 0.3670006
2.528087 0.4737445
2.92124 0.3437538
3.76747 0.3200611
3.259264 0.4758404
1.990773 0.4526416
1.792937 0.3960058
1.718728 0.08145055
4.102559 0.1018138
1.860376 0.2243373
2.581435 0.2007522
2.57906 0.2707884
4.873815 0.2261601
2.670391 0.2906706
6.13469 0.4155235
2.588519 0.3998464
2.098613 0.4883104
2.976323 0.3113187
3.103827 0.2143043
3.911702 0.3217772
3.634861 0.4422801
3.805709 0.3654912
3.346718 0.1670238
3.733631 0.3522322
4.194257 0.2765307
5.016717 0.4506172
3.609674 0.2258518
5.692026 0.2282164
4.553313 0.08748212
6.849624 0.1581464
3.713818 0.2495939
13.66443 0.1127724
2.216768 0.4862345
1.534164 0.09873683
1.306434 0.4894134
1.502417 0.1101216
1.083835 0.1954684
1.028487 0.4008048
1.12582 0.2814319
0.9456205 0.3159176
1.317621 0.3700742
1.22393 0.2397356
1.390311 0.3530993
1.585647 0.273629
1.196593 0.1504838
1.310085 0.1099525
2.044816 0.3306966
1.030493 0.2602147
1.463225 0.2601686
1.428854 0.4330701
1.65536 0.1625924
1.394129 0.1752302
1.742316 0.367456
1.773642 0.3234099
1.35597 0.306814
1.277481 0.2482993
1.342136 0.1180813
1.136389 0.4953546
1.358432 0.3979722
1.637167 0.1565222
2.261646 0.1190232
1.801378 0.4573376
2.781833 0.1470167
2.767046 0.4790387
2.019494 0.05598906
2.060215 0.1155356
3.129248 0.2973579
1.770376 0.3707716
1.142363 0.3359689
1.578347 0.472401
1.713531 0.3487491
1.141132 0.06631186
1.304796 0.3722607
1.008549 0.05503001
1.409704 0.452689
1.330787 0.2335892
1.282214 0.4876079
2.329692 0.4716166
4.701048 0.162309
3.271865 0.1065603
2.844811 0.4706284
2.09715 0.2956132
3.041328 0.1104559
2.436972 0.2151071
2.162804 0.4816408
3.107681 0.2625187
2.96908 0.244141
4.291303 0.3183613
3.589332 0.3351395
2.579505 0.3823605
3.257695 0.4147341
4.265922 0.4316999
5.124606 0.1610401
7.941445 0.2123166
3.420645 0.4584291
2.199955 0.2850088
4.734164 0.2332865
6.82221 0.06290792
5.876112 0.1683297
3.27009 0.1653136
2.843552 0.2777517
2.424726 0.08139198
2.521983 0.3704914
2.017752 0.286963
2.204529 0.2297374
2.587275 0.1466078
2.361323 0.2359373
3.092473 0.1818015
2.205072 0.342181
5.376569 0.4959667
2.748919 0.3700907
3.678999 0.3142083
1.857862 0.475587
5.246211 0.3653382
7.599039 0.4453003
2.381063 0.4015477
1.523621 0.4488467
1.851701 0.2790443
1.460327 0.2560823
3.362234 0.2974229
3.827855 0.4701511
3.137995 0.2609023
3.181794 0.1435653
2.921109 0.1941471
2.575053 0.105464
1.955669 0.2446373
2.97432 0.1688717
2.432439 0.07805823
1.026263 0.2068238
3.201115 0.2357381
2.661273 0.2385647
4.459648 0.05771433
4.865422 0.2552127
3.673837 0.2207962
2.429929 0.4931213
2.046698 0.3487607
2.255236 0.2793629
2.435868 0.1736796
2.484813 0.2322207
2.817241 0.394212
2.84171 0.2884257
2.579733 0.3284175
2.104721 0.2013392
2.211102 0.427217
2.520748 0.2586405
3.036471 0.2130254
3.285367 0.08840495
1.978137 0.467925
3.144366 0.112035
1.903567 0.2569122
2.443031 0.08963031
2.346953 0.2961492
1.994855 0.129437
1.336422 0.304724
2.352363 0.119259
1.490895 0.2498181
2.943419 0.2881241
3.66661 0.1556107
3.407873 0.2305174
4.250057 0.1833906
3.024373 0.4906532
2.660089 0.4835256
3.732818 0.08654181
2.292587 0.1713757
4.553376 0.1424031
4.616081 0.2746492
4.885971 0.4631027
7.609741 0.1133382
9.768751 0.1753766
4.647555 0.08136023
4.161677 0.3881976
6.510247 0.2474717
2.880338 0.1864763
3.137944 0.2745544
2.603984 0.2338698
3.823144 0.3975902
2.256686 0.1675859
2.083589 0.4274191
1.637592 0.2252111
2.915032 0.1627442
2.826747 0.4778529
2.631258 0.3691293
2.64669 0.3434176
3.57246 0.3918314
2.878509 0.2937318
3.162447 0.3995538
3.044776 0.4511635
3.896394 0.2371025
4.81866 0.2738337
4.768476 0.3991019
5.520837 0.1673478
2.093011 0.03248723
2.65783 0.1414926
3.363753 0.212796
6.060715 0.1439375
6.623963 0.08470307
3.138353 0.3694918
2.553188 0.4271638
1.745872 0.3724451
2.013063 0.4630961
2.658925 0.2606111
1.791845 0.392312
1.564251 0.3892967
1.754534 0.3464615
1.155822 0.4251232
1.76108 0.1911292
1.864537 0.3586739
2.155747 0.3502355
1.494968 0.385979
1.862199 0.3769089
1.544748 0.3079512
1.361863 0.4330704
1.380972 0.1567197
2.164832 0.4511544
1.890245 0.0266126
1.607078 0.4354892
1.854946 0.1762589
2.668045 0.3549854
2.839329 0.494905
1.916975 0.4371578
1.986161 0.4200149
1.770688 0.2331795
2.165418 0.4501613
2.494572 0.4155066
3.090146 0.208748
2.421329 0.3031271
2.895911 0.1907861
3.113075 0.3200136
3.245627 0.2685658
6.838632 0.0555882
3.064088 0.4184673
2.032156 0.2052178
3.995463 0.2132628
2.119517 0.2892891
5.676013 0.05216753
2.32064 0.3648892
4.658541 0.1177147
3.96894 0.1444581
2.07803 0.3714605
7.449067 0.2499224
3.977508 0.05164097
3.782805 0.467001
5.466955 0.3689045
5.402079 0.1760272
8.695227 0.202304
2.391567 0.2231814
2.21177 0.4825952
3.111676 0.2573151
2.710323 0.4943037
1.594946 0.3351782
2.417491 0.06400367
3.474125 0.1699909
4.489155 0.3485072
3.748151 0.1044504
2.142935 0.4682864
2.585908 0.4941174
3.457948 0.3749458
3.526759 0.2881803
3.319316 0.2493841
2.642142 0.2960405
3.312268 0.3798033
6.780243 0.04038268
3.131058 0.3902454
8.281877 0.1052756
6.274315 0.1919534
4.038955 0.2027044
5.039561 0.4640247
5.316533 0.3205793
6.536576 0.4953895
5.903879 0.102293
6.643917 0.05829634
6.013075 0.135554
4.687264 0.3447807
7.732967 0.1174641
47.55506 0.06203851
4.265476 0.3579306
4.899944 0.240438
5.182806 0.1479875
8.852803 0.1374995
2.937084 0.3683543
3.463609 0.2238615
2.41634 0.4572966
2.385023 0.2446186
1.657207 0.3770436
1.385826 0.3091824
1.963558 0.2740255
1.096156 0.4032961
2.057595 0.3721176
1.510937 0.2395377
1.810241 0.1753178
2.677214 0.3452955
2.335286 0.3227544
4.879609 0.254275
4.877063 0.137847
2.870236 0.08171415
2.168241 0.2538646
4.248081 0.4561156
5.780998 0.1503975
3.077067 0.4434815
2.042787 0.4131414
2.540448 0.06994471
6.75357 0.1708723
2.672316 0.4086221
3.554829 0.1540739
2.263355 0.4769455
1.976647 0.4699762
2.79878 0.4812107
4.319471 0.2894732
3.812723 0.1739561
3.729476 0.304456
2.682517 0.3317385
2.665697 0.2074785
2.779396 0.1267686
4.094309 0.4650174
1.869557 0.3380138
1.972119 0.3585629
1.62691 0.4253738
1.716411 0.3151273
1.355998 0.4127507
1.897984 0.2768591
1.904985 0.3068013
1.718994 0.2354206
1.859341 0.4853877
1.340698 0.3789474
1.135758 0.22197
1.808052 0.115652
1.45723 0.1658696
3.034092 0.3012426
2.005439 0.3394851
2.103566 0.2692076
1.827505 0.3499719
2.073416 0.3398482
2.056606 0.3722638
1.758272 0.2286929
1.637861 0.4755593
1.758454 0.4312768
2.512655 0.348928
1.799952 0.2658965
1.967782 0.2534997
1.877828 0.2648221
1.847572 0.0882015
2.658473 0.2367244
2.438174 0.2447832
2.650094 0.4372219
3.242886 0.1835075
2.277179 0.3827405
1.488085 0.2580654
2.568824 0.4267737
3.364621 0.482636
6.742273 0.4968954
4.605951 0.1512159
1.830458 0.2283548
1.252425 0.3723975
1.614262 0.4401563
1.887254 0.2300045
1.249963 0.2764434
3.729039 0.1937692
2.821978 0.1689288
3.295028 0.4507647
2.57223 0.2814275
2.417038 0.05786579
2.771811 0.2960554
3.742934 0.39628
2.988285 0.1949526
3.929457 0.1957188
2.178172 0.1561623
2.553674 0.383211
3.053362 0.09847578
5.531945 0.1432695
4.465522 0.2968622
7.057211 0.4047264
2.856682 0.1849847
3.636472 0.455998
3.198199 0.198536
2.749272 0.4026273
2.213285 0.447402
2.825175 0.181699
2.934113 0.3795197
2.050624 0.2881145
3.5396 0.07487911
2.219283 0.09723743
2.251219 0.2557612
5.426481 0.3503189
2.672162 0.4446802
3.660833 0.1752947
1.809196 0.2864045
1.972481 0.2589151
2.289251 0.1392354
1.980878 0.07563135
3.139186 0.1814967
2.598308 0.1263536
2.926931 0.1046507
2.020779 0.2437005
3.14808 0.246111
2.295848 0.1377327
2.193949 0.406442
2.784213 0.1314556
3.093544 0.1988585
2.123385 0.4212845
2.29363 0.3719875
3.258653 0.226337
3.249722 0.1016906
6.216211 0.3954488
5.373405 0.3713257
3.889033 0.3404809
3.578174 0.3476845
3.126061 0.091189
2.591302 0.4482438
2.206721 0.2654235
2.469214 0.1878221
2.451112 0.1820054
2.8979 0.4691448
3.571946 0.06528666
2.066735 0.4983652
1.679406 0.4501904
2.363795 0.4317775
3.664896 0.1814493
2.456788 0.1988966
2.79167 0.4694495
5.433811 0.06052313
4.971622 0.3350615
12.13606 0.2420449
9.767681 0.3281011
2.421021 0.2580339
1.745167 0.2284105
2.612953 0.1498518
2.502196 0.06975557
2.835541 0.2962243
2.101418 0.03066419
1.730936 0.3050743
1.544128 0.4507682
1.752768 0.2262065
3.60251 0.4691421
3.387731 0.311619
2.95538 0.2102152
3.125932 0.3162642
2.077251 0.3956316
2.001884 0.4058155
1.556017 0.2182771
1.791035 0.3925413
1.714682 0.1798146
2.110013 0.09811906
1.563593 0.493076
1.526273 0.2699926
2.201081 0.2726004
2.671079 0.409417
2.340919 0.3089778
1.900199 0.1339614
1.362896 0.2384965
1.781694 0.3446797
1.869696 0.3838239
2.730668 0.4751262
2.407398 0.4997881
7.542393 0.2136039
4.409932 0.2807737
4.191621 0.171434
3.740802 0.4639229
3.007536 0.2687887
5.53959 0.2557903
2.69759 0.1978437
2.270498 0.4602796
2.596787 0.263612
2.655467 0.381408
3.585186 0.2385166
3.049131 0.3141775
1.968483 0.05309522
1.656168 0.07755494
1.561707 0.3208301
2.48121 0.1577322
2.006038 0.287114
2.789277 0.2619361
1.975184 0.4847387
2.430084 0.2265906
3.972669 0.2616838
5.31491 0.4794941
2.715972 0.04070312
8.274308 0.2976258
6.123031 0.3251871
6.869183 0.3130063
3.197329 0.415649
3.312447 0.4873593
3.546191 0.2526315
4.342933 0.02902014
2.946135 0.4727804
3.155201 0.3055896
2.536599 0.1230344
3.507872 0.1219751
3.030866 0.2743661
5.754733 0.3173015
2.308044 0.4263462
2.310034 0.09548965
2.300747 0.2756232
1.823928 0.343579
2.030177 0.2638228
2.117676 0.238156
2.072575 0.3844767
2.001563 0.03424839
2.374561 0.4650923
1.699956 0.4934953
5.237201 0.1985321
3.805241 0.47492
3.525641 0.2704888
3.321357 0.3494365
2.573928 0.3488176
4.169591 0.1919082
2.90832 0.1876157
4.313317 0.1949577
3.994109 0.4583658
3.008857 0.2117287
2.177041 0.2390264
2.714122 0.2983874
2.070418 0.3122692
1.490579 0.3621363
2.027142 0.214001
1.983559 0.05490553
1.80806 0.3404841
3.599823 0.4180887
1.373258 0.2114062
3.570505 0.3803073
3.025786 0.4279044
5.268061 0.2965611
4.530658 0.1644443
3.243802 0.4913758
1.700155 0.1961081
1.485791 0.3174658
3.134844 0.1698062
1.512501 0.2201484
1.641362 0.1666988
1.848955 0.4071746
1.961715 0.4288333
1.790802 0.4466403
2.349589 0.4836649
1.300092 0.3907196
1.775062 0.4282386
1.646541 0.2699489
1.549018 0.257029
2.232174 0.3112177
2.760937 0.07882836
1.590241 0.2557827
1.372778 0.3971058
2.113065 0.2459563
1.511325 0.4972324
2.943071 0.2439592
2.077569 0.2668138
2.608826 0.1670377
2.639134 0.2269687
3.205559 0.4491321
3.904653 0.2175923
2.634425 0.2206527
3.794739 0.3427021
7.729249 0.1241102
1.91733 0.1979881
1.768459 0.1579887
1.045561 0.4236661
1.440969 0.3018544
1.144884 0.4334761
1.043347 0.3421856
0.8705994 0.3740608
1.195544 0.2524302
1.5755 0.3375257
1.706781 0.05571796
1.67834 0.4445515
1.542999 0.21024
2.363451 0.1745174
1.92656 0.3273973
2.004987 0.2349755
1.646482 0.4785666
2.216709 0.3571733
1.759628 0.1776552
2.190352 0.2543673
2.087841 0.3151084
2.489546 0.1554475
1.595007 0.17075
3.605016 0.3348094
3.881156 0.09730858
2.706703 0.3335495
2.233792 0.4913837
2.600076 0.299229
2.457905 0.4653888
1.983899 0.3833371
1.739439 0.2074635
1.904816 0.1600265
2.364128 0.3133481
2.545876 0.3236423
2.103598 0.3169868
2.131778 0.3499477
2.372697 0.227645
2.17584 0.3499513
1.567697 0.3925176
1.873927 0.1856603
2.018481 0.4011905
2.848869 0.250923
5.615335 0.3120342
2.052465 0.4674243
2.421115 0.06633862
2.334201 0.4994368
1.401934 0.3070568
2.00791 0.3514938
2.852569 0.4514752
1.759163 0.05439675
1.554189 0.4106983
1.903327 0.3224386
1.7606 0.2810796
1.27788 0.4549373
1.663886 0.4413194
1.811545 0.2732457
1.873653 0.145261
1.46815 0.2413347
1.318083 0.1946349
1.427211 0.4244939
1.217787 0.4027889
1.431402 0.2220915
1.279359 0.3149982
0.9780186 0.464147
1.427808 0.4263476
1.248646 0.4679839
2.454321 0.3479741
2.222232 0.1694582
1.709254 0.3593873
2.71799 0.05776359
4.205782 0.1450271
2.56615 0.4916683
4.176813 0.3019678
2.172931 0.429082
2.062148 0.3439842
1.3797 0.2188679
1.673002 0.463667
2.384042 0.1040706
1.653908 0.370295
1.56092 0.3339859
1.4096 0.2632159
1.264262 0.1419336
2.189259 0.3322818
2.348954 0.3111314
1.640564 0.1454405
1.943422 0.2550952
2.576022 0.09399425
2.899883 0.2670112
3.617051 0.3484523
3.834932 0.1924945
2.379205 0.389141
2.764066 0.4169041
1.701673 0.07507038
5.108304 0.2649135
4.407143 0.1791997
3.136476 0.2166289
3.897857 0.369398
2.910236 0.4811516
4.477802 0.3535554
4.80923 0.02325378
2.801433 0.2255398
1.79189 0.3705399
3.025462 0.07762355
2.585735 0.4732088
3.308803 0.2121373
4.740805 0.0657405
2.551428 0.3503796
4.700376 0.1741298
4.04375 0.4399413
4.668589 0.1469955
2.827802 0.09089527
3.595807 0.2999192
2.413869 0.4408825
3.488894 0.2475091
2.904953 0.4561157
2.851247 0.07344657
3.30754 0.1806553
2.205977 0.3477059
2.025507 0.4016024
3.519091 0.1735295
4.138085 0.4303432
3.65257 0.2434403
2.084849 0.4884927
1.829 0.2339404
1.441043 0.414353
2.294478 0.1899101
3.485306 0.4598181
1.518557 0.2776347
1.499958 0.428305
1.282543 0.2917968
1.147896 0.4944045
1.748875 0.3980196
0.9802999 0.1273359
1.267547 0.4397221
1.627841 0.4219678
1.066429 0.1650064
1.340839 0.4523777
1.517506 0.2759544
1.757494 0.4243497
1.11659 0.2535214
1.334407 0.386969
2.188301 0.3609055
2.203479 0.1829544
1.608925 0.3025317
2.998684 0.4205759
3.330193 0.4189863
2.987273 0.4928938
1.880091 0.3842789
3.640973 0.1676176
3.113804 0.228014
3.14536 0.4359568
2.35076 0.3966593
3.54334 0.4155739
2.09178 0.2720602
3.169529 0.2199583
2.841805 0.2827705
3.198333 0.3351374
3.060156 0.4135628
2.453288 0.3908565
3.857833 0.3718258
3.852821 0.4627549
2.970831 0.4143117
2.711669 0.02634095
4.109915 0.3423556
3.438745 0.1505885
1.674931 0.4239335
3.191361 0.3615334
2.195498 0.4862675
2.195134 0.3929557
5.606858 0.08702174
3.503284 0.09519691
3.427779 0.1680722
2.497409 0.1809359
2.532793 0.2230284
5.606883 0.1098903
5.318872 0.03016028
3.365565 0.4298562
3.188452 0.3039365
4.041744 0.1337277
6.823467 0.4915612
3.600295 0.2368918
2.493577 0.2942647
2.731404 0.4435726
9.195115 0.08432101
2.028281 0.4741555
4.75644 0.08102128
3.305591 0.4838581
6.76253 0.1351675
2.930916 0.1266843
1.698135 0.4719043
1.674928 0.4671767
1.634592 0.3749582
1.694829 0.1569402
1.992555 0.2245643
1.946263 0.3900707
1.170886 0.4642622
1.922979 0.4620885
1.287202 0.2293499
1.179779 0.3292108
1.15166 0.3401342
1.467044 0.1792584
2.02378 0.2207183
1.569124 0.4756474
1.86228 0.1296761
1.384361 0.2523978
1.051425 0.4471492
1.147066 0.4893175
1.533136 0.3368589
1.341497 0.461156
1.401959 0.4794229
1.351884 0.3840775
1.194717 0.3721507
1.148142 0.2388773
2.144179 0.1252229
2.109065 0.141304
3.853553 0.1799892
2.615622 0.2910671
3.255563 0.3409462
2.655733 0.2044224
5.96011 0.1112331
5.87679 0.2971925
8.934913 0.03808578
1.976244 0.3262634
3.45959 0.3509022
4.378623 0.2522301
3.544433 0.401314
5.057589 0.2929823
2.982541 0.321926
5.768059 0.39069
3.443763 0.1705482
1.420008 0.4637202
1.659454 0.4314174
1.848726 0.0523074
1.711897 0.3357876
1.954804 0.4554894
2.268061 0.3832163
2.279916 0.3549035
2.602022 0.09228273
1.073148 0.3978698
1.769037 0.3669151
1.865088 0.4347507
1.178563 0.1498353
2.412588 0.3047159
1.344696 0.3509479
1.837632 0.184542
2.145865 0.2088929
2.103285 0.1939193
2.340966 0.3790856
2.233501 0.04427451
1.701121 0.3609621
1.122245 0.3133427
2.33415 0.4279777
2.311995 0.3564506
4.028315 0.2140581
3.372974 0.453499
3.551599 0.1903823
4.24886 0.2632522
3.949904 0.4857307
3.969286 0.3940737
6.954751 0.2317999
2.526584 0.2202408
2.606083 0.48326
6.856696 0.2637406
5.516025 0.3938044
6.061498 0.1949058
2.328623 0.3475303
2.888982 0.4121494
6.163389 0.3484934
4.953001 0.458552
7.717712 0.4865104
10.36787 0.08077838
6.544445 0.3739434
5.304655 0.04431937
5.1388 0.3863351
3.854397 0.3842274
3.81208 0.2001342
4.457503 0.3477896
3.944036 0.0434975
1.830995 0.3841193
2.724543 0.1455127
2.056388 0.3064521
2.087086 0.2989714
2.003505 0.3307054
2.175682 0.1014815
1.270007 0.4049239
3.208976 0.3673986
2.094818 0.1707435
2.008367 0.4100577
1.137874 0.2736912
2.344171 0.214872
3.794783 0.3970692
1.776862 0.1967241
1.399284 0.4422199
2.238869 0.192873
2.384869 0.3258307
3.219459 0.4998916
5.646209 0.2363288
3.17087 0.4316775
10.90032 0.1948017
4.082681 0.2494053
5.273464 0.478271
5.291961 0.3723804
6.519454 0.1529503
8.32926 0.1327255
3.328361 0.1393285
2.854219 0.3887811
3.207716 0.3338106
4.021956 0.3183238
2.00342 0.2647378
3.546318 0.2971096
1.761413 0.4345198
1.725586 0.3144654
3.471503 0.1438577
1.360127 0.3851698
1.770345 0.411484
1.897959 0.2153078
3.884887 0.4586878
2.29994 0.3092318
2.070233 0.351832
1.553695 0.02923735
3.906264 0.2098994
6.058218 0.1833138
7.35549 0.2162555
2.472659 0.2538075
2.08602 0.4232036
2.119578 0.3532715
1.892277 0.4414484
1.70484 0.366153
1.797514 0.4332274
1.646209 0.09692113
1.127661 0.1699538
1.760462 0.1176297
4.798527 0.0965506
3.817012 0.2450828
2.853237 0.2464636
2.142098 0.2289415
4.496666 0.1954456
2.65621 0.1106396
2.816534 0.3060978
1.844023 0.1935556
1.898791 0.1666795
1.296507 0.2126944
2.530213 0.3671869
1.888339 0.4450974
1.835292 0.4258563
1.801786 0.3825151
2.040795 0.2850186
3.520038 0.210682
3.565699 0.4346868
2.597862 0.32284
1.76837 0.09292178
2.089454 0.1207489
2.174353 0.141872
4.654823 0.4802345
2.741073 0.1079503
2.333258 0.3952979
1.757572 0.200111
1.329363 0.4543193
2.676922 0.4156962
2.753202 0.2476604
3.163589 0.06612464
2.590382 0.3550694
6.139849 0.393166
4.828782 0.4917099
2.732878 0.4613033
2.914091 0.1870328
2.971977 0.4679084
2.74118 0.250399
2.117877 0.3148831
3.857195 0.2883409
3.500039 0.4699833
9.46843 0.04760011
2.316875 0.3394869
2.794492 0.2349736
6.409876 0.3062126
10.54557 0.3180015
4.627792 0.2953053
3.953337 0.2164289
7.570852 0.06180007
5.689949 0.3600567
7.316082 0.1286965
8.190433 0.3791344
9.894832 0.1987424
2.38714 0.1387033
3.057893 0.111626
1.917517 0.4628793
2.067846 0.3623443
1.987234 0.2273549
3.488266 0.2480472
1.99421 0.4474608
1.78755 0.3024958
2.396299 0.2957106
4.567543 0.3552642
5.332491 0.3611055
3.640338 0.3500736
4.97415 0.1068135
4.244842 0.4068326
6.717696 0.3141785
4.313196 0.3115414
3.807766 0.305135
4.646814 0.09601213
2.343819 0.3193493
4.985222 0.1420514
2.55739 0.4050214
2.047971 0.4528943
4.137471 0.3590181
3.03145 0.2804212
4.716804 0.2383426
2.597394 0.491079
2.833944 0.4008229
7.830606 0.4632178
10.28578 0.07133477
13.71244 0.0553151
6.805464 0.1988052
2.208492 0.2488324
3.266919 0.3089986
3.281447 0.1390437
3.504032 0.4467536
4.083109 0.3300598
1.853499 0.4363814
3.452609 0.3360549
3.81206 0.08114609
1.94607 0.2537858
2.558928 0.3378204
2.80685 0.4197894
2.417473 0.3263084
2.198748 0.2375604
2.091502 0.273586
2.347583 0.3918288
2.045594 0.428417
2.223115 0.430542
1.732113 0.2144274
2.920732 0.4333186
2.692236 0.3906623
2.587744 0.3334407
2.132522 0.3160924
4.089447 0.1688715
3.927465 0.2727612
2.682198 0.2366625
4.759042 0.4231363
2.427179 0.4684809
5.448523 0.4797011
4.447441 0.412627
4.052313 0.138195
2.640904 0.1966764
4.186434 0.05482582
4.62773 0.2255785
3.651578 0.2265471
2.063189 0.1922037
1.456706 0.2767518
1.213501 0.1612553
1.316109 0.297537
1.10002 0.438032
1.40222 0.4174443
1.178225 0.3455325
1.365112 0.2148159
1.324237 0.4294806
0.9572902 0.4936573
0.9196446 0.3139875
0.81218 0.4306692
1.169171 0.4013654
1.366272 0.1773328
1.808651 0.1301899
1.941654 0.244054
1.403264 0.3251768
1.540603 0.4358542
1.832145 0.3756919
1.857956 0.2878123
1.75315 0.1736103
1.663379 0.3718667
1.821668 0.4638857
1.51194 0.03935855
1.150944 0.3839146
1.426342 0.4465164
1.041525 0.3557365
1.27902 0.2068043
1.135106 0.2636946
1.311345 0.3850203
0.6554629 0.3124765
0.8320734 0.4467826
0.7196848 0.3259577
1.2292 0.2728254
0.811055 0.2818583
0.9894063 0.02483837
1.045256 0.03621789
0.9672055 0.1445987
1.096353 0.1949412
1.653037 0.4763502
0.8041621 0.4834503
1.260669 0.2056462
1.040885 0.1243669
1.955043 0.1590503
2.885682 0.1431694
1.554088 0.1138275
1.906217 0.179061
1.534346 0.1599093
1.794994 0.4104782
1.483845 0.1601633
2.225897 0.2109426
1.150513 0.331357
1.440166 0.4419804
1.194207 0.4241241
2.08629 0.4902272
2.235853 0.2776058
2.504635 0.03854836
1.441835 0.3262629
2.129594 0.3867478
2.136406 0.423914
3.375203 0.4884574
3.327703 0.3718993
2.504013 0.3792808
3.10523 0.07365367
2.976849 0.0901279
2.866925 0.1732413
2.437206 0.1929828
1.812122 0.4277733
2.926459 0.4689898
2.864952 0.204173
3.825325 0.3373657
2.855203 0.2207089
3.317731 0.4818989
2.972361 0.2991228
1.638179 0.1131326
2.143182 0.3297442
2.639105 0.341925
1.878606 0.2009729
1.347714 0.3493091
1.508546 0.4160889
1.245123 0.2761163
1.243553 0.2456331
1.443644 0.1289035
2.117894 0.359491
1.644188 0.3158528
1.828605 0.4684951
1.801578 0.3357492
1.985785 0.4941548
2.129008 0.4205639
2.308288 0.1122853
1.70865 0.4929051
1.558 0.4551802
2.211908 0.3556348
1.981206 0.332767
1.892581 0.2458145
1.979594 0.1263963
4.270257 0.2344937
1.925553 0.3845947
2.972643 0.07438312
4.635507 0.3613274
2.447375 0.3448266
2.820678 0.3520246
2.200679 0.2324709
2.861171 0.3372004
2.897428 0.1138652
3.846431 0.323636
2.466984 0.2284635
2.904988 0.3914733
4.400712 0.3694415
4.971731 0.4130361
5.430866 0.4986207
3.809936 0.2190852
2.643992 0.31363
3.173008 0.2355895
4.283215 0.4521445
5.258168 0.17593
6.953696 0.4207329
4.177835 0.2682588
5.306362 0.314127
3.091493 0.1818686
3.73064 0.4403684
2.876741 0.1886741
5.194488 0.4170667
2.587206 0.3540642
2.205397 0.3511956
2.070117 0.3808728
3.677603 0.3367115
2.856957 0.4089922
3.191032 0.2161213
5.212392 0.3911641
2.192337 0.2663067
5.2149 0.333952
1.569655 0.1777797
2.764276 0.2068985
3.156258 0.4119168
2.440824 0.02898042
1.202691 0.08666447
1.667653 0.2183613
1.273947 0.2489116
1.662785 0.2545643
2.279929 0.4223476
1.94274 0.2254198
1.666493 0.4408178
1.302369 0.47412
1.519205 0.4844017
1.56393 0.2623753
2.008725 0.3703426
1.665255 0.0926988
1.299999 0.4502556
1.613827 0.1231853
1.997705 0.3794296
1.290073 0.4677378
1.669332 0.3846208
0.9562026 0.1828733
0.9952295 0.2504425
1.032504 0.4010439
0.9015689 0.3381352
0.8330281 0.4565392
0.875063 0.3704152
0.9135173 0.3089777
0.9174259 0.3033989
1.276894 0.02403927
1.095444 0.3133716
1.060286 0.2931804
0.6840488 0.390945
1.215145 0.2610575
1.752012 0.2490295
1.324335 0.2543624
1.174982 0.1540068
1.041686 0.4163763
1.237029 0.0601912
1.149713 0.3307203
1.075577 0.3025287
1.133523 0.2468203
1.067313 0.2499743
1.087219 0.4178058
1.385026 0.4845554
1.501247 0.2556078
3.4787 0.08842783
3.046363 0.4656806
2.143765 0.07403355
3.579857 0.162088
3.259721 0.08848172
2.447485 0.04548204
4.354763 0.1329364
3.922729 0.3062159
2.719892 0.2676355
3.699966 0.09437514
3.200945 0.3028054
3.053525 0.4022635
4.713773 0.4527601
3.476231 0.4238377
2.971613 0.1929981
2.093269 0.357351
2.440836 0.3126364
5.267336 0.09228989
4.362484 0.1799131
3.143057 0.165741
4.493099 0.2882569
6.358523 0.3101746
3.681049 0.04641086
3.184588 0.4054493
1.770236 0.4798803
2.439127 0.4034084
3.373904 0.1907234
4.775032 0.2447232
3.402639 0.4633118
2.621362 0.4809567
2.406065 0.06229704
2.001234 0.2982138
1.964287 0.09575312
1.743853 0.3499999
2.618563 0.195716
2.745372 0.3311801
2.015773 0.1695761
2.654199 0.3058558
3.244641 0.3145171
2.023767 0.2206814
1.868712 0.2339362
1.751449 0.3818121
2.124498 0.05381564
1.567169 0.3962904
2.821819 0.1739018
2.835965 0.3418521
2.773172 0.3293584
2.057196 0.3603498
1.736303 0.2684346
1.997155 0.4189842
1.61651 0.3760098
1.624973 0.4212836
1.42412 0.2508813
2.038527 0.1992693
2.030699 0.2870347
2.384967 0.4264967
1.635257 0.1102793
1.094189 0.3183741
1.499997 0.3469285
1.306081 0.3261197
1.551346 0.1897583
1.620666 0.3632488
1.295782 0.02103916
1.262198 0.4486636
1.90889 0.484771
1.465006 0.3764607
1.046943 0.3856774
1.342832 0.220041
1.206601 0.3566414
1.156285 0.3972841
1.344724 0.0967281
1.067778 0.4264147
1.436579 0.448768
1.434154 0.4693476
1.42658 0.1984332
2.736509 0.4173152
3.420486 0.4633467
3.911705 0.1597664
2.261798 0.4502849
3.559067 0.4101249
6.840655 0.2004942
4.211939 0.2393026
4.528724 0.09726328
2.121809 0.3782037
2.54396 0.4323175
2.315792 0.305692
3.162955 0.1033808
6.104143 0.4705374
5.172816 0.1425986
3.749847 0.1930963
3.011237 0.2748144
2.986757 0.3864447
4.708575 0.24396
2.768801 0.1812459
7.28 0.03276556
2.798951 0.4383209
2.580002 0.2320264
4.076604 0.1635513
3.176315 0.1048633
2.901079 0.4351446
4.936636 0.4668106
6.085047 0.274655
6.266227 0.3111474
2.61747 0.4010943
2.547539 0.2443304
1.941235 0.2827733
2.720885 0.3917469
2.705578 0.3113133
5.003738 0.3263966
3.411163 0.1754751
2.063006 0.06473398
2.891533 0.02089395
2.95511 0.1967225
3.408987 0.2114372
3.738678 0.458017
1.902293 0.4331214
2.458782 0.4270936
4.98791 0.1209057
2.063732 0.4957227
3.260201 0.3101295
2.080648 0.2900427
3.218027 0.471654
3.507485 0.440986
4.807271 0.4769117
4.201771 0.08352324
7.481934 0.3437988
1.911589 0.4742338
6.108347 0.12106
6.870936 0.1859233
2.544879 0.2418736
2.319062 0.1811543
1.833989 0.3572856
3.195856 0.1827418
1.87779 0.2178277
3.66063 0.4719224
2.755283 0.2906676
8.578003 0.1140968
2.297097 0.1855254
2.234933 0.4170446
4.113275 0.2283034
4.194598 0.1769082
2.637655 0.2254463
4.084772 0.206677
3.733551 0.3203931
3.313682 0.1476073
3.041458 0.1206301
4.321518 0.3169771
1.986724 0.3725397
1.784597 0.2019696
1.516492 0.3659519
1.48626 0.4339169
1.295783 0.4587632
2.160152 0.06528862
1.266175 0.2806331
1.528235 0.4892887
1.852717 0.440544
1.404503 0.3855692
1.481307 0.481717
2.086014 0.4693919
1.706494 0.3496269
2.783396 0.1930002
3.082009 0.4043838
2.530119 0.3232031
2.291232 0.3190033
1.545176 0.1777326
3.884225 0.183368
6.659656 0.09392722
7.571872 0.1043963
5.951197 0.3465594
6.609125 0.2476243
3.292307 0.108139
3.813384 0.1017798
8.557643 0.2303485
2.837214 0.3635735
1.760449 0.1422589
1.29539 0.4298768
1.494028 0.1665658
1.638237 0.4211677
2.981513 0.1677554
4.034778 0.3760285
2.64272 0.2089479
2.019627 0.3522251
1.664536 0.3613756
3.149941 0.06928559
5.13391 0.456035
3.693186 0.3758542
4.182849 0.3587774
3.892397 0.2673947
3.228752 0.1608949
4.792536 0.2123577
3.731035 0.3664725
2.799279 0.1777889
3.994607 0.313537
5.538413 0.1805574
2.262943 0.3586418
3.958929 0.406231
12.12151 0.07621282
4.619091 0.1248553
4.241812 0.2472841
3.342875 0.4789935
3.169877 0.2416708
2.775542 0.2151359
4.263425 0.2601096
5.079766 0.1899383
4.052671 0.06070555
4.774469 0.1216079
3.37769 0.2179998
2.403534 0.171586
1.42004 0.3090519
1.579249 0.3540243
1.630389 0.2234795
2.734469 0.3513747
3.755592 0.4224718
4.616616 0.223482
4.410013 0.3122328
6.389479 0.3532203
4.548655 0.3246662
4.002189 0.3285975
4.829554 0.02989806
8.334249 0.04900956
5.901164 0.054962
3.826348 0.4108988
3.100605 0.4482979
4.449535 0.09068536
4.280718 0.07380443
3.109889 0.2775614
3.519421 0.2700956
3.166592 0.2727984
4.397983 0.4651739
5.03214 0.1868989
4.573331 0.2918678
3.142463 0.1744601
3.640097 0.4336151
10.62424 0.03498675
10.8158 0.1667454
5.529996 0.3189253
4.673742 0.08231179
4.077025 0.1246171
3.218293 0.2396292
4.674013 0.4627333
2.156787 0.209882
4.414783 0.3013204
3.50773 0.3055887
5.003586 0.3473653
3.358254 0.2000382
3.644528 0.193719
3.509201 0.06515554
4.453046 0.3568439
2.327049 0.04348962
5.644663 0.1735262
3.692298 0.4981099
2.486469 0.2930131
2.494169 0.2335768
3.920118 0.2847094
3.160864 0.3963354
4.735438 0.3085928
5.769279 0.1352898
4.057598 0.3856202
4.506614 0.3468838
8.894823 0.1299871
2.414715 0.4084327
6.271083 0.1702161
4.948128 0.3861577
3.281791 0.2544158
5.963179 0.4265005
6.567608 0.1395974
5.474282 0.1726019
3.218875 0.2808831
4.86329 0.1100858
2.702242 0.4260246
3.880024 0.1404041
2.032375 0.3673662
2.183936 0.39066
4.177125 0.09818879
3.026708 0.2848495
5.34866 0.2501673
2.905372 0.02304479
2.848967 0.1878459
3.780163 0.2376517
3.109523 0.1461624
3.023815 0.4473448
4.285427 0.4203062
2.490132 0.4839883
4.087238 0.3571214
3.548113 0.3535794
8.155283 0.35347
4.840339 0.2321321
4.730694 0.3624373
3.210118 0.2094285
5.596272 0.1514134
6.398403 0.3436909
3.701756 0.2418348
2.880093 0.3574678
2.983597 0.1716961
3.148346 0.3374019
3.053277 0.2160805
4.813778 0.235558
7.208679 0.4105356
4.091763 0.4185903
3.749509 0.2175929
3.169061 0.4930102
11.0525 0.1374834
4.226059 0.2853929
3.419048 0.4033459
2.425508 0.03004966
3.922293 0.2448566
4.128064 0.336466
4.681959 0.08870576
5.067519 0.3899034
2.649345 0.1110513
2.16455 0.4367
2.284477 0.2500786
3.7619 0.337407
2.054986 0.1890415
1.814868 0.1350439
2.219046 0.1346227
1.90578 0.2036463
1.403502 0.08686967
1.609571 0.3758123
1.639389 0.311271
1.774036 0.4217196
2.352274 0.3649932
1.402114 0.2545545
1.524355 0.3072849
2.420511 0.3853519
3.687443 0.291252
4.767336 0.2082594
3.669954 0.06747743
4.997334 0.3785115
4.706409 0.3866962
3.450606 0.3458632
4.132561 0.3954532
2.964704 0.08970492
2.983171 0.3309208
3.45854 0.1516048
2.836255 0.4843639
2.441078 0.08359951
2.151626 0.3520591
2.753321 0.1001598
4.446119 0.4493912
3.827921 0.4717136
2.52113 0.2920973
2.817984 0.371569
4.293857 0.1566148
3.365129 0.4768627
3.505484 0.1536843
4.313221 0.07362661
4.179312 0.1267137
5.482265 0.2075699
3.818036 0.3039783
4.16259 0.2879186
3.016247 0.1719639
2.255445 0.04325859
2.52255 0.3883112
3.580138 0.1303865
2.523684 0.3915098
2.735838 0.2121622
3.384993 0.4715752
1.613666 0.2770818
1.467117 0.3161198
1.365379 0.4655865
1.609265 0.4622752
0.9512424 0.1303637
1.277622 0.3564994
1.39127 0.1810677
1.234807 0.0230282
1.020954 0.3194398
1.101369 0.442361
1.300034 0.1670229
0.9612017 0.4559117
0.9769655 0.1395445
0.8964103 0.1959092
0.8240951 0.1429757
0.8194484 0.287517
0.827775 0.2919019
0.9164025 0.2781079
0.918314 0.4315271
1.176693 0.4895149
1.470422 0.4925414
2.410792 0.1849461
1.937853 0.1541205
2.377585 0.2790421
2.910989 0.3358462
3.430484 0.1125337
2.435788 0.2220993
1.318459 0.4369141
3.260103 0.3611936
2.10186 0.08333082
1.37292 0.3971711
2.910542 0.4012145
2.64969 0.3172608
1.703812 0.4056682
2.540806 0.3934938
2.030327 0.2485065
1.464003 0.2673005
2.918346 0.08632977
3.344338 0.3090988
11.0844 0.3754305
7.670938 0.3061525
4.020249 0.4999712
9.628902 0.1699055
7.442263 0.1498587
8.073822 0.0611797
4.323123 0.05773132
2.806846 0.1908838
5.22828 0.09771168
2.019504 0.1878875
1.896663 0.3302376
4.446803 0.1869892
2.284777 0.3175927
3.223661 0.1627945
2.272542 0.1552118
2.018102 0.2718644
1.616332 0.4387452
1.090842 0.1143223
1.392885 0.2355695
1.28066 0.3036878
1.047069 0.1659781
1.277606 0.3426288
1.359436 0.1782639
0.8779823 0.3202639
1.287502 0.2735504
1.105388 0.2346082
1.210869 0.1947659
1.174677 0.340333
0.92814 0.456084
1.083083 0.2944573
1.016368 0.1334386
1.122704 0.4409237
1.194048 0.2644278
2.110942 0.4256764
1.528745 0.3753558
1.673052 0.1882378
1.298236 0.4999456
1.114994 0.3741763
0.996874 0.2041084
1.088243 0.1976573
0.9917686 0.28145
1.14972 0.3282503
1.607568 0.1193318
2.13057 0.4395085
1.98086 0.4573595
2.662948 0.2754025
4.028279 0.3611166
2.130438 0.1480982
1.984112 0.4189236
4.617969 0.3445272
4.937656 0.09000954
3.486708 0.1265856
4.050536 0.1943189
2.695834 0.423244
3.841944 0.04669973
4.058024 0.1582346
12.16279 0.1706664
3.045346 0.03315218
4.151245 0.3519231
5.082527 0.2854895
8.560995 0.3050043
6.255398 0.06699639
4.311356 0.390289
4.429459 0.4433754
3.721811 0.3000934
1.599394 0.3818038
1.684725 0.4354275
3.412998 0.2399308
1.785544 0.487826
0.9529555 0.2782188
1.694779 0.4752911
2.235267 0.3103945
1.920159 0.1585398
1.778436 0.2882452
1.455932 0.2630563
1.323095 0.1945896
1.172358 0.06034614
1.383774 0.2497428
1.606576 0.4372121
1.945048 0.4752432
3.023332 0.2207288
2.267154 0.2124122
1.118655 0.3173209
1.50101 0.3555773
2.045841 0.2245899
1.95566 0.2081881
3.608142 0.2934406
2.043413 0.2987806
1.489611 0.407831
8.748042 0.4647092
3.272087 0.169665
2.405262 0.3663951
1.227949 0.4406065
1.996405 0.3070322
2.765198 0.1520599
2.818918 0.3160591
3.315164 0.317866
2.867473 0.1723654
5.05776 0.4772039
3.767636 0.4614197
5.426286 0.1309548
4.202142 0.3504925
4.374803 0.3211486
3.516584 0.3258606
2.540155 0.07049695
3.759926 0.09047172
11.72055 0.326745
3.591144 0.149359
3.977789 0.355034
3.229455 0.2114869
3.170778 0.3733343
2.497637 0.2541328
1.476048 0.2793566
1.774467 0.3117852
2.434526 0.2345982
1.364927 0.1825712
2.209746 0.2332143
2.388425 0.2515403
3.396629 0.419049
2.036519 0.4890998
2.732533 0.4517269
4.375793 0.2011389
2.291019 0.06239016
1.835588 0.3869456
2.476761 0.0651602
2.496641 0.435437
1.970354 0.3221867
2.025647 0.335759
2.061416 0.2200329
1.44637 0.4091376
2.118503 0.2146799
2.561647 0.4172813
2.317667 0.2264695
1.85015 0.1949814
2.240058 0.4674984
1.979825 0.2423185
1.074503 0.2845496
2.130583 0.4872355
3.572735 0.3580626
3.782439 0.1278818
2.155666 0.4882279
2.827443 0.3754732
1.885776 0.3998359
6.333578 0.1926782
4.463027 0.09504362
2.950357 0.2862968
2.482318 0.4496099
2.433682 0.1842834
2.87023 0.3768422
2.677799 0.3192139
2.726168 0.4797232
2.283435 0.4740774
1.74404 0.3723033
1.704913 0.230404
1.952662 0.3676784
2.09181 0.1501708
2.883454 0.3405682
1.920968 0.2101423
2.668715 0.1259225
4.203287 0.2400654
5.586864 0.4055753
3.504276 0.4374789
4.272123 0.347451
3.547992 0.3979644
4.354195 0.3865711
2.82494 0.1481056
9.220502 0.4964756
3.577705 0.1402296
3.536675 0.3803901
4.881616 0.3547777
1.612387 0.4637712
1.556987 0.1090872
1.235846 0.4233379
1.847042 0.3414548
1.130055 0.4135626
1.202578 0.1956624
1.503309 0.4144455
1.340027 0.4811207
1.710589 0.3281467
1.481465 0.4173209
1.287568 0.4489947
1.761311 0.4879413
2.314656 0.4279842
2.44606 0.4409802
2.976863 0.4614377
1.820859 0.2020269
4.3531 0.202299
3.421203 0.4645557
2.711342 0.1893037
3.386965 0.4842152
1.524743 0.4147095
3.639222 0.1214814
2.586586 0.3593625
3.00583 0.3400444
5.487526 0.09622439
3.525607 0.2079066
7.626496 0.2366823
9.028433 0.121553
1.805696 0.3709188
3.660079 0.2638708
4.078015 0.4850078
4.975965 0.2150789
4.129185 0.4360525
2.382017 0.4471616
3.585351 0.133645
3.912263 0.2519669
7.813656 0.1827217
5.271008 0.4698354
4.452121 0.4084441
4.161525 0.02340223
4.98727 0.2054606
3.955638 0.3661197
2.271014 0.2216011
5.753302 0.4534874
4.711217 0.1527105
5.032686 0.2965171
2.970951 0.3099215
2.742832 0.3736266
4.017922 0.2832606
6.69913 0.2823042
2.092486 0.2962824
2.973044 0.3406007
2.883888 0.2961795
4.390175 0.2894014
7.126915 0.217199
1.671254 0.3053431
1.727196 0.1882245
2.663933 0.3464096
2.295158 0.3007027
1.540774 0.4956496
2.085698 0.1319965
2.978075 0.2132588
5.256425 0.4066278
3.644932 0.4207715
6.365748 0.1876199
4.107855 0.3275696
6.958945 0.05202473
3.47513 0.4624656
5.691443 0.205553
3.537226 0.218721
13.62181 0.1122286
4.042132 0.2196874
4.687288 0.3774543
7.884698 0.3508393
5.923135 0.3820204
3.519059 0.227385
8.819902 0.1102784
4.674603 0.3958156
2.613493 0.1927535
3.884471 0.237256
3.593489 0.1474869
6.272233 0.3449723
1.907995 0.2769686
4.647258 0.1076797
4.329708 0.3104068
3.235989 0.3512154
3.922747 0.2703101
3.383813 0.4207755
5.470355 0.2164904
10.12378 0.2116658
3.482897 0.4396876
3.115968 0.1921811
2.188082 0.1123659
1.659537 0.2155749
1.285679 0.076154
2.523828 0.2543647
2.496825 0.3292693
2.438115 0.2578704
2.457329 0.19007
1.953358 0.489797
3.212366 0.3452082
3.320646 0.2202928
5.131933 0.2028049
6.108174 0.1298195
4.910101 0.4430806
3.49725 0.05894766
2.744347 0.3061465
9.610338 0.1869546
3.596933 0.116985
4.625095 0.3663865
5.426702 0.1700963
4.507897 0.164481
6.390716 0.2372453
7.17315 0.1082
8.184534 0.2352474
4.996958 0.1584012
4.402822 0.1915259
2.871272 0.455291
3.05793 0.2823481
3.584038 0.143308
5.249815 0.2579112
3.418292 0.2784562
3.088666 0.3104353
2.598293 0.1351482
3.114678 0.4263353
3.412643 0.3890744
2.324325 0.4498505
2.621264 0.454396
2.837428 0.3832126
2.848462 0.1706987
2.804558 0.2521265
1.583039 0.4140334
1.88664 0.05423495
1.651172 0.2600502
1.60466 0.328231
1.514653 0.409913
1.276335 0.3727313
1.340142 0.4682853
1.207705 0.3374658
2.556977 0.4067214
2.95514 0.3676159
2.526906 0.119359
2.276378 0.309288
2.604763 0.319832
3.052691 0.4349466
3.820307 0.2650954
3.878994 0.2067219
4.589404 0.3683544
3.571031 0.4120831
2.56984 0.3291101
2.740815 0.3699922
1.627594 0.1587266
1.76121 0.1849936
1.81938 0.1011766
2.881013 0.4534386
1.436957 0.3837065
1.92905 0.4893155
2.148235 0.293243
1.653067 0.3811401
1.774337 0.4912808
1.687981 0.3967262
2.013784 0.3157775
1.863631 0.4392814
1.18781 0.0867335
1.075024 0.4583091
1.311633 0.2977759
1.296952 0.1259059
1.546749 0.4703158
1.554656 0.3544047
2.055023 0.324957
1.998427 0.1757412
1.755963 0.41307
2.011773 0.359316
2.116738 0.08945222
1.184456 0.1954343
1.461007 0.06664162
1.771826 0.430475
1.269972 0.4004001
1.275616 0.4706487
1.76763 0.3358227
1.692973 0.1011203
1.859368 0.4954388
2.461136 0.184621
4.004688 0.4024741
2.110111 0.1284525
3.176918 0.1398523
2.619948 0.2076448
3.299837 0.1140429
3.815212 0.400994
2.846083 0.498665
2.053886 0.2587333
2.337585 0.2247615
2.490415 0.1053368
2.225475 0.3986758
1.197123 0.4623565
1.075103 0.3575119
1.333021 0.4607101
1.619544 0.3190013
1.355137 0.3256467
1.531672 0.2768302
1.522617 0.3089938
1.765369 0.3299318
2.029873 0.2650703
1.487384 0.330181
2.758086 0.2562417
2.085567 0.115072
3.283591 0.3564823
1.68241 0.2768884
1.990912 0.3578938
1.727733 0.364908
2.74235 0.3249407
1.9616 0.3022185
1.931068 0.2068414
1.370759 0.3762519
1.457695 0.4910679
1.967236 0.31922
0.7712531 0.3563759
1.785337 0.1687031
1.134122 0.4521685
1.443596 0.02045687
3.437061 0.3364972
2.326855 0.08222524
3.220761 0.4065885
4.319081 0.08522963
1.977618 0.4522231
2.112111 0.09048549
1.41799 0.4912786
1.995212 0.2791819
1.521424 0.4562975
1.393597 0.1938989
1.355652 0.3624626
1.377299 0.3281611
1.589954 0.2913355
1.362311 0.4047044
1.570694 0.4301165
1.730295 0.189961
1.88094 0.07994816
1.842205 0.3188513
1.648869 0.3098103
1.982591 0.3497716
1.967074 0.4879538
1.671663 0.4102044
2.014551 0.365413
1.226287 0.3517381
1.480118 0.3881324
2.709958 0.2129697
4.097675 0.1207578
3.831473 0.1824009
2.783987 0.2661933
2.787276 0.245795
2.794849 0.4363148
2.392245 0.4337304
2.80168 0.3811638
1.755756 0.4793329
5.321597 0.07027561
9.816499 0.4045855
3.092124 0.3119228
2.309845 0.2981868
1.706115 0.4968739
1.541885 0.4410573
1.297743 0.2895604
1.491697 0.2570372
1.154562 0.1990012
1.326346 0.1392886
1.827675 0.3507665
2.642961 0.2565122
2.960093 0.0791923
1.881654 0.4714101
3.003318 0.03441688
2.998533 0.4295603
1.131708 0.2481014
1.504328 0.1491629
1.504125 0.4663106
1.114929 0.3419995
0.9903406 0.4968687
1.0666 0.3160427
1.099036 0.3411176
1.240901 0.3961842
0.7395379 0.3567326
1.135768 0.4801035
0.8110085 0.06597074
0.9721861 0.2825788
1.368791 0.2352807
1.127522 0.4681543
1.824457 0.4631381
1.34243 0.3748327
1.576037 0.3972341
1.807687 0.3542404
1.476358 0.385924
3.220971 0.2085919
2.113583 0.1008682
2.219795 0.2870779
5.454522 0.1516417
1.964108 0.1286481
3.372344 0.1460061
1.851056 0.1522752
3.74183 0.3811091
3.410468 0.2487551
2.771058 0.4891688
3.874734 0.4952804
4.44197 0.3158281
1.840167 0.4500531
2.48904 0.1805587
2.951086 0.2482984
1.620438 0.195778
3.183513 0.3154332
4.035306 0.4983211
3.808552 0.1116209
2.420469 0.4147437
2.647528 0.1662724
3.179414 0.3900803
3.560457 0.3144494
2.066845 0.2803446
1.339196 0.2377105
2.705248 0.2571992
1.723544 0.310724
1.970594 0.07176202
2.142932 0.2723229
1.955916 0.4416644
4.51503 0.2543651
4.222203 0.03703599
3.329033 0.4978315
3.036225 0.03984685
5.271557 0.06210921
4.530229 0.429478
3.910081 0.1670027
3.427688 0.3969252
13.40294 0.09395316
12.05731 0.06138745
17.90405 0.0210554
6.181225 0.4314261
4.234842 0.1638269
1.703036 0.2964897
2.438589 0.2145592
2.50677 0.05803161
1.835778 0.1476374
1.170824 0.1621475
1.717997 0.4436419
2.064605 0.4974659
1.472013 0.3589107
1.000013 0.4342612
5.151836 0.1209121
5.036337 0.1012037
4.384837 0.4550803
3.703449 0.3150362
3.813877 0.3392472
4.240511 0.2394595
7.452979 0.2569008
5.882432 0.4419008
2.975052 0.4107388
5.514888 0.2675502
2.831646 0.2863819
4.918256 0.1450216
1.835917 0.1124793
2.998518 0.3342218
2.196866 0.1940198
1.986255 0.1470887
3.052915 0.2851862
4.257538 0.1570745
5.71799 0.1064269
4.543948 0.2905902
4.771406 0.4578104
5.323974 0.2647459
4.795835 0.3822019
3.479394 0.1710245
6.047231 0.3097201
5.325457 0.1837276
4.713829 0.4430872
3.363097 0.3589047
7.218053 0.2287153
18.62545 0.1827534
7.486283 0.2293514
8.970114 0.3230401
5.641188 0.4640875
7.125868 0.4934294
11.9899 0.1558382
22.34581 0.04210935
18.37428 0.05941905
12.76668 0.1348854
4.248006 0.3762758
3.270278 0.4833244
4.43166 0.4276767
7.38625 0.2033522
38.1186 0.05150144
16.7217 0.07398118
3.284965 0.2926039
3.837762 0.2558057
6.923665 0.09316798
5.464728 0.3513253
3.608023 0.1186799
9.065777 0.128827
4.116463 0.4279755
8.983572 0.1348565
8.40845 0.3662072
3.419317 0.4851653
2.686812 0.09181364
3.033291 0.1870712
4.063634 0.4956883
5.093091 0.3736941
4.642862 0.07733952
5.354196 0.04620058
5.26298 0.3908802
13.82687 0.09425459
17.89821 0.2276981
8.65677 0.04769793
14.76364 0.1783821
7.234227 0.04617741
9.83252 0.1662681
5.478572 0.366741
7.507335 0.30075
4.323034 0.2183463
30.57882 0.04591535
9.227684 0.06161191
3.326089 0.2192394
6.810971 0.06538966
3.544313 0.4229239
4.388768 0.2983611
3.934625 0.4892389
11.209 0.08592631
10.37206 0.2215187
8.235131 0.2804242
5.506353 0.3114856
4.35731 0.2279519
8.753197 0.1500338
5.301312 0.2510594
6.676467 0.3332074
8.207716 0.1521417
6.622431 0.1825187
6.998972 0.2275713
5.362174 0.3634057
7.010006 0.07556215
4.759328 0.1313718
3.867134 0.1479139
5.931018 0.08920883
4.650663 0.46509
4.323793 0.2655555
5.162231 0.3664632
3.108165 0.1568901
5.375605 0.1603778
6.514727 0.1756951
4.822025 0.4895604
4.240743 0.1307859
3.984595 0.2371029
5.86796 0.3748879
7.879823 0.2305073
8.06223 0.3175484
4.229925 0.2866658
4.736877 0.415338
9.713675 0.03004219
6.045771 0.0638478
8.690544 0.2432762
16.27196 0.09756518
10.63463 0.06424753
9.458653 0.164324
2.744482 0.2866506
2.417518 0.06657445
2.039473 0.2786132
3.97639 0.4786722
5.023581 0.2132612
5.444142 0.4594299
4.461929 0.02761892
2.569056 0.2423668
4.143682 0.4226449
4.155355 0.201188
5.521854 0.1192862
5.864547 0.2775006
15.97649 0.1044664
10.07963 0.1284678
8.165353 0.2149316
12.07456 0.08079972
4.12003 0.3166272
8.070557 0.2522525
9.498566 0.208827
8.470656 0.1102114
13.84116 0.3853061
6.699133 0.3879122
6.038242 0.2497536
12.56636 0.05038472
8.487242 0.1093961
5.754145 0.2213967
5.077522 0.3204526
6.830441 0.2120653
4.340683 0.3699575
2.937371 0.3047256
3.578987 0.4657461
4.680648 0.1230356
3.436009 0.2966213
8.640015 0.2731413
2.883829 0.490357
6.431623 0.206159
4.866256 0.1932152
4.393646 0.285329
4.194206 0.09870172
4.755355 0.06970794
4.658854 0.3910396
8.521542 0.1420426
3.398613 0.2959733
4.066564 0.1650992
8.183792 0.05748258
7.880119 0.3598297
5.039546 0.3098568
4.629773 0.1636489
4.225105 0.2581733
3.624951 0.2475617
4.311523 0.4613198
4.730013 0.349379
3.638891 0.08816133
4.659519 0.4732067
8.812879 0.278324
6.631385 0.09869108
6.70518 0.303667
3.257248 0.30288
17.91194 0.04681398
6.06368 0.3304945
3.541273 0.2564733
3.742363 0.2430566
3.057168 0.2647435
4.359583 0.2071425
12.14332 0.229559
2.972456 0.2817945
6.236938 0.3448981
5.615156 0.4850262
8.043981 0.3059925
8.609848 0.07650108
8.113154 0.1549385
5.465894 0.1206953
4.881998 0.171453
5.07315 0.4727297
11.00993 0.3066958
9.261565 0.02588927
5.635656 0.09398016
4.348409 0.3502134
9.564261 0.1811575
8.990019 0.2404425
24.54066 0.04609362
6.357853 0.1595568
6.931119 0.4300914
4.938959 0.4092083
4.173778 0.4854188
4.672349 0.05645697
5.963305 0.2895054
6.325394 0.3382852
15.46011 0.1777378
6.539379 0.2914316
2.919209 0.2505876
3.046804 0.3561301
2.276706 0.1593181
5.219448 0.2346777
4.312088 0.348119
3.802566 0.3868987
2.463102 0.3302546
7.304586 0.2925319
2.866144 0.4359306
6.084219 0.4318826
7.066123 0.2013504
3.677622 0.08646709
6.7191 0.0841612
2.928312 0.2438653
3.324921 0.4693396
3.528412 0.3204715
4.644462 0.4310804
3.186103 0.2611327
4.599443 0.376538
2.963968 0.1222326
5.737843 0.4227048
5.510518 0.1373537
3.386946 0.3770097
9.14477 0.1770934
4.778355 0.2382483
6.45861 0.3398948
7.783821 0.2271824
3.348276 0.1245667
7.392908 0.1154755
19.72439 0.04813548
4.993687 0.1856607
3.296468 0.1327792
2.956707 0.4297996
13.87813 0.0835363
7.253528 0.1746936
16.1877 0.06807507
9.23892 0.4385834
4.66625 0.376583
8.811103 0.2111974
8.161945 0.464424
15.49674 0.1811537
27.54359 0.05132619
5.262915 0.2669716
7.161066 0.133383
6.541146 0.2700532
4.661208 0.289303
11.27035 0.1843174
5.141093 0.4287691
11.1919 0.1873756
7.039848 0.3212509
2.95371 0.3764412
7.093507 0.1752224
4.963406 0.4279482
10.14554 0.2906321
5.868904 0.4003106
4.706721 0.4519239
5.348962 0.2918723
7.792666 0.07815671
16.02056 0.0614612
3.887923 0.2975997
4.501028 0.1162213
4.752824 0.06518028
2.593019 0.3656777
3.739662 0.3194597
16.47022 0.03981524
6.135102 0.1707273
10.69144 0.1184294
6.202728 0.3571233
7.370724 0.07707092
7.955261 0.2238335
5.392862 0.1226312
26.08576 0.03252418
7.745749 0.2394866
5.050297 0.09390302
2.545227 0.07096755
3.232047 0.4862855
3.758761 0.1660158
2.300485 0.2296699
2.757985 0.2545949
5.36534 0.0966963
3.286885 0.1448302
2.869995 0.3239237
3.097321 0.4218043
2.900778 0.2028887
2.766148 0.1575189
3.792206 0.3807434
4.104838 0.2143401
2.698418 0.2434459
3.832084 0.1690046
5.933003 0.2475996
4.848227 0.4388704
9.097464 0.2186412
6.153117 0.0742421
8.408843 0.1783408
3.423756 0.2328849
6.33748 0.05527029
6.790477 0.2039316
10.39747 0.1767066
5.175319 0.3167473
6.72839 0.2059728
5.683805 0.2527752
3.534663 0.08870728
3.605081 0.440855
4.912692 0.2643771
5.800813 0.1193208
5.7951 0.3095063
5.700213 0.4365115
9.616535 0.2811038
13.15494 0.09499971
18.13603 0.05367615
15.4244 0.1257614
8.279821 0.0979496
3.945545 0.1906631
10.54037 0.1242816
11.25552 0.1132061
8.484091 0.1465465
11.61267 0.05902818
11.30888 0.2812474
3.988606 0.4443063
4.839576 0.2248328
10.07352 0.08598609
6.168387 0.3921609
8.373364 0.129978
19.41319 0.08298719
6.945116 0.2835427
3.764762 0.2738878
11.46513 0.2042585
5.702091 0.1299353
10.45999 0.4808465
6.652493 0.2493984
13.3873 0.06292746
7.906158 0.478816
11.36456 0.3415263
15.48649 0.02416217
17.85883 0.07827573
4.447762 0.2430676
8.796716 0.09486128
2.858531 0.2462878
7.638609 0.03289398
6.890377 0.430917
7.305667 0.3127194
5.637317 0.3430884
9.617378 0.2953977
4.280224 0.3132914
6.487836 0.202869
2.514289 0.4388158
8.041906 0.1113029
6.689155 0.1571519
6.302823 0.1665478
4.72223 0.1642239
14.91798 0.08052637
4.810741 0.4668048
6.61529 0.1546582
5.399009 0.313993
5.346187 0.4278673
8.630304 0.3306475
6.306366 0.4949594
4.684467 0.3243971
17.14776 0.132914
6.829614 0.08746214
2.500733 0.2798423
3.902319 0.2518972
4.729724 0.1944914
6.234818 0.2030182
3.986367 0.2712773
7.955645 0.2141834
7.650825 0.2039667
4.927524 0.1254872
18.05359 0.02690093
7.6093 0.1121023
5.408442 0.397316
4.452385 0.126978
13.95789 0.1073361
9.057562 0.2626493
7.186348 0.1717603
24.00655 0.1133044
4.961391 0.122515
7.915795 0.2603415
11.38954 0.2701917
5.46196 0.2659191
4.296912 0.4980425
3.489363 0.3719813
3.855266 0.2602313
5.599825 0.1907081
2.912099 0.2902191
3.961473 0.1243042
3.05019 0.3820378
4.373648 0.263257
3.662264 0.263637
7.103998 0.3290529
21.19873 0.07189451
10.2198 0.09318562
5.563724 0.494801
8.78926 0.1798602
6.071679 0.1137078
12.43595 0.08947313
9.975546 0.3175678
5.859354 0.2465168
13.60208 0.3150133
9.995226 0.3191057
5.366 0.2861597
3.249329 0.3730259
2.813817 0.3520399
7.892988 0.1380862
2.843853 0.4170655
5.685562 0.2614396
3.602389 0.3342976
8.038888 0.06419834
3.589035 0.1192522
4.059942 0.4309576
2.859379 0.2224753
4.939015 0.3004144
1.874931 0.1559228
3.385354 0.07163114
2.838731 0.4275269
5.816817 0.2384299
5.391918 0.306091
4.456039 0.05262603
4.784619 0.2005229
8.704913 0.08957187
7.759497 0.3141018
6.026367 0.2385833
6.802033 0.2615832
11.19126 0.1415696
8.706612 0.2071664
15.23061 0.3099972
10.82222 0.3231319
12.01816 0.05547126
4.071981 0.1246373
4.101375 0.3707545
4.913805 0.4370494
4.109995 0.2854772
5.972724 0.1252864
10.51479 0.0557376
4.990388 0.06595433
3.093601 0.4036344
9.840254 0.06374152
4.068002 0.3061757
10.202 0.2712853
7.535906 0.4289864
4.061448 0.02876241
3.204106 0.3097579
4.713517 0.243628
10.59279 0.1151454
3.393746 0.2321332
34.71566 0.06496694
49.46914 0.1021223
6.551258 0.2404191
6.585442 0.1218444
7.437575 0.3373547
6.70248 0.1335371
3.984252 0.3179324
4.46047 0.3009446
3.937559 0.4613134
4.449595 0.450795
2.298575 0.1294509
5.397983 0.1059489
4.087851 0.1609482
8.542496 0.02385586
7.660903 0.399654
7.210125 0.1327275
6.857194 0.3028211
8.193282 0.08030024
4.463326 0.1313759
8.034445 0.1803135
8.034963 0.07812213
7.379701 0.1302531
12.9057 0.3026645
6.483506 0.311804
6.008826 0.4580901
2.763762 0.3789743
2.902477 0.2123493
5.340634 0.1754572
3.708146 0.4663466
5.494336 0.3766077
6.977494 0.3394702
12.96094 0.2511332
12.46263 0.1402254
6.342617 0.110279
20.51145 0.1544999
9.357326 0.06986927
10.07232 0.1085376
12.1128 0.1744395
8.206935 0.1640543
11.41082 0.04629055
12.13989 0.2505099
4.372831 0.3876848
4.473022 0.0510255
6.207255 0.2576793
7.413436 0.1649262
5.456536 0.2930397
3.785927 0.3578625
3.549128 0.42489
5.530344 0.313313
6.34602 0.2552218
6.980617 0.3902726
5.404289 0.491399
4.009758 0.09474511
7.630078 0.3647124
8.691765 0.1364854
9.370213 0.2773262
9.307673 0.08671183
7.060974 0.2174643
4.865332 0.1700631
8.308312 0.03299634
7.337695 0.3506147
9.518985 0.03510914
14.98256 0.1097693
7.21761 0.3236521
3.462776 0.1482328
4.573991 0.05234463
5.306075 0.4370355
7.92452 0.3923885
8.577036 0.1201747
6.739074 0.4555112
6.003424 0.265189
7.802825 0.2135259
14.06141 0.05873983
9.470701 0.06679033
7.025352 0.2377933
4.734758 0.1514913
5.608413 0.1613729
6.515801 0.09960333
7.429151 0.1707116
6.768086 0.1364741
4.398219 0.05610849
2.670352 0.2330928
5.315497 0.1283504
4.16669 0.3370448
5.978583 0.2780195
6.277331 0.3716838
12.84176 0.09609344
5.829073 0.4917784
5.358766 0.06830952
4.917274 0.2192985
7.710322 0.3213525
11.28923 0.1119569
6.034686 0.3444863
8.184967 0.446677
2.620972 0.2086836
10.70189 0.3444757
3.541637 0.0419658
8.978104 0.2423378
4.724821 0.4471334
6.373456 0.1439621
5.77098 0.232851
8.437476 0.3350476
4.583908 0.2114928
3.414433 0.2309682
4.941924 0.1899366
5.091947 0.1404312
5.394372 0.1133185
12.11167 0.2349054
8.601069 0.1226847
7.130514 0.3892037
6.552647 0.04678748
7.908515 0.1145231
4.179381 0.2980504
3.862187 0.08517268
5.66841 0.2132734
7.05048 0.1893402
8.333813 0.2347145
4.330952 0.434478
7.54916 0.03853474
7.32934 0.07606834
7.004391 0.3003882
4.096041 0.2258461
7.409077 0.1839098
13.16253 0.4067355
23.07301 0.05975208
11.89865 0.1576402
9.271828 0.2512876
7.519475 0.3046901
5.535032 0.1565216
5.792888 0.2011835
5.908984 0.2683738
5.499442 0.02117471
8.593858 0.2563064
4.597353 0.4538944
6.757249 0.1488919
17.92145 0.1266448
2.81599 0.4550039
11.0258 0.1038745
3.024105 0.2632777
7.251291 0.3489231
5.103605 0.4001468
2.713467 0.4403751
3.182268 0.1164593
8.469029 0.4086873
7.845149 0.08616539
6.095367 0.08923945
3.876653 0.05771766
6.20307 0.3174691
3.989398 0.298305
6.207266 0.4190612
11.34938 0.0777663
5.272803 0.3901369
6.078053 0.499525
4.149567 0.1913531
5.91575 0.4521353
3.886586 0.09859767
7.43659 0.2193794
6.58338 0.09116204
4.788418 0.2069071
5.848405 0.2618576
10.38828 0.1832662
3.501235 0.3254923
4.938804 0.05893768
11.78317 0.1969223
4.919405 0.1107847
2.450782 0.2669521
5.224055 0.2369206
5.054512 0.4389262
11.47224 0.1281536
6.453028 0.3375439
4.062241 0.2559374
6.815209 0.02568859
11.64842 0.08062472
7.989321 0.1674194
2.373196 0.4736001
4.238258 0.4661854
3.709139 0.1748529
4.096677 0.1123617
5.264835 0.04764248
11.84343 0.1734125
8.476441 0.1453197
5.775659 0.2107041
5.516512 0.4653501
7.820928 0.43485
8.426364 0.4770074
7.534433 0.05318436
5.423218 0.09384171
4.613155 0.375745
4.456144 0.3585905
15.39496 0.1149024
4.842759 0.2651614
11.61237 0.1848183
2.763518 0.3945721
3.173771 0.2467911
16.8056 0.07418478
5.448554 0.1402046
5.669208 0.338121
4.207686 0.1998959
9.999095 0.3005329
6.080107 0.3646719
16.07097 0.08690929
7.008717 0.3696003
12.42842 0.111208
16.78984 0.04946337
18.36145 0.08027069
7.467693 0.1678164
7.273324 0.05602965
8.832731 0.2072811
10.33253 0.3503274
5.702434 0.4032428
5.435261 0.2143963
9.305663 0.06425346
6.128407 0.3064427
2.487641 0.2875555
7.593483 0.09761855
10.81182 0.2332637
3.345699 0.05905942
4.163631 0.3103718
5.137495 0.1030814
2.46419 0.2531725
5.116265 0.1093544
6.268529 0.4942908
5.104525 0.4557823
4.712145 0.2190852
2.762189 0.3806352
3.791219 0.2478085
6.158056 0.3142966
2.055065 0.3643218
4.725437 0.4546792
2.861816 0.2198711
5.420173 0.3741606
6.124857 0.07918712
7.06104 0.234385
7.109994 0.4728951
11.79554 0.1663537
25.92914 0.161577
15.46793 0.1012969
3.872025 0.2464062
9.4288 0.03515386
14.95565 0.05206572
4.104856 0.2202982
9.087344 0.1375604
3.088853 0.4095367
3.853134 0.242034
5.307592 0.4710521
6.60306 0.2210291
8.446466 0.07549894
4.092381 0.4389234
7.280857 0.2950813
3.709484 0.1564905
3.903396 0.4780114
4.213737 0.2448497
3.059695 0.09451841
5.110421 0.3224675
5.665019 0.3993938
4.513733 0.3423927
7.752577 0.05280513
6.623453 0.3577649
2.243892 0.3802628
6.008913 0.4600049
6.443761 0.4233908
4.42336 0.1695342
3.219801 0.2740202
4.582304 0.2149015
5.039368 0.18729
10.77389 0.05711448
3.605146 0.2717982
7.24834 0.02033167
11.57539 0.4828161
7.217523 0.46134
10.92703 0.1160497
4.471467 0.1667359
4.61641 0.1029215
7.536493 0.455372
5.336288 0.2126928
6.835397 0.1364792
5.65474 0.08442792
4.076297 0.02172584
7.003112 0.06576021
6.540348 0.2599784
3.256804 0.1546914
4.124257 0.4550524
3.357919 0.3417139
3.178721 0.4352501
5.442155 0.2056793
5.405754 0.2652192
6.618793 0.3642443
5.847472 0.3698849
5.049513 0.2727381
2.492699 0.3536078
3.074701 0.1101142
4.930712 0.09402323
3.502668 0.1672212
8.103397 0.04855897
6.853634 0.2024696
5.60079 0.3145451
12.00785 0.3440701
2.937933 0.2785639
3.32787 0.3562835
5.776542 0.1360654
6.696159 0.2084384
6.087073 0.06903248
5.189637 0.4656785
6.967109 0.2907843
3.770982 0.0768751
8.305941 0.2019972
2.915792 0.3757854
6.571627 0.4257851
4.126065 0.3328375
9.914246 0.4740375
9.581461 0.05513869
5.180137 0.2634248
8.213399 0.4428152
7.352675 0.1997238
3.361674 0.3883004
6.672251 0.3659736
7.129568 0.2420473
7.396284 0.2556719
7.602751 0.3728967
9.497972 0.215397
4.135748 0.2624573
4.00014 0.3677169
5.181007 0.3214014
4.676404 0.2285487
6.413761 0.1917652
4.434609 0.3960261
11.62307 0.2889196
5.48953 0.3385446
5.611938 0.3911845
8.529319 0.2388915
8.225743 0.1185554
6.565882 0.4650864
3.790576 0.3928575
6.382434 0.2384448
5.306287 0.07718541
4.211793 0.4695389
2.65604 0.1533869
3.321686 0.1947215
7.658509 0.1760605
5.963357 0.4421279
11.03791 0.07671975
4.963607 0.2711185
6.804028 0.2043163
5.652665 0.2431496
6.864693 0.05071276
11.03882 0.3083481
14.79366 0.2152823
4.992214 0.3937889
3.876527 0.235108
4.201739 0.4789434
3.369142 0.1933329
6.187722 0.2233153
2.334627 0.2184145
5.150864 0.2363894
10.1191 0.0364169
2.368678 0.1906112
5.124665 0.1433295
5.27442 0.2662798
3.740157 0.475168
7.709358 0.1051402
4.188317 0.3574354
4.552208 0.4197035
4.01307 0.4885452
2.31916 0.4353362
3.57754 0.2161525
5.19102 0.2051862
4.693354 0.05313977
7.237534 0.2827002
10.8853 0.2323685
16.5851 0.1584166
13.70233 0.1028529
8.797207 0.2093786
7.001408 0.2296584
5.344792 0.2651404
6.750501 0.3357596
4.750061 0.2897558
12.50422 0.0802006
3.618226 0.1328476
6.088164 0.2385395
10.64867 0.104584
6.280778 0.1305374
11.43228 0.3157292
5.062666 0.2834345
4.255114 0.2594696
3.64813 0.1971251
4.337953 0.1948481
3.534388 0.2589428
6.427252 0.3521864
7.379248 0.2375039
8.735537 0.09032503
8.003848 0.3299773
18.62616 0.03577323
19.58599 0.1622547
14.44225 0.1397395
8.202322 0.2005606
3.676135 0.2405514
4.125418 0.3991371
13.9877 0.3474032
10.31069 0.1557422
5.123544 0.2092351
9.533455 0.3376884
9.646856 0.1567497
6.208528 0.1798111
5.94649 0.3102866
5.444681 0.2227537
4.558545 0.2923301
11.42824 0.1377646
8.38603 0.2178343
11.98874 0.05259731
19.80606 0.02180212
3.776615 0.4433582
5.378347 0.2315766
7.412783 0.2729786
6.268749 0.13579
5.572112 0.4693394
6.21213 0.3363886
10.0893 0.09987431
7.453068 0.3093266
6.977257 0.4263566
4.777459 0.3731361
7.810487 0.3079043
2.668561 0.4994143
33.0416 0.04462529
15.79673 0.1780158
10.61028 0.1654429
15.90396 0.08307527
5.726046 0.1440343
6.636341 0.05336597
6.99226 0.1059762
8.538509 0.1082922
9.488292 0.2514021
10.7285 0.03261382
10.65933 0.1185585
9.765902 0.4156817
18.56586 0.1781555
7.239926 0.2017508
5.097122 0.4152288
3.46978 0.1720692
4.282864 0.02018207
4.875958 0.2224665
3.899587 0.4241181
4.60403 0.08792888
4.47406 0.07200874
5.777399 0.06497027
13.99479 0.07046041
4.717216 0.1375234
9.406922 0.1467036
7.110732 0.1212173
6.325733 0.4881221
5.744572 0.4950442
4.545083 0.4698552
10.14271 0.4379379
6.752876 0.1137331
10.06992 0.3332916
10.57691 0.0501861
5.869714 0.09721213
14.6098 0.06210576
5.037783 0.3307461
4.570134 0.1698532
3.385724 0.3475993
3.416121 0.2819269
4.450085 0.2997365
4.914222 0.4740155
8.372934 0.335033
6.275372 0.1262186
6.798794 0.2301041
7.554735 0.1746305
3.204186 0.1104292
5.577022 0.2211231
6.547977 0.1873276
3.417686 0.1930704
3.914796 0.27892
7.108645 0.1402266
4.994255 0.2386283
4.213143 0.3110161
2.165314 0.2475926
2.821194 0.3217038
6.731273 0.2059313
9.097796 0.1573429
14.77804 0.1628655
9.18768 0.06421562
6.743223 0.1681625
4.034709 0.2097379
6.190853 0.1489363
6.291037 0.08619265
3.913334 0.417673
5.937835 0.453168
8.985849 0.1694512
4.172903 0.4381424
6.036861 0.06517326
6.198702 0.0667983
6.401509 0.2720607
4.132229 0.1417701
13.78396 0.05374101
9.536395 0.09126036
3.499342 0.3053842
5.945709 0.2120971
6.879733 0.04072608
7.758898 0.3908463
6.811035 0.4328552
10.82167 0.1183955
3.339558 0.2475326
6.479259 0.2946324
5.95267 0.262835
8.84658 0.4018157
6.046204 0.1783381
5.273918 0.2201492
10.90923 0.219087
5.127228 0.07817804
3.974286 0.4135346
7.465782 0.2769666
6.91232 0.08535158
7.766381 0.0230225
7.412864 0.09018572
9.850379 0.1691934
6.282981 0.4510276
10.80306 0.3614669
8.114239 0.09113089
4.646401 0.2775235
3.503888 0.186438
3.654653 0.1158286
5.121718 0.3223842
5.737706 0.1300372
5.946875 0.09093445
6.992573 0.425997
3.1239 0.09284863
9.590049 0.1262642
4.853037 0.3469789
14.3242 0.1104415
6.703299 0.3463519
3.97726 0.3843177
4.464963 0.3475135
4.323452 0.1582187
2.933465 0.3487057
3.709739 0.08535296
4.115992 0.3116081
6.192748 0.08335424
2.208247 0.2230133
8.645729 0.04645624
3.51977 0.172335
4.449156 0.4786918
2.21882 0.3296399
7.861824 0.3907962
3.379193 0.2436948
4.456043 0.2509029
4.136288 0.1761037
3.124227 0.4625963
4.530259 0.4885693
8.406578 0.1411913
4.806552 0.3299485
5.69379 0.1181805
2.699511 0.3202757
5.29537 0.3591752
5.188592 0.4001136
6.04538 0.2381266
9.695039 0.06762798
4.010187 0.2209189
5.197509 0.1972358
2.369381 0.1001927
5.514852 0.1453141
3.991232 0.1385696
5.068341 0.2001707
11.93856 0.3254943
10.2244 0.1565408
6.936843 0.3620964
3.065817 0.3490098
2.682877 0.4903497
4.616898 0.2380187
5.989742 0.3307672
30.04948 0.03021977
9.699338 0.3028723
11.14913 0.1045335
10.71195 0.1936081
20.27829 0.1650692
7.753301 0.09460449
9.667736 0.08497209
4.888425 0.4916706
5.981167 0.1433551
7.313003 0.2064686
8.465513 0.3531192
6.923186 0.06909631
9.845997 0.198284
8.607084 0.284345
12.74144 0.2448616
6.825579 0.2203736
5.350466 0.1068536
7.864103 0.1748134
5.853491 0.1533269
3.105861 0.2997085
7.219874 0.3978748
4.940064 0.355334
2.743142 0.4732279
4.769343 0.2121724
3.997101 0.1285472
5.789544 0.3855617
3.595989 0.1489092
6.45157 0.04010399
5.738374 0.2364024
6.614538 0.06678794
4.06817 0.0746358
4.339947 0.3845152
4.930852 0.2264828
4.105452 0.2976399
5.858109 0.1554146
4.043955 0.1495906
2.736054 0.41485
6.409823 0.1106507
4.855717 0.1376595
3.357646 0.2766592
2.933299 0.1497899
3.234845 0.1080826
3.83891 0.1138273
3.981124 0.277603
5.129526 0.4526324
5.309155 0.1561112
2.936814 0.4046651
3.303901 0.1903981
7.269537 0.1279075
5.670315 0.4776887
4.954944 0.06242339
3.612162 0.3049539
6.800405 0.0874509
7.055589 0.3275416
8.506557 0.2061565
6.518428 0.09508817
5.892387 0.1206478
6.120255 0.09492813
5.452654 0.1791545
3.842857 0.1292656
2.768084 0.2018438
4.687113 0.160601
2.497229 0.4524013
4.017924 0.2131603
3.343612 0.3856777
9.867253 0.1852242
2.890033 0.2195675
5.776751 0.243851
4.121553 0.4401731
6.335723 0.2467743
7.623866 0.4200473
5.077738 0.4862436
2.629226 0.2447242
2.726191 0.4264764
4.272457 0.1187735
4.520164 0.3421061
7.501857 0.290545
6.041369 0.2793844
9.201361 0.3350175
4.077251 0.4484539
173.4074 0.02803897
5.3498 0.1661069
6.334288 0.482874
7.445053 0.4427188
4.499061 0.2201928
5.745465 0.2609141
5.081045 0.2485127
14.25994 0.1834546
8.951793 0.2196215
9.660271 0.1519369
24.32831 0.1868945
6.511986 0.03729104
7.50682 0.2376662
9.220788 0.1750524
7.07988 0.2014177
5.46417 0.3555712
4.80608 0.2087472
4.969061 0.1001706
6.246262 0.2498199
4.471676 0.09527623
8.912357 0.1827339
13.04702 0.05164783
10.91047 0.1791496
5.23673 0.2277403
4.860028 0.2305393
2.510759 0.05609113
3.827901 0.4317164
3.808306 0.3009613
3.123715 0.255924
4.688697 0.1544349
5.705556 0.149737
3.792558 0.2879041
3.665282 0.2719268
7.252685 0.1383229
3.760975 0.4493067
2.897837 0.112141
3.170208 0.3666126
4.725729 0.3681365
9.537517 0.1121632
5.455952 0.1154188
2.917731 0.3915217
3.154471 0.4841344
2.141242 0.3264264
5.294903 0.4386926
6.722569 0.2873703
6.046468 0.1531425
6.481842 0.1144931
4.728409 0.4099089
6.27842 0.1274897
4.550931 0.1597026
6.038054 0.428784
3.220845 0.4195825
4.944849 0.4856038
3.353526 0.4310132
3.797169 0.09754389
6.072978 0.1645442
5.475748 0.3337026
6.17782 0.1909764
4.487916 0.03446025
7.366105 0.04606596
3.705812 0.1989044
3.379102 0.3847374
3.196943 0.2604219
4.503758 0.06743697
12.48654 0.05732844
5.178566 0.4743753
4.935582 0.2258471
4.654063 0.2344333
9.226758 0.1322931
8.194625 0.1545287
5.237649 0.4570791
5.842699 0.3063338
7.517152 0.353765
4.806065 0.1106425
4.667005 0.2197654
3.726267 0.1065074
4.961044 0.1536031
4.71771 0.4695057
3.498226 0.3059223
5.695706 0.2977858
6.493448 0.05549513
4.645036 0.08346701
14.75694 0.1210914
7.361365 0.05418594
3.086028 0.2990688
3.529376 0.1857731
5.16318 0.1659524
4.328159 0.1850021
8.36823 0.1550349
19.59399 0.08055204
7.866114 0.1390597
9.41042 0.04626196
14.01561 0.178851
5.505449 0.221356
5.503843 0.4176165
14.80555 0.2181223
4.710959 0.2438227
4.613646 0.4229758
5.505596 0.3201267
4.766987 0.2024001
4.420617 0.3026781
7.915072 0.04343837
9.015808 0.2175789
4.446591 0.4388964
5.004209 0.4246762
4.875131 0.2628213
8.15327 0.4273394
4.758584 0.2431444
3.719573 0.38813
6.900089 0.4477359
12.35909 0.1923485
6.970158 0.2377184
4.279031 0.479865
10.28099 0.1249879
2.906691 0.4406657
4.432126 0.2159116
3.664335 0.1081016
3.938653 0.3846216
2.347259 0.226966
4.360323 0.4318664
2.554992 0.3498569
3.463571 0.125164
2.673597 0.2170491
3.77269 0.2170772
5.653428 0.1372982
3.861854 0.02532481
6.740927 0.2962739
6.65951 0.07567745
4.565294 0.3433575
12.97778 0.1912894
3.139593 0.4168556
5.484095 0.3160192
4.131675 0.14366
3.852978 0.2350853
5.237791 0.2268597
3.051323 0.06837573
8.93952 0.2432702
4.676441 0.4168333
13.40937 0.2297044
5.117848 0.249522
3.117705 0.1184724
2.972809 0.2390172
4.553661 0.3527021
7.470123 0.06988209
7.746009 0.07543531
4.583962 0.1225306
4.569698 0.2490075
4.518549 0.4792017
5.215175 0.4242554
8.447814 0.4158333
5.993731 0.1202363
8.222851 0.2650056
9.453645 0.1894881
4.371627 0.2052182
5.15083 0.1353702
5.578705 0.2992563
4.539441 0.183208
6.283318 0.0517263
4.058886 0.3828905
3.318829 0.04339721
2.535744 0.4217974
5.473852 0.1955046
2.910019 0.221693
8.012279 0.1500019
4.83231 0.1897775
4.015471 0.456055
3.413557 0.05187435
5.239177 0.2258329
8.395758 0.1973863
4.764855 0.2555019
2.652685 0.2119372
3.068579 0.4190121
3.948745 0.3619643
3.877096 0.2194849
10.61505 0.1878943
4.440677 0.2520628
4.825675 0.2321943
5.664618 0.09083775
5.880035 0.04390013
5.552691 0.3080075
2.76688 0.02276912
7.226501 0.2747673
6.190001 0.4278958
4.776261 0.4331054
4.957702 0.3258383
4.840686 0.3047638
8.38627 0.3162476
8.812345 0.1833441
3.70537 0.09936999
7.671709 0.3492884
3.968805 0.1056524
9.363499 0.390533
5.233502 0.2339508
12.14016 0.06421667
5.811441 0.467831
7.038756 0.4317848
5.60293 0.3566663
7.026829 0.07500388
9.54418 0.08876567
6.368371 0.3423739
7.439537 0.03481858
4.130686 0.4001094
4.646944 0.2858098
6.099085 0.1799552
7.6406 0.07515335
4.34609 0.3421814
8.126353 0.1128798
6.635762 0.1466339
4.540426 0.4767064
5.704297 0.2649507
10.68776 0.06941987
15.06175 0.0497652
9.034348 0.03435352
13.9882 0.04356653
14.24464 0.1191134
5.837526 0.2583022
14.80255 0.1305633
6.15335 0.1194119
6.4347 0.1603061
5.885247 0.3374302
5.813013 0.05143313
5.879946 0.1299327
9.755456 0.3486579
3.664451 0.1235723
5.263913 0.1493127
5.56105 0.3323657
6.962177 0.2984708
4.597442 0.2786323
14.04236 0.06591307
9.418245 0.3620893
12.56891 0.07368525
3.506144 0.2736381
5.191822 0.2374462
5.572413 0.206969
6.851822 0.1507884
9.157872 0.2200374
4.568267 0.3091084
6.367828 0.2144615
7.563098 0.2267073
3.543719 0.1142691
7.312223 0.3780549
6.124218 0.1842591
2.970039 0.3745956
6.121935 0.4243465
6.130181 0.1160996
12.67801 0.08016358
5.4095 0.3639269
5.693091 0.4675223
5.907845 0.4781173
8.17009 0.3174466
4.730322 0.454467
4.761573 0.1723967
6.264187 0.1842005
4.593926 0.1421027
5.865866 0.3087726
6.290475 0.4724572
4.042202 0.3422328
4.160683 0.3521798
4.798564 0.183894
5.721014 0.3967163
6.456323 0.3773209
9.672555 0.349938
6.984738 0.307351
6.490782 0.2471039
7.614756 0.1488146
5.340246 0.4380147
22.41872 0.08063619
8.438722 0.3411619
6.433586 0.374531
8.646848 0.3676352
12.59403 0.1649647
3.948892 0.2931103
9.250871 0.3199013
7.437094 0.1414188
10.80354 0.2191082
9.576944 0.1286333
5.76875 0.1471664
4.424462 0.07733089
11.00504 0.1915944
7.653403 0.2780011
7.046704 0.2798259
8.529204 0.1197342
4.528732 0.106202
6.64276 0.2286524
4.134534 0.2377061
9.518807 0.2904395
3.975746 0.2559486
4.312299 0.2156865
4.446955 0.3474728
2.778654 0.4561639
4.149759 0.2764794
4.41433 0.2512393
5.407293 0.2917842
7.573383 0.1003055
4.361763 0.1508318
13.0227 0.1622467
9.359569 0.1932521
3.308433 0.2190625
4.145989 0.1154716
4.769202 0.3425928
3.954528 0.3067216
7.009709 0.1386489
10.96237 0.04254231
8.410997 0.1140256
5.011502 0.3979857
6.307015 0.0675962
3.744607 0.1852366
4.174235 0.249493
10.3468 0.2142559
5.894401 0.07395607
5.893892 0.4089741
3.029858 0.4024995
9.432547 0.1774964
3.58091 0.4508293
5.321552 0.1402243
6.674254 0.2837269
3.16092 0.3272535
4.584332 0.4952973
2.859275 0.06422767
3.889323 0.1818985
5.838504 0.1590727
6.972873 0.2772213
5.760803 0.2594182
6.124145 0.0760516
5.232402 0.1094745
3.444825 0.2312644
5.696265 0.08053573
4.43489 0.4704209
10.83413 0.3200543
4.312864 0.216595
4.829945 0.3036723
27.19269 0.03675484
11.99832 0.2759682
6.237955 0.2844749
3.855743 0.1244691
7.461031 0.3673719
6.255032 0.05505486
8.222074 0.03972147
6.988108 0.3744098
7.905806 0.2913447
6.631327 0.2969704
7.674383 0.03312642
6.196999 0.1415485
7.898984 0.09710115
3.522551 0.4772407
3.128897 0.4753473
2.717646 0.4321705
1.933379 0.2808209
8.505624 0.1234018
4.544049 0.1013872
6.663892 0.1955718
5.179971 0.1038078
2.873303 0.3098629
9.965134 0.1094291
9.010719 0.3061186
4.595984 0.3508468
7.714793 0.2139387
7.380735 0.1378065
5.95769 0.368622
6.963075 0.141585
9.434347 0.09525516
9.100867 0.4784142
11.54938 0.08465743
7.229866 0.3832268
6.942305 0.248441
4.200057 0.2341737
5.504985 0.1109557
3.425862 0.2732386
8.793881 0.1270518
7.861683 0.3164566
6.875067 0.1773899
15.15671 0.2317906
4.128556 0.4761844
5.5411 0.3652742
6.342799 0.1833137
3.715681 0.2401973
3.104642 0.2520124
11.78488 0.1902799
5.866567 0.3462625
5.532214 0.1550512
8.669374 0.2982625
4.61546 0.1693132
7.075255 0.2163177
6.012821 0.3399699
2.91791 0.04689584
10.50761 0.06084724
4.941942 0.3933491
4.341029 0.4922447
6.099903 0.2178814
6.847953 0.2575418
4.478709 0.09693233
4.34739 0.4913989
6.303397 0.3214007
3.473905 0.4587711
2.749785 0.0912754
2.652097 0.2752102
4.070066 0.169109
6.215954 0.1801104
5.357735 0.2335243
5.25341 0.3147694
2.787004 0.311692
9.025321 0.3587415
9.321771 0.1163214
4.64344 0.4967302
4.796908 0.4521416
5.27015 0.1388392
2.906794 0.4501006
6.204239 0.2964375
3.124277 0.1248768
6.300389 0.0364851
4.680044 0.08936899
7.392527 0.3879327
2.594138 0.4779062
3.898112 0.3203443
4.523249 0.314065
4.5199 0.1730793
6.967216 0.02664695
5.013634 0.08304371
3.665889 0.4659865
4.328236 0.1453458
6.708713 0.3026723
4.300507 0.03460574
2.051358 0.4052643
8.66783 0.2855875
3.488781 0.1485801
11.34971 0.0763222
11.86425 0.2707484
6.548993 0.2776339
2.816975 0.2514124
6.843813 0.07520881
5.39684 0.2017813
2.751082 0.2313153
7.609126 0.08086733
9.950614 0.1666095
6.228138 0.2118001
8.899 0.353931
5.098922 0.3463981
8.811351 0.3762956
2.918796 0.3335813
4.144141 0.3505126
17.55983 0.02273495
5.970334 0.4577874
4.157445 0.06566194
7.259959 0.4526285
8.340201 0.1620028
7.320989 0.3365743
11.58459 0.3924805
5.19394 0.2436754
12.53419 0.08062751
5.476274 0.3833681
5.289956 0.1772658
20.92862 0.07017466
7.932442 0.08091641
5.566258 0.3089808
14.34222 0.03449749
6.155475 0.3053198
10.02139 0.1331614
5.299422 0.4351123
7.385588 0.2922017
12.85102 0.1877545
5.622444 0.08166581
5.853337 0.06561091
7.986243 0.1834025
2.843759 0.2821714
6.397347 0.2677122
4.213804 0.1939811
3.549518 0.2018279
3.998515 0.2262498
4.11217 0.235752
3.108222 0.4524689
8.500654 0.09608187
7.148614 0.3870124
5.505784 0.1656011
5.11469 0.4692652
3.884031 0.1345502
7.672762 0.4639274
5.224631 0.2084345
7.23155 0.1062059
4.371374 0.3655615
3.715678 0.4587174
6.640434 0.386292
3.565478 0.3286162
13.25447 0.02341462
1.92629 0.4221744
3.708831 0.4248283
6.591715 0.1857506
4.087731 0.156625
7.453346 0.144041
3.139459 0.170948
4.389234 0.2362349
3.147231 0.1712744
4.910924 0.05677752
7.80042 0.04631432
7.743318 0.3445559
4.192069 0.1371332
3.379757 0.4490383
10.64763 0.08952226
13.27879 0.07909517
9.609029 0.06350164
2.560344 0.2175519
4.284874 0.09001746
5.038987 0.4618536
2.664238 0.4833224
7.740008 0.2549398
5.583566 0.136805
14.03955 0.109673
21.4813 0.2064384
10.74705 0.08119676
9.618349 0.3433348
8.504564 0.3946486
3.600719 0.4579547
16.62534 0.1087478
10.5964 0.3617402
7.504281 0.06926804
10.56995 0.1775375
13.55281 0.07782288
10.73382 0.3511071
5.132632 0.133158
6.015731 0.2206586
3.809011 0.4996351
4.284656 0.4692405
8.929884 0.2033508
4.741109 0.1510131
8.690935 0.3984138
3.455963 0.2138333
9.922513 0.051599
11.54889 0.2669075
7.696162 0.1695901
6.045271 0.2006266
6.025825 0.1291372
3.227496 0.2148731
4.626312 0.3027567
3.830905 0.2457245
9.12552 0.164378
12.43968 0.1418677
6.298781 0.3814618
6.029387 0.3323417
8.279932 0.2858941
5.188647 0.1233894
3.990272 0.4997884
4.258815 0.4098615
5.099956 0.4197901
15.20144 0.1209268
5.584547 0.458487
20.01243 0.1789917
8.376573 0.297048
4.092679 0.4477405
4.277052 0.0261151
7.408421 0.1750511
6.040635 0.3958536
7.390381 0.2053029
6.632426 0.09625607
6.732827 0.2089036
11.06636 0.1285736
9.807124 0.1374686
4.096122 0.3667545
4.408599 0.32485
6.062556 0.0996054
4.583453 0.2147285
2.819403 0.1969241
3.237496 0.4477456
5.377524 0.06178386
4.040951 0.1530266
2.878351 0.3708436
7.829195 0.1240417
5.402047 0.2820846
5.046343 0.3364506
4.085823 0.07720767
6.80384 0.1291781
8.64539 0.3165482
7.159473 0.2508141
7.045426 0.4122512
5.945658 0.1814851
5.679419 0.08433481
7.498644 0.2100324
6.623805 0.1484858
3.526952 0.2733496
5.783592 0.3858456
5.80655 0.1398553
4.684902 0.207671
9.859815 0.2220851
8.169432 0.04565474
9.089608 0.1680944
28.45674 0.180418
14.26969 0.1249685
6.962368 0.3751067
9.878991 0.4343674
4.245808 0.1766202
3.455156 0.0809796
5.737189 0.4629243
7.561617 0.242702
3.847423 0.4201576
6.550366 0.1278647
5.554064 0.3103142
9.617665 0.09591278
8.101885 0.09791098
8.44623 0.07044834
42.99117 0.03212609
25.30919 0.08845445
11.51797 0.07111038
18.21178 0.0226293
5.548666 0.1762941
10.36206 0.1400445
5.983664 0.301621
9.032011 0.2222866
4.705467 0.4618637
7.412556 0.2140668
5.369961 0.2887384
2.299508 0.3807152
7.563323 0.3833998
7.170606 0.1283198
11.03668 0.08377834
16.94996 0.2154456
5.698889 0.2145352
14.32634 0.08906839
5.135653 0.3943129
9.59082 0.09831858
10.22711 0.2877682
8.3457 0.1401491
6.426622 0.2335461
7.40728 0.1885328
8.645177 0.3565959
4.784013 0.09683304
8.183178 0.07006744
7.884998 0.04296173
3.792153 0.1101516
4.908681 0.0906001
12.10642 0.127474
5.7486 0.1524863
5.653229 0.1415257
5.184799 0.1847708
6.399944 0.2440943
3.944565 0.3821818
5.751673 0.4487426
6.142798 0.1461492
23.02643 0.2669694
4.692358 0.1247585
3.894747 0.4218509
8.912956 0.04236282
6.626594 0.08842374
11.45746 0.2256893
3.593066 0.3925159
3.194945 0.1127714
4.632373 0.4836769
3.679557 0.1207949
4.22104 0.2925213
6.871964 0.08661786
4.73167 0.4262559
6.291262 0.3358706
6.719838 0.2352594
4.214681 0.3446008
4.117468 0.1323605
9.222168 0.03454853
8.978519 0.05400377
5.041742 0.4094175
7.774325 0.2551172
4.493348 0.2855789
3.923326 0.2697463
5.458922 0.3008006
4.140634 0.1744968
4.416458 0.4912009
5.937027 0.123004
5.075582 0.4037031
4.272686 0.3163033
4.686012 0.06151807
4.079834 0.02820145
10.41002 0.07123282
11.76982 0.3381409
6.885371 0.2607226
9.143998 0.092476
6.63076 0.4093762
6.699129 0.2084063
10.38652 0.03501694
2.917956 0.4646425
3.449969 0.4224595
2.592079 0.2273574
2.469003 0.1053512
2.59424 0.1171746
1.652729 0.2655053
2.725058 0.3565488
2.58957 0.2526672
3.030665 0.4114712
2.527961 0.3808473
