"res" "LCI" "UCI"
-3.14719314738468 -3.5090541450657 -2.84166651940547
-2.91054484088202 -3.22016933885001 -2.64626442560127
-2.71782376368471 -2.98867729978756 -2.4710893838431
-2.65318241474579 -2.91258373119151 -2.41477771356025
-2.57053882644742 -2.81753676519719 -2.3407907013355
-2.51824156607226 -2.75087736115125 -2.29512111182296
-2.49022500920268 -2.71777051139674 -2.27126662986417
-2.48018837269873 -2.70976415945088 -2.26469330705822
-2.45913519474107 -2.68213823208986 -2.24325094666942
-2.42492036662243 -2.65330960211073 -2.21022843220615
-2.39102922378499 -2.61861410136479 -2.17777277827585
-2.35213177170898 -2.57670570435153 -2.14181991483466
-2.30703903912448 -2.51802842506445 -2.10443588023171
-2.26664454512128 -2.48378293024448 -2.06555570479568
-2.23301509842167 -2.4400357579238 -2.04005425543473
-2.20412377983854 -2.40206967791079 -2.01612399001142
-2.18448937633498 -2.38331279664188 -1.99557453812016
-2.15895426213161 -2.3510526322143 -1.97575641503765
-2.12422647474838 -2.31796595066719 -1.94262221244562
-2.09319196867664 -2.27998081525021 -1.91664493834797
-2.0785560892323 -2.2610336544721 -1.90431665878964
-2.0551927419058 -2.23608256278537 -1.88223918288738
-2.03825403720235 -2.21877701465716 -1.86661797054266
-2.01453552686083 -2.19018434260645 -1.84689180065999
-2.00227213887545 -2.17466432392856 -1.83682072813645
-1.98688464429912 -2.15815921267824 -1.82201906519219
-1.95844106656147 -2.12797331082078 -1.79639502993793
-1.9209466932708 -2.08532738492813 -1.76256041911045
-1.88156388785993 -2.0408402029347 -1.73050984161757
-1.86400365430688 -2.02010942996907 -1.7166649104587
-1.8411479930485 -1.99804881214151 -1.69531188607565
-1.83109942781184 -1.98527614234595 -1.6862897352146
-1.81232627117574 -1.96286820432772 -1.6721647995769
-1.79514185950347 -1.94591449431709 -1.65471070363332
-1.78116055537621 -1.92719916111538 -1.64414834028232
-1.76943129821289 -1.9148925070634 -1.63394993255813
-1.76223638095293 -1.90748196128145 -1.6274967233638
-1.75323025129049 -1.89409987762782 -1.61923287071006
-1.74644642103976 -1.88850725936039 -1.61360842255902
-1.74106298940733 -1.88133006947593 -1.60925119331255
-1.73522954215886 -1.87437785918547 -1.60288369590337
-1.72496096451212 -1.86245280445936 -1.59249280764295
-1.72002909341762 -1.85746941386251 -1.58751543463818
-1.71561863429866 -1.85312385330904 -1.58200296027006
-1.71092326867135 -1.84879661529948 -1.57804310820967
-1.70624252734748 -1.84216589474144 -1.57469743518879
-1.70215598976831 -1.83816026799772 -1.57156563117583
-1.69624632937713 -1.83293884850137 -1.56442928790243
-1.69141969596169 -1.82749592343388 -1.55941910341434
-1.68247925690658 -1.81809842294371 -1.5515741411768
-1.67011222898644 -1.80577121969822 -1.54089619791396
-1.65039710150277 -1.78440506936214 -1.52232091853687
-1.63514062902342 -1.76571667072783 -1.50676323836631
-1.62509575120693 -1.75416332438793 -1.49804410694714
-1.6018120689909 -1.72614031476916 -1.47610951192275
-1.57969556987264 -1.7047031265921 -1.4582556693667
-1.55940203507541 -1.68244665623538 -1.44058907736169
-1.55836104632348 -1.68042140333485 -1.43896678609519
-1.54743611109649 -1.66885032291832 -1.43027854254449
-1.52820421765271 -1.64677805064439 -1.41397016410472
-1.52066568580501 -1.63873163989588 -1.40671295482807
-1.5110020833576 -1.62718749944424 -1.39861513869889
-1.50639878372403 -1.62276923257004 -1.39455656145595
-1.49684542107088 -1.61062519111196 -1.38443179916415
-1.49050938832102 -1.60602996252514 -1.3808654366363
-1.48660452261621 -1.60227558577661 -1.37615465357949
-1.48248714975799 -1.59763935166221 -1.37232965655849
-1.47716884237981 -1.59179502546967 -1.36614208017436
-1.46941668118819 -1.58153171636664 -1.36033213696004
-1.45918167491174 -1.57013649018176 -1.35018599616406
-1.44458103738618 -1.55652874902806 -1.33660163434616
-1.43965040198175 -1.55117464483916 -1.33315294362143
-1.43481924426152 -1.54703288709879 -1.32824893927127
-1.43228699780683 -1.54424399461505 -1.32619189709966
-1.42903628901063 -1.54135346849232 -1.32267296491029
-1.42608470534725 -1.53747090879464 -1.31980411821562
-1.42393445494712 -1.53458630570359 -1.31850801907311
-1.42149281431057 -1.5315964645094 -1.31627660682571
-1.41759580575841 -1.52778792635242 -1.31268504048978
-1.41431465381012 -1.52412932570303 -1.30827114087907
-1.4099607193892 -1.51984188983192 -1.30449970460584
-1.40708499549964 -1.5161333296798 -1.30198485465751
-1.40472819903604 -1.51441249521439 -1.29991567393866
-1.40188814520487 -1.51176266557076 -1.29652894625284
-1.39965894974361 -1.50685784786479 -1.29431341935695
-1.39608388528281 -1.50368504963059 -1.29103275308252
-1.39233900893137 -1.49963768310839 -1.28922857738401
-1.38543309267549 -1.49141807401592 -1.2832621171059
-1.38046409708748 -1.48706215635541 -1.27569406360241
-1.36897147515356 -1.47313303392137 -1.26566610714562
-1.36219478548156 -1.46730369977465 -1.26020014731462
-1.34684713171432 -1.45170353619859 -1.24397801699729
-1.34249722759961 -1.44689524542945 -1.24102841790649
-1.33668009048981 -1.44119972657125 -1.23578610245469
-1.33048607616251 -1.43443994106964 -1.22918320313171
-1.32731103380779 -1.43069839095852 -1.22593318705616
-1.32230515703383 -1.42611470577624 -1.22214766575503
-1.3183102187597 -1.42193652331184 -1.21789910987572
-1.312629432651 -1.41465578675744 -1.21312499195373
-1.30714502462442 -1.40887259761107 -1.20743701970511
-1.30073886926939 -1.40155640386981 -1.20184524796731
-1.29414600048766 -1.39411072869332 -1.19615746162562
-1.28759174963417 -1.38739937157782 -1.18963740217259
-1.2814509646424 -1.38022448353453 -1.18300616411231
-1.27485789762832 -1.37374214390947 -1.17737153940897
-1.27042494445919 -1.36877762366022 -1.17356941386215
-1.26643090866308 -1.36597601690459 -1.16927827549009
-1.26168808292648 -1.36161776982728 -1.16442600973219
-1.25781750797104 -1.35782329152382 -1.16133650812805
-1.25352061586198 -1.35302928695063 -1.15656217303661
-1.24923277249021 -1.34785233401882 -1.15197928110273
-1.24329595811422 -1.34137051852613 -1.14713830448612
-1.23851105615715 -1.33524011086919 -1.14294482706361
-1.23194950275116 -1.32883659878802 -1.13746229214307
-1.22721491964391 -1.32395953536609 -1.13336667564966
-1.2225105554904 -1.31912898629649 -1.12857186073241
-1.21777058837784 -1.3151686446197 -1.12350001662836
-1.2121481536521 -1.30941007959936 -1.11781383636059
-1.20783020349271 -1.30426142722077 -1.11346747430533
-1.20237418555735 -1.29759196186428 -1.10769267936427
-1.19711393102192 -1.29224456239057 -1.10313065243181
-1.19244857045142 -1.28661063968928 -1.09871712826931
-1.18742958691883 -1.28118242943161 -1.09404817979705
-1.18239907611859 -1.27555429735054 -1.08932174155249
-1.17631390798727 -1.2700353936362 -1.08482656036589
-1.17066618680321 -1.26418316412456 -1.07890934582673
-1.16483520600899 -1.25690873791729 -1.07235750723265
-1.15877803416694 -1.25022745280455 -1.06707703484762
-1.15253917555856 -1.24554810587807 -1.06274190290263
-1.14676304297266 -1.23801752871995 -1.05608310045027
-1.14057652009578 -1.23248867314236 -1.05094271704759
-1.13381055171157 -1.22563782569502 -1.04445567776954
-1.12801992028359 -1.2189464316532 -1.03784410192815
-1.1231639182514 -1.21338254490627 -1.03430735144691
-1.11871511240917 -1.20851667952021 -1.02802302777188
-1.11376436972027 -1.20428243302437 -1.02425038017265
-1.10930441818913 -1.19870175242775 -1.0190462727874
-1.10317271388858 -1.19126661270037 -1.01427951268834
-1.09828987237535 -1.18682842995571 -1.00969354034454
-1.09367095024894 -1.18267660625042 -1.00562793320355
-1.08868178080749 -1.17874681963748 -1.00012021604786
-1.08461355378718 -1.17399066177876 -0.995722482100875
-1.07976631839469 -1.16745261716836 -0.991313005781284
-1.07508818762767 -1.16220481762463 -0.986681998801834
-1.07003793341237 -1.15681009753162 -0.981615561741319
-1.06441305528637 -1.15034492233649 -0.977073551690197
-1.05837496200948 -1.14349639719647 -0.971301948118614
-1.05262359738068 -1.13723642027708 -0.96638099356818
-1.04688356600398 -1.13220078629787 -0.961994693855238
-1.0394947339211 -1.12412757242058 -0.954785137567755
-1.03381134097694 -1.11869670941809 -0.948842418241878
-1.02781706506982 -1.11261739810563 -0.943591953990278
-1.0204828907707 -1.10413759867155 -0.935052802544608
-1.01497120017296 -1.09910587037126 -0.930938238325515
-1.0079143221446 -1.09145656095142 -0.923521795342682
-1.00018501680385 -1.08375492382387 -0.916842134572621
-0.993752830946238 -1.07720207171308 -0.910168422918927
-0.985666367427415 -1.06898804904271 -0.900793216206828
-0.976344776010976 -1.06081317611171 -0.891060880600455
-0.966913980368805 -1.05071847218631 -0.882416223988027
-0.958457152176371 -1.0434622243191 -0.874110794835093
-0.953038101024355 -1.03660091181706 -0.867907572139505
-0.94811009193038 -1.03223730136123 -0.863623411291139
-0.943439547478995 -1.0271343418469 -0.859460595533117
-0.938688482032365 -1.02351768544232 -0.854342182034659
-0.934234770452195 -1.0192527857994 -0.849599596615125
-0.929816439397584 -1.01582733449226 -0.846121822441173
-0.926699518634273 -1.01245404403111 -0.842370580888208
-0.923528155473107 -1.00915439759611 -0.839371977536845
-0.919940924358532 -1.00598366734927 -0.835871798096111
-0.916056381941756 -1.00247118859684 -0.83138144382055
-0.911579297172923 -0.996619568377383 -0.827829639750273
-0.906954595137491 -0.99251241698515 -0.822588576269611
-0.903592184381542 -0.989311405777397 -0.820135770343224
-0.900532476121155 -0.987030758575813 -0.817030063890165
-0.897818647336523 -0.983979560890057 -0.814105240948033
-0.895422442854196 -0.982087340218421 -0.811739882452003
-0.892969435118358 -0.979657495115939 -0.80959748742691
-0.890563002878553 -0.977216924287934 -0.807974916173968
-0.888131404692223 -0.974648177568762 -0.804931888840991
-0.885783002246962 -0.971952515620571 -0.803761541286104
-0.88305916246514 -0.968787853174346 -0.801031538319079
-0.880341014304293 -0.966837323823182 -0.798487773706308
-0.877696112841177 -0.96332557684645 -0.795940788737262
-0.875316776549904 -0.961061300779823 -0.793330538161328
-0.872621847414314 -0.957546535054152 -0.790481661578712
-0.869015788479658 -0.953060133031806 -0.787167055204346
-0.864305218672244 -0.948461885263256 -0.783541078969446
-0.860646410251852 -0.945037015371606 -0.779732836586482
-0.857164201622065 -0.941482868572147 -0.775214893714526
-0.854137647956029 -0.937734171606341 -0.773310360067608
-0.851047789956931 -0.935305779702198 -0.770474906607924
-0.848017459338609 -0.931146880344252 -0.766855313463042
-0.845082600392765 -0.92844968641192 -0.764472719204975
-0.841775117135911 -0.924380730428664 -0.76076753608075
-0.838549471357854 -0.920916986411552 -0.757527883191102
-0.835167419376537 -0.918436627713586 -0.75475999188567
-0.832039382105809 -0.914064699815806 -0.752405499102478
-0.828837532525935 -0.911652234307009 -0.748723542675852
-0.825780542489361 -0.909364516102206 -0.744349407440379
-0.822733407075258 -0.90593952718065 -0.740627544975276
-0.819244986131746 -0.90218104891012 -0.737380938508285
-0.815596457189228 -0.89879773113038 -0.732227235752266
-0.812020835662567 -0.894115600698989 -0.728919750024042
-0.808158312360489 -0.891253418646296 -0.72243829018406
-0.804051275841325 -0.886427620581131 -0.716602542320319
-0.800012721693213 -0.881532304375813 -0.713204838244589
-0.79570204765092 -0.878111469334119 -0.707849271001134
-0.791174543150415 -0.873847913730681 -0.702462404133993
-0.786110029552867 -0.869048513836459 -0.6970656291068
-0.781558219712235 -0.865308838172224 -0.691714134031785
-0.77648651949998 -0.860823442383236 -0.686952882217677
-0.771485576550248 -0.855348978465093 -0.680211742620358
-0.766863066935264 -0.851352076714682 -0.675347506819219
-0.762088318261493 -0.847462335321278 -0.670357128514638
-0.757676104835464 -0.844058080890952 -0.665465669234731
-0.75384635610888 -0.841652181152853 -0.661685530331505
-0.750359821045978 -0.838230430681254 -0.657646077022387
-0.746954588566 -0.834914105329462 -0.653342868064056
-0.743933836906467 -0.832039438685456 -0.649574427003138
-0.740835254048068 -0.829407946613777 -0.644744081711838
-0.738102039789684 -0.82563500279458 -0.64118103468945
-0.735153762415342 -0.822426944633547 -0.636552527562742
-0.732278848080627 -0.819386456469953 -0.634474563839306
-0.729035753712734 -0.816787658397578 -0.629137121625617
-0.725524542219531 -0.813765043084493 -0.6254245676311
-0.720099244416612 -0.809361988138002 -0.615351881722693
-0.71599744453321 -0.805982021201478 -0.607631261038856
-0.71126960441431 -0.801498767922872 -0.603472839624277
-0.706662611842192 -0.796218295558301 -0.599557625057014
-0.702045373534072 -0.793004799970612 -0.594593973419537
-0.698407109945081 -0.790578738003211 -0.59056816508347
-0.694209203322215 -0.787370720566328 -0.585001925452518
-0.689946048175149 -0.784176239853114 -0.579511893574211
-0.687241928356652 -0.781720331752808 -0.576758366488785
-0.684405286127959 -0.778921648809106 -0.573865516853148
-0.68096528062456 -0.776170406729453 -0.57088228242203
-0.677259660225336 -0.77319844387735 -0.565714675540523
-0.673805343873242 -0.77100945684018 -0.560244398840937
-0.670780957755673 -0.767405060602323 -0.556133566069672
-0.667291254378368 -0.764636609157703 -0.552872296934819
-0.664252433817102 -0.762265712477452 -0.548282025185855
-0.661480460371852 -0.760415319030224 -0.544524494872242
-0.658379475753906 -0.757516659277698 -0.541702811009799
-0.655115251198874 -0.754859903774801 -0.538060430935619
-0.651427882035087 -0.752776151250923 -0.53460957522292
-0.647177261516809 -0.747671171151993 -0.530071254434226
-0.643162720083958 -0.744924458449535 -0.523882774526829
-0.640291062963746 -0.742402290371205 -0.52189786890113
-0.637324822675943 -0.740826557317582 -0.518179450626578
-0.634240416631091 -0.738950224279991 -0.513930738228332
-0.631142254128114 -0.736528219980105 -0.510646997600356
-0.628373793379623 -0.734347459500418 -0.507635161776167
-0.626066975728925 -0.731452766222965 -0.504999774354606
-0.623803462581523 -0.72965515981259 -0.503660954618822
-0.621505449316562 -0.727666369694029 -0.500831425921749
-0.619007804847456 -0.724900725110374 -0.49890860803795
-0.61643729519422 -0.721999696652111 -0.494719829210505
-0.61373027526014 -0.71939476478163 -0.492739224506482
-0.611046240556259 -0.71699049127067 -0.489845207901792
-0.608583994576445 -0.714509120819387 -0.487531711032464
-0.605841368369262 -0.711982373617159 -0.485337191587485
-0.602494568845136 -0.708709064986092 -0.482429681348119
-0.59884670263584 -0.703955797265695 -0.479804920150236
-0.594903296762862 -0.700923664002785 -0.475444890148476
-0.591295039195057 -0.699099329852425 -0.47141498908901
-0.587863385706383 -0.696294154710295 -0.467075420909198
-0.584163030302641 -0.69264034078141 -0.462685633668471
-0.578394609016842 -0.689623113988243 -0.456650473892434
-0.575202847446475 -0.686861940703265 -0.452179461122958
-0.572212832402183 -0.68405374316341 -0.448962747002644
-0.569215967269708 -0.680493235612239 -0.445772343716977
-0.56581941284156 -0.677457272548775 -0.442670602295043
-0.562984430784598 -0.675165401097705 -0.439094952778699
-0.560465729854776 -0.672888186413204 -0.436410806641041
-0.557167522004704 -0.670375169104854 -0.433747234567447
-0.554637778361073 -0.668948950170448 -0.431616542357632
-0.552084665380191 -0.667414858974916 -0.428981594975902
-0.549471519201726 -0.663353695890269 -0.424395910272299
-0.546704878615415 -0.661450883881098 -0.422317309422001
-0.544396723422158 -0.659769911722654 -0.418993028598346
-0.542394299317073 -0.658075619010487 -0.416358714732344
-0.539674847645946 -0.655128920396389 -0.414616983181646
-0.537359066084019 -0.653643787859179 -0.411739736852669
-0.535118340888758 -0.650782848822003 -0.410812412802342
-0.53253407000012 -0.649062793127953 -0.407946065356207
-0.530257719552342 -0.647885123811679 -0.404786959844243
-0.527927240794237 -0.644165443821164 -0.40312949371672
-0.524828130760703 -0.64219979026339 -0.40145282370705
-0.521744277895325 -0.639137841952897 -0.398045792106836
-0.518017104034618 -0.635050256392092 -0.395278853120506
-0.514452479864516 -0.633101042349804 -0.392433391564108
-0.511691798618243 -0.63017572123259 -0.386916086718346
-0.508861732210289 -0.628457467572286 -0.38336352867012
-0.506549506792269 -0.62699992568943 -0.381303141630598
-0.504368898525198 -0.625412244539075 -0.378699677431395
-0.502596986446442 -0.624563047409459 -0.37603873326686
-0.500884461293647 -0.622531127026718 -0.374996754196789
-0.499193453258025 -0.620821143302009 -0.372718876931335
-0.497576976269321 -0.618942809805185 -0.371847694258369
-0.495906925980885 -0.616601485141109 -0.370358117325817
-0.494400400594786 -0.614476629251217 -0.368603835152316
-0.492874477250029 -0.612152862727254 -0.366764953427147
-0.491387627935151 -0.610850973169492 -0.366254379385376
-0.489896865655944 -0.609436087992488 -0.364351017258772
-0.488310120304725 -0.608074045150636 -0.363303982801445
-0.486602366311411 -0.606063451400233 -0.360904350304341
-0.484912071508095 -0.605060546692264 -0.35901812977984
-0.483054372695866 -0.602505949145887 -0.358005440752529
-0.480855341772 -0.601562462477271 -0.35718570905358
-0.478733866517031 -0.600351800537818 -0.354536216363672
-0.476800694535346 -0.598031659749126 -0.352561027609253
-0.47494052870536 -0.595519593908406 -0.350857016375711
-0.472961367955226 -0.594557493245752 -0.350056980727196
-0.471031420840024 -0.593515219970032 -0.345662153749803
-0.468983882371112 -0.591576165142449 -0.344675076159015
-0.467046940493277 -0.589311283602069 -0.342879036437526
-0.465096590562358 -0.587468367804654 -0.34157586727852
-0.463124530895602 -0.585698760704209 -0.340610644674578
-0.460756698641257 -0.582117026857774 -0.337821803382747
-0.458108297927463 -0.579218104248309 -0.335786254331487
-0.455736779434164 -0.577979653839005 -0.332910994102729
-0.453368536979433 -0.575745115598587 -0.328279279778895
-0.450758418533642 -0.57358795124296 -0.327073834813656
-0.448138717108515 -0.571198016879416 -0.325374945387082
-0.445849764203813 -0.567988328103106 -0.32288132135523
-0.443544020553105 -0.566549145999551 -0.32063794437338
-0.441085435374763 -0.564487034608759 -0.316468648435045
-0.438647200794191 -0.561317080604986 -0.315469892329116
-0.436174355873926 -0.559023830336097 -0.31344066406818
-0.433280771204725 -0.555161184944513 -0.311869273001424
-0.43040293262786 -0.552760135459612 -0.308236994077407
-0.427138151193756 -0.549214061632204 -0.305371999307263
-0.424334136918016 -0.546576062647784 -0.302968162099625
-0.42112037671424 -0.543780876966064 -0.300608777214802
-0.418726192043274 -0.541697870305299 -0.297882987498105
-0.416449254483031 -0.538406633211355 -0.294237721556342
-0.414335892093616 -0.53594613552753 -0.293060073620895
-0.412052809279998 -0.534151551606937 -0.290811961616951
-0.409664976524046 -0.531369636917839 -0.288165332066868
-0.407600340800421 -0.530503526789288 -0.285770015673224
-0.40591750735807 -0.528666593360786 -0.283985397292535
-0.403737530789368 -0.52504594436255 -0.282989832137151
-0.40128920947099 -0.521904649007402 -0.279933586835489
-0.398932731091891 -0.520456185110677 -0.279015298847288
-0.396712072352742 -0.516098232223006 -0.277228322716248
-0.394438715473459 -0.515052869251933 -0.274640802742311
-0.39215213064129 -0.512766732578887 -0.271809332540933
-0.389682527587908 -0.510053957456971 -0.270950894940619
-0.387273690608727 -0.508724415752558 -0.269319533621416
-0.384667876482273 -0.504780024025818 -0.267101332107078
-0.382283560399734 -0.503283240140202 -0.264952098582074
-0.380058400993628 -0.499489686550646 -0.262477919288894
-0.377649328611693 -0.497930383300894 -0.260621209775221
-0.375217703506036 -0.495867028138224 -0.25719768463858
-0.37304731596048 -0.493570274602396 -0.254931201999925
-0.370413527355648 -0.490967677363396 -0.253878487172571
-0.366959445737302 -0.483453932199862 -0.25149381944238
-0.363363580602203 -0.478596703228119 -0.248347101936775
-0.36028418758198 -0.476002501898277 -0.245842227916988
-0.356304977270291 -0.472670379313496 -0.241732675095801
-0.352262133996867 -0.466199214076295 -0.239601002809748
-0.348957991634486 -0.464169621119531 -0.235495111608896
-0.345654159406306 -0.461960623923096 -0.232560137648988
-0.342224207376982 -0.457094016367042 -0.229619913914443
-0.339174588718137 -0.452462580784713 -0.226706763271573
-0.336309913927984 -0.450993017246113 -0.222931958822146
-0.33365269168361 -0.448721627464347 -0.21947661972937
-0.331089328543396 -0.446323758085084 -0.216576695425381
-0.328402517241894 -0.444409171498602 -0.213064780246186
-0.325755218209445 -0.441252360882817 -0.211989561938388
-0.322924319863706 -0.439472825994572 -0.210390363659384
-0.320154885489742 -0.4358531095395 -0.20745114635098
-0.317515932896363 -0.431586509710725 -0.20483947250981
-0.314920346834141 -0.428183339977297 -0.202339500018692
-0.312507129838765 -0.427095697405596 -0.199217629002592
-0.31013598719093 -0.425321417522658 -0.196472096147189
-0.307952271697077 -0.422460655826358 -0.194367665050454
-0.305740122921177 -0.420591754817478 -0.19259817137476
-0.303401520942585 -0.418278071534628 -0.190386679700153
-0.300911168688139 -0.415435723095675 -0.188312250202717
-0.298319667292927 -0.413005958445764 -0.186251879840339
-0.29534410377913 -0.411034234650163 -0.18312584594279
-0.29257485753167 -0.407824113474486 -0.180955815873431
-0.289407143293812 -0.403057079945475 -0.178555729422531
-0.286103863502085 -0.400276295652038 -0.175854933176494
-0.283103698202703 -0.398115460562263 -0.173366813505247
-0.280215036918334 -0.394593477441226 -0.170460018316047
-0.277133618015733 -0.390985248237492 -0.167876956999836
-0.273916852961126 -0.386809401375118 -0.164927120674391
-0.270860164164557 -0.384354861806916 -0.162160314150904
-0.268138009278502 -0.380311715250839 -0.159845846141066
-0.265552401969435 -0.379022440503343 -0.156934220618013
-0.263090752057181 -0.377372316064565 -0.154759069525192
-0.260799357897416 -0.37544703512703 -0.151566333561772
-0.258688574879702 -0.374229675184826 -0.149327200815156
-0.256820633152386 -0.371478015996413 -0.147531715026767
-0.255072408272957 -0.369887187493893 -0.145332903806798
-0.253460728718434 -0.366968796583048 -0.143051983239552
-0.251719650466687 -0.366046658195849 -0.140274689080931
-0.249657555366292 -0.362610677322573 -0.138897052083203
-0.247278374703084 -0.357982712315055 -0.137696236042411
-0.244227349523239 -0.352002878549482 -0.136216751259499
-0.241210995250413 -0.347961961286349 -0.134781620036579
-0.238204799810304 -0.345746715112954 -0.131688285533088
-0.235248496398316 -0.343309709940684 -0.129348267845461
-0.232469772374993 -0.340719669728253 -0.126854420893907
-0.22952726177608 -0.33784782969917 -0.123542307825312
-0.226831567626538 -0.335874299283489 -0.120320893161017
-0.224428496810452 -0.332967015196281 -0.11781445031541
-0.222191652632524 -0.331376643268761 -0.1148462116691
-0.22012424978049 -0.330028957486885 -0.11311698719611
-0.218238608489499 -0.328442994354926 -0.110130704562457
-0.216528897615414 -0.326170844789359 -0.108382975270634
-0.214852218580142 -0.324766803783938 -0.106292369162392
-0.213221890207543 -0.32282843354295 -0.105023886778509
-0.211438882107682 -0.321994066285762 -0.103587937599129
-0.209800853234304 -0.320165481628361 -0.10187175870489
-0.207959918889172 -0.31801581975596 -0.0998165994792741
-0.206149462210578 -0.316569814970853 -0.098761654983813
-0.204380840733291 -0.31502608028915 -0.0966842642507689
-0.202596819013159 -0.312916906497421 -0.0956541909603764
-0.200986511120654 -0.311390049911871 -0.093342199675435
-0.199395112278788 -0.310254808173831 -0.0925306134193342
-0.197783763816728 -0.308166338406942 -0.0909915471631993
-0.196049869279568 -0.305775406126616 -0.0891914432522651
-0.194313704921606 -0.303866748426154 -0.087667952284564
-0.192460061853226 -0.301883815758409 -0.0863923638032009
-0.190399498384446 -0.299067447575231 -0.0842176682595552
-0.188177971591664 -0.295870492709138 -0.0827970553440068
-0.185893907707574 -0.292134677920486 -0.0813294299998156
-0.183370690462433 -0.289638178078682 -0.0792726682790276
-0.18032065289882 -0.286305736747679 -0.0772616292922109
-0.177361130215372 -0.282087581142895 -0.0753450098418178
-0.174464640484503 -0.278187230446326 -0.0723140190034175
-0.171405335981343 -0.274676508497713 -0.0696609956419461
-0.168266865922146 -0.272068165005767 -0.0663466210751078
-0.165450126826301 -0.270060841421147 -0.0625925386284272
-0.162447056963803 -0.267460594464388 -0.0590742154180031
-0.159884375475154 -0.265855252589924 -0.0558194092626195
-0.157361529680007 -0.263974110852885 -0.0526160511985865
-0.155101185434436 -0.260947391654607 -0.04993802309945
-0.153087744664084 -0.259562391447404 -0.0478452310114582
-0.151258872537044 -0.257758287423013 -0.0462291135673398
-0.149433619275217 -0.256018273812452 -0.0448038113436954
-0.147518723756205 -0.254041271442685 -0.0424549051636352
-0.145532573447195 -0.251955138507921 -0.0402392474758654
-0.143326729903251 -0.249538002602142 -0.0384145194387556
-0.140956433861739 -0.247308210124771 -0.0364770560169089
-0.13838076519996 -0.243347845479389 -0.0346409315052193
-0.135403339258242 -0.240140846669927 -0.0324307590024445
-0.13192431282303 -0.236810593139257 -0.0299880916418348
-0.128583038915034 -0.233065244827695 -0.026522301389121
-0.125423130221832 -0.23018391223953 -0.0231411142401556
-0.122287008516246 -0.227143595931111 -0.0202545675754744
-0.118965339244137 -0.224376937402451 -0.0166019485505452
-0.115948673192057 -0.222008368736307 -0.0144016102226385
-0.112045761325232 -0.217845753339767 -0.00924887509599802
-0.108291428536657 -0.214397091171065 -0.00569023585518458
-0.104868088618995 -0.211302161025991 -0.00293634436693117
-0.10177181140711 -0.208546572004263 0.00148141537016123
-0.098887788057488 -0.205252800426903 0.00388483441026561
-0.0959895374395896 -0.203642438768707 0.00720043009852544
-0.0934801456869676 -0.201019335044741 0.0105444178246235
-0.0914033534547178 -0.199712936557191 0.0125473317066714
-0.0893984571589208 -0.197149227149664 0.0152304497103239
-0.0875657729793458 -0.195360525821707 0.017315643575507
-0.085754103794678 -0.189850330911391 0.0184280642206135
-0.083711995499822 -0.18767232478606 0.0202588652719118
-0.0803291679838905 -0.183985873354212 0.0226829438306874
-0.0765406174862659 -0.180467573060466 0.0251554291535898
-0.0735350735173598 -0.17792885926578 0.0295951794135812
-0.0713487833635059 -0.175920224343227 0.0311604553789441
-0.0691096070347865 -0.17338270672106 0.0323990748538252
-0.0666979725277299 -0.171108798053829 0.0347209144377892
-0.0641234470064707 -0.168553936386356 0.0358930176771067
-0.0615352074623385 -0.164423015976413 0.0384564197555519
-0.0589073018232876 -0.161867594022841 0.0407892587720125
-0.0563264658240583 -0.159379419294313 0.0434559151871544
-0.0541100831844649 -0.156758630582069 0.0460596464146721
-0.0516606957342817 -0.153094420869516 0.0486463901978584
-0.0483140313742131 -0.150334787023515 0.0509960874355147
-0.044992277190674 -0.146959289552484 0.0532545296703367
-0.0421203859809299 -0.143566301174456 0.0550342701463131
-0.0386248242839594 -0.139335281844496 0.056981923512227
-0.035397558636786 -0.136045866146788 0.0601364678853367
-0.0321598035704704 -0.132244697611738 0.0627463263602238
-0.0286924420115762 -0.128333149825049 0.0650152234473052
-0.024983729710778 -0.122503819949528 0.0679797968481639
-0.0217212884171903 -0.116868794473758 0.0707708864074158
-0.0179758367196922 -0.111727726745076 0.0751960030911393
-0.0140906388331718 -0.107495702005026 0.0781180417433384
-0.00992899283700581 -0.103761125366566 0.0815742715758876
-0.00541398566366039 -0.0989202613851042 0.0858984135861738
-0.00141182641073894 -0.0946872952081041 0.0897379795448753
0.00207358201295877 -0.0924612736260403 0.0938494979619491
0.00546185928227228 -0.0883817310250099 0.0963750302322556
0.00916889663527633 -0.0843419146565057 0.101532613271538
0.0140919175960995 -0.0812116192967665 0.108208569815581
0.0176970706493957 -0.0798053895351336 0.113382559570331
0.0212457260904839 -0.0756083258714767 0.116493043658449
0.0239767424212627 -0.0735543352423861 0.119805982090377
0.0264786607308365 -0.0700189131678386 0.121867899644508
0.0296003508785212 -0.0683391504581331 0.124887427111374
0.0333604425606229 -0.0650654252009371 0.130029018954151
0.0368501596601766 -0.0610560640217656 0.131490418026918
0.0410131482692632 -0.0573576507263582 0.134952002937689
0.0444757433841416 -0.0553481434820744 0.138892359547945
0.0470772978176056 -0.0522085353263826 0.142635793942023
0.0501683094199065 -0.049180641279564 0.146850149640033
0.0524466225290712 -0.0469386955031519 0.149513835485811
0.0549089161017404 -0.0446805236779896 0.152366222553607
0.0584848062202381 -0.0394673228484051 0.154939127413725
0.0611967625232635 -0.0371603290600495 0.157493423475197
0.063235347760069 -0.0351270966074169 0.160005024012529
0.0661220679081961 -0.0320681770489231 0.162514905079105
0.0686009874566817 -0.0290680458341956 0.165236417453365
0.0713488077285629 -0.0269927855773069 0.168967671386373
0.0737950830683731 -0.0243088786599096 0.17051084913724
0.0760047208633189 -0.0222139723495342 0.173142378095738
0.0784724215878317 -0.0208102732130871 0.175012831118214
0.0814470534161056 -0.0173362836506888 0.177890693465955
0.0848788946777329 -0.0113225489672917 0.180554717986855
0.0875195021996095 -0.00776467308059208 0.182817404066427
0.0900993876317489 -0.0050771285000123 0.185287353403555
0.0926579526456869 -0.00334726608498903 0.187604007933303
0.0955170233940734 -0.0012965267406068 0.189473553822548
0.0981977060074541 0.00203546192285113 0.19306934176219
0.101323128961793 0.00481842919087519 0.195983676713893
0.104060069017468 0.00772610219922746 0.199500083454709
0.106109026813528 0.00947981583058813 0.203241535716256
0.10778389624822 0.0111491568697257 0.204982118789383
0.110159179757165 0.0128671109553893 0.206592685349747
0.112654071958192 0.0163061932215383 0.208766029317972
0.11515244656711 0.0201978097137217 0.210565051611222
0.118082946152743 0.0233411573594888 0.212920232946197
0.121301835589176 0.0268724098975493 0.215069706936637
0.125126415332877 0.029901305898059 0.21880537994582
0.128729556762049 0.0341972112237664 0.221110302391319
0.131714077603065 0.0363695222708144 0.224526400741455
0.133807688485511 0.0377115251479564 0.22771980501594
0.136383206377945 0.0404697075104959 0.230129809086824
0.138939137685957 0.0426491376192661 0.232408368987624
0.141492545059508 0.0455886909738886 0.23472589721452
0.144330320240879 0.0492477518668008 0.236203842102826
0.146974244092524 0.0512094546214149 0.240098033951858
0.149308530659616 0.053497925458355 0.242971883173788
0.151867584613447 0.0558167325175342 0.248798417727238
0.153835932710272 0.0575078882487982 0.250307818194659
0.155849929433439 0.0594894671842737 0.252063579242056
0.157628190487888 0.0607643005620826 0.25501977798651
0.159226629217773 0.062870241811893 0.256412591568895
0.160816160512407 0.0641211311825937 0.258063135128551
0.162542708613726 0.0650795616938616 0.259242818471466
0.164236778346515 0.067433224024404 0.261146035503614
0.165804058681391 0.0687983502932754 0.263044907125835
0.167635032940358 0.0711931350310972 0.264556532975944
0.169502833268187 0.0732926842288353 0.26564623789976
0.171462642260045 0.0754939950975847 0.267086223311746
0.174069220696901 0.0783519501980942 0.268644411083404
0.177306508995534 0.082367003261546 0.270509523558731
0.180425318568825 0.08584411965824 0.273583051406716
0.18409611351747 0.0908792595064795 0.276250620885126
0.187300320590478 0.0935326556299718 0.278847808618487
0.189748430118285 0.0957171495377003 0.281463339927948
0.192116355128791 0.0976191536501645 0.285045877974692
0.194754065032198 0.101747893735618 0.287889308919153
0.196985680837994 0.103397032960766 0.289659279179078
0.199448264208154 0.105589585285433 0.291767855184205
0.201701134155096 0.107393007569043 0.293777568556161
0.20410801261236 0.109320464851286 0.296018265601988
0.206265573180229 0.11116380303124 0.298088286863188
0.208090490133331 0.113251508477691 0.300256344378001
0.210121470282814 0.115991999401273 0.301946773123121
0.212098538246026 0.118147523842303 0.303737163132853
0.214548103609156 0.121376293430735 0.305039016443979
0.217227238352772 0.124977121497159 0.307030449668462
0.220043385095976 0.127959175162408 0.310068587427017
0.222670689791387 0.131809264131315 0.312600811412321
0.225137009755922 0.133870005719683 0.314381526201434
0.227376254218124 0.136936254199497 0.316210571243154
0.229647617340446 0.139145749571011 0.319351178382268
0.232089834850966 0.140660809514451 0.321477818393986
0.234601028487878 0.144323980745329 0.323502591480264
0.236862455801928 0.145829177133223 0.325800603133271
0.239032616783136 0.14955359596584 0.329620234383961
0.241247936884037 0.152491773532657 0.331408666310171
0.243644392808493 0.154997162905049 0.333126849048173
0.246187831018829 0.158568147033389 0.334454705268088
0.248659941617784 0.161013035990375 0.336192582933094
0.25140624643615 0.164367358885584 0.338699779103308
0.254043965108509 0.166664637844307 0.341313375770796
0.256802340838626 0.169414490559081 0.345064533534545
0.259375359083414 0.172361006299498 0.347447411864369
0.262255456853685 0.175697373056288 0.34903864260939
0.265058893847846 0.178022854191582 0.351416506529493
0.268063432000041 0.180006965631374 0.354331003278499
0.271000660660471 0.183417719760309 0.358002332629868
0.273629584511855 0.186278726791149 0.361831107696265
0.276383185978437 0.188789321678003 0.363785502882656
0.279476231498947 0.192017804043628 0.365775587415769
0.283210961076717 0.196504015759461 0.369455661369775
0.28640216750931 0.199214442429188 0.372917163721699
0.290546450150285 0.20465535323242 0.375444640900791
0.294079887044101 0.207992991952107 0.378409647224662
0.299810355629309 0.215308278417984 0.381307744423215
0.304123870098771 0.219870106725282 0.386803458839352
0.309306246058733 0.223961510783851 0.390669700253292
0.313435858433943 0.227013288800662 0.394619260849535
0.317260550050959 0.230090156302107 0.399252070273703
0.320543937960202 0.232633611645196 0.402558948720062
0.323436183385177 0.235704406094335 0.40518445688295
0.325952433293562 0.237938345355368 0.408237146475564
0.328514247128577 0.24075299486012 0.410419012009978
0.330791112869849 0.242976633308483 0.413107526125759
0.332947512061711 0.245780328581697 0.415339133050383
0.335070878428461 0.247687920794436 0.417575631486262
0.337028025970228 0.248819210314252 0.420030832920348
0.338849770196478 0.250392480289115 0.423179804634296
0.340421662567574 0.251692454398134 0.424912176067123
0.341896089996314 0.253029557409043 0.425946300709071
0.343221676851389 0.253986305682639 0.427484200260175
0.34454361675976 0.256160075338378 0.429618675626091
0.345972634524252 0.256644897504921 0.431378854672145
0.347429065074167 0.258682615545097 0.432570653237599
0.349165862566384 0.260440468339171 0.434144807966267
0.350776243172439 0.26253112309065 0.436419725503513
0.352476091677574 0.264417213600876 0.437717800227839
0.354062011945616 0.266049523100363 0.438858111381865
0.355689082167158 0.268157888161739 0.440395794147426
0.357277635340857 0.270088479830336 0.44233993482069
0.35898292093368 0.272084482313142 0.443304838981407
0.360622242657701 0.273879095526947 0.444785185624792
0.362511501714872 0.278128939138105 0.446077864639628
0.36439141698879 0.28017784921329 0.447215023071104
0.366611836584975 0.282936848234908 0.448866211274239
0.368701462037416 0.285542243884583 0.450997625289557
0.370784753846928 0.288170802919027 0.452507903517972
0.372845909134193 0.289614854641094 0.455028453330794
0.374746750031351 0.291794706551045 0.456179677047552
0.376723460267226 0.294178017676286 0.458143288348632
0.378628213045824 0.296013569019104 0.460069493036845
0.380544102530084 0.298258769217158 0.46141601234119
0.382347752510228 0.300074712303868 0.46335595330163
0.384201114582579 0.301805480343767 0.464671472462813
0.386265094378109 0.303164949401762 0.467352481948169
0.388108029205186 0.304801411885574 0.469085492455403
0.390363008891266 0.3064287314308 0.471888066713058
0.392088886720907 0.307991984132857 0.47335093398601
0.393863859919161 0.309627480839853 0.475129526210765
0.395636397621297 0.312819308096876 0.476876074131002
0.397514650244425 0.314723162808097 0.478262089756571
0.399378488347868 0.316222342664012 0.480450688250341
0.401310849111272 0.319470800432636 0.482724542154824
0.403190765629373 0.320921428597492 0.484254305706438
0.405015370388322 0.32239608924501 0.486359402630312
0.406811250780529 0.324425481987718 0.488477701742208
0.408635102978304 0.32669221141441 0.489629642993275
0.4105601595409 0.328585095943693 0.491956015061545
0.412513441393381 0.330715856325624 0.493773913117119
0.415114758636738 0.334476800875308 0.495472537790794
0.418083541236818 0.336882385213023 0.497934051826396
0.420961344690552 0.340907203917199 0.500643995249105
0.423317378495075 0.343028264647556 0.501974632476342
0.425389257763098 0.344072312869673 0.503545005592594
0.427384333143655 0.346055214886207 0.505762101965118
0.429362259972024 0.348152932354823 0.507859565034842
0.431508545247649 0.350583852703119 0.509736108360706
0.433973439997328 0.352996974079899 0.512644315138734
0.436355120507302 0.354740872903044 0.5149078702339
0.438541867702125 0.356701867534032 0.516650721632113
0.440611100087579 0.358954761181786 0.519315716325035
0.442930289398659 0.36172190207124 0.522109398340845
0.445171587608333 0.36323606320133 0.524673400725274
0.447782986776661 0.367193632494829 0.527035385149118
0.45011396198554 0.369846226903298 0.52918042850708
0.45257754642655 0.373498657579523 0.53217651849651
0.455130709666304 0.376328124605704 0.534143315692855
0.457633632024894 0.378629330244068 0.537050299609363
0.460230363692554 0.382361147819634 0.539073251803468
0.462670674697021 0.385134049509395 0.542261120105356
0.465393485776708 0.388072031970642 0.543819400389588
0.468623058390023 0.391274006746794 0.546360219620156
0.471773410372617 0.394276850610232 0.548376338084814
0.475301006014053 0.398082911453524 0.551215747448059
0.479625001292699 0.403072078957126 0.55553707219074
0.483620840312338 0.405657992630706 0.55845876937623
0.487570082973266 0.408997301769089 0.562778754087238
0.491259911166963 0.412708531741558 0.565673594756539
0.494424651750995 0.41576244812062 0.569857676373382
0.497444822496117 0.417389985610289 0.573067761861904
0.500463414108106 0.419743565756781 0.577892003011399
0.503299237867472 0.420855851494286 0.582797566526041
0.505788871565542 0.423107308505372 0.586936041255379
0.508114091877375 0.42436171127748 0.589851295019055
0.510286386223556 0.426744631065708 0.592045018385037
0.512479564231195 0.42954365415668 0.593991090209348
0.514755281279835 0.432524781086222 0.596506023661808
0.516931321553192 0.434583307162929 0.598571638771826
0.51926101557739 0.436421079120492 0.601049431092919
0.52131757704148 0.43870346295262 0.603668177991889
0.523479751586688 0.440611453900749 0.606159971837811
0.525814715594585 0.443279229747024 0.60827824704681
0.528223006994318 0.444847012471921 0.610292769747693
0.530840350161603 0.447878124036832 0.612948969073024
0.533401550443495 0.451714861631683 0.615263916606411
0.535792437152236 0.454091733133369 0.617918066945653
0.538197828990911 0.457254214655578 0.620921694565164
0.540673899166271 0.458917339627417 0.622567384925518
0.543553325013178 0.46119921024829 0.625006092020399
0.546688470234732 0.463636181999928 0.627806551341783
0.549862794450656 0.465803258929794 0.631642991086705
0.552581930734691 0.467881501128431 0.634868032467718
0.554880942734241 0.47074009532684 0.638135385280641
0.556952139549538 0.472063427540818 0.641331327258302
0.558958968571018 0.474056551783312 0.643657876288177
0.56083190446693 0.476205915049193 0.645270237381892
0.562733645988233 0.477404785755789 0.6463301325747
0.564651844371319 0.479512653030367 0.649955825066852
0.566359428851234 0.4813712658877 0.652061522875908
0.568088298070517 0.482788203716315 0.653283893437108
0.569807101842258 0.485232881528101 0.655182696495553
0.571993021027698 0.488031651031177 0.65735006801145
0.574198268897872 0.489513896758211 0.65896307072608
0.576583905065995 0.49177594911997 0.660528091262364
0.579214127083435 0.49444384125734 0.662560422021929
0.581869051997843 0.497223230162728 0.664696427509262
0.584745254240348 0.499976386897306 0.667051734144655
0.587775212224908 0.503391094938968 0.670658265542623
0.590887135778672 0.506294784482517 0.673270576391859
0.594074880386866 0.510021796950919 0.676204185502087
0.597369990305049 0.512417424398507 0.679232499285224
0.600309794450973 0.515424685451259 0.682587516457023
0.603244289376551 0.518624837623881 0.686031344090515
0.605963559550088 0.52086092822524 0.68783232589025
0.608358120768224 0.522634560077905 0.690779369488828
0.611016309564715 0.526957038953475 0.693268493894522
0.614482323114136 0.53071295400411 0.694990425822618
0.618259287928379 0.534607453265007 0.698121343703058
0.621674771839612 0.538393269126096 0.701731868169632
0.625438997528969 0.542190297876023 0.704938652860552
0.629061341878215 0.544603597418825 0.707353595261883
0.631757496346365 0.546540491736551 0.710622133020648
0.634414401487666 0.548963962209258 0.714044100785658
0.636727459628178 0.550894734292855 0.717534629726605
0.638964351611092 0.553140481439219 0.720863542095133
0.640943079394142 0.555812908692967 0.722050515045037
0.643149311199701 0.557823126733209 0.725599253924106
0.645185809575757 0.560025756793796 0.727909776580769
0.647590861133639 0.562390807212152 0.730191428241651
0.649870890907579 0.565016826170799 0.732008183736136
0.652274988898317 0.569140690325245 0.734706021701118
0.655328655773814 0.573628744669378 0.737242826921486
0.658183827364041 0.576819343840814 0.739141771798492
0.661758538194792 0.581810664520969 0.741626340918653
0.665285938010063 0.585715366451194 0.744882111248018
0.668918291967961 0.589414726560897 0.747491658071767
0.672498571359321 0.594167773698504 0.751812230474458
0.676972030425301 0.598228560479982 0.756318100938171
0.680893437638934 0.603008020630549 0.758922650796381
0.685410373491079 0.606456755130217 0.764057927232157
0.690105438449578 0.611210126982274 0.768180994803782
0.693625667531183 0.613360383237653 0.772150234798557
0.698294267138758 0.616042461435711 0.778267460021429
0.701431692455691 0.620750573797927 0.782903333338722
0.704824924098684 0.623990346095423 0.785924914666216
0.708671654480095 0.628133737101045 0.789847281298094
0.712842906991375 0.632581110749206 0.79380618644928
0.717703985503956 0.636122406496608 0.797483589176061
0.72174752857708 0.641035750536357 0.802615095676879
0.726660763174159 0.645145331587865 0.807532514623754
0.732726972917557 0.649734052256082 0.812105526110204
0.737573311251271 0.653107627244919 0.818047430973469
0.741492461884107 0.657911746765364 0.822049647692921
0.745411975530581 0.663533592491375 0.826173803270345
0.749034829625616 0.667377383260376 0.828853176368047
0.755504123219361 0.6720902661751 0.833168248088354
0.75864131634756 0.675288166961308 0.836978534160725
0.763581151246573 0.679189701546866 0.841142002534988
0.767858138283893 0.6837775757905 0.844633098428515
0.770553703417497 0.686113529630945 0.847652583506631
0.773083429123612 0.690045196083667 0.85197612774309
0.778902785298397 0.696068784337223 0.855970102385521
0.78264429210904 0.699063002166029 0.859286183489083
0.787054313750381 0.705573497149793 0.861645370838435
0.792919874438615 0.711660709904939 0.866868935799004
0.798585150396088 0.716600558838216 0.871962726819269
0.807305694559485 0.731298862046456 0.877070605671786
0.815950635973423 0.739318757414987 0.885182631778833
0.821844752649415 0.744153973195861 0.892217299319866
0.827000623759711 0.749956723836606 0.897818452054092
0.831624773218262 0.754229192308221 0.902178366077769
0.83575754490589 0.758271591242662 0.906101582126748
0.839890008689895 0.765229695714139 0.910899175444766
0.844553391154176 0.769942577065204 0.915488952390078
0.848165764716315 0.772813498785671 0.919395295666566
0.851619020751225 0.775389518247561 0.922405431064661
0.855183160945498 0.778468446558891 0.925830919481716
0.858190004200858 0.780400288341149 0.930087708897063
0.861043290950894 0.782736203033934 0.933241621254901
0.863868518776789 0.784427314244024 0.935765616129949
0.866401872747012 0.787996747085682 0.93931762650577
0.868585490453322 0.789601740597624 0.942340736443639
0.870585300333455 0.791509491646835 0.945806718304472
0.872439399530814 0.792578626815237 0.947633896389642
0.87420583063173 0.793652808605231 0.949410532164649
0.875774692172342 0.795285943432018 0.951309289500799
0.877530226806247 0.796982095936699 0.953590294460358
0.879192673559511 0.799086462266308 0.954805148722953
0.880754233050039 0.800724912579776 0.956888735707561
0.882419206850012 0.803299886172328 0.958475487647102
0.8841956405142 0.805798657503157 0.959929658960377
0.885958275937296 0.807195890864315 0.96203315691838
0.887929581193866 0.809846128361618 0.963688257514183
0.890004575652717 0.81190703963243 0.964957365635861
0.89219339781728 0.815537524219387 0.966745671799896
0.894365566930333 0.81761435240371 0.967959100367961
0.896946091543872 0.820350825631165 0.97039109540848
0.8992663127665 0.822934591099678 0.972488132112103
0.901898205107501 0.826728808756312 0.974667326068098
0.904527622525832 0.829746931569206 0.976886811078691
0.907361780491758 0.833266601498509 0.979016987559399
0.910437086972719 0.837514623867278 0.98118066844258
0.913539626217886 0.840796167467449 0.983836446271284
0.916923120555945 0.844389549847794 0.987450502187883
0.920187182770555 0.848436082337798 0.990480590130809
0.923311847476133 0.851554085045027 0.993610520382739
0.926504168308248 0.854677995206962 0.99692712702518
0.929728404908666 0.858038884407672 1.00148592872655
0.933248859297755 0.862471276614474 1.00421778492622
0.937011356934053 0.866388778158315 1.00790930275827
0.940903796340146 0.87042902988102 1.01149895970612
0.944540266062361 0.875044035462721 1.01513865297797
0.94826842336897 0.878334525315993 1.01881844686067
0.952268792335869 0.882275354165203 1.02238584495443
0.956302473824334 0.885795020663469 1.02638031596959
0.961492906554849 0.890712081154566 1.03196217417131
0.96577660856964 0.894586754408011 1.03659605605488
0.9708951936862 0.900787319608826 1.04183374646742
0.975938834610131 0.905978710840204 1.04737498790825
0.980188616900989 0.910154842467353 1.05112695434216
0.984525725847896 0.914303067603381 1.0558687753901
0.989182724327286 0.918389182272389 1.06040771695952
0.993840058056708 0.924015785512427 1.06449724383133
0.998874976803901 0.92907887254542 1.0688410587343
1.00413352338355 0.933251261290566 1.07487601970936
1.00989938341854 0.939179277851599 1.08042960320729
1.01545439353364 0.943414836628414 1.08662978934613
1.02069974397026 0.949595631681485 1.09215535484735
1.02648761792431 0.956863768891575 1.09758192803349
1.03366898377233 0.964775938445965 1.10263760007324
1.04069763562432 0.971213374030082 1.11134819961937
1.04774724058082 0.9775543030542 1.11641156215761
1.05517990151416 0.984860950464622 1.1245088000913
1.06391916746376 0.993748454446339 1.13206667112787
1.07153824989917 0.999807460680783 1.14258552496974
1.07742689330346 1.00418236126049 1.149890775514
1.08290180871279 1.00968554292842 1.15571061053531
1.08794387296097 1.01309231552143 1.16161286811859
1.09221952983507 1.01688051725354 1.16659555614724
1.09613885320601 1.02070512842743 1.17110314619327
1.09991546337214 1.02433356070441 1.17410498154766
1.1038989558163 1.02987640588487 1.17830536187424
1.10833839811154 1.03365206982337 1.18217222357372
1.11315353938169 1.03863304991248 1.18692057582821
1.11812598704633 1.04308696463693 1.19127623099246
1.12330147753957 1.04949762568644 1.19875423589935
1.12830155829772 1.05296699754911 1.20245483704081
1.13334837069068 1.05871076209081 1.20854842092075
1.1382420158025 1.06356148444176 1.21373681752293
1.14302901008896 1.06762537605544 1.218119253597
1.14787360234502 1.07274604713781 1.22227056726597
1.15254532739016 1.07866076438665 1.22692159586086
1.1574900116277 1.08181894806856 1.23265342455833
1.16270670811629 1.08814173527118 1.23723323601151
1.1674256666746 1.09116344313601 1.24250970666974
1.17228128772673 1.09656432161051 1.24796386792742
1.17608724505518 1.09919271308049 1.2535136488016
1.17975690148274 1.10177383895288 1.25878046116759
1.18312674930598 1.10406063897943 1.26197681772914
1.1859583051057 1.10668044458503 1.26443133004075
1.18932158809315 1.11068915699696 1.26816630382038
1.19234003824074 1.11363654077075 1.27073087617791
1.19578838737301 1.11791725388569 1.27422385593174
1.1988625474562 1.12048663664281 1.27767235248864
1.20224864681944 1.12212615407838 1.28118647098461
1.20511962988722 1.12538520642665 1.2846461254754
1.20797601956245 1.12995116154261 1.28714117678969
1.21085925079282 1.13374866043659 1.28917734624182
1.21495945006449 1.13883843154263 1.29316036430976
1.21890699327131 1.14355921270815 1.29678496897715
1.22308735435082 1.14800415870565 1.30107466241742
1.22803825404493 1.15227574491003 1.30584725199701
1.23458069691778 1.15890348596934 1.3127696285875
1.23937812681571 1.16213664223428 1.31838593510861
1.244426188283 1.16682283060393 1.32396579685208
1.24861164865945 1.1724652634597 1.32793105752074
1.25230797818751 1.17524236666834 1.33276106333769
1.25752545308944 1.18016130019862 1.33697045475625
1.26257168922967 1.18440860709186 1.34214358618784
1.26631562383146 1.18842482229156 1.34716731137062
1.27002717761053 1.19262798283458 1.35061023860052
1.27443014209007 1.19746203993059 1.35429724019857
1.2804774569207 1.20225758012643 1.36010530522923
1.28490071857375 1.20555664542766 1.36477579837189
1.28920888649527 1.20972167995803 1.37008689068421
1.29306555597174 1.2132445591545 1.37483733655645
1.29631579894796 1.21602647562375 1.37879995758287
1.30096978616917 1.21962634798654 1.38139844646504
1.30393972843108 1.2238937426374 1.3853458855616
1.3077490730401 1.22839077569766 1.38966295874148
1.31399804672405 1.23460015800831 1.3947811445332
1.31810056538082 1.2397781779098 1.40016305592051
1.3229717334994 1.24509487757025 1.40462617596612
1.33000269927729 1.25363562300481 1.41075927733477
1.33664712227426 1.26013733991104 1.41686086913983
1.34204219933549 1.26409169241356 1.42321275456403
1.34797683845369 1.26891429652674 1.42966489648044
1.35416300360355 1.27303814735775 1.43714103956236
1.35890274047568 1.27853326522255 1.4441873085608
1.36355528270038 1.28312131957226 1.44771477913725
1.37005807662436 1.29141629571202 1.45260988613142
1.37564054190312 1.29744059990103 1.45781249492723
1.38210598055577 1.303705345543 1.46340992769429
1.39029950660332 1.31146130008023 1.47031680962591
1.39806121415089 1.31833442634763 1.48071968121798
1.40599879851833 1.32445682072854 1.49137931665221
1.41278786127081 1.33191712580691 1.4991299416266
1.41924172568008 1.33738152545129 1.50752763782964
1.42579325503399 1.34334851345884 1.51324813248807
1.43138975767669 1.3486340468182 1.51764570401053
1.43652348786363 1.35464012578406 1.5238523737355
1.44217219076444 1.36003361679072 1.52977652323434
1.44877306302136 1.36551549860514 1.53602630888495
1.45441864164828 1.37066984710995 1.5426689752086
1.45967313782604 1.37584957104716 1.54816269033002
1.46833939543635 1.38373237473883 1.56019358672683
1.47522532992878 1.38938723165277 1.56785737972349
1.48105259168179 1.39590876307288 1.57347260503984
1.48660389956323 1.40005138810706 1.57953798950421
1.49283780681173 1.4073382810255 1.58570400555253
1.49857282375187 1.41210466572271 1.59174444711054
1.50760334311409 1.42045431779908 1.60137021986545
1.51613887239218 1.42616467967945 1.61118075853854
1.52486222121664 1.43648552712846 1.61887919325575
1.53300058688101 1.44296660904787 1.62770353515129
1.54472126718446 1.453522553066 1.64253753889596
1.55952251031554 1.46965668707008 1.65702744960169
1.57279483591083 1.4817120369536 1.6698402815904
1.58843496311298 1.49907243060224 1.68416615758409
1.60085277688284 1.50929617845374 1.69792703398122
1.61392224885266 1.52092331908895 1.71317491043719
1.62377934380269 1.52953681692698 1.72405885352773
1.63606268190793 1.53995673413811 1.73788541607685
1.64849519047094 1.55038848483149 1.74986703127704
1.66081738603743 1.56075098763532 1.76448243901646
1.67652149277126 1.57394670033968 1.78246037530823
1.69345196467618 1.58954140976316 1.80189109259252
1.71039078315413 1.60512090621181 1.82083875168471
1.7276780442995 1.62117909327472 1.84366032697232
1.74948560833345 1.64067441047236 1.86395816729215
1.77941030386051 1.66833116518062 1.89458496697255
1.81009851974927 1.69627407950641 1.93160758668927
1.83219731413 1.71669410245604 1.95162074975422
1.85168559300441 1.73421964893204 1.97441972557503
1.86932654767329 1.75291629963852 1.99684627292343
1.88426045568746 1.76414275948313 2.01007561289462
1.90129537749915 1.77909642457862 2.03026961043096
1.9171266546311 1.79396717804478 2.04769628660393
1.93319631701593 1.80734480841209 2.06494251529232
1.9477604396986 1.82054229112798 2.08088656483627
1.95953553116686 1.83450767000316 2.09347913512652
1.96792030463424 1.84440395080447 2.10204209573357
1.97598070134666 1.85117769662921 2.11078494481752
1.98517762715309 1.86029133440494 2.12051244763523
1.99836149360631 1.8719522972822 2.13647732206609
2.01514746179852 1.88340810771218 2.15307744778989
2.0293656941473 1.89336981201625 2.17248267604564
2.05804857780885 1.91032032909237 2.2250326912126
2.09051965677444 1.92629673971499 2.2735939710687
2.10980126690665 1.94790510210762 2.29605204221298
2.142391702653 1.9704223197836 2.33289336906985
2.18692429248206 2.0161435190198 2.3757277869971
2.22479937116291 2.05541673334827 2.41140838544399
2.25279009250574 2.08407385768147 2.44409455601888
2.2988707204132 2.12127498931814 2.48932759988652
2.35561105218434 2.16499150526456 2.55156923703185
2.40557819070801 2.19956458229379 2.61142859774018
2.43148299636942 2.22532089249878 2.64326833911411
2.45119039140579 2.24007406626539 2.66377838587426
2.49908977254153 2.2783445173787 2.72204583374353
2.51225582778811 2.2943442885145 2.73224560467203
2.53053212328784 2.31174208786574 2.76006676316232
2.56163332675504 2.34366877025592 2.79625282225444
2.63026694402864 2.38312706060237 2.87733636889579
2.67118506011733 2.42093224470067 2.92353208541194
2.76052363992002 2.48640395848369 3.04299527080326
2.81918781755053 2.53823299687382 3.11295227710379
3.06065496142512 2.67410531921274 3.43812308861449
3.33069384727902 2.84140572410817 3.79746834462708
