"u.bar" "t.bar"
1.003631 1.164404
1.000404 1.204395
1.010544 1.208126
0.9761451 1.164142
1.016232 1.13635
1.018174 1.133898
1.011505 1.042408
0.9960898 1.099806
0.9602003 1.100007
1.033173 1.113519
0.9613421 1.080051
0.9912955 1.091145
1.038591 1.058573
0.9863318 1.134866
1.023771 1.080876
0.959397 1.139654
1.007763 1.192248
1.035629 1.213076
0.9940288 1.178064
0.9939818 1.154774
1.01811 1.129004
1.002126 1.144639
0.9928801 1.138317
0.935556 1.151948
1.030613 1.114626
1.000999 1.161224
1.001712 1.184031
1.010881 1.087139
0.990268 1.104169
0.9974977 1.170867
0.9701121 1.108223
1.020395 1.138399
1.075023 1.120687
0.9670843 1.111783
0.9742002 1.095965
0.9989428 1.032017
0.9990674 1.058145
1.018001 1.050218
1.016216 0.9989381
0.9947126 1.023272
1.012852 1.022298
1.018637 1.069799
1.01267 1.054255
1.049129 1.148017
1.002019 1.053139
1.025302 1.109493
0.9540932 1.095523
0.9384493 1.114738
0.9837808 1.130553
0.9558395 1.09741
1.024923 1.129918
0.975243 1.115978
0.974142 1.122837
1.012882 1.094743
1.002257 1.141255
0.9675463 1.141902
0.9289949 1.126998
1.012393 1.099411
0.9970075 1.128445
1.009854 1.12209
0.9866658 1.106967
0.9919669 1.092587
0.9821277 1.226944
0.9724295 1.231112
0.9870889 1.246997
0.975468 1.193575
0.9681488 1.162349
0.9853713 1.131173
0.9943139 1.13316
1.035505 1.087723
1.022535 1.098433
0.9844743 1.111414
0.9703166 1.14453
0.9635534 1.097224
1.027911 1.05403
1.050198 1.088306
0.9767952 1.137902
1.001349 1.167369
0.9539573 1.13661
0.9878981 1.19245
1.012753 1.194482
0.9865476 1.124223
0.9756107 1.129797
0.9664113 1.12341
0.986725 1.135597
0.9590954 1.140608
1.00379 1.108354
1.046191 1.12519
1.016362 1.122638
0.9679394 1.125387
1.005238 1.077342
0.9752299 1.136988
1.036555 1.050454
1.013821 1.138934
1.001555 1.104189
0.9502845 1.186391
0.9782432 1.200308
1.002113 1.221247
0.9804248 1.195066
1.022358 1.158283
0.9576774 1.176961
0.9840792 1.179498
0.9952212 1.150729
0.997494 1.195962
0.9983429 1.11405
1.017949 1.134407
1.026191 1.110557
1.040064 1.059474
0.9717506 1.028315
0.9735771 1.137573
1.010163 1.113268
0.9975705 1.083921
1.00675 1.12978
1.037792 1.111553
1.027572 1.12858
0.9757968 1.155176
0.9902818 1.137029
0.9721753 1.17214
1.009479 1.199156
1.054432 1.176476
0.9735529 1.157416
1.029141 1.193646
1.029582 1.101244
0.9761035 1.082355
1.037797 1.073573
1.042184 1.135689
1.010941 1.124573
1.008145 1.067604
0.9758928 1.107065
0.9973441 1.111998
1.002586 1.186306
0.994837 1.164115
1.007269 1.132001
0.9784403 1.117961
1.039909 1.063085
0.9955834 1.074969
1.04518 1.124172
1.004737 1.106699
1.010124 1.170731
0.9588932 1.154334
1.022689 1.08818
1.03457 1.047437
0.9684745 1.132744
1.004961 1.08841
1.019718 1.071659
1.014528 1.04997
1.024418 1.091889
0.9502611 1.163337
1.055397 1.179863
1.026838 1.133428
0.985735 1.081817
0.9723645 1.121157
1.006285 1.062097
0.980819 1.093409
1.003423 1.100167
0.9555453 1.082628
1.000135 1.041034
1.037452 0.9897853
1.00656 1.029094
1.013799 1.040293
1.02741 1.053623
1.045004 1.071116
1.008403 1.168433
1.028989 1.167703
1.005959 1.163183
0.9982976 1.116065
1.05136 1.067853
1.027154 1.032018
0.9989977 1.117527
0.9743968 1.039492
1.006722 1.129577
0.9821606 1.14756
0.9419343 1.167355
0.98696 1.119036
1.002888 1.127658
1.038159 1.12798
0.9993638 1.15335
0.9719314 1.219711
1.021358 1.240993
0.9766546 1.188036
0.9830989 1.142849
0.9792582 1.15628
0.9755991 1.172852
1.011387 1.099135
0.9779516 1.093902
1.011641 1.100704
1.041538 1.069204
0.9862179 1.070061
0.9595275 1.13882
1.058764 1.129833
0.9886606 1.105871
1.039972 1.149356
0.970185 1.159441
0.9990116 1.166438
0.9857228 1.133583
0.9619285 1.156591
1.016212 1.176091
0.9787284 1.138429
0.9959335 1.112484
1.012992 1.097162
1.014791 1.05417
0.9711057 1.099053
1.010936 1.096653
0.9838575 1.05388
0.9850274 1.144329
1.011487 1.098632
1.012206 1.14426
1.038086 1.079689
0.9678097 1.093518
1.003155 1.101293
0.9966709 1.101262
1.008454 1.177239
1.031632 1.110067
1.002209 1.113214
1.039385 1.131564
1.003005 1.120661
0.9373669 1.19522
0.9801304 1.156472
1.000928 1.190079
1.015541 1.185773
0.9654834 1.100472
1.044207 1.08628
0.9739914 1.089875
1.000061 1.136008
0.944522 1.160019
1.002839 1.132006
0.9819446 1.146606
0.9760674 1.052194
1.003636 1.119868
1.015068 1.044786
1.026867 1.009897
1.024172 1.00608
0.9819155 1.151273
0.9965524 1.139058
0.9835519 1.155502
1.013069 1.114076
1.020919 1.143032
0.9414534 1.148099
0.9804867 1.14421
1.025643 1.116038
0.9625306 1.194869
0.9653943 1.182118
0.98619 1.117811
1.0142 1.084292
1.012139 1.101123
1.002835 1.014389
1.027232 1.07446
1.058238 1.054039
0.9919318 1.070698
1.050055 1.079693
0.9988232 1.050233
1.01462 1.041584
0.9832356 1.085534
0.9945219 1.129195
1.023288 1.086473
0.9961273 1.015274
1.038324 1.048073
0.9795121 1.047136
1.00691 1.05438
1.004897 1.081895
1.041006 1.147627
1.029403 1.092802
0.9913314 1.073531
0.974941 1.094479
1.005025 1.127266
0.9792472 1.174564
0.9852814 1.126511
1.014626 1.221069
0.9491611 1.188931
0.9656568 1.14956
0.9901234 1.112695
1.019029 1.108317
0.967393 1.092375
0.9901659 1.142099
0.9650048 1.112406
1.021814 1.110812
0.9902804 1.085162
1.024995 1.087286
1.040284 1.054607
1.030933 1.092544
1.029372 1.121803
0.9910001 1.11466
1.057303 1.121208
1.020817 1.129447
0.9808932 1.083356
1.002233 1.116894
1.037957 1.04007
1.033195 1.177402
0.9544579 1.080587
0.9801135 1.077864
1.028556 1.141248
1.038908 1.085832
1.033665 1.043449
1.009719 1.054743
0.9673883 1.085654
1.027842 1.042172
1.0052 1.131605
1.003302 1.155928
0.9858179 1.088765
1.011383 1.170622
1.015349 1.139832
0.9759568 1.084043
0.9948887 1.111564
1.034107 1.083889
1.00295 1.091119
0.9508593 1.07865
0.9963953 1.16344
0.9751397 1.246315
0.9651945 1.188254
0.9749797 1.06421
0.99952 1.093565
1.005343 1.113908
1.036184 1.11921
0.9897212 1.073954
0.9799773 1.117989
1.002431 1.120634
1.013228 1.094131
1.04035 1.013253
0.9925417 1.063044
1.004749 1.120843
1.009349 1.103335
0.9784531 1.098963
1.073965 1.11143
1.021376 1.098235
1.030419 1.078777
0.9863205 1.116848
0.9858769 1.09068
0.994485 1.084731
1.006042 1.070873
0.9909354 1.020157
0.9716781 1.047074
0.9922212 1.052614
1.013808 1.077576
1.037759 1.115795
0.9962051 1.059503
0.9473243 1.068986
0.981084 1.099455
0.9911398 1.020739
1.018611 1.068243
0.979785 1.077854
1.006979 1.153785
1.035731 1.129895
0.9852108 1.134855
0.9841602 1.10364
0.9768972 1.118996
1.022261 1.136662
1.028136 1.079776
0.9938289 1.155191
0.9710666 1.160516
1.023354 1.184106
0.9910075 1.11173
1.02082 1.138474
1.018511 1.058059
0.9703268 1.093598
0.9887686 1.154309
1.028357 1.169693
1.016062 1.100201
0.980193 1.149452
0.9955957 1.150156
0.9984591 1.13151
0.9959063 1.066191
0.9804577 1.114438
0.982309 1.179071
1.030169 1.061843
1.021408 1.136383
1.041096 1.036615
0.9800786 1.044117
0.9773164 1.056469
0.9603096 1.078919
1.000577 1.054437
1.002169 1.103448
1.041125 1.065829
1.004844 1.022252
1.001614 1.121924
1.0024 1.086939
1.02157 1.035123
1.046932 1.053051
1.018657 1.055039
1.000063 1.029014
0.9654803 1.156324
1.007298 1.213867
0.9816806 1.255709
1.004067 1.241882
1.010973 1.139187
0.9690808 1.131715
0.9682693 1.157478
1.006254 1.111752
0.9904595 1.125238
1.006869 1.096028
0.9447454 1.067077
0.9732846 1.081705
1.005678 1.135989
1.030963 1.120897
0.956346 1.07453
1.030049 1.136674
0.9660844 1.161931
0.9826743 1.168706
0.9809776 1.153894
1.014384 1.190192
1.002671 1.167054
0.9851037 1.18434
0.9592287 1.146674
1.026293 1.076932
1.010607 1.120983
1.006576 1.129395
0.9672857 1.161274
1.001788 1.131211
0.9426458 1.183458
1.022799 1.138341
1.031344 1.125846
1.022623 1.069204
0.9843529 1.150349
1.053536 1.148733
0.9746112 1.169855
0.9850461 1.081455
1.018406 1.12303
1.028146 1.111575
0.9905208 1.126563
0.9740144 1.098691
1.007165 1.047771
1.055037 0.9979254
1.02177 0.9976099
1.036894 1.025204
1.027167 1.036895
0.976703 1.093689
0.9948997 1.194842
0.9592861 1.160262
0.9745303 1.121305
0.9929122 1.048246
1.003874 1.057956
1.009295 1.025842
1.007665 1.041055
1.070338 1.021075
1.017232 1.058919
1.049788 1.060397
1.024343 1.063548
1.033532 1.055345
1.085241 1.050564
0.9935502 1.050673
1.018055 1.138725
1.014147 1.091999
1.023917 1.115517
0.971049 1.181054
0.9839683 1.197787
0.9921731 1.160195
0.9891057 1.223312
0.9850702 1.189436
0.9794262 1.224704
1.049563 1.134698
0.9418752 1.211459
0.9849835 1.179204
0.9336784 1.216324
1.041455 1.171016
0.9660739 1.130898
0.9723078 1.095605
0.9926975 1.107157
0.9916766 1.10931
0.999043 1.08144
0.9917675 1.049624
1.001922 1.080685
1.000349 1.023805
0.9846839 1.020768
1.026348 1.102403
1.033171 1.10041
0.9580202 1.077757
1.007239 1.029602
1.042946 0.9962762
1.025854 1.024539
1.017443 0.9986264
0.9427881 1.085822
1.021537 1.129402
1.016208 1.108859
1.013204 1.149396
0.9866845 1.093168
1.000887 1.084646
1.000465 1.141577
0.9807728 1.081986
0.981846 1.14595
0.9894244 1.13935
1.017969 1.119438
0.9752407 1.187369
1.002279 1.185666
0.9435151 1.146356
0.9913323 1.189093
1.000408 1.145966
1.023588 1.075196
0.9695432 1.093802
0.9847449 1.077852
0.9954475 1.093785
1.022703 1.101272
0.986897 1.092083
1.03251 1.113616
0.9883288 1.093753
0.9555015 1.172091
1.008996 1.170529
0.9793202 1.15049
1.044159 1.17729
1.014694 1.186306
0.9341065 1.209213
1.000968 1.174275
0.9945132 1.25657
0.9572092 1.200866
1.006093 1.050116
0.983832 1.067116
0.9929054 1.135105
0.9915942 1.118357
1.021987 1.04702
1.065536 1.046229
1.010545 1.072207
0.9882308 1.1079
1.042623 1.127546
1.047313 1.110724
0.9866658 1.144199
0.9842895 1.189267
1.028369 1.150365
0.9763767 1.173191
0.995226 1.192413
1.001382 1.199415
0.975879 1.179924
1.021729 1.113162
0.9920344 1.069953
0.9858026 1.060904
1.023317 1.031368
0.9469647 1.088787
0.9946719 1.053482
1.005496 1.072415
1.007253 1.115805
0.9724587 1.124632
0.9932365 1.154673
0.9970396 1.119108
1.044335 1.100016
1.003277 1.107828
1.040139 0.9903269
0.9963965 1.139616
0.9702736 1.152349
1.004907 1.170129
0.9697691 1.206914
0.9792114 1.220421
0.9218617 1.256735
1.006848 1.172997
1.034685 1.145418
0.9856424 1.155361
1.012818 1.158061
0.964324 1.165518
0.9734217 1.163219
1.01628 1.171071
0.9661007 1.170812
0.9905758 1.167993
0.9549321 1.131624
0.998198 1.191641
1.036752 1.068026
1.011987 1.125117
1.001582 1.149377
1.016044 1.106036
1.009368 1.030946
1.014347 1.110725
0.9986776 1.064329
0.9936833 1.11116
0.9893984 1.124301
1.010436 1.12006
0.9329179 1.164764
0.9639313 1.099856
1.032629 1.075203
1.036447 1.186751
0.9825178 1.158961
0.9398735 1.26729
1.030241 1.204977
0.9730859 1.23597
0.9684662 1.162748
0.9703101 1.145966
1.018872 1.179604
0.9818252 1.128092
0.9959406 1.082418
1.033746 1.011578
1.012827 1.058348
1.043066 1.100454
1.017594 1.069103
0.9930881 1.118766
1.03273 1.044549
0.986822 1.046909
1.013668 1.13093
0.9739471 1.072768
0.9979661 1.068189
1.022579 1.099568
0.9977068 1.034215
0.9802618 1.074077
0.9897405 1.0936
0.9710494 1.151898
0.9651047 1.136641
1.032718 1.118693
1.009892 1.140784
0.9617781 1.113181
1.01281 1.078018
0.9888778 1.128448
0.9504448 1.122472
0.9880374 1.105383
0.959624 1.067924
1.033587 1.127102
0.9666641 1.178127
0.9442971 1.182535
1.024435 1.151667
1.011947 1.158888
1.033279 1.062012
1.027588 1.069385
1.014024 1.048953
0.9762999 1.111628
1.026171 1.078221
0.998185 1.111432
1.07171 1.1631
1.026854 1.149275
0.9889713 1.071034
1.009474 1.09224
0.9831942 1.090797
1.010645 1.105009
0.9927254 1.071507
0.9764738 1.115168
1.016838 1.022939
0.9678974 1.078204
1.009216 1.105741
1.021923 1.113447
0.9631331 1.101333
1.030172 1.057074
1.092466 1.049651
0.9718386 1.141777
1.015007 1.093287
1.042661 1.099765
1.022638 1.126304
0.9810466 1.105459
0.9974537 1.16524
1.032444 1.049821
1.042894 0.9880276
1.020175 1.052091
0.9729267 1.060915
0.9911833 1.063844
0.9840534 1.057806
1.033907 1.085827
1.012578 1.061328
0.9906565 1.066327
0.9889887 1.039098
1.004277 1.049544
0.9705681 1.122909
1.007898 1.101922
0.9786294 1.123387
0.9785551 1.131316
0.9738817 1.144373
1.001587 1.121475
1.00567 1.099873
0.9832626 1.133585
0.9766968 1.269936
0.9609691 1.208744
0.9714073 1.187075
0.9844282 1.217277
0.9771407 1.1292
1.007043 1.06939
0.9936316 1.076634
1.002772 1.162852
0.9979893 1.145518
1.007598 1.182557
1.021671 1.135276
0.9827525 1.155475
0.9973823 1.092397
1.005129 1.087908
1.018197 1.09172
0.9807261 1.164765
0.9810529 1.099198
0.9739608 1.089056
1.026025 1.099426
0.9879046 1.079118
1.022995 1.095042
0.9702751 1.13158
1.015202 1.100343
1.016732 1.149687
0.9448649 1.138891
1.006973 1.168913
0.9756606 1.127313
1.00134 1.117182
1.030687 1.095075
1.049847 1.049019
0.9909068 1.084899
0.9928899 1.118047
0.9602032 1.123389
0.988706 1.092506
1.008562 1.065063
1.032043 1.05674
0.991918 1.089515
0.9991136 1.075475
1.010125 1.073986
0.9740303 1.076191
1.01609 1.135814
1.029667 1.08165
1.010533 1.064755
1.038578 1.133313
0.9928359 1.114579
1.021626 1.173729
1.035547 1.123288
0.9733429 1.129276
0.9877396 1.045369
1.040304 1.119795
0.9976824 1.11185
0.9544916 1.11959
0.9642599 1.130083
0.9919938 1.041913
0.9886824 1.048834
1.003907 1.068912
0.975965 1.163356
1.035715 1.080609
1.023979 1.07704
1.021813 1.042457
1.035733 1.074505
1.012065 1.085108
0.995638 1.101626
1.010434 1.130428
0.9594141 1.142188
1.008861 1.104199
0.9595816 1.131767
0.974438 1.121996
1.03947 1.144938
1.021409 1.045293
1.056514 1.08103
0.9859808 1.10476
1.075713 1.109556
0.9954136 1.242229
1.021354 1.138435
1.017582 1.140022
0.9908639 1.204504
0.9957708 1.212281
1.011942 1.18067
0.9770692 1.149896
0.9768066 1.116787
1.019654 1.161029
0.9629719 1.151506
1.00106 1.149903
0.9991055 1.130573
0.9960561 1.13943
0.9641812 1.182356
0.9473785 1.193258
0.9488219 1.161858
0.9735859 1.10221
0.9667087 1.086519
1.01737 1.131278
1.002436 1.118767
1.047015 1.0786
1.013507 1.097751
1.027339 1.112736
0.9935816 1.047703
1.010549 1.106542
0.9566381 1.059788
1.011454 1.055715
1.001616 1.107749
1.019209 1.088272
1.038676 1.123072
0.994566 1.138143
0.9887146 1.129415
1.004491 1.175441
0.9575185 1.156855
0.9647615 1.152961
0.9943046 1.195959
0.9883639 1.209385
1.014026 1.122163
0.9761299 1.129126
0.9848314 1.143097
0.9725881 1.213704
1.015546 1.227651
0.990418 1.172635
1.020194 1.149707
0.9702654 1.188742
1.009058 1.132585
0.9910293 1.143962
0.9885699 1.173839
1.000478 1.176781
1.011888 1.115806
0.9953051 1.143322
0.986986 1.119583
1.009641 1.070083
1.002076 1.070113
1.033282 1.127237
1.006856 1.182425
0.9579932 1.18401
0.9944501 1.217632
1.010872 1.233168
1.016691 1.132022
0.9706894 1.102644
1.06713 1.036245
0.956912 1.041466
1.001831 1.038741
1.004092 1.045994
0.9736624 1.085324
1.003348 1.15999
1.018507 1.13479
0.9704599 1.031712
0.9939874 1.087361
0.9854861 1.102483
1.012972 1.083848
1.006029 1.065101
1.029118 1.044015
0.9880376 1.143185
1.009343 1.14709
1.009183 1.151667
0.9781575 1.137464
1.004671 1.127473
0.990628 1.069229
1.012803 1.10702
1.036704 1.027884
1.044652 1.0102
1.003113 1.05183
0.9698876 1.098101
0.9932937 1.090432
1.003552 1.101389
0.9922476 1.101765
1.041616 1.133394
1.057368 1.078754
1.002083 1.058909
1.003206 1.082809
0.9897318 1.123684
1.040735 1.087425
1.020881 1.095122
0.9952938 1.140923
1.005725 1.125963
0.9993449 1.166234
1.019904 1.168965
1.016936 1.207561
1.005536 1.178454
0.9828964 1.175438
1.00162 1.133261
0.9641301 1.161699
0.9828118 1.128041
0.9692186 1.152891
0.9932291 1.082374
0.997398 1.095327
1.011624 1.032389
0.966039 1.102928
1.046102 1.094557
1.011174 1.13196
1.048389 1.050578
0.9902353 1.051337
1.010286 1.009187
1.014687 1.022854
1.010903 1.030813
0.9808983 1.1039
0.9957202 1.117662
0.9857732 1.076334
1.017169 1.106567
0.9896874 1.062737
1.000346 1.105189
0.9956119 1.015065
1.013759 1.022536
1.052049 1.040228
1.032344 1.044289
1.047688 1.053537
0.9835075 1.07272
0.9789122 1.116121
0.9818658 1.055385
0.9916914 1.107345
1.015996 1.083705
1.009816 1.113113
0.9659394 1.136745
1.017689 1.059581
0.9808533 1.094361
1.015065 1.151805
0.9874043 1.129574
0.9814382 1.102992
0.9971996 1.094461
0.9455631 1.13655
0.9775448 1.154006
1.002175 1.110911
1.012516 1.119182
0.9915858 1.075087
0.9589291 1.167458
0.9887583 1.158097
1.015732 1.095954
0.9970773 1.110876
1.015545 1.099195
1.050144 1.057613
1.012473 1.046009
1.019741 1.038989
1.022354 1.059124
1.059497 1.077432
0.9855464 1.095067
1.014787 1.088888
0.9728702 1.100941
0.9537414 1.119895
0.9648477 1.091428
0.9881148 1.108968
1.033129 1.089226
0.9860962 1.091992
0.964038 1.078595
0.9858617 1.135717
1.027318 1.095551
1.024678 1.114723
1.026008 1.132335
0.9856717 1.118231
1.018654 1.145976
0.9857272 1.12149
0.9891411 1.110768
0.9905263 1.115474
1.006555 1.15285
0.96908 1.14587
1.020408 1.145185
0.9586757 1.120512
1.022767 1.143628
0.956591 1.173015
1.000476 1.18006
0.9869488 1.151432
1.001423 1.15929
0.9685271 1.130413
0.9842812 1.096113
1.011048 1.116432
1.001683 1.135877
0.981427 1.205245
0.963599 1.111911
0.9761416 1.123081
0.9834872 1.111832
1.033488 1.123356
0.991053 1.148568
1.005963 1.154121
0.9992053 1.097719
1.033982 1.124349
1.036158 1.088022
0.9785105 1.054599
1.005784 1.029814
0.9904225 1.077829
0.9687022 1.1045
1.015232 1.130628
0.9813146 1.141533
1.021771 1.086491
0.9998171 1.084242
0.9546668 1.172099
1.007646 1.187035
0.9973073 1.216417
0.9509123 1.141613
1.01717 1.155391
1.008124 1.072009
1.063635 1.126503
1.001271 1.097447
0.9709008 1.151238
1.007453 1.073554
1.033064 1.079832
1.065194 1.121078
1.017601 1.126403
0.9515072 1.173631
1.012914 1.152047
1.022366 1.098615
0.9983748 1.072156
1.005202 1.009953
1.065417 1.027474
1.003779 1.081603
0.9832092 1.092615
0.99412 1.108933
0.9657247 1.150225
1.002974 1.189532
0.9925505 1.193468
0.9957656 1.147499
0.9899701 1.183761
0.9965164 1.201223
0.9338444 1.246871
0.9627267 1.194571
0.9749831 1.183291
0.9763782 1.175163
1.00473 1.210925
0.9793396 1.241168
1.004202 1.143216
0.975941 1.13202
0.9945479 1.070026
0.9840113 1.108585
0.9767085 1.10824
1.005019 1.162988
1.017442 1.098464
1.004002 1.135749
0.9998049 1.114203
0.9916977 1.074592
1.005866 1.048749
0.9927853 1.093134
1.016976 1.061578
0.959619 1.096666
1.017256 1.056399
1.02692 1.078346
0.9998516 1.108335
1.009272 1.155305
1.01893 1.135825
1.013058 1.092956
0.9727252 1.123805
0.9930269 1.15794
0.9998357 1.093208
1.025187 1.097438
0.96981 1.087577
0.991483 1.128361
0.9584633 1.112648
0.9992708 1.111396
0.980961 1.103408
0.9637069 1.127652
1.013033 1.222573
0.9887485 1.194635
0.9989844 1.198571
0.9673641 1.198798
0.9669389 1.14006
0.9738909 1.085289
0.9982053 1.042202
0.984662 1.066357
1.008107 1.076874
1.021337 1.061979
0.9838864 1.027614
0.9970688 1.080828
1.048508 1.037222
1.000312 1.03552
0.9938781 1.090961
1.028364 1.106336
0.99703 1.166202
1.008015 1.106208
1.028173 1.091983
0.949704 1.107121
1.020092 1.124812
0.9902661 1.102079
1.014207 1.095647
0.98181 1.158586
0.9667683 1.171335
0.9244411 1.175279
0.9993509 1.106732
0.9880648 1.058369
1.018314 1.048624
0.9900044 1.133459
0.9671775 1.106391
0.9686499 1.17063
1.022851 1.099651
0.9847116 1.093736
0.9980906 1.119903
0.9955153 1.089743
1.039883 1.125595
0.9930878 1.0848
1.01503 1.121256
0.9871007 1.095039
0.9806922 1.115987
1.027112 1.092832
0.9934019 1.190338
1.00014 1.12968
1.038987 1.076925
1.025356 1.119266
0.9392682 1.115802
0.9897863 1.157536
0.9914369 1.195184
0.9608709 1.177466
1.028835 1.040673
0.9942413 1.151926
1.019447 1.081666
0.986159 1.058599
1.020808 1.111864
0.9776664 1.052666
0.9968776 1.096425
1.01322 1.145923
0.973431 1.221284
0.9887671 1.218923
0.9833906 1.216458
1.020682 1.157419
1.004424 1.130002
0.9719822 1.116158
0.9937449 1.11501
1.027041 1.104448
1.023423 1.089301
1.03341 1.157335
0.967614 1.160768
1.005209 1.201644
1.007321 1.227603
0.9466371 1.164428
1.003355 1.128027
1.004916 1.131938
0.9863838 1.113359
0.9514951 1.184151
0.9737063 1.128483
1.014451 1.172739
0.9896982 1.149195
1.04748 1.085476
1.02618 1.075176
1.007963 1.125911
1.00265 1.167099
0.9808331 1.144915
0.9987036 1.103555
1.000484 1.131975
1.008182 1.129905
1.000372 1.085896
0.9792511 1.152183
1.002299 1.141267
0.9659498 1.088615
0.9625102 1.091988
1.01122 1.156718
1.000005 1.094632
0.9964784 1.084266
1.042326 1.074273
0.9832934 1.084451
1.015572 1.096525
1.070749 1.065328
1.018721 1.07107
1.00895 1.044328
1.018673 1.072428
0.9549395 1.071749
1.017272 1.064154
1.024593 1.112715
0.9965742 1.112918
1.004126 1.069483
1.064253 1.043738
1.044906 1.145154
1.004177 1.145523
1.06229 1.155986
0.9600655 1.144879
1.01709 1.112427
1.037342 1.154061
0.952095 1.175073
1.019665 1.223112
1.024343 1.197033
0.9768089 1.156853
0.9950807 1.121709
1.007781 1.187798
0.9746436 1.180412
0.9785594 1.182436
0.9751061 1.155958
0.973133 1.194167
0.9881275 1.116128
1.04063 1.083497
0.9743661 1.150431
0.9777957 1.164799
1.000686 1.172611
1.02517 1.097718
0.9963954 1.219153
0.9662928 1.261981
0.9986476 1.14961
1.007787 1.18683
1.004246 1.134755
0.9498034 1.148946
1.002648 1.128963
0.9509073 1.141079
0.9737426 1.131562
0.980334 1.156324
0.9822271 1.123605
1.001714 1.118609
1.03136 1.116818
1.014632 1.135442
1.005262 1.177713
0.9794374 1.272468
0.9884058 1.210048
0.9824917 1.21219
0.9892961 1.218087
0.980449 1.171857
1.003985 1.110113
1.00754 1.08489
0.979579 1.124553
1.023403 1.107135
1.052174 1.114796
0.9865995 1.101565
1.000719 1.075594
1.026877 1.03606
1.036154 0.9896624
1.003672 0.9698077
1.043715 0.9654921
1.008779 0.9955782
0.9999533 1.006694
0.9330358 1.101103
1.001715 1.095405
0.9782093 1.141198
1.04124 1.03762
1.007805 1.046897
0.9750645 1.025392
1.000078 1.075237
1.015 1.086423
1.023336 1.054861
0.9711273 1.086339
1.006424 1.085061
1.032688 1.111895
0.9929372 1.102239
0.9846438 1.093839
1.003794 1.146284
0.9623114 1.117587
1.007998 1.110277
0.9783189 1.110756
1.003188 1.142155
1.026149 1.132721
1.01263 1.139973
1.052352 1.113435
1.01121 1.161481
0.9861244 1.164968
0.9843598 1.082512
0.9645166 1.147174
1.027078 1.076108
1.0172 1.124578
1.021399 1.116351
0.9838244 1.147095
1.009309 1.096225
0.979805 1.180045
0.9771175 1.03627
0.977513 1.051176
1.009669 1.094477
1.026279 1.056191
1.002456 1.073334
1.010267 1.112855
1.014255 1.130653
1.034991 1.143758
1.010779 1.121159
0.99666 1.126779
1.018213 1.13896
1.054956 1.09551
1.019049 1.089076
0.9608789 1.10755
0.9421922 1.052258
0.9895151 1.079853
1.020656 1.147492
0.9966258 1.041141
0.9842319 1.093067
0.979688 1.092769
0.9634513 1.106755
1.058071 1.06934
0.9805706 1.102009
0.9960156 1.021509
0.995851 1.017895
1.005313 1.020369
1.038769 1.038807
0.9935906 1.121555
1.025533 1.12739
0.9930502 1.056104
1.019408 1.083557
0.9565168 1.074369
0.9666178 1.083934
1.044519 1.091719
0.9943405 1.066868
1.026944 1.123585
0.9912553 1.181666
0.9938354 1.110788
0.994614 1.082874
1.053358 1.120664
0.9882804 1.055318
1.020985 1.098519
0.9945389 1.092907
0.976501 1.052773
1.039958 1.040313
1.000556 1.126447
1.016128 1.097246
0.9891313 1.15915
0.9942646 1.11606
1.00194 1.160275
0.9683228 1.200485
1.001108 1.15913
1.018228 1.124429
1.008127 1.055122
0.9975781 1.102173
0.9985247 1.060285
1.031158 1.095995
1.042458 1.05894
0.9795266 1.146721
0.9919336 1.138299
1.001964 1.111298
1.043639 1.142832
0.9992076 1.073598
0.9898474 1.026436
0.95694 1.097109
0.9833353 1.091366
0.996552 1.027565
1.013032 1.087299
0.9580319 1.132675
0.9578045 1.076289
1.015834 1.141562
0.9949651 1.147747
0.9672787 1.042539
0.9998418 1.069692
1.023912 1.096038
1.015305 1.080263
1.031283 1.10354
0.9807783 1.146874
1.013118 1.131335
0.9733763 1.124169
0.9827151 1.122021
1.017437 1.064694
1.020057 1.060213
0.9849796 1.106607
0.9644059 1.134398
0.9625603 1.072209
0.9662154 1.050088
1.032923 1.037424
1.027381 1.048636
1.015485 1.028873
0.9894083 1.024175
0.954952 1.162108
0.9855558 1.150465
0.993685 1.127121
1.018969 1.129942
0.9190677 1.229427
1.015231 1.080052
1.041928 1.062452
0.9778448 1.143817
1.01912 1.117231
0.9813915 1.071371
1.032748 1.05482
0.9974522 1.126403
1.019201 1.039342
1.025784 1.01444
1.00191 1.040221
1.013984 1.059288
1.015289 1.005917
1.001857 1.056268
1.02881 1.003304
0.9673932 1.056783
0.9947257 1.031601
1.042023 1.105522
0.9670145 1.042798
1.017954 1.060925
1.052399 1.064447
0.9953769 1.081965
1.015384 1.129209
0.9892885 1.091537
0.9980001 1.030268
0.9781463 1.058709
1.026011 1.061952
1.008719 1.050461
1.038811 1.043114
0.9886344 1.038056
0.9702615 1.049577
1.019846 1.065088
1.001177 1.073356
1.045213 1.039089
0.9862758 1.015296
0.9744667 1.133435
0.9779178 1.130203
1.043726 1.109406
0.9956421 1.092172
0.9591432 1.120871
0.9635211 1.189383
0.9469302 1.144233
0.9954085 1.141698
1.005421 1.131604
0.9227946 1.129084
0.9628853 1.126048
0.9750064 1.159383
1.01037 1.138491
1.026911 1.180161
0.9742541 1.19497
0.991838 1.166806
0.9551379 1.167626
0.9562687 1.170664
0.9828324 1.13002
0.9830855 1.072895
0.9858502 1.089273
1.031053 1.035566
0.9994801 1.057167
0.9969491 1.080748
1.017078 1.11327
1.005687 1.132008
0.9774814 1.103288
0.9604806 1.189664
1.039729 1.056544
1.022732 0.9963929
0.9870549 1.027819
1.047914 1.073184
1.03064 1.053661
1.024152 1.024749
0.9974002 1.094231
0.9889442 1.069306
0.9484592 1.16104
0.9848831 1.113815
0.9514231 1.119847
0.9730379 1.060619
1.027789 1.116704
1.01717 1.127594
1.00952 1.104832
1.007553 1.100346
1.022876 1.140549
0.9710548 1.142684
1.009067 1.121294
1.005375 1.124152
1.001954 1.08938
1.006849 1.107614
1.028063 1.081841
1.005138 1.107727
0.9385665 1.127754
0.92988 1.107077
0.988144 1.095446
1.043275 1.140602
1.006945 1.117493
1.000194 1.089396
1.010748 1.098617
0.9961785 1.070391
1.020722 1.068731
1.009736 1.090389
0.9975547 1.148946
1.037576 1.19966
1.01126 1.182756
0.9391232 1.24342
1.029462 1.146044
0.9718537 1.091138
0.9705934 1.152581
1.003187 1.131468
0.9992045 1.191472
1.072716 1.108798
0.98334 1.056485
1.004371 1.082601
1.000723 1.145632
1.031406 1.027185
1.018372 1.059469
0.9703611 1.117787
0.973544 1.053281
1.024403 1.041509
1.013575 1.113772
1.055598 1.082158
1.014744 1.125255
0.9964671 1.126875
1.036319 1.131994
1.02471 1.129661
1.021163 1.059611
1.020927 1.029423
1.041668 1.024571
0.9546981 1.051651
1.006265 1.071317
0.9897828 1.086414
0.9700976 1.162546
0.9836248 1.094544
0.999971 1.164485
1.021695 1.129446
1.004631 1.157643
0.9679891 1.245805
0.9986136 1.186948
1.0338 1.143271
0.9770055 1.120166
1.014803 1.120553
1.000829 1.207705
0.9858897 1.142122
1.006737 1.204286
0.9980128 1.178597
1.014487 1.123443
0.963238 1.149349
0.9968822 1.130978
1.017992 1.173786
1.010869 1.126861
0.9670202 1.264753
0.986042 1.218799
1.000354 1.162554
0.9751844 1.140704
0.9909844 1.141214
1.000081 1.182239
0.9952437 1.161053
1.011539 1.181701
1.00973 1.122785
0.9988225 1.068514
1.003344 1.115626
0.9940459 1.100785
1.038692 1.145645
0.9612434 1.131213
0.992558 1.093079
1.023357 1.108822
0.9636688 1.115527
1.032492 1.177176
0.975963 1.129969
1.007385 1.14084
0.9602136 1.129029
0.9707723 1.16634
1.002827 1.111384
0.9775608 1.183631
1.003761 1.19385
1.001061 1.128955
0.9886328 1.113678
1.001631 1.126522
0.9487918 1.104551
0.9430493 1.064612
0.9770261 1.129056
1.044881 1.126055
0.9873484 1.17478
1.014918 1.113555
1.019161 1.102506
1.007331 1.028356
0.9619152 1.086547
0.9885262 1.168652
0.9821933 1.181155
0.9751635 1.191485
0.998099 1.170706
0.9744523 1.157706
1.034694 1.18038
1.041407 1.135328
1.019942 1.094069
1.010091 1.078662
0.9861855 1.095824
1.006274 1.083796
1.019349 1.023488
0.9878222 1.037623
1.012531 1.103493
1.05835 1.0461
1.028435 1.065448
1.00268 1.059842
1.012583 1.033428
0.9993428 1.025642
1.041115 1.079988
1.007696 1.07901
0.9921613 1.095348
1.010113 1.062583
1.027786 1.062418
0.998713 1.01484
1.002391 1.06583
0.9873788 1.035207
1.008737 1.023418
1.004127 1.027256
1.024106 1.033904
1.021364 1.022737
1.014836 1.098246
1.011 1.092857
0.9883473 1.11313
1.03521 1.108723
1.04373 1.038315
0.9799942 1.108734
1.027638 1.064615
1.003952 1.073977
1.029711 1.060019
1.016495 1.13147
0.9562732 1.136519
0.9673486 1.146505
0.9776875 1.142089
1.009086 1.12121
0.9949345 1.158362
0.981468 1.095999
0.9856663 1.150864
1.037426 1.116194
0.9742873 1.161192
0.9726627 1.151196
1.030857 1.134556
0.9948946 1.133185
1.001389 1.150825
0.9902081 1.168726
0.9622607 1.139046
1.022437 1.059708
1.024016 1.060119
1.016056 1.110082
1.036437 1.024428
1.040485 1.062823
0.9903383 1.104178
1.011046 1.152161
1.031116 1.048225
1.048617 1.057031
0.9925519 1.030841
1.018984 1.139965
1.01179 1.094889
1.027576 1.147216
0.9841142 1.189741
1.020655 1.142028
1.040895 1.094267
1.032089 1.142166
1.013321 1.130259
0.9960769 1.18373
1.015996 1.068928
0.9689128 1.107225
0.9857859 1.067336
1.004191 1.065635
1.001458 1.066834
0.9945914 1.093532
1.010567 1.114975
1.052667 1.070652
0.9938037 1.061655
1.01113 1.073221
1.01019 1.134881
1.025345 1.096446
0.9904314 1.098532
1.052638 1.147018
0.9938897 1.125504
1.035711 1.068788
0.9963838 1.105838
0.9629837 1.138236
1.053728 1.062778
1.015916 1.125056
0.9923022 1.121754
0.9607193 1.157197
1.001996 1.070546
0.9990813 1.084065
0.9881817 1.033408
0.9983678 1.032893
0.9665122 1.082105
1.016943 1.045299
0.9706272 1.115541
1.029556 1.047747
0.9901187 1.183016
1.005168 1.133605
1.002426 1.098885
1.010831 1.117411
1.024886 1.063557
0.9988004 1.065148
1.016933 1.078352
1.003992 1.074912
1.042738 1.04355
1.028609 1.044981
1.019286 1.126097
0.9953873 1.120257
1.007637 1.142275
0.9528056 1.136365
0.9601255 1.161999
0.9928426 1.170097
0.9804302 1.16651
0.9839678 1.133656
1.025352 1.049554
0.992284 1.116539
1.013673 1.093262
1.029124 1.113112
1.025144 1.089039
0.9870131 1.106612
0.9598943 1.056377
1.034928 1.04122
0.9987941 1.020411
1.035906 1.097531
0.9993438 1.068933
1.04459 1.047173
1.008889 1.110674
0.9776966 1.079124
0.9918055 1.036127
0.9755038 1.102573
1.026836 1.129336
1.034309 1.155892
0.9903334 1.100184
1.008182 1.084812
1.010523 1.041825
1.024284 1.03811
0.9882767 1.018761
1.013193 1.027214
1.030127 0.9687313
1.013533 1.03517
1.01634 1.055086
0.9705913 1.094415
1.020875 1.085028
0.9879024 1.047693
0.961228 1.081072
1.020392 1.104324
0.991031 1.15285
1.000707 1.112098
0.9845848 1.133987
0.9881014 1.135798
1.015497 1.163527
0.9406473 1.172571
1.029325 1.168348
0.9735885 1.147224
0.9682766 1.157693
1.00082 1.097076
0.9595468 1.072002
1.009378 1.094289
0.9934265 1.139425
1.023816 1.08334
1.036204 1.101324
1.024637 1.021968
1.047623 1.092843
1.019694 1.079001
1.016173 1.107979
1.014599 1.069019
1.036256 1.020273
1.047329 0.9925564
0.9972296 1.014315
1.019413 1.056949
0.9827206 1.110483
1.002356 1.109563
1.021365 1.061604
1.036263 1.073257
0.9903993 1.069199
0.9996766 1.059272
0.9848628 1.107971
1.012703 1.086114
0.9824916 1.153484
1.00598 1.119269
1.002302 1.020039
1.004467 1.054032
1.01785 1.078945
0.9897303 1.073682
1.00136 1.043557
0.9738907 1.020266
0.9999486 1.066451
1.075342 1.096142
1.006719 1.089109
0.9924646 1.095464
0.9932367 1.079597
1.018732 1.071287
1.004249 1.155651
0.9480998 1.161641
0.9795903 1.105963
0.9922417 1.051814
0.9895634 1.073452
0.9915967 1.150504
0.999554 1.102954
0.9656407 1.107904
1.009715 1.162527
0.9789472 1.127986
1.041583 1.082781
0.9843149 1.059553
1.025554 1.15355
1.039565 1.120344
0.981501 1.103636
1.031943 1.115327
1.050681 1.0983
1.00288 1.097739
0.9953012 1.143582
1.002176 1.088712
0.9901955 1.141162
1.001044 1.125099
1.016681 1.189869
0.9351754 1.125913
1.024174 1.108128
0.99159 1.241579
1.007876 1.211434
1.00575 1.115168
0.9587296 1.122269
0.9826932 1.080512
0.9418865 1.058721
1.026826 1.063617
0.9752649 1.064161
1.014197 1.122867
0.9799588 1.071893
0.992644 1.06767
0.9875554 1.117312
0.9702167 1.09364
0.9903066 1.017394
1.007725 1.060451
1.001857 1.017947
0.9853615 1.057615
1.022335 1.03582
1.006316 1.096236
1.009383 1.050623
1.001685 1.090427
1.01659 1.046981
1.015607 1.042805
1.015164 1.084821
0.966839 1.075525
0.9964347 1.098488
0.982743 1.08187
0.9915599 1.085617
1.018341 1.07795
1.016949 1.163537
1.012965 1.146049
1.015433 1.099891
0.9742511 1.080649
1.009631 1.104436
1.00624 1.065997
1.022343 1.04419
1.021793 1.063281
1.030524 1.062731
1.012577 1.09615
1.005573 1.108542
0.9914702 1.10306
1.006568 1.13968
1.037159 1.07448
0.987029 1.062654
1.029381 1.039564
1.015785 1.040991
1.026707 1.084229
1.046692 1.110196
0.9919123 1.086872
1.007058 1.079609
0.9933927 1.098323
1.010557 1.101161
0.9693548 1.053775
0.9869727 1.062121
0.9966403 1.129138
1.007079 1.088066
1.002583 1.097467
0.9670973 1.140697
0.9888132 1.155899
1.021646 1.132365
1.000276 1.097497
1.022556 1.146528
0.9651242 1.184363
0.9712513 1.148626
1.003119 1.0939
1.032441 1.166825
0.9699652 1.110866
0.97988 1.09157
0.9503239 1.058515
0.9910604 1.090172
1.016046 1.134881
1.022863 1.102632
1.009762 1.176664
0.9972895 1.194968
1.020271 1.15692
0.971826 1.125352
0.9766177 1.177799
0.9767408 1.114587
1.015189 1.104307
1.037749 1.15086
1.004657 1.124859
1.01929 1.168383
1.016208 1.12534
0.965851 1.148858
0.9547247 1.128115
0.9894548 1.049096
0.9969227 1.051856
1.040425 1.109971
1.00896 1.092519
0.9622773 1.120754
0.9687242 1.151789
1.013566 1.157462
1.035583 1.15687
0.9928048 1.138051
0.9946477 1.09267
1.018159 1.137418
0.9680191 1.126813
1.020943 1.064823
1.020994 1.049602
0.9987958 1.068443
1.02976 1.059322
1.013354 1.084938
0.9879797 1.13308
0.9915012 1.170799
1.017206 1.148717
1.015975 1.074318
1.015641 1.114713
1.070888 1.038819
1.041435 0.9909127
0.9828561 1.044219
1.039272 1.044511
1.034011 1.091998
0.9751038 1.114891
0.9975426 1.147026
0.9273256 1.184329
0.9935016 1.153254
1.003039 1.156083
1.048597 1.13945
0.9959843 1.205045
1.005519 1.13064
0.9736489 1.137931
0.9833587 1.130598
1.032801 1.1155
0.9634674 1.075694
1.050207 1.064339
1.033419 1.069377
1.056643 1.084712
1.002909 1.028789
1.019649 1.03568
1.009692 1.092595
1.006719 1.133566
0.949148 1.147241
1.01733 1.116685
0.9961607 1.165574
1.019461 1.114742
1.000602 1.046406
1.014589 1.033787
1.033217 1.05207
0.9926823 1.06116
0.9829309 1.118268
1.012837 1.10433
1.01157 1.078877
1.006124 1.06638
1.011721 1.089847
1.009024 1.14083
0.9694128 1.118972
0.9952301 1.13758
0.9617085 1.126765
1.031243 1.1017
1.0132 1.145402
0.9724494 1.111227
0.9797454 1.154647
0.9947211 1.178163
1.043269 1.17455
0.9956732 1.215119
1.005649 1.113409
1.032258 1.077381
0.9771863 1.089081
0.9722418 1.098346
0.9745088 1.069744
1.009125 1.067156
0.9835794 1.063336
0.9864119 1.071604
0.9977951 1.093814
1.014892 1.08136
0.9838089 1.169903
1.013987 1.130173
0.973588 1.163785
0.9243278 1.13606
1.008025 1.075599
1.039233 1.019488
0.9985841 1.043015
1.003283 1.084399
1.002168 1.130628
1.024725 1.178923
0.9785208 1.139366
0.9855296 1.183949
1.023624 1.1996
0.9696834 1.228228
1.031448 1.180449
0.9809352 1.164273
0.9958106 1.155142
1.041455 1.13077
1.002173 1.171405
1.015478 1.15745
1.005495 1.156632
0.9959593 1.205246
1.022767 1.089335
1.023141 1.105463
1.018017 1.126846
1.003068 1.207964
1.036387 1.126143
1.014371 1.150087
1.000983 1.203494
1.002619 1.156391
1.014423 1.188851
0.9651371 1.145002
0.943629 1.216017
1.021342 1.103268
1.000585 1.189837
0.9751861 1.093327
1.003074 1.088132
0.9975812 1.134955
1.022122 1.163941
0.9588759 1.127188
1.006411 1.080377
0.9833909 1.111794
1.018276 1.086777
1.01463 1.066653
1.01082 1.067031
1.024051 1.045461
0.9756515 1.101253
0.9970966 1.086439
0.9951101 1.054871
1.01634 1.057108
0.995755 1.080878
1.01015 1.043774
1.028289 1.068897
1.074859 1.067484
1.009144 1.090857
1.009432 1.127876
1.03463 1.117959
0.9729102 1.202503
0.9819232 1.173245
0.9979928 1.183341
0.991224 1.145227
1.013592 1.137421
1.021398 1.074066
0.9927383 1.083004
0.9844755 1.091929
0.9895144 1.12414
1.061469 1.17007
0.989922 1.130881
1.019637 1.085508
1.022992 1.043923
0.992413 1.09855
0.9832978 1.166911
0.9788438 1.167084
0.9960054 1.211204
0.9789261 1.104103
0.9540639 1.124204
0.9581261 1.171395
0.9875459 1.124487
1.012487 1.043898
1.016012 1.066914
0.958377 1.105628
0.9921627 1.155922
1.026019 1.247309
0.9757281 1.158879
1.00901 1.12557
1.003038 1.012396
1.063838 0.9947252
0.9857914 0.9880086
1.019421 1.04667
0.9976234 1.082383
0.9937574 1.115831
0.9670034 1.119335
1.002021 1.123721
0.974745 1.163206
1.002357 1.134817
0.9728281 1.201503
0.9820895 1.174578
1.010591 1.185015
0.9723245 1.272634
0.9883781 1.154041
0.9965184 1.201172
0.9800297 1.122975
1.007318 1.180367
1.025389 1.111382
0.997224 1.110657
1.025339 1.053032
1.008238 1.075663
1.062557 1.102115
0.9870235 1.047342
1.035988 1.018437
1.009463 1.056185
1.003506 1.072556
0.9850411 1.05755
0.9907851 1.017656
0.9907402 1.053229
1.028554 1.045093
1.036365 1.04677
0.9678621 1.085085
1.009782 1.121919
0.9976327 1.062963
1.000188 1.09343
1.013724 1.066004
1.015045 1.089017
1.007513 1.04912
1.024647 1.051076
0.9891997 1.107575
0.9660253 1.099984
1.015991 1.019056
0.9604751 1.160149
0.9975456 1.188987
1.013229 1.130918
0.9749358 1.168459
0.9746494 1.122978
0.9575034 1.116101
1.04276 1.202785
0.989735 1.208503
0.987371 1.18745
1.022085 1.12796
1.037334 1.274217
1.025272 1.130955
0.9845019 1.082825
0.9696932 1.121291
1.00157 1.065323
0.9920948 1.054224
0.9985771 1.155135
0.9963763 1.16006
1.004761 1.143418
1.027663 1.114668
0.9773468 1.178683
0.9866958 1.175593
0.9875412 1.139421
0.9869862 1.139993
0.9963167 1.125652
1.060078 1.110008
1.020555 1.107384
1.0232 1.028133
1.027228 1.055481
1.009083 1.0771
0.9818206 1.082368
1.00601 1.096632
0.9990901 1.071131
0.9708696 1.030056
1.045556 1.006955
1.025791 1.034349
0.9764587 1.063667
1.000131 1.127049
0.9933573 1.162312
1.049179 1.181077
0.9879508 1.167528
1.059097 1.107962
1.011998 1.120099
0.9922666 1.230748
0.973422 1.183589
1.019358 1.185137
0.9452555 1.158251
0.9403265 1.194998
0.9365928 1.175149
1.010442 1.169189
0.9674331 1.044412
1.021319 1.067535
1.030245 1.137674
0.9805928 1.075911
1.03337 1.0945
1.00986 1.109474
1.018539 1.053103
1.008135 1.078762
0.9617199 1.118363
1.021306 1.179062
0.9882461 1.158463
1.01497 1.170155
1.011906 1.071877
0.9806515 1.064978
0.9726892 1.158671
0.9794476 1.140932
0.9876088 1.136205
0.9364212 1.151061
1.026354 1.103539
0.997326 1.137682
1.027602 1.172667
0.9725312 1.190686
1.018035 1.122533
0.9964726 1.10765
1.004335 1.071548
1.001199 1.017511
1.039352 1.030544
0.9963031 1.115313
0.9425757 1.118788
0.9872331 1.175474
0.9891113 1.078731
0.9746134 1.044624
0.9757663 1.058457
0.9979053 1.118445
1.024008 1.064408
1.006601 1.114968
0.9878548 1.102408
0.9795347 1.125437
0.9501739 1.187522
0.9690281 1.193047
1.023884 1.179812
1.007873 1.060532
0.9552502 1.0878
1.014378 1.106674
0.9840145 1.080483
0.977992 1.025282
1.03132 1.079334
1.016095 1.052464
1.034054 1.017553
1.066094 1.040892
0.9986713 1.078075
0.9778661 1.073632
1.01601 1.0439
0.9934084 1.099337
0.9910558 1.147295
0.9611337 1.093616
1.024489 1.10162
0.996087 1.032436
1.061051 1.055933
1.034269 1.097388
0.9488053 1.175679
0.9961452 1.072652
1.001966 1.06474
0.9987032 1.067706
1.000753 1.084679
1.009772 1.111308
0.9907983 1.102571
1.019915 1.062744
0.9652853 1.077851
0.9940536 1.114346
0.9655415 1.199534
0.9969194 1.182792
1.004453 1.186978
0.9903532 1.158887
0.9491449 1.105313
0.9771571 1.122092
1.010244 1.078859
0.9742921 1.096516
1.014629 1.096625
1.001959 1.069012
0.9730805 1.09278
1.026414 1.135698
1.004312 1.0839
1.021235 1.090535
0.9573118 1.06533
1.047205 1.072142
0.9760286 1.086837
1.032517 1.121127
1.012438 1.244325
0.9946173 1.174497
0.9919799 1.158721
1.043485 1.087113
1.027717 1.07946
0.989848 1.156586
0.9870609 1.21832
0.9915307 1.109547
0.9639039 1.180447
0.9955731 1.125035
0.9807179 1.113731
1.009527 1.157506
0.9671747 1.190286
1.017982 1.174932
1.04084 1.233275
1.012335 1.138669
0.9606815 1.181306
0.9985922 1.176223
1.038747 1.152468
1.014452 1.159383
1.023752 1.078337
0.9900613 1.076954
0.9760484 1.135032
1.039441 1.082297
1.010988 1.096056
1.003719 1.107793
1.031546 1.082297
0.9759545 1.122734
0.9801604 1.04398
1.061823 1.050084
1.020831 1.029928
0.9692226 1.125011
0.9832081 1.144559
0.9875956 1.069046
0.9914598 1.074344
1.004675 1.057159
1.005139 1.041754
0.987606 1.103486
0.9989551 1.047122
0.97881 1.098533
0.953473 1.040786
1.009345 1.112511
0.9604216 1.075173
0.973034 1.156413
0.9546446 1.061143
1.049236 1.106303
0.9867555 1.075376
1.006678 1.030631
1.012043 0.9975673
1.014979 0.9696198
0.9994084 0.9980205
0.9984232 1.045636
1.055278 1.069007
1.022505 1.07159
1.018267 1.097177
0.9821413 1.080163
0.9973362 1.103884
0.9609461 1.078866
0.9659855 1.120723
1.010693 1.125732
1.004792 1.125933
0.9681443 1.124629
0.9861851 1.132319
1.018927 1.06894
0.9760692 1.046957
1.012831 1.11277
1.012354 1.073426
1.013413 1.088208
1.017378 0.9890766
0.9985678 1.101242
1.003836 1.113576
0.9743662 1.023461
1.043804 1.115289
0.9935435 1.098641
0.9945814 1.135586
0.9794086 1.096923
1.045454 1.121571
1.006868 1.105879
0.9903013 1.14145
0.9827615 1.090994
0.9940821 1.092479
1.015751 1.087747
0.9788095 1.099685
0.9608582 1.072295
1.05815 1.053413
1.024212 1.084351
1.056746 1.120438
1.020408 1.115781
0.9518132 1.142564
1.015838 1.055207
0.9458487 1.114032
1.00532 1.114331
1.002967 1.074269
0.9503663 1.148107
0.9858564 1.121277
0.9669713 1.137669
0.9854837 1.05439
0.9856309 1.069158
1.028472 1.040007
0.9853593 1.077387
1.043454 1.128721
0.9664776 1.102198
0.9766233 1.106708
0.9850769 1.142697
0.979695 1.094466
0.9848064 1.117267
1.007008 1.14078
0.9422539 1.120266
1.008965 1.12591
0.9822021 1.032823
1.03528 1.073118
0.9858792 1.159948
0.9973099 1.166975
0.9629785 1.146387
0.9873444 1.186632
0.97846 1.165905
1.038444 1.180485
1.026257 1.069589
0.9963147 1.092861
1.024907 1.077144
1.012849 1.042765
1.021711 1.013275
1.051291 1.0943
1.019788 1.106004
1.013633 1.168139
1.016026 1.157545
0.9977376 1.129757
0.9673282 1.134604
0.9827691 1.15755
1.004169 1.150443
0.981239 1.115959
1.002817 1.085401
1.018312 1.057935
1.048762 1.064039
0.9943462 1.033527
1.034675 1.000804
1.059791 1.087274
1.007248 1.033509
1.014145 1.063923
0.9983758 1.077875
1.003789 1.144618
0.9731871 1.123072
1.001983 1.107353
1.036347 1.11902
0.9828773 1.186942
1.042735 1.190237
0.9680128 1.126852
1.003375 1.130642
0.9897362 1.137213
1.01863 1.059816
1.017822 1.113626
1.018657 1.098598
0.9779785 1.107252
0.9759464 1.111393
0.9788771 1.157142
1.005204 1.133827
0.990346 1.106627
0.9681062 1.12583
0.9697781 1.181825
1.011028 1.10773
0.9867197 1.107837
0.9884043 1.169122
1.009228 1.095833
1.036926 1.094433
1.016027 1.115999
0.9686329 1.136524
1.001219 1.149154
1.032008 1.091486
0.9898069 1.184692
0.9639808 1.20382
1.022373 1.164574
1.01734 1.126912
0.9785451 1.162414
1.063421 1.130709
1.008279 1.108309
1.031323 1.065701
0.96025 1.098065
1.039579 1.086642
0.9900428 1.157973
0.9626528 1.156959
1.020397 1.142703
1.001661 1.129277
0.9787716 1.126659
0.9935746 1.07719
0.9879337 1.044767
1.030948 1.062157
1.037516 1.072249
1.004559 1.156064
0.9737149 1.158956
1.013145 1.083199
1.055144 1.040953
0.9943237 1.084558
0.9748103 1.120863
1.029882 1.062081
1.000295 1.053842
1.013319 1.157215
0.9845319 1.102297
1.00304 1.200422
1.022994 1.166718
1.024646 1.092928
0.9666426 1.066252
0.9967469 1.087807
1.000718 1.104012
1.05909 1.09607
0.9616249 1.098959
0.9883846 1.159341
1.027688 1.085103
1.001835 1.127489
0.9928591 1.115458
0.9878615 1.121374
0.9423523 1.13306
1.026172 1.078577
1.00943 1.129459
0.9733599 1.091129
0.9804848 1.124895
1.002252 1.106638
1.002355 1.116552
1.03043 1.11387
0.9808576 1.141181
0.9959569 1.135409
1.065909 1.110582
1.023964 1.074334
1.031116 1.152126
0.9730213 1.164534
0.9902731 1.195772
1.058683 1.137327
0.9875387 1.105697
0.9785245 1.191885
0.9795361 1.163733
0.9806768 1.150413
0.9691088 1.174675
1.011208 1.168604
0.9985627 1.155653
0.984418 1.201319
1.016551 1.153265
1.026688 1.147734
0.9885478 1.154037
0.972145 1.100796
1.027879 1.089368
0.9829189 1.121299
0.9995298 1.090454
1.038814 1.104002
1.007528 1.039684
0.9961082 1.031343
0.9973651 1.060659
1.006596 1.04072
0.9484989 1.118118
1.039721 1.087631
0.9779118 1.096433
1.007304 1.038715
1.02585 0.9747055
1.071602 1.023153
1.032819 1.001649
1.00705 1.036845
1.020881 1.066558
0.9954353 1.098857
1.000204 1.135478
1.035266 1.115458
1.008582 1.039942
0.9880668 1.068857
1.049402 1.100633
1.017632 1.109062
1.033467 1.091815
1.045285 1.158332
1.016769 1.104456
0.9821924 1.072664
0.9769064 1.069215
1.038284 1.029134
0.9947309 1.003325
0.9866612 1.039853
0.9608239 1.02612
1.034182 1.003603
1.038664 1.042636
1.036072 1.04264
0.9937919 1.114907
0.9744533 1.096647
1.028347 1.111829
1.022498 1.154981
1.008318 1.128997
1.003805 1.130228
0.9920784 1.131797
1.034095 1.14162
1.04282 1.119045
0.9745761 1.086894
1.004554 1.161782
1.000236 1.1562
1.074242 1.089515
0.9758265 1.074873
0.9679341 1.122906
0.9881955 1.125419
1.006437 1.083861
0.9579357 1.101427
0.9927659 1.123411
1.021679 1.053357
0.9742945 1.14653
1.013927 1.096609
1.0031 1.125214
0.9667987 1.111707
0.9993904 1.167763
1.031828 1.110657
1.00841 1.121761
0.9801084 1.075071
1.015423 1.103959
1.030256 1.130263
0.9239692 1.084183
1.02996 1.095898
1.018095 1.166379
0.9700738 1.098495
0.9785496 1.115061
1.004607 1.159264
0.9950789 1.074581
0.9716361 1.094166
1.004512 1.106343
0.9806995 1.204427
1.006458 1.092722
0.9957838 1.115955
0.9921442 1.11168
1.034755 1.126029
0.9813919 1.114618
0.9705581 1.140407
0.9848344 1.169528
0.9957659 1.157426
0.992219 1.12662
0.9444164 1.144194
1.0316 1.079744
1.002073 1.12526
1.027926 1.084931
1.041673 1.106186
0.992915 1.072318
1.004954 1.011595
1.025769 1.049304
1.023673 1.033904
1.078408 1.066193
1.008252 1.097032
0.9917941 1.147308
0.9839536 1.087542
0.9783216 1.055525
0.9909382 1.050661
0.97497 1.079223
0.9866309 1.100597
1.032299 1.062014
1.031929 1.073221
1.01691 1.00772
1.024608 1.108163
1.0192 1.098134
1.021225 1.10333
1.019763 1.102304
1.047053 1.113
0.9325853 1.129366
1.023343 1.079749
0.9862816 1.082542
1.030594 1.072159
0.9962559 1.091509
1.009127 1.142512
0.9846764 1.074016
0.9927528 1.071524
1.012535 1.016208
1.016611 1.065023
0.9846846 1.059381
1.037768 1.111125
0.9623569 1.172494
1.002836 1.126331
1.010121 1.122099
0.9703207 1.139611
1.003556 1.147144
1.045557 1.113837
0.9441989 1.164177
1.027766 1.090564
1.012181 1.094919
0.9588319 1.120922
0.9880966 1.228984
0.973303 1.106588
0.9859355 1.093176
0.9766405 1.139759
1.006159 1.132433
0.9972069 1.068604
0.9921574 1.120832
1.012289 1.18204
0.9814542 1.140336
0.999338 1.082236
1.041652 1.092122
1.005983 1.052866
1.000536 1.092072
1.045369 1.126331
1.009007 1.098354
1.042132 1.213177
0.980975 1.18427
0.9303639 1.290204
1.024197 1.241406
0.9458693 1.249678
0.9864573 1.218393
1.001057 1.111341
1.018392 1.110077
1.002588 1.121824
0.9926295 1.077277
1.030974 1.015057
1.058492 1.004352
1.076567 0.9946883
1.015142 1.053905
1.005767 1.063249
1.032639 1.048899
1.01584 1.087385
1.002519 1.077979
1.0173 1.146887
0.9755455 1.156786
0.9981344 1.0094
0.9935699 1.067176
1.017608 1.053426
0.9964939 1.0205
0.9969438 1.133861
1.053019 1.092523
0.9933446 1.105863
0.9835642 1.034877
1.016433 1.033415
1.020724 1.035451
1.03725 1.003374
0.9703053 1.006491
1.0196 1.001303
1.029031 1.018821
1.002447 1.133258
0.9916717 1.179461
0.9672355 1.155364
1.066624 1.165679
0.9948605 1.148285
1.010184 1.066928
0.9878766 1.054074
1.000109 1.061026
1.00861 1.069392
0.9796991 1.091487
0.9826163 1.075937
1.011333 1.094514
0.9806432 1.037103
0.9730783 1.091133
1.002825 1.150354
1.020505 1.129675
1.038045 1.135872
0.9642383 1.147907
0.9883802 1.128493
1.000342 1.111996
0.9939442 1.100019
0.9829918 1.110533
0.9981434 1.115919
0.9874448 1.12407
0.9967592 1.205276
1.009601 1.151482
0.9804251 1.202492
1.014489 1.069121
0.9943319 1.077326
0.9852242 1.089547
0.9780253 1.088554
0.9814294 1.135097
1.008432 1.098475
1.062096 1.09509
1.024628 1.09786
1.052192 1.016869
1.027783 1.039684
0.9925529 1.066383
0.9854949 1.055194
0.989897 1.079571
1.039891 1.091582
1.031223 1.140037
1.048007 1.111097
1.029083 1.068041
1.069181 1.020617
1.008345 1.081255
1.062556 1.033602
0.987236 1.072055
1.044553 1.075569
0.9996549 1.068544
0.9942592 1.095489
1.073339 1.080973
1.004949 1.061814
1.013394 1.054753
1.024249 1.057998
1.033724 1.078252
0.9697835 1.095582
1.0215 1.081044
1.006932 1.107056
1.057971 1.03832
0.9397458 1.109323
1.002017 1.075258
1.015015 1.077769
0.9842572 1.14968
0.9901003 1.234395
1.015302 1.152969
0.9824191 1.120243
1.000244 1.054233
1.021786 1.050082
0.9959645 1.026052
1.038168 1.04061
1.030038 1.036595
1.014245 1.077374
0.9908684 1.08143
1.011725 1.085002
0.9877621 1.112145
0.9929828 1.09188
1.057557 1.026915
0.9937876 1.103576
0.9984773 1.19166
1.001901 1.125987
1.028996 1.142471
0.968811 1.186348
1.009781 1.141126
1.028163 1.038509
0.9944986 1.007606
1.05558 1.060083
1.034679 1.030316
1.037875 1.040494
0.98258 1.016518
1.018227 1.1145
1.02741 1.114068
1.014357 1.087922
1.022457 1.059325
1.026457 1.112313
1.00351 1.062199
0.9866687 1.144082
0.986795 1.139059
1.012606 1.078583
1.043538 1.040821
1.007739 1.048478
0.9586846 1.109608
1.011669 1.073731
1.033561 1.059997
0.9880059 1.073838
0.9858669 1.098069
0.9590076 1.137315
1.013881 1.157769
0.9969779 1.140718
0.9791441 1.153358
1.010943 1.115562
0.9533592 1.180469
1.013292 1.187846
0.9560042 1.229401
0.9958556 1.185921
0.993696 1.092094
1.008544 1.052663
0.9686621 1.09275
1.000668 1.059938
1.013984 1.025576
1.031833 1.081697
0.9589135 1.253348
0.9885746 1.146552
0.9647583 1.175967
0.9855688 1.094286
0.9733631 1.106665
0.9886281 1.159877
0.9795086 1.110508
1.001614 1.117055
0.9838499 1.149116
1.005849 1.118741
1.013756 1.145603
0.9852822 1.066319
1.048008 1.104378
0.9882671 1.115574
0.9661204 1.098953
0.9583638 1.120597
0.9933387 1.143567
1.01052 1.150148
1.001534 1.21837
0.9525946 1.159739
0.9802191 1.172533
0.97968 1.162733
0.9832126 1.143185
1.015758 1.135321
1.015911 1.043087
1.018755 1.114458
0.9963255 1.138036
1.024295 1.169849
1.002355 1.121775
1.006365 1.099979
0.9796114 1.137522
0.996808 1.075512
1.023606 1.087835
1.0307 1.092211
0.9787885 1.120264
0.9816954 1.028192
1.014695 1.065652
0.9895824 1.097728
1.025242 1.093233
1.005944 1.143389
0.9583372 1.165649
0.9983945 1.136277
0.953012 1.11823
0.9510213 1.13482
1.019563 1.141962
1.027949 1.172535
1.001741 1.175376
0.9861703 1.161806
1.029072 1.087842
0.9643712 1.075043
1.016107 1.080699
1.021252 1.122062
1.010283 1.098361
0.9982387 1.096611
0.987711 1.124833
1.014951 1.157393
0.9785156 1.177691
0.9675024 1.087098
0.9746485 1.097851
0.9535501 1.126029
1.01372 1.095522
0.9851559 1.160856
1.022471 1.102626
1.021596 1.145392
0.9946033 1.08146
1.033099 1.062606
1.018272 1.099395
1.009838 1.088005
0.9425864 1.04989
1.027226 1.0337
1.047554 1.024554
1.010074 1.016898
0.998819 1.063406
1.018155 1.044581
0.9895984 1.033406
1.044219 1.018677
1.023898 1.01536
1.0289 1.015172
0.9646531 1.120275
0.9919287 1.05264
1.019982 1.109661
0.997915 1.11011
0.9995488 1.14022
0.947123 1.13185
0.9811352 1.069258
0.9737816 1.095877
1.048517 1.06144
1.007091 1.085242
1.000474 1.056674
0.9645192 1.118898
0.9966172 1.002515
1.039039 0.9697279
0.9912072 0.9803274
1.023697 0.9665395
1.042378 1.010478
1.001281 1.017063
0.9768155 1.040375
0.9980252 1.063927
0.9927248 1.104386
1.016856 1.159178
1.00939 1.1384
0.9551993 1.195277
0.9933197 1.079922
1.002198 1.113717
0.980282 1.119932
1.011878 1.163694
0.952349 1.175768
1.019113 1.092474
0.9736115 1.065762
1.057059 1.079886
1.025833 1.104843
0.9951573 1.083579
1.003078 1.096217
1.002123 1.222576
0.9638993 1.180111
0.9572681 1.286203
1.066185 1.204769
0.9927267 1.158689
1.051666 1.142724
1.015032 1.172041
0.9962883 1.144271
1.049852 1.173703
1.066859 1.046671
0.9888192 1.038063
0.9856484 1.07163
1.022183 1.088577
1.009315 1.107436
0.9975128 1.095468
1.022496 1.045024
0.9716354 1.012657
1.013972 1.03796
1.008698 1.028237
1.010213 1.015962
0.9842633 1.112145
0.9881646 1.079147
0.9536526 1.08447
1.006309 1.143964
0.973533 1.199895
0.9450157 1.139739
1.017499 1.081684
1.016281 1.056822
0.9560923 1.121927
0.973591 1.090057
0.9679052 1.126407
0.9774431 1.116159
0.9802411 1.104728
0.9948079 1.146655
0.9939023 1.118727
0.9999737 1.162862
0.9738957 1.121676
1.010791 1.098266
1.021929 1.061287
1.027893 1.087787
1.04851 1.105512
0.9808691 1.058747
1.016158 1.057494
1.037857 1.041668
1.019895 1.013342
0.962609 1.034763
0.998076 1.067127
0.9759791 1.08518
0.9963472 1.104778
1.023761 1.065746
1.031027 1.019049
0.9968092 1.042701
1.04153 1.008549
1.006121 1.002055
0.9843169 1.018072
1.022918 1.071659
1.006472 1.113302
0.9656016 1.134778
1.009314 1.156505
0.9711978 1.174883
1.009143 1.125802
0.9897966 1.111706
1.025519 1.118056
1.03331 1.13315
0.9749632 1.182411
0.999334 1.149204
0.9970426 1.154081
1.020113 1.171078
0.9871857 1.14095
1.004385 1.118017
1.010313 1.036882
1.039173 1.054491
0.9989396 1.130643
1.024208 1.146073
0.9773943 1.124364
1.023337 1.065333
0.9682013 1.13484
0.9840962 1.177535
1.018762 1.174096
0.9852399 1.20967
0.9618147 1.152827
1.014739 1.131236
0.9822857 1.116502
1.001543 1.174311
0.9824385 1.157363
0.9833872 1.234721
1.030171 1.14882
0.9398878 1.244346
0.9832822 1.145752
0.9906912 1.168143
1.022611 1.119492
1.003725 1.066306
1.021916 1.023542
0.9857448 1.02953
1.005311 1.031498
0.9854138 1.095762
1.007674 1.012339
1.02191 1.052139
0.9944889 1.046534
0.9667204 1.057217
1.044616 1.06786
0.9714772 1.078861
1.026567 1.093482
0.9892489 1.07482
0.9899263 1.128708
0.9867243 1.112166
0.9662356 1.097967
0.9858073 1.093631
1.007169 1.101601
0.9743589 1.128434
0.9932536 1.115738
1.012022 1.142145
1.048514 1.069218
1.013895 1.126437
0.9863974 1.149072
0.9264168 1.148635
1.00271 1.129558
0.9961303 1.102645
1.035157 1.165155
1.052831 1.07176
0.9782404 1.043721
0.999824 1.065218
1.016612 1.188345
1.003085 1.094063
0.9695781 1.080133
1.012886 1.049292
1.025126 1.0936
1.030511 1.065946
1.010325 1.067448
1.009351 1.093697
1.003852 1.100088
1.011767 1.079185
0.9998792 1.077737
1.029745 1.098764
1.002673 1.091757
1.007742 1.109102
0.9980949 1.083575
1.027528 1.084737
1.013542 1.094312
0.9987654 1.117382
0.977178 1.097006
1.009511 1.089723
1.029716 1.102386
1.000985 1.103925
1.060445 1.116531
1.021631 1.108694
0.9855268 1.119439
0.9700349 1.140936
0.9494764 1.119537
0.9969382 1.127992
1.003314 1.079073
1.003098 1.120379
1.025235 1.140506
0.9820545 1.120953
0.9897905 1.080808
0.9709438 1.110353
0.9865106 1.143028
1.012921 1.051
1.000385 1.078069
1.0273 1.114618
1.015381 1.066953
1.020633 1.036079
1.053409 1.066674
0.9948308 1.047557
1.011743 1.055042
1.00868 1.055247
1.034486 1.079804
0.9986591 1.083325
0.9627418 1.050096
0.9841502 1.022958
0.9775026 1.053064
1.037316 1.035332
1.040803 1.060486
1.004041 1.052259
0.9863841 1.020597
1.016717 1.053647
1.009462 1.073598
1.002649 1.065836
0.9790962 1.0396
1.021003 1.013799
1.001273 1.011267
1.007987 1.043143
1.007115 1.075701
0.9863914 1.072844
1.033435 1.029914
0.967341 1.123585
0.9774678 1.118002
1.026767 1.126937
1.033289 1.108738
1.025752 1.117878
0.957191 1.129708
0.9973642 1.183401
1.003034 1.091777
1.021082 1.088434
1.000282 1.058869
0.9505579 1.062162
1.000031 1.09658
1.010964 1.09397
0.9793691 1.101903
0.9738939 1.113589
0.9938295 1.073853
0.9863056 1.095693
1.036356 1.129907
0.9733801 1.142106
0.9903026 1.105706
1.028796 1.082864
1.01114 1.088397
1.027905 1.105557
0.9705099 1.095602
0.9856211 1.109519
0.9935632 1.106211
1.049546 1.027692
0.9854794 1.078019
0.9989617 1.051197
0.9786355 1.042018
1.017001 1.0922
0.9869487 1.113289
0.9790901 1.128332
0.9796726 1.064858
0.97544 1.101935
1.00163 1.02214
0.999446 1.026603
1.039508 1.023068
1.011931 1.085277
1.016425 1.113755
0.9769656 1.119611
1.033731 1.075497
1.019221 1.101752
0.9726688 1.07827
0.986988 1.095706
0.9964981 1.082627
0.9902761 1.076314
1.026308 1.079905
0.9620565 1.108803
1.058736 1.154722
0.9662589 1.131474
0.9479266 1.132669
0.9939307 1.11632
1.008229 1.152163
1.008634 1.16237
0.9936581 1.133721
0.9936267 1.115108
0.9840989 1.086706
0.9970701 1.109723
0.9696823 1.092724
1.064659 1.123968
1.029331 1.063665
1.013744 1.068619
0.9588087 1.14401
0.9818374 1.106399
0.9646207 1.079825
1.011117 1.09919
0.9808096 1.128536
0.975843 1.071052
0.9983675 1.125714
1.003556 1.125063
0.9992672 1.118152
1.023816 1.114112
1.010133 1.13878
0.9537325 1.127062
1.010277 1.115988
1.010232 1.091242
1.013306 1.039713
1.043419 1.08449
1.013941 1.073527
1.024362 1.097649
0.9882292 1.05778
1.020528 1.132285
0.9969483 1.092186
0.9616308 1.109999
1.0098 1.135868
0.9580333 1.120858
0.9590441 1.086201
0.975914 1.106746
0.9954056 1.11497
1.057776 1.057858
1.006877 1.090055
0.9891638 1.160089
0.9771689 1.142129
1.031316 1.130376
1.010031 1.071156
1.02866 1.080112
1.020351 1.025737
0.9884571 1.010673
1.033116 1.035858
1.032471 1.121379
0.9874844 1.127637
1.005225 1.06441
1.012207 1.06785
0.9930164 1.117162
1.025924 1.055056
0.998958 1.041281
1.020234 1.019307
1.017239 1.03148
0.9753519 1.014125
1.008699 1.095595
1.005127 1.13227
1.005048 1.121546
0.9783002 1.096538
1.041219 1.083414
0.9892425 1.083961
0.9889456 1.088274
1.043354 1.095548
0.9374683 1.098891
1.023111 1.015559
0.9819857 1.068491
1.004857 1.108057
1.009019 1.063491
0.9745937 1.034978
1.007248 1.072496
0.9823186 1.123691
1.026488 1.153743
1.02384 1.132093
0.9860111 1.16668
1.052132 1.144866
1.017822 1.124124
0.9563758 1.151063
1.015133 1.062293
1.034613 1.023045
1.024305 1.03237
0.9710368 1.028642
1.002528 1.082175
1.007675 1.12527
0.9710341 1.159376
0.9667087 1.180283
1.047372 1.218396
1.000868 1.156533
0.9794644 1.14644
0.9963797 1.131882
1.016628 1.107959
1.005551 1.106249
1.03201 1.117314
0.9963707 1.161825
0.9977719 1.126037
0.9955148 1.156652
1.011712 1.053058
1.031269 1.074614
1.004989 1.042929
1.040972 1.008928
1.045192 1.06994
0.9484039 1.117168
0.9990108 1.188341
1.010307 1.088638
1.050358 1.069299
1.00874 1.057609
1.033918 1.055538
1.006933 1.03617
1.001253 1.090296
0.9840919 1.065883
1.000952 1.113056
1.033835 1.094704
1.012127 1.06593
1.033559 1.111304
1.007544 1.112537
0.9751062 1.062175
1.025917 1.045037
1.016745 1.028081
1.020054 1.011073
1.032049 1.033212
0.9774686 1.013007
0.9998491 1.041694
0.9949937 1.124494
1.043448 1.130946
1.00612 1.071394
1.001578 1.104227
0.9513302 1.200449
0.9789371 1.218544
0.9559182 1.183935
0.9841065 1.198953
0.9984757 1.166387
1.057963 1.203389
0.9792608 1.072733
1.038905 1.064324
0.9800241 1.12262
1.000969 1.121399
1.024383 1.122556
0.9843917 1.124482
1.015688 1.126825
1.029949 1.068434
1.005179 1.109552
1.045901 1.067496
1.007331 1.102833
0.9733976 1.060281
0.989577 1.050173
0.981915 1.089416
1.012438 1.060948
0.9922107 1.087595
1.018785 1.08362
0.9376161 1.13799
0.9701668 1.125656
1.02079 1.062938
1.013268 1.135862
1.005895 1.087531
0.9788061 1.121367
0.9867662 1.149285
0.9837376 1.094097
1.015749 1.133589
0.9954314 1.215769
0.9566771 1.107139
1.072341 1.034462
1.013473 1.064106
1.019717 1.000059
1.05023 0.9844625
0.9949909 1.096521
0.9689604 1.162295
0.9806942 1.201935
0.9447317 1.127166
0.9771856 1.165729
0.9706558 1.156926
0.967939 1.141265
1.017347 1.114486
0.9939083 1.124803
1.025404 1.118646
1.006416 1.137269
1.007505 1.145457
1.002847 1.219127
1.007333 1.159528
0.9920137 1.234861
0.9883595 1.194374
0.9823203 1.144364
0.9664265 1.122963
0.9846757 1.167913
1.016671 1.169007
0.9897726 1.106439
0.9651357 1.119841
1.021929 1.078792
1.044913 1.110724
1.01528 1.084373
0.9715059 1.087629
1.03207 1.042468
1.01454 1.091617
1.01098 1.063245
1.04833 1.036818
1.018195 1.074298
1.007262 1.083003
0.9858242 1.118764
1.017677 1.088708
0.996965 1.088425
1.004965 1.097127
0.9837974 1.06631
1.030315 1.107819
1.020867 1.11519
1.018414 1.045531
0.9927315 1.03932
1.004239 1.070376
0.9908199 1.052728
0.9656637 1.121426
0.9845187 1.091631
1.051903 1.022547
1.030532 1.055726
0.9632799 1.076753
1.034184 1.065519
1.083652 1.071772
1.017163 1.08107
1.006054 1.035556
1.004023 1.052068
0.998078 1.064783
0.9899631 1.040523
0.9987911 1.066557
1.040201 1.103928
