"res" "LCI" "UCI"
-3.14261966927119 -3.48317028573361 -2.834039759532
-2.90793349679471 -3.19798190344506 -2.6372406852168
-2.71728567374084 -2.98021238517156 -2.47176879246502
-2.65299566065492 -2.90350031487209 -2.41955066873482
-2.5716031905434 -2.80693905858512 -2.34576630562563
-2.51850794573148 -2.74835543786751 -2.29649770320508
-2.4909371798744 -2.71893288166913 -2.27607814103272
-2.48083097734206 -2.70923701181797 -2.26573010684756
-2.45974005920233 -2.68295718944768 -2.24500251655399
-2.42635578349899 -2.65120780825075 -2.21163804060042
-2.39297451663155 -2.61409818683127 -2.17619491299831
-2.35463871369148 -2.57299076784458 -2.14631197773422
-2.30793718299922 -2.51625529465697 -2.10491934667297
-2.26854701408899 -2.4787758176982 -2.06103315331988
-2.2351759979142 -2.43875805159977 -2.03189505453744
-2.20597587301334 -2.40064104943337 -2.01091506796871
-2.18672081206772 -2.38124621256932 -1.99456870012472
-2.1614055614132 -2.34974776584067 -1.97753385184226
-2.12651072690567 -2.31562218678677 -1.9423760067788
-2.09624033426214 -2.27514695750792 -1.91974620486918
-2.08121689904728 -2.25647137014319 -1.90543800645937
-2.057812082223 -2.23698176918673 -1.88334749124305
-2.04089708708424 -2.21303318968708 -1.86797911842306
-2.01724903476387 -2.19150242271681 -1.84891764834653
-2.00506928361906 -2.17560211638203 -1.83785448545958
-1.98922344564343 -2.16201137368613 -1.81903217004484
-1.96070300903269 -2.12587825555931 -1.79941991364443
-1.92353671292645 -2.08943903183761 -1.76261217562457
-1.88410778728758 -2.0398746680136 -1.73210178963095
-1.8664500629564 -2.02043191386872 -1.71630407732877
-1.8434233432986 -1.99950865499569 -1.69687470696874
-1.83334134042171 -1.98764480237371 -1.68756115511941
-1.81472347209766 -1.96157938219627 -1.67150368116468
-1.79732763565247 -1.94421300729605 -1.65541769023916
-1.7831613269886 -1.9286110531871 -1.6451275133934
-1.77131056937632 -1.91736624530261 -1.63458053525519
-1.76395808555354 -1.90785388972198 -1.62821160184039
-1.75475607011589 -1.89534210644609 -1.62097320728771
-1.74783963958101 -1.88678979117789 -1.61448173586072
-1.74252950112241 -1.88172897284576 -1.60746393028484
-1.73668844624588 -1.87546398703584 -1.6034467634872
-1.72628359864181 -1.86411792170628 -1.59356355649646
-1.72127846079791 -1.85975728530053 -1.58814687710193
-1.7168807137144 -1.85388879222402 -1.58354490008016
-1.71212634058049 -1.84950218083759 -1.57956137787271
-1.70751324583101 -1.84515808817853 -1.5749007807531
-1.7033459700159 -1.84030134526003 -1.57214356687507
-1.69719287715598 -1.833905105479 -1.56572318945634
-1.69229253563875 -1.82719814433219 -1.56032158346637
-1.68317301440686 -1.81842552246957 -1.55024843200806
-1.67050048494824 -1.80689473323551 -1.53937255259783
-1.65093914221818 -1.78626296068043 -1.52194992338116
-1.63512521660793 -1.77002378442705 -1.50809670121403
-1.62497862967204 -1.75746344684379 -1.49929035660938
-1.6015031738521 -1.72955895508281 -1.47793109403708
-1.57875679379256 -1.70220960119137 -1.45809332972377
-1.55836298787804 -1.67851313428911 -1.44032309774184
-1.55733781912331 -1.6777049908118 -1.43912681279685
-1.54640883019968 -1.66583664463215 -1.42952537990455
-1.52723499109081 -1.64334148642438 -1.4125298376592
-1.51978284247966 -1.63475849779091 -1.40577353325836
-1.51007884624301 -1.62395728736758 -1.39547163843915
-1.50546829532213 -1.61988045242058 -1.39173247572897
-1.49566545196878 -1.60928666966579 -1.38296995472534
-1.48939688978299 -1.60156651263236 -1.37559504927406
-1.48550479793519 -1.598123536211 -1.37237970190514
-1.48141986542433 -1.59285390226312 -1.36905834458104
-1.4762053604617 -1.58737647855525 -1.36541026692912
-1.46851059976088 -1.57856850487099 -1.35918072328832
-1.45817317601891 -1.57038620359502 -1.34990943963378
-1.44368202235402 -1.55307749429022 -1.33602880070114
-1.43876529114929 -1.54858917684344 -1.33050935131485
-1.43381288445561 -1.54363006714736 -1.32631794348878
-1.43129665504745 -1.54167550037222 -1.32333375791182
-1.42814990571911 -1.53684250491714 -1.32080276038383
-1.42514236041144 -1.53264551719764 -1.31809216592014
-1.42298200361839 -1.52990319492322 -1.31397062502306
-1.42048369493081 -1.52725404561923 -1.3117497009277
-1.4164517069959 -1.52376956753029 -1.30886366656265
-1.41309404630445 -1.51939642754626 -1.30542380787094
-1.40880929535351 -1.51536755468353 -1.30162106960962
-1.40604700770214 -1.5122616049397 -1.29930788791605
-1.40370346720322 -1.51031108425284 -1.29680180587225
-1.40093229822461 -1.50795003346026 -1.29317919179346
-1.39866499330521 -1.50533957784331 -1.29102452707224
-1.39516819361355 -1.50226379436323 -1.28761891879008
-1.39141875443654 -1.49813342132556 -1.28555007136558
-1.38452713126717 -1.49033750673258 -1.27865976641568
-1.37952756156182 -1.4856415142848 -1.2741793220382
-1.36792610572752 -1.47338725047805 -1.26234645098449
-1.36129250710462 -1.4658023259235 -1.25784192600832
-1.34590261107825 -1.45278887648053 -1.24211591846752
-1.34154793374064 -1.44821702454381 -1.23857847025204
-1.33593994595217 -1.44222286836114 -1.23316688424032
-1.32985926230295 -1.43530321006514 -1.227648396306
-1.32671990619982 -1.43133567194623 -1.22581985957899
-1.32153422618299 -1.42545333601827 -1.2202565082781
-1.31750367145237 -1.42015687543425 -1.21557547729503
-1.31185334783631 -1.41573888138193 -1.2112291378441
-1.30633472726269 -1.40908001604568 -1.20706375943722
-1.29993236251778 -1.40170909087496 -1.19879258740699
-1.2932568062699 -1.39556806630351 -1.19335256236064
-1.28674637052893 -1.38801745505145 -1.18713058821268
-1.28066311937297 -1.38197915380797 -1.18172358674248
-1.27419962141308 -1.3746310939488 -1.17555269859072
-1.26963518499475 -1.36937914930185 -1.17114850143801
-1.26570531032779 -1.36543592696718 -1.16689209954447
-1.26105321811431 -1.36147789119304 -1.16289003008662
-1.25699957943865 -1.35753108598589 -1.15982130562686
-1.25273649838811 -1.35187916597481 -1.15575183046584
-1.24848753107577 -1.34706155293441 -1.1516825063197
-1.24249970219252 -1.34058749519079 -1.14662316377554
-1.23774456437041 -1.3347704828167 -1.14202714368569
-1.23126927089436 -1.328569087801 -1.13652814521209
-1.2264631557315 -1.32391374863946 -1.13269728382194
-1.22175674970199 -1.31981661773612 -1.12669577166326
-1.21702265365789 -1.31395107774796 -1.12191440195733
-1.21137207352699 -1.30935225469659 -1.11702840747178
-1.20706758383232 -1.30436989332212 -1.11233834013498
-1.20166639125591 -1.29848590849334 -1.10775896915186
-1.1964527256746 -1.29337392229422 -1.10216191645777
-1.19188935301026 -1.28854372729706 -1.09885453633432
-1.18683009704395 -1.2827701163964 -1.09438575281243
-1.18176135169952 -1.27791412438276 -1.0886022573062
-1.17563507746557 -1.27120709384739 -1.08356939442408
-1.16985028817271 -1.26406942960425 -1.07777917865323
-1.16397465029621 -1.25778205454627 -1.07272993493744
-1.15803776039273 -1.2522674188548 -1.06711348290004
-1.15201314439802 -1.24691775693722 -1.06156301527326
-1.14609140987667 -1.23924561420241 -1.05575652399178
-1.13983521632145 -1.23373305261131 -1.04990079252757
-1.13330484094563 -1.22662763860722 -1.0430735235799
-1.12733245393656 -1.21948249335195 -1.03735156890306
-1.1224453786153 -1.21365885149749 -1.03283560951366
-1.11803472516691 -1.20848079976394 -1.02891230112761
-1.11315891197096 -1.20254372140861 -1.02323347038636
-1.10859701993177 -1.19786592319726 -1.01963887379357
-1.10240998828763 -1.19180854735989 -1.01363457557532
-1.09757362470118 -1.18742826195794 -1.00857318310056
-1.09293547763558 -1.18383802935475 -1.00394196373549
-1.08809041528186 -1.17777863789449 -0.999489106328185
-1.08394707182279 -1.17333773173497 -0.995776733392143
-1.07899995576001 -1.16855224108124 -0.992000337200093
-1.07427031782514 -1.16341520091427 -0.986358009034643
-1.06930566758159 -1.15726979280646 -0.98186984488571
-1.06375287227333 -1.15081337147336 -0.976875575731942
-1.05776819552437 -1.14553185098932 -0.970717502016169
-1.05199642899501 -1.13950622025136 -0.965111973611437
-1.04626614205394 -1.13393916087856 -0.960779343768745
-1.039094687869 -1.12613438206768 -0.954620319995731
-1.03348372034319 -1.12022722042338 -0.947828886258374
-1.02748456990216 -1.11379543908363 -0.941986629577569
-1.01995060010519 -1.10508226688535 -0.934339998034933
-1.01449353546825 -1.09977465959664 -0.929827942360406
-1.00739213051545 -1.09174197215213 -0.921253413113982
-0.99930392255461 -1.08445104089171 -0.914490286610479
-0.992824466966995 -1.07747453639862 -0.908581124819048
-0.984929409357153 -1.06983207659758 -0.901482290471405
-0.975995413392214 -1.0601564586208 -0.892644489435127
-0.966450314463866 -1.05258018342603 -0.882582591124823
-0.958045217594471 -1.04392536536542 -0.87444819957512
-0.952594073057239 -1.03858174544806 -0.868396530043297
-0.947628563652805 -1.03456058633145 -0.863104840568715
-0.943131705926822 -1.0298666194073 -0.859055364927468
-0.938398641578692 -1.02503468171401 -0.852702597866654
-0.933958210076012 -1.02029449526811 -0.848095455093975
-0.929338108117443 -1.01607105115567 -0.843642433932687
-0.92620740749123 -1.0136844938236 -0.840321580235197
-0.923044667205744 -1.01019454382215 -0.837044702300163
-0.919503921490914 -1.00639652978741 -0.833816823195575
-0.915655993034205 -1.00148968270596 -0.830589268475873
-0.911103391676899 -0.996436929067941 -0.826060987040935
-0.906478506544696 -0.992730807197768 -0.821611988254297
-0.903241436089568 -0.989562989307418 -0.818425093527386
-0.900167388264716 -0.987388543782707 -0.814908280137206
-0.897527309613705 -0.984965744557847 -0.81224423882552
-0.895079812873159 -0.982815927356299 -0.809733708272536
-0.892664752284813 -0.980730818271405 -0.80657337452727
-0.890228961892375 -0.978688206777768 -0.804785969508337
-0.887758285043107 -0.97556189540878 -0.802026581965327
-0.885414360010854 -0.972494315765405 -0.799657589364206
-0.882706406322192 -0.970244747172891 -0.796937343280446
-0.880015699833198 -0.966572245564373 -0.794083868008032
-0.87730955628585 -0.963828464724976 -0.791561741198223
-0.874871279342884 -0.96116682290411 -0.788583538001034
-0.872113542792852 -0.958384209729964 -0.787524510909106
-0.868488061147191 -0.952934766794751 -0.784032764252204
-0.863954093388687 -0.948262393471224 -0.780376614257124
-0.860291645791092 -0.944577782658794 -0.776714986164531
-0.856829592242778 -0.941976589295841 -0.773648584706366
-0.853735777632889 -0.938698206774337 -0.770933257069148
-0.850606020515153 -0.936317162606121 -0.767574471372955
-0.847600870083875 -0.932452267362882 -0.764402570443639
-0.844678347460558 -0.929523132559784 -0.760531185030532
-0.841367352283714 -0.926061368446178 -0.758294117763839
-0.838061187999152 -0.922861252887396 -0.754726984086581
-0.834693008341894 -0.917876958802698 -0.751455627662567
-0.83149770699111 -0.914441933263163 -0.748261411588206
-0.828394963420894 -0.911858383115681 -0.744538653417081
-0.82529065746916 -0.908936667070372 -0.74139963600554
-0.822181271685256 -0.906115980488234 -0.737090373856999
-0.818673697305912 -0.90290669458037 -0.73391070792914
-0.815003837107595 -0.898740699334907 -0.729182922338302
-0.811336198754191 -0.894071207138592 -0.725562430663714
-0.807475193913354 -0.890335176922245 -0.720458302890287
-0.803270229188509 -0.885358310825897 -0.71587025996872
-0.799102979564894 -0.881199853954895 -0.711241717776621
-0.794789590801621 -0.876474325432776 -0.706670735825849
-0.7902235093081 -0.871956800531871 -0.701591491065356
-0.785286771599213 -0.867642933948462 -0.695072243248803
-0.780786071892071 -0.863858298387879 -0.689567707765607
-0.775727984797738 -0.858582517135113 -0.685483516186358
-0.770807939780895 -0.854249990042487 -0.680088662596001
-0.766195554213067 -0.850596054935826 -0.675857914505581
-0.761390826591615 -0.845422753441791 -0.671784812397029
-0.757111137607624 -0.841360757127736 -0.66699907431768
-0.753181349228773 -0.83876428351613 -0.662772511244429
-0.749476995001295 -0.836197858869691 -0.658616684715752
-0.746020936119739 -0.833207388473071 -0.653900080358817
-0.742963427413201 -0.83090731469087 -0.64817813378855
-0.739903321611345 -0.827625602870418 -0.642060248844653
-0.737158554998791 -0.824757596289623 -0.638453351046605
-0.734183161185738 -0.821327264438621 -0.634504607227768
-0.731119214370265 -0.818488016519316 -0.630331126352443
-0.727803104987856 -0.814714082879429 -0.626914475741888
-0.724396866902166 -0.813337247089788 -0.622690909947226
-0.719077265431074 -0.809620602160745 -0.617118969089657
-0.715040178178688 -0.806359705571013 -0.611532930109768
-0.710371015772172 -0.802926896200353 -0.605333128613969
-0.705745724073921 -0.798380840843236 -0.600770804473474
-0.701219240359757 -0.794214303547424 -0.595022197681433
-0.697546487340965 -0.791874133918728 -0.590685334797864
-0.693221023585721 -0.789217213937287 -0.585767775530426
-0.688939240511927 -0.786296147660765 -0.580402015107718
-0.686125080317156 -0.783633196210861 -0.576958307186598
-0.683207707836718 -0.781503444294074 -0.573676982341354
-0.679821663051684 -0.777311416356615 -0.566801763971647
-0.676136855048427 -0.775224580161015 -0.562854808855085
-0.672726439436888 -0.772606124044629 -0.557512538079666
-0.669733777658051 -0.76986911335027 -0.553386710209596
-0.66627288814803 -0.768191707565456 -0.549305840230983
-0.66323060831708 -0.765017000031697 -0.546485270072584
-0.660423153398099 -0.763200330218345 -0.542781178853531
-0.657381279006308 -0.759697751040606 -0.539845404790944
-0.653986175472395 -0.756330894405991 -0.536880822564102
-0.650296804477837 -0.753307921031138 -0.532126478847701
-0.646041210555803 -0.74929362576871 -0.528027177263037
-0.642011264787744 -0.746453319889839 -0.522801312313726
-0.639135449142826 -0.744667126339253 -0.518908840108551
-0.636242785463657 -0.743072440578846 -0.516222250499517
-0.633203045605973 -0.740707920597275 -0.512957257796694
-0.63017717160673 -0.738356604369215 -0.511019340069065
-0.627408394146655 -0.736272514228165 -0.506254615002309
-0.625110135568883 -0.734890738652797 -0.503722651709607
-0.622907225914976 -0.733054447409078 -0.501758751899613
-0.620578378544693 -0.730481109577541 -0.499169438789466
-0.618040907430191 -0.72819301671014 -0.495779521075363
-0.615428504961623 -0.725605551009774 -0.492410966089284
-0.612736529923868 -0.723103675892105 -0.490377164102217
-0.610039092286811 -0.721735043032276 -0.487034725188805
-0.607583575258036 -0.719077386558705 -0.48477003273042
-0.604832111814687 -0.716153222478616 -0.482432552555986
-0.601464321929222 -0.713981784519296 -0.477624190919831
-0.597799610452608 -0.710662685937422 -0.475832826126864
-0.593782769417717 -0.706284675098669 -0.470261028432238
-0.590117373706183 -0.703872396933571 -0.467773764216905
-0.586552039112746 -0.700352871458234 -0.464042367592264
-0.582936794808807 -0.696890640172922 -0.460343626110324
-0.577288686785423 -0.692532899631049 -0.45503372723736
-0.57417268662494 -0.690504692811519 -0.450168779971538
-0.571205090668743 -0.68798494501364 -0.446300256983058
-0.56826772783507 -0.685711533608546 -0.444113888373575
-0.564835211813829 -0.68217507750226 -0.442119558401036
-0.561987726826835 -0.679543444832978 -0.438597413904129
-0.559483291039276 -0.67731247471999 -0.435870504884694
-0.55620607094616 -0.674491352918494 -0.431513322482599
-0.553595180359253 -0.672117132325457 -0.428565936072161
-0.550989775646161 -0.670620062965827 -0.426641758294884
-0.548383922140302 -0.668607925175837 -0.422125020548384
-0.545660912933554 -0.666125787391468 -0.41979620899666
-0.543390652980664 -0.663567302829921 -0.416835632149451
-0.541454135251621 -0.661658659796957 -0.415166344283278
-0.538756402395251 -0.660077847165495 -0.411826779696798
-0.536354187679151 -0.657218836636402 -0.411051258181601
-0.534092340521617 -0.654478266570546 -0.409333376689338
-0.531527432915381 -0.651532584678348 -0.406215817263066
-0.529221496315585 -0.649752849474759 -0.403596652294859
-0.526872721912662 -0.648336739462099 -0.400556077736922
-0.523746592053332 -0.645186543039718 -0.397675094045315
-0.520546252413 -0.64139054527417 -0.395125296529683
-0.5167282872758 -0.638458596911273 -0.391070864214537
-0.513210108376533 -0.635515525219159 -0.387139486545284
-0.510389708739825 -0.632479287577689 -0.384450106843447
-0.507672971950992 -0.630365205277301 -0.381690212633822
-0.505416848496027 -0.62900547318723 -0.37983240262892
-0.503257573281953 -0.627592991082373 -0.376713525464025
-0.501494459713762 -0.625931791341752 -0.374272094146002
-0.499821453753888 -0.624723959074914 -0.372151105113469
-0.498138647352394 -0.623607022832057 -0.370331291140329
-0.496528631246481 -0.621995197147032 -0.369102523081523
-0.494901915823784 -0.621044280432514 -0.367944079133628
-0.493370293489145 -0.619006373780012 -0.366116904483385
-0.491815439916556 -0.617573567535179 -0.365285521504498
-0.490340827148311 -0.61537283007404 -0.362603468617072
-0.488840333350924 -0.614545007627855 -0.360842568992567
-0.487263248940986 -0.612380936550853 -0.360239362065654
-0.485573433130485 -0.611311532458842 -0.359389982478223
-0.483882312800522 -0.610153701315366 -0.357542379994267
-0.481953469390341 -0.607376171195958 -0.356157212170808
-0.479786446660576 -0.605705222086612 -0.354201069285864
-0.477686565401389 -0.604642023605252 -0.351463883269561
-0.475741221171014 -0.601754528386875 -0.349776297086749
-0.473869221023035 -0.600035733424091 -0.347977271942637
-0.471838365004106 -0.597492515118492 -0.345543472336444
-0.46990698556733 -0.595267651219181 -0.343998671482782
-0.467822419215115 -0.593431137555053 -0.341185590946775
-0.46587378614893 -0.591770313974128 -0.338882277747614
-0.463941649976507 -0.590269641366217 -0.337376483211239
-0.461949087688172 -0.587037191484851 -0.334778240313952
-0.4595110663681 -0.583581195148064 -0.33314081837921
-0.456818869168571 -0.582237012298926 -0.331071457866181
-0.454514257983588 -0.580294502756465 -0.32887405852734
-0.452212200801645 -0.577717678052744 -0.326524732132913
-0.449675029283505 -0.575862266077887 -0.323315032777331
-0.447023035124326 -0.572723480835486 -0.321710785818384
-0.444769163724996 -0.571230600483888 -0.320355748884264
-0.442390686283533 -0.568699663434833 -0.317341356899524
-0.439919326515378 -0.565899438900129 -0.315383849002167
-0.437527855612961 -0.562270339883343 -0.312738322327279
-0.434945101210692 -0.560689500030505 -0.310175298649542
-0.431916133817657 -0.556737001557315 -0.308198360169754
-0.42910588335878 -0.55545284481869 -0.30414125330895
-0.425831843543021 -0.550427529909138 -0.302760194634608
-0.423053003616362 -0.549322696142007 -0.299291504989886
-0.419950199540493 -0.545626341473104 -0.295451175049518
-0.417486131118083 -0.544156545103409 -0.293650144238015
-0.415238315019555 -0.5406554247945 -0.292067323628242
-0.413154444327047 -0.53832978148942 -0.289964566567803
-0.410812428010955 -0.536407757798745 -0.287564908342548
-0.408521824910715 -0.534545441981839 -0.284741724640944
-0.406427542558181 -0.532492255338695 -0.282755679497307
-0.404722127364639 -0.531593809785335 -0.280895730032487
-0.402622093351464 -0.528758368514304 -0.278875087379027
-0.40012125272641 -0.526219367032424 -0.277391860406388
-0.397683539546685 -0.523484396180896 -0.275055471913621
-0.395475074163205 -0.521084357952325 -0.272503351613325
-0.393146035304024 -0.518168458372722 -0.269457520531715
-0.390870183388876 -0.516213470456745 -0.26883753858897
-0.388410571685302 -0.513165643468735 -0.26666622834398
-0.385995961056255 -0.511345970216855 -0.263932205822787
-0.383402189844927 -0.508777945510126 -0.261444229554044
-0.380987750586841 -0.5049944864986 -0.259259648756336
-0.378774777891181 -0.502559496342142 -0.25701652721698
-0.376363888630895 -0.500137452328068 -0.255231666864432
-0.373963333794363 -0.497644677295173 -0.253376733334528
-0.371796526205556 -0.495567989432799 -0.251443616482632
-0.369135823359568 -0.491675197925241 -0.249196306669269
-0.365589862867737 -0.48660527231642 -0.2456794489922
-0.362053732079063 -0.482498772375419 -0.243653280341322
-0.358956125403068 -0.479981914094195 -0.239814635944015
-0.3549335865687 -0.475386653624513 -0.23679746898831
-0.350925649617366 -0.470603512897668 -0.233460781113058
-0.347658917800675 -0.468113377344274 -0.231044669591122
-0.344405846111736 -0.465097917875731 -0.227477035710478
-0.341026422004356 -0.460224628631396 -0.223633234582601
-0.337928674371702 -0.458063293245838 -0.2209084404353
-0.334991816583503 -0.455782330972955 -0.2163537745198
-0.332365734329311 -0.452842026531189 -0.213675420691783
-0.329788849695803 -0.449373078916798 -0.212155661370745
-0.327070547888705 -0.446425418976335 -0.21000750343309
-0.324385169711033 -0.443312967983883 -0.207415542349918
-0.321617093733102 -0.440957538346198 -0.205397107638546
-0.318821136011794 -0.438587213837435 -0.200942608565227
-0.316060236742787 -0.434663218530072 -0.199092470408046
-0.313520398745542 -0.432818871421022 -0.195641233969354
-0.311135237737768 -0.430514555897772 -0.193597681751634
-0.308824263470518 -0.427861711720929 -0.190682572420629
-0.306614606852121 -0.425926584574445 -0.187636593146052
-0.304403461371037 -0.424080933289937 -0.186593498660837
-0.302087416476595 -0.421545372914913 -0.184379728067217
-0.29960431017315 -0.419271283034572 -0.182630814177384
-0.297005351918783 -0.414103674081889 -0.180323307524299
-0.293967086762429 -0.412189677041226 -0.177305401445732
-0.291108856778738 -0.409724948149416 -0.175311150599846
-0.287866325786333 -0.404573166781467 -0.172236764707936
-0.284569526981407 -0.402052037566149 -0.169855328242152
-0.281523125614632 -0.398125719301592 -0.166023677814749
-0.278574206680941 -0.394711707511901 -0.164702262065325
-0.275453852248682 -0.389815000191895 -0.16148104877369
-0.272307507543216 -0.387593811671748 -0.158127423868838
-0.269366396354127 -0.383619128405593 -0.156386849809141
-0.266656169565102 -0.381188219038095 -0.154008860710001
-0.264035435644885 -0.38008974042093 -0.151115088222101
-0.261557790075619 -0.377236727766867 -0.148794061699335
-0.259248808081433 -0.375284574326644 -0.146327650830482
-0.257086253220727 -0.373705038478172 -0.143382678853772
-0.255299814701081 -0.372367781124077 -0.141687023309974
-0.253554938467597 -0.370078639286875 -0.139604971424323
-0.251871950211958 -0.368875252416967 -0.137700127310137
-0.250097103103084 -0.366556546414284 -0.136207693411549
-0.248114704457227 -0.363507052270056 -0.134312716639479
-0.245743426662755 -0.360606231061211 -0.132295787673004
-0.242639345424608 -0.356091928889126 -0.130620524233935
-0.239630533857331 -0.352138468427821 -0.126782154453908
-0.236700282526385 -0.34871554409136 -0.125863043233139
-0.233738550941351 -0.345062897473799 -0.124176260554185
-0.230956770466018 -0.342535367445296 -0.121414249667823
-0.227996449428288 -0.339885106155889 -0.118480833811218
-0.225287519709457 -0.337472648714496 -0.115993747519022
-0.222909413991954 -0.336622588954462 -0.113323548607259
-0.220687577660646 -0.334732380703114 -0.111403105887638
-0.218631196330178 -0.333262567096143 -0.108162317749211
-0.216803963774866 -0.331869472833786 -0.106255575409246
-0.215057086102733 -0.330640401907452 -0.102876381124568
-0.21338835916551 -0.329184290185425 -0.101588803614824
-0.211758521599934 -0.328024418857576 -0.100083270573373
-0.209980797604024 -0.32520995750098 -0.0982533275928717
-0.208286504689336 -0.323578805603539 -0.0972355246259633
-0.206472383846938 -0.321863305914791 -0.0955459738617008
-0.2046478573594 -0.318970394847914 -0.094368702156813
-0.202845399128595 -0.316809224579738 -0.092387997366897
-0.201096570249222 -0.314861660543015 -0.0902936168208789
-0.199493441707761 -0.313730329680252 -0.089147805169453
-0.197929479894523 -0.311501814355398 -0.0885588591098046
-0.196328770365832 -0.30962633443707 -0.0870639539040269
-0.194598619723693 -0.307772905009777 -0.0861894009487467
-0.192857906362222 -0.305927884691311 -0.0834525989595478
-0.190959792434404 -0.303447933338218 -0.0823737694183957
-0.188850579700763 -0.30096335530556 -0.0798522826801964
-0.186615031955315 -0.297913133979258 -0.0770789651479803
-0.184274250129265 -0.294926424028484 -0.0754963739076751
-0.181653679557444 -0.289967451771591 -0.0738810912021938
-0.178623909057941 -0.287586310824486 -0.0718146800457
-0.175683003799309 -0.282466855794857 -0.0694837043793583
-0.172798348458493 -0.279269523240685 -0.0675188785510009
-0.169728662066278 -0.275490306728909 -0.0656831691549294
-0.166639067438368 -0.272556771095758 -0.0619700265599247
-0.163735588799717 -0.271508405745201 -0.0600242140672715
-0.160759687313188 -0.268044346408423 -0.0571968915907016
-0.158219805994586 -0.266045643860274 -0.0537942494307879
-0.155619625652015 -0.264943368710992 -0.0507691265987046
-0.153449340080306 -0.263142441972305 -0.0494684200490617
-0.151457074834052 -0.261874075720588 -0.0460872265370297
-0.149565717427862 -0.260361624817928 -0.0426296317237085
-0.147692753172957 -0.257617565766664 -0.0407738694702058
-0.1457777077472 -0.255827635706573 -0.0388156963757915
-0.143794436366325 -0.254458304948021 -0.0365652251177174
-0.141611885269884 -0.250203361555533 -0.0354577683019279
-0.139283924236623 -0.247195781373496 -0.0337762473999776
-0.136820982728443 -0.243731328481501 -0.0313759434861255
-0.1338136551305 -0.2398110457043 -0.0282329554770715
-0.130200029873582 -0.238101264660158 -0.0246510002775649
-0.126820738452121 -0.235748003131246 -0.0222864604060639
-0.123614862504051 -0.231468106270486 -0.018015988975625
-0.120469108351308 -0.227816717320875 -0.014156834745312
-0.117112703937625 -0.224323234054692 -0.0110966441425815
-0.114049117373155 -0.221860050996471 -0.00800446301883108
-0.110208763283424 -0.216025964581291 -0.00504195238063802
-0.106477603423202 -0.212625798607442 -0.000996915842451263
-0.103068339651406 -0.209493859291469 0.00163566073800198
-0.100010090035006 -0.206626425581973 0.0033204286692326
-0.0970974950525246 -0.204301479067486 0.00778095281430638
-0.0941399664024228 -0.201168629031953 0.0103239646912571
-0.0915768624039907 -0.199785327530438 0.0128146965629278
-0.0894520077234529 -0.19763859115174 0.0153268487867509
-0.0874469850217912 -0.195253020371668 0.0173343343343089
-0.0855832486277208 -0.193818072565701 0.0188591423575779
-0.0837989580786805 -0.191999307337858 0.0205541831512943
-0.0817826569687645 -0.18928997585375 0.022572031263845
-0.0784940885422893 -0.184743475617335 0.0244682492219301
-0.0747587564657456 -0.181223004687648 0.02708568360648
-0.071745937668706 -0.179309531943537 0.0310817587799502
-0.0695572469058706 -0.177145033934622 0.0328523851887548
-0.067351045220118 -0.172927526926847 0.035448746934563
-0.06490492205707 -0.170619321478943 0.03715659588453
-0.0623487830397309 -0.168472742619427 0.0390468785717453
-0.059721515026473 -0.164305953506294 0.0427270182484352
-0.05709562766229 -0.161248675932102 0.0451070166169438
-0.0545367493674026 -0.159343216482319 0.0476169361947636
-0.0522432972218536 -0.155799941588936 0.0488496049534614
-0.0498598407900298 -0.152876580332365 0.0507741286425508
-0.0465042127040224 -0.147953122926186 0.0529972482086452
-0.0430197882506304 -0.145234753951345 0.0552496099066734
-0.0401218619801785 -0.140574139635442 0.0577545197424372
-0.0366590372259416 -0.136204508894469 0.0604779293721769
-0.0334630875399885 -0.133157830807537 0.0640310217975353
-0.0303748359505778 -0.130370904382825 0.0676334061617719
-0.026903503109465 -0.125047700109713 0.0709316829375177
-0.0231859928638765 -0.119452520052899 0.0727932460662399
-0.019951407507094 -0.116386568505681 0.0757407501643072
-0.0160889070147544 -0.110328923288112 0.0789235920364703
-0.0122323273427529 -0.107361854100469 0.0822155866674446
-0.00810795377342416 -0.103819753329001 0.0863684370256748
-0.00361799064278963 -0.098423353531635 0.0898105460804937
0.00041704519553144 -0.0951695068094721 0.0929593011754054
0.00392558009408108 -0.0921716322336132 0.0963610306980981
0.00735678950120496 -0.0895429342940305 0.100469438847543
0.0110499286859224 -0.0848566378679607 0.103832250322944
0.0158611678948925 -0.0821396052534667 0.111557831252425
0.019556385716888 -0.0789336160399475 0.115835167015854
0.0231922225957865 -0.0750485488969163 0.121332271406732
0.0258956842642424 -0.0722841757931087 0.125046634383031
0.0284182334237824 -0.0697213925294139 0.127031877046096
0.0315530844845129 -0.0652583173199932 0.129857235506052
0.0354366325847239 -0.0619057357796856 0.132373667892737
0.0389824837352364 -0.0596567644670314 0.136416573296609
0.0432102910675889 -0.0555187659965839 0.138929445640753
0.0467434925057264 -0.0512276861467829 0.142175583602823
0.0493280152331462 -0.0494380765474731 0.145652736540171
0.0522809569202659 -0.047705799414532 0.149551795507816
0.0545293295960601 -0.0455885430136944 0.150932088783034
0.056943931404534 -0.041984238041959 0.154513055409594
0.0604236675255895 -0.0392881407617958 0.15811377484212
0.0632114909831429 -0.0354337875945932 0.161059153304263
0.065233724174739 -0.0346043774943572 0.163085452408214
0.068166666023784 -0.0314829191407266 0.164859894164505
0.0706698614083006 -0.0279860477630173 0.167344266522688
0.0733532839093769 -0.0252177029570527 0.169605157186745
0.0757514818786325 -0.0232189007594254 0.172014375714846
0.0779945741208475 -0.0206109756747674 0.174273104408352
0.0803987945635319 -0.0189542204095138 0.176296582656382
0.0834183931012126 -0.014983461297332 0.178566538539581
0.0867076038997425 -0.0104514519890232 0.18199006754573
0.0893086262195663 -0.00750061387791465 0.183517165337649
0.0919663865186295 -0.00325370941409224 0.186161403999953
0.0945973172576312 -5.7572141886628e-05 0.188311973200455
0.0974383461273556 0.00176136722779527 0.191149766285331
0.100135271546379 0.00427503054374267 0.195362173695815
0.103346837681386 0.00637134201035932 0.199561422809345
0.105969941344477 0.00880304243940736 0.202142047520895
0.108039571254278 0.0106465889640205 0.204082502667519
0.109757929776375 0.0121771797146391 0.206157579364527
0.112122810878525 0.0150438773514574 0.207435928660371
0.114635104006893 0.0190199391217402 0.210024064414671
0.117172320031388 0.0228652898606143 0.212296008057661
0.120162555050421 0.0254615759367057 0.21451959373892
0.123436328570155 0.0291982647218421 0.216835134535442
0.127229971858073 0.0323702573217281 0.220838714422016
0.130898201965987 0.0344329007965901 0.224283359741952
0.133806831983369 0.0361833799135489 0.227645216327579
0.135872580916359 0.0374814922125849 0.230461718653277
0.138416591789165 0.0418977476834262 0.233045833900328
0.141044967059138 0.0448646718856019 0.236506870196697
0.143573976907543 0.0469017866261162 0.237543528867672
0.146424669297976 0.0501197873215445 0.239587434461374
0.149118267806042 0.053384054497108 0.242142376547243
0.151548366665836 0.0558322265481424 0.244151368237047
0.154034536436552 0.0569948476425911 0.248060923741707
0.156011955809247 0.0588537137255595 0.249755083233465
0.157974366255059 0.0608325333187262 0.25329206762309
0.15973392970778 0.0622706651433232 0.254372869982916
0.161330223394039 0.0650512419500361 0.255493357891325
0.162918892833293 0.066358718775416 0.257894553789607
0.164696137251341 0.0701643182492206 0.259140733150887
0.166378691209514 0.0712724409537945 0.260000428773108
0.167958671050228 0.0726339953017567 0.261445327132935
0.169772012234355 0.0745829023934372 0.262450444042702
0.171675460909357 0.0762917680617897 0.265096485922465
0.173607864999777 0.0787141853208756 0.266570798622477
0.176251126038244 0.0825782383834028 0.269113141201916
0.179480461936471 0.0852464556552606 0.270656450237903
0.182614105266468 0.0895544341385171 0.272160791426101
0.186172478717092 0.0933234709444306 0.276096576871118
0.189368107662351 0.0977762821199851 0.279645106868678
0.191877095474179 0.100922793389762 0.28194980871918
0.194330169029032 0.10286768887509 0.284778947987166
0.196954021836467 0.104591509164419 0.287194292726829
0.199202682291775 0.107654755794631 0.289457382140288
0.201642136599092 0.108986987034925 0.29156854501093
0.203843368657986 0.111577835325675 0.294267176528822
0.206291574215389 0.113462044815341 0.296840606729317
0.208469933095313 0.115714713351973 0.299044907045233
0.210290190044749 0.117340248893877 0.300412396467306
0.212311007214524 0.120446232791827 0.302073935032221
0.214263579247703 0.121836799888056 0.303270325898423
0.216719815672825 0.124758260782325 0.306920212127885
0.219360415531374 0.12741846290096 0.308588878864949
0.222210921527348 0.130109519108901 0.311064070117264
0.224895594876708 0.134356541427585 0.313706881048492
0.227372831080961 0.137412190061435 0.316371030245417
0.229719784896961 0.139651691588436 0.318590891063387
0.23195116206416 0.141636780037927 0.320059125914489
0.234343093097786 0.143709716364715 0.322821179799225
0.236867898774941 0.145813142222497 0.325556189920538
0.239071929444452 0.148046095065151 0.328764295953709
0.241219098458307 0.150200388245016 0.331166044505825
0.243371329230592 0.152796326671047 0.332831686841083
0.245724055812816 0.156220544920997 0.334638072496898
0.24826969928017 0.15906823450733 0.336320794287774
0.250823041177657 0.161785382161847 0.339610609575901
0.253608617213428 0.164708265302377 0.340822403277916
0.25628623260543 0.167536301492851 0.344452843271454
0.259030249715955 0.170342618393932 0.346311915925849
0.261638679562742 0.172671080637074 0.348808164852245
0.26453491300637 0.174865465869661 0.352061806565432
0.267312581448332 0.177763543355005 0.355049082829479
0.270254217103144 0.181349932230749 0.358246577942333
0.273126441789909 0.183603590530041 0.360686014161471
0.275775836895408 0.186073507948701 0.363952517074308
0.278541413630307 0.190870720478879 0.365574957362844
0.281628381242648 0.194575611451978 0.367821858024567
0.285375516901633 0.199218297498954 0.370910470759683
0.288677871205943 0.202026092111141 0.374578289954533
0.292797233674618 0.207641810826032 0.378923452781505
0.29626784040106 0.210508015596383 0.381013130241789
0.301870736483619 0.216086971670081 0.385091029141291
0.306209896939497 0.220754887631381 0.389007233998537
0.311374031069038 0.224488200460799 0.393398618833205
0.315550747194768 0.229236925793514 0.397336627797694
0.31933997199498 0.232234384836755 0.401239131610091
0.32273171028008 0.23508481753579 0.405479402640234
0.325676947197236 0.237553217778726 0.4082837631632
0.328154579180407 0.239972023607933 0.410680144477098
0.33070079128581 0.241981658935916 0.413173987118209
0.332985982091339 0.244205972492993 0.415079760606145
0.335212229484893 0.245943019622879 0.417122017110782
0.337322633780076 0.24737085382063 0.419693346461152
0.339260361509336 0.249286902790088 0.421906551983514
0.341129069363475 0.251241081900756 0.424431069129619
0.342682538913828 0.253080642825479 0.4262108132308
0.344093998697402 0.253993163945422 0.428249681093523
0.345438540532427 0.255641022510511 0.430960332896433
0.346768208740714 0.257209301382629 0.432248122229282
0.348201081282063 0.25838941650963 0.433273280275882
0.349669071259092 0.260476921898142 0.434691846569123
0.351364442762841 0.262513422293099 0.43564593720619
0.352985893273937 0.264215548825353 0.437494342731856
0.354667683193076 0.265865211829775 0.438716368109833
0.356260793907566 0.267291480756033 0.440112806988904
0.357862288620504 0.269483093830519 0.441004245693682
0.359445112824098 0.270607774012732 0.442232392135599
0.361157622889658 0.272651303214926 0.443537264923755
0.362838699807203 0.275249594602591 0.445468014926796
0.364645492685529 0.278724216897613 0.446986394521598
0.366506331669568 0.281225759424788 0.448597288555667
0.368719060193716 0.28382105469544 0.450422557811195
0.370783495807049 0.286175567790689 0.451801220878781
0.372932414002872 0.288801088464783 0.453922730999782
0.3749572904308 0.290055680880937 0.455597282120042
0.376875729826051 0.291957910947735 0.457140915255781
0.378863861652759 0.294281045835473 0.45899689087821
0.380715415378286 0.296333884050993 0.461165064942803
0.382655897686002 0.297667224851394 0.462715502591427
0.3844456498331 0.300110635110552 0.464664604925315
0.386319871181279 0.302792080341918 0.466718669943254
0.38848607643752 0.303828622624843 0.468593432535917
0.390281554678908 0.305667235362356 0.469922600584932
0.392538110649352 0.307501249912844 0.472519713903566
0.394288585185645 0.310258770504765 0.474359342844102
0.396078736739464 0.312235556599432 0.476051478713874
0.397893024706144 0.314165430454037 0.477534502704521
0.399817320154559 0.316916781871409 0.479666222649113
0.401636683199141 0.319497428488642 0.481675735739111
0.403496779599903 0.321803628696731 0.48331892520897
0.40540974404821 0.323373829162071 0.485571799784433
0.407251881198622 0.326256556881988 0.487539168054042
0.409063594356328 0.328386633400934 0.489205771021519
0.41088143378554 0.32970718112836 0.491478508792862
0.412795924307385 0.331448711644756 0.493145580673987
0.414804146845047 0.33433545212248 0.494648890881037
0.417427160224722 0.335857466596397 0.496604901309099
0.420242018450222 0.339579946253093 0.499210792919446
0.423130426053746 0.341982869279589 0.501674950821507
0.425397741137539 0.343398587021201 0.503224384293907
0.42742433387557 0.346404301647882 0.505738998319189
0.429407831269144 0.347859892654606 0.507676236940841
0.431484915464721 0.34954520190181 0.509345611543747
0.433636402276153 0.352710021063019 0.510725906168446
0.436065649602186 0.355389167678914 0.513219670776625
0.438488057522165 0.357660588448123 0.515984688331295
0.440709749179241 0.358666538358735 0.518655797079057
0.442821903544701 0.361599249938505 0.52053052696939
0.445140051179031 0.364352167174413 0.524496443942508
0.447396857501351 0.367004426131062 0.52710058897077
0.449969667123867 0.369566232669461 0.528973056958703
0.452328003614322 0.371761687663978 0.531374306098255
0.454756004096817 0.374496966263981 0.53319205363615
0.457355989426076 0.377696871512532 0.535567890939606
0.459857190723839 0.380943327480521 0.537662694762426
0.462430965608053 0.384467072877853 0.539033082408165
0.464917136862669 0.386827263725866 0.541709371605764
0.467535519524665 0.390313022349063 0.544014103500625
0.4707379832197 0.394111193970892 0.546596636375223
0.473933592611861 0.396271171784075 0.549052822905502
0.477416565535393 0.399684119755571 0.552963440697027
0.481817675945399 0.403748333716349 0.556208756287646
0.485778645366766 0.407621090370147 0.560114655792932
0.489784592048997 0.410690327048177 0.56410950619168
0.493478641487492 0.413778380755378 0.568109963404945
0.496682237083822 0.416789347641604 0.572084468026892
0.499656728940652 0.419495131142324 0.575305549787831
0.502599265204494 0.42173298331176 0.579140223551124
0.50545172345781 0.423837792420823 0.583235417695594
0.507968881560169 0.426250367103372 0.587368708550379
0.510315077036286 0.427897608224707 0.590335243441902
0.512444924703082 0.429765187963784 0.592864342784117
0.514670738062439 0.431115038519739 0.594606550866705
0.516886671928695 0.434767890289472 0.596591236360211
0.519084533481934 0.436634092020295 0.598559651209618
0.521459684493039 0.439943379630916 0.601696419444429
0.523511485193196 0.441285023136432 0.60403496039693
0.525640938096725 0.443607551538887 0.606322469365519
0.528053177537699 0.446206321339824 0.608030123362433
0.530486576957318 0.449053321687878 0.610331029973734
0.533076432573383 0.451672343394757 0.612950019834314
0.53565784770832 0.454556640188863 0.615394934168743
0.538038647628574 0.456881277133641 0.618492490757957
0.540429718299773 0.459950528278145 0.620786524063491
0.542854031938683 0.461516280321614 0.622668222464094
0.545809053529361 0.464535350917743 0.626367528273066
0.548969440582362 0.467045538365455 0.62987051621993
0.55223965483147 0.469428256697171 0.633068840163731
0.554963918997732 0.4711050488625 0.637135661575735
0.55720411576166 0.473218105606867 0.640403326343852
0.559301228625192 0.474641129380224 0.642678088688079
0.561286450191247 0.477068302049734 0.644923779356382
0.563131556560575 0.478862836963973 0.646514181175287
0.565045382062123 0.480680581648694 0.64819302389539
0.566979565650393 0.482644265712096 0.650607414069137
0.568688158086362 0.484713262560024 0.652529564486539
0.57040931108201 0.48691586426814 0.654285410042901
0.57217053761374 0.488457201118808 0.6555333237086
0.574362355617396 0.490907342778812 0.657074351513987
0.576602169740582 0.492520395779457 0.659755049453699
0.578932765097402 0.495950677962079 0.66114304678475
0.58156286983245 0.498597626758505 0.664166425926912
0.584234086606107 0.501482308617962 0.666186726458199
0.587145403757741 0.50364860947884 0.669638983964231
0.590096582236508 0.506927421990659 0.670971751940417
0.593125798543663 0.509862452325605 0.675334959396544
0.596383249050661 0.512631149028085 0.678701294137251
0.599722788996419 0.515267455920495 0.681627285508779
0.602606987553842 0.518684038305228 0.684222316722398
0.605580388386855 0.522390678734131 0.687403171367875
0.608313232636664 0.524630816298644 0.690126830232613
0.610758865676499 0.526740217913568 0.692847689022272
0.613379385475095 0.530126582247618 0.695338343861403
0.616786688788219 0.533422251771538 0.697929371686007
0.620519853722358 0.538518046149343 0.700322561992278
0.623911876210684 0.54118950745478 0.704253488836262
0.627758606082108 0.546086218274135 0.70680057707445
0.631256979696655 0.548896347364222 0.709382290878969
0.634007524406254 0.551068662596626 0.713415484383169
0.636683255094087 0.552967904671499 0.717103901290068
0.638985103511393 0.555480290395222 0.719297236419952
0.641269783539838 0.557237122037896 0.721885432043149
0.643276289982382 0.558679608172238 0.724362410433359
0.64551220906522 0.561222005482882 0.726900198281749
0.647522458294488 0.562875103853889 0.729096817320737
0.649954878894798 0.565847781123608 0.73210093075916
0.652248537944663 0.56807633794797 0.73381938603774
0.654605847080381 0.570952975382512 0.735584450657126
0.65766308203196 0.574914659398731 0.738657270005523
0.660508526271915 0.579261288376921 0.740439772129901
0.664101213208398 0.584076330624786 0.743171873068937
0.667608798858206 0.587348573962477 0.74585859942363
0.671168352141618 0.591213952313403 0.749421166147735
0.674717280152122 0.595738647684278 0.7537059444174
0.679117286442567 0.600744448840175 0.757597744070011
0.682971720084464 0.604024406164113 0.760997321048214
0.68753365827745 0.607506998464425 0.766469536156706
0.692203199173787 0.612673124683279 0.771674354990764
0.695772999723924 0.615520588191877 0.775004962794154
0.700548204566299 0.618563689188839 0.781652275877191
0.703683457576317 0.622511940467598 0.785485996580616
0.707032223257247 0.626143596868644 0.787555730234573
0.710926533216189 0.629048508761027 0.79130751509377
0.715084806190056 0.633772309008083 0.795512793039795
0.71987041060368 0.638939416138564 0.800188387808626
0.723874123397913 0.643511688904943 0.804669614022552
0.72896917726881 0.648704566971738 0.80904336573886
0.73504273983336 0.654196008643966 0.814846173572424
0.739898968880285 0.657475360420094 0.819631364447268
0.743813005328355 0.661704127266541 0.823886841080011
0.747741436932641 0.667194409530893 0.827876411740482
0.751332354119968 0.670464275434048 0.83166325527816
0.757717337618553 0.675982765791497 0.835640066965969
0.760863391059838 0.677900893421544 0.840420849239892
0.765750976838011 0.683324996796661 0.843527958361554
0.770077995195938 0.687550079409308 0.848679875843172
0.772802866334907 0.690816507139552 0.851795487898904
0.775359729096197 0.69388988133754 0.854750002717264
0.781033660803416 0.698766615060123 0.857696889716184
0.78477588398236 0.702574283920014 0.861940009843919
0.789149185458653 0.707945708017368 0.86459180489646
0.795057025978709 0.715360196703654 0.869531609204794
0.800687434322118 0.719491753118237 0.874842736528233
0.809197933209898 0.733382000581986 0.880736827549998
0.817860508443766 0.743198662260984 0.887378050235127
0.823733669196637 0.747385638804967 0.893470271681341
0.828788556702558 0.753073052630313 0.897226963159531
0.833522587179588 0.757047193722452 0.904139942496604
0.837663676407846 0.761469422853299 0.90834521089197
0.841897827387626 0.767915789790485 0.913344533150631
0.846460560797923 0.771610542164945 0.916916408320803
0.850130790280853 0.774835083517738 0.921544138829259
0.853456765059704 0.778325233325989 0.924796351076091
0.857034605421724 0.781024173349758 0.92855895028919
0.860051871139232 0.783488767215184 0.932286645425014
0.862908856072399 0.785552683049703 0.935644617172318
0.865766743941119 0.788207692771158 0.939216481283944
0.868292754901905 0.790388168284569 0.941970638733394
0.87055395228808 0.791655925139487 0.94525596069197
0.872604494109129 0.79323285098661 0.947965098715293
0.874444073423746 0.794488208107206 0.950686639516996
0.876222290528534 0.796060269748158 0.952494975631452
0.877811926545854 0.798485042785963 0.954713508605042
0.879517074011663 0.800082603479328 0.956925410172354
0.88116044292546 0.801673399460819 0.958640592492891
0.882748141543977 0.803059008166668 0.960292003709496
0.884478066431518 0.805018966101436 0.962194070091118
0.886285974748449 0.807061871032739 0.963909740655955
0.887989479597164 0.809397004461445 0.965774482503203
0.889917654115428 0.811779155546483 0.967822490648035
0.8919666138164 0.814678800095949 0.969501486990394
0.894154358139558 0.816791471970494 0.971027952893923
0.896346241743977 0.818733878309189 0.973097446579193
0.89897994847871 0.82289825904887 0.975590380680137
0.901291146309431 0.825348440787647 0.976829659234284
0.90388635848964 0.828872629437992 0.979076899229453
0.906580925204629 0.831296758856636 0.981477300446251
0.909372032088316 0.835569547541825 0.983732492465063
0.912409781747665 0.839954215102692 0.985818735146373
0.915438224033239 0.843872209260809 0.988955471599635
0.91873613053387 0.847186796198123 0.992274198597027
0.922087482727886 0.850335890275691 0.995191612753462
0.925249179199473 0.853520226438857 0.99918580356688
0.928377805887951 0.855180421785701 1.00169398666111
0.931621204323837 0.859792258091832 1.00487119376648
0.93502619933186 0.863985058535717 1.00654620268617
0.938774205782125 0.867810388963225 1.01142257876746
0.942616467328114 0.873046233848552 1.0151286600679
0.946281419229505 0.87568184532071 1.01906963096096
0.950034113192166 0.880340061756632 1.02221439693662
0.954120033138279 0.884102686056021 1.02593439705166
0.958194379833264 0.887856847418694 1.02984126871654
0.963364758149044 0.892492776203469 1.03466379825196
0.967697598508618 0.896472209281382 1.03926417122484
0.972636998499883 0.901701295633815 1.04341313664985
0.977518994603565 0.905310588801273 1.04906560696879
0.981769965415751 0.91053663498328 1.05402057044697
0.986217514073151 0.915115179915508 1.0581600765174
0.990890155513864 0.919594336388885 1.06286612922658
0.99552975397486 0.925306161822676 1.0679721148147
1.0005903174294 0.930192378073164 1.07244249987049
1.00594231432751 0.934082813980128 1.0774890554337
1.0116177414838 0.939910651063369 1.08348199312974
1.01713739381843 0.945004585815956 1.08882007731652
1.02222936467332 0.950658165661829 1.09244235946734
1.02801202618152 0.957230469396275 1.09864857395047
1.03523494378937 0.96509978592429 1.1049702995659
1.04210745310787 0.971824538861307 1.11306082300242
1.04934476571835 0.979386682934362 1.1192984454096
1.05678182493388 0.987304056600754 1.12639396922727
1.06541950418107 0.996554492528523 1.13323359192056
1.07297988307117 1.00139671572697 1.1440553702508
1.07894789782027 1.00670228520852 1.15117321431132
1.08442149914606 1.01149930007704 1.15694034146334
1.08953763086756 1.01552678865469 1.16372959621474
1.09394794000298 1.01840274412444 1.16859441098025
1.09778042223596 1.02301589838279 1.17373568896349
1.10148975160362 1.02755353248111 1.17774907863174
1.10550150688001 1.03169721152294 1.18201280862448
1.10990372632083 1.0355958179396 1.18492413426424
1.11478630409712 1.04069836994014 1.19058076153264
1.11988388052293 1.04546005242842 1.19532502193169
1.12491164270402 1.05006967494967 1.20007483271398
1.12993403679415 1.0556773433083 1.2052724703219
1.13496719083071 1.0605284654002 1.21006570272317
1.13983046121971 1.06568888216407 1.21593978261884
1.14448946500782 1.06980342985809 1.22039336603877
1.14937934625924 1.07515328007082 1.22417483753673
1.15400546792663 1.07941899231803 1.22996751509282
1.15895980793576 1.08430629573919 1.2347276943925
1.16416743466744 1.09031392212607 1.24004304933703
1.16890713226996 1.09433174818611 1.24514594888266
1.17380687807219 1.09914495667117 1.24937917345834
1.17766663754604 1.10180848561263 1.25566698893797
1.1812645012102 1.1045978488448 1.25965343213709
1.18460215633801 1.10730191049141 1.26311313466601
1.18752638365562 1.10946617839658 1.26672352286919
1.19083181056459 1.11387120035209 1.26935626853639
1.19394681757812 1.11718759129253 1.27170212028862
1.19726016954632 1.12055277640321 1.27656664981597
1.20040264078801 1.12328790188584 1.27887554390783
1.20371073051978 1.12627050973867 1.28309670569156
1.20657521637683 1.12864296173374 1.2859679376347
1.20949112297036 1.13171698713725 1.28942049427427
1.2123542006708 1.13501505053629 1.2926552830359
1.21639407667113 1.13962264034345 1.29564541793142
1.22017782772314 1.14329853513988 1.29935191710033
1.22435823536747 1.1498139521881 1.30303914985135
1.22950798441318 1.15461783362779 1.30912303814437
1.23592310890265 1.16106462303866 1.31383855137524
1.2406219452928 1.16382049080798 1.31998781184316
1.24559121577534 1.16792034903575 1.32477860415108
1.24987446389633 1.17230569279622 1.3293649864008
1.2536422333391 1.17637260203931 1.33308413745613
1.25887086195017 1.18108248836945 1.33867731214747
1.26393309130093 1.18584401274527 1.34467209987426
1.2676724392181 1.18937548734159 1.34863323344461
1.27139542586306 1.19396518404964 1.35215864151822
1.27587304831223 1.19869264671498 1.35664757559867
1.28185050001482 1.20404820273211 1.36122692455853
1.28613117747349 1.20829303073677 1.36651175951908
1.29035226645096 1.21164228315351 1.37067452042074
1.29435775114939 1.21613787319896 1.37570190358263
1.2975921246987 1.21873063220762 1.37893450202117
1.3022427145725 1.2232223853042 1.38412470034269
1.30527821436299 1.22649393925543 1.38772201504053
1.30908603942443 1.23075443456091 1.39045040653855
1.31515864572216 1.23688305221219 1.39570271663411
1.31936757060226 1.24159455092104 1.40171995663407
1.32420012593441 1.24733159774237 1.40534635167101
1.33094351897877 1.2542507451209 1.41270938413657
1.33766313999232 1.26003038983783 1.4193472802759
1.34313443490088 1.26590261463182 1.42509991082349
1.34913225787005 1.27037301522975 1.43067404956476
1.35513102127014 1.27535451010919 1.43846949380541
1.3599332509834 1.28009571530079 1.44540469685193
1.36458401776933 1.28432237844754 1.44982535946284
1.37102257113119 1.29096021811473 1.45504545957829
1.37650578493562 1.2969136880517 1.46229704246869
1.38314126452256 1.30397289503152 1.46699776366396
1.3913357339507 1.31245392940518 1.47335759799517
1.3990376802857 1.31902353255043 1.48305953118004
1.40691384372649 1.32478498960397 1.49316394495218
1.41370687626159 1.33089378595951 1.49965969943924
1.42008262522722 1.3371226688098 1.50739132983254
1.42662975996034 1.34195697148098 1.51456019395374
1.43215987951966 1.34893163805547 1.52046834292411
1.43720432394412 1.35329704286118 1.52571142943728
1.44288186722682 1.35812878973565 1.53162678106902
1.4494844488858 1.36379597030056 1.53771873932612
1.4551188107665 1.36893001405888 1.54360425850213
1.46036889938183 1.37535923884044 1.55015314380066
1.46915258061911 1.38174685788777 1.56002364569946
1.47585177699404 1.38879739675951 1.5692190525237
1.48158165072664 1.39449555331439 1.57352820670705
1.48712884617 1.39920104156858 1.58019296186818
1.49341492007013 1.40504622244553 1.58730667477417
1.49914656844364 1.40961810918911 1.59368613621009
1.50800448998455 1.41608164322886 1.60112602814581
1.51646059301621 1.42256932438235 1.61054510244429
1.52535293182144 1.4354306578204 1.61868933332348
1.53361994285589 1.44353901199576 1.63013137983539
1.54517084062515 1.45285859501673 1.64233396483547
1.56006032993394 1.4705649232773 1.65713026420164
1.5732739985636 1.48222406982472 1.67433666504425
1.58888093840104 1.49631099984635 1.68611283423699
1.60115435759234 1.50618362485492 1.70049114584624
1.61399471745638 1.51912944061526 1.71146108298038
1.62380222303438 1.52785903123842 1.72238764398768
1.63585789110466 1.53700024766069 1.73708297430165
1.64833718377903 1.54895586026827 1.75335829247193
1.66062482565784 1.55763339824889 1.76781970747898
1.67643952379626 1.57416641676939 1.78424851163655
1.69350288136623 1.58977862286228 1.80096292924957
1.71042526931226 1.60460437358554 1.82078527629528
1.72766796475298 1.62130015380892 1.84367247595045
1.74897585107049 1.64044953819742 1.86294711309728
1.77847266699293 1.66716862913092 1.89592353862547
1.80972450335172 1.69397050671801 1.9279796786092
1.83209609511933 1.71427780037055 1.95267781678805
1.85135230653619 1.73137608174839 1.97171072839973
1.86888538198492 1.74787357006362 1.99150304173085
1.88376727669489 1.76131456997776 2.00723059921929
1.90060207896606 1.77746781172956 2.02781828217482
1.91645715388511 1.78884268410414 2.04400494745547
1.93244396162296 1.80451368576552 2.06024994756519
1.94694445293796 1.81577705705551 2.0772603448729
1.95882282744794 1.82957543739657 2.08842705815941
1.96715405615111 1.83585666786903 2.09913460296104
1.9751876141542 1.84398238244003 2.10868834941903
1.98415235534644 1.85308710492398 2.11862019850136
1.99723655524967 1.86264329463474 2.1351932295461
2.01406747824214 1.87623265231157 2.15586717307507
2.02829307492737 1.8878224069183 2.17003466782862
2.05645358641099 1.90398475613015 2.22650495246853
2.08886019529532 1.92412799320611 2.27469185211943
2.10761008340149 1.94039147013335 2.30127838789894
2.14035323709648 1.967973000951 2.3342224974555
2.18469803587839 2.01555305395469 2.37406285655413
2.22277295207807 2.05589555661146 2.410804971654
2.25051388570084 2.07779693485398 2.44302499276545
2.2963254907442 2.11639926816974 2.48862766944301
2.35317690749038 2.16189056254004 2.54493799163928
2.40332608092093 2.19860605455258 2.6042826319453
2.4291377187517 2.22143966049575 2.62992531834954
2.44875513205832 2.23738011394543 2.65256025917817
2.49741123680889 2.27750054685531 2.71221711583331
2.5106399155076 2.29136538213369 2.7245691536834
2.52866036155183 2.30874900060718 2.73944195411452
2.56010331558736 2.3389992668378 2.77479945381931
2.62934807222872 2.38614260936233 2.86721717648487
2.66946321336711 2.42089578952862 2.91298746824762
2.76047610823006 2.48617813910672 3.03617387853549
2.81944798781865 2.5462998674799 3.10389319944547
3.05871855780213 2.66989318634672 3.42462209089029
3.32477092223015 2.83749294874885 3.78505843145392
