"res" "LCI" "UCI"
-3.29313367017669 -3.60363517189895 -2.95944265488821
-3.1990473750987 -3.48949150185968 -2.90102826441522
-2.86313881412946 -3.09195751294751 -2.64627327052107
-2.80084936546534 -3.02095721866439 -2.59320220686538
-2.78052953688896 -2.99717212968621 -2.57557960384423
-2.72458640356127 -2.93201755288151 -2.52674593596563
-2.53819655873765 -2.72030912885335 -2.35956234115649
-2.51921639937433 -2.69896467348944 -2.34416594160932
-2.49661754319107 -2.6724542059274 -2.32352832796104
-2.4793640262328 -2.65289070024949 -2.30748858739481
-2.47122606154147 -2.64455155664991 -2.30062888425361
-2.38494961717892 -2.54788535510156 -2.22442332363391
-2.37895891974418 -2.54160372862158 -2.21883243612727
-2.32542513067371 -2.48267344831509 -2.17085241717722
-2.32069874445119 -2.47685797868337 -2.16577304074511
-2.31408917344983 -2.46804357345456 -2.16130352698213
-2.3004871084707 -2.45332726391157 -2.14887060669444
-2.25183299038802 -2.39968180502069 -2.10429279536677
-2.18282247967893 -2.32467629024772 -2.04160172984837
-2.13579791692064 -2.27212725940433 -1.99886486721924
-2.11961444125506 -2.25396633883684 -1.98475526722692
-2.11697419231756 -2.25102536043654 -1.98235419575072
-2.09488566724328 -2.22702027462446 -1.96236614909968
-2.09042081483616 -2.22276776512441 -1.95755021280254
-2.06862687873355 -2.19834506962399 -1.93908757907415
-2.00846447299006 -2.13269441570614 -1.88385937327663
-2.00689934374142 -2.13135266223542 -1.88248101245978
-1.99000423311544 -2.11332567911384 -1.86761825266868
-1.98718554077854 -2.10905226854698 -1.86512055052098
-1.98113538498668 -2.10175517372613 -1.85982000800255
-1.97615185970708 -2.09679760175821 -1.85495555411361
-1.96162613485697 -2.08067419667873 -1.84098828276643
-1.94425752683848 -2.06265315145252 -1.82530082235511
-1.93231205554073 -2.04852778873454 -1.81373679946977
-1.9186901812571 -2.0341943085642 -1.80180388456847
-1.89672172509908 -2.01068141582705 -1.78080661363932
-1.85082088891412 -1.96145261870225 -1.73796402762297
-1.84513867528437 -1.95414435257298 -1.73336501570289
-1.8409576556457 -1.9512433559164 -1.73031580090243
-1.83682349792818 -1.94857396696046 -1.72655026715034
-1.7916988181667 -1.89861058771213 -1.68457866500821
-1.78095924697542 -1.88655011300864 -1.67488980718342
-1.76688901952979 -1.87123907695829 -1.66050145766735
-1.73887255101182 -1.84172579491854 -1.63651300955297
-1.71322590540123 -1.81407055078589 -1.61233228967116
-1.69287907236612 -1.79305057757713 -1.59244249537365
-1.68877866701947 -1.78813873321437 -1.58804859928791
-1.67638771860911 -1.77439261837211 -1.5770764544438
-1.66864588251555 -1.76665409656521 -1.57048254981903
-1.63962342887345 -1.73606184848345 -1.54240038506374
-1.62591151614871 -1.72190625010887 -1.52917508342657
-1.60254056196364 -1.69724826245879 -1.5076792183356
-1.59653783602555 -1.68946729562495 -1.50219721637653
-1.5911866051837 -1.68518065344841 -1.49682009621376
-1.56078579457783 -1.65246543373242 -1.46840508766048
-1.5548050725554 -1.64618542443616 -1.46194425160448
-1.55138021629947 -1.64326163469247 -1.45833262950153
-1.51422019204081 -1.60390839841736 -1.42309972661118
-1.50370700301235 -1.5927065321067 -1.41357517816252
-1.49148279785835 -1.58062134611967 -1.40159906069582
-1.46672423415628 -1.55811791720436 -1.37634600868962
-1.46198567245353 -1.55264859385444 -1.3722387200853
-1.45905192861148 -1.549129415492 -1.37019318146495
-1.45541425866904 -1.54382922214819 -1.36697014185458
-1.4525799584503 -1.54151888062375 -1.36399811350496
-1.44727235862448 -1.53747032393686 -1.3586537799726
-1.4448755379136 -1.53468377866463 -1.35649547924572
-1.44008395611906 -1.52759413095462 -1.35129515662249
-1.43144884565188 -1.51879259474581 -1.34399059829716
-1.42813143881853 -1.51520531947983 -1.34066794104512
-1.42319188163587 -1.5103337568806 -1.33546456823359
-1.41245586501057 -1.49882450621217 -1.32550859097487
-1.41065918364877 -1.49701422351833 -1.3235654228064
-1.4089007757623 -1.49548135458757 -1.32213323712224
-1.39661252941052 -1.48251341492092 -1.31016202440374
-1.38970526563718 -1.475301945138 -1.30332912662259
-1.37522933544323 -1.46025785261009 -1.29016205255466
-1.3724426884206 -1.45717638382329 -1.28703171261269
-1.36575143588643 -1.45085993573682 -1.2806807503366
-1.35805612986197 -1.44313089095478 -1.27160302730953
-1.34483982320141 -1.42987067907717 -1.2601014632397
-1.33925820629334 -1.42318350572225 -1.25387279527265
-1.33715654318562 -1.42090345381059 -1.25140508777081
-1.32932194433327 -1.41399560002229 -1.24429626981091
-1.32536017648201 -1.40904590462831 -1.24164820420155
-1.32287088587462 -1.40747810634709 -1.23868487160092
-1.31769093834176 -1.40115805618741 -1.23382748879593
-1.31359413236611 -1.39658762701045 -1.22960766966079
-1.31129607196606 -1.39355536967609 -1.22779147902029
-1.30678414379921 -1.38936951012917 -1.22178817735921
-1.3021407808832 -1.38394778591663 -1.21726188165902
-1.2999814578234 -1.38170738156067 -1.21506333577474
-1.29678803901146 -1.37823675240764 -1.21231187570459
-1.29287689483695 -1.37517411549437 -1.20942757120261
-1.29117616240978 -1.3735009283957 -1.20754906681248
-1.28934367051635 -1.3711929387265 -1.20598063677662
-1.28687477794874 -1.36923538792164 -1.20333540367659
-1.28399956359446 -1.36566706868613 -1.20038318450919
-1.27745700400872 -1.35925559321735 -1.19327061607723
-1.27150378839929 -1.35398774872644 -1.18712773488769
-1.26150695115338 -1.34355824111984 -1.17765412016179
-1.25355238542433 -1.33448079275714 -1.16796038169293
-1.24773117775414 -1.32949181818621 -1.16362815128713
-1.24398258127405 -1.32591810826494 -1.16073303494924
-1.24222579335349 -1.32392641043881 -1.15767531669765
-1.24008834070058 -1.32163374854821 -1.15611989471109
-1.23698709209129 -1.31811044520449 -1.15315017471924
-1.23269680895934 -1.31361822213089 -1.14943764790811
-1.227976597156 -1.30953246091404 -1.14548319221494
-1.22560620260675 -1.30710429021884 -1.14191500245953
-1.21839338885455 -1.29932205557116 -1.13596567356473
-1.21342834278262 -1.29449214359596 -1.13081488126376
-1.20877091519543 -1.29103441427376 -1.12493783284861
-1.20714838574088 -1.2893543849318 -1.12386155393276
-1.20597396425661 -1.28755548045301 -1.12267082984439
-1.20461321685528 -1.28592032725522 -1.12094711489212
-1.1985475456078 -1.27928740997355 -1.11547582826949
-1.19445139904717 -1.2751192743104 -1.11101335874065
-1.19050681128595 -1.27124389589618 -1.10775511782637
-1.18947787654861 -1.2701775844306 -1.10657563186534
-1.18761738005632 -1.26843229250381 -1.10473161766787
-1.1802679892813 -1.26083100286449 -1.09679740378256
-1.15731785931799 -1.23910381708668 -1.07411435372505
-1.15021499471178 -1.23197480790337 -1.06835458365742
-1.14505699467547 -1.22615950923494 -1.062392178994
-1.14172352826783 -1.22286912705193 -1.05932826471672
-1.13948113893374 -1.22031727098454 -1.05611518933437
-1.13568732641043 -1.21735155657034 -1.0528026708783
-1.13300000281588 -1.21432127987166 -1.0504574969687
-1.11589966821478 -1.20008556403381 -1.03164600786981
-1.10226460352397 -1.18331855803978 -1.01755076035557
-1.09860720058866 -1.1791924850937 -1.01390509732643
-1.09508216852528 -1.1755533630183 -1.01124574691762
-1.09348746333796 -1.17376917876792 -1.00960854078939
-1.09167542656052 -1.17158293404313 -1.00780721594565
-1.08765099357402 -1.16753652428759 -1.00499411626355
-1.08322771498831 -1.16365340991451 -1.0009772784401
-1.08131547379321 -1.16188234040135 -0.999263824701469
-1.07696426934293 -1.15767021084914 -0.99472164460404
-1.07519688843713 -1.1556512005457 -0.993161505359696
-1.07127353179991 -1.15093034951296 -0.989048063570777
-1.06722269741243 -1.1479625794487 -0.984226957064848
-1.06459945652434 -1.14529604543696 -0.98162507785776
-1.05786299463638 -1.1392286058702 -0.974003534695888
-1.05406129384005 -1.13531416016956 -0.970362601291432
-1.05185051901312 -1.13306014614396 -0.968507098994051
-1.04881984415316 -1.12992719306134 -0.96544833664024
-1.0425554170643 -1.12312732067917 -0.959919393975943
-1.03668812297765 -1.11721438061567 -0.952105847123553
-1.03484581037503 -1.11547910161935 -0.950691143640865
-1.02899101099497 -1.10904261180046 -0.944487627962538
-1.02556812063768 -1.10615053326912 -0.942202880484139
-1.01846261684099 -1.09909378784261 -0.935959254495516
-1.01336693534785 -1.09382742295124 -0.930896418397657
-1.01003443626825 -1.0912634905302 -0.926958339258076
-1.00763796952223 -1.08845353703235 -0.924623748833958
-1.00579906534167 -1.08675368312938 -0.923308462181001
-1.00295016998375 -1.08448331873796 -0.919791977490766
-0.99977695382375 -1.08036338763392 -0.916879272223055
-0.994157520247524 -1.07481859069367 -0.911385205927927
-0.990000515616035 -1.07096693310258 -0.90766496108841
-0.98448693273879 -1.0648667241442 -0.901447569169479
-0.982984797871162 -1.06381900795842 -0.900133958127271
-0.980382709731419 -1.06114651341263 -0.896893554274751
-0.977375688400598 -1.05754694052641 -0.894230758582872
-0.975632193741073 -1.05625968430215 -0.892419916828696
-0.970983846538951 -1.05194636938886 -0.887860141581076
-0.968400350132529 -1.04900634194254 -0.885279626431998
-0.966009854282693 -1.04733799012006 -0.88278805581604
-0.961640965509118 -1.04242984590659 -0.878405067664139
-0.955709873330449 -1.03613842243074 -0.872627761119091
-0.953191263439373 -1.03290633301279 -0.870602750641029
-0.948732479197267 -1.02946912326951 -0.865651347799135
-0.943077463392907 -1.02400416199245 -0.860548571086916
-0.941131947317025 -1.02180880386255 -0.858996339283181
-0.93482846834132 -1.01583315291785 -0.852603248148438
-0.930588350747809 -1.01174620804751 -0.847247816216896
-0.926720225333849 -1.007752042743 -0.843414590474246
-0.924088977391883 -1.00417430123516 -0.840757302338533
-0.921360259094045 -1.00244766691164 -0.836998808803473
-0.920124181077322 -1.00174916485876 -0.83649564347691
-0.918672690862755 -0.999792705376694 -0.834268131271152
-0.912312524989187 -0.993370684403666 -0.830011505733136
-0.906910737017391 -0.98812653793938 -0.823690930564574
-0.90431544209104 -0.985613990683549 -0.821213195743162
-0.899343302682405 -0.980655359414814 -0.816169641373719
-0.890215902354267 -0.972200822617062 -0.807079503656069
-0.883876775361684 -0.966949778233108 -0.799611901793819
-0.874333636218933 -0.955959781183948 -0.791398980642615
-0.869921895683528 -0.952186585153775 -0.787302563873372
-0.866423846610608 -0.948809733742033 -0.783181689154024
-0.864398440733161 -0.946770744328978 -0.780946474347345
-0.860207455314518 -0.942598288846902 -0.776408802084518
-0.855310863635041 -0.93835983602482 -0.771703912453905
-0.851667020929834 -0.934625580602207 -0.767939910951911
-0.8463015465399 -0.930566046305951 -0.761916767423661
-0.839797114019487 -0.921670518205602 -0.756507350887247
-0.836495063264208 -0.919048352455866 -0.752755640439569
-0.83462604945788 -0.917112414950798 -0.750974375017216
-0.832172870977013 -0.914343180633163 -0.748484906679635
-0.828423771975587 -0.910875039602087 -0.74494027470159
-0.822964683881823 -0.905415245783956 -0.739290941378594
-0.818397917326526 -0.901181398822151 -0.734322249955069
-0.815283737269255 -0.898062044851896 -0.73173899445394
-0.812391098537927 -0.895021013430909 -0.72811028561181
-0.809512145758657 -0.89274655296204 -0.726784380957839
-0.807926551005601 -0.891511759265953 -0.725162965340107
-0.80623620176309 -0.889749280185176 -0.723297021375636
-0.805018235315792 -0.888343873449926 -0.72116660943058
-0.802443016880121 -0.885926946710182 -0.719244729256645
-0.800511697386146 -0.884213475657066 -0.716488344888262
-0.798633098350534 -0.882477193306612 -0.714102605414046
-0.796744668338688 -0.880749387021416 -0.713112625524399
-0.795076168526863 -0.87922132058365 -0.711583699702851
-0.793020808652919 -0.877599990689169 -0.710152490374851
-0.789899061566086 -0.87323255600924 -0.706029579571298
-0.786895458247984 -0.8698749170742 -0.704402792921958
-0.78462816147506 -0.867390428354727 -0.702448884522022
-0.782353961061856 -0.864490773739102 -0.699140237609772
-0.780238731615184 -0.86299519189996 -0.696316782271888
-0.777520058509472 -0.859792227836002 -0.692629863415572
-0.774203659856617 -0.856802591956511 -0.690120172620713
-0.77239307949856 -0.855703588419507 -0.688105516262938
-0.770299374311071 -0.853125986388581 -0.686416257003299
-0.768287352134415 -0.851886908426887 -0.683773687877818
-0.765897062964494 -0.848847301810303 -0.681654445049569
-0.763064927669573 -0.845702397534648 -0.677844336225842
-0.761090823286707 -0.843424320851776 -0.675576384437915
-0.758793038384003 -0.841017180119189 -0.674305741911601
-0.756745300319168 -0.839521759772605 -0.671915440101086
-0.75445660450573 -0.837311763610071 -0.668420068672244
-0.751104728629471 -0.835552507699556 -0.66428980143398
-0.748498544121198 -0.83348468526093 -0.662954299397254
-0.74576655828642 -0.829570867268933 -0.660521256778533
-0.742997812533172 -0.826203726078828 -0.658092648563209
-0.734949482114498 -0.819250206471637 -0.648425939548319
-0.732142045944636 -0.816681815895477 -0.645948730783655
-0.726654336257403 -0.809927904144215 -0.642056590058242
-0.724000109704759 -0.807848134973326 -0.639301769611675
-0.720633686717481 -0.804593228837106 -0.636964279416298
-0.717509847326478 -0.801070166376299 -0.634110158160866
-0.711979077543678 -0.795419596646295 -0.627191253645094
-0.709943969153743 -0.793045197079653 -0.625814224023212
-0.706807726578461 -0.790034841110428 -0.623264679366046
-0.703571567480165 -0.786843061451815 -0.619434143276542
-0.700435385243243 -0.783505733095881 -0.616574881180568
-0.697955845737838 -0.780073759257766 -0.61446777049597
-0.695511239485466 -0.777980404897085 -0.611909646399112
-0.693384338145946 -0.776472750054254 -0.609335437708057
-0.68982980751546 -0.773836494053932 -0.604293189984132
-0.687847185782408 -0.771652340000456 -0.602783545990357
-0.685160327363982 -0.768953645461467 -0.600973596552607
-0.682844090578243 -0.767519244134262 -0.597483971515055
-0.680389253850701 -0.764558092403816 -0.594768566640979
-0.674409432844629 -0.757604026820372 -0.590169351636815
-0.67066268862136 -0.754289807269601 -0.585649205198584
-0.668574753239835 -0.751260710953315 -0.583846812608889
-0.665689104911328 -0.748517611449465 -0.581446151962965
-0.660719762881917 -0.744164677137924 -0.574782888687993
-0.656450007795256 -0.740692482558442 -0.57056686052664
-0.651760396152685 -0.735390891310328 -0.565511745361522
-0.648055389942726 -0.732186306968982 -0.56235362851771
-0.642328585153498 -0.725744888420069 -0.556106203970369
-0.637251401777104 -0.720545734228206 -0.551417798175527
-0.634908302542454 -0.719213652701461 -0.54851087273865
-0.632252787580483 -0.716007463859516 -0.546276575868933
-0.629894174367206 -0.713751763749589 -0.544361275947027
-0.628485374301176 -0.712305131887937 -0.543304250982309
-0.626599039620079 -0.710061171131132 -0.541811918913077
-0.624211720357661 -0.708350860260204 -0.539124808315458
-0.622007690458303 -0.705691384455189 -0.535627678138591
-0.617927128192969 -0.702145244226452 -0.531777415094575
-0.61551859734339 -0.699063182632646 -0.529534005039138
-0.613808478508994 -0.697356276460142 -0.527363747021713
-0.611605170134694 -0.695443389710196 -0.525458146032333
-0.609519148284552 -0.693836036461528 -0.521669369749844
-0.606925345794672 -0.690831665709022 -0.519912804296607
-0.60502090160444 -0.688849750708366 -0.518590160997348
-0.60343568181736 -0.686338629333819 -0.517414877926332
-0.600255398854994 -0.683386803605471 -0.514260522622102
-0.598413784900582 -0.682089035431131 -0.512215664243987
-0.595096642720678 -0.67782252677558 -0.50929188247156
-0.592266091370886 -0.675432359540633 -0.50560334473328
-0.589606421089122 -0.673350384873668 -0.503236462694235
-0.586960663345657 -0.669639960962696 -0.500404120043711
-0.584204340234977 -0.666607468017817 -0.498644692930939
-0.579760371594253 -0.664488342344441 -0.493594825211663
-0.57678623552147 -0.66211074667925 -0.490764259488613
-0.574585499510392 -0.658291038834707 -0.488916309690046
-0.571427927090605 -0.655369099193799 -0.485586476489596
-0.567843734690773 -0.652170974006981 -0.48239522575148
-0.564814407437679 -0.648733974690111 -0.479925636209661
-0.56092851062676 -0.644534804566446 -0.475051963282465
-0.558850949735785 -0.642740195193741 -0.472332668690176
-0.556763076310843 -0.640071741778992 -0.470523879371681
-0.553906866762046 -0.637221490861721 -0.46729579539686
-0.550079881488957 -0.634359801415564 -0.464232254833871
-0.543679660538898 -0.62798226375847 -0.457135874725414
-0.541355683801494 -0.625327985461779 -0.454202234278322
-0.538851334947738 -0.623157932715811 -0.452737871660924
-0.536793167710841 -0.620416004169674 -0.450399994660182
-0.533318556320972 -0.616145349151312 -0.44667183734333
-0.530966580601597 -0.613863912916985 -0.444609283419658
-0.529040270991402 -0.611715816359653 -0.442877050583151
-0.526016880055708 -0.609124201256276 -0.440171401570951
-0.5242124803816 -0.608407306102457 -0.437245302881223
-0.521144230942338 -0.606201801063313 -0.434381722575099
-0.519130058313599 -0.604897331536264 -0.432936190432397
-0.514468622576842 -0.598966404004109 -0.427451232100385
-0.512804955788975 -0.597893049570048 -0.425810529860027
-0.51009501771517 -0.595418021402954 -0.423739599718304
-0.508036142047385 -0.593540613866952 -0.421222747006471
-0.505760423615843 -0.591484171944388 -0.418453982068813
-0.502646768764536 -0.586319110078064 -0.415287636948835
-0.501356704575253 -0.584975971619759 -0.413924964583588
-0.497789554261675 -0.581099653557973 -0.410811384411214
-0.495942703117468 -0.579815939653937 -0.409679674231214
-0.49322535205367 -0.577424771677915 -0.406377346821172
-0.490975517638581 -0.57561991888969 -0.404059837322235
-0.488865092573601 -0.57267712729244 -0.402120887593897
-0.485647204887974 -0.570126028408665 -0.39808616844904
-0.481537489758902 -0.565562486195549 -0.394907524487887
-0.478287919694696 -0.562827388177173 -0.390939549915499
-0.475926237831804 -0.559762013831534 -0.388848466519389
-0.470200200385193 -0.555728445222437 -0.382295000485913
-0.467116862828526 -0.552782795714947 -0.379078553466803
-0.46467620058469 -0.549536528973527 -0.377443591664589
-0.461727587883363 -0.547051299309018 -0.374619604487557
-0.459358270261738 -0.543761500889618 -0.372297481412653
-0.454584864090946 -0.539133936268226 -0.366154914896599
-0.450982435904453 -0.536279451466484 -0.363117801173797
-0.446732524948038 -0.531069054020926 -0.359552872661201
-0.444203524170129 -0.528440547916671 -0.356357652233356
-0.442400758150984 -0.527077689381042 -0.353928155176828
-0.439172077872557 -0.523690338329969 -0.351493615341227
-0.434727787516056 -0.518666279427665 -0.345906958116443
-0.430621066950784 -0.514959513459572 -0.342885953865192
-0.42835907668152 -0.513452416065971 -0.340780394815786
-0.4259511338626 -0.51120762390642 -0.337793846158916
-0.423737943934358 -0.509252786955755 -0.335884200505025
-0.422371388688859 -0.507441609421666 -0.334591847907513
-0.420561504237476 -0.505890072296094 -0.333146601943288
-0.417833600970068 -0.50317405966467 -0.330765483738105
-0.415612511142011 -0.501115229074095 -0.327578407066339
-0.41379708157582 -0.499348719580935 -0.325944633407678
-0.409872150792624 -0.496265538756671 -0.321754347618679
-0.405496311166449 -0.490489868314633 -0.316887817945193
-0.403063355401577 -0.488423849855773 -0.314612931229895
-0.398051171970976 -0.483668954758703 -0.309424838934974
-0.395311810178686 -0.48143988455885 -0.307005496331568
-0.393228324255502 -0.479314344025349 -0.303814516436729
-0.391484217674722 -0.477870292419256 -0.30266622072697
-0.387766189206725 -0.47395074126865 -0.297765868090317
-0.385912152741311 -0.47160699760217 -0.296034626145349
-0.3843909446312 -0.47070283131199 -0.295307253605715
-0.382917998411252 -0.469738739809909 -0.293962778151939
-0.381427098218847 -0.467977631518091 -0.291582789872457
-0.37899136753559 -0.465508417808356 -0.289548364645759
-0.375608562419142 -0.462236992189379 -0.285590752772698
-0.371174591891961 -0.457480285859139 -0.281897970373906
-0.368702301181899 -0.456182259102832 -0.278571441224674
-0.363760901307904 -0.452285087460823 -0.272148925311437
-0.360527815930018 -0.449697396766606 -0.268570453427093
-0.357064686297187 -0.446861700244523 -0.264487061166544
-0.353218767120489 -0.441824935745793 -0.259230659334821
-0.349862455457844 -0.438559536266528 -0.257296883651014
-0.347580875640478 -0.43682096282184 -0.254666633580204
-0.343512796197411 -0.432929177598113 -0.250370554984374
-0.340621671141327 -0.429654236562687 -0.248254497099086
-0.33564918552296 -0.424780993169571 -0.242685824726495
-0.329759057218385 -0.417548248306064 -0.238854012531805
-0.325790961545565 -0.413615022283133 -0.23461026681615
-0.322386893943138 -0.408960201690294 -0.231600748186668
-0.319305346475339 -0.406268996281942 -0.229008907672796
-0.31685458675754 -0.404310535764452 -0.227640770252703
-0.315515475661409 -0.402012367206947 -0.225342929978751
-0.313753759761858 -0.400954664507639 -0.224104300076905
-0.309863214597862 -0.397289779340205 -0.22003415212716
-0.307136359186487 -0.395226578154564 -0.21743751709214
-0.304928668439125 -0.392497321123393 -0.214731086999418
-0.302015510264842 -0.389920165410669 -0.212569387333615
-0.300583016670668 -0.388357493923266 -0.210612158153547
-0.297294891818762 -0.384660141784954 -0.207471656307413
-0.294809096910274 -0.381099235541216 -0.205925077831114
-0.290868602741509 -0.378886255488978 -0.201183046109077
-0.28468076700065 -0.371517835177485 -0.192779044893703
-0.279030359440348 -0.36603811573395 -0.187244533573882
-0.276386212253611 -0.362494017225875 -0.184808745918116
-0.274651525946223 -0.361432433923103 -0.183297315180032
-0.268257863442679 -0.355866120219546 -0.175974297498322
-0.264578958825716 -0.353003745197035 -0.171725578064683
-0.262141889336325 -0.350960690669189 -0.168982773249478
-0.260621191685006 -0.34973353519581 -0.166163457672057
-0.259511479458608 -0.348546130896271 -0.165473148948515
-0.257175171394925 -0.345559498845754 -0.163910802070295
-0.254717384533973 -0.343242590845411 -0.161958638216323
-0.253378774478122 -0.341946361007256 -0.160844696333182
-0.251479248111928 -0.339452203999 -0.158053157548725
-0.249773897004835 -0.338127997495103 -0.15695276221549
-0.248104179058661 -0.336948151246381 -0.155784752489906
-0.245504405632913 -0.333915003286111 -0.150882689877747
-0.24322648684109 -0.332025638729303 -0.149768010914134
-0.236148497388211 -0.325611769767425 -0.143467954216604
-0.234061847838198 -0.323209158270379 -0.141121330231991
-0.231746072614284 -0.320726989571081 -0.138270191211445
-0.229977950569454 -0.318862863645605 -0.136725398539099
-0.227773964813459 -0.316579735885417 -0.133210530239709
-0.225336620007076 -0.314848258642132 -0.131760599228542
-0.222786285535747 -0.312692541760211 -0.128082971077744
-0.219411574931987 -0.30899268391519 -0.124653128615341
-0.216946155209163 -0.307276607803817 -0.122402858347872
-0.214590241246116 -0.305122888177981 -0.120755132462212
-0.212296491473586 -0.302675336039299 -0.118267684745863
-0.20957114181737 -0.300631286791574 -0.115769669483425
-0.208102070943615 -0.29875414011645 -0.11458754439775
-0.206369451921616 -0.297561619842028 -0.112151427509008
-0.205027326489217 -0.296263761212082 -0.110307296805308
-0.203010567649305 -0.293993193373292 -0.107651173869442
-0.201180127299323 -0.291868866084899 -0.10627427626966
-0.198526810638458 -0.28968990493277 -0.103938088172439
-0.196077579808696 -0.287474084552422 -0.101047073157129
-0.192955986226087 -0.283655622196236 -0.0981099421628492
-0.189197842903442 -0.279825579752461 -0.0939858896750689
-0.187262829845077 -0.278447953576932 -0.0926906778389269
-0.185616364506784 -0.276242515792734 -0.0904371777598878
-0.183851417778177 -0.274441794708918 -0.0887017072065237
-0.181903374804298 -0.272100358984081 -0.0870345708771584
-0.179335271133118 -0.270383982884444 -0.083762371879358
-0.176352553351425 -0.267827563699825 -0.081529947335488
-0.173130342776125 -0.264038032876733 -0.0779916796970127
-0.171108590573809 -0.262028268781226 -0.0758712501085185
-0.168320031575295 -0.259295775855552 -0.0724258993005604
-0.165388345580559 -0.256040091802961 -0.0704874585544751
-0.162605956776209 -0.254093426681097 -0.0673425150431443
-0.161214310976274 -0.252504117387675 -0.0660319499389489
-0.159182741879335 -0.250451935602491 -0.0636653179533126
-0.157111286914661 -0.248160150684809 -0.0605848411176715
-0.154290551641356 -0.245249489280071 -0.0585945602015559
-0.152165411753641 -0.24276831654396 -0.0561339829432784
-0.150074490768207 -0.241356485690595 -0.0527552187931791
-0.148456673617707 -0.239659533183343 -0.0524767562439974
-0.146241742732752 -0.236910853867972 -0.050486104368992
-0.143916421204498 -0.235097102052193 -0.0489029965511492
-0.142585539946082 -0.233592435635144 -0.0477515370439501
-0.140843773839888 -0.231726179864956 -0.0468774406061892
-0.139457895682887 -0.230316655785083 -0.0445572035356548
-0.137442728954517 -0.22760641398746 -0.0424988802945216
-0.136089425700791 -0.226943607451309 -0.0407006647113476
-0.13444961199677 -0.225325448428764 -0.0380367160197724
-0.132181764952821 -0.22246771438034 -0.0369674747140575
-0.129487145204508 -0.220564880670276 -0.0346620362484194
-0.127011105081882 -0.218418014022548 -0.0315253581446355
-0.123519546644201 -0.214284874346056 -0.0286502893504412
-0.121348743609697 -0.211387049848419 -0.0253154114083944
-0.1200118318115 -0.210941105379091 -0.0236751527682126
-0.118787850625366 -0.209357045155952 -0.0222869073481035
-0.116518811657485 -0.206921924800743 -0.0199518148983183
-0.113645716816775 -0.204642987211228 -0.0175469448415535
-0.111351520405565 -0.203035658420071 -0.0148897613640416
-0.10829906337552 -0.199797403803501 -0.0122734690792165
-0.106464978595151 -0.198419285881806 -0.0107453393683779
-0.103731303696 -0.195600616659426 -0.00814785662782924
-0.100848857305819 -0.193428827878059 -0.0060493523221786
-0.0973494288843701 -0.189000404970696 -0.0012200961686671
-0.0949597247523031 -0.186778069205758 0.00180363447010534
-0.0904839227155819 -0.183495403746241 0.0054838386145572
-0.0879978177485859 -0.18243582843963 0.00707053115498332
-0.0847873545728291 -0.17879552629185 0.0118522831125003
-0.0823065555455283 -0.175149919965899 0.0143360037442338
-0.0804261682098354 -0.173600324659445 0.0159488794205317
-0.0779177442547909 -0.171283264111552 0.0182754356289771
-0.0754514907729221 -0.169085484432764 0.0206809448051304
-0.0728938317865933 -0.16618464312121 0.0239615080574045
-0.0710459915657692 -0.164564538769801 0.0260979871055693
-0.0687838445310124 -0.161918933566193 0.0279770158138938
-0.0668998608285314 -0.1594384753391 0.0302678303792334
-0.0648592212910845 -0.15800934256257 0.0317443432784326
-0.0633308082526908 -0.156847402437092 0.0346325925624562
-0.0602828232854825 -0.154798635489878 0.0366859244623084
-0.0577949710530483 -0.152610498890349 0.0400034778492125
-0.0559898163040405 -0.151075647593874 0.0423656380834391
-0.0538726684308129 -0.149260657451029 0.0443265341177951
-0.0513344206091609 -0.147074624422528 0.047500904084035
-0.0489085423324884 -0.143752647373991 0.0496049969442897
-0.0461673251014799 -0.141537040135513 0.0532824111623652
-0.0443202192685077 -0.138245174079122 0.0539834769268902
-0.0426561348304481 -0.136900294227263 0.0556231751247531
-0.0407996325627158 -0.135736371289805 0.0575736754248534
-0.0391101811987239 -0.133534095676024 0.0592835328723442
-0.037707334069422 -0.132236673016327 0.0613304831767511
-0.0352521697707867 -0.130884160324967 0.0638947054850012
-0.0323017407607578 -0.128187308093536 0.0673232695894718
-0.0300752200762571 -0.125834712889676 0.0685680969608586
-0.0260161837373064 -0.123565795988572 0.073882585451773
-0.0229451921022343 -0.12111050539669 0.0765171010630543
-0.0198697275741057 -0.117692965740755 0.0792234667879299
-0.0180920146528424 -0.11537261185729 0.0813189299041321
-0.0153882072005735 -0.113253261168464 0.0843031695622833
-0.0125536959236811 -0.109137893325392 0.0877343394158427
-0.00920622932968957 -0.105899297295189 0.091021046305156
-0.00687479399239478 -0.103690726121576 0.0941264552013649
-0.0040920257518011 -0.101353930333122 0.096489386814207
-0.000706484903418391 -0.098763835255408 0.100481347077194
0.00298125504480595 -0.0944277470963452 0.104038486249853
0.00536346513252662 -0.0932503780953731 0.106339324576383
0.00721755887156789 -0.0911089770337781 0.108551233461498
0.0101564593679749 -0.0878672167974632 0.110734115163954
0.0123092473566192 -0.0864339578463589 0.114040284766474
0.0150175945887979 -0.0834814388117719 0.117114338601914
0.0172675002396753 -0.0809128054079295 0.118767894662735
0.0209639006326674 -0.0785373028760432 0.122584066682013
0.0243440887171853 -0.076000856236397 0.125729232226167
0.0269021652651852 -0.0727520236091861 0.12876466061603
0.0290517489901478 -0.0705125260024527 0.130626478729016
0.0316950763164531 -0.0681783307622554 0.134353084690672
0.0343218995017001 -0.065765629082267 0.137024291772626
0.0387781939581017 -0.0621956645424223 0.139664484215867
0.0412538013710547 -0.0591210717999182 0.142352904855782
0.0432072100383101 -0.0563750591059942 0.144750967286537
0.0474339643453544 -0.0519868475397082 0.148444983426405
0.049115029258601 -0.0497087628659005 0.150763584535246
0.052357309547065 -0.0465743576832655 0.153797246017035
0.0550310460363443 -0.0438067123857207 0.156884006090429
0.0575298722127596 -0.0420078454855427 0.158798701487164
0.0598670791875964 -0.0397254844347171 0.162316612435723
0.0628064872598674 -0.036704038059414 0.165373125955169
0.0668165258077719 -0.0323950366379988 0.16887420315872
0.0706336086241144 -0.0275214905736888 0.173379614104249
0.0731158462087828 -0.0266889835575671 0.175550440966609
0.0756669954095686 -0.0252031844893754 0.178805826540861
0.0784060776802724 -0.0218913679974683 0.181410873947217
0.0802275353882684 -0.0207933271614015 0.183370135489695
0.0823336227175212 -0.0186614109870517 0.184784943595418
0.0848581389282932 -0.0169591291835141 0.187708778492068
0.0884927465064325 -0.0137395339533581 0.191577352652747
0.0921292814241345 -0.0116888630323668 0.198250970236903
0.094430606110338 -0.00837619492345565 0.199108239999166
0.0961393635545694 -0.00626620601466557 0.20197128833809
0.0980823158969379 -0.00480378518036327 0.203512232887934
0.100647023902351 -0.00206858582683933 0.206010174913064
0.103025277821115 0.00076718372316338 0.208784685604
0.10661912209375 0.00438960600354713 0.212768417792793
0.110218599734891 0.00856362292395554 0.214433230290612
0.113382886003095 0.0123689641905588 0.216534369381946
0.117549472027417 0.0156520186099026 0.221990742937733
0.121442943881249 0.0190560914394844 0.225517646881443
0.124996341294632 0.0215182760684362 0.230281768980892
0.127398911882047 0.0230903271419278 0.233456190820354
0.129816918992529 0.025083684853231 0.236208681585888
0.134016085920022 0.0305151938205626 0.239135986810106
0.137811570893871 0.0346942387362398 0.245833146785042
0.143327453041166 0.0396110240386236 0.249835516141507
0.146321610881503 0.0434596187890828 0.251718642722069
0.148031898089914 0.044503651843464 0.252815092676099
0.152171997709813 0.0480801267976482 0.257492431997696
0.15422429768901 0.051486879845663 0.259866386181511
0.156828389814918 0.0545271158897006 0.262984423880234
0.159187070387256 0.0556058585238029 0.265041863117992
0.16164045825835 0.0583817388537153 0.268074832268113
0.164019692303012 0.0609625689172496 0.271171157510373
0.166109105605823 0.0619629770498235 0.273680260293748
0.168919481107149 0.0653114341926217 0.276674480668713
0.173517070249033 0.0686878015445168 0.281070515537277
0.17692771874763 0.0710627428562692 0.284581901426396
0.180358814916703 0.0737778721614442 0.287474325391596
0.184451408369095 0.077119861236468 0.292253443988516
0.185908289950511 0.0784585566745055 0.293717367143683
0.188550418948961 0.082092790260941 0.297259227924394
0.191881197603288 0.0849646262299424 0.300419897421359
0.19731478343179 0.0897159551204913 0.3066075999269
0.199836151994053 0.0916317228283305 0.309058199046166
0.202620141529617 0.0933857640325595 0.312946258777782
0.205697965090348 0.0965639353842167 0.315646743446247
0.207375166598134 0.0984774236020939 0.317669475760132
0.20941812211022 0.101839371405346 0.319633472414089
0.213761939651589 0.103570149908695 0.322984312353488
0.217860565637501 0.108765488132441 0.326345088894552
0.219568659412496 0.1099805744867 0.327517000093339
0.221058027555475 0.111953443913175 0.329571255897973
0.22363910941366 0.114666087937295 0.332816933944624
0.226569081357736 0.115987742932818 0.336196525912436
0.22937427404534 0.117971678103786 0.340976608803677
0.232676089467271 0.121280774165493 0.343920851108593
0.234733673533665 0.124135462892792 0.345730892673956
0.236643709651235 0.126115101334177 0.349433966845646
0.239689570401498 0.130199341568076 0.350936356500172
0.242800730585289 0.133685237000809 0.352316047354388
0.244798539076884 0.136204922690262 0.353402737627461
0.246480749946465 0.13743042242454 0.356114282607707
0.24779711803523 0.138666858879735 0.357192080186258
0.249250809946327 0.139428910940676 0.358882243514909
0.250609671933338 0.140997367349367 0.360342164358047
0.252093342114209 0.14211055728991 0.361427183084925
0.254271033419309 0.144585275986674 0.363978594088712
0.256387476441922 0.145928110225147 0.366738373771051
0.259322322796307 0.149413567705407 0.367931941093229
0.261035364430018 0.150553539098386 0.370945945339433
0.262595794139072 0.151783998725733 0.373680042919813
0.264460232124978 0.152973278845349 0.375093066822513
0.265871968612754 0.154472815113378 0.376344780705741
0.267290552199585 0.155528391159646 0.378760224051522
0.269942737177676 0.15692492738005 0.381433249256539
0.271645011025042 0.159248315820811 0.382576877035196
0.274379904715682 0.161859434001661 0.386265039248823
0.276767928062053 0.164175693412634 0.387830073975772
0.279855232121208 0.166849014758388 0.391904534389952
0.281890515257044 0.168640156422217 0.393269363857888
0.283626984870934 0.170829431623245 0.395437004683409
0.285553612728331 0.172591598526165 0.396990925965946
0.288069158454879 0.176342829793267 0.400168667834469
0.289822167662383 0.178289986522869 0.402363035408671
0.292627480631067 0.18024750947444 0.4060628236775
0.294382648111614 0.181055181586639 0.407164527914907
0.297198160161695 0.183443537655661 0.410081220622607
0.299130979315653 0.184835445870904 0.411903534565253
0.29994197372799 0.185085243129872 0.412850538430651
0.301667962496388 0.186386679984374 0.414355461341398
0.303027386709306 0.187926207299075 0.41551717503576
0.30577612309348 0.18946447058897 0.41878726227397
0.307537321948671 0.191165107382616 0.421551762903336
0.310430923216455 0.194434346661032 0.423128843351434
0.312113311375973 0.196456181485689 0.425462554145121
0.314483797754973 0.199819365809244 0.427263754443604
0.318431331392185 0.20189897155843 0.431475794202972
0.320505451026274 0.203761129055392 0.433827732991939
0.321808605623847 0.205326447843537 0.435742359136902
0.324253105624288 0.207791225818408 0.437556136342934
0.326756756573205 0.209500312724506 0.442502106295266
0.328962407912173 0.212421747835278 0.44379562727307
0.331640097272544 0.21590314162727 0.446712237219665
0.334207110788887 0.21785820590087 0.448248814469134
0.336932859592618 0.220781714267394 0.450992471702014
0.338555343227615 0.22191061712137 0.451973185393682
0.340887165145026 0.223888779115482 0.454613429430557
0.343996970579406 0.225618436941087 0.458961122594998
0.345963281072909 0.227987717419262 0.461113743116597
0.347732652876178 0.230174667463924 0.462546257965618
0.349713252119817 0.231838659605043 0.465017123265392
0.351895895760995 0.23376770687346 0.467152273258846
0.353512000978822 0.234609080320421 0.46891859967631
0.355688860743459 0.236625044190886 0.470542400365337
0.357578688251754 0.238717165625132 0.472072361801599
0.360195702112573 0.242616745219136 0.475232645280035
0.363074232006112 0.245013079840118 0.477191113118055
0.365984093687652 0.247012222961022 0.480006945965513
0.369094442147436 0.24920634078267 0.484379383608507
0.372008616493595 0.252522029161576 0.486907795061583
0.375100824774957 0.254833712837118 0.490182615906114
0.378864587261518 0.258673999356641 0.493012555492079
0.383323503703525 0.264490240591536 0.497879936869657
0.387016451737785 0.268197003391868 0.501776706680135
0.390523008028804 0.272427435045286 0.504915940691016
0.39387586716037 0.275477515332008 0.510347146110117
0.396419366003571 0.278759885183783 0.51289296314118
0.400150961860225 0.280970066691713 0.515029161685737
0.403360364212931 0.283052421889597 0.519133133856826
0.406628849104681 0.287109851384336 0.522984323451264
0.410689306575448 0.289900935182013 0.527231278950372
0.413531973101355 0.291943484979414 0.532811179279601
0.419057426647198 0.297546053660285 0.537148514327526
0.422492314858708 0.300496936943196 0.538875573850178
0.426908334700056 0.303839326532483 0.544152523687424
0.429508890475058 0.306864801773973 0.546562514447008
0.432862020995046 0.310074389205411 0.548529873860894
0.435918148927533 0.312870562083101 0.552218152448828
0.439348340390775 0.316417935632731 0.554015837256922
0.444164232073045 0.320943792016731 0.559442422911028
0.447775890323775 0.324571090319592 0.563458920220386
0.450416457900157 0.326337404299441 0.564324784487885
0.453612848097261 0.331363079806654 0.568718827182897
0.45543586185313 0.333573822070215 0.570782841940829
0.457714248150879 0.335357760078574 0.57255466921448
0.459969519956914 0.337539588225359 0.574798183143259
0.462642008201487 0.339488607550841 0.577535834347767
0.465515965477257 0.342206744789894 0.582322142566615
0.467097920825326 0.34450230092528 0.584426907682876
0.469780643411586 0.346253408021558 0.587347782269471
0.471339903293317 0.347402586559187 0.588235671072071
0.473146637938822 0.349894656078101 0.590574594396027
0.474719190386246 0.351684261050681 0.592169812234068
0.476906282634773 0.352703417193864 0.592955278549334
0.479499223808582 0.354293610077502 0.59721226270182
0.48135709578552 0.356295412264883 0.598531713193761
0.483330316887885 0.35772037184425 0.601116817821769
0.485374473150696 0.360207527812828 0.602928691644483
0.487064442376626 0.361494728647763 0.604269343571498
0.488903231488263 0.363233762863806 0.606320591331015
0.490506988670535 0.366243393610488 0.608317932704166
0.493280889959706 0.369328098815554 0.610167396143133
0.496642111473288 0.372611296485044 0.613295889931006
0.499457356485985 0.375114143292277 0.615736804521875
0.501740184559616 0.377292475327853 0.617322379774595
0.50306499337737 0.378348948524265 0.61910414633977
0.505094972912376 0.379914451099173 0.620411933828008
0.508531996579073 0.384819067355175 0.622401648666033
0.510920763432979 0.387617091148568 0.62534368320325
0.512056180139576 0.388228300106999 0.6262956582605
0.513454057310132 0.389183127289449 0.628563931368262
0.514849622548328 0.391634218144421 0.628770498874512
0.516828228940189 0.39339761296869 0.631176118999164
0.518321520861336 0.394444004909477 0.632203383764972
0.520168542030022 0.395936543828046 0.634995436206627
0.522651132797864 0.398641632445227 0.63645901027962
0.52504659622591 0.400140878863092 0.639565483155828
0.527911327917742 0.402935580743102 0.641948025758645
0.530387965482962 0.406866322782518 0.6444763425188
0.534181652184783 0.409490256970542 0.647334992771007
0.536418507116549 0.411970440006587 0.649285305832532
0.538479112783097 0.413859307928243 0.651612914436388
0.540984256039439 0.415270126285291 0.654272641967538
0.543209899509083 0.418674079996319 0.655792509734393
0.545258785032731 0.420471768986788 0.658104853920025
0.547385601721981 0.423764499237627 0.660364372174716
0.550278543366417 0.426039566654826 0.662374077203421
0.553248790641258 0.427532982031936 0.664643175846065
0.556774078787846 0.431987738293946 0.668602678118969
0.559358551340998 0.434823260950709 0.670578646813146
0.562095400782474 0.438043873711277 0.673534772949342
0.564445376204882 0.440157442927545 0.675177819260524
0.56707083373451 0.442892640369804 0.677457676324433
0.569125494726859 0.445186391703855 0.679145335016676
0.571568243084218 0.447756442872346 0.681638401728836
0.573721438809009 0.451472430800673 0.684153797535726
0.575764935341403 0.453687322024642 0.685521874298736
0.580014314312015 0.456306227664338 0.6896671430989
0.582067456097715 0.458879702465802 0.691388081947984
0.585449720464023 0.462321661721637 0.693047335954073
0.588080602037468 0.465875787203783 0.695062653408574
0.590397000242485 0.467604806009075 0.696229492290765
0.593606972262922 0.470408876000465 0.699480673340645
0.595881149513972 0.473744013389703 0.701565976047931
0.59800324711489 0.475631716131022 0.702956605426502
0.601485202187118 0.479283243312423 0.706389561494289
0.605041386254945 0.483433621852564 0.709414187655111
0.607621975824901 0.487747016111708 0.711889294545047
0.611445051361055 0.491307462569723 0.715462483066397
0.614235668703589 0.49550200443054 0.717393657427333
0.617177443133512 0.498155417827504 0.719660694124159
0.62302801355331 0.503088567610287 0.726776960101911
0.626480964534363 0.506810583035869 0.729941027729242
0.629693345775793 0.50973105161386 0.731911207275426
0.633143923210343 0.514219236176058 0.734793581787665
0.635226951291006 0.516617665688545 0.737032539420272
0.640911814675552 0.524853087138903 0.741232026442447
0.643546603716452 0.527290904791976 0.743443411383894
0.645566002847676 0.530217377895008 0.744800456658731
0.647799205734846 0.532752676117852 0.74685080521277
0.650614240289423 0.536068766418536 0.749037239564901
0.653901980277473 0.540234621129246 0.752115296201092
0.657286427728272 0.54392690190751 0.755516385254309
0.659822651103511 0.546573571036542 0.757754656069332
0.662783189961017 0.54965773046686 0.759663162378265
0.664675258412873 0.551386493826603 0.761180266335675
0.667740734633863 0.555509878093498 0.763867995582787
0.669801216246521 0.557829865521625 0.766025495141523
0.671529215593166 0.559450883946069 0.767704132119945
0.673585844722446 0.562298425213156 0.769349544681611
0.677473629148094 0.567663733738377 0.774304250610981
0.680211918493217 0.571378850170033 0.77684629601937
0.685809078900679 0.577346588394464 0.781482137051935
0.69043927575144 0.58337595421753 0.784559824227776
0.704294418617036 0.60221125723287 0.795388121463483
0.705990103429003 0.604656798476159 0.796944496581545
0.710363486389572 0.612443399978306 0.800645662574348
0.716720012277898 0.616990878073764 0.807219598128438
0.718955176154454 0.621731937974566 0.808976699204193
0.721455892877461 0.625020347645918 0.811552486297454
0.724002884333237 0.628162646105202 0.814068482094541
0.726807732649719 0.632233673419495 0.815989971620716
0.729328133053957 0.636133475016546 0.81732625871648
0.734373353078983 0.643428450852591 0.822978436486189
0.739178866311555 0.649872146875907 0.826395791374436
0.7429030411589 0.654278481225286 0.830193285566992
0.744476863415817 0.657180179244655 0.831603902635469
0.745152441521645 0.657962529279795 0.832340855973541
0.748899410301446 0.661561636750115 0.83565006603397
0.75113356521816 0.66512085553109 0.838266492286363
0.757807804679931 0.67367693847288 0.843780749756442
0.758413471475638 0.674715899386611 0.844385245338871
0.76262522953821 0.679841212755673 0.847936428924615
0.767313673852622 0.684036590400678 0.851851739256484
0.770199446121561 0.687651033223829 0.854741271931714
0.781082045119127 0.697745710548588 0.866847423654596
0.783359432868822 0.700459503098801 0.869370145581388
0.79035976701433 0.707500138272029 0.87652896907914
0.797916028140761 0.714703277999243 0.883994350455261
0.798271815270324 0.71517831557717 0.88451679851658
0.802884342338515 0.720229339958959 0.889267621230576
0.811540404772133 0.728358640271657 0.897262983149726
0.815015971190108 0.732103915492553 0.900521968867
0.819697922388529 0.737005763582487 0.904655738839123
0.821203900299563 0.738220805792081 0.906234115870415
0.822774363671046 0.739327168422493 0.907706388159476
0.82776432427474 0.744228683859851 0.912701250205127
0.829566180300504 0.746215538453176 0.914887804752915
0.831182146243839 0.747504578549439 0.916332843592747
0.833420481005371 0.749613551247993 0.919151754233852
0.835814462195028 0.752111500047879 0.921376972924896
0.840832848677191 0.75691223456483 0.925841189118736
0.853162437802279 0.768471185390135 0.938124281262596
0.855546904287346 0.770683338426497 0.941038588743198
0.857485513881496 0.772380023899445 0.943048427634827
0.858680137538971 0.773828608257756 0.944150520206239
0.860072240980468 0.774811872879238 0.94575101751863
0.861652457391618 0.775480633415432 0.947480468287601
0.862590351207742 0.776624000793739 0.94829705937342
0.863473767112784 0.777678126016057 0.948870937401664
0.865986969683921 0.779744064277841 0.952390469949894
0.867774837548333 0.781492477665915 0.954861959649955
0.870998610512527 0.784878047985722 0.957267405756288
0.872530154165228 0.786401811352823 0.95874970494181
0.872889483440493 0.786678710233403 0.958960960576015
0.875112268038469 0.788401675991535 0.960656313344656
0.876641980850643 0.789959934768292 0.962100678697247
0.878517792488387 0.791479092341802 0.963842496434721
0.880804012081446 0.793900021463527 0.9664826668784
0.8906716774505 0.804300316854483 0.976606930744062
0.891278002135255 0.804853323000328 0.977099851438931
0.90000193271711 0.813917485439567 0.987268530128295
0.908923938693535 0.822272430200722 0.995732048707958
0.911711965822147 0.824738258738651 0.99856372576868
0.914050911875125 0.826567008093851 1.0006576639665
0.918366302998864 0.831276907151304 1.00448428122969
0.920629532140932 0.833692739330519 1.00662868790959
0.922673099819178 0.835737158329161 1.00936572509579
0.923910894271455 0.836691610117225 1.01014596889465
0.925409809765247 0.83796108751749 1.0120032849025
0.929513836094777 0.840992614563847 1.0169243234195
0.934691383624598 0.846420245852626 1.02211265648652
0.938319521127908 0.850155873488503 1.02537947970132
0.941476259439415 0.853519429595811 1.02906543593653
0.947098732540882 0.858816601102415 1.03387572531922
0.95364627383884 0.864615737539907 1.04103325572443
0.956378327603433 0.868436804531151 1.04416307934833
0.959170240016051 0.871064078131696 1.04714636340572
0.961436234124211 0.872645836257754 1.04877201119595
0.963487938254863 0.875112714114453 1.05191652326453
0.966535857541172 0.877582559233902 1.05493537007364
0.969665581366759 0.880510780951715 1.05797821236165
0.9722228055243 0.882327175229188 1.06058303589495
0.97739158358244 0.887899538330178 1.06502845363554
0.981038982910755 0.892054284783717 1.06925038009915
0.986254549993974 0.89598319270527 1.07666486974699
0.98963650228415 0.900025674854499 1.08020660866657
0.993048381853031 0.903071610717179 1.08337056088311
0.994821136392637 0.904980940104764 1.08618535592634
1.00007532611139 0.909669624614884 1.09045121713014
1.00278250356708 0.912367855266577 1.09352043437819
1.00887618229164 0.917961610976643 1.09882948608442
1.01172486297866 0.920559435151752 1.1017823215688
1.01757859682008 0.926851604555045 1.10828029659877
1.02144987598238 0.930444112637768 1.11308839979555
1.02479721329083 0.933978974001956 1.11541660180283
1.02976699892822 0.937790037960326 1.11994566637018
1.03622596136558 0.944589569494218 1.12706834715429
1.04119874473179 0.95042569995463 1.13154711267231
1.04819252133988 0.95615343336526 1.13986353138074
1.05620217724898 0.964247518149444 1.14989439482453
1.07058231563842 0.978611474446745 1.16287890407949
1.07469806295161 0.982983702254667 1.16581594264892
1.07805631456203 0.985571616051454 1.16988682935882
1.07979440598248 0.98740114696936 1.17137807898039
1.08168988561242 0.989501768190973 1.17469576767676
1.08519174414169 0.992963168465783 1.17728351124824
1.08825993122713 0.995078253237819 1.18106540298665
1.09552372855002 1.00193980825598 1.19054543793952
1.09932065657231 1.00612095374617 1.19394054649999
1.10551658122145 1.01113152488048 1.20150634220404
1.10927365958521 1.01496819266913 1.20464428826617
1.11276361637276 1.01908952829216 1.20826488262822
1.11903237629166 1.02622560653207 1.21377332508867
1.12360513844696 1.03011907755859 1.21827635905125
1.12856131345097 1.03528987208155 1.22473604508293
1.13586775639062 1.04127109238606 1.23131442634958
1.1443441314341 1.04943158024176 1.23910442363912
1.15073282093723 1.05437460939441 1.24691040152011
1.15494597284145 1.05652365690969 1.25314044508689
1.15992804743065 1.06212226063948 1.2587497220816
1.16466317278095 1.06697410573327 1.26247534632702
1.16950775836542 1.07071159854443 1.26813108736899
1.18348375583418 1.08501828648928 1.28088593670988
1.18621084614644 1.08770007760442 1.284014276243
1.19184721360929 1.09283091687489 1.29001240678128
1.19662423999894 1.09718803916204 1.29451866350884
1.20680370381397 1.10857150499639 1.30893813751192
1.21536830485691 1.11701101768007 1.31618255230578
1.22435900278544 1.12484396182639 1.32602532849015
1.23896530367751 1.13650243033304 1.34313179642262
1.24761132449981 1.1439570817589 1.35246566950357
1.25573096127482 1.15194734790949 1.36122058638442
1.26086127844017 1.15779007513459 1.36740109517596
1.26947503976876 1.16742468548973 1.37646759033137
1.27255722134956 1.16849173384231 1.37964148227484
1.27800656731552 1.17312083904152 1.38522983422035
1.28105976173726 1.17711049484424 1.38949965175553
1.28390931671525 1.18052849437179 1.39226044921766
1.28846997106147 1.18410914800435 1.39675726171324
1.29342028417754 1.18882127537835 1.40165728628505
1.29679265077558 1.19182597171546 1.40568981977083
1.3005869247917 1.19624702280631 1.40908636018384
1.3065913183402 1.20264971902237 1.41646739050244
1.31123399072878 1.20678504465901 1.42187107696333
1.31560186538318 1.20972465024173 1.42723212632806
1.32163381419145 1.21505681078074 1.4332604010973
1.32993755848014 1.22279686494424 1.4418256872419
1.33315949342107 1.22544682286427 1.44536125667885
1.33600464110725 1.22890154815622 1.44903415040657
1.34203085617283 1.23297131633667 1.45519245491351
1.34757389495733 1.23905817522004 1.46117492515068
1.35759413617417 1.24922438385553 1.47343016044963
1.3624500233246 1.2524961332292 1.47739575537215
1.3670907352624 1.25701254322007 1.48382272002817
1.36976281654403 1.25957285046676 1.48658943168435
1.37452259312165 1.26421275240504 1.49171698504913
1.37735373678982 1.26634363105347 1.49467632325082
1.38033856574554 1.26864148285767 1.4978563258614
1.3843797727818 1.2729123294461 1.50230688680357
1.38772241377818 1.27516974614773 1.50612992537335
1.39463983660906 1.28233203740719 1.51351130018888
1.39831289551618 1.28558641346494 1.51782832718685
1.40346585847244 1.2898932362627 1.52383765806721
1.40806379119256 1.29373443076014 1.52824441047643
1.4122161887098 1.29687998673352 1.53399111392387
1.41824754236359 1.30354895086708 1.53992766407881
1.43047307001424 1.31355069672931 1.55237487461734
1.44158512264491 1.32308325583519 1.56445866182118
1.44877766388019 1.32938585100919 1.57334031807845
1.45229592704229 1.33345042589836 1.57713348239916
1.46107093748167 1.34201791560735 1.58790064383008
1.46793428117223 1.34923822173844 1.59529379207022
1.47292600603488 1.35382676596871 1.59885312418671
1.47840522304 1.35970676786122 1.60504415275718
1.48572962260832 1.36551220587013 1.61382431943421
1.48924137526344 1.36887551497256 1.61783380470519
1.497119023699 1.37532347195439 1.62612618284757
1.50676018425923 1.38489790137961 1.63462756213655
1.51762653956096 1.39534747371348 1.64523917330619
1.5240083338027 1.40257775914825 1.65175803073662
1.52905778897444 1.40803757451487 1.65675693115768
1.53606118281294 1.41385586036216 1.66412190290909
1.54330352235102 1.42038522558645 1.67174421741544
1.54810633232106 1.42600524611507 1.67669335642867
1.55638252294919 1.43440022105391 1.68525775723113
1.56781514872625 1.44526331107479 1.6982058498216
1.57238999686347 1.4518156591976 1.70304912466029
1.58822648118558 1.46623301705905 1.7177973746839
1.60589568683243 1.48302966799008 1.73593639225589
1.6223132479737 1.49740193925077 1.75159818242552
1.64279953619078 1.51816890110863 1.77203531548621
1.64998691369846 1.52475268907737 1.77950736935531
1.65478938701962 1.52900632914932 1.78516981998668
1.66331497061144 1.53770218960298 1.79528543925711
1.66877347536695 1.54163422419787 1.80041690620815
1.67426767874005 1.54616035905928 1.80564479040205
1.67983986282922 1.55131986509576 1.81281005168095
1.68822288327539 1.55862364863052 1.82122944613385
1.69460405754983 1.5648664687682 1.8280256293667
1.70156403468938 1.57092485957567 1.83485444515715
1.71160919857885 1.58151053192035 1.84652241844365
1.72132368209984 1.58930336316572 1.8567253364805
1.74446325757403 1.60890943667058 1.88199552375854
1.76401574807897 1.62966513712389 1.90205162612137
1.76823320755864 1.63317151660861 1.90671633461973
1.77683946867481 1.64096324578315 1.91749186382753
1.78944304157546 1.65204392044853 1.93311563319824
1.80205152477291 1.66495566654231 1.94524409866835
1.80882942509959 1.67212117610035 1.95111959813215
1.81579036418419 1.67798471878394 1.95857474319401
1.83046794162693 1.68873485797157 1.97595609253203
1.85696612634772 1.7132859195664 2.00043538456123
1.86928200812288 1.72602974897507 2.01315841629738
1.89269951624153 1.7459569603232 2.0403518305339
1.90725125809473 1.75790538679193 2.05434826925294
1.93440891513932 1.78409478609158 2.08510503176583
1.95559843710314 1.80346471071424 2.11102817994944
1.97496175490567 1.82041878074051 2.13043019155642
1.98709903971349 1.83383633331282 2.14429332605974
2.0043039175265 1.84685201039308 2.16503720910783
2.04218633794217 1.87707376940798 2.21083080180511
2.09083873089369 1.91953107466586 2.26574367192753
2.09977426036145 1.92774238751101 2.27528705576523
2.13255276506073 1.9609374416511 2.30641700747154
2.13854506037135 1.96693084269342 2.31181361181776
2.15068080401454 1.97591536825986 2.32817321443614
2.16302466585462 1.98671724868383 2.33965811730106
2.20934302813721 2.02517646388642 2.39634958055949
2.23290491502201 2.04691319511679 2.42128508695931
2.25931534149795 2.06550307756332 2.4545402845501
2.28744179119724 2.09259106536828 2.4862512467987
2.33681102481464 2.13522482320237 2.53887182338414
2.35622868336282 2.15375887408744 2.56102288101112
2.38341372326349 2.17416490077541 2.59071554171338
2.4069087077835 2.19720314062508 2.61827053641229
2.46175429011456 2.24442326455999 2.68332015481282
2.48038339095309 2.26286283238974 2.7032481767844
2.48554233530027 2.26588201732938 2.70950199935517
2.50821900370692 2.28564378206786 2.73272463945973
2.61733317747631 2.38657809873917 2.8528939383826
2.73838526729444 2.50046279632264 2.98415252429782
3.01749804439335 2.74999678671923 3.29433811081536
