"nu" "alpha"
2.869093 0.2933077
3.06247 0.3849457
2.9236 0.1844577
2.703378 0.3574311
2.643227 0.491603
2.74325 0.3042169
2.739853 0.3539231
2.961103 0.07870026
3.0664 0.4474003
2.386333 0.2168104
3.261864 0.05952562
3.168782 0.3769805
3.23629 0.05523764
2.884401 0.4415774
2.807868 0.4245019
3.027465 0.3504403
2.989281 0.1719909
2.996373 0.3867129
3.352692 0.02283402
2.584986 0.2256793
3.416163 0.2551677
2.731185 0.4634661
3.042733 0.2568709
2.970983 0.04385453
3.449177 0.3652485
2.505474 0.4685618
3.620725 0.4221604
3.006995 0.4190778
2.957333 0.09958986
3.086992 0.2449201
2.806284 0.233328
2.38424 0.08200884
2.709452 0.4252061
2.362545 0.2821035
2.943394 0.3488571
2.730659 0.1155429
2.589542 0.0390657
2.701064 0.4288752
2.974115 0.1777562
2.946999 0.08450108
2.811054 0.3331976
2.494913 0.362744
3.057044 0.2844059
3.326846 0.3007066
2.741017 0.2017931
2.711288 0.06380712
3.255767 0.3562277
2.675144 0.2748243
2.748265 0.3345468
4.082655 0.4712833
3.134255 0.4133038
3.006141 0.07295033
3.099665 0.3190208
3.356606 0.4201684
3.676724 0.2609744
3.217925 0.3015451
3.617929 0.2675789
4.200325 0.464883
3.760291 0.3876033
3.621068 0.07732381
3.202932 0.02435055
3.561313 0.3795117
3.265985 0.2913304
3.060478 0.3573008
2.83905 0.122833
2.783148 0.4824753
3.07806 0.2094298
3.021769 0.1629505
3.212427 0.4626078
3.350038 0.3493631
2.860841 0.410105
3.38906 0.4493839
3.070451 0.2749279
2.996707 0.1326097
3.094954 0.4439906
2.887931 0.2002921
2.968671 0.1560216
3.0214 0.3782118
2.338196 0.2366026
3.047992 0.2759509
3.02415 0.365623
2.811768 0.1813099
2.747611 0.3067004
2.874858 0.324216
2.892557 0.2273513
2.932407 0.4331308
3.126503 0.4433862
2.802366 0.2849203
2.779347 0.274541
2.521042 0.2425871
2.865668 0.4770205
2.671202 0.3847307
3.801766 0.3568466
3.262503 0.2615213
2.781974 0.1086546
3.040913 0.2958981
2.946493 0.449373
2.982475 0.244519
3.029655 0.2550926
2.94816 0.04564284
2.837769 0.4475701
3.243945 0.257252
3.272042 0.3616833
3.201691 0.4454045
4.334041 0.2220807
2.718535 0.4460399
3.434926 0.3595477
2.68083 0.4697647
2.323414 0.4336933
3.167561 0.2982434
3.039239 0.2560848
2.679736 0.4288308
2.793902 0.3533449
3.480468 0.4333438
2.957148 0.07415873
2.973595 0.1899812
3.060598 0.185685
2.90231 0.08994223
2.743975 0.187535
2.687371 0.2978607
3.071633 0.1867744
2.475376 0.497763
2.937928 0.2568517
3.011811 0.04850911
2.745973 0.205503
3.215639 0.2427664
3.006446 0.07284669
2.874788 0.2949641
3.07245 0.3828194
3.331817 0.3572571
2.909444 0.4656559
2.698465 0.04357937
2.999689 0.3842759
2.880902 0.1636467
3.308471 0.1950312
2.846785 0.2488535
2.706726 0.1081026
2.792879 0.4493426
2.73102 0.2017269
2.532362 0.4668562
2.853503 0.4240999
2.503202 0.413191
3.350944 0.09447988
2.761247 0.1068328
3.07637 0.2639413
2.491611 0.1002916
2.715978 0.4047443
2.686003 0.4425587
3.153021 0.4504792
2.696927 0.3989005
3.226431 0.1706392
2.708508 0.2076297
3.177461 0.07307514
2.831288 0.1726872
3.406819 0.05083063
2.747856 0.3617695
3.127563 0.2142972
2.393391 0.3489712
3.097455 0.3032542
3.161112 0.3813229
3.167771 0.2147027
3.341251 0.3259674
2.819802 0.4219288
3.400953 0.4139765
3.188139 0.2754189
2.558445 0.1128806
2.77299 0.3687337
2.672326 0.4927905
3.68696 0.1033088
2.68841 0.2100235
3.071009 0.4254345
2.925394 0.1767273
3.205242 0.3810986
2.572084 0.4931915
2.541461 0.3608578
2.8215 0.3022346
2.972157 0.2496263
3.295835 0.3324607
2.784445 0.2664162
2.760326 0.4824704
2.873952 0.1179173
2.95487 0.2137194
2.967774 0.1902265
2.727906 0.1348066
2.856926 0.4367116
2.904805 0.2653857
4.235435 0.2149299
2.786964 0.3813177
2.704129 0.2586059
2.740384 0.325391
2.348902 0.4361023
2.87452 0.3401148
3.067703 0.1396213
2.981512 0.1874454
3.23738 0.3432697
2.743773 0.08072102
3.068389 0.400771
2.81583 0.4927562
3.295659 0.4440749
3.137398 0.2887387
2.686302 0.4441993
3.114766 0.4164752
3.567967 0.496456
3.286233 0.4106631
3.183737 0.4039871
3.397909 0.2479671
3.077882 0.2218077
3.544336 0.1342531
3.645327 0.09748627
2.768197 0.09409295
2.904824 0.4591966
3.157212 0.3623381
3.132428 0.4914175
2.667915 0.4188704
3.503807 0.3926394
3.108342 0.2449918
3.2218 0.3211189
2.957164 0.3623321
3.376705 0.1012884
3.699409 0.2747898
2.974918 0.4157797
3.238298 0.4904483
3.017289 0.08543686
2.688744 0.3624174
2.587437 0.0734848
2.889154 0.2382271
3.751353 0.4342895
2.624759 0.2880637
3.446324 0.3987722
3.004338 0.1803442
2.748936 0.2594186
3.260521 0.3632499
3.32056 0.2959188
3.153459 0.3141808
3.260579 0.3109269
3.34899 0.2567546
3.788321 0.4809413
3.458273 0.1053119
3.816089 0.3024411
3.801884 0.3977734
3.712287 0.06297025
2.733228 0.3464351
3.700185 0.2514976
2.92467 0.3710303
2.714814 0.3871977
2.852332 0.1914937
3.24411 0.4632033
2.856256 0.2830637
2.975356 0.3264896
3.135434 0.2516664
3.166491 0.3808855
3.063479 0.2896381
3.381225 0.2190801
2.633959 0.3578477
3.696922 0.4914492
3.399483 0.4052659
3.327017 0.1022181
3.897638 0.3449109
3.198333 0.1038005
3.694746 0.1052071
2.30602 0.225611
3.017213 0.3968809
2.945991 0.1760721
2.30029 0.2632384
2.962088 0.3692685
2.539827 0.1502204
2.59634 0.4554044
3.087235 0.145489
2.519028 0.3765927
3.153236 0.2564189
3.164675 0.05636544
3.216709 0.2072703
2.628906 0.2122602
3.361806 0.4232177
2.919956 0.3977332
2.711522 0.4086899
2.956199 0.4926663
2.953384 0.45551
2.683364 0.09051926
2.873432 0.2294097
3.259646 0.2275711
3.006336 0.4748659
3.323672 0.08374155
2.929036 0.3612962
3.27924 0.2391595
2.401012 0.1469125
2.873568 0.4131794
2.43083 0.257858
3.188838 0.4318875
2.493586 0.233049
3.201938 0.3595368
2.483322 0.2078594
2.612675 0.08382609
2.979383 0.2017046
2.770151 0.2698084
3.136736 0.2869696
2.806913 0.1888425
3.557983 0.3837886
2.975988 0.4460645
2.87736 0.3775601
3.00039 0.1158095
3.238515 0.1741253
3.31421 0.3983175
3.373514 0.2943548
3.209089 0.2596492
3.476452 0.228798
3.257383 0.2635543
2.267353 0.0936559
3.08314 0.3954279
3.229902 0.2807002
2.922829 0.3237081
2.844437 0.2616267
3.42646 0.03406769
2.362228 0.4307718
2.861539 0.0884716
2.526745 0.3944179
3.144396 0.4272782
2.733267 0.2446208
2.92984 0.4143419
3.65233 0.3667987
2.965384 0.498111
2.961653 0.3597344
2.924115 0.3203191
2.931558 0.4357162
2.747508 0.246393
2.851328 0.1514333
2.285357 0.4039415
2.643047 0.3685577
3.371645 0.1075421
3.107483 0.09743745
2.818507 0.4189501
3.622213 0.09767593
3.169331 0.3787296
3.223766 0.3115067
3.479306 0.1823286
3.032757 0.3150479
3.374397 0.04356225
3.290852 0.201784
3.030521 0.115319
2.954912 0.4758563
2.968584 0.170858
2.920982 0.2965293
3.161009 0.4305013
3.785874 0.3411477
3.142776 0.2091548
3.033245 0.4091826
3.416486 0.471017
3.146586 0.08860481
3.007603 0.2543422
3.144315 0.3654263
3.370806 0.4477551
2.611669 0.4330901
2.967529 0.2251631
3.054438 0.2814847
3.011051 0.2916739
2.858964 0.08195519
2.854027 0.2458038
2.831116 0.4743411
3.074419 0.2245981
2.834392 0.3777465
3.139686 0.3763937
2.65154 0.3416382
2.56868 0.377713
2.998824 0.3885671
3.218408 0.1401568
3.521916 0.3570499
2.98539 0.1955363
2.959737 0.2849034
2.658224 0.381898
2.938232 0.4868274
2.763085 0.07164079
3.021219 0.2723358
3.378132 0.08686531
3.146379 0.1600905
3.287706 0.3364606
3.971132 0.3122586
3.72474 0.1815856
2.667868 0.2341208
2.779807 0.1340695
3.232096 0.1504159
3.026086 0.3116786
3.505772 0.3141164
3.035625 0.1869742
2.808555 0.1814599
2.513507 0.4109941
2.852886 0.158347
2.992219 0.4784569
3.43449 0.2910397
2.683218 0.2876916
3.545843 0.330166
3.34036 0.3516559
3.861508 0.1033923
3.863964 0.09632897
3.785391 0.2296928
3.379183 0.06345243
3.510421 0.4995062
3.024822 0.313765
2.942805 0.06685747
2.811226 0.1520911
2.720394 0.2063374
2.830767 0.336333
3.252315 0.08757414
3.142277 0.3324276
3.093177 0.3908079
3.132161 0.2256753
3.053147 0.1323821
3.050293 0.236911
2.805188 0.4173504
3.102855 0.2542071
2.699177 0.4629935
3.263351 0.3829702
2.616933 0.1025654
2.752583 0.1558516
2.57644 0.4731527
2.588137 0.150236
2.902599 0.3097383
2.924673 0.4721155
2.728307 0.4427735
2.625176 0.4518159
2.82716 0.2314566
3.190544 0.4876779
2.924305 0.2355573
2.783984 0.4233087
2.914031 0.2125567
2.905507 0.2657557
2.859629 0.2234629
2.996901 0.3702559
3.031378 0.08158343
3.283399 0.378547
2.948946 0.2149584
3.03485 0.26907
2.9214 0.2338246
2.864374 0.3222659
3.27148 0.1606345
3.11763 0.07618457
2.999181 0.4272421
3.238516 0.201105
3.376963 0.2700244
3.542603 0.4021272
2.87924 0.1341449
2.419208 0.4964894
3.460056 0.1114827
3.226641 0.3174077
3.128317 0.2840693
2.414102 0.1556737
3.296526 0.4279791
3.177393 0.37145
2.886486 0.4171885
3.071424 0.1018428
3.052116 0.22588
3.460182 0.2237309
2.875067 0.048864
3.112599 0.2785129
2.983387 0.2933201
3.09847 0.3560826
2.93314 0.06327675
3.480293 0.2715747
2.916288 0.465348
3.25311 0.4883353
3.189205 0.08843745
3.024304 0.1803779
3.727784 0.2890385
3.696611 0.3955799
3.011166 0.3657891
2.84937 0.2409341
2.688917 0.04500618
2.790031 0.2606118
2.649766 0.2668874
2.764939 0.2746904
3.031486 0.0862116
2.904515 0.4669868
3.149115 0.28245
2.72886 0.181696
2.98478 0.4942401
3.218977 0.1472027
3.072807 0.1435348
2.799594 0.3823678
2.776107 0.1661015
2.767431 0.06632074
2.784128 0.413871
2.994977 0.2526897
3.029057 0.1804839
3.473913 0.1925225
3.065381 0.322259
3.092547 0.3905502
3.073128 0.469756
2.775564 0.1877483
2.639424 0.3305313
3.603169 0.3627071
3.003343 0.2989742
3.542941 0.2230042
3.043831 0.2204033
3.017762 0.2641887
3.028791 0.2359163
2.693463 0.4308154
3.068123 0.1512597
3.610186 0.1290974
2.705846 0.3526427
3.941512 0.2471468
3.414802 0.4020624
2.97498 0.3000387
3.390741 0.1609388
3.110481 0.3470715
2.917285 0.3266678
3.363929 0.4321267
2.757919 0.3189421
2.819052 0.4153864
3.296293 0.3819197
3.108525 0.3329193
3.045713 0.4481428
3.042655 0.04354678
3.251179 0.1935526
3.212709 0.2716523
3.421653 0.105408
3.314578 0.4620721
2.838502 0.2155149
3.407781 0.4491065
3.321419 0.4763645
3.103915 0.4196476
3.641976 0.3650993
3.415237 0.3303451
2.914255 0.06748999
2.854414 0.2773086
2.772836 0.4309608
3.512542 0.4341135
3.260273 0.1267179
3.395354 0.2009979
3.199563 0.3659728
2.942323 0.489189
2.766995 0.4346019
2.651737 0.4513433
2.872914 0.4796546
2.666166 0.1931845
2.993479 0.3567194
2.569787 0.3295339
3.411954 0.2130966
2.880144 0.4775903
2.732145 0.1504233
2.97184 0.1280171
2.522987 0.3901838
3.141261 0.1264242
2.689303 0.3964563
3.177151 0.4031914
3.02896 0.4570447
3.093285 0.05639584
3.590276 0.4355149
2.728726 0.2743982
2.893399 0.2799175
2.923307 0.3736099
3.264825 0.2203335
2.829911 0.3912251
2.89765 0.2833925
2.920866 0.2998907
3.188029 0.05747614
3.153724 0.3924742
2.828806 0.2262844
3.167914 0.1215134
3.168069 0.09278219
2.964777 0.1122503
3.021887 0.4479601
3.172124 0.2263052
3.706337 0.04160414
3.487537 0.4870456
3.59898 0.3903629
3.251958 0.1464681
3.358285 0.4745023
3.412169 0.2140891
3.684282 0.3075612
3.237077 0.2673096
3.212931 0.3398252
2.818369 0.2544051
3.016729 0.4007716
3.32695 0.4545095
2.634547 0.4451174
3.062757 0.245279
4.071792 0.2899319
3.178218 0.4618477
3.363709 0.2382818
3.904592 0.3178678
2.770397 0.06303762
2.938306 0.3801765
2.848694 0.4089449
2.422493 0.3414385
2.539072 0.4642667
2.270139 0.4194433
3.048079 0.3315535
3.353954 0.1788868
2.777596 0.3442775
2.898386 0.3940193
2.755631 0.3298867
3.211949 0.2416032
2.820613 0.3404952
3.525748 0.1856425
2.653241 0.3393381
2.706568 0.21107
2.782002 0.06448916
2.832553 0.1568195
2.917081 0.3235553
2.588454 0.3266077
2.406844 0.3512082
2.983068 0.3245511
2.884172 0.3962127
2.893868 0.2176574
3.470625 0.1319248
2.561071 0.09279924
3.170756 0.4579699
2.556793 0.302079
3.464668 0.1450925
3.396678 0.381222
3.844926 0.4841588
2.674377 0.2860924
2.868786 0.2042616
2.432679 0.2665225
3.254456 0.4138577
3.24364 0.05320839
3.076435 0.07829532
2.866486 0.1029443
2.751096 0.4646526
2.904243 0.09701849
2.877899 0.3086279
3.307171 0.1707663
3.291801 0.4623019
2.724104 0.4291994
2.926292 0.312874
2.816458 0.07317132
2.85686 0.09407099
2.884118 0.3672104
2.887732 0.3586571
3.200004 0.1815381
3.023846 0.2826802
3.214029 0.2832368
2.738423 0.296368
2.998503 0.2522209
3.474831 0.2911913
3.211568 0.404158
3.766837 0.4495047
3.582698 0.2950418
3.647208 0.3860717
3.151526 0.1760565
3.62304 0.1061115
3.117114 0.1433472
2.736034 0.1841244
2.47114 0.4546631
3.064135 0.06804486
3.110488 0.1951719
2.576069 0.4862379
3.342686 0.3932253
3.62358 0.4488963
3.65658 0.1182075
3.32146 0.346993
3.177426 0.05323462
3.278361 0.3215256
3.433688 0.3110874
3.180355 0.4280075
3.401543 0.1219656
3.535241 0.2614943
3.166281 0.41742
3.273729 0.1769463
2.806199 0.4165719
2.844978 0.1112948
2.958194 0.2858329
2.898622 0.2181081
2.891393 0.2351872
2.628472 0.4922801
2.965114 0.3164631
2.835639 0.4542233
2.88346 0.0803539
2.514338 0.354718
2.850192 0.08688821
2.923057 0.2091602
2.815225 0.3652548
2.617332 0.4835159
2.399933 0.1264104
2.306475 0.1753611
2.476838 0.4203309
2.382528 0.2150226
2.944099 0.4001846
2.629845 0.03352015
2.835249 0.3033833
3.276734 0.3002938
2.994776 0.258087
2.967898 0.3123878
3.334992 0.4847866
3.375987 0.290319
3.280126 0.3187614
3.608941 0.1946416
3.655956 0.35233
3.303129 0.1622145
3.239356 0.3873829
3.228908 0.3073837
3.092851 0.2769321
3.469622 0.4328306
2.990396 0.2070269
3.391957 0.05498344
3.442674 0.1552222
3.071201 0.1074486
3.244215 0.2569297
3.637541 0.4549961
3.742901 0.02798867
3.672603 0.3073345
3.047218 0.2513444
3.029888 0.4358841
2.883889 0.3443405
2.850069 0.171814
2.992264 0.2740414
2.934468 0.07425776
2.88424 0.4237344
3.569758 0.2117724
2.531906 0.3176801
2.478437 0.24715
2.979501 0.4188057
3.029427 0.2847716
3.086112 0.2666384
2.665143 0.09394319
2.900274 0.191263
3.23616 0.02210345
3.015956 0.09484922
3.150461 0.05966958
3.050677 0.4893767
3.289504 0.4659599
2.988988 0.1434501
3.419367 0.3671117
3.511512 0.08729424
2.544387 0.3708712
3.774977 0.2147443
3.446676 0.3391027
3.054025 0.07739952
3.340289 0.1749992
2.800479 0.3277726
2.757954 0.2178917
3.188845 0.4557348
2.558446 0.3885889
2.729443 0.291508
2.910441 0.09319667
2.521466 0.1891392
2.791673 0.4665624
2.686429 0.2047851
2.454068 0.1935805
2.128178 0.08001197
2.76459 0.3809935
2.761632 0.4158476
3.055427 0.4539403
2.879379 0.3465368
2.894061 0.3211123
2.6907 0.02424602
3.436047 0.07626756
3.452855 0.1352491
3.146183 0.1896934
3.465482 0.2103411
2.986916 0.4014728
3.021076 0.4697846
3.128506 0.120912
2.801741 0.08143428
2.730584 0.2726415
3.197578 0.1596379
3.291276 0.1053076
2.862388 0.4154897
3.205343 0.1109893
3.196458 0.3389602
3.027021 0.3732384
3.578005 0.3849487
3.421012 0.4114744
2.662063 0.1443846
3.086269 0.385858
2.998765 0.1011353
3.202332 0.03917532
2.994712 0.360565
2.677079 0.07422428
2.656255 0.2366448
3.097931 0.06324755
2.550925 0.2515009
2.440491 0.2627681
2.725629 0.4453209
2.326195 0.3336554
2.878581 0.2783128
3.035091 0.1483726
3.511463 0.2479567
3.304946 0.3610202
3.13826 0.2765395
3.452567 0.4283105
3.257557 0.2887395
3.345542 0.4108391
3.171693 0.4362023
3.245382 0.09154984
3.32098 0.2837196
3.024192 0.4486232
2.935969 0.3136705
2.809413 0.1554316
2.661283 0.4836703
3.003116 0.3653534
2.750628 0.1202873
3.166057 0.2418449
3.086778 0.2551157
3.337012 0.27171
2.987549 0.3975934
3.69454 0.3921649
3.53214 0.338634
3.389921 0.4374232
3.264601 0.1872775
3.305479 0.213528
2.821574 0.2833721
2.950781 0.4239562
3.473262 0.1253222
2.96239 0.3638995
2.653789 0.3387032
2.624648 0.2403289
2.76008 0.338406
2.86495 0.1831143
2.57297 0.1589849
3.092606 0.2461481
2.527841 0.2868964
2.961808 0.3532747
2.679657 0.2441573
2.957351 0.09446752
2.983459 0.3557662
2.406203 0.1694771
2.390119 0.1241076
2.5897 0.2984893
2.674084 0.198252
2.605337 0.3895084
2.565087 0.3199164
2.895476 0.495233
2.997722 0.07269549
2.73904 0.2125146
3.282373 0.2594364
3.1168 0.392078
3.587949 0.2098867
2.705252 0.04867937
2.89005 0.2898332
3.365057 0.298302
3.379414 0.0342452
3.242594 0.178871
3.498303 0.49215
3.101273 0.1542226
2.823095 0.4258244
3.085933 0.3048694
3.073126 0.4585647
2.696787 0.3466747
3.421223 0.4215191
3.461437 0.2339328
3.147423 0.4443334
2.573015 0.2663596
3.239135 0.1451342
2.852773 0.3782241
2.871106 0.3802257
2.727437 0.2148815
3.177728 0.3801835
3.295886 0.1560696
3.168939 0.4469245
2.411872 0.06827069
3.189884 0.355061
2.785071 0.2618703
2.379853 0.3488462
2.402769 0.3444006
2.354423 0.4211613
2.867998 0.2272736
3.051231 0.4107377
2.845558 0.1684359
2.696679 0.4535016
3.857375 0.2254377
2.870697 0.4076571
3.667684 0.2998005
3.219898 0.2868017
3.333412 0.3625015
3.339854 0.3357904
2.64388 0.3131595
3.146894 0.2451681
3.30444 0.1902781
3.1126 0.387383
3.97912 0.2875424
3.074447 0.43114
3.387572 0.2658254
3.41776 0.1228409
3.843135 0.1855445
3.452166 0.02804435
3.142382 0.4590838
3.205128 0.1902745
3.161033 0.3012854
2.997511 0.1367496
3.222794 0.4681964
3.150902 0.4651945
4.278127 0.04165724
3.684165 0.2312424
3.099003 0.07647593
2.988927 0.4099887
2.576348 0.2820319
2.808865 0.1964346
2.737485 0.4318558
2.586229 0.3771867
2.80286 0.2711269
3.279602 0.4989245
3.038631 0.09335488
3.519885 0.3015908
3.449981 0.4212589
2.559484 0.1833433
3.231042 0.0752565
2.759498 0.4346226
2.955243 0.2441751
3.699613 0.08456081
3.20777 0.1613301
3.042278 0.03318415
2.958832 0.4335953
2.716357 0.2604336
3.363276 0.4906573
2.589486 0.1658895
2.478476 0.1376309
3.184656 0.3048544
3.247471 0.2841853
3.154752 0.09484495
3.219681 0.1260169
3.204015 0.3787641
3.163397 0.3581637
2.810244 0.4458138
3.47237 0.2857888
2.805722 0.3860351
3.630019 0.4127749
3.427421 0.2179485
3.09875 0.3129657
2.57079 0.2270938
2.704937 0.2818759
3.681138 0.4201786
2.855573 0.430393
3.496931 0.3320994
3.05879 0.03749446
3.824641 0.07357509
3.093163 0.2961316
2.761064 0.3877454
3.051311 0.1383748
3.687692 0.15579
3.567877 0.372314
3.102386 0.183919
3.545765 0.02907418
2.811643 0.4144459
2.897765 0.3206898
3.095172 0.3365611
2.626485 0.4011035
2.980046 0.2764543
2.871248 0.4064845
2.856237 0.08893157
2.811686 0.07202356
3.21396 0.453848
2.967205 0.324748
2.801412 0.4362225
2.618535 0.4913413
2.831515 0.4125718
3.593027 0.2499431
2.911666 0.03165265
3.43857 0.3080497
2.601911 0.3607316
2.878693 0.3228863
3.317584 0.4158934
2.727278 0.2413788
3.040934 0.1623861
3.370125 0.1393119
2.900568 0.389731
3.77835 0.3760886
3.133924 0.3122886
3.456894 0.2383098
3.075013 0.4408237
4.054616 0.4089262
3.719462 0.3218236
3.596358 0.3379357
3.263402 0.1865845
3.454735 0.3322258
3.567504 0.4223699
3.291565 0.2260726
3.964684 0.3622072
3.268478 0.248367
3.043278 0.3009708
3.68658 0.09177065
2.965071 0.191255
3.970214 0.2978751
3.071375 0.2255649
3.567709 0.04873723
3.486249 0.4412995
3.060387 0.1068595
3.595064 0.3351995
2.877665 0.3208776
3.627158 0.3713445
2.861074 0.1556691
2.446662 0.3495535
3.133828 0.07539189
2.874702 0.315301
2.789803 0.3445429
2.980365 0.1171722
2.995247 0.2599495
2.694681 0.08977567
2.768952 0.3180242
2.451624 0.3776019
2.565758 0.2543291
2.463587 0.2926678
2.746341 0.3826381
2.804949 0.4152224
3.133383 0.1421326
3.267569 0.2941872
2.842659 0.3332619
3.208505 0.1449843
3.17065 0.4381881
2.88454 0.2578219
2.909768 0.1415768
2.903332 0.4202433
2.262358 0.09030369
3.075928 0.2247753
3.026814 0.3722963
2.855852 0.2764567
3.010892 0.3503608
3.114614 0.3758354
2.591871 0.07129563
3.028114 0.4032457
3.08489 0.2492647
3.260779 0.1766902
3.244198 0.06537834
2.94431 0.1558168
3.078948 0.279079
3.382619 0.2151012
3.028038 0.3369695
3.341871 0.4509709
4.24977 0.2847933
3.090831 0.1074018
3.571716 0.3735724
3.278546 0.4109135
2.955176 0.03690165
2.447663 0.3285988
3.331188 0.4615157
2.999977 0.1841831
2.882465 0.03584048
2.856619 0.09890989
2.560001 0.4635005
3.302842 0.3801673
3.06733 0.3751113
3.00539 0.3022403
2.997779 0.3664404
3.484195 0.3838937
3.199557 0.2296298
2.847559 0.1962284
3.337282 0.3335699
3.448644 0.3424868
3.4157 0.1464495
3.516345 0.4505269
3.184014 0.2816039
3.223227 0.2796415
3.04789 0.1814423
3.118757 0.3707838
2.937702 0.3768816
4.06052 0.1756862
2.808265 0.1570287
2.80993 0.2994123
2.952032 0.2689678
3.433931 0.257234
3.189372 0.1750812
2.861204 0.2251004
2.80496 0.3146634
3.086749 0.05244021
2.842275 0.2287568
2.503653 0.04786746
2.923331 0.3244782
2.625753 0.059224
3.084294 0.2330748
2.968218 0.4763121
3.155157 0.3798062
3.59004 0.1868127
3.041099 0.1661961
3.40303 0.2215138
2.552356 0.3544376
2.77919 0.1895947
2.821449 0.4684321
3.595321 0.3704948
3.021144 0.3709596
3.042866 0.1817535
3.248027 0.3894869
2.812755 0.3175993
3.186439 0.2248112
3.430015 0.2625532
3.373223 0.3817166
3.391429 0.4819661
3.233996 0.0674748
3.323625 0.24262
3.176725 0.274295
3.434944 0.3992139
3.231245 0.3074305
2.888662 0.2035543
3.160707 0.254142
2.861851 0.3338766
3.258144 0.2873739
3.224148 0.1841957
3.256867 0.4752468
2.906024 0.2343724
3.289401 0.2786953
2.861159 0.35603
3.134683 0.2925675
2.975898 0.3309884
2.951101 0.3204921
3.503176 0.1898914
2.923629 0.4660488
2.732551 0.4704324
3.069415 0.4166925
3.385828 0.03030392
3.214483 0.08588988
2.600468 0.3532715
2.697202 0.4208774
3.254142 0.2562218
2.983899 0.1997885
2.509404 0.3935702
2.634304 0.3666242
2.205159 0.3319505
2.826106 0.4551226
2.756521 0.364897
2.821434 0.3738627
3.033131 0.409631
3.164754 0.2876055
2.978965 0.3285488
2.811169 0.07532429
2.698321 0.3477366
2.874427 0.3449792
3.055321 0.458188
2.82646 0.0969617
2.985445 0.2391924
3.352979 0.4908686
2.599697 0.4480552
3.371189 0.2293231
3.052235 0.08076842
2.950831 0.3624282
3.264737 0.2811327
3.227743 0.2027796
3.108534 0.3863043
3.095647 0.2297211
3.169609 0.4534031
2.832318 0.2298836
3.21217 0.3195994
3.241575 0.1000985
3.469859 0.4058712
2.969492 0.4488156
3.061889 0.2995901
3.306766 0.3919664
3.427541 0.09070053
3.325024 0.06281213
3.004886 0.3906014
3.220539 0.4205832
3.052683 0.2670132
3.21759 0.1924475
3.226266 0.3265456
3.615458 0.2266511
2.812417 0.1375887
2.889677 0.3615605
3.005895 0.1328561
3.335946 0.3490165
2.577516 0.4907065
2.924541 0.3107121
2.946643 0.2344043
2.698782 0.04741425
3.213737 0.1009605
3.775717 0.09876719
3.206736 0.3126305
2.635654 0.2263998
3.037479 0.476127
3.125482 0.2427542
3.056369 0.1208711
3.181646 0.1703767
2.981861 0.3116179
3.047954 0.3724926
2.602952 0.1285836
2.526628 0.3183565
2.476832 0.2481685
3.08964 0.1268827
2.964336 0.2400519
2.930953 0.3319035
2.683838 0.3489512
3.099537 0.3144893
2.824372 0.4652861
2.80663 0.2855495
3.452447 0.3029828
2.717788 0.2942769
2.567911 0.1390464
3.804985 0.1130016
3.168926 0.4610263
3.205662 0.4203187
3.511345 0.2338119
2.992522 0.4172595
2.828098 0.4816888
2.488549 0.05882746
2.597157 0.392805
2.683585 0.3710017
2.304099 0.3377248
2.530456 0.2609165
2.475937 0.4465581
2.630845 0.4345558
2.632964 0.17801
3.272115 0.3330891
3.287897 0.4126548
3.361362 0.4554366
3.417496 0.3707284
3.169616 0.2955627
3.333768 0.3941216
3.379363 0.4473915
2.569583 0.07463129
3.197375 0.04768018
2.917895 0.4944475
3.451703 0.3217933
2.950913 0.4852022
3.390076 0.4355215
3.027924 0.4288065
3.430152 0.3925054
2.83272 0.1481269
3.118266 0.2783073
3.315383 0.4416484
3.5621 0.1239719
2.790467 0.08490543
3.005079 0.03237626
2.312309 0.1465585
3.08556 0.073036
3.171247 0.1556591
2.924215 0.3799487
2.429007 0.1404689
2.918541 0.214936
3.328684 0.3868734
2.917136 0.3254498
3.41429 0.4317321
2.893589 0.2670317
3.299792 0.2896728
3.396855 0.234023
3.464996 0.4334912
3.065585 0.08974476
2.991642 0.3981843
2.805939 0.4595191
3.209179 0.2744549
2.738849 0.2147493
2.763272 0.06349201
3.73535 0.4322136
3.44815 0.2823293
2.786124 0.3510401
2.926006 0.4345714
2.957024 0.1541706
2.957694 0.3192707
3.138708 0.4847134
2.606342 0.1094488
3.339531 0.4543042
2.543032 0.1621374
3.1281 0.1855864
2.687581 0.4400914
2.765083 0.1205795
2.5955 0.1127281
2.65933 0.2481822
2.711739 0.2320754
3.236815 0.3234754
2.927093 0.306782
2.906346 0.2604918
2.619661 0.2875201
2.776134 0.05198958
2.383369 0.3961399
3.201874 0.3667848
3.210623 0.08904208
2.82031 0.4251302
2.721719 0.3217174
3.150703 0.2013197
2.977934 0.09516398
2.785091 0.4372119
3.494575 0.2727672
3.647532 0.2351928
3.85968 0.2545962
3.448531 0.07538753
3.487611 0.2196309
3.340903 0.3659145
3.222029 0.3788488
3.036173 0.3852215
3.003246 0.2726374
2.581539 0.4892356
3.343618 0.1520377
2.898357 0.2753202
3.343982 0.05596107
3.482932 0.3517199
3.249908 0.4644251
3.505284 0.189607
3.80737 0.3095567
3.489699 0.125841
3.14918 0.4070719
3.440943 0.4708613
2.667531 0.2733589
3.331026 0.1989049
3.744667 0.09711209
3.305668 0.1452378
3.677363 0.3325058
2.780257 0.3234304
2.751221 0.3979899
3.125962 0.4164435
2.854476 0.1277687
2.573448 0.2499681
2.957532 0.271647
3.366526 0.4681719
3.086898 0.2301956
2.827196 0.1468466
3.134458 0.3535054
3.223465 0.4280846
3.279086 0.4759314
3.090655 0.4788012
2.711095 0.3164054
3.18817 0.1240639
3.174646 0.22287
2.979883 0.2217555
2.773988 0.1665553
2.844951 0.426616
3.141952 0.3466291
2.837231 0.3719833
3.412418 0.2779994
3.033884 0.246309
3.734654 0.4250299
3.627465 0.4194461
3.725285 0.4136638
2.997401 0.1896937
3.114666 0.2398177
3.14289 0.1941139
3.149084 0.3469562
2.886754 0.05839833
2.999455 0.2322798
2.660372 0.08573496
3.256067 0.1486335
3.269827 0.4524688
2.753601 0.3321823
2.757427 0.4138935
2.578545 0.4213704
3.071747 0.3898884
3.374055 0.2807007
2.790376 0.1210905
3.261043 0.08345991
2.781667 0.2899422
2.652191 0.1240465
3.070228 0.03068449
2.514457 0.363336
3.281609 0.3252208
3.088304 0.4750689
2.843675 0.3079131
2.79214 0.2492271
3.175398 0.3509037
3.285341 0.4864119
3.159931 0.2056083
3.613978 0.2809572
3.336231 0.2697595
2.722208 0.3507397
3.347621 0.3120926
2.961663 0.1222198
2.900455 0.2300533
2.45787 0.4090362
2.926615 0.3317678
3.183306 0.2780974
2.778289 0.4562321
2.800627 0.456152
2.670702 0.1911355
2.943935 0.3829097
3.023936 0.2897628
3.170451 0.3631623
2.864522 0.2029042
3.007279 0.2061332
3.197183 0.4132271
3.171018 0.3851429
2.830654 0.4172542
2.956713 0.3687542
2.888387 0.1999418
3.72941 0.2722215
2.756408 0.3778296
3.228589 0.3658724
3.111187 0.3250854
2.53835 0.2115851
2.829742 0.1379545
2.518714 0.4161162
2.988129 0.07628581
3.082728 0.157833
2.729602 0.1798885
3.27364 0.4255472
3.287902 0.3132464
3.514817 0.1774996
3.719564 0.09762606
3.285774 0.1621257
3.878774 0.308396
3.19634 0.08012907
3.166286 0.4134292
3.316191 0.2128829
2.96413 0.20703
2.477513 0.09395055
2.50093 0.406478
2.34837 0.3633565
2.658201 0.4159308
3.076523 0.2439683
2.628806 0.2701368
3.467518 0.120526
2.776579 0.3404364
3.752165 0.1203535
3.185839 0.3814848
3.417351 0.292513
3.497737 0.1181447
2.865037 0.1423362
2.990771 0.2339723
3.149225 0.2497781
3.450273 0.2959868
3.062856 0.1769887
2.858656 0.2698641
2.835487 0.04405842
3.2995 0.2749632
2.95442 0.284662
2.688009 0.4118289
3.452696 0.311546
2.94593 0.4763731
2.860195 0.1869749
2.467908 0.4816093
3.075801 0.4517302
2.893751 0.2192164
2.446504 0.2970614
3.15181 0.3672019
3.100237 0.3797051
3.51698 0.4961427
3.420828 0.3832657
3.639063 0.1942798
3.245631 0.4184453
2.82056 0.3004562
2.918621 0.36619
2.929145 0.3526019
2.683599 0.4715277
2.835827 0.4811346
2.560566 0.1428554
2.675334 0.1362307
2.715607 0.3318074
2.449959 0.3138474
2.412601 0.3743138
2.876846 0.48152
2.838139 0.1437407
2.203885 0.02589112
2.614225 0.2083105
3.105196 0.4741125
2.839153 0.2902483
2.881812 0.2446861
3.306602 0.1780502
3.365731 0.2382793
3.115572 0.453981
2.861681 0.1221943
2.981788 0.2971252
2.983221 0.355564
2.573769 0.1619453
2.890926 0.2456122
2.724663 0.3564582
2.991648 0.191171
3.463487 0.1607095
3.016809 0.3257553
3.539253 0.153464
3.061188 0.4651404
3.677995 0.3514922
3.366197 0.0509736
3.277519 0.1205155
3.040102 0.2426936
2.683213 0.1758732
3.431096 0.3749757
2.974996 0.1562301
3.518493 0.3219619
3.729908 0.08811657
3.0709 0.16015
3.036853 0.2804443
3.171029 0.1349742
2.727112 0.4985552
2.756986 0.3413847
2.846109 0.3415629
3.012727 0.4592908
3.091193 0.2219824
2.937043 0.3398579
2.91244 0.2853815
2.8926 0.08017081
3.004427 0.2372495
3.014867 0.4671083
3.073762 0.4201493
2.69559 0.1935923
2.823395 0.3390152
2.462157 0.2294212
3.141622 0.2753157
2.910524 0.3613367
3.014309 0.4878565
3.121158 0.136167
3.070179 0.2365291
2.981903 0.3654015
3.172455 0.2563095
3.191133 0.4705459
3.459968 0.4393732
2.931875 0.4386164
3.039342 0.2765239
3.268176 0.4858942
3.173256 0.2664139
2.691178 0.2250011
2.925738 0.4223958
2.611635 0.1386024
2.726126 0.3331868
2.218842 0.3983216
2.503613 0.476266
2.915239 0.4900239
3.243389 0.2322907
3.176458 0.3842595
3.461675 0.1345679
3.661674 0.4883269
3.936958 0.2597259
3.340025 0.4949741
3.328292 0.1479611
3.938244 0.2184309
3.289646 0.04636298
2.936707 0.1538703
3.309694 0.1734506
3.024415 0.4700281
3.126012 0.2484117
3.343321 0.1979699
3.153373 0.1738108
2.59029 0.3869623
3.135551 0.2761683
3.138476 0.3219971
2.645798 0.3628875
2.62461 0.2989997
2.917075 0.08290818
2.61215 0.07440693
3.444684 0.3101147
3.160545 0.4398999
3.072558 0.2514024
2.941064 0.4432634
3.320678 0.1462043
3.147492 0.4261136
2.724458 0.3431981
3.123091 0.0569701
3.017017 0.4696994
2.689902 0.2003656
2.513203 0.1661596
3.308818 0.1397598
3.456145 0.2391855
3.165014 0.3147669
3.00675 0.3307471
3.202913 0.4277509
3.311133 0.3135768
3.226486 0.4520019
3.18433 0.1884709
3.103253 0.2397052
3.141485 0.420656
2.970944 0.1397814
3.212043 0.2080051
3.407308 0.3808753
3.28824 0.4897278
3.163045 0.3572553
2.554299 0.4736066
3.031285 0.2331757
3.098384 0.09492473
3.14733 0.4432479
3.283085 0.2122911
2.538902 0.07963959
3.456144 0.1907968
3.30739 0.1593196
2.746798 0.3068871
3.517583 0.306749
3.209703 0.3641839
4.025218 0.4613197
2.901282 0.2239204
2.965532 0.1678877
3.195154 0.3178676
2.990581 0.2635756
3.802706 0.482214
3.228794 0.2710485
3.051813 0.1649759
2.609735 0.2661576
3.449019 0.4329351
3.196208 0.3227256
2.918747 0.4791275
2.673438 0.113352
3.184066 0.025117
2.762981 0.3746313
3.084605 0.4749826
3.223393 0.1589579
2.975015 0.3660698
2.56749 0.4040767
2.969143 0.3242337
2.725169 0.1597516
3.10832 0.4058192
2.728288 0.1692292
2.867471 0.2974552
3.356526 0.2763036
2.972955 0.1968658
2.731492 0.2940715
2.990403 0.4551099
3.034347 0.185586
2.968909 0.2743747
2.853649 0.2078306
3.376432 0.08351758
3.261024 0.1906836
2.876819 0.3211128
2.897756 0.09926414
2.767979 0.259318
3.043433 0.3643687
2.618484 0.2333537
2.63415 0.2109812
2.787192 0.1919741
3.089633 0.4319865
2.813436 0.08606746
2.789847 0.2021559
3.349883 0.4836723
2.968948 0.2061407
3.080638 0.1885792
3.489936 0.2741955
3.326274 0.2266807
2.793254 0.4558666
2.784935 0.3828727
2.756988 0.3812443
3.028214 0.4772795
2.8504 0.232705
2.917962 0.4537369
2.714081 0.1948063
2.597816 0.3184305
2.972548 0.09995091
2.69218 0.2643131
2.637491 0.2921827
3.090414 0.1814001
3.165754 0.1237322
2.96774 0.1660868
2.845458 0.4552097
2.808807 0.1231729
2.628505 0.02905637
2.850646 0.1224727
3.195364 0.1430869
3.088922 0.4879157
2.700526 0.1330425
3.446872 0.4239178
3.058428 0.3098861
2.609085 0.09531281
2.884454 0.3023608
2.96153 0.4236818
3.224694 0.3105725
2.993753 0.4300543
3.764932 0.246248
2.918005 0.2496408
2.72554 0.142244
2.666487 0.3450129
3.797727 0.1219501
3.320567 0.3185103
2.936568 0.1089441
3.060208 0.2710015
3.766583 0.3071668
3.197483 0.2059288
2.859297 0.1703519
3.023698 0.2010133
2.654649 0.1987034
3.063291 0.4257608
3.267619 0.09773561
3.062584 0.1319506
3.287967 0.4853678
3.428368 0.3317496
3.176507 0.2081963
3.209449 0.4885559
3.075659 0.09244411
3.131246 0.1915493
3.133391 0.2385766
3.389903 0.2706058
3.554771 0.3875077
2.741472 0.2352407
3.393843 0.1778134
3.025965 0.2304237
3.183705 0.1970414
3.169299 0.396649
2.846059 0.3318616
2.856382 0.1653001
2.700954 0.2312811
2.739633 0.362326
2.708168 0.452202
3.199786 0.07790962
2.770728 0.1743552
2.447953 0.4777278
3.728075 0.3244289
3.021233 0.1914313
2.624132 0.4930972
2.421011 0.2059045
2.995994 0.3525147
2.830116 0.4905922
2.455381 0.417883
2.631974 0.2376488
2.83797 0.3366728
2.529178 0.1778283
3.095984 0.3106728
3.097538 0.3970032
3.426507 0.1469558
2.789702 0.3334993
2.930743 0.1306645
2.726766 0.1513114
3.198027 0.3957195
2.683197 0.2407659
3.122492 0.4925632
2.918549 0.444828
3.011079 0.1587555
2.909333 0.4217848
2.744844 0.255287
3.040408 0.1324015
4.000016 0.4305674
3.348389 0.2718342
2.577982 0.351139
3.307275 0.451355
3.349227 0.1164565
2.731219 0.05116659
3.365691 0.2484571
3.226307 0.2020498
3.468436 0.2879513
2.56676 0.2704984
2.665323 0.4992379
2.465098 0.2827308
2.708172 0.4357488
2.584883 0.1420917
2.581085 0.3237396
2.666002 0.4556502
2.683349 0.1701329
2.745872 0.1870842
2.717451 0.09069607
3.293731 0.3277839
2.527911 0.3934498
2.439051 0.249326
2.705857 0.2368069
3.323019 0.3376247
2.532363 0.4979532
3.593573 0.2978976
2.961209 0.4422125
2.980082 0.435456
3.17416 0.4623885
2.757189 0.2778611
2.244188 0.05063727
2.628031 0.4368357
2.591832 0.2944644
2.725694 0.2634782
3.112221 0.0730526
2.679607 0.3831956
3.06499 0.1160971
2.823417 0.2138232
3.491403 0.08040748
3.538759 0.1260768
3.28262 0.4131236
3.337511 0.1263096
3.488623 0.1422666
3.107111 0.1280585
2.843022 0.2120652
2.773945 0.3241224
3.239428 0.4485286
2.981057 0.4172184
3.593338 0.2190503
3.066818 0.3166399
3.802632 0.1984945
3.158925 0.1336329
3.484957 0.159802
3.779209 0.1738776
4.114996 0.4629123
3.783602 0.3267893
3.747086 0.2040597
4.02419 0.09630617
3.628186 0.06762244
2.713111 0.3676523
2.967951 0.2173442
2.843688 0.2366675
2.950874 0.09458125
2.677938 0.2242853
3.173793 0.2216161
3.229034 0.2923555
3.329032 0.25926
3.071424 0.3171093
3.53593 0.2243209
3.892244 0.0456571
3.367904 0.4465298
3.353095 0.08993182
3.114288 0.4176888
2.884546 0.2299407
2.957889 0.1966671
3.764884 0.2413822
3.408747 0.3311581
3.855627 0.1397032
3.275019 0.3011975
3.056931 0.4079998
3.253355 0.3493031
2.546244 0.4539149
3.183871 0.1933531
3.517309 0.1050019
2.87173 0.2737568
2.912735 0.4764849
2.706206 0.4428883
2.828409 0.1988066
3.050931 0.303605
2.945078 0.1262362
3.141172 0.2201525
3.452767 0.2193602
2.74971 0.4865644
2.511039 0.1430724
2.938477 0.06850475
2.776402 0.1450793
2.656868 0.1068757
2.688031 0.4504454
3.021972 0.3227515
3.044985 0.4112736
2.823192 0.1214204
2.820982 0.4253053
2.647406 0.4039114
3.507915 0.3418941
2.677126 0.3485606
3.066393 0.2900946
2.954682 0.481952
3.062304 0.4044431
2.886404 0.3005203
3.586769 0.3848165
2.806744 0.06255746
2.536466 0.2953676
2.919218 0.1110621
3.3773 0.3825818
2.63185 0.4448889
3.054986 0.494634
3.303862 0.3023524
3.664758 0.2955796
3.111858 0.484571
3.388838 0.2470693
2.941203 0.3997502
3.400537 0.2382257
2.799641 0.09463829
2.966308 0.04929888
3.10086 0.3928887
3.128918 0.483502
2.858057 0.3262312
2.696748 0.3934049
3.338097 0.2005745
3.395007 0.3265389
2.89452 0.3530574
2.916497 0.2704395
3.201933 0.2857318
3.114752 0.3547113
3.409444 0.3003478
2.691259 0.4053457
2.634186 0.3252671
3.463097 0.366673
3.895095 0.04985708
3.392358 0.4669156
3.257413 0.2673099
2.777996 0.2846997
3.544784 0.4211549
2.670122 0.2552478
3.934274 0.2931373
4.259247 0.2003987
3.054014 0.2593536
3.388564 0.3747965
3.003458 0.1695582
3.304035 0.3761402
2.49318 0.2659351
2.980679 0.2766473
3.202845 0.4446733
3.707785 0.1708517
3.077075 0.3572161
3.014446 0.2767915
3.045377 0.4390983
3.136614 0.2889545
2.804266 0.1786351
3.187913 0.08615489
2.898512 0.4546587
3.06858 0.1813156
3.348263 0.2197626
2.849928 0.2670812
2.851798 0.4604154
3.13423 0.3374202
3.474809 0.3940139
2.857302 0.07597713
3.005503 0.3336459
3.299544 0.4669837
3.21379 0.06426854
2.849396 0.1113045
3.113889 0.4571813
3.126798 0.4764187
3.784794 0.2640889
2.709249 0.3266641
3.416644 0.4453549
3.039192 0.1415914
2.992737 0.4615477
3.104972 0.2201984
3.30082 0.07459785
3.044137 0.4655871
2.600991 0.3599175
2.655155 0.2565674
2.83396 0.1953144
3.022795 0.4924631
3.324564 0.3902527
3.499523 0.3251097
3.022793 0.19189
2.915128 0.3548892
3.113356 0.4997931
2.975748 0.4484283
3.71532 0.3085781
2.704785 0.09379754
3.145155 0.3961262
2.717899 0.1323781
2.807025 0.3095357
2.625835 0.2200476
3.031908 0.4590634
3.132324 0.2574281
2.983752 0.3132016
3.457663 0.3919476
2.84143 0.4399814
3.036606 0.1631174
3.347354 0.2326805
2.832097 0.4168285
2.715509 0.386059
2.731745 0.1151608
3.227691 0.2877291
3.255427 0.2818083
3.059738 0.4614454
2.914078 0.4685557
2.958359 0.3246396
3.293068 0.1778768
3.223852 0.4977634
2.791552 0.09517762
3.305394 0.05937021
3.251103 0.333573
3.388193 0.26608
2.932033 0.3035622
3.116601 0.2824515
2.931611 0.4485953
3.037377 0.09906811
2.458548 0.139496
2.887626 0.1190791
2.804435 0.1743071
3.102513 0.2731983
3.385437 0.284644
3.051898 0.3525369
3.035298 0.2412715
3.270489 0.3830533
3.115796 0.3460657
2.301341 0.3046375
3.130449 0.2209588
2.663314 0.3736855
3.509152 0.3187295
3.236469 0.3092729
3.470806 0.4141321
2.797329 0.3607004
3.259111 0.1295887
3.481105 0.4971138
3.422216 0.4637177
3.240599 0.2848575
3.989255 0.2834712
3.397844 0.3624063
3.01219 0.1044636
3.276914 0.3147754
3.970187 0.4002305
3.079636 0.447896
2.788534 0.3686761
3.047251 0.02801002
2.923206 0.4421753
2.816885 0.2600883
3.086188 0.1405644
3.282364 0.1159204
3.387375 0.4539578
3.18579 0.4690934
3.016873 0.2021355
2.885745 0.4506768
3.322217 0.4094606
3.17191 0.3643138
3.15987 0.09051644
3.455663 0.06332656
3.100132 0.2614731
2.745529 0.08194177
2.819137 0.353792
2.952687 0.4821561
3.391333 0.3104619
3.468024 0.2553343
3.399163 0.3591167
2.82989 0.199584
2.984882 0.3767756
2.993361 0.3456885
3.428366 0.3459836
3.057436 0.4965971
3.236555 0.4021264
3.746005 0.2929448
3.101279 0.4165485
3.487761 0.1447107
3.305607 0.1159241
3.840983 0.3120006
3.435668 0.1762865
3.171879 0.05206529
3.59616 0.400163
3.521389 0.4599022
3.398971 0.1620749
3.195919 0.2115688
2.982494 0.2681729
3.0108 0.4235018
3.815713 0.2434729
2.789065 0.2942264
3.072794 0.4305399
3.303485 0.1695559
3.407874 0.1835203
3.228765 0.1749458
2.854311 0.364267
3.331827 0.1565681
3.331253 0.1852493
3.544342 0.1949954
3.229813 0.1182465
3.900104 0.492533
3.515063 0.3151762
3.260156 0.0949234
3.658869 0.2079114
3.76154 0.3535394
4.288408 0.2298125
3.364155 0.4324902
3.621555 0.08385035
3.910091 0.1803232
2.941166 0.1820307
3.331245 0.02149911
3.231803 0.2163427
2.912944 0.4180108
2.965919 0.300552
2.886372 0.3892418
2.823627 0.08165081
3.156012 0.2123511
2.969295 0.1130524
3.127588 0.3987952
2.839045 0.1008354
2.577251 0.2077215
3.297869 0.3344877
2.931338 0.3483042
3.038492 0.4585206
3.543206 0.2614117
3.076519 0.3451909
2.733274 0.2622076
2.504875 0.2642155
2.828572 0.3037899
3.018605 0.37171
2.562033 0.3774495
2.80308 0.2040621
2.92556 0.3065997
2.424554 0.3045103
2.745844 0.2624426
2.523629 0.3900779
3.25736 0.3676956
2.635455 0.278254
3.23946 0.2621813
2.896985 0.4774045
2.882531 0.2481911
3.073146 0.1484243
3.769252 0.3021799
3.822394 0.3715128
3.728451 0.1444089
2.725406 0.4757551
3.091295 0.1411718
2.889577 0.4986505
2.845861 0.3408861
2.540417 0.4975232
2.59836 0.1741403
2.897239 0.1052926
3.554638 0.06972873
2.770845 0.08844543
3.783878 0.1913014
3.348234 0.2829015
3.608129 0.3442734
4.113215 0.1395171
3.375854 0.3144147
3.185666 0.3626176
3.487272 0.07496247
3.235895 0.1296098
3.428011 0.3988437
3.369468 0.06837015
3.725909 0.2697535
3.403872 0.3883968
3.43399 0.053909
3.039452 0.3105738
2.765615 0.3555866
3.235937 0.3983508
2.776541 0.2579285
3.061342 0.127428
2.954893 0.3224116
2.967908 0.353602
2.974764 0.4344701
3.238303 0.2933518
2.923303 0.4423488
3.047115 0.1390141
2.894352 0.4481875
3.165098 0.2548552
2.931784 0.4954789
3.195642 0.3451834
2.78983 0.1801568
3.181639 0.4947736
2.675308 0.2395223
2.930787 0.1525973
3.148528 0.2930277
3.336955 0.2840873
3.17776 0.3464704
3.26323 0.4147518
3.45999 0.1901256
3.553913 0.2059679
2.879057 0.2852574
2.954954 0.2756408
2.697723 0.2812034
3.086214 0.1867856
3.181816 0.4676863
3.430778 0.2263812
2.782214 0.3213198
2.902315 0.2388261
2.6864 0.1406456
2.99553 0.4261661
2.792277 0.3882034
3.107015 0.2187509
2.672836 0.1593826
2.84225 0.4445817
2.554522 0.1456945
3.634005 0.2644178
2.638233 0.4579192
3.062135 0.3499173
3.273092 0.1818789
3.220557 0.18943
2.500256 0.289679
2.801764 0.1127427
2.360986 0.2039186
3.294852 0.4421754
2.804349 0.4564542
3.389896 0.260228
2.898695 0.4037069
3.439183 0.2471352
3.649565 0.4767673
3.018255 0.3089218
3.045403 0.2453226
2.918845 0.1820954
3.164264 0.1118925
2.844051 0.3414588
2.775368 0.124509
2.873864 0.4508285
3.212959 0.2977591
3.193992 0.1810144
3.113193 0.4610965
2.511248 0.4084478
2.670897 0.1248703
3.207848 0.4000649
3.293067 0.4721837
3.383451 0.1210909
2.858145 0.2707281
3.260591 0.1010381
3.742446 0.2052598
3.420619 0.09169336
3.312897 0.05743698
3.292478 0.3867689
3.36562 0.1076404
2.995886 0.4622635
2.57406 0.2099994
2.704482 0.4151567
3.077853 0.1924314
3.108145 0.09200092
2.901181 0.4213165
3.473943 0.2474673
3.204967 0.4491492
3.130546 0.4200628
2.888605 0.3843968
2.83966 0.2942439
2.575882 0.1740668
2.661184 0.3148694
2.4916 0.4005779
2.602369 0.4638737
2.470134 0.2213428
2.405325 0.1840355
2.694961 0.2285594
2.73031 0.2726266
3.466907 0.1648236
2.929487 0.1380776
3.064436 0.3470398
3.042534 0.491713
3.235857 0.2616282
2.493265 0.4711783
2.583747 0.4794533
2.69167 0.02847185
3.000543 0.4764483
2.73362 0.2319035
2.63463 0.1092012
2.589049 0.4439033
2.917859 0.3744118
3.075531 0.3876776
2.839185 0.03805564
2.666977 0.3595068
2.941323 0.445349
3.167406 0.1158843
2.894473 0.4920753
2.561149 0.1991073
3.418509 0.3063351
2.779733 0.3266365
2.836494 0.2031579
2.396327 0.2618456
2.756706 0.326325
2.934125 0.439811
2.705851 0.1838237
2.852463 0.3856302
2.851678 0.3970937
2.61011 0.405842
3.065631 0.474301
2.634606 0.3401598
2.860791 0.2636939
3.202222 0.4141382
3.470653 0.1130168
3.39541 0.3809387
2.565348 0.09671268
3.092386 0.2117934
3.41839 0.03950254
3.289291 0.1691959
2.867227 0.4282869
3.082375 0.3427454
2.851629 0.2468639
3.34969 0.4982931
3.081731 0.3645785
3.23132 0.3493896
2.642858 0.3488265
3.009523 0.2637502
3.178042 0.2786453
3.067208 0.4557269
2.786645 0.4526342
3.16587 0.2760627
3.256961 0.3110054
2.350355 0.1725692
2.823966 0.09581831
2.764522 0.1943015
3.3385 0.2190836
3.081134 0.4647564
3.150578 0.1449933
3.557877 0.07334888
2.849503 0.3439298
2.989183 0.3625767
2.766301 0.2261467
2.574806 0.1099833
2.900431 0.3049752
2.733122 0.3571422
3.03757 0.3805875
3.809528 0.02434587
3.252715 0.1654114
3.522889 0.1792761
3.196217 0.3425385
2.848826 0.09388655
3.384181 0.469526
2.947009 0.2625717
2.900328 0.4931308
2.838227 0.1256243
2.55097 0.3722944
2.978329 0.1148978
2.834168 0.1707688
2.758503 0.3817707
3.261951 0.1496161
2.528351 0.4328687
3.414397 0.4116942
2.935773 0.3937342
3.295559 0.4138183
3.100084 0.2731597
3.017445 0.1909033
3.164838 0.1559398
3.822428 0.1869625
3.441303 0.3763003
3.842519 0.2537937
3.625028 0.3277778
3.031758 0.07769098
3.02591 0.4020433
2.941767 0.3815644
3.719479 0.3339136
2.701038 0.4581467
3.371818 0.3767573
3.359595 0.3678129
3.440189 0.1106745
2.929501 0.221646
3.9727 0.4977952
2.746299 0.4277844
3.009649 0.4132016
3.516287 0.03222929
3.779526 0.2575933
3.396065 0.3547924
2.986388 0.232567
3.929259 0.3094384
2.660083 0.2356856
3.410646 0.3023798
4.007072 0.4889398
3.686894 0.2525708
4.493153 0.2907935
3.362166 0.2500077
3.194255 0.4304645
2.941914 0.3204119
3.205578 0.2734774
3.219765 0.4920203
3.688961 0.2537568
3.46921 0.3037195
3.431088 0.3755271
3.931905 0.271459
3.130947 0.07656274
3.480458 0.4545006
4.015384 0.3365078
3.38794 0.4837305
3.235749 0.1834159
2.97206 0.2955796
2.943 0.214959
3.108503 0.1061604
3.216468 0.07096915
2.709334 0.3886236
3.697616 0.4519183
3.389583 0.02540185
2.498991 0.1642824
3.051306 0.1996178
2.93643 0.1588536
3.671785 0.169904
2.859235 0.3467835
2.921429 0.270712
2.855861 0.1089872
2.872186 0.1636239
2.870996 0.1947082
3.136846 0.1398065
3.2925 0.1261693
3.054754 0.1972868
2.694306 0.4683157
3.219603 0.4399111
2.797555 0.2027524
2.519517 0.3292895
3.352351 0.272748
2.822084 0.2128712
2.752896 0.3256251
3.099427 0.1172057
2.859809 0.06156153
2.840081 0.03635147
2.696505 0.4400197
3.046861 0.4602029
2.68197 0.3581114
3.270389 0.331864
3.182867 0.3231051
2.973919 0.2157634
3.093235 0.3157534
3.232789 0.3120423
3.246138 0.3090589
2.889024 0.4928826
3.223424 0.167701
3.23961 0.4564518
2.937906 0.3996274
3.117761 0.08648994
2.881939 0.3597843
3.319455 0.2441626
3.010021 0.1046206
3.578037 0.2783754
3.030577 0.4190244
3.180727 0.1052873
3.275601 0.03981945
2.985594 0.4852683
3.310112 0.2006931
3.013826 0.1523357
2.500523 0.3079409
2.637827 0.446002
2.925266 0.08164352
3.435449 0.4709431
2.964496 0.3053181
2.811562 0.3744848
3.112303 0.4258499
3.073005 0.2128558
3.229245 0.2593233
3.202229 0.4690796
3.647383 0.2268385
2.918734 0.1787766
3.077968 0.3781037
3.289003 0.213808
2.827776 0.2782967
2.737242 0.4970198
3.600972 0.2823113
3.609832 0.2198839
3.28347 0.431412
2.9751 0.1116533
2.838907 0.4049237
2.856516 0.3514735
2.946851 0.0368719
3.148864 0.187398
2.772906 0.2405452
3.159965 0.1607479
2.603839 0.2982069
3.155982 0.2992501
3.405094 0.250552
2.903806 0.2619716
3.671833 0.3486282
3.168554 0.4803521
2.776847 0.3809214
3.016607 0.2583067
2.789414 0.1506072
3.111063 0.1201995
3.152604 0.3107909
3.236884 0.1848859
3.328362 0.255085
2.812313 0.3772002
2.640964 0.4872165
2.829118 0.4103466
3.377913 0.09605229
3.601209 0.3011936
3.414434 0.3286227
3.672586 0.1928318
3.185884 0.3147425
3.43084 0.4043425
3.259075 0.383252
2.544474 0.2918033
3.053637 0.3730136
2.714325 0.3370732
2.889129 0.335924
3.326423 0.4710341
3.115717 0.1629647
3.140783 0.3987523
3.537624 0.131105
2.989553 0.3133924
3.853394 0.29904
3.672387 0.2883786
2.940003 0.3764
3.342172 0.0763786
3.03408 0.1970341
3.091475 0.1027714
2.937892 0.1916863
3.465714 0.2775938
4.390253 0.2974053
3.585759 0.2301694
3.289273 0.326038
3.41158 0.04676576
2.899823 0.07625822
2.845549 0.04401955
3.534752 0.3305285
3.064419 0.3410098
2.926263 0.3919093
2.917159 0.3854391
2.741826 0.3627586
3.115175 0.1888609
2.424564 0.4674223
2.813294 0.433405
2.86432 0.3506721
2.963136 0.06743325
3.713414 0.2445095
3.032073 0.1770374
3.547117 0.2066683
3.268371 0.2356553
2.672037 0.4627237
3.14705 0.336838
3.192667 0.3458855
2.896665 0.356348
3.521753 0.1536747
3.941258 0.05031809
3.905334 0.1698319
2.890417 0.340221
2.938863 0.2375061
3.234266 0.07255672
3.106642 0.1610923
3.390827 0.1584879
2.573615 0.4893669
2.597166 0.09074682
3.463426 0.271232
2.889889 0.4402215
3.167144 0.4344866
3.382722 0.4775536
3.426379 0.4914662
3.459903 0.4353919
3.692584 0.3764007
3.29772 0.2612428
3.432679 0.2674929
4.145565 0.1213451
4.406982 0.4345666
3.393293 0.2481926
3.295743 0.1181359
2.746151 0.4433599
3.06673 0.2754907
3.279263 0.2528755
3.085729 0.1546111
3.901681 0.1687384
3.458076 0.2116452
3.226873 0.1914519
2.711165 0.3069522
2.995147 0.2687348
3.157334 0.339783
2.875523 0.4014468
3.050506 0.2477787
2.428904 0.2977969
2.804291 0.2210225
2.778395 0.09002675
2.938438 0.4009393
2.957723 0.2161063
2.613133 0.1961086
2.51331 0.4385922
2.513862 0.3191354
2.837769 0.37939
2.931772 0.2060258
2.891051 0.1557813
3.252674 0.3052299
3.028062 0.4895005
3.049597 0.2800751
3.050811 0.4028975
3.095785 0.2222773
2.362083 0.1685269
3.276218 0.2567734
3.359978 0.3146949
3.098645 0.4473741
3.101782 0.3289462
2.989974 0.3054529
3.491162 0.3338314
3.968506 0.4586747
4.207756 0.1225903
4.019465 0.2041158
3.450642 0.3014748
4.381585 0.3468458
4.293452 0.2612141
3.694957 0.2255145
3.308371 0.187727
3.177275 0.1956792
3.287248 0.3162246
3.27849 0.4409896
3.35875 0.4331971
3.314742 0.3076189
2.981008 0.302262
3.097336 0.2602875
3.244002 0.3243911
2.925608 0.127707
3.844709 0.2151086
3.278654 0.3280026
3.745269 0.06682773
3.181577 0.1547064
3.229425 0.1593013
3.044109 0.1815365
3.367456 0.114176
2.780962 0.3710182
3.370815 0.1604577
3.194885 0.3569013
3.494293 0.3489252
3.234829 0.4216921
3.011086 0.278743
3.016625 0.2807352
2.887997 0.3448683
4.263761 0.08658487
3.423821 0.2018175
2.989727 0.1996016
3.142611 0.391601
2.643021 0.4974617
2.756499 0.4257922
3.433916 0.2241336
3.605972 0.4170095
3.032069 0.4415232
3.252853 0.4048258
3.607501 0.2167782
2.941641 0.3416415
3.076705 0.05774939
3.239439 0.4411812
3.082671 0.3361669
3.551344 0.4228798
3.140803 0.2400715
2.765946 0.1152899
2.788877 0.1025496
3.190217 0.1664653
2.937 0.14136
3.205484 0.1502811
2.992147 0.327356
3.340259 0.3901194
3.578615 0.2914115
2.642814 0.1341372
3.090735 0.1811491
2.938057 0.1855778
3.187331 0.2120848
3.159739 0.1955682
2.390027 0.2093056
2.979785 0.1712981
2.955431 0.2439099
3.248998 0.3190927
3.141341 0.4499928
3.358844 0.1815657
2.588305 0.1215266
2.892526 0.3156235
2.873752 0.314565
2.483144 0.2494971
3.215273 0.483422
3.112151 0.1783969
2.985764 0.3197775
3.002752 0.3217687
2.712347 0.04862827
3.297882 0.4091664
2.842603 0.3918321
3.09532 0.2557521
2.405896 0.08797124
2.818374 0.1874737
3.202844 0.249186
2.228901 0.4088573
3.226421 0.1100222
2.935431 0.2684148
2.900875 0.1276845
3.02585 0.304032
3.22046 0.1267354
3.302529 0.1190255
2.935551 0.3805634
3.080663 0.4515798
2.949074 0.3991718
3.251882 0.2147871
3.710524 0.2840793
3.038208 0.3423294
3.077058 0.4113626
3.078121 0.0830402
3.32345 0.1236775
4.182104 0.2733269
3.082631 0.3427344
3.056222 0.437191
3.149067 0.09009619
4.274177 0.1878937
3.850896 0.4213771
3.395918 0.3840862
3.64817 0.3715411
3.224146 0.2310666
3.714305 0.2587313
3.046555 0.2835729
3.658194 0.2035911
3.076018 0.1098911
3.17765 0.3122861
3.289295 0.1836961
2.748238 0.4333626
3.027373 0.1270959
3.790355 0.1711086
3.599218 0.3495295
3.818978 0.2766517
3.44061 0.3619184
3.137887 0.4231396
3.611895 0.1914149
3.039575 0.3058398
2.947018 0.2118782
2.88431 0.2799089
2.853793 0.1326637
3.316741 0.3099056
3.240391 0.337161
2.858944 0.3975543
3.076847 0.2841734
3.220143 0.06128144
3.068052 0.2595673
3.287687 0.2959996
3.45885 0.4142506
3.021647 0.3752329
2.493978 0.244346
3.050292 0.3243853
2.880642 0.4865302
3.210151 0.2922813
3.131194 0.4677938
3.120479 0.286612
3.490841 0.2967205
3.170827 0.3392201
3.331952 0.2471946
3.5313 0.2316108
3.229711 0.4610567
2.682138 0.1764391
2.887251 0.4047322
3.065018 0.3439506
3.157887 0.3274963
3.587037 0.3772563
3.128945 0.3244111
3.738586 0.1452373
2.483786 0.2192362
2.739035 0.3219668
3.347754 0.1916002
2.938861 0.4481929
2.571639 0.1420799
2.938758 0.1787562
2.710552 0.3214232
3.064985 0.4652088
2.926237 0.06275183
2.873827 0.2815936
3.313338 0.4131144
2.968129 0.4416488
2.711296 0.218447
3.011359 0.4183417
2.854898 0.4453564
3.669548 0.3467509
2.560664 0.1450879
3.193834 0.3958532
3.534032 0.1643128
3.156599 0.3033206
3.746114 0.335123
3.131607 0.4692646
3.603926 0.2539309
3.67221 0.2307157
2.829117 0.1150046
2.497057 0.360229
2.709945 0.1776561
2.946383 0.4593079
2.600213 0.2141603
2.91092 0.1234372
2.956754 0.2333528
3.114679 0.3414914
3.011471 0.493756
2.442238 0.1347157
2.884104 0.3524005
2.532638 0.3683907
3.789897 0.4133958
2.538636 0.1355409
2.745542 0.349254
3.045128 0.2878789
2.500181 0.328279
2.792804 0.4943703
2.521304 0.2283065
2.995742 0.3274392
2.874456 0.3729815
2.27423 0.3104916
2.495886 0.4600407
3.276433 0.1344069
2.718722 0.08301595
2.752995 0.4812428
3.439431 0.3095766
3.388418 0.129382
2.502383 0.2896667
2.960699 0.3602097
3.294348 0.2134204
3.114149 0.1973931
3.126644 0.4476415
3.195925 0.4298862
2.661507 0.1373378
2.917418 0.3613024
2.802115 0.2853449
3.272892 0.3062934
2.960731 0.2435676
2.602161 0.2842751
3.003845 0.1131097
3.317988 0.0604261
3.050724 0.447878
3.061944 0.3933424
3.362794 0.2186606
3.237359 0.04329244
2.796068 0.4775521
2.812137 0.2067164
3.617709 0.4989676
3.089489 0.2097653
3.685102 0.3328012
3.460232 0.4161413
3.211923 0.2121172
2.560759 0.4710045
2.932995 0.2604087
2.845879 0.3002015
3.389596 0.2795901
3.147857 0.1390466
2.918058 0.2563995
3.243951 0.2626514
3.812376 0.2719846
3.36568 0.4878024
3.571507 0.3755588
2.850516 0.07309743
3.456383 0.3738128
2.598537 0.09228348
3.632912 0.2739501
3.409834 0.3680979
3.019801 0.1911229
2.864388 0.288866
2.578092 0.3270815
2.889034 0.4712524
2.836419 0.08974286
2.849658 0.2190236
2.527632 0.1155331
2.710819 0.1027627
3.600799 0.3070332
3.026703 0.2398523
2.721209 0.3143429
3.773308 0.3404595
3.097133 0.09045956
2.93256 0.08472219
2.809014 0.06735593
3.19663 0.3975333
3.751247 0.1503156
3.564852 0.2172688
3.004012 0.2535131
3.273262 0.3936773
3.497194 0.48057
3.915654 0.2373358
2.77857 0.4781796
2.964714 0.09123426
3.140169 0.1754982
3.055167 0.2693965
3.338474 0.07098349
3.184941 0.192908
3.387093 0.08256067
2.817831 0.2190987
2.613604 0.1533455
3.198206 0.09846026
3.150855 0.4774948
2.98978 0.101277
3.676889 0.3891927
3.38719 0.2002524
3.006731 0.3083335
3.65291 0.3679887
2.97947 0.1958037
3.435053 0.4974968
2.801899 0.3296325
3.083486 0.4257793
3.289236 0.3094419
2.930695 0.3496776
3.291813 0.4046624
2.799597 0.1032959
2.745589 0.2877182
2.903701 0.4045182
2.878807 0.2859198
3.095688 0.1872697
2.92881 0.4572022
3.080381 0.2852324
2.532519 0.458065
2.653908 0.2884377
2.632552 0.3920657
3.096888 0.3480364
2.631119 0.3334524
2.814153 0.3333071
2.874193 0.1959457
3.274684 0.2085515
2.612107 0.1346192
2.566569 0.4937222
2.923915 0.29538
2.584205 0.213745
3.583738 0.21486
3.403437 0.4232614
2.897145 0.1845274
3.106992 0.4487463
3.246463 0.2063487
3.013162 0.1405762
3.487091 0.4944781
3.236423 0.2670907
3.312003 0.3592417
2.698181 0.4653002
3.372195 0.4817927
3.035346 0.1735412
3.222623 0.221734
3.39627 0.2077954
3.456271 0.2041451
3.067294 0.4252727
3.201672 0.4143295
3.743987 0.1192661
2.896329 0.4234663
3.374426 0.04634224
3.296129 0.4453139
2.938511 0.230834
3.133581 0.4957305
2.996032 0.3551584
2.832486 0.3003353
2.928678 0.08942887
3.062525 0.2996967
2.458981 0.3684568
3.02118 0.1354887
3.263529 0.3196612
3.748452 0.1972245
3.395831 0.3641553
2.771017 0.3494709
2.467394 0.4104744
3.002189 0.3955874
2.36889 0.1500457
3.008701 0.3854572
2.585903 0.1119595
2.793303 0.08201442
2.450864 0.4260851
3.038175 0.1343123
2.835958 0.2583703
2.738939 0.242653
2.796329 0.4381779
2.858655 0.1530926
3.010579 0.2422988
2.886117 0.1621777
2.255898 0.3260012
2.959435 0.4642262
2.884674 0.2130236
3.001978 0.2419405
2.745578 0.1591457
2.570028 0.05266943
3.345668 0.3807037
2.569497 0.4331541
3.461664 0.06969478
3.060807 0.08962893
2.956579 0.3878455
2.866003 0.1289808
2.757579 0.1088893
2.951156 0.1702691
3.104604 0.2010074
3.200609 0.1043745
2.951084 0.3429752
2.438007 0.4031001
3.323014 0.3630583
2.901414 0.4430529
2.547483 0.4558276
2.65103 0.440018
2.796701 0.4068285
2.722569 0.2319444
2.716536 0.06459757
2.685283 0.1322996
2.660463 0.1964703
3.430501 0.02203853
3.218312 0.4586733
3.234473 0.426386
2.618071 0.298656
2.658488 0.4890496
2.780345 0.4987027
2.747229 0.4193292
3.747402 0.3287713
2.98688 0.3481548
3.243922 0.115706
3.595664 0.4547175
3.117772 0.3337164
2.868492 0.325126
3.205915 0.1951841
3.117487 0.2092694
2.923227 0.3198449
3.061815 0.0952012
3.059955 0.2968325
3.215971 0.3711876
2.59356 0.4449322
3.199908 0.2269418
3.467656 0.4562532
2.957561 0.0802446
2.712388 0.3132189
3.288311 0.1641007
3.007482 0.2131308
2.843175 0.46644
2.992949 0.3833798
3.064701 0.1943375
3.020594 0.05863934
2.589496 0.4770351
2.475 0.3293079
2.679741 0.4186237
3.104876 0.2608587
2.957716 0.2034583
2.690192 0.2497035
3.025422 0.1089267
3.11894 0.3318796
2.914864 0.2649074
2.757216 0.486306
2.8546 0.3632094
3.062569 0.2793374
3.564529 0.1481965
3.111675 0.210468
3.65624 0.1637242
3.618284 0.4570785
3.00585 0.4541185
2.697376 0.08266551
2.496636 0.4598153
3.033993 0.4169169
2.62381 0.1843749
2.404446 0.4418031
2.966635 0.258096
3.450597 0.2478215
2.94827 0.2477217
2.426176 0.12155
3.143259 0.4776389
2.975952 0.1632126
3.283039 0.2802757
3.068037 0.228014
2.650087 0.04083467
3.010144 0.2010822
2.808693 0.392774
3.084522 0.07665577
3.198369 0.3876295
3.228708 0.07740804
3.949402 0.4829661
3.886752 0.4429093
3.274556 0.4675461
2.951147 0.4263893
3.428129 0.4710576
2.804709 0.2000439
2.415355 0.3112024
2.736378 0.3678876
2.566637 0.4751423
3.319662 0.2672631
3.103592 0.2634285
2.448228 0.04966958
2.669967 0.4426855
2.566802 0.4115997
2.5222 0.4928662
3.297778 0.3195256
2.662043 0.4862401
4.11274 0.413366
2.608909 0.2885803
3.110839 0.1751565
2.901737 0.1333402
3.55563 0.3863589
3.477497 0.3045525
3.193033 0.1441017
2.690843 0.1192578
3.430113 0.1769049
2.894626 0.3329889
3.474481 0.07231078
3.128013 0.4892202
3.194469 0.2710428
3.635504 0.4047255
3.462602 0.3718273
3.84225 0.3658056
3.328223 0.4550941
3.652475 0.4702695
3.356099 0.1687808
3.385694 0.290137
3.22667 0.2078083
3.268865 0.2326396
3.10711 0.1182885
3.106349 0.2588
3.027841 0.1660311
3.634638 0.1444139
4.106932 0.2462801
3.465789 0.3525118
3.07149 0.1713692
2.9072 0.3831167
3.482378 0.2223999
3.050299 0.1319956
3.240441 0.3239002
2.600645 0.2481353
3.005532 0.2176945
3.010496 0.3286378
3.431902 0.2905466
2.938716 0.2369008
2.761019 0.3646284
4.044317 0.2985024
3.309951 0.1900902
3.206795 0.3839149
3.899246 0.3606363
3.163478 0.1927577
3.149016 0.1822119
3.064116 0.1012704
2.795632 0.1203612
3.408461 0.1849814
3.344635 0.4380697
2.731162 0.4951528
3.220413 0.4380878
3.102235 0.4062936
2.934117 0.2912396
3.486525 0.142959
3.436524 0.2662049
3.224635 0.2513632
3.360781 0.1771952
2.831847 0.2246724
2.929679 0.354372
2.532712 0.3279008
2.73647 0.2792033
3.013825 0.07566239
3.217986 0.1046186
2.07116 0.3183394
2.515211 0.3807655
2.446406 0.185273
3.039284 0.2948905
2.791091 0.3211954
2.079624 0.4456487
2.859543 0.1508558
3.109572 0.3830139
3.472435 0.3632858
3.178857 0.1985596
3.26958 0.2810114
3.113976 0.200583
2.727342 0.1577536
2.73835 0.2776244
2.861452 0.3181483
2.785301 0.06777944
3.719059 0.2775965
3.425945 0.49704
2.772812 0.2617734
3.26298 0.3248049
2.730393 0.1989936
2.710282 0.3782802
3.312484 0.4030328
3.222385 0.2037063
2.854422 0.4202302
3.31315 0.3070322
3.188313 0.2761911
2.949444 0.1570253
2.978981 0.4758623
2.872307 0.1981934
3.236305 0.02240069
3.636482 0.3511372
3.306598 0.2758856
3.6461 0.2406304
3.535244 0.2434398
3.494487 0.2373397
3.099851 0.09712591
3.054027 0.3039372
3.454249 0.4210426
3.148124 0.4717509
3.222897 0.4258511
3.987424 0.3471739
3.497651 0.4475171
2.981689 0.2069652
3.080962 0.2345653
2.707792 0.4501061
3.190052 0.3583555
2.78947 0.3083117
2.711177 0.2904454
2.906607 0.02149645
2.573019 0.2540217
2.534858 0.3955237
2.457002 0.4383698
2.815555 0.2197086
2.415869 0.2013411
3.142951 0.1595069
2.850735 0.4108474
3.071694 0.1035701
2.512898 0.3693861
2.533776 0.2229862
3.195003 0.3568871
3.016253 0.3097041
2.578341 0.3156756
2.36418 0.2865019
3.335357 0.2502696
3.524648 0.3126755
3.634293 0.4293028
3.214348 0.3036215
3.411974 0.390385
3.858681 0.4029152
2.89648 0.3253093
3.371829 0.4908408
3.235411 0.1409709
3.135863 0.06922199
3.40086 0.4205595
3.183788 0.2004897
3.068056 0.3229484
3.241485 0.1773574
3.667003 0.2553939
3.053536 0.1011096
3.082519 0.4076577
2.530418 0.4595214
2.84791 0.2148656
2.762562 0.3618629
3.078353 0.3717587
2.75389 0.2805137
2.916304 0.2014624
3.275697 0.4063118
3.574638 0.4272101
2.953461 0.3531927
3.362122 0.2121127
2.694068 0.3238182
2.782009 0.2987684
2.99132 0.371069
3.326283 0.2399559
3.016742 0.05375726
2.772309 0.2010339
2.901118 0.3784737
3.149235 0.3144054
2.931036 0.1612937
3.792768 0.340601
3.185386 0.2084404
2.820235 0.09140353
3.887738 0.2300395
2.632518 0.4780542
2.898463 0.4599487
2.808993 0.2748703
2.874876 0.2414717
3.118864 0.4205986
3.479842 0.4086929
3.674747 0.1217702
2.927404 0.3354004
2.806924 0.1588936
2.8593 0.2718675
3.068319 0.1225357
2.888799 0.3015038
2.802732 0.4407904
3.435455 0.03268278
3.415447 0.2615621
3.125229 0.4997729
3.508278 0.4278525
3.178702 0.4583008
3.573435 0.06539307
3.331996 0.3390951
3.333793 0.3820109
3.191158 0.4851183
3.517914 0.1885091
3.865505 0.3993328
2.821437 0.4107734
2.574203 0.1952723
2.393235 0.4681209
3.261444 0.3577724
3.031506 0.446394
3.083321 0.1996817
3.657651 0.1014635
3.40738 0.1086503
4.204855 0.3876364
2.887338 0.3376406
3.281531 0.1768086
3.77825 0.477125
3.548398 0.3996259
3.190761 0.3461419
3.3309 0.4202767
3.704581 0.06182312
3.349654 0.1289582
3.111184 0.2391033
3.356747 0.1589578
3.206328 0.1754752
3.457539 0.3645827
3.540766 0.4234111
2.971286 0.4589768
3.031621 0.1308732
3.008885 0.3969627
3.049928 0.2162979
3.54949 0.2081427
2.930502 0.1482727
3.139254 0.445469
2.755811 0.1258773
2.492366 0.4264315
3.662647 0.1115009
3.139328 0.1293536
3.045812 0.260594
2.543306 0.2877454
3.165043 0.1380933
2.921283 0.3821013
3.505156 0.2417877
3.41517 0.1145865
3.920983 0.3736297
3.147314 0.330159
3.47174 0.4886042
3.29865 0.1180623
2.474017 0.03178563
3.382697 0.302265
3.487072 0.3476454
2.906401 0.3069398
3.165485 0.07757087
3.489353 0.4514382
3.150491 0.3722086
2.714588 0.2508257
2.624276 0.2634155
2.508593 0.4196682
2.957489 0.3517943
2.537979 0.3972306
2.914545 0.1862024
3.22537 0.2381013
2.806364 0.329309
3.238637 0.3224552
2.990447 0.4523251
3.140056 0.3857353
3.345447 0.1320276
2.884702 0.4243636
3.776747 0.354864
3.404937 0.283679
2.603914 0.1347227
3.007995 0.4200209
2.833915 0.377916
3.276837 0.4766003
3.537778 0.4045295
3.023416 0.2323553
2.828804 0.1673488
3.005339 0.2229795
2.558599 0.1559757
2.952259 0.4723856
2.767557 0.3041979
2.281253 0.4396641
2.682595 0.3255703
2.961587 0.2643717
3.336642 0.2921281
3.203781 0.355749
3.94894 0.4406615
2.674049 0.4502849
2.770203 0.2225032
3.157103 0.2365319
2.859788 0.3620001
2.883089 0.3396131
3.109016 0.346504
2.90764 0.1263781
2.847597 0.1217455
2.911793 0.4419473
2.696403 0.4165275
2.748263 0.3714612
2.742151 0.2364241
2.877925 0.4649357
2.873163 0.4534933
2.696283 0.04308432
2.766985 0.2664567
2.933551 0.3944123
2.689281 0.2274571
2.664517 0.3747054
3.128222 0.3399869
3.172271 0.3609299
2.789621 0.4941728
3.138754 0.2811568
2.989704 0.3986876
3.285053 0.1828554
2.941615 0.2357338
2.99942 0.2954113
2.907712 0.3236856
2.95811 0.4981428
2.872595 0.4595958
2.936141 0.03762363
2.974407 0.1155766
3.293026 0.03935313
2.959534 0.07670668
4.023075 0.2649729
4.0345 0.3210974
4.110632 0.3832872
3.750796 0.3750882
3.842133 0.2769704
3.612315 0.2100154
2.893836 0.3600327
2.86944 0.2387575
2.757819 0.4538144
2.494394 0.2459935
2.604359 0.2070984
3.055122 0.08352398
2.764321 0.4688186
3.804903 0.4731081
3.006557 0.2674688
3.214196 0.3717577
3.613352 0.1496445
3.712018 0.2425623
3.767241 0.239541
3.355083 0.4687713
3.240623 0.1955678
2.732408 0.3999011
3.073451 0.0891467
2.781671 0.1865116
2.920903 0.4486293
2.63248 0.3280936
3.166987 0.2151256
2.665808 0.1442966
3.183477 0.473781
3.410153 0.1911569
3.542232 0.2973499
3.541163 0.2890644
2.932148 0.3061964
3.750792 0.3566256
3.575971 0.1988279
3.599905 0.2644264
3.398038 0.1269424
3.51484 0.2155187
3.286478 0.2549926
3.078631 0.2685327
3.452178 0.09901317
3.360548 0.3631493
3.449399 0.4064888
3.000164 0.1741636
2.95778 0.1351055
2.853469 0.1625178
3.416625 0.346638
2.902306 0.319753
2.746626 0.4312152
2.949841 0.1908842
3.484281 0.4114803
3.505194 0.2114541
2.884902 0.3111746
3.209204 0.1769743
3.707558 0.3365855
3.250989 0.3282915
2.886705 0.4512649
3.281255 0.2996398
3.10369 0.1990532
3.217776 0.3219072
3.163152 0.2814216
3.334212 0.3994407
3.113047 0.3807737
3.364866 0.379501
4.349963 0.2592714
3.38442 0.3081649
3.203334 0.04149368
3.178482 0.3187717
3.065722 0.1696459
3.107856 0.4312901
3.211916 0.4054426
3.007786 0.40331
2.643206 0.4688453
2.882686 0.4940149
2.765526 0.4940967
2.724297 0.3209516
3.179887 0.2574622
3.693649 0.1572577
2.946698 0.344294
3.222274 0.2030605
3.529154 0.1501865
2.803431 0.1840151
2.553056 0.2454258
3.527587 0.348637
3.026725 0.2631968
3.091425 0.4039801
2.915016 0.1643965
3.580752 0.2679801
2.642741 0.1492534
2.754667 0.2913896
3.041672 0.07305186
2.945411 0.2409639
2.981013 0.08868553
3.130179 0.4801698
3.062874 0.0683803
3.238687 0.4456977
2.722197 0.3751481
2.702972 0.1198314
3.298949 0.2969843
2.815901 0.1631839
3.092456 0.3252453
2.536029 0.3337872
2.698264 0.4982782
3.418132 0.4468779
3.885327 0.3106861
2.92828 0.2685535
2.725576 0.2400554
3.023441 0.2095211
2.733163 0.2858901
3.33537 0.3223311
3.141112 0.321589
3.136069 0.05720995
3.776494 0.03919115
2.912619 0.4294659
3.265236 0.4241294
2.90827 0.06133078
3.272692 0.4377454
2.999332 0.306037
3.086798 0.1165508
2.670791 0.1657224
3.489115 0.1582875
2.904268 0.2187645
3.153939 0.04315371
2.725052 0.4816529
2.899461 0.3082559
2.838737 0.04799496
3.717822 0.4648137
2.990869 0.4092997
2.834919 0.2393173
2.551973 0.4844654
2.880592 0.2625789
3.144623 0.0866109
2.898923 0.1084677
2.766298 0.4934916
2.576127 0.4810671
2.687824 0.1894653
3.083444 0.3095974
2.529613 0.1846844
2.737827 0.1801996
2.36407 0.08829233
2.78446 0.4388456
2.983918 0.4450068
2.666779 0.1936371
3.202173 0.1562206
3.3249 0.4914589
2.942303 0.05825065
2.851783 0.4602393
2.99016 0.2059019
3.140419 0.4605467
3.322111 0.2306503
2.88644 0.3672935
3.702033 0.3652889
3.313148 0.4226267
3.393303 0.2201522
3.601684 0.1188799
3.292674 0.204612
3.307556 0.3624316
2.857035 0.1666393
3.176601 0.2240385
2.93006 0.17003
3.111369 0.4161509
2.634498 0.1615319
2.244277 0.3351831
2.723356 0.07821328
3.11588 0.1452537
2.968764 0.4905435
2.734632 0.4417805
2.591471 0.3739903
3.107977 0.4891817
2.629466 0.211216
3.282214 0.4625171
3.012427 0.4748242
3.284316 0.3256063
3.13482 0.2938554
3.071733 0.303917
3.701776 0.03839409
3.372458 0.2685309
3.481331 0.3518994
3.137625 0.2623813
3.639691 0.1731163
3.018518 0.3230911
2.73458 0.3157726
3.008502 0.1981657
2.974544 0.4387768
2.999495 0.4271838
2.758235 0.3437505
2.332094 0.2276349
2.647434 0.2608586
2.735873 0.2073167
2.886341 0.09164636
2.489159 0.1262877
2.622887 0.2557497
3.141717 0.188442
2.694476 0.4951247
2.934477 0.3682717
2.679299 0.2858652
3.503075 0.3565441
3.264538 0.3800082
2.772265 0.4628914
2.76221 0.3815521
3.093546 0.4672096
3.096202 0.4480348
3.077488 0.149958
2.941239 0.4622561
2.620729 0.3090527
3.207939 0.26067
3.119087 0.2619931
3.055148 0.1571967
3.436414 0.1193828
3.137219 0.2415279
2.626621 0.1820442
2.712339 0.4780052
2.974068 0.1104988
2.536281 0.4348624
2.54618 0.2876296
3.130532 0.3854039
2.664215 0.3633426
3.662007 0.2083127
3.022461 0.2685255
2.748636 0.3021692
3.2187 0.3802618
3.31839 0.1600613
3.048608 0.3531418
2.634453 0.1907029
2.560623 0.08370934
2.886128 0.3629153
3.194952 0.2278024
2.413296 0.09605455
2.998584 0.3692375
2.697244 0.2391948
2.668232 0.3817638
3.157496 0.4838221
3.229302 0.3318512
2.586034 0.3506144
2.772152 0.3354459
2.502616 0.2819598
2.692436 0.1953328
2.587652 0.234599
2.8037 0.2716455
2.633893 0.3331827
2.667566 0.4633728
3.624503 0.1923953
2.930471 0.2522687
3.065187 0.4136462
3.116528 0.1152975
3.012994 0.3088747
3.018551 0.470588
2.944334 0.3025252
3.004377 0.4943762
2.577277 0.1406538
2.916036 0.4690295
2.928811 0.1799897
2.708639 0.227625
2.783233 0.09280219
2.891016 0.3731728
3.331715 0.1760397
3.207625 0.134893
3.165303 0.2759863
3.032525 0.3085998
2.622996 0.1213328
2.714535 0.4550316
3.10506 0.1624813
2.702108 0.3240155
3.749041 0.4791745
3.00945 0.3474677
3.46478 0.4846026
2.953474 0.188014
2.885492 0.2731315
3.287466 0.03669009
3.499722 0.03898971
2.809328 0.454781
3.395854 0.276549
2.407043 0.3455948
2.661479 0.3769532
2.421853 0.1681488
2.821164 0.4546774
2.775299 0.361026
2.726865 0.4393357
3.129609 0.1321427
2.731444 0.1503137
2.707986 0.3530014
3.717569 0.1754506
3.977211 0.2014562
3.455423 0.350401
2.717804 0.09142246
3.165333 0.2213096
3.248494 0.3647875
2.920767 0.1934431
2.786663 0.02478216
3.254351 0.1625585
3.444452 0.3090954
2.906439 0.4205326
2.835949 0.2017341
2.584084 0.3312112
3.151997 0.3968483
2.974501 0.1465573
2.922648 0.3005132
3.232233 0.335559
3.722186 0.4584416
3.340198 0.06977401
2.738225 0.3367543
2.911827 0.4972241
2.460456 0.2402142
3.404599 0.3928771
3.641656 0.1050377
3.4769 0.02377588
3.412026 0.1567981
2.808611 0.2271938
2.876047 0.3149144
2.824 0.3634837
2.463906 0.3550685
2.596587 0.3971729
3.413146 0.3322725
3.216567 0.4354678
2.66867 0.423626
2.744216 0.2894687
2.558778 0.4434112
2.845536 0.2649958
3.008178 0.4206886
3.047252 0.1070818
2.924542 0.3269273
2.717749 0.3809011
3.036256 0.2802002
3.138225 0.0333112
3.027109 0.1978034
3.06938 0.3499281
2.899977 0.2670542
2.927472 0.3430155
2.914287 0.3004979
3.415783 0.3488164
3.099775 0.2416302
3.191572 0.3044493
3.409507 0.3056715
3.044365 0.2769235
3.635278 0.1918104
3.226196 0.2724439
3.31441 0.4275183
3.099635 0.2558666
2.835468 0.4580067
3.370535 0.2462134
3.111897 0.06638561
3.22863 0.09209988
3.395332 0.1104487
3.680732 0.1713387
4.218682 0.4828263
3.72983 0.4649942
2.963142 0.4846244
3.3286 0.1470738
3.738831 0.3419728
3.279976 0.2484096
3.074992 0.1732385
2.714091 0.1855028
2.921155 0.1587102
2.455294 0.1740546
2.6423 0.173704
2.907134 0.119934
3.358407 0.1374123
3.430403 0.1645314
3.578036 0.316436
2.809219 0.4453489
2.966672 0.3456392
3.541371 0.3983481
2.724926 0.1653726
3.075542 0.03023392
3.289925 0.2313378
3.64928 0.3390949
3.485309 0.3697686
3.340058 0.352815
3.42151 0.1884379
3.185009 0.4263275
3.790526 0.3795594
3.304034 0.3844147
3.146761 0.2232281
3.509794 0.1598291
3.30126 0.4272443
2.93223 0.3072202
3.380782 0.1239303
2.737325 0.2183731
3.34729 0.4773328
2.867636 0.2260155
2.815623 0.2496715
2.759854 0.1859199
2.640417 0.4943004
2.59577 0.2538536
2.641145 0.4433418
2.995118 0.2309595
2.945817 0.1154075
3.273823 0.3416722
2.600097 0.2459534
3.129807 0.1077695
3.91281 0.2614454
2.940296 0.4231377
3.178539 0.2177906
2.839791 0.3709096
2.888108 0.2707845
3.128637 0.1592479
3.180153 0.3976439
3.286051 0.1854923
3.191439 0.1197488
2.451049 0.2468022
2.748407 0.2795768
3.277699 0.3040838
3.311684 0.4199844
2.685772 0.4159296
3.277955 0.1187745
3.03379 0.4315024
3.508425 0.0860006
2.794332 0.4561903
3.245477 0.4499002
3.341634 0.2528639
2.605717 0.2004794
3.59339 0.3878729
2.940681 0.1363395
3.301227 0.3669683
3.05544 0.4251164
2.524721 0.3319071
2.690581 0.3323303
2.932638 0.09440332
2.95846 0.1848564
3.43979 0.4696957
2.382894 0.2105127
3.162811 0.2575422
3.984974 0.4744951
3.191104 0.4480819
3.214811 0.4442222
3.058053 0.3560268
2.773882 0.4128078
2.976053 0.2727606
2.803604 0.3760511
2.969104 0.3753043
3.231155 0.2743937
3.005772 0.2568892
3.42137 0.4767278
3.384129 0.4938513
2.629013 0.3360562
2.968822 0.4873472
3.049252 0.3341993
2.785427 0.1129396
2.820055 0.4132432
2.907245 0.1283079
3.314867 0.2996402
2.996821 0.4768058
3.273993 0.03387022
3.349017 0.4713963
3.215756 0.3216486
3.025981 0.462111
3.011348 0.2117079
3.082174 0.321889
3.91221 0.2357827
3.345558 0.4531944
3.718207 0.09195362
3.32448 0.1862978
2.925562 0.03311311
3.486584 0.2007223
3.517277 0.243471
3.084712 0.272945
2.937719 0.2020696
3.68504 0.1185762
3.263506 0.2301753
3.381915 0.4593418
3.566982 0.3223063
3.280491 0.1676847
2.911286 0.3925597
3.44322 0.4492921
2.815247 0.2242549
2.977068 0.3868831
3.684399 0.2475816
2.548866 0.4197083
3.243012 0.1014241
2.562139 0.3353814
3.341573 0.4038397
2.76013 0.2709169
3.279367 0.1998027
3.581588 0.1804039
3.310792 0.3918631
2.957067 0.4711108
3.546911 0.08964554
3.075272 0.2613305
3.015767 0.3411981
3.086619 0.2771153
2.835006 0.2005107
2.909934 0.4982047
3.309017 0.1662968
3.484272 0.4617364
3.754081 0.1874553
3.858051 0.4463737
3.370154 0.1929525
3.263498 0.3711179
3.310261 0.434878
3.963922 0.4460534
3.591381 0.1418827
3.133151 0.2395192
3.322373 0.3115121
3.049163 0.1009659
3.263948 0.2279408
2.721092 0.4171175
2.556342 0.07211832
3.108849 0.1697612
3.314005 0.3697646
2.738291 0.3977719
2.804072 0.3739484
3.529696 0.2832184
2.382488 0.04570904
2.894692 0.3418965
2.877137 0.3328905
3.191851 0.245267
3.250917 0.3183386
3.346049 0.2381815
2.692083 0.4946186
2.610609 0.3700904
2.420252 0.1884966
2.326021 0.1872954
3.141941 0.05671542
3.203571 0.4785028
2.808979 0.07565764
2.714199 0.387402
3.272158 0.1501939
3.060683 0.2079106
2.606097 0.497237
2.938923 0.2914164
2.647526 0.2985981
3.488555 0.3069837
3.562711 0.2628247
2.792375 0.323346
3.171823 0.2285476
2.62911 0.4530264
2.880306 0.4957796
3.128201 0.1675076
3.244786 0.3419753
2.606371 0.1163672
3.149582 0.2268334
2.800915 0.2940824
2.92008 0.4493013
2.554944 0.3097699
2.955555 0.1139045
2.773414 0.07006353
2.311822 0.3716038
2.347688 0.3319084
2.385539 0.1799371
2.22575 0.1770758
2.199724 0.2848304
2.61118 0.1037599
2.418472 0.413469
2.712326 0.2182447
2.910575 0.09696297
3.259416 0.2395786
3.040696 0.06865596
3.134513 0.3045857
3.13187 0.281897
2.670004 0.3182087
3.221041 0.1896306
3.603746 0.3967404
2.705097 0.2104824
3.201779 0.1093416
2.770616 0.08780883
3.072045 0.1444313
3.133239 0.09210909
3.752869 0.3500378
4.033086 0.2054636
3.658857 0.1565536
3.985621 0.0642009
3.041409 0.2606154
3.077904 0.221432
3.140256 0.4859558
3.255905 0.1258891
3.94129 0.2264904
3.706009 0.3249367
3.15684 0.1673251
3.055805 0.4195216
3.217112 0.1651272
2.712899 0.4874811
2.811064 0.3545183
3.23072 0.1188569
3.219376 0.202266
3.50955 0.3022846
3.116996 0.4547196
3.181431 0.4953362
3.676846 0.468398
2.752858 0.2442554
3.390702 0.2567668
3.051935 0.4563064
3.936139 0.1442308
2.726402 0.1085082
3.643483 0.4532766
3.813299 0.4900565
3.653201 0.2048206
3.195831 0.4201647
3.867232 0.3842697
4.380486 0.3880619
3.678836 0.353891
3.492684 0.4645462
3.508052 0.2500417
3.41514 0.2998069
3.253168 0.4433276
3.371684 0.2321413
2.744028 0.3971361
3.029917 0.4915564
2.936107 0.4200126
2.790405 0.3982213
2.444938 0.3976794
3.044121 0.4528183
2.921021 0.4566536
3.033184 0.1424798
2.994815 0.4892748
3.621822 0.2033251
2.813914 0.0650496
3.459751 0.4863034
3.158101 0.3162747
3.089908 0.3829651
3.888134 0.4933446
3.380983 0.229424
2.962853 0.4199808
2.758981 0.3095146
3.892128 0.2461909
2.995615 0.2517467
3.188922 0.1129083
2.938627 0.2018506
2.858491 0.1135466
2.936829 0.4965726
3.239742 0.1646855
3.104429 0.329021
3.333067 0.3688248
2.346028 0.400649
3.519202 0.388472
2.729937 0.1354434
2.742152 0.3479494
2.589351 0.2055883
2.746919 0.4269246
3.184458 0.2083784
3.340113 0.1333276
3.078369 0.1262556
3.528558 0.2036145
3.134419 0.06170375
3.168576 0.2153261
3.011651 0.3754141
2.649975 0.2244543
3.036993 0.2171955
2.726784 0.3202355
2.594513 0.364011
2.663486 0.1329724
3.75767 0.4699852
3.488304 0.3455964
2.690617 0.2548678
3.415989 0.2613527
2.691755 0.4433357
3.361483 0.3718865
3.049635 0.3399397
3.120772 0.3333878
2.975434 0.2310638
3.414819 0.2749461
3.940776 0.2204571
3.828154 0.4072957
3.302163 0.3491663
3.044503 0.428268
3.544812 0.3363566
3.410816 0.2424439
2.997621 0.3318055
3.332545 0.3188529
2.932224 0.3242313
2.763736 0.3903694
2.774585 0.2600037
2.673764 0.2860576
3.324808 0.2562805
3.364196 0.2196482
3.578683 0.1983133
3.195308 0.2855021
2.690756 0.04162899
3.583368 0.06922632
3.222548 0.4103046
3.744124 0.06171267
3.295064 0.2291477
3.479388 0.3752439
3.379965 0.3988147
2.969055 0.2132907
3.159421 0.3144504
3.187653 0.3010615
3.197324 0.1732285
3.150483 0.2508055
3.018026 0.3482256
3.072699 0.2896066
3.082396 0.3132088
3.312622 0.1753976
3.113932 0.1893869
3.31013 0.2837705
4.211832 0.2031757
3.056232 0.499842
2.700038 0.2579556
3.101325 0.2455142
3.040414 0.3715081
3.583657 0.3871256
2.921216 0.3704108
3.498078 0.2310523
2.369505 0.3088688
3.059493 0.294286
2.217113 0.08603399
3.201529 0.1579778
2.752901 0.4196196
3.181474 0.130165
3.427051 0.197719
3.412359 0.2767011
3.122427 0.4683536
3.635961 0.1651502
3.779015 0.2036806
3.221038 0.2241493
2.960339 0.2320559
3.493408 0.3841682
3.24802 0.4003567
3.150324 0.1604956
2.771376 0.2773183
2.962104 0.3687866
3.320329 0.3486396
3.206383 0.1957015
3.490581 0.109566
3.64548 0.4862432
2.56687 0.3292049
2.780765 0.3224947
2.78622 0.4172822
3.267103 0.3235103
2.860679 0.2305064
3.302618 0.1020902
2.987744 0.4336582
2.571842 0.3022043
3.854974 0.2377155
3.429318 0.3705848
3.800882 0.4503764
2.84168 0.2022531
3.090905 0.3831631
3.405166 0.1052886
3.427136 0.4485453
3.397847 0.3592184
3.605792 0.305928
2.833714 0.4098033
2.618722 0.3027804
2.669832 0.1536257
2.865455 0.4736793
3.070154 0.3096036
2.758463 0.2091022
3.86284 0.36768
3.343386 0.4016458
3.603271 0.483225
2.740548 0.1852618
3.345778 0.2210708
2.591153 0.2804799
2.596258 0.1069533
3.417371 0.2805634
3.218428 0.1632069
3.157082 0.228171
3.35854 0.3999587
3.000396 0.2732415
2.771961 0.3421991
3.31239 0.1927218
3.03336 0.2525421
3.388572 0.2927188
2.703515 0.06736866
2.559684 0.4305967
3.184456 0.4175766
3.293142 0.2512731
2.837308 0.4306024
2.607704 0.3141053
2.52393 0.4847439
2.832526 0.4882571
2.449969 0.4947937
2.765881 0.2801712
2.929563 0.2544872
2.722287 0.4247699
2.317366 0.1619734
2.686582 0.3755663
3.048919 0.3193787
3.241424 0.1560411
3.35259 0.351858
2.952509 0.1330915
2.976608 0.3431435
3.268376 0.3377612
2.963027 0.3639683
2.93199 0.2531558
3.119955 0.1905842
2.991503 0.2415279
3.733543 0.2791688
3.141751 0.3010599
2.59502 0.2528762
2.895232 0.1356449
2.590885 0.492525
2.704261 0.3540318
2.599837 0.1970949
3.375177 0.1603933
2.812891 0.1742954
3.354806 0.1180592
3.170604 0.3836124
2.786719 0.132345
3.128335 0.1973954
3.291608 0.4927235
3.121093 0.2418743
2.912045 0.3600837
3.045589 0.365498
2.898654 0.4711909
3.056591 0.4372838
2.811397 0.4416675
3.555593 0.1544845
3.410474 0.3314196
3.286997 0.04553178
2.691482 0.4164514
2.446666 0.4776709
2.750663 0.3593935
3.019779 0.3253571
2.954772 0.2590341
2.867588 0.4546769
3.330479 0.1087584
2.763036 0.2346687
2.828399 0.03521991
2.567806 0.2559626
2.671727 0.392828
2.716764 0.4449038
2.884182 0.1789821
2.851331 0.1243993
3.013384 0.2387315
3.383705 0.4577146
3.13528 0.2778725
2.960384 0.4738385
2.673673 0.4290843
2.932856 0.2446025
3.13225 0.2104989
2.811829 0.3445122
3.211744 0.2194677
3.10615 0.4754955
2.938713 0.2882281
3.141409 0.395121
3.432304 0.206154
3.107753 0.313288
3.561624 0.270352
2.49438 0.1394382
3.19722 0.09451651
3.456005 0.1651421
3.103229 0.2926098
3.3301 0.4955146
3.180608 0.4092114
2.981226 0.1270443
2.721922 0.471402
2.870504 0.2136641
2.767703 0.4988126
2.819282 0.4502048
3.318561 0.3231357
3.10404 0.3963414
2.571612 0.09094246
3.334863 0.3216069
2.587105 0.4250672
2.605954 0.2693951
2.674956 0.108758
2.799434 0.1948743
2.487685 0.1332238
3.372986 0.2292117
3.276022 0.2306581
3.222842 0.1594622
3.122647 0.3668663
3.02071 0.3739719
2.872325 0.2509284
2.998607 0.2740729
3.008808 0.3476318
2.766365 0.12561
2.657696 0.4929446
2.832583 0.1922193
2.779679 0.2157691
3.029624 0.256936
3.266136 0.3744967
3.506171 0.2037152
3.191848 0.1579146
3.351159 0.2752295
2.497903 0.2923917
2.908313 0.1882512
2.811072 0.1280206
2.659385 0.2443735
3.258835 0.1862786
3.78691 0.3877949
2.795969 0.4548399
3.130819 0.2485974
3.414014 0.2259148
3.128414 0.236713
3.137539 0.2926957
3.110479 0.3534989
3.093401 0.1722363
3.207684 0.4042542
3.407469 0.1963584
3.179321 0.3929369
2.602597 0.4377887
3.813639 0.4294681
3.907521 0.3444922
3.44369 0.4108485
2.883145 0.4274482
3.702545 0.2544952
3.704687 0.3928139
3.050033 0.3369077
3.667877 0.3464616
3.106106 0.401632
3.646217 0.4034002
3.093992 0.3575543
3.041816 0.2517499
3.174491 0.147044
2.936638 0.2314932
2.999447 0.2795859
2.650912 0.4581234
2.942465 0.1619294
3.892773 0.1405259
3.029534 0.4944455
3.37036 0.3463231
3.337372 0.1725368
2.841204 0.3859051
3.271556 0.2764251
3.232226 0.2626675
3.102808 0.3983079
3.345176 0.2351009
3.250872 0.2032189
3.675403 0.3155708
3.967923 0.365177
3.199275 0.2723405
3.805063 0.437515
4.184268 0.1857532
3.874555 0.4529311
3.741487 0.1755056
3.436054 0.2371198
3.721905 0.3530697
3.382433 0.165751
2.721484 0.4678476
2.897072 0.09369961
3.091884 0.2780292
3.358042 0.2493593
2.99516 0.1432157
2.89109 0.1597088
2.928837 0.09297875
2.780822 0.3740301
3.168318 0.2807615
2.864462 0.3655482
3.223212 0.4239093
2.66372 0.3681084
2.804643 0.2042794
3.189691 0.4403403
3.441463 0.4588736
3.214904 0.298151
2.483113 0.45044
2.708403 0.353328
2.746394 0.2267969
2.345251 0.03480295
3.061762 0.3590326
2.604892 0.1611321
2.581732 0.4168953
2.978882 0.3355243
2.775286 0.4997864
2.477949 0.3401859
2.86001 0.379346
2.796262 0.4802521
3.206488 0.2559273
3.565076 0.1659924
3.592579 0.2930971
3.603479 0.199149
2.946854 0.174774
2.937912 0.4685341
3.364285 0.1831049
3.32082 0.1420937
3.747459 0.4380057
3.578219 0.4402676
3.183552 0.4404378
3.301485 0.2355981
3.540999 0.2347792
3.758449 0.1409752
3.363557 0.3986478
2.58801 0.3617567
2.893407 0.2760386
2.967409 0.4423176
3.325166 0.07004379
2.45849 0.2787289
2.732343 0.1262688
2.913985 0.07744463
3.274002 0.3282139
3.291016 0.160213
3.113563 0.1688141
2.997958 0.05923843
2.91606 0.4525408
3.166025 0.4026642
3.303676 0.4845541
3.544627 0.224681
3.363989 0.2797267
2.710528 0.3130155
3.16355 0.4305793
3.236377 0.3504103
2.708912 0.0528791
3.286409 0.3715081
3.196621 0.4295519
2.867277 0.1119487
2.985027 0.1458168
3.087379 0.1255388
3.083104 0.1579844
3.082244 0.2049944
3.34402 0.4503543
2.835359 0.2641492
3.241458 0.2519877
2.842269 0.18711
3.460846 0.4052029
2.971298 0.2712132
3.110904 0.2213019
3.510954 0.3392367
3.706392 0.2343939
3.840855 0.2189435
3.180931 0.1255664
3.467655 0.400387
3.468291 0.4735921
3.569435 0.4680628
3.066111 0.05980881
3.397429 0.4185221
3.272711 0.3615469
3.591356 0.1725521
2.931973 0.4964698
3.214055 0.2917316
3.14895 0.3430479
3.096404 0.3137437
3.537203 0.3552086
3.366166 0.4937936
3.489204 0.09216857
3.144647 0.3994188
3.690743 0.2681957
2.991726 0.239147
3.108844 0.145961
3.282114 0.2861071
2.987331 0.4691723
2.802882 0.4339989
2.842442 0.4568257
3.467774 0.2184198
3.601601 0.2696001
2.953874 0.2684693
2.876807 0.3369995
3.307292 0.3606368
2.749309 0.3479035
3.231037 0.4088087
2.744403 0.1196999
3.158834 0.2209785
2.801888 0.4361821
3.028876 0.2481938
3.015965 0.2080854
2.68312 0.2703887
2.603347 0.2163
3.216386 0.2056691
2.761731 0.09815446
3.110821 0.4454125
3.400196 0.3957543
2.777758 0.4116734
3.906832 0.1382905
3.365037 0.371628
2.76119 0.2031292
2.705137 0.02980511
3.555081 0.1128576
3.123983 0.209131
3.116159 0.09738908
2.701065 0.395392
2.549073 0.06995961
2.709081 0.2951294
2.999331 0.209176
3.133975 0.4888639
2.955767 0.260282
2.6055 0.2062403
2.986984 0.2686614
2.847618 0.3571708
2.986806 0.4113262
2.952245 0.2357055
2.674958 0.2791714
3.282855 0.4534329
2.675618 0.2947259
2.998493 0.09321684
2.602617 0.1307621
2.647572 0.3352189
2.753541 0.4782371
3.041062 0.2689611
2.788742 0.1246381
2.942451 0.1855137
3.134035 0.2981405
2.653302 0.2875376
3.611024 0.3685362
3.111322 0.1332943
3.421377 0.4670688
3.744329 0.4491596
3.262415 0.220025
3.627147 0.03413414
3.238802 0.4165723
3.627658 0.1707398
3.01437 0.2343254
3.464479 0.3175977
3.017 0.3053317
4.010542 0.3811014
3.335431 0.3176533
3.134921 0.1613363
3.142367 0.4508653
3.081518 0.4846827
3.348155 0.4126913
3.140734 0.4677194
3.25766 0.446504
3.319326 0.4552066
3.314671 0.09548274
2.733738 0.3457102
2.587224 0.2261094
3.00168 0.3955849
3.572093 0.2724926
3.303271 0.1499122
3.135596 0.1871998
2.837587 0.1053983
3.297222 0.3769281
2.794213 0.1422016
3.566121 0.1125436
3.416359 0.3635971
2.995363 0.3569526
2.631989 0.3830282
3.323696 0.3118911
3.086096 0.1943108
3.050653 0.4647997
3.194455 0.3752073
3.320734 0.3105332
3.330494 0.1019007
2.827931 0.3388411
2.598966 0.4027334
2.967919 0.3558834
2.663156 0.2864253
2.867528 0.4446916
3.035804 0.3178476
3.633209 0.4191703
3.29548 0.02729796
3.044465 0.4622379
3.068493 0.3453663
3.252884 0.476839
2.748262 0.1508331
2.852428 0.4308859
3.053058 0.2717506
3.192087 0.3986119
2.83002 0.3392904
2.294822 0.3858006
3.276396 0.4468826
3.155353 0.06435375
3.270256 0.3493394
3.667736 0.3721445
3.144825 0.2226843
3.087895 0.3676471
2.288215 0.4068213
3.057211 0.2067585
3.007747 0.2521935
3.502873 0.1167488
2.964055 0.4591276
2.635296 0.3360452
3.632243 0.2335832
3.05522 0.4393865
3.27908 0.2285269
2.852568 0.2554333
3.24365 0.4113857
3.588416 0.3221037
3.074921 0.09538595
2.898758 0.3330575
3.019024 0.2879535
2.547746 0.04587767
3.222054 0.2245329
3.019575 0.274904
2.764745 0.1233973
3.05474 0.05960406
3.428824 0.2077891
3.67581 0.4868283
3.0565 0.396232
3.641106 0.4969169
3.389168 0.08537168
3.107023 0.3054685
3.197466 0.3497666
3.399892 0.4076308
3.526982 0.1161598
2.99949 0.04235746
2.865547 0.4061515
2.768391 0.4408987
2.919056 0.1603886
2.739148 0.1561331
3.472062 0.4690209
2.601303 0.4082256
2.980345 0.4825918
3.232883 0.4214588
2.410989 0.3746146
3.116518 0.0615107
3.13504 0.2639356
3.301135 0.4456905
3.235382 0.2973164
3.160277 0.1538041
3.314857 0.1406695
3.092938 0.3753827
3.683578 0.4591759
2.914853 0.3020541
3.35691 0.3467091
3.277089 0.2198384
2.931624 0.3688485
3.39538 0.2533937
2.920692 0.3729532
2.790855 0.2688699
3.663723 0.03214931
3.479371 0.3547162
3.125064 0.4597612
3.172824 0.232265
3.336439 0.3273702
3.399103 0.4743114
3.418784 0.4299829
3.184209 0.2826536
3.127393 0.4258955
3.5884 0.08766783
3.433707 0.1646874
3.251583 0.2058563
3.283714 0.3943209
3.187776 0.3773969
3.560883 0.4960367
3.905338 0.1341692
3.600036 0.05838339
3.433251 0.4277076
3.157823 0.1837508
3.667383 0.2130025
3.24374 0.1159996
3.306482 0.414165
3.324557 0.3372561
3.283435 0.3062214
3.05496 0.2712454
3.176862 0.1956877
2.819662 0.1776345
3.461167 0.4429066
3.897583 0.3439422
3.54518 0.3007833
3.207265 0.1449274
3.44819 0.1300979
3.752086 0.1053701
3.147596 0.2455675
3.613724 0.1730181
4.08589 0.3167484
3.182779 0.4435701
2.903729 0.2825789
2.753511 0.4504764
3.24886 0.3612168
2.832237 0.2904411
3.10043 0.3134596
3.005045 0.2905812
3.039574 0.2151555
2.718061 0.2922443
2.597344 0.3366357
2.828633 0.3621726
3.150133 0.2064248
3.08024 0.4459628
3.357653 0.2966467
2.760582 0.495691
3.01745 0.2206048
3.12292 0.1098042
3.154234 0.3025361
3.70736 0.2070907
2.595133 0.4036188
2.681657 0.2039135
3.110724 0.166277
3.022665 0.4954177
2.614802 0.24522
3.101879 0.1038186
3.393857 0.2867421
3.162196 0.1765363
2.568463 0.43598
3.084064 0.1824484
2.656216 0.3354533
2.91065 0.2601137
2.72495 0.3704614
2.818178 0.3367633
2.982503 0.2710113
3.368752 0.4262994
3.245994 0.2791305
3.024838 0.1698135
4.276649 0.4022304
3.503177 0.06155068
3.237965 0.3904991
3.010409 0.3159958
3.418949 0.348887
2.759109 0.3263294
3.205886 0.4646203
3.502407 0.2731027
2.571996 0.314298
3.320871 0.4292693
2.998428 0.2877331
3.337149 0.2675273
3.432577 0.3618768
3.279201 0.4378902
3.672772 0.1723897
3.042666 0.179851
3.116467 0.4317933
2.825177 0.1409282
3.177551 0.2815943
3.02863 0.3505451
2.847058 0.1803803
3.468827 0.4726153
3.14556 0.3127648
2.972582 0.3364326
3.463011 0.4329341
2.935777 0.4289606
3.020236 0.4377607
3.112956 0.4923403
2.869 0.4730065
2.912934 0.2905001
3.171756 0.3485778
2.779468 0.3688195
2.396834 0.4650865
3.065883 0.3080689
2.442685 0.2496154
2.917507 0.4212432
2.757325 0.409586
2.95242 0.4947669
3.182574 0.07670847
3.238842 0.4469795
2.647939 0.08297194
2.625304 0.4160088
2.888046 0.3822966
2.685514 0.3604213
3.190758 0.2313056
2.548407 0.3146995
2.877222 0.1071659
2.941198 0.3181793
3.229569 0.3644398
2.471734 0.2453088
3.037582 0.3073802
2.914156 0.4894704
3.163892 0.3214733
2.930056 0.2028786
2.842454 0.1923295
2.988749 0.3355338
2.752558 0.3105378
3.137556 0.3080257
3.303898 0.2824609
2.503668 0.1637369
2.804121 0.09195432
3.242995 0.1194939
3.564211 0.342341
3.174464 0.1439245
3.266677 0.4142384
3.170742 0.1589126
3.068224 0.2800621
3.573839 0.2300015
3.020349 0.3292778
2.943309 0.4293498
2.667533 0.4012287
2.414039 0.3646747
3.406139 0.2791649
3.254172 0.1707407
3.099843 0.1363313
2.907159 0.3629964
2.956865 0.4263657
3.403172 0.4550844
3.093512 0.1610867
3.067749 0.2286155
3.108709 0.3534567
2.768551 0.4007905
3.516622 0.1650737
3.070927 0.1569343
3.128365 0.2487894
3.74919 0.2676281
3.158935 0.3102862
3.181625 0.3095176
2.84833 0.4053585
3.065948 0.4572789
3.412339 0.1804034
3.065328 0.2833454
3.106639 0.4072076
2.928886 0.2162461
2.938612 0.2495613
3.311406 0.3394763
3.115094 0.4007139
3.057087 0.3154477
3.210249 0.2717259
3.275562 0.4999809
3.528452 0.1741734
3.274036 0.1428592
3.016564 0.3655207
2.548681 0.3924779
2.79837 0.3832886
3.104803 0.4753226
3.612603 0.3148041
3.553532 0.4045567
2.753931 0.1154311
3.421263 0.3086386
3.62799 0.1489947
3.686325 0.3620368
3.386401 0.3884463
2.896105 0.1130511
3.425708 0.09093645
3.163685 0.3867973
3.810457 0.3049282
2.751472 0.3339885
3.077024 0.4347278
2.591863 0.3322238
3.227596 0.1425841
3.231777 0.1776071
2.963754 0.08529911
3.226061 0.3214459
3.415561 0.1582027
3.223948 0.4111973
3.492426 0.3769608
3.16196 0.3585695
3.040684 0.2540876
2.905217 0.1926525
3.796587 0.4435814
3.479826 0.2004496
4.100916 0.3225211
3.522774 0.2759283
3.557311 0.1054835
3.524446 0.2650483
4.021482 0.05999782
4.484755 0.3044276
2.714971 0.4001197
2.869721 0.1434077
3.297921 0.09793137
3.869173 0.2759767
2.791484 0.4411785
3.467412 0.3739577
3.159066 0.2612702
3.08042 0.2676873
3.051301 0.180924
3.144316 0.4910953
3.526236 0.2974536
3.590812 0.3914878
3.105513 0.4710311
2.669206 0.3453368
3.137321 0.2437146
2.647763 0.4528655
2.872318 0.1572778
3.12253 0.2563692
3.43233 0.2385734
2.987846 0.3742202
3.190856 0.09158811
3.459212 0.4758182
2.646313 0.2081848
2.994486 0.09104708
2.642362 0.2829374
2.930838 0.225386
2.893801 0.347203
3.03633 0.2744615
2.633659 0.3099207
3.140053 0.1929702
2.856575 0.2549803
3.195938 0.1341282
3.393916 0.4060306
3.558737 0.1669881
3.794858 0.1931604
3.445263 0.4410802
3.183239 0.3354565
3.241961 0.2207243
3.137328 0.1254542
2.519489 0.3476103
2.505609 0.4556874
2.768189 0.4279567
2.942999 0.2408455
2.856251 0.2731286
2.778619 0.3720767
2.453426 0.4262867
3.231685 0.3594896
2.757276 0.1324277
3.311072 0.4039775
3.464514 0.2861558
2.749142 0.3504063
2.750475 0.2215309
2.973726 0.2297338
3.324826 0.1268023
3.569206 0.4617824
3.811623 0.3793081
2.974607 0.4792754
2.872205 0.1852711
3.258495 0.4878875
2.56476 0.04081023
2.727917 0.4217611
3.183045 0.2622196
3.438262 0.1248935
3.841654 0.2368024
3.3158 0.4065415
3.41566 0.4101413
3.861796 0.0684805
2.968511 0.2602651
3.222862 0.4622553
3.443043 0.3790538
3.041331 0.4585202
2.873179 0.2572951
3.00883 0.2287883
2.651441 0.2691068
3.193778 0.4476295
2.814908 0.1936496
2.925836 0.4492417
3.364353 0.2476377
3.577149 0.1908418
3.375967 0.280409
3.605922 0.4034825
3.192018 0.2975469
3.692983 0.2304915
3.638349 0.3962242
3.812969 0.3820108
2.856904 0.3370653
2.99624 0.4353033
2.65055 0.1526664
3.444806 0.43041
2.805924 0.1649563
3.587371 0.2913912
3.098545 0.03627714
3.436501 0.3109112
2.751635 0.2913
2.346336 0.4990178
3.054171 0.3394806
3.001902 0.2071954
2.617114 0.07910566
2.862178 0.4811557
2.880166 0.4850034
2.758107 0.1677547
3.076364 0.184707
2.751467 0.4574428
3.115666 0.02230245
3.414224 0.4919434
3.116941 0.4797338
2.850176 0.2306889
2.891369 0.2046333
3.503976 0.1975076
3.073152 0.2164367
3.007446 0.2697397
3.041465 0.4831065
3.138739 0.4016321
3.052999 0.2082676
2.828541 0.2632623
3.769417 0.4267463
3.262428 0.3848633
2.785881 0.3465271
3.45732 0.226508
3.067798 0.4498514
2.947323 0.4862177
3.300281 0.4095771
3.471384 0.09799829
3.313752 0.1211424
3.09646 0.273917
3.774197 0.4757105
3.090161 0.1924059
3.082177 0.3468961
3.147848 0.09251999
3.163996 0.1915756
3.096439 0.2135816
2.902587 0.1945205
3.507635 0.4996988
3.168521 0.2390816
3.255154 0.08835254
3.044308 0.3964835
3.375662 0.2979872
3.045146 0.08644016
3.323164 0.3496179
3.083557 0.360653
3.266911 0.3232765
3.1178 0.4155929
3.449891 0.08553125
2.899445 0.2226273
2.759164 0.4486003
2.758853 0.3836644
2.966591 0.1495954
3.566263 0.07543726
3.369024 0.448451
2.862576 0.1149615
3.185724 0.3964694
2.563327 0.1591794
2.988144 0.4219126
3.010726 0.3506764
3.1671 0.4810565
3.499178 0.4562733
3.292767 0.1191156
3.29213 0.2776134
3.521988 0.1149636
3.847092 0.436936
3.208714 0.3264606
3.393721 0.2697562
3.109541 0.344472
2.787567 0.1449193
3.181314 0.2821113
2.779372 0.4066104
2.492328 0.1262169
2.327442 0.2753432
3.140135 0.2795379
2.65324 0.2501527
2.774876 0.1101079
2.464685 0.4588545
3.317093 0.3285322
3.36135 0.3216856
3.794727 0.2630892
2.802435 0.2975618
3.10588 0.4713286
2.988897 0.08445873
3.235308 0.4640501
2.903874 0.1900296
2.728153 0.176472
3.012906 0.0820795
2.393444 0.373824
2.530696 0.2850803
2.756808 0.1874628
2.701903 0.1477911
3.014281 0.1656466
2.63093 0.4337357
2.471573 0.2535162
3.051117 0.4113986
3.119121 0.4195765
3.299431 0.02545513
2.705907 0.3055466
3.053268 0.2020097
3.113824 0.3801867
2.929517 0.113487
3.067945 0.02797288
3.557968 0.2727872
2.79176 0.112928
3.109781 0.1068793
3.230266 0.4339983
2.959215 0.3074621
3.638625 0.1704598
3.375942 0.3194058
3.133157 0.06577711
3.236469 0.151206
2.973762 0.3670941
3.481886 0.2020746
3.34342 0.3263487
3.449846 0.3918789
3.162341 0.4827637
2.846308 0.09591051
3.673913 0.2796615
3.216953 0.3971909
3.127687 0.2147159
3.544465 0.1677729
3.04129 0.2366308
3.198381 0.2927646
2.723897 0.2038449
2.767751 0.2054912
2.981981 0.2456204
3.159492 0.2851984
2.645821 0.1892681
2.925203 0.1505191
3.887047 0.3726158
2.872865 0.4629197
3.407441 0.270506
3.207608 0.4978621
3.171175 0.1261947
3.319885 0.2081539
3.580967 0.06856394
3.331847 0.1763406
2.974723 0.3004672
3.184044 0.4763839
3.164629 0.1815302
3.248739 0.2890787
3.353886 0.165169
3.432025 0.2546826
3.633704 0.4473127
2.673307 0.2623025
3.273423 0.2763797
3.411474 0.33734
2.789982 0.1828866
3.464846 0.1474925
3.143911 0.4286945
3.309002 0.1162322
2.934309 0.4355401
2.865648 0.1886513
2.958769 0.2362415
2.857483 0.2463945
2.713983 0.08606038
2.980305 0.09442273
