"res" "LCI" "UCI"
-3.14926996766519 -3.44202286076129 -2.87915380228838
-2.91446121426257 -3.18430304475136 -2.65996227576585
-2.7240873879395 -2.97680631325469 -2.48096987557591
-2.65964066872116 -2.90647846347843 -2.42415435442251
-2.57788685209591 -2.81910678977768 -2.35002913640687
-2.52613489859572 -2.7582682056933 -2.30495376438137
-2.4973430954477 -2.73029321080102 -2.2796599675529
-2.48819941244868 -2.71957554425299 -2.27258427958063
-2.46730604572918 -2.69233075172064 -2.25135920922339
-2.43339688084277 -2.66095482501195 -2.21634524739735
-2.40100596045748 -2.6315121314844 -2.18442080815995
-2.36266636916551 -2.58933536539173 -2.15239432060401
-2.31571861375763 -2.52900055189006 -2.11345553080865
-2.27558736174997 -2.49362006287419 -2.07178772768953
-2.23989234710011 -2.45006909456808 -2.0388292590536
-2.210112892575 -2.41425682912284 -2.01539378930227
-2.19078887019497 -2.39092497949376 -1.99628162001345
-2.16440593019013 -2.36037611658247 -1.97480273864531
-2.13024678801021 -2.32700977507935 -1.94563891260495
-2.09803761222189 -2.29056420990202 -1.91566048847587
-2.08297255364281 -2.26815888435738 -1.90238172969652
-2.05879244005826 -2.2418356169153 -1.88235986618961
-2.04189016124769 -2.22463497953419 -1.86429850338625
-2.0177822488671 -2.19294227997163 -1.84847109603056
-2.00553035804348 -2.18172638315561 -1.83636270780169
-1.98986076657998 -2.16563276670443 -1.8209440038642
-1.96110451467499 -2.13403728718395 -1.79412200729801
-1.92277507932278 -2.09223932037311 -1.76090731033365
-1.88206966925325 -2.04046695413221 -1.7276949896369
-1.86486247857718 -2.01822345834919 -1.70970736509291
-1.84213180690279 -1.99552403392497 -1.69212789262594
-1.8324232583461 -1.98610692705502 -1.68203943777205
-1.81324975191816 -1.96451900460043 -1.66590699674761
-1.79632844239935 -1.9449056120928 -1.6512858723
-1.78217952004216 -1.92844671658404 -1.6379907750667
-1.77003994562174 -1.91387573768761 -1.62642704345997
-1.76292210411243 -1.9025165524921 -1.62138551410217
-1.75360782347191 -1.89076555342881 -1.61390462992348
-1.74666306132203 -1.88100033470302 -1.60880506131118
-1.74141252066928 -1.87587904075356 -1.60324696296749
-1.73565691349869 -1.86978226865591 -1.59769381839234
-1.72520523763339 -1.8593335867904 -1.58968359034438
-1.72041007476647 -1.85406056063307 -1.58472805653136
-1.71632533994185 -1.84996535365053 -1.5810390309985
-1.71144375739951 -1.84532618490847 -1.57658643862297
-1.70710519962288 -1.84072046292044 -1.5713462229941
-1.70318712239437 -1.83653165383458 -1.5688247202111
-1.69752742409365 -1.83008282058746 -1.56402499746389
-1.69317313347291 -1.82673293817588 -1.56010242822858
-1.68448311630005 -1.81716520122099 -1.55118012196465
-1.67236366575965 -1.80537345475125 -1.54105477378548
-1.65220549367494 -1.7807325003931 -1.52170529374101
-1.63669176802505 -1.76530608138001 -1.50976253748767
-1.62650770875876 -1.75356495548325 -1.50017748040613
-1.60378148102564 -1.72773461543356 -1.47725047663826
-1.57889427779927 -1.69925267649354 -1.4574622462517
-1.55716753744565 -1.6743182695509 -1.43681222365387
-1.55646847517523 -1.67363471245262 -1.43645443872109
-1.54518969319786 -1.66286993245018 -1.42697983509084
-1.52564400018911 -1.6424120872452 -1.40971205339155
-1.51875547308668 -1.63501122391677 -1.403692649132
-1.50836940782974 -1.62350748857004 -1.39381977610548
-1.50447560559083 -1.61980850096943 -1.39064515024264
-1.49426430062208 -1.60878786895492 -1.38092024696361
-1.48760360453079 -1.60268855910929 -1.37453372187514
-1.4841783018012 -1.59838516108915 -1.37176856539076
-1.48058883919886 -1.5941953005413 -1.36866131748845
-1.47633751752433 -1.58947566491707 -1.36489904470725
-1.46975246443986 -1.58111830906612 -1.35893118924563
-1.45939356250988 -1.56960722522854 -1.34941213047777
-1.44311623899999 -1.55192102914444 -1.33331932445876
-1.43800484164235 -1.54780609528921 -1.32812068728984
-1.43298809421468 -1.54310106331002 -1.32390838116213
-1.43057303140441 -1.540699740995 -1.32155137141171
-1.42757620680762 -1.53644653552311 -1.31934178821541
-1.42456363717965 -1.53475007523389 -1.31678850517407
-1.42254062799665 -1.53234751070098 -1.31461697383845
-1.42006629213096 -1.52856466457959 -1.31141272237955
-1.41605028428144 -1.52636231632139 -1.30899728716402
-1.41296862257859 -1.52264100586172 -1.30647376340797
-1.40834799788003 -1.51701790192536 -1.30244007746193
-1.40547100956128 -1.51532094815406 -1.29916748553537
-1.40320954129816 -1.51303441477054 -1.29594677399147
-1.40051315272975 -1.51049210966503 -1.29438466863358
-1.39881188038332 -1.50721908637326 -1.29160535687791
-1.39571032644753 -1.50426938409414 -1.28863104970386
-1.39230261629792 -1.50041208059837 -1.28507116405465
-1.38529195097953 -1.49226679437542 -1.2789081761084
-1.38045272378453 -1.48723420829477 -1.2749535201458
-1.36817151802003 -1.47439530902093 -1.26154960290299
-1.36196244767471 -1.46785972893628 -1.25640030109544
-1.34620339817377 -1.4502594762743 -1.24214295548774
-1.34199592833255 -1.44548969184498 -1.23863410392607
-1.3365280770766 -1.44054368394867 -1.2335168267224
-1.33051651012408 -1.43434916028802 -1.22815432798032
-1.32764865416228 -1.43133678161378 -1.22432176153926
-1.32264677320914 -1.42544520185997 -1.22076106748074
-1.31864314283907 -1.4228110900071 -1.21703911406173
-1.31303461021283 -1.41677611281207 -1.21121020241883
-1.30733241389556 -1.40936878830344 -1.20559626018813
-1.30080479710347 -1.40289937492616 -1.19946655693139
-1.29393639303807 -1.39496174763828 -1.19442802269616
-1.28759525455886 -1.38792485004592 -1.18709999824029
-1.28158422159108 -1.38156955945935 -1.18156225883392
-1.27518204017806 -1.37528271317025 -1.17536620273311
-1.27060107430024 -1.37023346082141 -1.17092525026118
-1.26670184374863 -1.36494406118557 -1.16751125012987
-1.26204514035107 -1.36184541188702 -1.16258206591539
-1.2580759656337 -1.35711807623413 -1.15815680549049
-1.25382900222526 -1.35379876957606 -1.15508434630484
-1.24962200844181 -1.34810534139877 -1.15054268995404
-1.24356361829065 -1.3406790026494 -1.1451374448744
-1.23889239445156 -1.3365334881157 -1.14054465931165
-1.23252569443145 -1.33015052096969 -1.13522008381663
-1.22771727477658 -1.3260230889414 -1.12976044626725
-1.22302026509808 -1.32056256912314 -1.12554001119083
-1.21823000875143 -1.31646981264207 -1.11951853734662
-1.21239699485007 -1.3091542407526 -1.11453027926258
-1.2081147440299 -1.30445042561909 -1.11046159456099
-1.20266779049172 -1.29982298873949 -1.10543807575006
-1.19731525105372 -1.29259210797674 -1.10113172827287
-1.1927273970561 -1.2882566129351 -1.09699364205729
-1.18785888156311 -1.28288961208418 -1.09203012269291
-1.18287009783326 -1.27760083348982 -1.08723172664969
-1.17662024994502 -1.27025141440527 -1.08090592044776
-1.1709175074582 -1.26394689795574 -1.07430331803458
-1.16518682184889 -1.25749366417586 -1.06864742145632
-1.15926146917177 -1.2517080503855 -1.06483486992536
-1.15323934269831 -1.24599476773078 -1.05987345494024
-1.147268397309 -1.23951596543837 -1.05405622885816
-1.14105963433255 -1.23354886865509 -1.04739763311346
-1.13448963357007 -1.22664340272815 -1.04108877902146
-1.12876438646843 -1.22071808392692 -1.03573070586789
-1.12385699265742 -1.21548410206734 -1.03082609779149
-1.11927658949206 -1.20995527576393 -1.02656326609199
-1.11439495957656 -1.20368484740509 -1.02212347940221
-1.10995283810438 -1.19782597680996 -1.01781670204061
-1.10374089629479 -1.19184991264363 -1.01332654999465
-1.09882599804834 -1.18710966925461 -1.00791955271994
-1.09424106235478 -1.1825556512962 -1.00429070677736
-1.08921597635808 -1.17824298850944 -0.998471551598382
-1.08506202210405 -1.17419891779677 -0.995212873942464
-1.08015658293394 -1.16857805360297 -0.989079188446079
-1.07544771487735 -1.16268136983244 -0.985605334703436
-1.07056806596839 -1.15713648084919 -0.981358284442233
-1.06511270013257 -1.15055695345199 -0.976203940882142
-1.05908471605299 -1.14517811676553 -0.970613811810244
-1.05335284598109 -1.13973210092735 -0.965322437463612
-1.04768919785308 -1.13399325957288 -0.960620431462265
-1.04027013951503 -1.12725253910584 -0.952173764104688
-1.03457777659561 -1.12088459225132 -0.947395661430924
-1.02860176315121 -1.11370506891601 -0.940192163070742
-1.02109904909914 -1.10736150806445 -0.933998810338817
-1.01573591736565 -1.10071166148773 -0.928640609720413
-1.00859971058236 -1.09256848085922 -0.921471462782379
-1.0004974525555 -1.08436869236065 -0.915194427383586
-0.993977661252975 -1.07792204164053 -0.908519250188732
-0.985761266989352 -1.06851038626303 -0.900839566494507
-0.976685620841502 -1.06070195202242 -0.891390620623345
-0.966965386296094 -1.0508377321859 -0.882278407758803
-0.958609636458471 -1.0410560806261 -0.872296310168221
-0.953083720709539 -1.03623206278646 -0.867202844903529
-0.94808755596937 -1.03130913410397 -0.86226252645785
-0.943541019065766 -1.02694299653722 -0.857878070583898
-0.93874441602095 -1.02337922331287 -0.851675612633257
-0.934254397741077 -1.01973967002512 -0.847060626438769
-0.929727335277254 -1.01558736349769 -0.841843858056486
-0.926532429434418 -1.01286372001133 -0.8384654063715
-0.923412202900153 -1.00890346062803 -0.835597650861936
-0.919831756692984 -1.00473885051933 -0.832870909535705
-0.915995566386561 -1.00145322958184 -0.829702495433557
-0.911634698184978 -0.996540647609639 -0.825445843852202
-0.907041696784679 -0.992078479903317 -0.819727805504447
-0.903667838235367 -0.989006762285417 -0.816605699760696
-0.900572980677313 -0.986718569423525 -0.813888117810843
-0.897917557465291 -0.984032414425157 -0.810952149418469
-0.895502901102392 -0.981269449261866 -0.807809362987019
-0.893132373266189 -0.97824368013437 -0.805232591852604
-0.890648143542847 -0.975464711358308 -0.802947361459719
-0.888289393108155 -0.972993460473269 -0.800599595228326
-0.885983418010475 -0.96991101116165 -0.799173720618627
-0.883228864859414 -0.966569493046974 -0.795969100508743
-0.880547279129226 -0.963367774710121 -0.792926025625982
-0.877922408882516 -0.961295685190148 -0.791127725841135
-0.87554312582294 -0.958548789646681 -0.788485407099443
-0.872840498160957 -0.95457480613947 -0.786186954417517
-0.869135807338187 -0.950440818928255 -0.783208687607512
-0.864619759544635 -0.946391579320987 -0.780000498772046
-0.860910853171777 -0.942200445424714 -0.776781990687672
-0.857508813598743 -0.938234670208635 -0.773785738028482
-0.854452522129517 -0.93535755459981 -0.770356392537211
-0.851435946287069 -0.932167121291074 -0.768072814059254
-0.848416902332125 -0.929377283976532 -0.765330331997306
-0.845437454596087 -0.926814368877579 -0.76188892138107
-0.842174273602098 -0.922914446810703 -0.759574578440414
-0.838824024414206 -0.919926192774529 -0.756525523279203
-0.835489946105903 -0.916326080637716 -0.752831978852391
-0.832360592631035 -0.912745008867122 -0.749648083453472
-0.829214047502576 -0.909769564648977 -0.746728750954416
-0.826167078941043 -0.906819355511126 -0.74369384935293
-0.823114325568628 -0.90310790991739 -0.739766190514908
-0.819700122769145 -0.900372762112268 -0.735221225658212
-0.815999467279055 -0.896309953501315 -0.731946598787094
-0.812399090516994 -0.892835046352843 -0.727612507475658
-0.80861282114548 -0.889163188333189 -0.724852108182946
-0.804443662552351 -0.884441995345155 -0.718395396205897
-0.800386265659189 -0.880694063187832 -0.714660340807499
-0.796272969688713 -0.876562993355081 -0.711112476655643
-0.791736432598084 -0.871881691877833 -0.705728965159006
-0.786804977539004 -0.867365331956993 -0.700271187772366
-0.782450999049183 -0.862338492598597 -0.696227507117919
-0.77737543599005 -0.85878702241895 -0.691216771942659
-0.772355855989567 -0.854221537158358 -0.685552834651002
-0.767880860915404 -0.850235014205889 -0.68135929559862
-0.763198917769139 -0.845102477060113 -0.676297756124082
-0.758761199333059 -0.841807856195526 -0.671637909259013
-0.754785960899997 -0.839252248475672 -0.665811593712815
-0.751306404607938 -0.836146891135533 -0.661029325287803
-0.747930201778731 -0.832934229458042 -0.656326532550225
-0.744837618794354 -0.83065646937815 -0.652115122089406
-0.741854073743654 -0.826966914958891 -0.647579978884591
-0.739178870089674 -0.824017080513871 -0.64435715319211
-0.736276227754499 -0.821238198694806 -0.640790493466146
-0.733400152809029 -0.819149451719402 -0.636988677301807
-0.730190243253133 -0.816957367812911 -0.634351046658982
-0.726821024393894 -0.813417322487351 -0.630433315202309
-0.721463252412134 -0.808533929267678 -0.622413521519707
-0.717477573870387 -0.805390371427582 -0.617728502954562
-0.712825406768587 -0.800153090360587 -0.610568691859911
-0.708166054533321 -0.796684037661658 -0.606418511004049
-0.703680684812029 -0.794442975677567 -0.601379912796152
-0.700184304675452 -0.791843620858773 -0.59698679448244
-0.696172492488832 -0.788138322730267 -0.591732709473367
-0.6920713290789 -0.784817664558453 -0.586148330445095
-0.68931992479257 -0.782201657465375 -0.583991997200528
-0.686396349602167 -0.7795992354935 -0.579894855315899
-0.683089746101624 -0.776631299475104 -0.576152242138318
-0.679443284655943 -0.773839593937215 -0.571379983410307
-0.676058250782405 -0.770581645212683 -0.566783059922924
-0.673099558802308 -0.768563391120402 -0.564548340120206
-0.669568055006621 -0.76662854103476 -0.559339070967243
-0.666576684778092 -0.764245332641057 -0.556317147265749
-0.663804282090596 -0.761316977372653 -0.551680449864958
-0.660707281273462 -0.758856881143839 -0.548610334606555
-0.65744009864733 -0.756450392175809 -0.545187608086344
-0.653713117492617 -0.753936088076684 -0.539322438481911
-0.649295447047689 -0.749874759819989 -0.535920562855326
-0.645267682775598 -0.74627621584974 -0.530610227015256
-0.642272824880214 -0.744689103978951 -0.526741907841288
-0.639281671881127 -0.743425995747575 -0.52364136605606
-0.636257587903652 -0.740851258090489 -0.520005008731241
-0.63314870073595 -0.738690132476989 -0.51671850397459
-0.630437878561588 -0.736427273084274 -0.512376722481064
-0.628161567919712 -0.735173460120986 -0.510172480334965
-0.625953812004792 -0.73400441232314 -0.507991396828479
-0.623635559745539 -0.730334261840511 -0.506885531053073
-0.621126157708991 -0.727868240307271 -0.504324275712896
-0.61854945410095 -0.726700979042205 -0.499732399056394
-0.615808560023113 -0.724535303041534 -0.497112129305003
-0.613170288829964 -0.722498417941155 -0.495602052360711
-0.610776168273931 -0.720554935419418 -0.492428398703413
-0.608133246693703 -0.718030006181747 -0.491284701871937
-0.604785953498095 -0.714643633168831 -0.486328334552715
-0.601171285027075 -0.711861627426797 -0.483164324645794
-0.597010830938883 -0.709926726003002 -0.478545448828503
-0.593182778681126 -0.708071502068604 -0.47589266775098
-0.58964236706003 -0.704532942595084 -0.473291580353432
-0.586034940664696 -0.70067129200595 -0.469780458411826
-0.580386939953942 -0.695742610130272 -0.462534460173394
-0.577219724806608 -0.693943611241495 -0.458549596783511
-0.574413112536361 -0.692093132933554 -0.455505093345626
-0.571416754704259 -0.688328153846571 -0.452257216630424
-0.568006981946896 -0.685394633113567 -0.448205348647915
-0.56520103698837 -0.683764635627688 -0.444961203321434
-0.56272410946544 -0.681053596916716 -0.442368964142135
-0.559479443997901 -0.678855319703954 -0.438704555618989
-0.556847330417942 -0.67686545221146 -0.435092458265517
-0.554299344564306 -0.674431893905679 -0.434010542563716
-0.551764976670125 -0.672575340222715 -0.431309292528298
-0.549045737593125 -0.670299013076293 -0.428904254889811
-0.546649322103107 -0.668489625058572 -0.427318619502318
-0.544697275974413 -0.666574490655337 -0.423500578679778
-0.542093556028043 -0.664674347635934 -0.420252157850002
-0.53968688812441 -0.661965536310408 -0.418522956901827
-0.537482697774167 -0.661580977317859 -0.416711615325579
-0.534953989336885 -0.659122180625142 -0.415801525996647
-0.532580842566474 -0.657439496020557 -0.411768606130224
-0.530286209744362 -0.653604961433589 -0.409610759091765
-0.527224472302554 -0.650545918842788 -0.407240679152933
-0.524081745104289 -0.647922513924421 -0.405278471893417
-0.520338328701265 -0.643691155294846 -0.401260920631927
-0.51669390016827 -0.640456361263647 -0.399164739507753
-0.513952169503463 -0.638364760857753 -0.394502093956473
-0.51122506327862 -0.636473126183289 -0.390570952081621
-0.508908237885522 -0.634085149274178 -0.388454216019123
-0.506673736024002 -0.632180691172203 -0.386642978392948
-0.504893235819308 -0.631242111648601 -0.384819777279349
-0.503179532018364 -0.630046944138567 -0.38226609866263
-0.501441194235015 -0.628867643002704 -0.380290644548028
-0.499777093226834 -0.627696625331503 -0.378281835038334
-0.498104064978465 -0.626238600262225 -0.377271201341634
-0.496561717057291 -0.625025771596674 -0.375985449930805
-0.494976770131652 -0.623882958980874 -0.374722969654682
-0.493541297326969 -0.621718685563345 -0.373178388126187
-0.492066673918241 -0.620781000048351 -0.371471871544986
-0.490520321010061 -0.618410990592155 -0.369029368568146
-0.488825505174946 -0.617491965434978 -0.368082543950686
-0.48714605751848 -0.615119251578841 -0.365935662566879
-0.485285480081925 -0.613538592221608 -0.364535359662869
-0.483158342499029 -0.611775404286068 -0.362906236389406
-0.481064944466767 -0.609505909533828 -0.361565734026249
-0.479198930944057 -0.607412485297055 -0.359520222052037
-0.477428492360999 -0.605613463094694 -0.357005711206149
-0.475462778760252 -0.604492661146552 -0.356122910559181
-0.473554621580497 -0.602749111719031 -0.35363894733762
-0.471560475290666 -0.600747267759729 -0.352327257561046
-0.469692385875648 -0.599369480238977 -0.348515152784018
-0.467783000088253 -0.597411163573409 -0.347490926399973
-0.465899567306347 -0.595208213315143 -0.346081074522039
-0.463455747387139 -0.592815757496947 -0.344260099512638
-0.46067845903755 -0.59088255165475 -0.342137312171986
-0.458325037154065 -0.588473562476823 -0.340329709104654
-0.456006543009251 -0.586818303314932 -0.338783527246316
-0.453399644892723 -0.584141132655813 -0.335173651661577
-0.450718974215517 -0.581235305354786 -0.33215068514687
-0.448490472002017 -0.57883237887624 -0.331093256894291
-0.446190648168713 -0.576251898378924 -0.3289637653596
-0.443630059137857 -0.574366066565628 -0.326144382544082
-0.441172887101175 -0.572093292143195 -0.324773104880803
-0.438694298958611 -0.569651908412531 -0.321589585578702
-0.435710628683982 -0.567386180673667 -0.318185527257343
-0.432800779414419 -0.564290723407769 -0.314757581653943
-0.429506036675421 -0.559863012020182 -0.312622983893727
-0.426678672251902 -0.557438006739929 -0.310135322545878
-0.42351548714871 -0.554585376606619 -0.307846528503866
-0.421049936786385 -0.552053850932944 -0.304747678487538
-0.418723036945962 -0.549183340261719 -0.302569167649758
-0.416650752662525 -0.54775501236134 -0.301166521574678
-0.414222223846286 -0.544714483393415 -0.298672194876163
-0.411895106089396 -0.542996353797155 -0.295825726847513
-0.40978785380364 -0.539741468931746 -0.293612338426264
-0.408162052736159 -0.538007834987787 -0.292234134223938
-0.406008473809989 -0.536632175176424 -0.290130454893033
-0.403521174125086 -0.533686841672913 -0.288641355951997
-0.401100079692315 -0.532213186539539 -0.28669532888523
-0.398816831743484 -0.528856060420865 -0.284897459936964
-0.396514643414015 -0.527649814008956 -0.282611057447022
-0.394232565102948 -0.525470795848339 -0.280491394247354
-0.391723179571616 -0.5225749082222 -0.277913939006336
-0.389307979647647 -0.518294286069033 -0.275191432423171
-0.386690718377601 -0.515534202702813 -0.272111443322217
-0.384264163410908 -0.513637655292073 -0.270520469206806
-0.382013632956528 -0.512042448877267 -0.269188657711421
-0.37963757409415 -0.508771300234391 -0.265827752951062
-0.377175730410827 -0.506293468354146 -0.264874739957382
-0.374993536495284 -0.503913391221318 -0.262358382398134
-0.372396375518262 -0.501301470510438 -0.260311998850846
-0.368779700582096 -0.497317471665914 -0.257939568142812
-0.365081904596853 -0.490236688224419 -0.25529069156024
-0.361997785836233 -0.487802711261551 -0.252422693453338
-0.358012521420222 -0.483898763282923 -0.247448348800125
-0.353920226042253 -0.478590995421103 -0.244487401293924
-0.350520150332472 -0.47495320263065 -0.241690262420118
-0.347125805342322 -0.471634626467535 -0.238391130469554
-0.343812211682434 -0.469763689552984 -0.235094776897653
-0.340742275486915 -0.46590110522843 -0.232855622326755
-0.337747442500977 -0.462477030966991 -0.230426190534983
-0.335062390660191 -0.459934817927528 -0.225395448535849
-0.332414246746994 -0.457676759811691 -0.22266157613449
-0.329680255189154 -0.454133069990016 -0.219476319310816
-0.32693967063196 -0.452238415533805 -0.216437198232466
-0.324233373952225 -0.449200180412359 -0.214851782202301
-0.321389769485202 -0.447599157913514 -0.211973448505319
-0.318685927088332 -0.445202430706135 -0.20988020842827
-0.316085273644206 -0.443605517750551 -0.206830403955457
-0.313669063916621 -0.439835588797529 -0.204236454787114
-0.311336862969666 -0.437092341836213 -0.202540274043676
-0.309094064982165 -0.434052809871412 -0.199731314688829
-0.306916582773164 -0.432101987298377 -0.198575704955566
-0.304608046347938 -0.430271997153095 -0.194847055386203
-0.302141920637801 -0.427258863898034 -0.193624730153953
-0.299503995066377 -0.423746161049638 -0.190314036235943
-0.296519792258201 -0.421718624638731 -0.188701925519264
-0.293695189262078 -0.418738841785995 -0.186701183630046
-0.290466549060362 -0.413937106098483 -0.183630294631776
-0.287224839045872 -0.41023505136121 -0.18183562922107
-0.28422923080877 -0.406722915305679 -0.179734713247725
-0.281289285596937 -0.403853881854348 -0.177913116724436
-0.278268213137916 -0.39922617558508 -0.174452977418569
-0.275028388141295 -0.396756481290796 -0.171157926919893
-0.272043206383808 -0.393077078542341 -0.169106208838124
-0.269300670739231 -0.390827169067624 -0.166052171173933
-0.266711771435122 -0.389513522207601 -0.163249989845265
-0.264231912628028 -0.387109277686506 -0.162145818181193
-0.261945597509842 -0.384127871923647 -0.157033316687291
-0.259804986399436 -0.382682652763058 -0.155970158993694
-0.257975576845098 -0.380916397091843 -0.154141690408132
-0.25622883805282 -0.379233937239033 -0.151353226281417
-0.254621771329912 -0.376421687347639 -0.148986979978931
-0.252898843819482 -0.374707686828033 -0.147396031303871
-0.250725876126288 -0.371736598080722 -0.146122488062925
-0.248279107496087 -0.367603257717332 -0.143161931301403
-0.245052802919578 -0.364795953089758 -0.14175206504549
-0.241931848225388 -0.35899355184808 -0.139274189485375
-0.238928031365208 -0.356661831163007 -0.135707674448958
-0.235815175251409 -0.35278812388081 -0.1350742070055
-0.233069659292016 -0.350038313394274 -0.131098033389856
-0.229987128139363 -0.347655764199057 -0.128704669068985
-0.227196160757335 -0.34535269106352 -0.125798774923795
-0.224726032522107 -0.343866101714665 -0.123390943431095
-0.222406173323287 -0.341494778055615 -0.120207489463137
-0.220347480754092 -0.340496147513038 -0.11858925316242
-0.218553026389536 -0.339046673615008 -0.11638039619819
-0.216827351771407 -0.336399058589414 -0.114756507777093
-0.215136768324805 -0.335177573842084 -0.112646982389469
-0.213466360255374 -0.333714580947524 -0.10999056908769
-0.211637602049021 -0.33059782511202 -0.107734608039604
-0.209962068675172 -0.328216403679727 -0.105944059853068
-0.208127241919419 -0.325762348708247 -0.104144384616983
-0.206270307479284 -0.323998421107559 -0.101911548881142
-0.204489086097312 -0.322840328557038 -0.100784080685843
-0.202682117315325 -0.322229227452012 -0.0999156989665915
-0.201097484600958 -0.319699659401579 -0.0979734551128758
-0.199511574938306 -0.317693499989576 -0.09682048444231
-0.197880436706839 -0.316057991220538 -0.0954690406097761
-0.196164136395952 -0.314758146175817 -0.0928607731139748
-0.194474380535134 -0.312084664757341 -0.092093557860182
-0.192639806327246 -0.310187763242704 -0.0900846823553797
-0.190508289413472 -0.306977841194683 -0.0882468751495155
-0.188319877103164 -0.303516105334153 -0.0863061461913048
-0.185848707067413 -0.299238530596275 -0.0851098061053537
-0.183334085627657 -0.296333303488713 -0.0837943981558035
-0.180263298943645 -0.292190589754061 -0.0799699084291356
-0.177276428273782 -0.288305167169791 -0.0767499668901047
-0.174418892982914 -0.285218583305925 -0.0762327887332257
-0.171353290471653 -0.282486612230983 -0.0734536794545914
-0.168226194014972 -0.279173760522313 -0.0700833272396547
-0.165417342333605 -0.276884125389658 -0.0676583342650605
-0.162372445767468 -0.275000315920556 -0.0653375525579858
-0.159743025212724 -0.272615378546654 -0.0614793114443919
-0.157086965006581 -0.270353020621477 -0.0588534712377579
-0.154903640614246 -0.26869953019238 -0.0555139618241238
-0.152880609482841 -0.266638213282069 -0.0532620295776868
-0.150990191577664 -0.265383304731392 -0.050835701197861
-0.149095661603274 -0.263388500404676 -0.0487928140599955
-0.147114282915392 -0.261186309413795 -0.0468868341806933
-0.145127404479026 -0.258975226728558 -0.0453084015734596
-0.142840683517587 -0.255940646636016 -0.043015790604817
-0.140497944294375 -0.252639396244615 -0.04161979455034
-0.137972478258153 -0.250434834454957 -0.0382838101248776
-0.135014563339521 -0.246659867086621 -0.0361477487968065
-0.131479902393792 -0.242653874358411 -0.0315653949729837
-0.128144538433433 -0.238796820129363 -0.028041830856964
-0.125062351801109 -0.236927849196152 -0.0260340944059681
-0.121946361156867 -0.233355654867323 -0.0231227507274905
-0.118597570485312 -0.227819747549325 -0.0206289876811908
-0.115673325280453 -0.225411197929093 -0.0179538605153803
-0.111851530493833 -0.222167900706987 -0.0144273327694646
-0.10811422434804 -0.217668366704136 -0.0111401744829176
-0.104776391289113 -0.215399249292786 -0.007634961738221
-0.101735454633898 -0.212622908556525 -0.00567399662848657
-0.098905590574133 -0.210429167407771 -0.002432939866701
-0.0959251655398468 -0.208174298077195 0.00087620212282904
-0.0934074289980553 -0.206212004139152 0.00375625122742753
-0.0913463391723654 -0.204811823372361 0.00723946134882486
-0.0893237586055735 -0.202673992189194 0.00948276021489808
-0.087403088081763 -0.200711873152299 0.0116734308536673
-0.0855027821058538 -0.198119837302619 0.0129417262096708
-0.0834235108395091 -0.193934616388599 0.0149064511899527
-0.0798544097774534 -0.188045639187405 0.0179367000640996
-0.0759790875347966 -0.185316548938045 0.0204356075203029
-0.0729936184459005 -0.183377050030727 0.0224139811025676
-0.0707252276486888 -0.181649806831792 0.0251967004142043
-0.06845705035161 -0.178295783361592 0.0284299861534995
-0.0659622690502968 -0.175757430619344 0.0301564647370523
-0.063349322269869 -0.171639971458066 0.0330905056154323
-0.0606978959094072 -0.169578086946055 0.035070442291651
-0.0580593672641544 -0.167113632849848 0.0373554762144226
-0.0555452198344075 -0.165004749480743 0.0396779475207342
-0.0533518105327256 -0.161910363648911 0.04308110279888
-0.0508808094355285 -0.159176386008784 0.0445072514414398
-0.0475293484403098 -0.154929532503005 0.0458405074920594
-0.0441528048717536 -0.149958329075976 0.0489528774680902
-0.0412300751001408 -0.14650177776526 0.0508814314210882
-0.0376822160637622 -0.142368780727251 0.0555073899227757
-0.0344132018880398 -0.139052996346825 0.0589589665301158
-0.0312914303917003 -0.136984826755567 0.0611269268020775
-0.0276049538601752 -0.130912542592093 0.0634079873286583
-0.0239635005830575 -0.126926229970679 0.0669206482733005
-0.0205363992568341 -0.121784522671587 0.0697270901561497
-0.0166592060272781 -0.1155172617156 0.0724739749885524
-0.0127870710149651 -0.112568370936259 0.0754278788862229
-0.00862642176285628 -0.108658939719521 0.078796645345302
-0.00413380966934577 -0.103129018606141 0.0827868011996357
1.42232820937424e-05 -0.0988252388311027 0.0869946016995415
0.00346842132759321 -0.095750557910377 0.0895117498984896
0.00691979125301422 -0.0937713846716535 0.0938161545645632
0.0106538334930978 -0.0902191376108928 0.0976887002584871
0.0153656340545458 -0.0873325891146495 0.106029150332744
0.0192263940818067 -0.0863248277019103 0.111202071313899
0.0227330164608249 -0.0805019452681986 0.11415882684088
0.0254708200160368 -0.077299800933783 0.118105050197474
0.0278736279331175 -0.0756276560928461 0.121712941413175
0.0309261543893377 -0.0704611975173176 0.124183934285283
0.0347138287999192 -0.065939036013954 0.126468025640739
0.0381165690801167 -0.0623973490290368 0.129250249004024
0.0422938087169515 -0.0608067339337389 0.132298549736231
0.0458173420906405 -0.0581293371698007 0.136275807677237
0.0483456772815645 -0.0549505790768944 0.138527793851183
0.0513440116138869 -0.0525791447520433 0.143379285229502
0.0536249864814013 -0.0497681688353734 0.146601190211613
0.0560610501789623 -0.0471425919332557 0.150005230198712
0.0597140398619035 -0.0438968779854747 0.152665326399303
0.0624378218060894 -0.0422509240520164 0.154573185706867
0.0645033287427351 -0.0400386020530012 0.158079141559274
0.0674893421038454 -0.0363811554228832 0.160003451172326
0.0699748070803817 -0.033240152986256 0.163118252169217
0.0727910445897139 -0.0304986217807687 0.16526893161761
0.0752449410174401 -0.0274865716805328 0.166444947669865
0.0774986552624955 -0.0257463292246589 0.169146212289258
0.0799844102717423 -0.0238027366928716 0.172267706927421
0.0830410083825761 -0.01975906531482 0.173696379034305
0.0865598456898441 -0.0154802508165485 0.176656200424593
0.0891815067793651 -0.0114082249350843 0.178362347051324
0.0917493159391792 -0.00846858427918885 0.180643025875695
0.0943109681022064 -0.00744750151257796 0.183369786468429
0.0971245425423279 -0.00662256099103816 0.186280426647088
0.0997996521214551 -0.00236546452002 0.1907202669676
0.103007665146127 0.00103460384913989 0.193561695654809
0.105624478230954 0.00383484456790899 0.196935502493137
0.107668412710431 0.00444490067332304 0.199620577746903
0.10938603679528 0.00734315731216232 0.201018518873345
0.111762703762431 0.0101388129692067 0.202903741020372
0.114198956979145 0.0137063879203588 0.204786195470211
0.116748866176791 0.01692787757872 0.206925936626327
0.119641065702529 0.0201573390953019 0.209779321431297
0.122932681965668 0.0235503582166713 0.212570005326974
0.126769058989844 0.0273042909508319 0.216091525068492
0.130550625006142 0.0300268813445316 0.220203187580517
0.13353331875505 0.0309764482771441 0.223396150624709
0.135623465990214 0.0331044616516786 0.226215928948404
0.13823577011598 0.0358725244826139 0.228158552012598
0.140774589215031 0.0395428282837595 0.230288745638303
0.143261787311193 0.0424892655217836 0.233646230298405
0.146048808349013 0.0452149210674696 0.236000684680656
0.148588467202172 0.0487132904430352 0.238275182400239
0.150976439647596 0.0497057305099683 0.240196624229515
0.153470907124083 0.0532907708485341 0.244385741685305
0.155453171434078 0.0547556914225704 0.247007122488087
0.157454192148045 0.0564498187256301 0.248933476603744
0.159246542192956 0.0577866991929873 0.250635781018226
0.160832674117443 0.0595112228933269 0.251854546470696
0.162432277227583 0.0616080670042344 0.253141586328728
0.164196179565409 0.06350912595788 0.254550668804487
0.165880910225085 0.0650799842720537 0.256395816827004
0.167453224306626 0.0665670189998521 0.257955076554411
0.169222749835183 0.0703009986584442 0.259678260812313
0.171105429997003 0.0717669588833437 0.261097507742505
0.173075562798933 0.074916963680053 0.262792384362932
0.175735695742611 0.0780548167863708 0.265256851510206
0.178993245595549 0.0803954771215525 0.269119984183248
0.182167217183633 0.0841918086986484 0.27168637472628
0.185943352160586 0.0881629649660614 0.274081718227013
0.189209959161954 0.0909159247651393 0.276396569224367
0.191675472307523 0.0934320797645986 0.279273159300995
0.194079409867595 0.0956486568130716 0.282234118821358
0.196723791953784 0.0981112793452735 0.284949093783779
0.198983261657748 0.101276332357414 0.287166984553239
0.201438249933345 0.104445432805485 0.289255718382968
0.203627230830406 0.105973925434592 0.292267307803422
0.206036490666074 0.109833390846067 0.294071543200352
0.208171112001622 0.111627539365599 0.295843376930626
0.209947850356711 0.113454898684634 0.297709901127978
0.211921308023302 0.114768581455399 0.299549352214356
0.213884354670503 0.11752195269647 0.301490523452684
0.216386809722348 0.121114921475576 0.303847306591158
0.218999601901293 0.124463744232218 0.305835681059724
0.221874315251183 0.126789719821181 0.30779616963442
0.224557536322053 0.129537554345339 0.310311743250375
0.227147993287746 0.131185065312932 0.312605909893925
0.229502952085695 0.134011233868693 0.315863979244067
0.231837156792695 0.137848748901614 0.317076679005348
0.234255428612622 0.139614895912003 0.32002542136691
0.236758202942506 0.141838054422725 0.322317578067662
0.238987356837438 0.144186479008687 0.323613483311366
0.241126728463585 0.146761690918844 0.325410552398043
0.243285401465185 0.149559981328086 0.327903266271451
0.245657015836624 0.153075471129012 0.33015275275484
0.248291796524864 0.156452849083598 0.332064372650473
0.250777198147592 0.159118212582133 0.334627907981057
0.253652317329188 0.162318996645554 0.33790683364151
0.25636673317402 0.16605281308864 0.340892444568094
0.259063707370997 0.169146856234505 0.343272473591801
0.261672340947535 0.171027681269031 0.345069470715032
0.26459192477315 0.174705975645003 0.347528679741239
0.267432925726999 0.177024054894749 0.350436825281111
0.270487054459635 0.179383138911367 0.353590096641305
0.27337962732403 0.181833406116991 0.357632586846551
0.275956157130535 0.184231848761012 0.36048092441357
0.278674185814911 0.187981283641447 0.363597192164606
0.281821576158807 0.191748041767882 0.365919651206086
0.285596737926176 0.195875132264707 0.368694479999282
0.288832355578127 0.199436718266131 0.371660180574276
0.292983173765135 0.2026940095322 0.375385311565864
0.296398906031955 0.207616305641463 0.377653683433257
0.302123569428955 0.212766808401752 0.381010237361621
0.306383713322025 0.21722764881162 0.386759272857022
0.31170536889941 0.221153296071963 0.390343375137338
0.315927338327936 0.225418159147499 0.394631329553346
0.319743504116985 0.229747993354112 0.398666939741731
0.323085736553053 0.232431774920927 0.402888280969754
0.325959090337387 0.23545448088187 0.406680269151879
0.328431141601571 0.236905247394251 0.409291392280187
0.331000920008492 0.239355734715912 0.41120172895925
0.333278050451765 0.242080379596307 0.413409752435327
0.335487283523405 0.243910384752493 0.416497231862328
0.337614241515417 0.246206122293167 0.419205272223493
0.339600664307354 0.248361494184998 0.42083241076243
0.341516502939373 0.249038968993252 0.422681605209033
0.343099395868305 0.250089302484091 0.423873082433753
0.344560687810349 0.251083381509784 0.426995070850369
0.34595449245351 0.252267341898416 0.428732562675754
0.347244923223027 0.254126197124807 0.429942053257204
0.34866659112739 0.256258354465426 0.431462267425625
0.350115513779185 0.257719125504875 0.432773868728014
0.351792272349851 0.260412946098999 0.43477750103724
0.35341405171523 0.262259512655663 0.43622798931689
0.355126023299154 0.263827351896757 0.437832648762336
0.356704429791608 0.265323094034778 0.439756670751644
0.358320727452989 0.267658079190399 0.441846002027121
0.359898155169533 0.27003825128029 0.442749302163206
0.36159199696275 0.271337370562058 0.44368521698005
0.363208408873951 0.27357238118341 0.445241340026394
0.365107454765327 0.275396155352744 0.446778950616549
0.366949836499327 0.278910702325722 0.44872699977617
0.369201669825139 0.281877185663985 0.449960308756246
0.37127799332746 0.284392158276003 0.451631839851761
0.373367288445213 0.287584694891702 0.453692514273343
0.37543432472963 0.289676155343345 0.45448370130547
0.377334340587254 0.291610690374982 0.45623738733301
0.379332528519308 0.294164770937456 0.457614277296218
0.381183170626726 0.296021038877659 0.459880555495431
0.383092622664141 0.297521782657127 0.461485996715578
0.384877998668784 0.299510548974546 0.463346879676658
0.386753434539638 0.301707371015117 0.46456890634731
0.388892626012637 0.303667972494692 0.467316063467249
0.390743367246357 0.30542967039906 0.469057658703623
0.392927144369401 0.306454746598462 0.471781445802235
0.39468883483954 0.308225050035614 0.473320482022543
0.396465176228462 0.309761664733604 0.474994595153261
0.398274097699458 0.311326648604883 0.476601837829526
0.400169648889562 0.313753109697692 0.47844670685589
0.402011296866973 0.315844374295335 0.480969875731174
0.403918961756108 0.318036525434602 0.482377612977184
0.405759158975242 0.320335814481923 0.48398109494836
0.407602183014221 0.323089466212388 0.485999519764874
0.409380167379714 0.324408118535211 0.488090975121261
0.41112420931608 0.327173315024876 0.489258982256826
0.4130573842342 0.328778216709048 0.491840400047969
0.414965984067243 0.331025234817952 0.493176477936463
0.417529876130277 0.333193699974329 0.495396613248468
0.42043879606501 0.335564684291074 0.498017559993202
0.423227265616772 0.338936520757427 0.500510672477102
0.42554458109085 0.340278120112971 0.502337472058006
0.427579705385787 0.342010489603849 0.5038597017922
0.429555058296766 0.34438856219689 0.506088324401188
0.431533197636301 0.345729556646096 0.50810239549173
0.433667072187059 0.348419910017112 0.510422029232234
0.436133347286519 0.351018444576516 0.512878716042125
0.438603306175259 0.354268018312599 0.515466283871924
0.440766954142999 0.356047132353335 0.517466930179512
0.442785675583616 0.358832193630622 0.520579660355033
0.445109250232675 0.361216365128124 0.522597038235081
0.447359753375019 0.363610347870019 0.52474387209128
0.449954978492224 0.366942056269783 0.526855254409057
0.452305409601794 0.369000632364195 0.529527210527678
0.454730724554873 0.372615575631912 0.532407235024165
0.457189772558128 0.376387356725153 0.534531248592787
0.459688461935194 0.380379504044433 0.537751183244609
0.462190094908868 0.382710346786077 0.539727684559473
0.464690711326887 0.385260570534089 0.541715641172997
0.467333922259761 0.387901958299327 0.544232062864452
0.470549791589811 0.39184555111204 0.546320048540863
0.473717404538929 0.394685781462233 0.548913565853741
0.477374392683101 0.398212413361791 0.551067064155312
0.4817336835484 0.402427510930267 0.555445527114549
0.48576540134071 0.406073359668878 0.558424182805269
0.489718237506604 0.408844922667645 0.562277880404332
0.493457403458681 0.411424089754193 0.566590235347399
0.496679749927761 0.413646848568698 0.570352088194883
0.499793019752952 0.415907624455599 0.574655405403242
0.502818853343627 0.418495547868732 0.577730848673704
0.505595028130887 0.420980876322091 0.581644815553786
0.508097270817493 0.422985228300511 0.585703340753868
0.510459470475197 0.425155820786039 0.589165984792653
0.512617126320858 0.427338576331259 0.591888032993556
0.514854026122053 0.43024383437297 0.593770682047041
0.517101921175571 0.432445227764821 0.595562034045757
0.519242502964029 0.433617442022159 0.598263539054519
0.521496223570241 0.436732305258566 0.601213631582157
0.523538438339845 0.439558424429093 0.603642621163215
0.525670557397427 0.441140788853441 0.605963729548611
0.527970198591392 0.443997640963981 0.608201485571938
0.530353862845967 0.445876304066894 0.610510798154132
0.532897191631654 0.448823077522882 0.612225645168904
0.535433069092014 0.450892993661004 0.615942355960181
0.537826700432282 0.45442128232924 0.617861482621683
0.540159328298115 0.456669558118845 0.61997465541622
0.542503320592747 0.459691878410728 0.622772947264645
0.545496563131212 0.461869507719757 0.62544832156882
0.548766641817318 0.464190681986836 0.629202438475635
0.551984610393241 0.467014249168916 0.632441013594066
0.554656073876078 0.469062569887121 0.635924035754768
0.55689385314658 0.470398098020289 0.639017575231718
0.558928089695383 0.473192515934076 0.641819585800718
0.560965983247768 0.475087797278787 0.643624877709703
0.562761695426978 0.476158332615221 0.645418077240792
0.564792679013526 0.478119244164988 0.647471418169348
0.566724413776995 0.479085861179435 0.649502710033803
0.568441056880525 0.481667184773665 0.651306340218113
0.570153160143747 0.48287263678888 0.653277789777381
0.571847185795945 0.485532581593043 0.654870992194966
0.573992549999097 0.488231628610879 0.655953866637768
0.576217846819926 0.490140930911116 0.657788581808183
0.578534514387522 0.49276601727692 0.660622966743634
0.581167645574073 0.495666811171369 0.662789952445294
0.583866402465407 0.499183684917025 0.665379715788556
0.586761925486913 0.501724315527322 0.668471495168592
0.589806712160458 0.504684630453868 0.670505127688397
0.59292807933789 0.506848826061525 0.673306617917981
0.596228451328738 0.51057373791233 0.675778999304235
0.59964037792278 0.513244374012406 0.679935488666652
0.60252815693519 0.515358166394735 0.682527156006256
0.605504772711696 0.518575461694933 0.685113419049203
0.608233134219081 0.520858190986491 0.688109692426168
0.610595381038125 0.52274754802301 0.690493943742383
0.613199196601373 0.52685272207285 0.69317172061343
0.616811472309251 0.530717781870133 0.695229419914739
0.62056051793629 0.53516367734704 0.698667686149346
0.624012161724077 0.539353974159079 0.702119796306689
0.627742429827904 0.543209288710386 0.705574550512096
0.631238896652761 0.546171069471737 0.709286394839682
0.633907053217152 0.547597000436518 0.71206378758364
0.636551676531135 0.551043288205466 0.714465101497864
0.638823373660178 0.553187422528351 0.717320320829108
0.640962376373717 0.55490186219923 0.719990893935929
0.642949193590664 0.557537221941744 0.723310140911741
0.645123714794885 0.559943649616074 0.725446510154333
0.647070630425304 0.56211154345249 0.727857783089397
0.649503095715709 0.564436719029196 0.7299914813331
0.651733287329334 0.567359123933715 0.732201553433399
0.654066288992114 0.570749706715676 0.734966108014846
0.657059660521395 0.57482827200153 0.736204099839134
0.659875630735147 0.57755313992094 0.737722304773661
0.663425369709619 0.582664955008608 0.741759967518982
0.667158889105276 0.587334197633042 0.745123301648009
0.67080566501618 0.591457804753956 0.748130123191213
0.674323589366022 0.594957779691062 0.750204790209971
0.678936933315377 0.599207419908805 0.756231374873924
0.682822124896706 0.603933054885962 0.75954862714282
0.687551222733667 0.607932149379943 0.764212596953054
0.692110371824159 0.611866702896158 0.769789613320707
0.695793903158565 0.614980814889417 0.773131200434449
0.700637604579953 0.617704116522737 0.780155099311283
0.703517473778517 0.621673209362126 0.783717748754049
0.706691046587693 0.626348934618048 0.786153058800283
0.710502251046141 0.629940067471311 0.789708163169886
0.714555806853162 0.633492913914029 0.793153470306273
0.719411249749865 0.637385211941232 0.797542590290149
0.723378226723782 0.642115363632956 0.803088612776087
0.728225276724322 0.646995561998661 0.807841915950416
0.734123406916951 0.651258784413902 0.812263085458374
0.738653874236304 0.654870922970794 0.818796223369311
0.742659675502915 0.659483400619846 0.822373915344786
0.746498110635352 0.663505138826167 0.826008139697062
0.750234984953253 0.668373590297295 0.830031319489793
0.756883158409373 0.674038338696349 0.833891896905502
0.76019879116482 0.677410292279806 0.839022760214507
0.765191573377221 0.682022892701852 0.842626709467595
0.769386335748481 0.686090917135836 0.847245810803093
0.7720193303828 0.687420814571549 0.850923448486052
0.774420181212233 0.690570779867808 0.853267688657011
0.780446244821922 0.69808000489141 0.857210206082712
0.784212585615027 0.700905207077016 0.86134226164952
0.788604967619374 0.70668510431557 0.864701677939041
0.794382937160393 0.713556869202639 0.868522280894538
0.79993513396156 0.719741328951117 0.873203145891957
0.808639821984981 0.731733445543075 0.879280387964413
0.817350582929345 0.741574713338218 0.885831782513721
0.823181325597501 0.74642705223086 0.891952456680555
0.828100352870192 0.751136382927442 0.897140406555894
0.832751352087876 0.755507559575245 0.902893710319484
0.836991231483444 0.760150757591185 0.907175059085196
0.841003436885659 0.764131604874781 0.910859889089196
0.84571806576871 0.769207081992757 0.915570062250492
0.849373134850428 0.772782057539851 0.919263612150468
0.852693931357851 0.776381180237899 0.922910212447065
0.85636316673473 0.778975989226485 0.927913214826213
0.859330244205528 0.781609065822605 0.930871337220569
0.862195023005197 0.783626859974957 0.934306228153115
0.865113870377643 0.786449667496482 0.937879708726455
0.867612351565083 0.789230685600709 0.940961355763708
0.869862374192727 0.790914945651251 0.943912154510124
0.871824923637564 0.792038647683444 0.946425123949641
0.873681754678626 0.793408778434075 0.948402227305259
0.875410086564336 0.794520596695666 0.951497844072371
0.876963987782919 0.796056078952588 0.95274885183758
0.878643331974105 0.798511570208362 0.955445410226347
0.880243763451 0.800041627776093 0.957508384983022
0.881744666900262 0.80186956878868 0.95875513657826
0.883341991913662 0.80356014382282 0.960261438624559
0.885136240045223 0.805111147635735 0.961781338077806
0.8868026813316 0.807154397935756 0.963246290946508
0.88869294106287 0.809411596145641 0.964186180323233
0.89068917696442 0.811258848181933 0.966546220233441
0.8928397818734 0.814322907964329 0.967890836875097
0.894891383545935 0.816206300901265 0.970413702028627
0.897481981304794 0.819806341495212 0.972060562708766
0.899805925138544 0.822776016458869 0.973934518801255
0.902339082418601 0.825448707463624 0.976198533382244
0.904965445372588 0.829067245838985 0.978257570793453
0.907813310287213 0.831954462316704 0.980676538025017
0.910889214180414 0.835869327513766 0.983964702473853
0.913948105345702 0.840405080192638 0.986210563470064
0.917325198873708 0.844005511165377 0.988690440589032
0.920654266428057 0.847857238899855 0.992161137751337
0.923836655363015 0.84990253835302 0.995056462412828
0.926911374433708 0.853201957768877 0.99829465280589
0.930177373697404 0.856440290247951 1.00147448349181
0.933646835736363 0.860571704969054 1.00436648769521
0.937328690086905 0.865054383367643 1.00684744925724
0.941151208932682 0.869246916150077 1.01161663489557
0.944909290554655 0.872880241082572 1.01543515155053
0.948624928610489 0.876243401161359 1.01877340095061
0.952607305330694 0.879712617772429 1.02251489316082
0.95656858363206 0.885280929586884 1.02624724862288
0.96159806937024 0.889444062363176 1.03105232200946
0.965867731230451 0.893204953397504 1.03647915187867
0.970926606899348 0.898769440402955 1.04092198036458
0.976032993518842 0.902659741324808 1.04621211377209
0.980243918691588 0.90675810020205 1.05050203407246
0.984760666072666 0.910968729237408 1.05454132028631
0.989440127616415 0.915847351952865 1.05958002654957
0.993922426607293 0.92016462878587 1.06418578237195
0.999087186977278 0.927047609848123 1.0684367673706
1.00444620674628 0.931518368608434 1.07336829318552
1.01027326111826 0.938124504642214 1.07969392541215
1.01574365336388 0.942271317194859 1.08577539468619
1.02089377334529 0.948133126243423 1.09164035380052
1.02656001245356 0.953708790875982 1.09544922504761
1.03407773263001 0.962763971781734 1.10127198532281
1.04094999181944 0.969826433584302 1.10873988776432
1.0480499739978 0.977257784991817 1.11479198381599
1.05528769199836 0.984309511646525 1.12278608515328
1.06396487426431 0.991990682944328 1.13175594523644
1.07130361248982 0.997747433119244 1.14100052364753
1.0771636830135 1.00259448075326 1.14755827441868
1.0826485173334 1.00703202394815 1.15326996878227
1.08753602925376 1.00997942705957 1.15961679677348
1.0916039574098 1.01375765049267 1.16490532068237
1.09543564415421 1.01730696889774 1.16917793152097
1.09894417577178 1.02020303546032 1.17270194727212
1.1028490330759 1.02512268101216 1.17590201587651
1.10706682413485 1.03038385058522 1.17968113840846
1.11178287864707 1.03554332057948 1.18449707485821
1.11663368119489 1.04015437118539 1.18956641884705
1.12167597749471 1.04549754541733 1.19475244030164
1.12674296147586 1.05016806574415 1.20057400445488
1.13187623614412 1.05514840811762 1.20625409587433
1.13687353344232 1.05964714416377 1.21074057712194
1.14158753238068 1.06365827780915 1.21470230196348
1.14645172041426 1.06841143109061 1.21920973610103
1.15106425726187 1.07326863108531 1.2234392776533
1.15591657447551 1.07836294633803 1.22932748651811
1.16128530547192 1.08475650672389 1.23425059490431
1.16600933949566 1.08770133660614 1.23937129104635
1.17095717116607 1.09348092679954 1.24499625042882
1.17468834034822 1.09538148909959 1.25050903706057
1.17830071700206 1.09837534181903 1.25563908967843
1.18171264003276 1.10227572313167 1.25911079751859
1.18443299793628 1.10492456297509 1.26199109326512
1.18777088249547 1.10827389762849 1.26416343551012
1.19077735534932 1.11080527483657 1.2668562477144
1.19429982798579 1.11537937582068 1.27030462230426
1.19742215164 1.11780326162055 1.27347020026538
1.20083680982823 1.11944302086036 1.27784749272583
1.20376227817641 1.12277001279122 1.28066717126342
1.20665603182975 1.12629830987769 1.28407631799165
1.2095339993758 1.12953245409606 1.28671033387848
1.21371677159612 1.13472363786828 1.28942084416832
1.21772256462234 1.13849069783911 1.29293840186291
1.2219181000988 1.14497516525005 1.29685261836367
1.22670788610237 1.14882705034532 1.30365221815883
1.23355723411294 1.15426578968832 1.30873350670609
1.23803623567974 1.1577070208064 1.31421472354969
1.24275058361333 1.16090594066365 1.31845216497867
1.2467616061078 1.16705820093825 1.32349550428817
1.25035277819571 1.17064064788949 1.32729154295879
1.25558019457772 1.1751031671331 1.33306024028293
1.26084713360846 1.17914097625973 1.33807950419315
1.26448086286305 1.18334272255602 1.3424467720012
1.26822379475539 1.18859877091128 1.34530361931191
1.27253576165508 1.19220662041692 1.34960159325343
1.27852348123106 1.19755721173075 1.355654686103
1.28272402609565 1.20147081873066 1.36107214083253
1.28696571730742 1.20449160545532 1.36461040259743
1.29091562013691 1.20889422287908 1.36971223191138
1.29415535130227 1.21169971726012 1.37313929768476
1.29895854543361 1.21608209295125 1.37825775344084
1.30181484814247 1.21893211812053 1.38118281588279
1.30563163150806 1.22186134547147 1.38419640995395
1.3115785126012 1.22882873563057 1.38886733850141
1.31539555181987 1.23363465333802 1.3936281653945
1.32008371463629 1.23847008256048 1.39852348440184
1.32712917254505 1.24581991632767 1.40425967850466
1.33378817107824 1.25259910216255 1.41080430572159
1.33896814478487 1.2578080437948 1.41517723078052
1.34475960122914 1.26256261724818 1.42298688317209
1.3507405696566 1.26711135331386 1.42981734790503
1.35526605871145 1.27125325571881 1.43617758414716
1.35975053074575 1.27501562915707 1.44017968519166
1.36662067023201 1.28472703676741 1.44540041094054
1.37237493768412 1.29201958723023 1.45052199330936
1.37939368532946 1.30016096020353 1.4573226391693
1.38775001607614 1.30672267209824 1.4654782213163
1.39557004428201 1.31252395614117 1.47651187153748
1.40331462377214 1.31770929989689 1.48461147963706
1.40995292103662 1.32363901586875 1.49411036749943
1.41646130491296 1.33122781192401 1.50030227557292
1.42305492500233 1.33756930262436 1.50699902257347
1.42844194760593 1.34258854862491 1.51188156791167
1.43356799430353 1.34708314240323 1.51767038802959
1.43945057534957 1.35352893131784 1.52396622610231
1.44591697386664 1.35859825375914 1.5304074365399
1.45160867440637 1.36387773413579 1.53715785710965
1.45660073076769 1.36996067485615 1.54310870392953
1.46499329658349 1.3756672367091 1.55329121155051
1.4715130949269 1.38069539980627 1.55901831969007
1.47702493433147 1.38701427430511 1.56428558469108
1.48225707274233 1.39122704723107 1.56928659477471
1.48835490775069 1.39775052718407 1.57618855986162
1.49392078652133 1.40282759811761 1.58259764757834
1.50296823025781 1.41076309649526 1.59278975757219
1.51209535041172 1.41770471035974 1.60383417241529
1.52172503971974 1.42988387949151 1.61244796164459
1.53018830889407 1.43808931488222 1.62193999937489
1.54248123804884 1.44903590670408 1.6361424958614
1.55809522062927 1.46441341441704 1.65134584674878
1.57063154770633 1.47838408210897 1.66406042325187
1.58754829826765 1.49307165693035 1.68058961887691
1.59852541466618 1.50321529651326 1.69161247457875
1.61118160803792 1.51412425482543 1.70514835278792
1.62118258881434 1.52233962517715 1.71563097147748
1.63357611996762 1.53242430588885 1.73047315335738
1.64581843098931 1.54776626168838 1.74498897968553
1.65898669678602 1.56007623824822 1.759796478405
1.67485242837724 1.57445370989255 1.77681444056069
1.69201163980272 1.58765767599442 1.79534060531447
1.70929014400063 1.60494546916513 1.81668692292976
1.72643802806219 1.62388024994256 1.84071259781333
1.74857943904277 1.64184487549744 1.85995821689292
1.77921976312031 1.66789757800797 1.89310575837511
1.81004624508915 1.69825862288082 1.9241597669514
1.83216497869888 1.71788595102543 1.94521623083518
1.85130085597174 1.73560744613428 1.96760803210653
1.86866666953673 1.75193672942023 1.98659411533941
1.8843139084999 1.76656973697408 2.0039911983838
1.90226718936178 1.7804050979711 2.02380400256651
1.9166307183912 1.79256256307748 2.04111838339738
1.93190539964799 1.80803753070399 2.05679086764408
1.94863713032457 1.82311941386583 2.07464363847638
1.96000156876298 1.83237923083137 2.08521456231682
1.96699355468598 1.84018144388423 2.09471116251227
1.97521363076105 1.84900222313749 2.10327191839483
1.98417234472577 1.85679758852488 2.11318133675941
1.99887603392994 1.87142054330557 2.12915064773
2.01797091392211 1.88648401574624 2.15399925973451
2.03158500109534 1.89740353710643 2.1682959780919
2.06512492151522 1.9146851951926 2.23301289248414
2.10160062287771 1.94117780717353 2.28229243972365
2.11865853282046 1.95402670990454 2.30348186984491
2.1552911724299 1.98145381194369 2.34184388891914
2.20372931515024 2.04082791808339 2.38403678694667
2.23739423593199 2.07708883697975 2.41954954744296
2.26037263443269 2.09458399888539 2.45163004759746
2.30966370466626 2.14183930240089 2.49065893527867
2.3790312244589 2.2068486848099 2.55727578416576
2.43842664335896 2.25978612155855 2.62053810603529
2.45660164935606 2.27514729900341 2.64212245923001
2.47794677761017 2.29335853968077 2.66521221474734
2.53878647010288 2.34946365246662 2.73428786969921
2.54454435869162 2.35461960993647 2.73981537600695
2.55252518117436 2.36210362937285 2.74926568243911
2.57893560389522 2.38420154170499 2.77877920406514
2.68227244151484 2.4756477090351 2.89776472498832
2.70564114647681 2.49745562289105 2.92198976849429
2.82774591338896 2.60368494388533 3.06332218165184
2.88510674959042 2.6527246143662 3.129415045956
3.15598578702921 2.88856807316487 3.44244275252639
3.44973284796387 3.14164114430705 3.7818392357311
