"comp1" "comp2"
-2.285077 3.318904
-2.573435 3.362853
-2.331068 4.219914
-2.224495 2.27999
-2.803406 2.364683
-2.994048 3.204971
-2.791007 3.80483
-3.241437 4.620704
-2.783423 3.742826
-2.45479 2.384796
-2.739417 3.705606
-2.572772 4.817351
-2.493957 4.386514
-2.542596 6.466845
-1.996726 6.109816
-1.55223 7.107807
-2.815612 4.835042
-2.791418 4.335941
-3.268543 3.861786
-2.349451 3.826263
-2.289161 2.810449
-2.662233 5.046702
-2.409877 2.19632
-2.726308 1.885844
-3.12423 4.051457
-2.160692 0.5427786
-2.115956 2.387368
-2.248524 3.162975
-2.111324 3.479927
-1.831676 7.794311
-1.77465 4.025596
-2.051323 2.547161
-2.162022 1.68872
-2.164955 2.362765
-1.989647 5.376153
-2.476124 4.612596
-2.061487 1.796226
-1.809351 4.13851
-1.960209 3.305849
-2.208281 3.512732
-2.204451 3.323424
-2.367799 3.064317
-2.023249 3.766659
-1.888025 4.683005
-2.252073 3.020824
-2.19196 2.464745
-2.076157 1.665683
-1.820019 2.708283
-1.154096 3.330094
-2.086552 4.367138
-2.391885 4.10845
-2.039616 2.338251
-1.665324 1.565248
-2.177507 1.678599
-1.963308 2.276371
-2.18153 2.970486
-1.535483 4.769776
-2.289683 4.531946
-2.661614 5.190089
-2.289627 6.014134
-1.915037 7.379628
-2.066486 7.169726
-2.8218 5.212104
-2.653151 2.724333
-2.9832 4.744165
-3.543056 6.220662
-3.151234 4.346597
-2.930945 3.322621
-2.958516 3.532298
-2.527118 3.600936
-3.039241 4.867633
-1.895859 4.085092
-2.315369 5.293009
-2.384823 6.795923
-2.587433 7.407674
-2.29835 6.765828
-3.083722 6.987654
-3.013985 6.310922
-2.641138 5.035399
-2.989716 4.318169
-2.542371 6.373191
-2.902861 7.082494
-2.575601 8.408533
-2.688031 7.65447
-3.106222 6.193618
-3.909886 9.095613
-4.088965 8.899071
-3.047219 5.246577
-3.235218 5.544131
-2.720837 8.684474
-3.047108 9.57154
-2.924893 6.824039
-2.796402 6.149674
-2.803726 5.793283
-2.680782 2.934617
-3.037137 4.673399
-3.284341 2.887423
-2.648783 3.196396
-2.515725 5.311388
-2.493957 5.889467
-2.206437 6.712843
-2.403918 4.373024
-2.457919 5.167935
-2.154985 4.94781
-2.172115 2.098342
-2.234709 2.810356
-3.060388 2.304899
-3.18104 3.832638
-2.509268 6.014302
-2.006029 5.506218
-2.180494 4.775875
-2.211794 5.420937
-2.860787 4.960237
-3.347515 5.184563
-3.715013 6.753461
-3.851038 7.837342
-3.006993 8.217095
-3.439075 7.963553
-2.589093 7.493716
-2.581321 6.915678
-2.796652 5.913327
-2.444574 6.3095
-2.755787 4.995291
-2.808181 5.360857
-2.295159 5.939714
-1.97365 7.691336
-2.306335 6.995094
-2.022043 4.114151
-1.982657 6.733282
-2.470393 4.628189
-2.26415 3.64338
-2.203517 5.85126
-1.320293 3.907452
-1.262385 3.240818
-1.043039 3.815802
-1.331224 3.508311
-1.505152 1.938104
-1.781839 2.55457
-1.669069 2.39977
-1.904915 2.4662
-1.768603 2.418824
-2.297079 1.206435
-2.188164 2.54363
-2.81491 2.853431
-2.607901 1.651315
-2.369758 2.842529
-2.133745 2.144079
-2.404486 3.74599
-2.768076 4.049391
-2.557021 3.07181
-2.995402 3.379451
-2.968003 5.495855
-3.051343 5.089763
-2.908657 5.245205
-2.698694 3.171972
-1.881913 3.643013
-2.286784 5.041855
-2.669625 3.820548
-3.137113 6.526445
-2.96213 7.54426
-3.121906 6.414264
-3.707053 5.391709
-3.069286 3.722928
-2.815284 4.472232
-2.883832 4.614783
-2.685296 3.389429
-2.73332 4.306905
-3.288514 4.530636
-2.920015 6.386825
-3.3153 6.751914
-2.327282 5.404571
-2.455015 5.434852
-3.009211 3.55543
-3.12397 2.653641
-2.199166 2.062238
-2.544626 2.707684
-2.830395 2.400403
-1.87988 5.253711
-2.607535 4.738186
-1.860888 5.245761
-1.560917 2.555655
-2.127259 2.105995
-1.890494 2.412745
-1.880077 2.098078
-2.03415 3.063146
-2.7176 3.793857
-3.299945 3.360806
-3.072444 3.533896
-3.401141 4.335129
-3.625721 5.654705
-3.10112 3.692274
-3.183791 4.668815
-2.596448 5.211305
-3.137039 4.926649
-3.362326 4.360197
-3.477658 6.158283
-3.568202 6.405328
-3.456382 6.023649
-2.508884 4.910554
-2.630343 7.151609
-2.586628 3.614831
-2.57688 3.825636
-2.558689 3.451989
-2.023105 3.888192
-2.219278 2.215216
-2.035195 3.997883
-1.308457 4.563407
-1.586673 3.599969
-2.194175 2.955075
-2.093409 4.28739
-2.620411 4.088835
-2.397417 4.381443
-3.388439 4.790149
-3.265393 5.831058
-3.644964 5.726873
-4.077294 4.615197
-3.720471 6.757686
-3.36209 8.575137
-3.157976 8.234851
-2.361757 8.111975
-2.879866 7.928832
-2.941049 6.379985
-2.294129 3.911903
-2.648144 3.591766
-2.523287 2.904195
-3.18675 6.493761
-2.701591 6.130503
-2.739959 4.865959
-2.914476 6.968063
-2.58109 6.952514
-2.495708 6.00946
-2.513221 5.533303
-2.926941 6.476254
-3.25068 5.214732
-2.779559 4.647618
-2.958708 5.641399
-2.818797 4.075189
-2.38039 4.833657
-1.953769 5.458017
-3.411668 4.796792
-3.268829 3.757949
-3.370046 7.038955
-2.504024 6.855879
-2.479022 4.004273
-2.128546 3.788151
-2.004241 4.417956
-1.563642 3.146252
-1.856963 3.71036
-2.295154 4.719778
-2.813668 3.295336
-3.362472 5.879112
-3.725547 5.849723
-3.089243 5.120196
-3.584176 5.519049
-3.432706 7.148238
-3.157956 6.71525
-2.802504 4.567794
-3.321139 5.276614
-2.699416 0.585545
-3.49159 4.467323
-2.47838 5.972315
-2.329295 6.170715
-2.312496 3.9859
-1.6623 2.704617
-1.928022 1.854781
-1.961615 2.670197
-2.181882 2.61341
-2.398588 2.351398
-2.373984 3.450167
-2.393277 2.429944
-2.722349 4.363647
-3.394727 5.427695
-2.975692 3.936508
-2.860923 3.938895
-2.950032 3.17663
-2.89257 2.868409
-2.987593 3.831194
-3.160381 3.610397
-2.962016 5.296743
-3.646667 4.081907
-2.902549 5.852432
-2.423907 4.92611
-1.940948 5.433197
-2.45988 6.200592
-2.159159 5.325299
-2.680162 4.763883
-2.352915 5.399312
-2.380789 4.64894
-1.975483 4.279453
-1.775606 2.704102
-2.482893 2.463355
-2.288678 7.483163
-2.549975 4.064294
-2.761731 2.9914
-2.826142 2.462416
-2.506593 3.916393
-2.615738 1.930048
-2.711265 4.420793
-2.582477 3.75461
-2.941467 4.449679
-2.95085 4.305332
-2.492395 4.076924
-2.273307 5.895978
-2.052607 5.459236
-1.75143 5.738884
-2.281205 7.214399
-2.880948 6.176663
-2.489613 5.269721
-3.242549 4.839189
-2.887391 6.972742
-2.836912 3.789148
-2.529425 3.322206
-2.709739 4.544604
-2.888465 4.6484
-2.856677 3.092357
-2.850139 4.853568
-2.436937 0.8297316
-2.375518 2.420265
-2.508404 4.005769
-2.729549 3.733851
-3.812067 4.5999
-3.381706 4.600486
-3.020184 4.350752
-2.861998 3.349359
-2.730312 2.428208
-2.587477 2.277592
-3.133511 2.803532
-2.674435 4.68205
-3.041137 4.410128
-2.699995 4.060579
-2.168609 3.509327
-2.599818 2.252963
-2.515885 4.794875
-2.75243 4.6658
-3.248783 5.181075
-3.282517 5.665838
-3.735588 5.390715
-3.334977 5.440175
-2.696786 4.550239
-2.262497 3.679133
-2.420029 4.119939
-3.529623 3.776641
-3.153574 5.365768
-3.116268 7.51957
-3.477523 6.628746
-2.908437 4.221576
-2.324073 3.776243
-2.180811 3.100484
-1.828916 5.926767
-2.690482 2.746078
-2.534625 4.465745
-2.45826 5.101285
-2.259457 6.406341
-2.936393 3.979685
-2.979666 2.559089
-2.568194 1.325952
-2.495498 6.227454
-2.177781 6.477627
-2.839983 6.190306
-3.836273 6.393773
-3.152606 6.905806
-3.537414 6.22524
-2.620026 5.141294
-4.085598 3.949466
-2.787022 4.501513
-2.290332 6.891114
-1.831619 4.713534
-2.521923 2.897564
-2.371407 3.390106
-2.302453 3.342484
-2.484576 4.973256
-3.354509 2.874236
-2.4575 4.48146
-2.956431 4.387738
-3.208071 4.195209
-3.166982 3.26277
-2.818877 4.13963
-2.562027 6.122808
-3.049129 4.968033
-3.075836 0.3656494
-3.090447 6.62841
-3.081399 4.556295
-2.953067 4.975445
-2.298129 5.922873
-2.620553 6.807401
-2.95848 6.678964
-2.696902 4.954294
-2.668949 5.444068
-3.01018 7.14331
-2.589824 9.398252
-2.389867 8.625133
-2.670033 4.639566
-3.054034 5.532043
-2.892199 5.480128
-3.190836 4.475717
-2.644842 4.674774
-2.874177 1.613318
-2.455264 8.63545
-2.918806 7.732523
-3.434375 8.362673
-3.640028 8.124322
-3.428109 6.085343
-3.307018 5.273377
-4.064409 5.099692
-4.312984 7.609839
-3.941951 9.250776
-2.924315 9.616314
-2.965231 5.598057
-2.564936 6.037687
-2.592621 7.212334
-2.69626 8.170558
-2.658384 9.491906
-2.52833 8.11784
-2.652914 6.625794
-2.639878 2.474621
-2.384441 2.441734
-2.292777 3.833224
-1.503349 7.094991
-2.81373 7.274681
-2.400376 7.317689
-2.586118 6.983944
-2.528861 5.641075
-2.889757 2.93825
-1.931313 5.284037
-2.052309 3.767828
-2.307502 2.766232
-2.497614 5.661459
-2.097611 4.75345
-2.567759 4.672451
-2.824866 5.127632
-2.386191 4.196582
-2.31696 5.116506
-2.722399 5.53916
-2.586379 4.936711
-3.087832 4.894526
-3.193562 3.964581
-2.866497 3.275608
-2.736658 5.408191
-3.135611 4.633742
-3.889144 6.16001
-3.852631 4.350865
-3.561833 2.557623
-3.210145 6.722171
-2.678826 6.72547
-3.008284 7.247843
-2.578777 7.285143
-2.282823 7.254779
-2.273609 6.927745
-2.420915 10.65663
-2.286995 11.08223
-2.463627 11.54238
-3.750674 12.4406
-3.40507 13.59154
-3.069291 12.10008
-3.346945 11.37539
-3.39488 11.87025
-3.253934 10.04923
-3.47353 8.647632
-3.167067 9.1435
-2.59545 3.366427
-2.502643 3.608453
-2.618284 3.730473
-3.522078 3.551116
-3.671692 3.845809
-3.172894 4.357324
-3.092542 3.528035
-3.279267 4.255948
-3.166407 3.601263
-3.130592 4.51494
-3.738189 4.336675
-3.042884 6.826748
-3.124745 5.893466
-2.691494 5.792114
-2.6595 5.53613
-2.148484 6.681457
-2.005098 6.061864
-2.260724 5.296012
-2.241876 7.025764
-2.243019 5.035597
-1.654679 6.160963
-2.397094 2.54986
-2.708447 3.73292
-2.863666 5.54013
-2.410635 5.137242
-2.315503 6.44903
-2.822036 7.245911
-2.585525 7.603549
-2.356049 5.607796
-2.613784 3.30814
-2.742322 4.69549
-2.995945 3.011024
-2.772203 6.343704
-2.611484 5.402521
-3.003278 2.022882
-2.528429 3.527576
-2.967538 4.439786
-3.038456 5.103019
-1.876756 6.107671
-2.761161 5.14166
-2.90176 2.692105
-2.943585 3.300627
-2.876305 3.836067
-3.157545 4.559276
-2.67054 5.872535
-1.895956 6.381153
-2.050236 4.342559
-2.835694 4.415361
-2.760536 2.108464
-2.247805 2.206649
-1.769222 3.908867
-1.137251 3.166252
-1.82291 3.607481
-2.411914 3.627822
-3.142527 0.7227826
-3.042609 3.84682
-2.433762 4.682479
-1.873478 4.681212
-1.960617 4.10924
-1.531991 5.016034
-1.389415 4.975447
-2.0112 5.798726
-2.564366 5.175711
-2.565916 5.537696
-2.457372 1.49687
-2.619389 2.623371
-2.595731 2.8695
-2.797899 3.751119
-2.52396 3.314847
-2.266133 3.265534
-2.482436 2.833321
-2.274303 2.036036
-2.169668 2.950836
-2.513732 4.042687
-2.12579 5.107885
-2.358422 6.39054
-2.290101 4.832258
-2.07373 3.231346
-2.299373 1.654751
-1.992342 2.869795
-1.873869 4.53984
-1.953825 5.103911
-2.033375 5.062225
-2.036267 6.410743
-2.175663 3.664303
-1.898093 3.863715
-1.790594 3.817444
-2.323215 4.905062
-3.167105 3.989022
-3.743524 8.848
-2.623628 3.323998
-2.695054 1.289722
-2.563056 2.785573
-2.812402 2.383845
-2.726883 1.719664
-2.34921 3.948459
-2.449547 1.393785
-2.424677 1.880766
-2.645374 2.80009
-2.248492 6.954735
-2.174307 7.06603
-2.192765 6.22718
-2.523969 7.237634
-1.862793 7.014303
-1.794343 4.72788
-1.455605 3.938588
-1.832262 3.200197
-1.84323 -0.312153
-2.038071 -2.970194
-2.783208 4.826262
-2.758217 4.824721
-2.457885 3.981333
-2.857111 6.245767
-2.605429 5.937927
-3.317284 5.882602
-2.853545 6.214916
-3.093545 6.164013
-3.812229 5.268551
-3.173035 3.701129
-3.157327 5.504585
-2.462605 4.6367
-2.197165 7.016216
-1.663222 7.064244
-1.819916 8.217039
-1.930869 7.565875
-1.590853 6.820953
-2.233393 3.790697
-1.99453 4.7682
-2.171595 4.60582
-2.520011 4.406794
-2.606146 4.19371
-1.704984 2.917501
-1.449955 2.328792
-2.045643 5.514864
-2.137095 4.305823
-1.891182 3.478018
-2.143838 3.617772
-2.202561 3.239771
-2.498579 3.425374
-2.618939 4.004521
-2.977608 4.030116
-2.29765 4.744993
-2.505006 5.534317
-2.136841 6.761599
-2.107845 7.092838
-3.045709 8.542786
-3.089325 4.588041
-3.042831 7.317622
-3.052624 4.312487
-2.566768 3.862159
-2.637531 5.182209
-2.721532 5.806345
-2.398919 6.60534
-3.113365 5.61178
-2.972421 6.880733
-2.563626 6.134873
-2.442355 6.524414
-2.558612 6.012545
-2.649231 3.731073
-2.504452 4.940493
-2.57525 5.650485
-2.562336 5.300552
-2.566374 5.885981
-2.370087 4.361214
-2.526291 3.901859
-2.566857 3.601575
-2.281529 3.182873
-2.433848 5.112664
-2.491844 6.014084
-2.756258 5.083685
-3.06727 4.400377
-3.176592 4.37561
-3.31256 6.853005
-2.443438 9.170557
-1.578848 8.241066
-2.194466 6.511792
-1.988474 4.415386
-3.037316 5.221166
-2.65354 5.743765
-2.936155 5.786219
-2.622873 6.06097
-2.349654 5.966021
-2.499699 7.100687
-3.263936 7.186934
-2.676166 2.519831
-2.661913 3.309218
-1.828843 4.852219
-2.012801 5.50766
-2.255407 4.117403
-2.124228 4.40163
-1.868762 3.458698
-1.937722 4.558526
-2.261586 3.096807
-2.11845 3.906309
-2.152614 3.992978
-2.024938 4.135488
-2.670297 4.723483
-2.686338 5.480756
-2.844571 6.079103
-2.737026 6.02598
-2.6841 7.511795
-2.751124 4.781252
-3.452224 6.231075
-2.948651 7.119665
-3.232849 5.365673
-2.548619 5.005133
-3.748683 4.983496
-3.358716 4.489626
-3.271419 5.112736
-3.199066 7.079916
-2.519104 9.406651
-2.810006 6.166107
-3.024163 6.351322
-3.202348 7.683819
-2.822142 3.85697
-2.867516 4.662843
-3.441474 10.19452
-2.433521 9.803957
-1.864765 6.33453
-2.151263 5.927946
-1.774841 3.239484
-2.257864 2.913586
-2.645617 2.83695
-2.578973 3.830983
-2.628574 3.858233
-2.781168 4.970078
-2.396473 5.423611
-2.746792 5.495002
-2.908056 -2.510433
-2.621472 4.119583
-3.46462 6.704528
-2.301777 8.944687
-2.821886 8.535938
-2.925036 6.811752
-2.378029 6.712509
-2.506517 5.944383
-2.466507 5.043545
-2.605979 6.053621
-2.612813 5.411485
-2.483934 5.947276
-2.217084 4.281357
-2.78478 5.161516
-3.195897 6.516456
-2.930244 8.027307
-3.054974 4.924887
-3.369422 5.277014
-3.556214 6.978901
-2.57252 6.649768
-2.163324 5.858579
-1.969334 5.892777
-1.517038 7.293411
-1.861458 6.395625
-2.234775 1.512229
-1.659537 2.457968
-2.034395 3.778002
-1.686055 4.893662
-2.021405 5.680103
-2.462887 3.190678
-2.36603 3.603178
-2.23249 4.747256
-2.459907 4.73853
-2.509302 4.512275
-2.949412 4.780179
-2.937254 5.179346
-3.449188 7.321139
-3.3968 7.57951
-3.824582 8.702017
-3.407425 5.18593
-3.540133 2.892798
-3.065359 4.727228
-2.364759 4.904396
-2.122805 5.529556
-2.362617 5.778188
-2.530683 5.332367
-2.383301 5.290415
-2.146143 5.173906
-2.182457 1.293064
-2.362358 2.928581
-3.21866 2.756557
-3.218416 5.327581
-3.036881 7.411778
-2.489354 6.178116
-2.679094 7.136351
-2.375227 3.008412
-1.744864 4.542174
-1.537949 4.871858
-1.946807 4.377887
-1.612963 3.714984
-2.061152 3.814021
-2.575924 4.09917
-2.385482 3.819012
-2.610131 1.553854
-2.870898 6.183835
-3.489033 6.182178
-3.669971 4.388918
-3.629308 5.530428
-3.640963 3.977619
-3.724707 6.900255
-3.956821 6.025388
-3.71639 5.48868
-3.569161 6.876359
-2.232925 6.083079
-2.686732 3.385439
-2.625974 3.768816
-3.402307 3.42182
-3.409291 4.906728
-3.313849 4.80862
-3.603895 7.819975
-3.645263 7.814099
-3.918874 7.362965
-3.711044 8.420511
-3.429779 4.670554
-3.347715 5.299368
-2.718024 4.191932
-2.499369 4.090489
-2.947217 8.594687
-2.720167 3.221298
-2.447909 2.232966
-2.359784 3.862792
-2.237668 4.399502
-1.997276 3.254575
-1.716912 3.47202
-1.74438 3.473097
-1.734613 3.605456
-2.09782 2.134873
-2.221585 2.975284
-2.199667 3.178429
-2.42918 1.821824
-2.12873 4.750446
-2.024413 4.474809
-2.01495 5.649692
-3.589225 5.241498
-4.185255 11.01386
-3.399411 12.05429
-3.040109 10.76323
-1.944376 8.873684
-1.822712 10.20276
-1.717796 7.904418
-2.419757 8.037386
-2.803522 7.202629
-2.244934 6.560518
-1.734713 2.582534
-2.345932 3.451281
-1.924221 3.61272
-1.879664 3.898528
-1.979656 3.338627
-2.333187 2.7126
-2.569378 2.144677
-2.338336 1.980564
-2.427484 4.296782
-2.756519 3.649568
-2.569474 3.96968
-2.152356 3.148579
-1.928936 2.648032
-2.14002 2.526716
-1.945635 3.980767
-1.821966 4.923137
-2.280953 5.298466
-2.623166 5.963638
-2.323804 6.761841
-2.505314 6.681681
-2.54219 8.193581
-1.793815 4.033034
-1.698048 3.449181
-2.17082 4.107384
-2.131574 4.444351
-2.304682 5.160874
-2.443409 3.686555
-2.647409 3.685416
-2.017425 5.837579
-2.561214 6.185685
-3.353432 6.033553
-2.728668 6.053875
-3.171319 4.041902
-3.860246 6.204183
-3.371693 2.042106
-3.193014 3.270293
-3.203025 4.27271
-2.742597 4.350084
-2.392504 4.275953
-2.709864 5.639865
-3.016324 5.792492
-2.736339 5.988421
-3.361166 5.436558
-3.130152 6.470257
-2.849916 5.82063
-3.147205 6.906345
-3.153098 9.105272
-2.776041 11.22803
-2.60191 9.999482
-2.112536 10.87167
-1.701449 9.784061
-2.853821 9.979683
-2.659917 10.76247
-2.253069 8.959824
-2.068976 8.022858
-2.878581 10.06628
-2.79751 8.813009
-2.541763 8.719765
-3.115768 9.209931
-2.927466 9.203289
-2.984312 8.612886
-3.529159 8.34509
-3.471607 12.25351
-3.507086 12.87427
-3.125608 12.18545
-3.815949 12.52076
-3.184188 12.1705
-3.835579 10.6375
-2.551825 9.729665
-3.226485 7.125873
-2.689013 6.067301
-2.933688 3.981005
-2.922385 6.339782
-2.67002 6.354154
-2.646764 4.428417
-2.395807 5.792909
-2.274283 4.802313
-2.255204 4.260495
-1.998115 4.99091
-1.83334 3.559271
-2.18375 5.679738
-2.438491 3.959567
-2.319395 3.319359
-2.588436 6.630978
-2.783973 6.997842
-2.47072 6.334884
-2.275654 6.274738
-2.170405 4.24128
-2.56233 4.919797
-2.636153 3.371079
-2.836955 2.395404
-3.346967 4.410028
-3.080741 3.449488
-3.151702 7.985343
-3.038877 7.578025
-2.513617 6.333008
-2.552858 5.791239
-3.039752 5.136115
-3.495105 1.541651
-2.534079 3.500414
-2.444414 4.003672
-2.519817 2.060278
-2.02286 3.585246
-2.189476 3.666585
-2.493455 1.202006
-2.586465 1.569956
-2.614393 2.794529
-2.976602 3.731848
-3.095495 2.122646
-3.040277 2.898236
-2.137659 2.629545
-1.23783 3.42537
-1.334516 3.60074
-1.118987 3.844498
-1.200212 1.368934
-1.14782 2.104631
-1.071735 1.848892
-1.201467 1.683472
-1.417943 2.846016
-1.350478 3.490471
-2.697984 4.077473
-2.792564 3.081727
-2.860142 4.230915
-2.341302 3.969435
-2.047173 2.219048
-2.509751 2.579916
-2.658443 3.16795
-2.407015 3.971371
-2.426988 0.8559756
-2.113393 2.014119
-2.371417 1.433215
-2.511335 1.716651
-2.299842 3.495011
-3.027452 8.166364
-2.67744 7.086307
-2.679025 7.26084
-2.631104 5.488014
-2.367771 5.371893
-2.473178 4.073685
-2.601702 3.195299
-2.329642 4.419587
-2.436507 4.225816
-2.167142 5.286522
-1.914769 4.437454
-2.115791 3.973502
-2.270455 5.710061
-3.031214 6.222098
-2.537888 6.629855
-2.349325 6.901551
-2.494064 8.461476
-2.593809 9.414687
-2.915861 9.883947
-2.702267 7.598284
-2.784372 3.79787
-2.612292 6.347174
-1.976182 6.69827
-2.237479 7.137767
-2.31799 6.098379
-2.831331 5.004096
-2.641787 5.643178
-2.226822 5.975366
-2.355096 5.371478
-2.446242 4.370975
-1.937099 2.772059
-1.616464 3.137675
-2.015539 2.692698
-2.270384 1.504284
-2.430767 1.95842
-2.345028 2.986386
-3.106294 6.320794
-2.99235 5.715098
-2.888551 6.400472
-2.655894 5.550357
-2.295604 1.616211
-2.200228 1.730005
-2.100152 2.216019
-1.980887 2.234376
-1.926482 2.311545
-2.079167 2.664058
-2.531448 6.002197
-2.67292 2.725807
-2.834441 -5.47993
-2.62317 -1.204468
-2.952183 2.517727
-2.956457 4.122326
-2.782499 5.017301
-2.944192 4.726727
-3.117309 4.90003
-2.281899 5.360369
-1.754883 4.978192
-1.972574 5.56507
-1.973626 5.372479
-2.540697 3.423022
-1.981233 6.055994
-2.702115 5.451262
-2.56174 4.778274
-2.29544 3.823963
-2.596937 4.382659
-2.725247 4.294707
-2.664398 5.570639
-2.376947 3.866043
-2.642783 4.187215
-2.713082 5.455976
-2.964831 5.470558
-3.086811 6.240428
-2.974282 1.585616
-2.625524 5.150192
-2.802399 4.986817
-2.10702 2.480837
-2.60318 4.021641
-2.442142 2.90666
-2.452933 1.295973
-2.698202 4.254152
-2.621206 4.719966
-2.594554 5.737048
-3.028088 2.585871
-2.821345 5.421726
-3.046948 7.412991
-3.367588 10.67952
-2.725932 10.39718
-2.309041 11.15976
-2.464614 9.506142
-3.061169 8.750821
-3.540516 7.901922
-3.371096 8.067909
-2.75471 7.673381
-3.276613 7.778217
-3.383074 9.031324
-2.650643 5.540289
-2.585936 4.237638
-3.319001 7.544431
-2.746803 7.126616
-2.558224 6.988066
-3.074653 5.125707
-2.977614 4.757658
-3.375839 6.05521
-3.639701 7.864541
-3.455002 5.71124
-3.750148 7.663586
-2.916903 6.614018
-2.914288 5.677366
-2.653766 5.613627
-2.279236 3.951924
-2.689383 3.52449
-3.362814 6.5802
-3.437651 7.250026
-3.336707 8.094894
-2.560055 5.139383
-2.748608 4.597748
-2.055057 4.39824
-2.607505 4.648231
-2.993381 3.88426
-3.138441 4.912246
-2.625769 4.73783
-2.627001 5.676646
-1.928541 9.143723
-1.540301 8.013485
-1.431142 6.055977
-1.581613 5.276421
-2.1265 4.203445
-2.051188 4.618302
-2.032287 4.545524
-1.88372 4.080672
-1.571483 2.713751
-1.519863 2.636963
-1.874321 1.742156
-2.265338 2.777479
-2.229642 4.308308
-2.503832 4.336237
-2.688112 6.012952
-2.339183 7.990608
-2.76711 8.548982
-2.119966 7.972709
-2.077736 7.222257
-2.109435 5.668006
-2.27062 6.193005
-2.280762 5.392174
-2.134875 4.910287
-2.088987 2.064325
-1.881804 2.568759
-1.681991 2.045637
-2.412055 2.558983
-2.425298 3.98319
-2.63204 3.553619
-2.519987 5.132082
-2.291366 2.73351
-2.240064 3.33312
-2.239665 2.733018
-2.560323 1.205349
-2.869591 4.468599
-2.95075 5.452495
-2.868888 5.809209
-3.417768 7.503
-3.492987 7.273802
-3.300542 8.483605
-3.95032 8.002246
-2.961309 5.314215
-2.981381 5.091459
-2.476128 4.709507
-2.509072 5.427617
-2.364205 6.102001
-2.345235 4.646357
-2.413286 4.892878
-2.342342 3.913855
-1.784273 3.506222
-1.069232 4.817611
-1.359321 4.501242
-1.506967 3.483493
-1.778405 1.51411
-2.136071 1.543756
-2.246786 2.17057
-2.260986 2.527734
-2.141138 2.692924
-1.944131 1.792166
-2.110215 1.824866
-1.996039 4.858112
-1.760868 3.155881
-2.001897 1.718966
-1.678915 2.346214
-1.4092 1.016299
-1.550911 1.038588
-1.947712 2.300838
-2.047838 6.703
-2.633844 5.95205
-2.410251 6.172747
-2.417937 6.600258
-2.859623 5.380516
-3.730436 3.82435
-2.687512 3.375892
-2.548721 0.4410242
-2.517264 3.641952
-2.640945 2.785381
-2.1179 3.930574
-2.186536 4.892879
-2.00917 5.372423
-2.041229 7.126691
-2.950714 4.572504
-2.812832 2.609963
-2.81013 2.922114
-2.562253 3.347219
-2.591805 3.609618
-2.247728 2.628046
-3.337863 3.630591
-3.382412 4.838231
-3.378234 5.38234
-3.119709 5.059504
-3.474273 3.103524
-3.233991 2.626091
-2.674484 0.7832488
-2.444025 2.397032
-2.556365 2.862759
-2.439916 2.535878
-2.523198 2.952825
-2.729908 4.471875
-2.407419 4.691518
-2.904855 3.368841
-2.413351 3.878051
-2.570387 3.413088
-3.154758 4.491776
-2.29523 5.71845
-3.282585 3.623413
-3.404592 4.564105
-3.40437 4.14203
-2.626366 2.62915
-2.128235 2.947955
-1.980868 3.073306
-1.783933 3.14633
-1.858878 2.981924
-1.980883 5.024379
-2.010759 4.896937
-1.992549 2.812411
-2.336549 5.590452
-2.11754 5.399416
-1.967234 4.727683
-2.417867 2.631694
-2.312027 3.545941
-2.230299 3.867047
-2.344055 1.657808
-2.386575 2.243212
-2.202329 3.204151
-1.633916 1.923023
-1.813057 2.666116
-2.558491 4.352857
-1.955556 2.056769
-1.859986 4.223293
-1.974225 4.353668
-1.824386 4.735065
-1.942192 3.82617
-1.706895 3.12519
-1.744959 2.478831
-1.957372 3.142865
-2.239336 3.580607
-1.959424 4.60174
-1.875615 3.096825
-1.554124 4.240194
-1.785341 3.715978
-2.507317 4.319182
-2.755051 3.442913
-2.984391 5.213165
-3.226992 4.337729
-2.53443 4.397383
-2.068028 4.855923
-1.724798 3.463017
-1.42758 2.702237
-2.06582 2.925464
-2.01854 2.362168
-1.870099 4.310981
-2.050483 3.99252
-2.616781 2.550316
-2.196876 3.196056
-2.528357 4.152065
-2.850814 3.50327
-2.116453 3.549892
-2.584183 1.784687
-3.044843 2.681951
-2.287367 2.794844
-2.142756 1.674746
-2.648462 2.190774
-2.016589 3.34674
-1.741711 2.836996
-2.389248 2.710075
-2.177662 2.911441
-2.138362 2.905772
-2.647741 3.392788
-2.052758 3.202344
-2.229087 3.60509
-2.551109 3.719201
-2.110613 3.735511
-2.906443 2.851167
-2.829448 4.391423
-2.464235 4.004046
-2.692896 4.676619
-2.488952 2.699363
-2.103547 3.400783
-2.237963 2.351224
-1.951901 2.612027
-1.168271 3.065053
-1.83189 4.136502
-1.75607 3.561029
-1.066175 3.775599
-2.053757 3.866854
-2.024849 3.633818
-2.11735 5.972218
-2.160128 5.328275
-2.520797 6.55749
-2.924485 3.833672
-3.054669 5.3613
-2.207146 5.458538
-2.362693 7.014615
-2.113442 6.756513
-2.005079 6.075341
-1.810381 4.590393
-1.578421 3.052556
-2.36852 5.564776
-2.116397 6.001775
-1.296446 4.90155
-1.17589 3.857395
-1.62042 3.834799
-2.393515 4.807442
-1.849836 4.141466
-1.877873 4.124427
-1.950019 3.163841
-1.74856 3.180643
-1.731538 3.825429
-1.789255 5.521665
-2.103043 3.489192
-2.763056 3.545192
-2.803251 2.799734
-2.251777 3.462025
-1.656333 3.292868
-1.789908 3.209968
-1.942663 2.840345
-1.976117 2.001678
-1.93335 2.387442
-2.091375 2.222463
-1.998918 2.698922
-1.926344 3.030711
-1.996813 3.267572
-2.039332 5.092223
-2.043602 10.92989
-2.712454 9.069076
-2.925969 9.102934
-3.009916 8.314122
-3.16733 3.369953
-2.846144 2.732101
-2.654469 2.791318
-2.425185 4.482936
-2.345904 4.24698
-2.259307 3.76588
-2.258032 3.70713
-2.385735 4.764388
-2.684357 3.909197
-2.464565 3.727588
-2.176052 3.364802
-2.169615 1.199125
-2.146778 0.7032807
-2.413458 1.298533
-2.487328 3.083874
-2.580563 5.627782
-2.245026 6.62254
-2.682943 8.073804
-2.356686 5.866849
-2.646889 7.253349
-2.628238 6.752436
-2.834636 5.404384
-3.340686 10.4421
-2.973237 5.718611
-3.001763 3.605525
-3.391267 4.437478
-3.082301 5.270427
-3.094516 11.01107
-2.928332 8.554057
-3.449726 8.69907
-2.980736 6.681399
-2.636479 6.727707
-2.361332 5.037082
-2.584771 2.73164
-3.273664 7.117253
-2.857299 6.423131
-2.805599 6.615879
-2.393794 3.249659
-2.13437 3.951869
-2.005788 3.672826
-2.203976 1.295622
-2.041466 1.283889
-2.008339 6.986817
-1.811252 4.543203
-1.622441 5.019459
-1.966103 6.126715
-2.256956 6.487849
-1.982731 6.523907
-2.420503 6.542321
-2.264823 7.428041
-1.492326 3.464706
-1.240785 4.201019
-1.9883 4.654666
-2.491426 4.148339
-2.547199 -8.163957
-2.403241 2.119117
-2.515548 3.140387
-1.995188 1.609409
-2.17382 4.306627
-1.884763 4.51211
-1.722688 3.9399
-1.731304 4.011931
-2.344335 1.601981
-2.464076 3.512089
-2.311844 3.02179
-2.246081 5.769439
-2.133835 2.845799
-2.337812 2.936708
-2.078132 1.333623
-2.326459 3.150346
-2.29569 4.650822
-2.099766 3.395479
-1.828242 3.470813
-2.325783 4.07251
-2.221556 4.530743
-1.875042 4.031892
-1.92367 8.065679
-2.570358 5.060693
-2.44701 5.671269
-2.838936 5.349786
-2.581602 6.23736
-2.275227 3.804728
-2.302159 4.496512
-2.511756 3.560813
-2.255178 1.675453
-2.590427 2.472188
-1.92813 2.572827
-2.245268 3.540846
-2.507082 4.181358
-2.60015 2.877455
-2.231489 5.409128
-2.836039 3.446018
-2.53787 4.832663
-3.170069 3.915133
-2.625905 8.143387
-1.801207 8.076294
-2.101683 6.803589
-2.463852 6.619773
-2.394015 3.258783
-1.734072 3.233475
-2.48625 3.857383
-1.656517 4.361045
-1.53172 3.751994
-1.742184 3.996307
-1.925827 4.535954
-1.932336 4.581881
-2.075127 6.342444
-2.682042 4.487233
-2.496735 4.603817
-2.431528 4.758673
-2.08653 3.740222
-2.47993 2.731856
-2.078536 5.343139
-2.021932 6.409772
-2.362357 6.189078
-2.974664 5.73198
-2.536513 3.503418
-1.941043 2.714879
-1.890588 3.759874
-1.822711 4.14299
-2.462033 -10.30184
-2.8539 3.331441
-3.115855 4.162139
-2.79548 4.940305
-2.845514 2.346424
-2.497197 3.4801
-2.246493 4.179325
-2.711595 4.882686
-2.384427 4.366759
-2.457543 5.519199
-2.079262 3.66589
-1.845738 3.718982
-2.776837 3.31372
-2.603435 2.98235
-2.74665 3.846833
-2.588805 3.564633
-2.448176 5.224657
-2.69357 5.760231
-2.360272 6.102461
-2.810623 6.182919
-3.102126 9.979939
-2.954768 9.160437
-3.267933 6.675452
-2.719685 4.138613
-2.800355 6.363609
-2.694067 4.073765
-3.113016 3.218325
-2.889283 3.888245
-2.547743 4.087121
-2.015864 4.499597
-2.279271 2.510218
-2.775655 5.887098
-3.71417 11.38595
-2.099705 8.714281
-2.685234 3.73828
-2.541701 3.391578
-2.683567 3.215384
-2.466653 1.902785
-2.391204 3.8858
-1.967367 5.031133
-1.596665 1.54373
-1.701551 2.93405
-1.979829 2.924943
-2.123622 4.489871
-2.162919 6.29885
-2.773196 9.048751
-2.912746 6.621016
-2.783358 7.679154
-2.225323 7.709193
-2.123492 7.778703
-1.969601 7.926852
-2.119562 10.05807
-2.266465 8.802343
-1.698171 9.208846
-2.045212 8.299667
-2.12832 7.818288
-2.201748 9.263563
-2.393886 8.075959
-2.385124 9.563071
-2.547692 4.668904
-2.290411 4.724811
-3.014767 4.189426
-2.860486 3.779314
-2.915612 3.140467
-2.234774 3.291557
-2.140671 0.4118932
-2.157483 1.851126
-1.881793 2.359488
-1.919288 2.172975
-2.003545 1.109951
-2.242305 3.660504
-2.240452 2.170427
-2.856865 3.058973
-2.831722 1.787827
-2.57355 2.777028
-2.702161 4.140725
-2.481803 2.507294
-2.26005 5.309034
-2.079831 5.248471
-1.832793 2.678092
-2.470642 3.808137
-2.437338 2.713858
-2.577594 5.922528
-2.440662 3.238242
-2.054709 3.540988
-1.462252 4.817528
-1.292146 3.939117
-1.349265 5.44995
-1.469083 2.404256
-1.462172 3.255314
-1.495702 3.492296
-1.959908 1.846945
-2.438322 4.703755
-1.870434 4.46336
-2.523923 4.953198
-2.167951 5.0093
-2.080852 3.881328
-1.899191 1.941197
-2.122721 4.185498
-2.007866 4.439455
-1.939862 5.250903
-1.814891 5.567652
-2.369944 3.648438
-2.594337 4.932991
-2.502153 6.970677
-2.382042 3.389959
-2.789549 4.862517
-2.288656 6.112562
-1.986379 5.108969
-2.162408 6.173088
-1.637921 9.026803
-2.919711 5.266103
-3.05111 8.782411
-2.814719 8.401652
-3.269055 6.063112
-3.136261 3.21579
-2.438301 4.953122
-2.151563 2.015149
-2.292789 6.449892
-2.509953 4.105317
-2.329916 4.616212
-2.443703 2.873271
-2.519267 5.831282
-2.426092 4.34996
-2.964086 6.757423
-2.588006 5.318035
-2.488808 5.750488
-2.265096 3.775971
-2.563997 4.220636
-2.618444 4.491847
-2.81279 3.987866
-2.877826 0.2567324
-2.988797 5.198156
-2.245933 4.026053
-1.966578 3.613873
-2.069958 4.70229
-1.985914 4.511023
-2.046876 5.125249
-2.055731 4.658238
-2.434373 5.053847
-2.441143 4.852814
-3.304136 5.627484
-3.270455 6.014808
-2.471117 7.148914
-3.209606 5.258313
-3.417835 4.013987
-3.166185 3.111362
-3.256046 5.386909
-2.770282 8.630773
-2.661521 8.824513
-2.373808 8.205328
-2.005031 7.38131
-1.920541 2.255467
-1.995947 2.81759
-2.485706 5.031602
-3.188054 7.819378
-2.97897 5.753292
-2.548087 7.280802
-2.176743 7.059054
-2.117936 6.494962
-2.38261 3.626674
-2.671274 2.485878
-2.830355 3.007041
-2.685959 4.342036
-2.300721 3.056831
-2.682486 4.113719
-2.534129 4.28348
-2.379199 4.34129
-1.989164 5.019583
-1.813115 4.512623
-2.176681 3.869179
-1.76841 4.0978
-2.175374 4.618801
-2.423705 4.04482
-2.482642 4.933741
-2.254641 3.978873
-2.720119 3.205832
-2.365744 3.83184
-2.580851 4.209041
-2.377548 4.061409
-2.750518 5.43091
-2.846651 4.184496
-2.606368 3.272364
-3.017124 3.909156
-2.776489 3.972419
-2.671801 4.544203
-2.644919 5.290489
-2.929844 4.641415
-2.783527 4.793913
-3.896159 2.812737
-3.884893 5.604973
-3.543794 4.561179
-3.011258 5.910613
-2.842226 7.784614
-2.542406 7.29405
-3.015333 7.107254
-2.493747 4.175567
-2.16709 3.400735
-1.864538 2.926564
-1.504382 2.186377
-1.43744 3.916088
-2.096716 4.574252
-2.23117 5.366572
-2.192878 4.374647
-2.706204 5.151216
-2.074022 7.521705
-2.4849 5.087104
-2.663704 2.507136
-3.028592 5.465853
-2.342203 6.462594
-3.900594 6.084212
-2.988135 5.504612
-2.882585 4.922163
-3.175222 5.135245
-3.063672 4.606155
-2.773906 4.501692
-2.454343 3.828308
-1.6795 4.500542
-1.832949 7.753742
-2.286065 5.938383
-2.232615 5.306817
-2.001978 6.153646
-3.11603 5.486658
-2.851897 4.735908
-2.591119 3.935018
-2.404459 3.685073
-2.712056 4.050945
-3.432568 3.763819
-3.168603 5.02018
-2.994593 4.908994
-2.943597 5.405147
-2.971451 6.257758
-2.837446 6.063623
-3.114409 3.517971
-2.383879 5.132223
-2.669722 4.873703
-2.197218 5.018399
-2.666682 5.434762
-2.607001 5.738348
-2.614551 5.894083
-2.813548 5.794606
-2.74378 5.381825
-2.575671 3.685666
-2.110324 3.860226
-2.862984 3.728113
-2.335459 6.382947
-2.272198 4.458675
-1.934101 4.711916
-2.709079 4.090872
-3.108299 6.688382
-3.291235 8.578245
-3.000874 4.338658
-2.574791 4.630752
-2.356118 5.44292
-2.401741 5.945342
-3.117147 6.370056
-3.112005 6.462034
-3.067935 4.498171
-3.322924 4.017351
-3.324697 3.205389
-2.658218 2.424413
-2.536405 1.680468
-2.848976 1.728215
-2.728793 4.372964
-2.015797 4.780685
-1.971642 6.003799
-2.507991 5.465595
-1.626864 4.26923
-1.986087 3.513567
-2.788274 2.492942
-1.996978 4.938078
-2.177651 3.795182
-2.487139 3.591525
-2.168682 3.113879
-2.409094 1.817294
-2.606663 5.300859
-3.140533 7.879827
-3.234352 5.743003
-2.733022 7.297985
-2.960331 7.686631
-3.222049 5.944116
-2.771821 5.319831
-3.553073 4.444736
-2.44524 5.378599
-2.830675 4.505541
-3.067532 2.89894
-2.970092 5.364111
-3.333326 4.960885
-3.240001 2.851265
-3.152033 4.771316
-3.718187 6.797921
-3.19301 6.18886
-2.52395 1.255965
-2.735059 4.14547
-2.999808 5.142573
-3.146761 3.974792
-2.442012 3.634229
-2.799843 2.673631
-2.594058 1.957775
-2.946564 4.390715
-3.072238 2.744447
-3.138891 6.497193
-2.382396 5.195816
-2.789437 4.833298
-2.64423 4.696868
-2.297973 1.821102
-2.276943 6.203617
-2.044554 5.508834
-2.217209 5.504916
-2.456136 5.488236
-2.641661 6.440294
-3.288786 6.1393
-2.684229 8.044706
-2.9603 8.239679
-2.82007 5.678332
-3.614599 4.173791
-3.748703 4.687521
-3.20729 5.148159
-3.189409 8.584365
-3.286413 3.425952
-3.262459 5.312421
-3.260605 5.574143
-3.117136 4.629062
-2.491203 4.230268
-2.743744 4.945216
-2.426989 6.094811
-2.59469 5.503537
-3.506966 7.577402
-2.535857 9.027679
-3.277447 7.901092
-2.952857 7.11107
-2.658405 5.56102
-2.786706 6.337104
-2.963118 7.76626
-2.645804 5.761501
-3.276374 2.094674
-3.497022 6.132017
-2.71261 6.105778
-1.363734 4.594788
-1.801795 4.418866
-2.02338 4.480499
-1.931744 2.728395
-1.768949 3.125206
-1.926955 4.410646
-2.090081 4.976305
-2.484106 5.511996
-2.482841 5.748817
-2.865306 4.670556
-3.460309 5.084252
-4.171739 9.414045
-4.370858 10.10683
-4.117826 6.979965
-3.439426 7.885261
-3.327166 2.855925
-3.57156 4.962013
-3.875895 9.409722
-3.362881 5.907704
-2.599089 3.341557
-2.512719 3.65515
-2.377266 3.002039
-2.802614 5.23809
-2.360577 4.680263
-2.098532 5.450135
-1.660486 6.464646
-2.635184 7.230997
-2.62342 8.334306
-2.61841 8.2368
-2.896843 7.83543
-2.592466 4.126209
-3.433576 4.934528
-3.056131 4.12362
-2.595151 3.686165
-2.927176 5.372584
-2.528081 5.07563
-3.124189 5.813895
-3.255307 7.191797
-3.019624 5.565847
-1.823243 2.994168
-2.017444 3.222419
-2.670954 3.144207
-2.591753 2.764048
-3.032136 6.799304
-3.029123 7.659737
-2.923015 5.746007
-2.999018 6.448837
-3.110185 7.578628
-2.515621 -0.9270449
-2.584121 6.20108
-2.374821 11.08832
-2.281357 5.798173
-2.542101 6.513617
-2.816925 5.215308
-2.883296 5.565614
-2.671031 4.2766
-2.188487 5.709564
-1.916397 5.00695
-1.976705 5.638909
-1.918123 2.549
-1.939838 2.697538
-2.18284 4.77416
-2.250342 4.87974
-2.044937 5.172363
-2.496983 6.39123
-2.149005 6.340975
-2.26744 6.550324
-2.63343 6.425683
-3.0504 6.060134
-2.651031 7.174565
-2.078031 3.766347
-2.221465 4.759156
-2.163598 5.178832
-2.559258 2.531462
-2.431832 3.6356
-2.171203 2.899778
-2.465705 3.863899
-2.215871 4.948269
-2.523451 4.577714
-3.129092 5.081124
-3.135499 5.3097
-2.926718 5.478112
-2.71441 2.800505
-2.492266 2.670656
-2.385106 7.244408
-3.214412 6.764228
-3.217634 4.138975
-2.284642 3.896455
-2.467311 3.671801
-2.223421 2.259005
-2.1672 2.687014
-3.006964 3.310111
-2.49576 4.646977
-2.3934 5.378454
-2.867591 5.938299
-2.412831 5.585903
-2.544605 8.138234
-2.66568 7.156399
-2.72222 7.343812
-2.386515 4.868879
-2.182931 6.655976
-2.583113 7.502308
-2.609555 7.009865
-2.396981 5.501265
-2.293606 5.243022
-2.636483 5.339908
-2.759516 5.121187
-2.689496 7.487213
-2.649865 7.890127
-3.172758 5.683483
-2.719475 4.598508
-2.451741 4.871348
-2.798528 3.892652
-1.31828 5.554483
-2.899909 4.603146
-2.732732 5.034727
-2.29541 5.053447
-1.721673 3.993068
-1.984667 4.10711
-1.943125 3.679553
-1.785888 2.523929
-1.951434 3.255006
-2.054473 3.99481
-1.794627 0.6635308
-3.102785 2.138171
-2.620029 5.515869
-3.114226 4.652689
-2.761491 4.022102
-3.063051 4.696682
-3.125025 7.118493
-3.060089 7.896407
-3.070506 5.3832
-2.98983 3.00768
-2.631648 5.12106
-2.49608 5.461507
-2.601278 5.970802
-2.668273 3.515008
-3.01802 4.049996
-3.002597 5.150293
-3.250276 5.073994
-2.859864 3.857895
-2.443086 2.444678
-2.107326 3.90535
-2.316366 3.62729
-2.510626 3.089611
-2.470417 1.876592
-2.376092 1.958494
-2.471984 2.383154
-2.060677 2.09571
-1.738432 2.333879
-1.88591 2.827147
-1.68778 2.134547
-2.172715 3.028005
-2.324793 1.656199
-2.246652 2.903365
-2.074001 3.016601
-2.203643 4.600059
-1.793471 4.294911
-2.087572 0.1452051
-2.91875 5.161708
-2.433611 5.480754
-2.763518 4.804593
-2.567276 5.688657
-2.749231 5.913823
-3.119927 5.082454
-2.881192 7.763754
-2.720289 3.752262
-3.063524 4.335589
-2.067957 5.328536
-1.505686 5.682158
-2.085928 5.109865
-2.112339 4.754421
-2.020793 3.911714
-1.929449 6.118699
-2.404349 6.198519
-2.304822 2.580255
-1.907195 4.406524
-2.593988 4.276949
-2.881689 3.326223
-2.872432 4.205247
-2.889588 3.745377
-2.648337 3.573303
-2.980346 8.110081
-2.668809 10.0517
-3.072856 7.046402
-3.91342 6.781476
-3.732449 7.576315
-3.185442 4.015283
-3.743052 4.314834
-2.740118 4.733197
-2.785891 3.749387
-2.384006 4.810415
-2.16473 5.19799
-2.022403 4.525841
-2.201775 4.591731
-1.962981 2.191566
-2.213797 3.556938
-2.296592 3.184848
-2.786782 5.694774
-2.691443 5.328206
-2.257938 6.534233
-2.900027 6.774618
-3.340617 12.41095
-3.455072 8.550497
-2.992868 4.02726
-2.915824 4.023136
-2.968337 4.155537
-2.970604 5.433372
-2.461994 8.291616
-2.850567 7.083585
-3.234475 10.25224
-2.759424 10.07642
-2.771669 10.15489
-2.28057 6.417761
-2.507754 5.381755
-1.568368 2.202344
-2.700667 2.702422
-2.670611 4.961299
-3.152551 6.224666
-3.105508 4.285557
-2.755018 5.095758
-2.65407 6.55215
-3.038111 8.842365
-2.536137 8.328026
-3.374975 8.29755
-3.172527 7.52211
-3.183182 4.724789
-2.745679 1.300152
-2.998038 5.941377
-3.454066 5.23162
-2.644952 5.365348
-2.672136 6.488355
-3.197836 3.043641
-3.100633 5.123146
-3.472254 6.680205
-2.964547 5.159
-2.95049 6.262368
-2.806666 5.698095
-2.316933 5.63315
-2.75637 5.926972
-3.050452 4.121059
-3.231862 1.41496
-2.957967 2.396288
-3.597979 4.220371
-2.923784 5.64288
-3.346284 6.192429
-3.292214 6.460364
-3.01614 7.694198
-3.201998 6.487475
-3.390972 6.184854
-3.448149 5.256488
-3.449598 5.654296
-3.52289 4.791247
-2.773872 4.510757
-3.136408 5.17852
-2.97693 5.712239
-3.594598 6.687747
-3.414176 4.71959
-4.00677 5.578438
-3.929069 9.026138
-3.351891 8.275198
-4.007802 8.472483
-4.040856 7.658386
-3.271002 5.608287
-3.143183 5.766143
-2.552981 6.369696
-3.289327 7.027833
-3.137442 6.920109
-3.813345 5.712776
-3.424818 6.308146
-2.920226 6.417231
-2.892159 5.670759
-3.743832 4.97364
-3.430227 6.512645
-2.867484 9.576178
-2.929894 4.710826
-2.743697 3.137484
-2.670371 2.096087
-2.818658 5.178753
-2.821001 3.813678
-2.516772 2.37148
-2.925815 2.710859
-3.414179 4.856739
-3.364073 8.148903
-3.02968 7.940963
-3.269615 9.385436
-3.620917 10.90033
-3.478338 11.51883
-3.586709 11.16383
-3.408855 10.35784
-3.879109 9.709585
-3.395125 8.198717
-3.965271 6.317641
-3.46814 7.461349
-3.483647 7.416143
-3.05222 4.88284
-3.146096 3.832335
-3.327365 3.563686
-3.50473 7.844395
-2.897419 6.644132
-2.559455 5.666099
-2.447821 7.254572
-2.292789 8.068051
-2.540505 7.377857
-3.421762 8.217454
-2.583536 7.227181
-2.438063 7.02244
-1.889725 6.475985
-2.451648 6.406735
-2.786651 4.760517
-2.815072 4.915739
-3.640497 4.374259
-4.295183 6.732778
-3.589058 6.070311
-3.579687 7.546676
-3.06813 6.272036
-3.059734 2.437595
-2.673859 2.889799
-2.029726 3.059909
-2.435039 2.560546
-2.537704 3.419362
-2.032339 4.240362
-1.592501 1.420038
-1.602192 2.398797
-1.788768 2.366987
-1.558087 3.674974
-1.607291 5.25939
-2.136324 4.991741
-2.34006 8.363067
-2.743169 5.408977
-3.105436 3.903405
-3.108638 5.015409
-2.751946 4.744557
-3.100169 6.813819
-2.701265 4.000494
-2.281997 3.329033
-2.928133 3.837802
-2.915106 2.177279
-2.994679 3.666295
-3.248842 3.197935
-2.993366 4.217472
-3.072197 -2.958715
-2.642019 5.636787
-2.248889 5.594074
-2.107219 4.663241
-1.735164 3.425627
-2.044678 3.542814
-2.415964 3.401837
-2.383861 4.57299
-2.620128 4.84557
-2.051934 4.836159
-2.765936 2.523567
-2.155436 4.22602
-2.489439 4.084587
-2.081153 3.020975
-1.892192 3.700086
-2.290201 3.304433
-2.099878 2.321959
-1.872973 3.067676
-1.973013 3.148992
-1.957812 3.025587
-1.663776 1.910357
-1.713663 1.12193
-2.028842 2.27207
-2.037204 3.543196
-2.48317 2.472344
-2.51944 2.156105
-2.156778 4.120164
-2.194923 3.298231
-2.57023 2.623419
-3.13497 2.843665
-3.422039 2.966258
-3.40907 4.345485
-3.187577 5.85678
-3.061992 7.613292
-2.589181 8.787255
-2.83927 9.672731
-2.068096 6.790831
-2.390437 5.018685
-2.600854 6.582985
-2.687203 7.277254
-2.411874 7.487326
-2.713467 7.091196
-2.192228 6.927329
-1.963486 6.328029
-3.276479 5.188004
-3.824328 5.195527
-3.668008 8.092271
-3.111235 8.993644
-3.115558 6.345501
-2.697386 4.478822
-2.617094 4.422628
-2.438112 5.0662
-2.4759 5.455939
-2.098097 5.062644
-2.25161 2.12896
-2.780324 2.05531
-2.867596 2.419957
-3.294071 4.29518
-2.98797 3.492478
-3.072693 3.459619
-3.123353 2.708873
-2.687461 3.996736
-2.09605 3.069693
-2.352821 3.868787
-2.617214 3.327325
-2.559816 5.533779
-1.857081 3.929349
-2.386917 3.075025
-2.33886 3.78492
-2.536781 5.803332
-2.809399 6.379122
-2.385903 5.841824
-3.127031 4.731705
-3.919982 6.442066
-4.012451 5.150132
-3.603195 9.137942
-3.355151 7.234499
-3.267838 7.494358
-3.378436 6.898657
-2.619724 5.649846
-2.341632 6.255957
-2.139884 7.074289
-2.181975 7.468941
-2.549749 8.351764
-3.220003 7.365204
-3.020857 7.954428
-3.071883 7.254207
-2.695628 6.761453
-1.920106 4.261836
-1.441667 1.422179
-1.668916 1.091841
-1.746891 0.3411513
-1.639687 1.112102
-1.983404 1.145003
-1.777317 0.7813337
-1.979802 2.469283
-1.824427 2.057128
-2.10954 3.764854
-2.450803 0.5000165
-2.747006 5.554713
-2.385068 3.249658
-2.238575 4.544512
-2.172306 2.504452
-1.940566 2.999051
-2.331308 5.346901
-2.968167 3.764513
-2.991156 3.315593
-3.272879 4.607849
-2.820284 4.363561
-2.791984 4.460617
-3.155107 6.474916
-3.079624 6.101547
-3.388221 6.1125
-3.071482 7.182537
-3.009134 4.405517
-3.047982 4.789583
-2.813156 4.325143
-1.918143 4.479204
-2.743604 5.015786
-2.805935 5.362536
-2.93517 5.377189
-2.623692 3.029807
-2.315725 2.689977
-1.961078 3.301997
-2.152237 3.884138
-2.401207 5.604874
-2.230439 5.91717
-2.308317 5.559673
-1.951104 3.494133
-2.578734 5.199273
-2.25486 4.813094
-2.80226 4.4007
-3.239172 4.292738
-3.968619 4.982753
-3.41098 4.733176
-2.238793 5.162431
-2.549194 3.497946
-2.278378 2.83135
-2.327562 2.763647
-2.126952 0.8307978
-2.277391 1.434906
-1.98864 3.287591
-2.598483 2.05599
-2.770856 2.964472
-2.724273 5.388767
-2.689042 3.929927
-1.993826 3.562816
-2.126412 3.161514
-2.303296 3.75546
-2.610262 4.532992
-1.722845 -1.522594
-1.959309 3.253919
-1.910811 2.69784
-1.826641 2.557092
-1.560914 3.074677
-1.822244 2.287898
-1.854154 3.031191
-1.697154 5.196766
-1.950366 5.616244
-2.113546 5.844269
-2.618136 3.110903
-3.037218 2.821145
-3.270213 5.047491
-2.379111 4.472249
-2.071017 3.590772
-2.534872 4.915944
-2.352049 4.493476
-2.3931 5.355742
-2.707249 6.805063
-2.653469 6.735627
-3.095921 5.478364
-2.9205 5.076421
-3.121842 2.245198
-3.177422 2.451144
-3.168617 3.968304
-2.741171 4.246124
-2.797313 2.517046
-1.943171 4.544328
-2.27898 3.790335
-2.321836 2.706899
-2.647091 3.170354
-2.479589 3.898495
-2.466993 5.615966
-1.67666 3.722317
-2.513736 2.174804
-2.582686 5.582602
-3.160568 6.137171
-3.249242 5.527312
-3.40419 5.02742
-2.810305 3.562226
-3.031219 4.389815
-2.876554 2.910775
-2.979388 3.614959
-3.158171 4.270518
-3.042637 3.575405
-3.218516 4.949128
-3.326645 4.65333
-3.98176 4.15074
-3.98101 5.091484
-2.570465 4.600431
-2.912851 5.185624
-2.453019 3.894187
-2.47258 3.025408
-2.227525 7.973256
-2.418075 7.234147
-2.035487 8.335551
-1.634658 2.979277
-1.303482 1.823101
-1.32861 1.185556
-1.516885 2.384178
-2.137512 1.679174
-2.133706 2.124871
-2.081639 1.348917
-1.928646 3.090366
-1.911614 2.783704
-1.900133 3.555539
-2.038049 4.878174
-3.20504 6.147361
-3.367611 9.427793
-3.44882 8.090516
-2.538346 3.594969
-2.944175 1.653171
-2.823407 2.884634
-2.404124 2.557815
-2.708076 3.956554
-2.365536 2.757908
-2.691108 2.610282
-2.625163 1.965494
-2.551495 2.68529
-2.998126 3.921948
-3.134665 2.949561
-2.658535 6.565304
-3.0415 5.863264
-2.918562 6.567211
-3.04283 6.074108
-3.061339 2.90031
-3.062976 3.302115
-2.987046 4.028173
-2.798603 5.68009
-2.4257 4.512477
-2.22062 3.041093
-2.316296 5.10214
-2.560746 4.05713
-3.188273 6.512026
-3.049814 5.693165
-3.398756 7.586341
-3.301594 5.401218
-3.197968 4.09866
-2.57775 1.976616
-2.870464 1.968464
-2.664049 4.708615
-2.783296 4.947462
-2.369317 3.428973
-3.537785 0.6533947
-3.312396 3.741847
-3.039766 5.011197
-2.509681 3.9294
-2.345079 4.934341
-2.156959 6.057844
-1.935657 4.904589
-1.708454 4.788739
-1.9758 4.57372
-2.291278 2.503979
-2.268925 2.283037
-1.838482 1.302013
-2.326497 4.822113
-2.041524 1.439083
-2.426663 5.218411
-2.593047 5.382046
-2.472497 3.515544
-2.533398 4.788667
-2.009992 3.566893
-2.019653 5.057664
-2.037916 3.906777
-1.622553 2.668917
-1.599888 1.860873
-1.726232 1.85297
-1.224055 1.419599
-1.237381 1.931666
-1.230587 0.2357277
-1.805944 1.06294
-1.998601 2.434604
-2.089207 4.4264
-2.249266 5.201372
-2.450117 4.866093
-2.407906 3.33244
-2.259262 1.214642
-2.073017 4.243678
-3.233507 3.968345
-1.812337 5.029157
-1.672214 4.867921
-1.801802 1.895979
-1.797898 1.98486
-1.825517 1.381222
-1.607784 1.256716
-1.763116 1.605342
-2.010832 3.736685
-2.036738 1.152923
-2.201798 2.035793
-2.20178 1.318845
-2.373287 4.407141
-2.19647 8.042928
-3.081301 5.822107
-2.019046 6.231766
-2.765794 7.540791
-2.313091 7.022875
-2.508908 5.578836
-2.801895 8.157335
-3.063463 6.179456
-3.234506 7.965257
-3.401885 5.305899
-3.067593 5.507939
-2.813774 6.142175
-2.516704 5.42819
-2.801203 2.469491
-2.974675 8.112949
-3.355065 5.642366
-3.446942 9.205197
-3.016151 7.544748
-2.927624 7.680282
-3.010652 6.455745
-2.903432 4.257593
-2.872814 5.317412
-2.620441 3.501406
-3.029518 8.328457
-2.710289 8.134995
-2.33781 9.211371
-1.969176 8.161406
-2.226143 7.34071
-2.982502 5.119128
-2.669457 5.986425
-2.898779 5.207804
-2.837078 3.459976
-2.813817 5.43658
-2.651709 4.992923
-2.886521 3.83344
-2.878755 3.892197
-2.934833 5.060725
-2.551684 3.665631
-2.939342 5.206492
-3.317652 6.067725
-3.040814 7.146288
-2.865345 -6.393284
-3.131721 4.668225
-3.05483 6.64977
-2.517512 7.579461
-2.417296 5.982827
-3.064091 6.52711
-2.807757 5.996528
-2.040451 5.097727
-2.345868 3.55211
-2.710947 3.254327
-3.100287 2.156609
-3.085317 5.2228
-2.73715 8.35714
-3.26417 7.323059
-2.858479 7.556648
-2.169543 4.858439
-2.376004 4.661427
-2.315407 4.890955
-2.218679 3.690604
-2.006233 2.886253
-2.039396 3.235323
-1.939852 2.97864
-2.161509 3.256238
-2.713114 2.797671
-2.993825 5.632854
-2.698296 1.930932
-1.917004 4.031064
-1.631252 4.706175
-2.118964 4.113591
-2.607301 4.635786
-2.80988 4.27457
-2.944776 3.064046
-2.524985 1.804704
-2.235696 2.564309
-2.253543 5.070732
-1.956478 2.138912
-2.181467 4.010594
-2.093154 1.592837
-1.8602 1.752228
-1.714291 3.326232
-1.74681 2.69274
-2.191334 1.185461
-2.50243 2.004913
-2.52553 2.604504
-2.463922 2.620772
-2.509029 2.585481
-1.896494 2.26162
-2.12873 2.792726
-2.040335 3.143783
-2.048957 3.867415
-1.723918 6.131337
-1.912622 5.902947
-2.522835 3.977273
-2.294027 4.820575
-1.972761 5.160075
-1.78678 6.991916
-1.944362 6.895789
-2.286757 4.686008
-1.993992 4.861535
-2.401864 5.454637
-2.061421 4.319353
-2.169085 3.758605
-2.301805 3.817848
-2.622409 5.412264
-2.531356 4.764003
-2.959756 4.342662
-2.584534 3.722988
-2.497687 2.747411
-2.583834 6.640464
-2.880993 4.866367
-2.797441 3.431536
-2.426068 4.470905
-2.600452 4.129631
-2.606594 4.437783
-2.642481 3.827932
-3.517443 4.379298
-2.716724 5.680555
-3.078089 6.899395
-3.184954 8.207189
-2.783384 7.089347
-2.686293 4.661151
-2.689341 5.585562
-2.413865 2.973151
-2.670339 4.812879
-2.80923 4.849141
-3.156023 5.279184
-3.183614 5.629883
-3.161073 5.594999
-2.804778 5.253313
-3.201358 7.379868
-2.410789 5.460134
-2.54201 3.146146
-2.887255 3.849822
-2.955702 3.505641
-3.242403 5.606214
-3.476288 4.900103
-3.048629 6.102527
-3.50698 5.629428
-3.642653 5.79171
-3.121998 -12.12307
-2.853222 4.85373
-2.922473 2.742961
-3.221774 3.446389
-3.129357 5.046772
-2.717249 6.473897
-2.608323 2.656861
-2.591036 6.140388
-2.690941 7.467886
-3.410928 9.589104
-2.857808 10.8507
-2.541372 8.707324
-2.663867 9.039574
-3.043836 3.421317
-2.208005 5.290525
-3.577766 5.081781
-3.418452 3.303664
-4.112725 6.037289
-3.43889 5.04515
-3.29851 8.615901
-2.722706 9.093696
-3.225133 8.398204
-3.541375 6.573018
-2.881685 5.173284
-3.266557 4.559163
-2.71442 4.352862
-2.405146 4.761503
-2.708274 3.099496
-2.494224 3.240249
-2.685503 3.374745
-2.763677 5.056717
-2.154882 4.679928
-2.550662 4.418349
-2.334669 3.090668
-2.17893 7.081998
-3.161513 7.385922
-3.789652 6.632188
-3.997664 5.848001
-3.340332 7.06091
-3.249725 5.729575
-3.388624 6.442635
-3.995346 7.88486
-4.173813 6.395903
-4.249193 6.264971
-3.750793 5.860526
-3.413356 5.982096
-3.763897 6.523587
-3.001283 4.958583
-3.008867 4.531871
-3.27898 2.39053
-1.855987 4.795283
-2.192961 4.561846
-2.829251 5.835979
-2.660469 4.2953
-2.858071 3.771468
-2.138431 3.811462
-2.313941 5.001922
-1.902762 5.170239
-1.74577 5.821261
-2.740625 3.635964
-2.874603 3.742322
-2.126196 4.873327
-2.22853 4.752127
-2.675492 5.696789
-2.484412 3.612985
-2.456838 2.316805
-2.470464 2.194885
-2.319257 2.692627
-2.089749 4.211375
-2.194437 3.013753
-2.443927 5.993341
-2.151835 4.461742
-2.810103 4.59099
-2.900923 5.853604
-3.170335 7.213005
-3.068501 6.398839
-2.824551 6.183176
-2.674007 3.513985
-2.46818 4.747058
-2.731595 4.758477
-3.006383 5.293925
-2.563804 3.845079
-2.825697 3.927364
-3.242525 9.13437
-3.12019 9.147955
-3.484516 9.239369
-4.149209 7.809522
-3.710332 6.241998
-3.311418 7.086623
-2.618271 5.935296
-2.985613 7.80571
-2.346891 5.987938
-1.888479 4.460663
-1.677608 6.157476
-1.944694 3.489902
-1.511997 2.611484
-1.651543 1.781174
-1.631878 1.95492
-1.544743 3.124578
-1.59222 1.715992
-1.278132 1.443037
-1.246934 1.150473
-1.129341 1.39562
-1.2611 2.10954
-1.406105 2.707103
-1.655444 1.472194
-1.790968 1.997834
-1.681508 1.781249
-1.643568 2.115338
-1.521552 1.862206
-1.635271 2.732077
-1.48 3.004718
-1.573005 1.978332
-2.170819 1.693845
-2.044519 3.642535
-3.106722 2.429102
-2.48901 3.45997
-2.074287 4.512245
-1.742147 4.749695
-1.87159 5.104751
-2.165669 6.059688
-1.809581 4.513081
-1.865146 4.560372
-1.81035 3.597651
-1.80781 3.019395
-2.117738 3.347048
-1.887254 3.440762
-2.209084 3.993087
-2.247878 2.118949
-1.779822 0.9364092
-1.533506 0.9708695
-2.208013 5.587847
-2.385409 4.734403
-2.098912 5.423901
-2.792745 4.890261
-2.450387 3.043594
-2.264797 3.454726
-2.200731 2.299045
-2.145161 3.660421
-1.966393 2.404245
-2.275135 1.363904
-1.593951 2.733004
-1.600139 1.534879
-1.67672 1.028862
-2.36566 2.750827
-2.321889 3.778477
-2.38592 4.297389
-2.167702 5.101742
-2.028035 2.244601
-1.609523 3.242626
-1.431364 5.63867
-1.602722 5.194338
-2.010761 2.457831
-1.567272 3.108238
-1.735045 3.89409
-2.002561 3.691899
-2.113021 3.510396
-2.006107 5.393315
-2.045624 4.522037
-2.200776 5.451789
-2.507216 2.36749
-1.79718 1.604732
-1.574449 2.157933
-1.721356 1.726826
-1.612314 2.423042
-2.057848 2.435798
-2.780131 3.735677
-2.390887 3.144572
-2.566459 3.992605
-2.777843 3.450672
-2.737971 3.134209
-2.515261 4.49731
-2.552708 6.849894
-2.278127 7.346339
-2.236378 5.996537
-2.575538 6.598746
-2.41686 5.461458
-2.241981 6.912269
-3.094051 6.382322
-3.22689 6.913624
-3.074086 9.104075
-3.8314 8.202301
-3.601569 5.758564
-3.180255 3.922093
-2.970958 4.725301
-3.533638 5.764652
-2.865667 6.638233
-2.510708 8.340547
-2.588292 8.422905
-2.364839 3.617176
-2.306044 4.87107
-2.027868 4.756453
-2.681034 7.215161
-2.82894 7.973677
-2.640193 6.554194
-3.191229 5.385208
-3.219321 6.084843
-2.585624 5.20779
-2.712913 5.153867
-2.569913 3.29744
-3.004277 3.66934
-2.846303 5.50172
-2.865325 5.568072
-2.573214 6.436147
-2.093751 5.848419
-2.616041 7.112673
-2.860972 6.507229
-3.021301 4.831232
-2.744619 6.914758
-3.17258 5.530434
-2.869841 6.049054
-3.212235 7.355756
-2.963905 6.172224
-2.580489 6.812857
-2.878435 5.880658
-2.346828 5.569095
-1.828195 5.321572
-2.1439 6.26022
-2.309744 7.191802
-3.25064 9.239871
-3.425568 9.184081
-3.789056 4.92354
-3.134772 3.661644
-2.955819 5.721653
-2.622085 6.034002
-2.454112 5.461493
-1.814683 4.953843
-1.728246 6.038618
-1.906559 8.857472
-1.99035 8.807315
-2.671663 6.895188
-3.145039 8.519936
-3.688624 7.546132
-4.046296 10.32031
-3.352528 8.095032
-3.300921 6.86134
-2.814911 12.48165
-2.957116 10.97759
-3.026468 7.586037
-2.762393 5.935012
-2.266191 3.555103
-2.234414 2.869057
-2.188048 4.005814
-2.156211 4.078769
-2.917279 4.190743
-2.714517 4.19849
-3.156317 5.38937
-2.77137 3.964821
-2.795231 4.595749
-2.769166 3.098935
-2.609962 2.434016
-2.532472 3.922899
-2.411918 5.553603
-2.707567 5.654343
-2.424409 4.350619
-2.511625 3.409101
-1.874011 2.849517
-1.391232 2.107087
-1.488527 1.253521
-1.783232 1.623424
-1.458647 1.28634
-1.470146 0.9419767
-1.443325 1.275301
-1.779543 2.862181
-1.61326 3.383082
-1.737634 3.624553
-2.314092 3.609744
-2.197188 3.266891
-2.117048 4.93586
-2.446655 4.415281
-2.702539 3.765022
-3.016436 3.641628
-2.681125 4.159866
-2.42046 4.124106
-2.350854 8.917531
-2.755299 9.284192
-2.508505 7.483421
-2.73092 4.546056
-2.349166 3.772896
-2.440786 3.920127
-2.520982 3.962863
-2.697378 3.765422
-2.52605 3.215449
-2.960679 2.845249
-2.820489 3.863884
-2.036347 4.281156
-2.274726 4.93105
-2.863941 6.086779
-2.609409 6.045591
-2.63859 7.097588
-2.503781 8.048885
-2.878863 7.687567
-2.243399 7.111513
-2.710145 6.814662
-2.471056 5.313781
-2.781198 5.783855
-2.1051 1.446437
-1.713596 2.577607
-1.550851 2.892489
-1.600353 2.705284
-2.358009 3.682722
-2.880656 5.969654
-2.332915 5.516585
-2.396872 5.749358
-2.050328 6.202376
-3.287381 7.623991
-3.6768 8.209149
-3.517763 5.455367
-4.050372 5.995638
-3.040068 9.09441
-2.87352 6.339898
-2.847681 3.192955
-3.074715 2.758465
-3.214171 2.277966
-4.012636 4.243433
-3.59861 4.018784
-3.486938 5.46216
-3.611374 5.708522
-3.323215 8.263234
-3.285061 5.730484
-2.769902 3.841432
-2.298139 3.723507
-2.055675 4.493267
-1.91466 2.38595
-1.8841 3.092726
-1.892175 2.619577
-1.847384 4.344514
-2.039684 4.534976
-2.1258 2.032375
-1.505099 1.701587
-1.79186 8.039171
-2.473097 6.601769
-2.147199 8.12862
-2.238978 8.042086
-2.319344 6.834007
-2.351173 6.21834
-2.322994 4.417851
-2.43114 4.133014
-2.327574 3.949026
-2.471992 3.988728
-3.330412 3.537227
-3.503565 4.748503
-2.703002 3.912121
-2.499572 2.501901
-2.369896 3.002149
-2.442712 5.104447
-2.115746 4.742464
-2.655126 5.551031
-2.727568 4.00951
-2.76202 3.377282
-2.531289 8.786131
-2.562138 3.534369
-2.723614 3.927753
-2.648081 5.634207
-2.481511 5.408949
-2.262945 4.239618
-3.040705 5.651656
-3.1595 7.971199
-3.580744 -4.809022
-3.238598 6.248738
-3.31464 5.408996
-3.305338 8.481944
-3.278743 9.926003
-3.052227 7.89187
-2.933503 3.750544
-3.087767 3.271504
-2.25382 7.253459
-2.190051 7.977726
-1.888845 4.751003
-1.941132 3.274085
-1.510961 3.108153
-2.088477 2.532601
-2.110701 1.950879
-2.406102 1.860559
-2.721267 1.791186
-2.533119 4.42515
-2.315328 2.001633
-2.469795 1.502196
-2.292265 3.53189
-2.494165 8.478276
-2.299257 7.968069
-1.875859 3.342415
-1.98805 3.303968
-2.352291 4.294726
-2.908256 1.378985
-2.828882 4.148454
-3.454112 5.729122
-3.280824 6.301359
-2.949439 4.713668
-3.505578 3.06522
-3.219018 1.888697
-2.872383 4.727949
-3.020526 3.827248
-2.560351 2.958184
-2.137564 4.480766
-1.854642 4.335861
-2.142711 4.690984
-2.669905 5.959358
-3.112384 8.029996
-2.911882 5.613989
-3.191105 4.66876
-2.702901 4.800474
-2.48828 4.376165
-2.484452 4.319026
-2.535904 6.652353
-2.448675 6.643828
-2.822616 5.835576
-2.387922 5.955178
-2.671035 4.744501
-2.739269 5.262339
-2.366144 3.720426
-2.550758 3.381365
-2.281125 4.36247
-1.957923 4.228769
-1.645248 3.739654
-1.86932 4.450039
-1.999458 2.980405
-2.409342 2.824236
-1.82565 2.001111
-1.561977 1.898323
-1.610174 2.162531
-1.563645 2.758005
-1.873728 3.031753
-1.894286 2.231158
-1.640675 2.096163
-1.765578 2.521423
-1.990603 2.744229
-3.093094 4.906214
-3.467097 16.04807
-3.815266 10.45064
-3.952772 8.780834
-3.647888 4.678643
-3.271221 5.14828
-2.420615 3.39431
-2.60168 2.090061
-1.941843 3.715588
-2.299292 2.893463
-1.987056 4.222782
-2.067631 3.818577
-2.193797 1.658804
-2.336652 3.908147
-2.284059 2.984658
-2.247127 5.537529
-1.784809 4.333774
-2.444622 4.68571
-2.919679 6.10486
-2.351662 5.561015
-2.363968 3.642797
-1.976673 4.070369
-2.128366 2.823378
-2.40724 3.631941
-2.418554 2.506797
-2.297134 0.8777564
-2.062689 2.971011
-1.540173 3.541532
-2.030112 1.861984
-2.491925 3.31912
-2.676556 3.982771
-2.201307 3.922442
-2.649889 3.341181
-2.558955 2.016111
-2.531859 1.523541
-2.380512 5.683933
-2.384705 6.441365
-2.460882 3.837856
-2.443418 2.987955
-2.500077 3.488538
-2.39213 6.547642
-2.105351 5.391315
-1.858421 5.466791
-1.940617 2.217589
-1.6531 2.2223
-0.9802483 2.368194
-1.24899 1.744414
-1.46503 0.3252831
-1.738145 2.119652
-1.894287 2.029015
-2.03145 3.321376
-2.226561 2.304104
-2.358068 4.079545
-2.58087 5.162308
-2.829293 5.327441
-3.200079 5.083493
-1.87884 5.25737
-2.27062 4.845176
-1.768833 4.344095
-2.03538 4.624589
-2.039892 2.895451
-2.232069 3.973015
-1.874292 4.683766
-1.960018 5.962526
-2.014989 6.503333
-2.821817 6.126523
-2.208897 6.377526
-3.145813 11.27714
-2.787071 8.107896
-2.476691 6.769095
-2.31793 6.608799
-3.265995 5.619838
-2.437898 5.99614
-2.934109 6.519542
-2.795466 6.171477
-3.285744 5.903706
-2.68668 6.468847
-2.160706 5.60872
-2.23971 5.270978
-2.246962 5.442307
-2.445785 3.122489
-2.143025 3.674818
-2.002138 2.873663
-2.488624 5.267714
-3.104267 5.156665
-3.276982 4.667858
-3.088277 5.937064
-2.737181 6.565043
-1.902056 5.247348
-2.151715 6.5356
-1.755061 11.77708
-2.263277 10.51346
-3.866409 11.3044
-3.895439 6.356779
-4.018049 7.658732
-3.442964 7.866953
-3.920303 6.896816
-3.637948 2.862544
-3.047088 5.080536
-3.542775 4.707577
-3.196308 2.778707
-3.363807 -1.820861
-3.885266 5.345317
-2.896374 4.170961
-2.895347 3.771106
-2.859868 3.670817
-2.986667 7.51634
-3.45611 3.745942
-2.453713 4.745375
-2.651015 6.001846
-2.481692 4.239786
-2.368423 2.402733
-2.509536 2.450166
-2.562929 4.646405
-2.717813 5.297861
-3.180086 5.426231
-3.283541 4.790797
-3.020574 3.18523
-2.275651 5.523446
-2.542703 5.526045
-2.705349 4.909529
-3.00181 6.478186
-2.604464 6.075045
-2.634595 5.82191
-2.949867 5.766387
-3.126767 2.276258
-3.259299 6.351462
-3.192162 4.911497
-3.153502 7.677119
-2.632296 6.711803
-2.749648 6.268278
-3.27611 6.5179
-3.341 7.332261
-3.46117 10.99737
-3.92053 6.630438
-3.392854 4.891289
-3.865741 5.126605
-2.902101 4.198313
-3.316825 7.223322
-3.629159 6.075173
-3.154006 5.612267
-3.222655 5.872392
-3.080019 7.295674
-2.635407 10.37288
-3.606742 5.951389
-3.633519 7.521572
-3.507293 5.74818
-2.79646 5.384853
-2.136784 4.541913
-1.959156 5.870037
-2.522608 10.16284
-2.876784 10.50334
-2.702238 5.761549
-2.651076 6.669913
-2.148248 1.305571
-2.913787 3.186172
-3.202381 5.256285
-2.634244 5.194394
-2.731659 5.187913
-1.956134 1.408354
-1.910781 6.019794
-2.202835 3.297346
-2.595743 3.504424
-2.705171 6.773964
-2.849224 6.142855
-2.794361 7.454514
-3.108717 6.147202
-2.610626 6.69332
-1.75519 7.382751
-2.475854 7.905623
-2.305691 6.781771
-2.661767 6.210301
-2.232569 6.875468
-1.912255 8.397788
-2.849568 8.462665
-2.682245 6.911282
-2.704757 8.222637
-2.832597 8.642959
-2.846179 8.442063
-2.810065 7.31382
-2.729466 6.967021
-3.29011 5.22574
-3.205907 5.511638
-3.066999 5.968725
-2.964607 4.910384
-2.403961 4.2199
-2.592101 3.82246
-2.548979 3.821552
-1.923262 8.060137
-2.305974 3.873685
-2.53338 2.484678
-2.68394 2.877148
-2.531846 2.84667
-2.646955 3.683075
-2.911278 4.897242
-3.037085 3.736756
-2.827273 3.831854
-2.743664 4.67674
-2.553444 4.68776
-2.137416 2.064955
-2.092679 3.356678
-2.246005 6.272318
-2.32992 6.977815
-2.130978 7.143312
-2.88921 7.698147
-3.079534 7.788899
-3.025097 3.611497
-3.464164 2.53185
-3.258925 5.710071
-3.042352 5.709112
-3.334084 5.788481
-3.356245 5.348777
-3.317999 5.671876
-3.475973 4.537427
-2.900575 5.652569
-3.283785 4.673768
-2.499959 4.085567
-1.758374 4.751318
-1.890746 2.50124
-1.763651 3.91491
-1.451427 4.720427
-1.928443 4.193572
-1.733277 5.5039
-1.84377 5.312949
-2.520718 5.162497
-2.692318 4.5142
-2.701434 8.163833
-2.30962 9.60214
-2.833969 8.547963
-2.252514 -8.165336
-2.177458 3.436747
-2.143386 4.229225
-2.330055 4.266353
-2.289215 3.91217
-2.062997 5.437818
-2.515764 7.211912
-2.608291 5.888542
-2.815156 5.661085
-2.71664 7.722999
-2.70401 1.9481
-2.671608 3.280607
-2.671392 2.349982
-3.085516 5.885325
-3.107759 5.587533
-2.824799 5.856072
-3.16938 7.116131
-2.713883 7.694341
-4.095441 7.535799
-3.275233 8.0619
-4.015991 5.645138
-4.283879 4.66657
-4.173813 3.943303
-3.29714 5.085419
-2.903305 1.982787
-3.151179 3.740462
-3.37373 5.178975
-3.681532 3.545407
-3.052084 5.066585
-3.37066 7.153237
-3.764692 6.87858
-4.128158 6.769953
-4.129176 8.623602
-3.569971 5.422607
-3.639622 4.12278
-2.609826 3.898745
-2.022907 4.075383
-2.675411 3.028039
-3.365146 3.781274
-3.415089 4.656703
-3.255881 5.187277
-3.038857 4.407904
-2.936321 6.611536
-2.815225 5.478052
-2.868721 6.39822
-2.243514 8.943614
-2.652911 7.296553
-2.47449 6.836321
-2.432488 8.636488
-2.507322 8.086588
-2.81834 7.562671
-2.734406 7.008605
-2.857675 7.405634
-2.703311 8.726135
-2.723687 9.688614
-3.938919 10.14828
-3.531297 10.34655
-3.517005 10.67009
-3.085586 6.484409
-2.701213 6.073602
-3.16244 3.964708
-3.259395 3.174079
-2.289159 4.38342
-1.926805 5.534954
-2.418114 3.502905
-2.636697 3.863768
-2.025754 2.57988
-2.244376 2.787378
-2.685411 2.448178
-2.773712 4.0479
-2.43108 3.000494
-3.08489 5.694883
-3.4246 12.42685
-3.315524 7.82486
-3.297299 8.056529
-3.633706 8.450056
-3.540384 7.287207
-3.021283 4.338002
-3.526383 3.501817
-3.68708 2.589154
-3.145287 4.317701
-3.638899 1.96271
-2.959496 5.570748
-3.368956 5.979408
-3.743931 3.606824
-4.109791 8.73035
-3.668912 8.834293
-4.00956 8.383744
-4.039132 9.2881
-4.156588 7.472585
-3.635666 3.253727
-2.954015 5.05431
-3.041624 5.862077
-2.803511 4.489924
-2.539192 5.639266
-2.537128 6.893634
-2.722721 5.238172
-2.850501 5.693988
-3.368564 5.600229
-3.180297 6.077557
-3.590693 6.900238
-3.516787 7.001381
-3.178139 5.583777
-3.414237 5.348695
-2.894088 4.562488
-2.447433 4.565035
-2.79787 4.572668
-2.523475 4.033743
-2.29733 2.813272
-2.555887 3.058137
-3.018966 3.379882
-2.316807 5.821172
-2.369463 5.199565
-2.240168 8.057964
-2.853105 5.895768
-2.819633 6.034392
-3.123232 4.213132
-3.263114 4.352552
-3.160462 3.257163
-3.149117 4.226802
-3.153889 3.27533
-2.843572 5.968264
-2.94409 5.073189
-1.928594 2.167729
-1.989175 1.443961
-2.047598 1.59336
-2.05404 3.473353
-1.643442 5.544252
-1.930755 4.716073
-2.146285 4.319581
-2.399665 4.708104
-2.270683 1.940894
-1.749516 5.910278
-2.595967 2.603966
-3.307089 4.530272
-2.792624 4.728517
-2.612129 7.918132
-2.28722 5.344689
-1.943951 5.063375
-2.271625 5.898254
-2.386972 5.142755
-1.792237 5.50366
-1.721811 4.792759
-1.570272 5.622826
-1.685825 4.125284
-1.668 3.214104
-1.701181 3.462785
-0.9194711 4.025537
-1.687062 3.446594
-2.098283 0.7487298
-2.077113 1.785869
-1.913076 1.644791
-1.547946 0.9151881
-1.410532 0.4606225
-1.047402 1.208036
-1.163068 1.283447
-1.287214 3.397921
-1.444661 0.650254
-1.242221 2.527511
-1.54777 2.630464
-2.199988 3.987672
-2.770986 2.800008
-2.775109 3.924833
-2.695497 4.505871
-3.131684 3.085201
-3.397234 6.070166
-3.213485 4.08371
-2.836762 5.994938
-3.000641 5.114521
-2.361827 6.261129
-1.650718 5.171204
-1.419118 6.652029
-1.4236 6.913447
-1.807974 5.875811
-2.388412 4.52072
-2.865879 2.214026
-2.942174 4.972424
-2.771799 3.806542
-2.844308 5.353412
-2.957499 4.332072
-2.978504 7.879698
-2.821868 9.179136
-2.986244 5.4008
-2.280982 6.34172
-2.315394 5.933244
-2.479502 5.51764
-2.420439 4.962569
-2.229339 4.677362
-2.89245 3.422532
-3.133168 6.111102
-2.620197 3.651898
-2.628342 0.5336251
-2.578714 3.828905
-2.902616 3.57167
-2.478338 4.452426
-3.002519 7.578494
-4.252757 5.85751
-3.710229 4.739191
-2.526231 6.752587
-1.785962 6.252642
-2.240577 5.573056
-2.719409 4.646267
-2.966074 3.040564
-2.580503 3.53421
-2.640209 4.716585
-2.988878 5.54826
-2.752802 3.715299
-2.625152 3.996483
-2.118702 3.800382
-2.047738 5.1101
-2.154078 4.818629
-2.117909 3.24169
-2.345321 2.175682
-2.109996 3.249767
-2.036935 2.805886
-1.695856 1.953397
-1.919027 2.130897
-2.20884 2.429751
-2.243631 3.23408
-2.210393 5.157966
-2.492715 3.699784
-2.472002 2.678265
-2.259424 4.254371
-2.149302 3.34601
-1.533747 3.892429
-1.712563 3.290698
-1.667788 2.889222
-1.599491 1.852049
-1.632162 1.323845
-1.434426 1.077163
-1.501637 1.363659
-1.664962 1.077767
-1.305095 1.440736
-1.764701 0.9725326
-1.819466 2.399842
-1.280511 1.918454
-1.666552 2.671269
-2.121722 3.190436
-2.026876 3.108026
-2.663666 6.989951
-2.746679 7.092049
-2.710037 7.817502
-2.774578 7.259214
-2.89632 9.489327
-2.398837 7.547896
-2.565684 6.392536
-2.575828 4.608624
-2.538872 4.816698
-2.779453 2.980339
-3.117786 2.829807
-3.052678 3.057454
-3.093371 3.276486
-3.595382 5.932065
-3.463024 4.752426
-2.810627 4.020116
-3.02481 4.029932
-3.314459 4.73885
-3.077365 5.059486
-3.423392 5.383588
-3.936214 5.236864
-4.14952 6.369826
-3.36104 6.030125
-3.222584 5.065589
-3.013677 5.586527
-3.602351 5.349043
-3.896833 5.872477
-3.376654 4.666063
-3.976672 5.558325
-2.713047 5.13831
-2.819371 4.295916
-2.725451 5.913756
-2.608209 4.650336
-3.045031 4.605227
-3.09191 4.91959
-2.89267 5.246052
-2.796357 4.773428
-2.462926 5.989065
-2.404842 5.683458
-1.992714 5.009968
-2.001054 4.98649
-2.218848 5.231902
-2.589166 6.066331
-2.101657 6.262407
-2.315589 6.555209
-2.383805 6.59223
-2.031769 3.484562
-2.225738 3.466767
-1.958761 2.888687
-2.006184 1.451779
-2.055626 2.360383
-1.982752 0.5558865
-1.746442 1.87474
-2.010439 5.534907
-2.138531 4.1819
-2.194269 4.820355
-2.438905 5.301025
-2.727589 5.512554
-2.054558 5.719929
-1.548381 5.809074
-3.047511 8.432333
-2.793037 4.134311
-2.735987 3.803187
-2.935612 4.148452
-3.513563 4.865517
-2.757016 3.25353
-3.001745 4.880258
-2.860568 7.381997
-2.384506 6.179586
-2.761365 6.564501
-2.407059 4.883121
-2.101684 4.75635
-1.89401 4.302803
-1.666108 2.578108
-2.042308 3.372192
-2.426695 -1.146596
-2.299419 4.240557
-2.052561 5.16046
-2.268985 4.951189
-3.279116 6.570812
-2.480449 5.564659
-2.841916 6.897495
-2.656067 2.280554
-2.181046 2.585843
-1.989491 3.806559
-1.96146 5.446682
-1.677881 5.2203
-1.643201 5.290103
-1.776781 6.068403
-2.669297 8.55671
-3.132329 8.340975
-2.590001 4.153896
-3.301159 2.422518
-2.921374 6.881817
-3.176204 4.961944
-3.637977 5.48813
-3.231786 4.814637
-3.184923 5.411888
-3.256365 3.781929
-3.094104 4.834261
-3.35014 6.209145
-3.273121 8.130478
-3.233837 7.197845
-2.866944 6.075494
-3.405047 5.592986
-3.011327 5.575346
-4.025878 3.936238
-4.088261 6.548924
-4.061455 5.533086
-3.432585 5.242254
-3.520649 6.275539
-3.452263 4.809824
-3.68318 4.881523
-4.091434 4.890121
-3.271219 5.104192
-2.597599 5.336477
-3.240603 7.234727
-2.740607 2.837007
-2.643179 4.425997
-2.966912 6.847045
-2.271356 4.396177
-2.141134 4.010901
-2.215861 1.69484
-1.791756 3.415134
-1.760455 2.214652
-1.656278 1.61682
-2.400239 2.20873
-2.213719 2.333173
-1.875131 5.613356
-2.357161 1.551515
-2.558971 3.0712
-2.154373 2.806676
-2.362721 2.9029
-2.43199 3.041735
-2.027526 2.466259
-2.333598 2.345653
-2.711952 2.019405
-2.591186 4.61218
-2.151664 5.959263
-2.421043 5.71958
-2.597523 5.119009
-2.083853 3.49649
-2.018209 4.540643
-1.796507 3.824581
-1.780216 2.550888
-2.088155 4.000772
-2.556943 6.685376
-1.910255 6.572548
-1.910958 9.293853
-2.689547 9.530997
-2.607696 8.1199
-3.015506 8.686639
-3.444374 9.088539
-3.27747 9.44776
-3.136786 7.741609
-2.770356 8.583204
-3.827062 8.199947
-3.439528 7.034092
-2.068739 6.467067
-2.413812 6.685809
-2.067318 3.666251
-2.133072 3.285306
-2.378427 3.296973
-2.363726 3.017895
-2.611795 3.080044
-2.541108 3.643709
-2.252678 -0.4315863
-2.326887 1.976424
-2.334261 2.389768
-2.489147 2.176252
-2.370628 1.760614
-2.328498 3.115611
-2.305595 3.819637
-2.137126 5.515766
-2.749725 5.612565
-3.061225 4.8145
-2.563279 4.403981
-2.977412 4.991296
-2.978678 4.737073
-3.19831 3.160069
-2.796737 2.107414
-2.587127 2.959678
-2.038031 3.476342
-2.265259 4.249293
-2.171113 4.912489
-2.298699 4.059611
-2.660027 7.588053
-2.315332 5.68162
-2.281631 6.602869
-2.750202 5.076462
-2.894707 4.83351
-2.467137 4.435709
-2.034824 4.055508
-1.965973 4.732812
-2.161843 4.969418
-2.233632 5.472485
-2.965631 5.983316
-2.591022 5.795925
-3.15574 6.670197
-2.723595 5.351404
-2.804121 6.471699
-3.002603 4.504853
-2.845807 3.536458
-2.713708 -1.689287
-2.624657 3.515447
-2.426523 4.197466
-2.365485 3.550256
-2.939609 4.331461
-3.094122 4.095043
-2.420192 4.36725
-2.729547 2.989017
-2.04444 2.961168
-2.114866 4.255663
-2.025128 1.906035
-2.230685 2.452761
-2.338474 2.560683
-2.521795 3.445319
-2.341153 3.186767
-2.777323 5.553713
-2.923282 6.50254
-2.877497 6.377993
-3.01099 8.092293
-3.698184 6.589201
-3.091507 4.722976
-3.362164 5.923072
-3.281717 5.805523
-2.42474 6.746141
-2.108256 6.801615
-2.830315 9.686944
-2.049138 10.10408
-2.38822 7.494657
-1.892421 6.790808
-1.52418 6.901644
-1.754584 7.130758
-1.689809 5.507419
-2.031847 7.552294
-1.87022 3.190768
-2.80058 1.880315
-2.991158 5.505703
-2.47855 4.378943
-3.333711 2.974991
-3.046578 4.11606
-3.002104 5.378632
-3.11809 6.337013
-2.852569 4.694155
-2.428878 4.311663
-2.682476 2.509331
-2.139749 5.639704
-2.353363 4.924336
-2.491094 5.978562
-2.469214 5.682971
-2.232793 5.005637
-2.694829 5.132735
-2.563953 4.823882
-2.195938 5.167219
-2.241933 4.920882
-2.327202 4.416898
-2.189903 6.548816
-1.868739 4.642383
-1.37546 2.973178
-1.594135 1.633019
-1.716039 1.41944
-2.140825 4.416302
-2.339076 3.602791
-2.860486 4.29971
-3.110408 3.21162
-3.286262 3.687558
-3.190852 4.131032
-2.977657 9.601421
-1.953105 7.663031
-2.387639 8.039823
-2.500172 8.413053
-2.576938 8.987621
-2.758365 8.492784
-3.022745 4.555144
-2.676328 4.024478
-2.317051 3.188198
-2.019381 4.506013
-1.693117 3.298113
-1.649996 3.589543
-1.434582 4.221222
-1.556159 4.193109
-1.677799 3.210742
-1.84603 2.954528
-1.713161 1.971296
-1.647424 2.225379
-1.861311 2.672007
-2.358289 3.805109
-2.051102 3.743471
-1.871829 2.88406
-2.069472 3.230111
-1.598535 3.278763
-1.534976 4.451121
-1.779748 4.14616
-1.78531 3.794148
-2.075419 3.61636
-1.72176 3.0562
-2.073301 4.165165
-2.378555 1.329737
-2.482948 2.477865
-3.00527 3.970769
-3.157942 2.190739
-2.617778 4.359116
-2.037071 5.059342
-1.726715 4.519235
-1.792232 5.425934
-1.629307 5.951644
-2.080215 -0.70465
-1.680593 0.8214331
-1.63596 1.30885
-1.611175 3.632731
-2.637865 4.416641
-2.481147 4.617381
-2.278125 3.302366
-2.042751 3.370125
-2.036455 5.062945
-2.226547 5.820432
-2.295139 1.911171
-2.452319 2.572489
-2.241719 3.18564
-1.831455 4.238924
-1.664231 4.070567
-1.751281 5.049447
-1.915509 4.231269
-1.877516 4.359434
-1.657167 4.419804
-1.83253 5.34605
-2.088904 7.424315
-2.529634 7.292923
-2.628641 6.818726
-2.541471 5.149798
-2.43357 5.09564
-2.109386 4.651183
-1.972822 4.057626
-2.378423 5.040136
-3.085889 3.821325
-2.803122 3.950119
-2.701567 3.964538
-3.218319 4.685134
-2.967412 4.621122
-2.812805 4.912627
-2.462744 4.141252
-1.866099 4.702081
-2.147885 2.382599
-2.628481 2.402062
-2.563795 2.923589
-1.520738 3.018761
-1.1975 3.333664
-1.332808 3.310073
-1.712271 3.694964
-2.074489 3.854647
-2.030794 3.120373
-2.680264 -4.560078
-2.447535 5.43989
-2.472858 5.47263
-2.680796 5.530768
-2.72744 7.462782
-2.889185 7.632617
-2.931991 3.29317
-2.462277 3.38269
-1.9298 2.497868
-2.279021 1.966504
-2.648674 2.00621
-2.035664 2.66493
-1.415549 3.296774
-1.475997 3.858794
-2.151522 4.36691
-2.135317 4.008513
-2.440356 4.346789
-2.375393 4.511724
-2.180843 4.234233
-2.031035 3.920608
-2.081054 2.385874
-1.910409 3.157537
-1.669099 2.621525
-1.654908 1.781753
-2.380675 5.381609
-2.470417 6.652336
-2.083439 6.823219
-2.257523 7.575824
-2.207719 6.576564
-1.936194 6.102031
-2.558795 6.077654
-2.12099 5.238087
-2.210306 4.696344
-2.092565 5.590431
-1.995756 5.510949
-2.113873 0.111509
-1.854997 1.489736
-1.885495 2.576855
-2.069743 2.945372
-2.008613 2.978507
-1.925983 0.6464454
-1.888097 1.189279
-1.689697 0.3606136
-1.891349 4.99457
-2.163388 3.388935
-2.17268 3.08883
-2.147509 1.706406
-2.54349 2.646541
-2.903032 2.616186
-2.836883 3.298562
-2.083833 3.705754
-2.398652 4.613328
-2.195444 3.158386
-2.115742 3.192838
-2.474763 3.564556
-2.80899 2.360253
-2.977754 3.514735
-2.729576 3.030831
-2.83441 1.853425
-3.191497 5.151032
-3.135781 6.259839
-3.22891 6.096458
-3.247421 6.164536
-3.212277 3.73543
-2.382688 5.13846
-2.724661 6.540343
-2.669302 6.838717
-2.98189 6.093763
-2.616287 6.086993
-2.279926 4.525169
-2.324178 1.651845
-2.214732 2.637379
-2.190299 4.072684
-2.229916 3.893566
-1.731338 5.292833
-1.756637 2.825486
-1.520479 3.751001
-1.688449 3.593194
-1.57938 2.66856
-1.593543 2.042351
-1.597916 4.088116
-1.607732 5.130684
-1.818176 4.403797
-2.307735 2.818234
-2.002632 4.050484
-1.878416 3.513843
-1.686287 3.969749
-2.244246 5.334195
-2.402739 3.146102
-2.412237 5.202875
-2.515733 5.416997
-2.40947 5.559067
-1.434036 5.365644
-1.798372 5.509891
-1.840452 4.52877
-1.953955 4.916885
-1.773021 7.594514
-2.0463 5.491166
-1.771318 4.914417
-1.962975 6.072021
-2.190649 3.543949
-2.091602 3.929719
-2.420073 4.475166
-2.909128 3.580615
-2.82551 3.374655
-2.88276 5.358181
-2.420557 3.827287
-2.74263 3.277528
-2.369207 2.786521
-2.328262 3.772598
-2.366724 2.60498
-2.219619 2.480117
-2.445439 4.477716
-3.101584 7.433313
-3.421973 2.766205
-2.479397 2.972924
-3.245727 5.150575
-3.323277 6.354275
-2.080679 5.854293
-2.57498 5.233192
-2.894161 2.162554
-3.011543 4.652556
-3.3263 4.929291
-3.780332 5.416445
-3.734182 3.678908
-3.942579 4.232838
-3.593155 4.20626
-3.283516 4.264489
-2.796855 3.926005
-2.957031 4.467359
-2.69586 5.728602
-3.341166 5.616472
-3.195052 5.78677
-3.362292 4.867417
-3.322487 4.684045
-3.586463 8.554151
-3.365791 5.074253
-2.734037 5.142737
-2.937415 3.908803
-3.016986 6.490541
-3.120236 5.504937
-2.749985 5.802261
-3.366364 5.794438
-3.447856 6.127813
-3.516786 3.898518
-3.266832 4.666707
-2.189278 2.930051
-2.025322 3.950734
-2.109024 3.570688
-2.402352 5.931502
-2.636916 5.083805
-2.687264 5.741829
-2.647228 4.840309
-2.713325 3.024404
-2.955436 4.474887
-2.779752 5.572643
-2.708365 4.89618
-3.03704 5.699094
-3.237147 6.648611
-3.698821 2.540886
-3.536682 7.405152
-3.645175 7.068492
-3.061226 9.674455
-2.908463 11.40373
-2.082352 9.526238
-1.583422 7.210858
-1.873145 6.955751
-2.195665 7.655679
-1.828073 7.568402
-1.783587 6.327779
-1.617789 6.355359
-2.559827 6.980577
-2.727518 6.275174
-2.532298 7.864931
-2.158717 7.02336
-2.16024 5.254877
-2.142317 4.836164
-2.506815 5.789368
-2.474157 4.886805
-2.451508 5.661688
-2.760251 5.940371
-3.292321 6.520348
-2.822827 5.593434
-2.711171 6.220152
-1.99168 4.391098
-2.129569 4.999808
-2.213626 5.031453
-1.921671 3.75315
-2.396884 3.223508
-2.666014 3.66503
-2.879301 5.775154
-2.946212 5.276028
-3.0814 6.082309
-3.44046 8.295857
-2.983303 6.418881
-2.696477 5.74707
-2.361764 2.792956
-2.603149 5.009974
-2.358825 5.832317
-2.145272 6.214811
-2.486498 5.679845
-3.248209 6.069155
-2.749951 6.765788
-2.953769 5.743579
-3.089709 5.119262
-2.751438 7.130802
-3.225205 5.673871
-2.918579 4.495234
-2.204499 4.558636
-2.529665 4.005485
-3.310886 2.155373
-3.222345 1.960165
-2.88682 5.14236
-2.836656 5.751868
-2.748924 6.6292
-2.447965 6.219697
-3.01796 5.547791
-2.840106 6.974114
-3.01287 8.931954
-3.613506 5.585223
-3.897116 8.17608
-3.48404 5.379577
-2.256285 4.439806
-1.41153 3.185067
-1.455806 2.663467
-1.379512 -10.12244
-1.45646 -9.296877
-1.898521 2.8233
-1.583734 3.827801
-1.688694 2.116829
-1.77049 3.247787
-2.323019 2.45344
-2.327892 3.31372
-2.053568 1.36554
-1.946765 2.168736
-2.232155 3.44523
-2.480286 2.882673
-2.72838 5.223785
-2.309226 4.272348
-2.446577 3.23311
-2.291844 3.293277
-2.168911 4.380457
-1.999743 3.262224
-1.72014 3.816421
-1.408023 2.249626
-1.274294 3.276553
-1.102479 2.959398
-1.298429 3.977823
-1.577841 3.558765
-2.727858 2.669811
-2.117781 4.588637
-2.578943 4.65194
-3.24164 8.091874
-2.921384 8.812381
-3.147533 5.847414
-2.498576 4.067273
-2.593389 3.590126
-2.251281 3.625498
-2.404879 4.484986
-2.789639 4.973759
-2.361246 3.801936
-2.136843 5.792454
-1.616884 4.587234
-1.240152 3.344329
-1.36581 2.198055
-1.839065 2.698134
-1.817246 3.547546
-1.54177 2.701667
-1.882103 4.341537
-1.613777 4.370514
-1.985847 3.693749
-2.314798 2.926497
-2.317178 4.146844
-2.980436 4.14992
-2.379886 4.764217
-1.96455 4.236793
-2.026166 3.29619
-2.004456 2.468974
-2.002722 2.070064
-1.840948 2.934502
-1.422705 2.86164
-1.629942 2.332675
-2.458119 1.675891
-1.708933 3.332517
-1.517935 1.0654
-1.730428 1.244494
-1.724656 2.219786
-1.832924 1.917352
-2.215398 1.715842
-3.10142 3.444513
-2.854821 4.393389
-2.852972 2.331047
-2.018628 2.555522
-2.297982 1.435394
-3.062383 2.886054
-1.72069 3.888937
-1.747496 3.353323
-1.33475 2.643917
-1.109528 3.57931
-0.6675003 2.479494
-1.376217 2.557855
-1.480521 2.511396
-1.390708 3.094837
-1.797734 3.402501
-1.967541 3.253396
-1.880523 3.279636
-1.700985 1.657174
-1.794695 3.303737
-1.954854 3.617243
-1.81535 5.11673
-2.304061 6.916756
-2.703713 5.608848
-3.049923 5.65563
-3.466276 5.645597
-3.366692 5.588266
-3.081816 8.195844
-2.561488 5.16267
-2.194496 5.571178
-1.85788 6.370802
-2.133308 6.832362
-2.728978 7.859893
-2.366211 4.847177
-2.206681 5.84219
-2.572252 5.845612
-2.528545 7.252465
-2.287641 5.150034
-3.10104 4.242811
-3.134509 3.727086
-3.449984 6.089711
-3.700575 7.87406
-2.91138 5.316937
-2.432847 5.884793
-1.801316 5.03866
-2.285357 3.04158
-2.081647 1.865731
-1.981089 2.701373
-1.666236 2.911282
-1.502564 1.846014
-1.862807 1.86961
-2.24637 2.340655
-2.15778 2.601442
-2.265035 3.746896
-2.25365 3.96088
-1.709673 0.83771
-1.801042 1.404975
-1.614067 2.360454
-1.264329 1.776034
-1.991849 2.479718
-2.814405 2.496315
-2.880602 6.230414
-3.154188 7.178269
-3.104108 8.676888
-2.973059 10.08568
-3.206777 9.505184
-3.432693 8.300273
-3.152481 5.678673
-2.530698 6.385266
-2.809657 7.565
-2.988981 6.989867
-2.615612 7.018811
-2.811158 7.22343
-2.52821 7.605316
-2.148647 7.850125
-2.465029 8.07367
-2.40276 4.751148
-2.214905 6.397923
-2.192864 6.672299
-2.626059 4.920721
-2.404086 5.382471
-2.014841 4.795903
-1.494615 5.101682
-1.851224 4.398936
-2.072906 4.286644
-2.314358 4.488372
-2.202914 4.336369
-2.266272 3.545382
-1.997922 3.716378
-2.398505 3.272018
-2.684168 3.292215
-2.386871 6.034116
-2.37562 6.120622
-2.375798 5.797414
-2.533567 6.002755
-2.58128 6.252074
-2.91809 5.609391
-2.460398 5.961259
-3.251598 4.411984
-3.524668 5.943595
-3.551402 6.469213
-3.037237 5.460418
-2.988275 2.89525
-2.664607 3.562428
-1.722345 2.302285
-1.990197 2.917773
-2.355879 2.657318
-2.869036 4.516421
-2.724248 6.126943
-3.305992 4.306515
-2.90512 4.905927
-2.783533 6.051624
-2.534982 5.864766
-2.741136 4.18659
-2.694479 3.864721
-3.021367 2.07684
-2.863007 6.279308
-3.468123 8.083706
-3.780355 8.039966
-3.322519 2.311246
-3.307507 3.793009
-2.441369 0.2544227
-2.266815 6.00075
-2.349282 6.287425
-2.158242 5.097526
-2.177741 7.015827
-2.999091 7.347509
-1.988991 5.629503
-2.010058 5.530405
-2.213496 4.665389
-2.450238 3.770888
-2.29831 4.49178
-2.396742 5.156312
-2.411631 5.316213
-2.450628 5.243671
-1.894822 3.769422
-1.845741 3.44153
-1.858396 3.673474
-1.532693 4.08264
-1.987106 5.654689
-2.071216 5.35233
-1.873894 5.681166
-2.048691 6.528856
-2.412967 7.016557
-2.558585 5.608913
-3.133479 6.703434
-3.088936 4.897577
-3.392118 4.184948
-2.123813 5.53497
-2.07557 5.929405
-2.076376 5.413348
-1.794642 5.081513
-1.871426 5.972428
-1.821209 1.134151
-2.421174 3.920098
-2.220885 2.923044
-2.81392 4.887121
-2.66555 5.747413
-2.915414 6.702064
-3.094408 6.858919
-2.739136 4.821411
-2.763747 4.819779
-2.687647 5.639841
-2.873786 7.735492
-2.711335 4.905264
-1.702684 5.750098
-1.855272 5.314265
-2.47946 4.250877
-2.30323 4.223629
-2.31363 5.002314
-2.432026 5.222456
-2.106009 4.870878
-2.229586 5.541604
-2.140247 2.488999
-2.192658 1.350605
-2.08145 2.440411
-1.653194 2.179914
-1.720441 1.004842
-1.74569 3.79682
-1.381172 3.450994
-1.3106 2.139621
-1.90706 4.285231
-1.617089 5.4472
-1.665804 4.382768
-1.604248 3.978711
-2.017187 5.356567
-1.646714 5.000667
-2.472047 2.14915
-2.526162 3.994053
-2.360343 3.31767
-2.8489 2.974966
-2.994857 2.264893
-2.401829 1.568989
-2.700099 2.597654
-2.629964 2.526478
-2.455593 4.925529
-2.725309 7.088925
-2.590292 6.561857
-2.279099 7.074236
-2.558779 3.056938
-2.465641 2.895414
-2.448041 3.770541
-2.468222 3.874917
-2.259159 2.964571
-2.213668 2.597655
-2.26728 1.563501
-1.925569 2.958424
-2.181941 3.433014
-1.840544 4.066568
-1.957912 4.217218
-1.980481 1.791842
-2.468636 2.147386
-2.387269 6.034137
-2.452166 6.043271
-2.624501 7.684667
-2.429426 8.331365
-2.714504 6.589409
-2.865942 7.344079
-2.854375 7.318039
-3.21856 5.810464
-2.561769 6.294617
-2.384209 5.608573
-1.913678 5.730468
-1.745791 2.806979
-1.738859 2.666662
-1.95363 2.714904
-1.630756 1.634593
-1.410002 1.072269
-1.532147 1.865608
-1.575847 2.242408
-2.157475 4.867597
-3.080813 5.023562
-3.501149 5.611442
-3.221324 5.778532
-2.764348 8.012071
-2.633178 2.659963
-3.241054 4.72206
-3.071301 5.268829
-2.643278 6.687479
-2.809785 3.332217
-3.257691 6.337641
-3.309385 6.947142
-2.621948 5.749225
-2.974086 5.036433
-2.706882 4.770185
-3.07758 4.362983
-3.197268 -1.300204
-3.109389 3.825396
-2.965218 3.190499
-2.990888 4.272063
-2.45499 5.471472
-2.845287 6.842872
-2.690482 7.748866
-2.276271 4.098556
-2.326272 4.024707
-2.181283 3.111168
-2.688566 2.911816
-2.677355 5.819369
-2.678038 3.799094
-2.995363 5.465659
-2.578026 4.329736
-2.484231 6.805493
-1.634493 3.48444
-1.839739 4.330306
-1.977563 3.608543
-1.812158 3.478013
-2.161676 2.216242
-2.413321 2.404802
-2.487585 3.231861
-2.538791 3.435677
-2.744993 4.447014
-2.681699 5.963657
-2.778147 5.898871
-2.531311 6.349574
-2.537682 5.646952
-2.928197 5.493008
-2.635624 4.527091
-1.994959 5.49758
-2.480442 5.37161
-2.840484 4.62941
-2.957708 5.360739
-2.655949 5.632401
-3.653216 5.73939
-3.444032 5.916961
-3.034185 5.979442
-2.520596 6.408251
-2.377835 7.58554
-2.215965 9.202178
-2.479339 8.445076
-2.771067 6.40665
-2.481421 5.113304
-3.140494 6.656981
-3.326095 6.466937
-3.843997 5.972733
-3.46298 6.026989
-2.511279 5.809679
-2.901926 6.237566
-2.823934 6.507827
-3.2314 6.460539
-2.809455 2.850642
-2.979427 5.137575
-3.178734 6.577998
-2.311204 6.194605
-2.67449 1.451536
-2.407121 1.419799
-2.216217 2.809629
-2.308411 2.420339
-2.441182 3.373529
-2.170043 4.575371
-2.225179 4.047993
-2.091621 4.922464
-2.051435 3.235291
-1.910826 2.090324
-2.107115 3.012221
-2.092432 5.922493
-2.316992 4.227097
-2.132027 4.138802
-2.067822 4.490523
-2.391342 1.854589
-2.026159 6.625536
-1.950877 6.33782
-2.0145 5.584219
-2.389266 3.799766
-3.150652 4.77853
-3.013433 4.986209
-2.74645 3.111304
-2.716321 6.152424
-2.6294 3.976499
-2.884277 4.215779
-3.032432 4.43087
-3.092702 5.373221
-3.116616 9.955447
-3.201241 10.47305
-2.874435 8.368325
-2.68899 8.905899
-2.163185 6.993524
-2.034547 7.290349
-2.629863 7.952751
-2.770763 6.23252
-2.269819 1.031086
-2.236681 3.794587
-2.409383 5.674149
-2.436519 4.555418
-2.34277 6.791276
-2.300232 2.953378
-2.18804 0.6050525
-2.207869 3.844058
-1.965654 5.325224
-2.3783 4.225785
-2.209883 2.864135
-1.867271 3.870805
-1.735586 3.436948
-2.116656 3.717422
-2.279532 2.915177
-2.090142 3.66326
-1.935371 2.867504
-2.004591 2.433689
-1.99399 2.973279
-1.963212 2.725956
-2.255947 1.892071
-2.084237 3.374986
-2.085259 4.175819
-2.801734 4.970851
-2.865504 4.681548
-2.373729 4.137008
-2.936636 3.764472
-2.083178 4.782611
-1.708895 4.349441
-2.070795 5.587025
-2.444055 4.780192
-2.183205 7.151073
-2.384731 5.877526
-2.451046 6.144923
-2.272626 5.851724
-2.324339 5.304607
-2.96766 6.060578
-3.25756 4.328664
-3.568743 5.749948
-3.264746 2.754721
-3.281283 4.066322
-2.737413 5.446515
-2.748583 6.043251
-3.396296 4.782597
-3.478213 5.544244
-3.392337 8.00679
-2.693287 6.535556
-2.965766 7.426616
-2.641919 6.145387
-2.860611 7.067339
-2.2427 6.923127
-2.028558 6.546089
-3.253563 5.197578
-3.2655 3.812307
-3.607863 4.743927
-3.293405 7.830761
-2.952496 4.826175
-2.791836 6.369751
-2.75279 5.159363
-3.156795 4.737987
-3.10047 2.68235
-3.083034 5.234429
-2.641907 2.215327
-2.701937 1.970588
-2.332581 7.056449
-2.535166 5.09021
-2.8193 2.549995
-2.299601 3.809211
-2.649604 2.816825
-3.267428 5.441997
-2.684067 6.897756
-2.366725 4.429681
-2.610792 4.515385
-2.460633 5.914576
-2.372294 6.538997
-2.61575 6.572842
-2.175041 7.093923
-2.155958 5.89354
-1.670079 5.945938
-1.637384 4.858169
-1.788935 3.464407
-1.833675 3.518299
-1.612229 4.627285
-1.610303 4.251604
-1.767278 3.553702
-1.712375 3.675426
-1.933596 3.05616
-1.789841 4.245237
-2.03046 4.047563
-1.919665 2.451607
-1.702174 3.079466
-2.249844 2.767492
-2.158714 2.792304
-1.6166 2.546332
-1.260239 2.36694
-1.154782 1.398717
-1.246018 1.940314
-1.300143 2.189181
-1.636065 2.849454
-1.892136 1.976628
-1.863993 4.120445
-2.595911 4.69745
-2.170753 4.741296
-1.668975 5.769472
-1.685268 1.608301
-1.564967 1.966573
-2.085782 -4.67103
-2.646383 -9.308713
-2.227805 3.916538
-2.671576 3.440089
-1.955635 3.167543
-2.015126 5.642553
-2.24319 7.619287
-3.158356 9.722717
-2.498394 6.593243
-3.100833 7.170175
-3.371346 5.891543
-2.665494 5.367744
-2.490936 5.233202
-2.520657 4.879609
-2.699392 3.584654
-2.233469 3.732385
-2.179996 4.75594
-2.138794 3.680052
-2.568413 2.35105
-1.990243 2.146488
-1.697277 1.124517
-1.807429 1.21684
-1.768181 2.043897
-2.276571 1.774321
-2.547005 2.389448
-2.598537 3.05318
-2.646031 3.133317
-2.328182 8.432688
-2.516771 7.969717
-2.5393 4.928279
-1.927129 4.891313
-1.784021 4.219931
-1.59825 5.324428
-1.815443 6.934784
-0.9050509 7.190447
-1.036594 5.555645
-2.285113 4.945489
-1.624176 4.492402
-1.895151 4.157268
-1.980697 4.768911
-1.810543 4.959939
-1.933573 5.389853
-2.362366 5.542873
-2.73979 4.257556
-2.893021 5.69738
-3.086559 5.744633
-3.242743 6.001099
-3.49411 8.574637
-3.405174 5.437086
-3.720993 5.645794
-3.684389 6.297826
-3.35522 6.462689
-3.182502 4.006005
-2.536906 3.288668
-2.047074 5.52703
-1.571814 6.076921
-2.219097 6.619684
-1.829807 6.613151
-2.485227 3.804895
-3.284946 2.585618
-2.700965 4.294744
-2.161035 4.24993
-2.19297 7.728331
-1.961985 8.910892
-2.22542 4.351356
-2.1807 6.377378
-1.979117 7.611281
-1.906733 7.392619
-1.918894 6.62103
-2.770004 5.467649
-3.023691 7.376858
-2.830006 8.939732
-2.739634 3.515798
-2.344291 3.123736
-2.558324 3.231704
-2.482898 3.296877
-2.08571 3.427877
-2.046648 3.378152
-2.629505 1.317364
-2.406341 2.206609
-2.036971 2.787591
-1.980197 3.776159
-1.998253 3.781562
-2.259385 2.925361
-2.6258 4.244986
-2.973136 4.353113
-2.963867 4.336551
-3.10526 5.055483
-2.538679 4.641537
-2.701957 5.592578
-2.635613 2.140782
-2.931838 4.1594
-2.29683 2.706476
-2.402722 2.53503
-2.189241 3.60019
-1.871297 2.678161
-1.786666 1.544146
-2.12825 2.27761
-2.297039 2.775176
-2.290447 2.815234
-2.034014 2.959739
-1.888779 3.287465
-1.559573 0.9851686
-1.633365 2.039293
-1.505974 2.202198
-1.448533 1.388581
-1.791605 1.805157
-1.948611 0.813097
-2.525106 3.357598
-1.768864 4.629214
-1.888941 3.92524
-1.818281 2.202212
-1.809004 2.813737
-1.927417 3.789262
-2.02602 5.457509
-2.278361 4.684642
-1.955031 4.177332
-2.008593 4.742732
-2.582406 4.793462
-2.610496 4.893644
-2.823128 3.986311
-2.035618 5.513766
-3.001655 5.2481
-2.778979 6.079142
-2.591356 3.069585
-2.826729 1.946011
-2.475126 4.03459
-2.596193 6.856503
-2.373185 7.091031
-2.622262 8.467856
-2.19787 7.845138
-2.842637 6.319584
-2.488292 4.495597
-2.353688 5.478581
-3.375876 4.754501
-2.933187 4.268786
-2.573201 3.063486
-2.578317 3.589646
-2.246341 1.411268
-1.822165 1.886912
-1.789314 1.498014
-1.616741 2.367094
-1.824117 4.012527
-2.202081 5.333314
-2.417979 2.134764
-2.668527 2.901519
-2.757081 1.981753
-2.410073 3.100044
-2.456049 4.230542
-2.445 3.780736
-2.714819 4.591501
-2.353625 5.975621
-2.323027 4.095184
-1.898483 4.468658
-2.648805 4.371382
-2.26937 4.811823
-2.285568 4.553764
-1.54302 5.246538
-1.842268 3.884181
-2.617948 3.529654
-2.077935 4.764753
-2.363881 3.32014
-1.915652 3.722532
-1.791532 3.897609
-1.763273 4.252256
-1.934296 3.941987
-2.197455 3.933644
-2.856049 3.677681
-2.913413 4.101851
-2.790432 4.623727
-3.066331 5.027848
-3.285543 4.8233
-3.023728 2.34418
-3.070279 6.586949
-2.918016 7.880456
-2.309723 7.281316
-1.999737 7.992176
-2.369924 7.839862
-2.62797 6.910314
-2.684043 4.933673
-2.632919 5.299467
-2.824693 4.621235
-3.257943 4.25386
-2.775599 3.880791
-2.835748 5.14762
-2.645485 5.49571
-2.81261 6.022476
-2.973534 4.117979
-3.095053 5.224686
-3.086268 4.826393
-3.195657 4.494246
-2.985791 3.486561
-3.144306 2.317528
-3.306159 2.715828
-2.764665 4.15231
-2.534332 4.278379
-2.566691 4.736421
-2.768885 5.869477
-2.527138 4.881977
-2.18296 5.606832
-2.570811 5.739939
-2.812742 5.372538
-2.641308 6.286019
-2.768165 6.195206
-2.578898 6.452123
-1.923547 2.979412
-3.241605 5.066444
-3.203667 7.472079
-3.048961 3.648703
-2.704706 5.227829
-2.888453 4.482578
-2.960108 2.389064
-2.419306 3.980114
-2.375749 4.975109
-2.5822 3.9733
-2.195818 4.305807
-2.171019 4.429906
-2.643113 5.334058
-3.452547 6.332664
-3.551497 9.073019
-2.682129 10.58021
-2.344188 6.911141
-1.885197 6.592548
-2.234481 5.798227
-2.305359 5.548072
-1.860538 6.579613
-2.380133 6.06883
-2.472229 6.060447
-3.194921 4.553362
-3.153841 5.77203
-3.582091 4.485569
-3.350869 3.969691
-3.371109 5.171346
-3.536021 6.027542
-3.478923 6.339928
-3.404955 6.413283
-3.674809 6.167685
-3.28111 4.809069
-3.139435 6.999998
-2.866611 9.846617
-2.80758 11.28966
-3.195711 9.609682
-3.074906 7.022731
-3.466463 3.445646
-3.139774 7.378304
-3.452264 7.687981
-3.06771 8.971597
-3.497129 7.591563
-2.940558 8.353653
-2.905654 7.944812
-2.209187 5.308575
-2.58586 4.922858
-2.651075 3.242283
-2.36906 4.110643
-2.85406 6.327116
-3.046225 6.753902
-3.075582 3.490063
-2.827265 6.7615
-2.133372 3.134276
-1.944244 2.93162
-2.12987 2.06901
-1.952645 2.966945
-1.985095 1.883982
-2.192842 2.155734
-1.796746 0.929886
-1.726456 1.23614
-1.851683 1.331045
-1.472195 3.607919
-1.765946 1.689063
-1.679796 2.302787
-2.736944 5.465532
-2.610954 6.623537
-2.954096 7.103503
-2.697485 2.306463
-2.110527 6.005806
-2.178204 2.804199
-3.085934 4.587225
-2.461291 3.236064
-2.967869 0.4549855
-2.707361 5.649674
-2.19839 5.562582
-2.876212 7.026172
-2.71288 9.016541
-2.484591 5.58737
-2.186714 4.791
-2.393087 5.541765
-2.567636 4.266901
-2.555884 5.468171
-2.84243 4.686881
-3.392452 3.824993
-3.335236 6.51969
-3.193771 6.70719
-2.695986 7.450387
-1.993862 5.23623
-2.531693 4.905823
-2.820572 7.383949
-3.16487 7.741204
-2.57968 5.516793
-2.082763 6.273858
-2.276166 5.579239
-1.985232 4.544223
-2.982783 2.583975
-3.586975 3.644088
-2.299399 3.707082
-2.740065 3.449046
-2.959116 4.958261
-2.173986 5.088049
-2.658937 4.122868
-2.331569 3.310552
-2.729587 1.849765
-2.839994 2.79738
-2.719431 3.317791
-2.957758 2.348154
-2.964358 3.325874
-3.439304 2.647932
-2.9011 4.99686
-2.626595 5.058939
-2.735001 3.950004
-2.628618 4.049288
-2.396261 6.609927
-2.044706 3.363463
-1.316648 1.704008
-1.666281 1.859662
-2.263943 3.206817
-2.475256 -0.8213166
-2.365024 1.550877
-2.782557 10.95498
-2.180517 5.355541
-2.272299 5.485898
-2.717044 5.258015
-2.767736 6.387308
-2.346047 5.650447
-2.301194 4.849538
-2.09425 2.984163
-1.884608 2.022837
-2.234204 1.580668
-2.403317 3.43412
-2.192751 3.675192
-2.401604 3.85933
-2.181669 4.214575
-3.561719 3.835808
-3.632559 2.682909
-2.735467 4.038658
-2.089248 2.509456
-2.091221 2.077836
-1.876516 3.190266
-2.05406 3.266713
-2.167479 4.16716
-2.02042 3.529927
-2.386136 4.34206
-2.642593 9.628147
-3.713468 6.18908
-3.283271 7.053886
-3.062956 5.741679
-3.414172 5.835989
-3.616743 5.6937
-2.926701 6.335169
-2.556295 4.4321
-1.945307 2.940847
-1.70375 2.315744
-1.609546 1.580531
-1.549883 2.143413
-1.826367 1.962052
-2.214423 2.575464
-1.37896 2.407063
-1.358027 3.027119
-1.487954 3.671221
-1.56647 3.987217
-1.986366 4.343565
-2.235323 0.4916676
-2.062758 4.502954
-2.789929 5.102516
-3.751801 7.315669
-3.18086 9.052084
-2.934522 7.462219
-2.940601 5.812735
-2.589519 7.814799
-2.466922 6.307933
-3.097403 7.914592
-2.952568 5.937332
-2.869877 5.852882
-3.081872 5.076539
-3.221222 2.714015
-2.787021 3.747843
-2.744811 3.038895
-2.638704 6.357571
-2.049161 6.415088
-2.466484 5.731037
-2.198352 5.614958
-2.728545 4.800716
-2.614044 3.042394
-3.391403 6.882906
-3.128126 5.800281
-3.066447 5.355841
-2.994099 7.192554
-3.364248 6.227582
-3.615467 5.638441
-2.933676 5.00788
-3.082053 5.38665
-3.244916 6.761854
-3.668131 6.888533
-3.179676 7.907085
-2.879653 7.214645
-3.10882 6.08726
-3.504638 5.992265
-3.53734 5.639892
-3.797974 4.8513
-3.086937 7.698647
-2.685145 8.078196
-3.433146 5.407508
-2.413807 5.153377
-2.031999 3.760069
-1.98615 5.145262
-1.928745 4.142054
-1.840774 3.191412
-1.361996 3.250684
-1.748921 5.237227
-1.518256 6.169786
-1.442456 5.229524
-1.967384 4.905047
-1.918952 4.542876
-1.455547 2.155464
-1.638641 2.70133
-1.710658 2.550539
-1.591557 3.340697
-2.195754 3.39456
-2.000954 4.611507
-1.775226 3.227988
-1.745232 1.048646
-1.808011 1.651558
-1.442686 1.411623
-1.868117 1.818155
-2.284594 1.468986
-2.093971 2.586578
-2.13314 3.472677
-2.097895 1.805824
-1.885379 2.440345
-2.013454 4.770865
-2.028796 5.233767
-2.068145 4.252285
-2.05883 2.390264
-1.385733 2.834242
-1.904831 3.171513
-2.090752 3.862851
-1.96126 4.325242
-1.999502 4.583231
-2.369617 5.027736
-2.385229 5.226789
-2.422158 3.578847
-2.468331 6.365065
-2.590032 5.894325
-2.353598 4.784668
-2.143631 6.157167
-2.269349 6.226005
-3.09022 5.333318
-2.905766 3.407028
-2.920828 4.368992
-3.589067 5.142529
-2.509158 5.050492
-2.938585 5.795341
-2.811289 10.74757
-2.518667 7.567728
-2.325859 4.96641
-2.438683 5.836863
-2.443608 6.585743
-1.846015 3.995836
-1.662087 3.81724
-1.887745 3.918989
-2.235887 4.621246
-1.494386 4.818471
-2.127751 4.206215
-2.831546 3.983315
-2.538239 2.091312
-2.821713 4.479813
-2.873029 4.40534
-2.423786 3.33315
-2.724229 4.063635
-2.400635 4.35701
-2.448429 4.234042
-2.039929 5.839527
-2.150776 3.925803
-1.828055 4.848226
-1.81474 3.946733
-1.42447 4.667408
-1.673446 1.936842
-1.742819 2.983659
-2.113844 3.965289
-1.914734 3.953024
-1.9072 3.425608
-1.523426 4.222094
-1.368464 4.21041
