"comp1" "comp2" "comp3"
0.1348943 0.5395891 0.1793485
0.5898903 0.2723812 0.6399363
0.3360186 0.2240715 0.2614899
0.05561241 839.0235 0.311847
0.1369397 0.04433194 0.1423877
0.2740138 0.1822547 0.6846769
0.1630189 25.15374 0.05870325
0.2627943 1.487901 0.1833033
0.7798881 0.1342966 0.7394805
0.3442411 58.86384 0.3865177
0.08245624 10.14873 0.0211817
0.2171915 1.498785 0.4792965
0.181641 4.508067 0.344572
0.1893943 0.08587228 0.101169
0.178727 2.624386 1.201036
0.1960681 0.0161995 1.723396
0.06741349 1.282249 0.2986954
0.1115275 1.912639 0.143042
0.09974992 2.348619 0.03157508
0.4245762 0.5260916 0.2680616
0.225923 0.9275789 0.4203597
0.1670016 23.03772 0.3331162
0.3519084 0.5524913 0.1381714
0.158739 0.03215171 0.2814534
0.3773849 112.8197 0.04733642
0.1478928 34.67666 0.5403747
0.1253957 12.01242 0.156495
0.1603507 0.6054241 0.1246469
0.2482749 2.212482 0.79894
0.1050689 7.063007 0.5459494
0.1952945 36.36611 0.1353346
0.2399081 33.26643 1.963484
0.2602107 0.0333715 0.9003953
0.05597791 0.4435783 0.2302866
0.384815 2.567209 0.6478922
0.2142476 6.883042 0.3820256
0.1520779 0.3246961 0.1744902
0.06764454 88.53359 0.03289025
0.1593345 6.160485 0.9407856
0.06408872 3.693949 0.5298331
0.07964448 0.4968502 0.1532206
0.05695966 10.77647 0.4868345
0.04622257 0.1010542 0.3620913
0.3106192 1704.185 0.08887246
0.2115769 35.94467 0.04206932
0.04646989 11.97994 0.7285428
0.06238924 0.6200055 0.1660353
0.6994075 0.8455203 0.05139571
0.1279898 9450.008 0.48744
0.2555906 0.02110627 0.3819885
0.08271468 0.2503638 1.84619
0.1167169 2.221156 0.2684535
0.4226478 0.09405872 1.335251
0.1624229 2.378564 0.5685867
0.06093032 0.02378223 0.3895789
0.07354112 7.271279 0.2801135
0.8280285 12.72993 1.719936
0.2718775 0.6029406 0.4061142
0.1247722 3.009438 0.263456
0.2990718 55.06992 0.8259355
0.4722384 1.212203 0.1915829
0.0771536 18.22787 0.1835819
0.195329 12.98292 0.5337353
0.1935174 47.5541 0.4469684
0.5946961 12.44826 0.4519884
0.3477397 0.1717883 1.925574
0.08209133 0.3785333 0.03483756
0.3810635 19.48905 0.07833704
0.2483292 0.3149143 0.923365
0.4027012 0.2926826 0.4122702
0.09317251 14.78086 0.4512468
0.1828121 1.006384 0.4217752
0.2797444 15.41544 0.2239151
0.1737596 0.9188163 1.608082
0.5056384 1.29667 0.04045359
0.1019173 0.6977797 0.5862993
0.1940113 82.62641 0.04776216
0.1015617 8.404701 0.06003461
0.3874356 3.30059 0.7897832
0.2482386 0.5851514 0.2990522
0.07132322 0.8464034 0.2922448
0.03420495 27.73774 0.02654264
0.04563751 0.1418934 0.3776857
0.2530217 0.4744391 0.2840805
0.05639905 3.336102 0.0479886
0.656195 0.6237464 0.2528648
0.3437471 0.07207898 1.912693
0.2424339 5.258736 0.9575623
0.3496627 2.598457 1.055466
0.192842 0.1300743 0.5271978
0.2751441 19.81937 0.05492201
0.1010419 4.57681 0.3741796
0.06970687 19.48543 0.230864
0.2527146 47.84611 0.1734539
0.2331705 0.02678349 0.1777729
0.3200766 0.06172375 0.1927405
0.2910284 2.770315 0.274727
0.08257365 0.04798264 0.1667867
0.7131459 71.66887 0.04161316
0.1955843 18.48206 1.236902
0.2450338 0.03472399 1.206022
0.4073029 0.07846028 0.06855882
0.8368168 0.3853686 0.6792913
0.2115475 0.3317803 0.1910895
0.1444009 1.624422 0.9917292
0.1669801 0.6875869 0.2172636
0.2499252 2.653982 0.519868
0.1192666 0.1097209 0.4712807
0.540201 9.261589 0.4199382
0.6261124 0.04352693 0.1403365
0.09477847 0.530681 0.6746107
0.7102361 13.81614 0.2510615
0.6871494 0.7115882 0.1274317
0.1071372 2.748745 0.2564549
0.2968511 1.143829 0.5047602
0.1448296 4.890056 0.6404677
0.1024798 0.5737988 0.8343942
0.07210524 0.1138168 0.593887
0.09016546 0.5677828 0.4209326
0.1685813 0.321643 0.2646704
0.1392641 0.09580844 2.830645
0.05199202 0.2398955 0.07863956
0.1811121 0.04724121 0.7219763
0.06971823 0.5702338 0.4679296
0.07216206 0.1497883 0.01645366
0.2364486 7.653348 0.0638315
0.09743885 0.4059392 0.3132662
0.1319944 0.1668294 0.3106814
0.2447806 94.12479 0.1410399
0.4539865 0.1776867 0.8763175
0.04338678 27.4851 0.230754
0.06054252 7.466915 0.1001543
0.09266215 0.2646309 0.5093506
0.1019951 64.84623 0.08519334
0.1988505 2.421225 0.9452456
0.2934735 0.4249653 0.1274002
0.1367373 11.26334 0.9658393
0.2994481 0.1918288 1.243662
0.1640969 0.8451609 0.9200309
0.05223738 94.05475 0.4997579
0.2784702 18.34745 0.3142795
0.3278359 0.3932583 0.2892115
0.4613056 10.86923 0.4297323
0.7886018 1.246217 0.5537842
0.1407707 1716.642 0.2347659
0.36317 23801154239 0.1546751
0.09913298 1.288455 0.402868
0.1140718 0.06030888 2.360727
0.5376954 0.2375579 0.2398489
0.3027246 3.012184 1.211957
0.07072469 0.07245098 3.429075
0.05590777 0.3080954 0.2224523
0.2674788 2.112943 0.7719467
0.3211988 385.6909 0.09102851
0.06197284 3.41051 0.05632536
0.2538031 0.4486101 0.1431835
0.1966845 4.691791 0.9963195
0.2581261 0.6522309 0.2766962
0.1702718 0.8956163 0.1437345
0.7771721 2.360097 0.5366254
0.4490712 5.260989 1.3063
0.2123752 0.07722683 0.307254
0.2684353 1.006061 0.6253243
0.4494048 9.035106 0.1220816
0.1833635 0.7144007 1.13801
0.355748 0.05931889 0.0798891
0.1191338 0.2035669 0.3025268
0.48466 0.04060268 1.30399
0.09633404 0.09082861 0.5336163
0.4342887 0.5663335 0.3260507
0.1518129 176.4058 0.2072667
0.08371419 0.5424358 0.707105
0.8771541 0.1754428 0.3936404
0.491184 115.4837 0.1630648
0.2246231 2726.479 2.699773
0.1730583 2.713696 0.6364114
0.8805401 8.411852 1.231307
0.2524284 7.428489 0.0383826
0.09309753 3.075979 0.1425303
0.6000315 21.99904 0.05902815
0.1154468 4.039814 0.2135276
0.1946335 0.1509575 1.151792
0.2297973 0.3455029 0.2379651
0.09128055 0.0529309 0.1597925
0.08838808 199.7663 0.4180653
0.06997767 1.167586 0.1124043
0.2342253 0.08792118 0.5033009
0.1201979 265.8571 3.530494
0.2623777 12.97891 0.07462778
0.3275434 1.675273 0.4426169
0.0335828 2.447757 0.7106587
0.1233733 7.346628 0.6238689
0.3053899 0.3363583 0.4884966
0.09550086 19.04732 0.6751749
0.09182026 0.08806116 0.1556388
0.415486 1.527333 1.663326
0.5747989 0.9341947 3.244038
0.2908173 6.477524 0.1813627
1.110745 0.2554224 0.4079463
0.2613575 2.363217e+12 0.2029243
0.1984584 0.9815958 0.116757
0.1839914 1.222249 0.02675112
0.6746194 0.2065685 0.5406185
0.06218012 0.4076609 0.1559522
0.2993237 0.2723503 0.8518614
0.4244757 0.07407302 0.781548
0.1833596 0.06960263 1.048902
0.1966868 1.531432 0.6639149
0.243776 0.5686366 0.22088
0.05082901 0.2259179 0.09332784
0.1840544 0.05429064 0.1207785
0.1020593 18.31405 0.9161297
0.1896009 0.2340332 0.1567449
0.2279315 11.32236 0.508832
0.3110711 0.73865 0.1336637
0.2605906 0.5304105 0.08536586
0.1746802 2.508859 0.3168454
0.04970178 1.671418 0.05918291
0.2920108 0.685942 0.08182622
0.1160203 0.1071686 1.283972
0.2288626 0.08271851 0.0145091
0.1014919 38.45165 0.1742707
0.4748187 3.461626 0.9987416
0.05265525 5.423825 0.9439269
0.05424395 0.0299434 0.6109946
0.05559502 0.1946736 0.02216217
0.7832497 0.05562904 0.2922204
0.1387935 17.17232 0.1058283
0.1154819 0.5480597 0.8258709
0.1318947 7.303969 0.08306441
0.8677919 0.7724287 3.547204
0.3361964 1.123248 0.184426
0.2045515 33.64613 0.109474
0.1769887 0.2906143 0.9758389
0.04913608 2.568292 3.213043
0.08358949 1.413923 1.115138
0.1358355 1.844593 0.3517543
0.1341438 65.58325 3.210149
0.1584861 0.3933131 0.04438137
0.08172485 0.4165109 0.7050869
0.1186376 1.573133 0.4092301
0.1658486 8.927828 0.2159797
0.1717014 946.0996 0.2422179
0.5991532 0.0254181 0.4840015
0.160362 0.5321126 0.09025102
0.2472586 11.75526 0.4038009
0.07110499 0.9663889 0.1407389
0.06872428 1.386366 0.1240916
0.3385453 3280145 0.6946114
0.1366947 0.2180847 0.08840783
0.2395234 175777.9 0.05166848
0.430232 41.80613 0.269813
0.5310279 2290.022 0.1525553
0.1350365 0.8521362 0.3883026
0.1227867 0.1327239 0.144002
0.1952777 0.03414527 0.8874586
0.3331336 0.543141 1.103999
0.1122459 1.09465 0.1945088
0.2591651 1.24919 0.3944778
0.1334349 3.077807 0.2645647
0.2100945 116.1846 0.6271852
0.06038789 2.934909 1.3005
0.3400947 0.3112282 0.4245486
0.09845573 0.2286015 0.3665505
0.06823478 0.7832828 1.476963
0.08061512 5.507314 0.3948981
0.1405809 0.0372572 0.4787696
0.2205921 0.9676065 0.2963458
0.3243412 27.64301 0.1319511
0.08123674 1.824759 0.5950247
0.09647225 3.155065 0.1442379
0.1502551 0.1862574 0.2497183
1.094627 0.04611432 0.300239
0.261534 0.177825 0.6452138
0.06331265 0.0643686 0.1524978
0.04467026 0.3014327 0.2219294
0.09309317 13.62096 0.6219448
0.158347 6.262511 1.206955
0.1369036 0.4926607 0.1146446
0.3495141 0.8287493 1.93628
0.2061223 19.89661 0.1297685
0.243364 0.5257128 1.030884
0.2334661 89.1876 0.03983058
0.1393166 0.1653672 1.010131
0.152082 0.09732616 0.7491816
0.264626 0.4329715 0.2089629
0.5766413 1.114162 1.402165
0.1497923 0.9839044 0.03008804
0.1682203 0.6300918 0.7381726
0.2623382 0.7001461 0.4336849
0.2359538 0.1005833 1.623146
0.1661456 0.1748278 0.4135231
0.2919097 5.362007 0.4420246
0.171262 20455352311 0.4290013
0.349305 1.141607 1.25534
0.07388814 493.0685 1.724668
0.1757661 60.99108 0.02655246
0.1609324 40.76755 0.566582
0.2550464 0.175067 0.924263
0.1116168 2.088129 0.84978
0.127039 11.19444 3.301939
0.03375833 1.445343 0.3762949
0.2585886 15.68226 0.2276792
0.1406806 0.3979693 3.043521
0.1398073 0.6398606 0.06689452
0.1552333 0.3358247 0.561139
0.2294048 0.1088473 0.5470053
0.06508533 0.614438 0.3273711
0.08427851 0.05382158 0.8688546
0.2924476 56.22502 0.3402507
0.1696617 0.6319558 0.8590864
0.07409432 182.7159 0.01824578
0.1570413 18.58364 0.04396054
0.63426 1.451076 0.9803171
0.3286196 58.16891 0.06613924
0.1711947 0.705186 0.3730574
0.1878855 7.084519 0.9151179
0.1888937 1.02212 0.3405555
0.1119466 22.73948 0.1789251
0.151724 20.63212 0.2416771
0.0451131 2.439148 0.9107475
0.1141177 3.142946 0.2137254
0.3219755 2.16682 1.204369
0.6465271 46.49723 0.2954958
0.1744082 0.3590551 0.9903127
0.2394016 0.3962921 0.5469329
0.1496455 2.257043 0.234947
0.0468814 0.06020781 0.2468147
0.1155045 0.13018 0.0667192
0.1872403 0.945739 0.9325393
0.07649691 9.700523 6.636429
0.6839703 11.96865 0.7663039
0.1852867 441.1359 0.6066723
0.1236125 0.320477 0.1719955
0.20443 0.2091973 0.5991333
1.665305 0.3367999 3.096587
0.1241115 0.02609975 1.53353
0.08878556 0.08333084 0.4960558
0.05232875 0.9059293 1.264766
0.2162379 2.361303 0.2761151
0.1746448 1.576336 0.4067865
0.09242565 7.41052 1.21543
0.6833725 179.328 0.02304632
0.1645834 0.8803879 0.449436
0.109637 0.1558854 0.07671089
0.08393523 0.09952404 0.06928818
0.3721324 29.02571 0.3713804
0.05973042 15.80426 1.273799
0.1577008 0.6815974 0.641731
0.08149587 0.6369587 0.5479885
0.1553389 14.49742 0.1314119
0.2224065 0.09931887 1.229254
0.1103816 0.07490814 0.3126302
0.1867969 0.3039393 0.6921587
0.8404857 16.79716 0.7030856
0.776041 0.3444408 0.1401307
0.1682662 0.3077638 0.1567822
0.3148337 0.1760509 0.4541814
0.2576767 0.04768678 0.8907496
0.05628305 0.716546 0.6122008
0.144823 152.363 0.08219372
0.1954722 4337.439 0.1036734
0.2863428 5.400097 0.09885128
0.130287 0.06324777 0.3100319
0.08091901 4.025237 1.109141
0.6413527 0.8316575 2.249823
0.9902937 0.0654908 0.484288
0.07449208 39.7413 0.3292231
0.02926062 5.668929 0.2375079
0.1686573 0.02934227 0.05274914
0.02742503 0.07044457 0.03775689
0.3665817 11.76677 0.2238268
0.4016491 17.71991 0.09156307
0.09462158 0.1388347 0.5676392
0.2033 0.2034488 0.1218582
0.3269538 6.003349 0.3288649
0.1413872 66.45445 0.09707339
0.1035695 0.1247612 1.129589
0.1713327 0.2931813 0.4563195
0.1224206 0.04976182 0.05618516
0.1785491 1.087611 0.02770063
0.492812 14.09029 0.1891736
0.07585979 0.3038842 0.02434585
0.2680295 9.128083 0.4852834
0.05886888 3.041642 0.061412
0.06096631 1.632306 0.09541265
0.269902 0.4086845 0.1252076
0.1598247 32.07583 0.2926658
0.6363525 0.2390475 1.549094
0.02744816 0.3341509 0.8099555
0.6186278 3.220807 0.986483
0.08259653 176.2609 0.2281973
0.07132061 1.043705 0.2578446
0.1824936 11.18336 0.2675779
0.1875431 1.120887e+15 0.4707733
0.2395582 99.45845 0.6036838
0.1198858 84766.68 0.05289041
0.2495982 0.09163175 1.922664
0.06269472 0.2760387 0.5106974
0.2592962 3.478721 0.1180663
0.1488927 1.618544 1.688019
0.09480878 0.7050673 0.03615513
0.4178938 0.0405125 0.331558
0.07924653 17.16243 0.7301564
0.04912795 7.425154 0.01334008
0.1265379 0.04790227 0.03795198
0.1913856 107492.8 0.1211418
0.1054889 26.54149 0.493392
0.4586933 0.3387082 0.01418002
0.2260145 1.051665 0.06614719
0.1307219 13.42732 0.2992597
0.4573059 2.074867e+38 0.7983642
0.2826314 3.04109 0.1582919
0.121928 0.1018321 2.633718
0.3715325 143.5621 0.1339335
0.2393412 0.1830874 0.3980877
0.03210266 39.30045 1.707426
0.2308623 30.38019 0.1576218
0.463193 100.0394 2.535042
0.4195774 0.1368255 0.04277396
0.6555194 1.553531 1.532227
0.2247806 0.04065181 1.811115
0.2393363 0.3096763 1.316945
0.4150996 6.699365 0.1193819
0.2865032 0.02995363 0.1010013
0.2198407 2.547442 0.0369812
0.1228468 0.1304637 1.235021
0.767263 9.30492 0.3827008
0.1914109 32.2913 1.751443
0.5728493 4.017253 0.6652598
0.7132908 1.163895 0.09572231
0.3832638 0.1823416 1.549633
0.08926484 2.721372 1.039104
0.06284477 198.5 0.3810238
0.166244 3.917171 0.09490982
0.1608925 24.73248 0.4393295
0.1008954 0.04350566 0.1707006
0.8534579 0.05013689 0.2761221
0.2409817 3.9949 0.1992776
0.05233105 3.807694 0.4924247
0.1388459 3.027013 0.460249
0.09381023 0.04517776 0.4579264
0.269493 8.924378 0.1174179
0.1871937 121.8458 2.870561
0.07439951 18.57243 0.9484479
0.1376342 0.127123 0.1844727
0.2242722 0.655017 0.08151079
0.3363353 956.4016 1.489711
0.2614438 0.07278487 0.6383496
0.1888141 0.4986181 0.0709127
0.279058 1.974195 0.09382666
0.1233518 0.29742 1.16071
0.1037105 0.2881973 0.3838627
0.09894523 0.2488292 0.7034645
0.06345416 0.08981191 0.5813052
0.02887873 0.336326 0.3553954
0.1380026 0.7705755 0.138359
0.119181 0.7991971 0.2239768
0.07787229 0.6241899 0.8583486
0.2161567 0.6092063 0.5789233
0.3270729 125.4507 0.1185213
1.219166 3.849076 0.1627196
0.3886971 0.05036936 0.8054134
0.3065653 0.1047692 0.1904964
0.2097493 5.012406 1.749428
0.4117364 0.04334102 0.3944556
0.06248492 1.484672 1.149638
0.2964175 0.3864794 0.01326581
0.2818048 4.816721 0.06920058
0.04299156 0.4620396 0.1061078
0.131707 0.1133077 0.6895521
0.04189159 0.02727855 0.08296737
0.6643914 0.03572694 0.08811435
0.3034658 0.2205524 0.4448591
0.2307139 1.054099 0.4111846
0.4414329 0.4705927 0.6006441
0.3556687 14.86197 0.7084272
0.4754663 0.1689849 0.8858509
0.1730621 156.2614 0.108625
0.2660826 15.71239 0.09482478
0.2642375 0.04082044 0.08830256
0.1275239 3.886533 0.05456947
0.03398645 3.690259 0.6783875
0.5528443 0.1663628 0.1513807
0.1600544 0.04632643 0.2692627
0.1855272 32.37761 0.7015584
0.1686129 0.5492925 0.06734417
0.2265825 0.2648883 0.3798886
0.2232022 19.26801 0.02866134
0.2653255 0.3236683 1.23146
0.1659895 3.399152 0.5436349
0.8154233 0.780669 2.037878
0.2907342 1.013809 0.2233249
0.5201613 8565757 0.1180676
0.3123023 21.29479 0.4638844
0.1262077 0.2273973 0.1950893
0.1751296 29.15009 0.9240343
0.07462274 0.6927216 0.3123194
0.5861876 0.008587331 1.576082
0.1115886 2.763733 0.4365639
0.1072302 1.097851 0.08966768
0.8385954 0.03954082 0.2204137
0.1414297 3.279978 2.48044
0.1033031 0.06945173 0.03638739
0.07441437 0.7017742 0.2797255
0.2663327 0.2698147 0.9300288
0.06881451 0.7124835 0.05089946
0.07597126 0.4087564 0.2574123
0.2647915 0.1661864 0.1748598
0.1418658 0.06784663 0.08767702
0.1415609 0.2700972 0.523392
0.1199289 36.39994 1.777423
0.3424212 4.854618 0.3367697
0.08991273 0.7391671 0.08754324
0.2620064 0.04436085 0.962801
0.2464616 0.04620293 0.0992142
0.3274426 0.278362 0.07924854
0.1303865 1.199891 0.4351867
0.4069971 10.50716 0.09417303
0.08542475 2.803976 0.9127127
0.1663237 0.7759222 0.06838885
0.09420343 0.2092989 0.1089201
0.6191404 1.077244 0.2444241
0.4562108 17.33846 0.4896613
0.2557337 0.5353601 0.1819416
0.1042697 0.1768084 2.294523
0.1306396 1.755172 0.07670348
0.3344524 0.3389532 1.035536
0.2067837 4.914949 0.925359
0.09198023 2.290309 0.2421907
0.1659721 2.691365 0.1780854
0.1121987 0.1025458 0.4176659
0.3372585 0.04651028 2.210286
0.1055166 0.2724796 1.850324
0.1098056 64.38035 0.1709748
0.06785318 0.04673427 0.5368586
0.2737128 37.43392 0.1382861
0.09540407 0.4324754 0.1250151
0.1957998 0.5310229 0.4244239
0.1720061 9.990987 0.5611246
