"res" "LCI" "UCI"
-3.57145058871785 -3.94001090409405 -3.13124830921179
-3.17379904897731 -3.45286034172362 -2.89775975718013
-2.94953778605109 -3.18175981124871 -2.72865470892835
-2.8894930419796 -3.10760930461539 -2.67695916769886
-2.80839450795204 -3.01365305439459 -2.61054564181877
-2.74640610269079 -2.94798221808816 -2.5603614819982
-2.69144117642182 -2.88650992418227 -2.50534021618098
-2.5216348014802 -2.69347419785146 -2.36308477115116
-2.44747839096535 -2.61203585869862 -2.2953810354808
-2.43564737074227 -2.59955749046827 -2.28220511401887
-2.41799841510148 -2.58018353305766 -2.26472559190658
-2.39212653877868 -2.55442275703156 -2.23655489112849
-2.36408964547784 -2.52253797581793 -2.21030022876875
-2.31186290889306 -2.46462746685254 -2.1638249463431
-2.29480099397429 -2.45021032536291 -2.14157924273504
-2.19170141234109 -2.33544156046135 -2.05222548225617
-2.09547330127662 -2.22983339572245 -1.96358569588428
-2.00203708121285 -2.14045719094459 -1.86602134411542
-1.98821328933081 -2.119154429378 -1.85662960938969
-1.98104705475652 -2.113103687222 -1.84936360376466
-1.94790747670423 -2.07102803737424 -1.82377978021892
-1.9218971755472 -2.04536303306498 -1.79886508105566
-1.91580576528475 -2.03867090089241 -1.79315903129482
-1.90878171959385 -2.03114144438974 -1.7846854503289
-1.90034637022432 -2.02291618478206 -1.77479465940518
-1.88824490160108 -2.01210270788872 -1.76292627598559
-1.88071069234686 -2.0019601672249 -1.75686066246587
-1.87521741162113 -1.99714456847286 -1.75047533492729
-1.84363728620218 -1.96265025245848 -1.7232357936247
-1.83901356673698 -1.95651247971698 -1.71870780041185
-1.83235092140797 -1.9504374618304 -1.71240185095568
-1.82320875659949 -1.9420568802465 -1.70465685603223
-1.81540444868656 -1.93400653825371 -1.69746059401901
-1.79961452505394 -1.91854349101641 -1.68189562531675
-1.7854364181793 -1.90074278354427 -1.66893306603636
-1.77696769477618 -1.89317846928137 -1.66094459026429
-1.76663367604376 -1.88244608295803 -1.65002283520286
-1.75762128277888 -1.87217144174434 -1.64145596817976
-1.75159761444366 -1.86646377457677 -1.63517050211211
-1.74649595622748 -1.8613481744493 -1.6310246213213
-1.70916982349733 -1.82303007628502 -1.59311172623079
-1.67399627587082 -1.78845977519438 -1.55786259703473
-1.65391620031513 -1.76655425280589 -1.54033093039656
-1.63242680733539 -1.74139111921367 -1.52050913790221
-1.62710037269384 -1.73557415909635 -1.51503556574271
-1.61926537258384 -1.7282391007062 -1.50766746782847
-1.60947085558407 -1.71943228160864 -1.49842246933848
-1.60578054153805 -1.71470501904452 -1.49561346041342
-1.60219471606389 -1.71193153230839 -1.49098139695101
-1.59672413808104 -1.70635911129875 -1.48542443371397
-1.58935759630133 -1.69785768965358 -1.47841126557312
-1.58616352850208 -1.69443364507289 -1.4751726670938
-1.58311370636577 -1.69134373680475 -1.47290615235348
-1.57635575066484 -1.68445369181021 -1.4661200576299
-1.57153964889624 -1.67941707397143 -1.46246824959268
-1.56545740699212 -1.6728277172539 -1.45551238988736
-1.556329623158 -1.66245262026722 -1.44771961833339
-1.54640303770164 -1.65390566533508 -1.43586215964311
-1.5385999638604 -1.64618810606295 -1.42960478075338
-1.53278868044279 -1.64020885945399 -1.42361644487657
-1.52087610717175 -1.62529276433856 -1.41316578694662
-1.51654402733115 -1.62073768960644 -1.4084200146946
-1.51003630163589 -1.61500594989496 -1.40239528911369
-1.50056248029822 -1.60761765335416 -1.39110856037482
-1.49410837195025 -1.601757451369 -1.38479934114309
-1.48608329457071 -1.59123549106727 -1.37807456113608
-1.47872351629957 -1.58468987974494 -1.36982437429233
-1.4676366527239 -1.57244041464548 -1.3597663774997
-1.45958151173473 -1.5689430245246 -1.34665846792153
-1.45648604801157 -1.56598502345044 -1.34417080796664
-1.45417582690109 -1.56428017649122 -1.34203695605104
-1.44833989429668 -1.55490316615559 -1.33706453749657
-1.44516670422615 -1.55193410271104 -1.33353830266686
-1.44171530810282 -1.54767466194021 -1.33027554156027
-1.43185324581793 -1.53676551146204 -1.3239197971864
-1.42695754231145 -1.52972241005715 -1.31951600555766
-1.42133089269863 -1.52300235574746 -1.31683919397651
-1.41191602107483 -1.51122337738913 -1.30877683690589
-1.40179646356795 -1.50237220822604 -1.29859444507908
-1.39607566618152 -1.49593569297771 -1.29220567305828
-1.39283277491831 -1.49354593078897 -1.28948465833839
-1.38800887262663 -1.48804031720082 -1.28574795698226
-1.38286849160617 -1.48278583491823 -1.28082753526905
-1.37684400378441 -1.47610849374696 -1.27390020362538
-1.37215480639578 -1.47233982073694 -1.2695977435963
-1.36812122489142 -1.46706278590412 -1.2660315932565
-1.35940648588303 -1.45798620104419 -1.2569219059414
-1.35661636655018 -1.45492033510173 -1.25464165004039
-1.3518189395703 -1.45063936687262 -1.25014330240014
-1.34686201859387 -1.44508341884124 -1.24471728735795
-1.34110474666427 -1.4388651971064 -1.24013966208754
-1.33271526044494 -1.43158907775117 -1.23024440430503
-1.32635657598109 -1.42472353701989 -1.22495732401796
-1.31764445770283 -1.41594851697952 -1.21576853942061
-1.31400797864652 -1.41276667067798 -1.2116847031533
-1.3108773699452 -1.40969066083527 -1.20796992664534
-1.30636810410569 -1.40613047341826 -1.20312786655467
-1.30092417018356 -1.39951596337813 -1.1979548949155
-1.29655109867725 -1.3944325563696 -1.19463672082674
-1.29400900412935 -1.39169630217317 -1.19160027333306
-1.29097576470543 -1.38928158540974 -1.18963566902537
-1.28490016046418 -1.38212810491238 -1.18467779083145
-1.28106635497758 -1.37687019311489 -1.18157434143661
-1.27540085411506 -1.37305781169981 -1.1757184351863
-1.26919769325906 -1.36535424236103 -1.17068914678562
-1.26685914882235 -1.36311993459405 -1.16746884079872
-1.26427878979355 -1.35999680886519 -1.1649912394498
-1.25849237014104 -1.35525523001915 -1.16089859715068
-1.25301881835227 -1.34973667135678 -1.15507355246213
-1.24909502425893 -1.34515685327885 -1.15204660326922
-1.24357315797896 -1.33914938760893 -1.1448640128481
-1.23696494167022 -1.33303810954496 -1.13871780944701
-1.23403478608579 -1.33003407735196 -1.13594365168852
-1.23061771577631 -1.32630471531081 -1.1322007330115
-1.22668280346959 -1.32224839914319 -1.12689213050862
-1.22316923001371 -1.31815529219273 -1.12509279965613
-1.21757861843995 -1.313328348825 -1.11931471958276
-1.21286806058941 -1.30922292855153 -1.11431573690184
-1.20618622155555 -1.30045996989072 -1.10883060180887
-1.19961808406168 -1.29410272866677 -1.10210538139237
-1.19662800351866 -1.29154774232815 -1.1002603324404
-1.19322471429468 -1.28833414893963 -1.09639215980543
-1.1902043652306 -1.28470784735472 -1.09361729697318
-1.18678334718381 -1.28155359172758 -1.09007397051055
-1.18220649313636 -1.27714184897409 -1.08478289869311
-1.1773899809057 -1.27113381187959 -1.0801325573337
-1.17317865812713 -1.26797552444644 -1.0756757752978
-1.1678319278459 -1.2616858540335 -1.07152526030789
-1.16015275579567 -1.25402597637502 -1.0641353870491
-1.15546027502001 -1.2494228727333 -1.05896429929021
-1.14947058942098 -1.24361867542639 -1.05253126124084
-1.14548415249005 -1.2394105010909 -1.04893808659587
-1.14168061578313 -1.23618018391383 -1.04543019834716
-1.13788423505566 -1.23233839539184 -1.03998509690914
-1.13456344904167 -1.22835254855108 -1.03696721101249
-1.12794017307045 -1.22131516104854 -1.03083876181519
-1.1231364939559 -1.21689565247047 -1.02687283194255
-1.12003804017357 -1.21380473857561 -1.02443380207311
-1.11771707092582 -1.21160843531566 -1.02111825253866
-1.11535121142914 -1.20880972182229 -1.02045070624678
-1.11261264268561 -1.20663938609233 -1.01746983517774
-1.10857713957028 -1.20253804740366 -1.01283062295218
-1.10440880685626 -1.19813207388333 -1.00911510634381
-1.09960808195618 -1.19368817358195 -1.00382504691145
-1.09523123544821 -1.18893924831921 -0.99959110591116
-1.08970357539999 -1.18280233015722 -0.994987377589114
-1.08470760522812 -1.17590874838087 -0.99017384568086
-1.08309862670887 -1.17410503159124 -0.98873025142157
-1.08027413151154 -1.17194900902116 -0.984400091722632
-1.07571599901505 -1.16695085566589 -0.979865986887423
-1.07192970016731 -1.16323004561661 -0.975838192935878
-1.06665540813358 -1.159172638442 -0.971908041485551
-1.06154136238303 -1.15362437854357 -0.966500532368163
-1.05488276760353 -1.14536363289362 -0.962048813657047
-1.04859548357948 -1.1394252000582 -0.953380587011107
-1.04444283274425 -1.13494557236422 -0.948991332920674
-1.04269384760146 -1.13342998480443 -0.948378554828413
-1.04004068402326 -1.13053562530512 -0.94543518469068
-1.0373766282412 -1.12822158374884 -0.942386708393125
-1.03178322701737 -1.12391586191109 -0.937307985138978
-1.02494434755247 -1.11670439304091 -0.930081580409895
-1.01604255857555 -1.10735186952732 -0.920425514181386
-1.00914444829672 -1.1013309520239 -0.915102131863623
-1.0063361034494 -1.09755973932462 -0.91232807377855
-1.00130395327849 -1.09048921011992 -0.908162490429391
-0.998973109583702 -1.08777771395554 -0.905894657410991
-0.99519144817947 -1.08454341117499 -0.901714638821219
-0.992079776465603 -1.08124439045944 -0.898610911785598
-0.988595328225413 -1.07814569900745 -0.895718325427642
-0.985363437481271 -1.07463988136467 -0.892354906557718
-0.980651790019408 -1.07030286081091 -0.888210117743332
-0.976195345264655 -1.06574649328213 -0.882475339888239
-0.972712274814744 -1.06247035270386 -0.878461857483586
-0.966865508178436 -1.05713163029275 -0.874790812768281
-0.962085897704581 -1.05187035327312 -0.869255930987178
-0.956343937920829 -1.04610266926501 -0.864945008878514
-0.951664741264196 -1.04192133903318 -0.859819450777707
-0.946571619789016 -1.0370352360138 -0.854230219456503
-0.938681387792462 -1.02769240855441 -0.845954026993534
-0.929761718468608 -1.02099474147969 -0.837139961301504
-0.925626824806306 -1.01573971963147 -0.832713510864981
-0.921480072796336 -1.01204843385706 -0.828766743359444
-0.910754576776103 -1.00176798800893 -0.818396194961054
-0.907895867005574 -0.999055263345286 -0.816891240479797
-0.903986543077299 -0.99403399162087 -0.812109657200624
-0.900785010980444 -0.991241750313809 -0.808814090202638
-0.896703647548082 -0.987629969432866 -0.80491586291021
-0.893849187926941 -0.984877912000056 -0.802358520594073
-0.890636391799522 -0.981804966244442 -0.799511114258854
-0.887880626246014 -0.979324777381137 -0.797421169678747
-0.882812822499254 -0.973995920940014 -0.79123147428917
-0.879175874710071 -0.970550764383688 -0.78715060768838
-0.877212232764063 -0.968098573787045 -0.785389712580945
-0.871305293423636 -0.963035496141008 -0.779754849791932
-0.865650539617304 -0.958378714392684 -0.773723227658879
-0.860565206119638 -0.95326074632897 -0.768492917970747
-0.854664585645182 -0.947187809137185 -0.762415537638501
-0.849958443766979 -0.94350579217204 -0.757878624076632
-0.846512132171062 -0.939172162303839 -0.753617523079691
-0.842989032970463 -0.935175078865881 -0.750956172349515
-0.838291322196134 -0.929666150463917 -0.746064012149277
-0.83512424444515 -0.926075423303181 -0.743247451744164
-0.831145080619759 -0.921633176118477 -0.738720464002855
-0.827010015632115 -0.917475148296233 -0.735133660954909
-0.822539931155914 -0.912381402767941 -0.729771952446839
-0.818388064602108 -0.908841184183533 -0.72459788578089
-0.81402232616321 -0.905319033807923 -0.720994355525447
-0.80909766110365 -0.899311581831008 -0.715648452457964
-0.801066243648048 -0.891033566914708 -0.708656483716457
-0.792896538853707 -0.883567412974924 -0.701005388723391
-0.788884900458091 -0.880536567856351 -0.696950136232618
-0.784881035525348 -0.876283776434133 -0.693261671752355
-0.781482640848582 -0.87189805535208 -0.689668591765487
-0.778165594618936 -0.86859153289123 -0.686141518195575
-0.775238495695536 -0.865515754550102 -0.683404920101094
-0.773233250192201 -0.863385210429647 -0.682392390571025
-0.766068305826726 -0.855146136793884 -0.674793322349863
-0.760567456467055 -0.85099863458892 -0.66857913688922
-0.758203376763158 -0.847919625321241 -0.666810265914958
-0.755106936328896 -0.844902361747867 -0.664407781668539
-0.753220206275719 -0.843067780162598 -0.662771013364511
-0.750777617288724 -0.839657414096323 -0.659506766489608
-0.747813711482772 -0.836460802343713 -0.657410734629703
-0.745428651678359 -0.834589216820051 -0.65489619636018
-0.743501753669581 -0.832636057391772 -0.652745977503948
-0.741166840170748 -0.830264489507691 -0.650540411503074
-0.738399292984649 -0.827571143143881 -0.647743572005347
-0.73255670219783 -0.822480402604197 -0.641807943643299
-0.730292992759637 -0.819851469787523 -0.639477367420649
-0.727436153895071 -0.817089628794958 -0.637001411483296
-0.725549024043882 -0.815356642989101 -0.635512355714341
-0.722898337052092 -0.813622967471819 -0.632197511805857
-0.720740421402492 -0.810960653346057 -0.630536065890613
-0.719300979203959 -0.80954741061965 -0.62881291514635
-0.718022950269222 -0.808175057593802 -0.627161781583225
-0.716445268541746 -0.806282716688016 -0.626072025557893
-0.713935441065575 -0.804386293700572 -0.624367074401608
-0.712201769438364 -0.802844131322266 -0.623087226512234
-0.710856791484289 -0.80148784289769 -0.621366343235829
-0.708292176828893 -0.799039640321909 -0.618238735909975
-0.706592901474778 -0.79722094332109 -0.616338748302328
-0.704637393314689 -0.795041981506869 -0.614946924787443
-0.702373747806427 -0.79336023024304 -0.612795738034368
-0.700142765895303 -0.790498771816347 -0.610854709815267
-0.697614177492614 -0.788524011216559 -0.607509787688161
-0.69421369275446 -0.786013585032413 -0.604221421419801
-0.691053888202347 -0.780991104336335 -0.601571366219276
-0.688156335092215 -0.778691806356854 -0.598219355983396
-0.683476419942326 -0.773464092447565 -0.59455318367133
-0.678914034358962 -0.769173356143895 -0.589977332839178
-0.672172557433321 -0.76157318627761 -0.58229536411898
-0.667308889569582 -0.757566001227029 -0.577106245083539
-0.665022103002478 -0.75554419786492 -0.57510865042871
-0.662647013468004 -0.752627364795347 -0.572737986990552
-0.659663902542275 -0.749294164868732 -0.569965701585485
-0.655358779291055 -0.745155318268443 -0.566556964049154
-0.65409240924375 -0.743658433585705 -0.564869093722924
-0.652487036717718 -0.741775070149321 -0.563944736070299
-0.650082762073458 -0.739169591864624 -0.562278327198593
-0.647301238774077 -0.735841931118085 -0.558404991561455
-0.645277550798816 -0.733337863135964 -0.556933154655692
-0.64263463455432 -0.731051948208069 -0.554205099735053
-0.64022325224585 -0.728426449602472 -0.550502678127111
-0.637313703436836 -0.72584340518826 -0.548265369348319
-0.635578358012972 -0.724085398154416 -0.546619081293867
-0.633267545155635 -0.721200366382576 -0.545076050184253
-0.631483021111626 -0.719810757123995 -0.543703544740734
-0.628607924874157 -0.716477482453633 -0.541452909457472
-0.626432320294137 -0.714845195885123 -0.538431993903414
-0.624179579278377 -0.712339032030319 -0.536961826851907
-0.621699966103974 -0.709528981223982 -0.534035248397968
-0.619592983979108 -0.70694095502119 -0.531533273434163
-0.614784150568083 -0.702970503840403 -0.527753494059957
-0.612266310600389 -0.699914788062229 -0.525745427006519
-0.610380857276906 -0.697517586412789 -0.523619933265194
-0.607438977569038 -0.694429230972796 -0.521013111435124
-0.604793881313933 -0.691433836007031 -0.518480128458129
-0.601437501004599 -0.688049372899636 -0.515567441242299
-0.596268690647881 -0.684456375832922 -0.510660044602315
-0.591812133296215 -0.678407777642906 -0.506652562831264
-0.587128157092448 -0.672956834439998 -0.503459732362572
-0.583927088816857 -0.669007164504129 -0.500747628058739
-0.582023797833058 -0.667183073566703 -0.49866582158056
-0.580164136281334 -0.665162274133396 -0.496537929716276
-0.578671424929265 -0.663056224406423 -0.49539933739051
-0.5763094049809 -0.660899462297453 -0.492576490068422
-0.570853788902748 -0.654731051688189 -0.488314345031816
-0.563583703781294 -0.646998205756669 -0.481566971409025
-0.552830126421615 -0.634604581343091 -0.470952982324906
-0.551340010236593 -0.632755229124187 -0.46980526031111
-0.549562940663471 -0.631162475524165 -0.46852925130346
-0.548195846556429 -0.629809825072453 -0.467555718042517
-0.546523163853018 -0.628281019193535 -0.466305936688327
-0.545242637717812 -0.627429203862527 -0.464411589572221
-0.543388997961242 -0.625181311833267 -0.461705426710124
-0.541823371729099 -0.623481045864676 -0.460747115437046
-0.539142352139106 -0.620348344159839 -0.458652793460429
-0.532666930949745 -0.613932050135323 -0.452405324579759
-0.528391097739053 -0.610104279015031 -0.447513034003704
-0.523317602673384 -0.604448817887241 -0.442579390416711
-0.522146360352071 -0.603382693600517 -0.44137763138358
-0.52090330817421 -0.602333287287903 -0.440798692910159
-0.518491310038815 -0.599975555108886 -0.437928494512528
-0.515220366124743 -0.596023784620835 -0.43486016633682
-0.514394569915296 -0.595085318938365 -0.434087539064683
-0.509951511920171 -0.590813221909667 -0.429891583767043
-0.506936155614631 -0.587516039440496 -0.427200423234803
-0.505232403652842 -0.585921728415623 -0.425587807295559
-0.504029750314424 -0.58420819459612 -0.42422717703364
-0.498769037993737 -0.579032137030381 -0.419651207451932
-0.497890342282998 -0.577929673193714 -0.41854645330852
-0.49644123725136 -0.576588763587904 -0.417358459009956
-0.49548100107899 -0.575544085434704 -0.415824686931289
-0.491554192378069 -0.57157824467536 -0.41217918111025
-0.479450232208765 -0.557929857969196 -0.400922889642136
-0.477868602208398 -0.556318911689565 -0.399543715512633
-0.47638375176392 -0.55486474052346 -0.398362455266403
-0.472725867183576 -0.550938357260861 -0.394740144648563
-0.46937149470322 -0.547218325298232 -0.391827129871129
-0.466367335428585 -0.544868130278968 -0.388556470026805
-0.464437370553895 -0.54217253724118 -0.386920621262608
-0.463232351437844 -0.540662406097339 -0.385680253968943
-0.458410531468756 -0.536140581625258 -0.380393072042368
-0.454602472893829 -0.5320073184492 -0.376899514093061
-0.45107899075301 -0.528812887650224 -0.373161827636272
-0.447097044684959 -0.524402717761844 -0.369614195214674
-0.445591486817299 -0.522741449314664 -0.368170068691982
-0.439565072427833 -0.516395002104302 -0.362108539873024
-0.435960650075358 -0.512607485879865 -0.358098825460326
-0.434194965090485 -0.511230972423763 -0.35668671434516
-0.429148772309562 -0.506232570893775 -0.351562678523108
-0.427878371593982 -0.504831653575505 -0.350014233089886
-0.426119590547914 -0.502732515741582 -0.348093591887158
-0.424295986484389 -0.501432449663354 -0.346116536289825
-0.422476870655579 -0.49911461695801 -0.344345089967579
-0.421053040272565 -0.497783023066872 -0.343378119845231
-0.419259650014015 -0.495774447002228 -0.341866146574466
-0.418496119179148 -0.494935574967095 -0.341372258419132
-0.417641814366892 -0.494327296551221 -0.340095428300002
-0.410739776557137 -0.487014098236928 -0.333618999034185
-0.408628017190404 -0.484833771101242 -0.331483638604248
-0.404344699787853 -0.48047769565584 -0.327567197137473
-0.40157400642365 -0.477167034001701 -0.324643660584486
-0.400352268039722 -0.476656169652941 -0.323232270969303
-0.398412838976166 -0.474466725601567 -0.320912605787716
-0.397031938683474 -0.47365597664068 -0.319532329259889
-0.395968717173524 -0.472029783913666 -0.318497040021982
-0.394534391818703 -0.470698987173249 -0.31741038343124
-0.393626127979288 -0.469932948511415 -0.316348698019442
-0.391943208426227 -0.468475700871809 -0.315282530634365
-0.390688018364444 -0.46712195149644 -0.31376901239109
-0.388922815948549 -0.465498666636478 -0.311660125837475
-0.383778659527462 -0.458996627547193 -0.307395347931682
-0.381097860374746 -0.457179546714275 -0.304727995135657
-0.38032779239139 -0.45647121076114 -0.303609788195132
-0.378118194495589 -0.45431032739702 -0.301610774578187
-0.37591327473507 -0.452488307193829 -0.299431575097307
-0.373019500459559 -0.448117726247749 -0.296324867687834
-0.37000864523448 -0.445435836353261 -0.292714826584451
-0.369274454009224 -0.444647620870464 -0.29219444325776
-0.368912236521116 -0.444583331990789 -0.291898464554853
-0.367316268831372 -0.44351853421416 -0.290345375804619
-0.365907050443953 -0.441617627254164 -0.289206271827082
-0.36527534652786 -0.440982527441727 -0.288666875107534
-0.363479074871466 -0.43941096593731 -0.287308096203206
-0.357364798837455 -0.432584667679397 -0.28067730370802
-0.355085264520041 -0.43049795664335 -0.278448274815839
-0.353797968382302 -0.429261948326738 -0.27731435739091
-0.351886774918557 -0.427402490149189 -0.275601548987274
-0.349958765053985 -0.425244626227792 -0.273961057207114
-0.345182297440505 -0.418994778935809 -0.268897496333864
-0.341281400801744 -0.416110859686318 -0.26580584243914
-0.336613198562289 -0.412152911302474 -0.260318437316015
-0.334983626030699 -0.409750435574697 -0.258399600323906
-0.330434503505083 -0.404634488325235 -0.253214685834205
-0.326060530414458 -0.40100228751915 -0.249387247022035
-0.32107991109144 -0.39626852865778 -0.243759103497746
-0.31458181801797 -0.389103744549461 -0.237302232522724
-0.312124799343449 -0.386895903730809 -0.235065675555654
-0.307056828150788 -0.38139006954234 -0.229962590799625
-0.303209231104378 -0.37759785490657 -0.225581971833849
-0.301219324668123 -0.375371652655809 -0.223628005687355
-0.299507846646174 -0.373575052217357 -0.221398712475534
-0.298495421262167 -0.372295072372626 -0.22064668232127
-0.297203428862687 -0.371467762678116 -0.219178323463997
-0.294411689489157 -0.368228822153195 -0.217174961926614
-0.292327612839324 -0.366361422285722 -0.214186267531316
-0.288346307958934 -0.362915726789549 -0.211522868282553
-0.286056498688621 -0.360679729786845 -0.208959134102978
-0.285657349650595 -0.360148009600281 -0.208495091336984
-0.28166534162258 -0.356723738026792 -0.205316538463059
-0.273225194068942 -0.348437200151575 -0.196155974011218
-0.266365130906471 -0.341123725334966 -0.188888757729633
-0.263268564992608 -0.338492987776435 -0.186061049901148
-0.259022315229161 -0.334339554822945 -0.181428848235521
-0.257219699472438 -0.332532136476253 -0.179780462648553
-0.25595285585787 -0.331413809743464 -0.178834148798349
-0.254677996299102 -0.330092539841386 -0.176621936872411
-0.253080507190765 -0.327972664712831 -0.175368084243217
-0.251254454396924 -0.325864821232831 -0.17315372366928
-0.248921637638472 -0.323744733369847 -0.171799836412223
-0.246418899122653 -0.320572329057198 -0.169731149147303
-0.244877642316954 -0.319100885982595 -0.168216997029369
-0.242837921450871 -0.317223982189144 -0.166066800147158
-0.240761779380289 -0.315116565662787 -0.164265275099121
-0.239287134852566 -0.313660096590438 -0.162435912346131
-0.237430042559444 -0.311499056120565 -0.160434878867763
-0.236574009322143 -0.310143303195264 -0.159287419167485
-0.234668638988615 -0.308900419611269 -0.157868852714271
-0.231756699923902 -0.305609180995096 -0.154719359766979
-0.229528132187047 -0.303633485557309 -0.152357588574401
-0.22646923715087 -0.301173248808156 -0.149150436037251
-0.224607616987595 -0.299368684823274 -0.147740281836401
-0.222593971646358 -0.29686888224931 -0.145556293048068
-0.219321859903482 -0.29372071194821 -0.142427758743284
-0.217993705709129 -0.292645471131698 -0.140456083897423
-0.213246455179085 -0.288352483011596 -0.135945258895278
-0.209897417509216 -0.284827935557941 -0.132955136779569
-0.208703760511821 -0.28330024312726 -0.131663990877041
-0.205621121638644 -0.279941832381996 -0.128519468605695
-0.202423151948527 -0.277178866254786 -0.125521866262317
-0.197765276588075 -0.272151793448659 -0.120990742556537
-0.196824352265008 -0.270562013430053 -0.120165000757818
-0.195095690337712 -0.2698567873191 -0.118592732067925
-0.193159543133982 -0.267683807302297 -0.115744543685147
-0.189418384785905 -0.263788089560596 -0.112442992070797
-0.18668747499138 -0.261210425588853 -0.109484740876226
-0.181972459532834 -0.256943123517746 -0.104798060768082
-0.179580928847296 -0.254399540089166 -0.102351953378263
-0.176701492060148 -0.251654458678697 -0.0992913903903989
-0.17278910962891 -0.247948737710905 -0.096005372058014
-0.170883455004381 -0.245726008308662 -0.094106035250097
-0.167277741032802 -0.241767944384243 -0.0897148036380178
-0.162973846498001 -0.237514879182217 -0.0856048570124616
-0.160537101844924 -0.235521589728389 -0.0828534434874762
-0.157560149505064 -0.231439640024388 -0.0805095693492343
-0.154697720091728 -0.229276259927098 -0.0764122098479095
-0.148859406944226 -0.223730768703422 -0.0720105433927038
-0.145525885271669 -0.220355766218688 -0.0682366731845726
-0.143420845549762 -0.218050222240523 -0.0665171743865446
-0.141638427995999 -0.216428636257407 -0.0645732540842718
-0.14059308368842 -0.215256877181437 -0.0632665829743535
-0.139624270355168 -0.214630835686581 -0.0623034714582215
-0.136522096713131 -0.211846884883218 -0.0599657863468859
-0.134269083739098 -0.209120599765511 -0.0571164967253139
-0.12860545342397 -0.20313977963668 -0.051461197595175
-0.126112118341506 -0.200640443246815 -0.049085478985386
-0.122337593224064 -0.197192454224004 -0.0444119160425101
-0.116562715102875 -0.191411769900598 -0.0392871507510543
-0.113006244466086 -0.188144291066109 -0.0351388312145887
-0.111564138178435 -0.186615716549531 -0.0335617417124561
-0.110144631013409 -0.184935935831553 -0.0318999159662432
-0.105798968137705 -0.180630151553575 -0.0276022133213268
-0.102317054935004 -0.176805038205755 -0.0245165758797223
-0.0992224608671144 -0.174144458257495 -0.0216872951506722
-0.097601405645522 -0.172676985694328 -0.0199455056752646
-0.0942858884810728 -0.168665676915602 -0.0172128936053331
-0.0920862629948411 -0.16630257746157 -0.0150674314845532
-0.0894363161808626 -0.164042790199582 -0.0131994503977551
-0.0858652607781631 -0.16066523059281 -0.00896121461512218
-0.0837856742874944 -0.158957102296912 -0.00642682031700764
-0.0827379978688072 -0.157255101814651 -0.00567673017351231
-0.0800342343414286 -0.155158790499235 -0.0027043907715604
-0.0766477204747685 -0.15187773590164 0.000294971889360103
-0.0740567825062581 -0.148950368963621 0.00335019424698943
-0.0690325854128039 -0.144718170488453 0.00809963472969094
-0.0673749521223869 -0.143274098595033 0.00962774020583308
-0.0657052830676516 -0.141815182664835 0.011377025352438
-0.0639571959949736 -0.141133553905024 0.0132492773601753
-0.0623231784525265 -0.13950074978365 0.014630436397427
-0.0597542200092544 -0.136929704721448 0.0169006754850396
-0.0571274304649936 -0.134466367852277 0.0197520505950014
-0.0531332796717022 -0.129822540304115 0.022537624302053
-0.0492577966793193 -0.125363398258669 0.0277022379213144
-0.0456642527879118 -0.121683540893324 0.031918807112297
-0.0407222460021368 -0.116670004567146 0.0362207599343289
-0.0369721839240714 -0.112624500466795 0.0398177671189123
-0.033434278232652 -0.108340830512106 0.0443365338770869
-0.0285552011502773 -0.103277973208599 0.0488897544354922
-0.0249300305059198 -0.0987772923970217 0.0517671774158157
-0.0187513554669716 -0.0948294479709521 0.0581312423303528
-0.0169628536229821 -0.0925425977447509 0.0591998255683219
-0.0140367753591461 -0.0900669758926623 0.0623108567097531
-0.0115391057665635 -0.0873505890868873 0.0651477045976194
-0.00954086899999733 -0.0853956876649205 0.0666704104953955
-0.00865587458988421 -0.0846543612695308 0.0676701672285552
-0.00777895883661662 -0.0837927364077749 0.0686519560533992
-0.00599702370511437 -0.0824175236451701 0.070602655537499
-0.00343788963549788 -0.0794065610046719 0.0731686889173052
-0.00206298830965281 -0.0779176004758791 0.0746943714825379
0.0022946056436839 -0.0738798706653861 0.0784932671301402
0.00403719268633068 -0.0724437487242398 0.0802805116423071
0.00609622317693466 -0.0695550683762241 0.082376327137999
0.00735233282687657 -0.0684037207742951 0.0836723418410648
0.00999557745252367 -0.065479994419986 0.0872447601904329
0.0119151467645051 -0.063600258316182 0.0888914093856039
0.0137012531333013 -0.0615103102457519 0.0908557036916205
0.014952419095846 -0.060027944575138 0.092050576979726
0.0179047568771519 -0.0579346164327044 0.0947338158666174
0.0214241008975408 -0.0548642796748465 0.0982329040334846
0.02443375572073 -0.0520271023534524 0.100492898044133
0.0275452491914766 -0.0484122847574743 0.104023868813842
0.0297266890056508 -0.0460637597377349 0.106204009944571
0.0320710667407519 -0.0439656529476483 0.10911543681219
0.0340451819989157 -0.0419031314178917 0.111265859419101
0.0360617574709785 -0.0396683395143845 0.113131101088536
0.0378634169388995 -0.03756083323162 0.114485028075219
0.0389900800019788 -0.0366303924007033 0.115386734775786
0.0404367135352973 -0.0355952699842886 0.116410052552789
0.0417678176116541 -0.0337432353351545 0.118045897494641
0.0432538271649917 -0.0329012139342279 0.118937761321337
0.0446673697427786 -0.0309522546185769 0.121270316635021
0.0460611769231896 -0.0297560254200307 0.12271177990924
0.0473700708449346 -0.0287294357678785 0.123914566587751
0.0489180681526384 -0.0268761133651129 0.125965928970177
0.0508337519686988 -0.0243064498344517 0.127556162284267
0.0528396091276913 -0.0222787481201775 0.129802227591564
0.0548194374669703 -0.0199547140026697 0.131755946884509
0.0566599889138106 -0.018720848384855 0.133361398129633
0.0590392208435382 -0.0168058497233962 0.137374093493876
0.0613359390166655 -0.0136973667355669 0.139446077583107
0.062784828928145 -0.0126383109052691 0.14065697169063
0.0642473026184735 -0.0113727908854837 0.141764866515153
0.0657981582366648 -0.00977365049041212 0.142905677720851
0.0674481205706095 -0.00780077910948191 0.14465681153865
0.0691841992220558 -0.00640754307681482 0.147005342461249
0.0714544596238838 -0.00395891692088429 0.148425114185908
0.0729201307804557 -0.0030091810145797 0.149287013030786
0.0750701126043507 -0.0016524206142549 0.152002035240976
0.0774159718775066 0.000874663143790934 0.154341755538851
0.0795252430673268 0.00324153673999424 0.156504631311156
0.0812063809004907 0.00499357142441578 0.15887960671936
0.0826738444083259 0.00615378629175809 0.16013622828042
0.0850408551569698 0.00806344476370265 0.162786293154108
0.0877337577470896 0.0112233484656568 0.165327896919318
0.0896092394338112 0.0128806867671602 0.167343247911877
0.0929007451652473 0.0169372432905177 0.170877241866201
0.0957560263255028 0.0190040719530619 0.17329039213878
0.0982738127014522 0.0215571187080222 0.175412705319332
0.100205755348294 0.0236998434628079 0.177983327062115
0.101729084824528 0.0254094670711837 0.179432321776052
0.104656260852624 0.0273655528692324 0.182392653851667
0.109479665138511 0.0317695564681481 0.187288214634337
0.111843756140518 0.0346675295324339 0.190004906964421
0.114251692797858 0.037474229510502 0.192750109324866
0.116396631895402 0.0390106172925634 0.194376521448635
0.120287634928169 0.0428374406937775 0.197773025783993
0.123164200897461 0.045748363585501 0.200910930884319
0.125565998426831 0.0482908991373312 0.203762155683131
0.127707145008559 0.0504588687720597 0.206255707910298
0.131209314144514 0.0543863632020486 0.20882569148199
0.133527813075931 0.0568341015118802 0.211274213879032
0.136844693590472 0.0599270460431056 0.215901807162209
0.13985798058946 0.063159000414713 0.218878957089664
0.143705728566412 0.066264782307083 0.222827396061018
0.14598435256209 0.0686572084806921 0.225353661429202
0.147892998187712 0.0700941211356015 0.227581438771548
0.149643345019107 0.0713631601315722 0.22886393435293
0.151253164192734 0.0735619800832923 0.230989128204547
0.153021579563873 0.0748020629397726 0.232511970327599
0.155076459227384 0.0765589005246269 0.234641279439313
0.158875878159736 0.0805943867110865 0.237708780347077
0.161624057027132 0.0836035946369113 0.241385544666269
0.163497738119626 0.0847479795361792 0.242951297586236
0.165310579092458 0.0869062579454095 0.244354931227346
0.167643366499602 0.0885419316561959 0.246231056596417
0.17003043817185 0.0903386362386628 0.249247453766266
0.171742338162291 0.0919045314679776 0.250823086411687
0.176556436956706 0.0966361342066327 0.256613833675696
0.179565705214545 0.0998835425851477 0.25953627209044
0.182389885039894 0.103346356119831 0.262524127917369
0.184934712874033 0.105330705296343 0.264721131616502
0.188817196166675 0.109861192398077 0.269505313442368
0.192953080753088 0.113872700941248 0.272570797554236
0.196385748977496 0.11768848360753 0.27715660039625
0.198785565327674 0.12011604673295 0.279445099103398
0.20038835152872 0.121358519239299 0.281662001483796
0.201456594711278 0.12228665478037 0.282321751278971
0.203220202349472 0.123604643788648 0.284254006591237
0.206817520502762 0.127213553946515 0.287724231003313
0.208613241183546 0.128482752273745 0.289688168699325
0.21026736701065 0.129690616211794 0.291568899407177
0.212034835537692 0.130904121957581 0.293120853700615
0.214071971941561 0.133275292537367 0.295758733362906
0.216327315646193 0.134833273391694 0.297831485796784
0.218390649255346 0.137850997330991 0.299669918421732
0.221512316673051 0.140679035274591 0.302458414541068
0.222877123057719 0.141920938307384 0.303550706299741
0.225657029581969 0.144406777567205 0.306962893395875
0.228376827425382 0.14781370924804 0.310453809003117
0.229838165633695 0.149459696966445 0.311685481585408
0.230807376624834 0.150275064715575 0.312683815699822
0.233180534043357 0.153007961376286 0.314656728637982
0.236335576010961 0.155756710136334 0.318414388976806
0.240162223234584 0.158891204283009 0.323097856825583
0.242545226113591 0.160907530400309 0.325541878236844
0.244734387273769 0.163464255448161 0.328290094890492
0.2480631210866 0.166527195627882 0.331841441712237
0.249968847823228 0.168413415166017 0.333937717478338
0.251894509745818 0.170802801344384 0.3356647200363
0.254731642375909 0.173722806983264 0.337477206204394
0.256133201047792 0.174416944728581 0.338700812695903
0.258310122202339 0.176821874034746 0.341146710643964
0.260432595443617 0.178620004219708 0.34401388867372
0.262348063845776 0.180919817036615 0.346082734467568
0.264952869915411 0.184011063248316 0.347635097051439
0.26687616252592 0.185708685021573 0.350014336661139
0.269149228089424 0.187649264789588 0.352513113955643
0.27158195539021 0.189654549254223 0.354907697981841
0.273828744532393 0.192281520525756 0.357518798798871
0.276450919145949 0.195239529390727 0.360195034813988
0.279041467635311 0.197438106283718 0.361982358736056
0.28152289471465 0.199297279161592 0.364541435116691
0.284534750991245 0.202083580982268 0.367755159752193
0.286732956783492 0.204434785825266 0.370473091029541
0.290294709863633 0.208218256859717 0.374452653632807
0.292739654885282 0.210325092353561 0.377056841243225
0.29439539275763 0.212447575250498 0.378780181459791
0.296440836067343 0.213739462672892 0.380755879975169
0.298705927426253 0.216634428776635 0.383387332409444
0.301949747814755 0.219323074737846 0.386397601514307
0.305281120229859 0.22291534315172 0.389294685953915
0.309347605991349 0.227421935218705 0.393492182599542
0.313846963510412 0.230186446517147 0.398687175014053
0.317687675568687 0.234403199858588 0.403121470446285
0.322626596183429 0.239146240409517 0.40782435011523
0.325521428053646 0.242769688904661 0.410544719942252
0.329722942697417 0.246103341272818 0.415670880062787
0.333949008506328 0.250386238292963 0.419313865581354
0.337921721383887 0.253704537164974 0.423160453832745
0.34107054494318 0.256920658112532 0.426921060310024
0.3432666510145 0.259343819868077 0.428642560376335
0.345546247885514 0.261619651159119 0.430739721779361
0.348236538870152 0.263899453206524 0.433626308319627
0.353831285948241 0.269766291777441 0.439694726954206
0.355718499134666 0.271671690841383 0.442384585003095
0.35822922011529 0.273834358008511 0.444543671889277
0.360218334799297 0.276057118723396 0.446092112255122
0.362796585542259 0.2783247639736 0.449071332368508
0.365871560527183 0.280789388871484 0.452266192864132
0.368620373292544 0.283446241650054 0.455260232255383
0.37025242564225 0.286207764332208 0.456559802388829
0.371759541886976 0.287289855751983 0.457389067006998
0.373912901343706 0.28936974300375 0.459625963568953
0.376238323788109 0.291914509092413 0.461773758874393
0.378178748026242 0.293982147962192 0.463419888455149
0.380985826983921 0.296459209971759 0.465907126743474
0.38347346445209 0.298974713713876 0.468195257810624
0.386113585521016 0.301377795565413 0.471691984647682
0.387923960240293 0.303702803100277 0.473387748477256
0.38951405510549 0.304837790668 0.474792798801384
0.391002219335319 0.305916780038399 0.47619802728899
0.393450165702653 0.308040791394578 0.478083498553329
0.396275451463851 0.311588263072483 0.482232393778414
0.397773174209781 0.313020842377506 0.483196681441579
0.399538562373683 0.315022654259682 0.484089023762138
0.401175907847311 0.3176095314059 0.486277701625605
0.404336443304584 0.31959435250257 0.488872932542824
0.407393660436046 0.323044284126641 0.493061505799971
0.408658462583625 0.324316029096473 0.494018089033436
0.410076289861752 0.325489874631579 0.494856749885996
0.411245345238522 0.326143780428266 0.496178154840976
0.413487113425386 0.328509901070906 0.498363554758335
0.416141236092536 0.331823051254292 0.500715340962026
0.419311511528955 0.335004169232369 0.504048255235266
0.421299315661635 0.337046946509937 0.506020613243202
0.42349703399246 0.338998659479006 0.507660691177715
0.425792826150763 0.341628923896864 0.510036570799037
0.429166004040821 0.345045955929605 0.512734771534109
0.432339464889302 0.347529528079818 0.516575908764915
0.435481917742953 0.351021778669598 0.520408075917059
0.437643039395777 0.35357139771079 0.521885406256632
0.440594768086491 0.356888426722003 0.5246732840905
0.444004148373527 0.36014364154511 0.527358191778572
0.447894650883714 0.364124940542274 0.531703046575018
0.449376950634239 0.365703553097918 0.532730503825328
0.450902011899645 0.36711219350087 0.534300438208153
0.454381664559984 0.371228428740666 0.537661005284472
0.456266436260355 0.373472305296614 0.539549499459513
0.457758179379707 0.375349293823293 0.540928582224177
0.460992506343963 0.37903661770215 0.543379403092424
0.46674582076649 0.383823268578299 0.548260679468045
0.469451126562602 0.386545673231839 0.55050847525596
0.472724756773118 0.390888956903329 0.553762805882632
0.474264179000106 0.392894808339414 0.554897615181949
0.476989803309933 0.39597606736929 0.557208461803455
0.481970858154817 0.401165589646201 0.561752893488925
0.486680877634506 0.406347858102735 0.566470659745012
0.489588265516918 0.410132223947075 0.569430595832793
0.499418586068521 0.420653074924357 0.580209267312017
0.505248046483849 0.425543288964166 0.586895980057
0.509581378706333 0.430077576965257 0.59114616202858
0.513059143101791 0.433423600961989 0.594912633027525
0.515049417496558 0.434913098146656 0.596851844896937
0.517004174411405 0.436401207213467 0.599002327055821
0.520634035871252 0.439731244182294 0.602711726556847
0.522609089384587 0.441605334890929 0.606135639083764
0.524627139594373 0.443482908342682 0.609024885296682
0.528665032557886 0.447182632365851 0.612222772519614
0.531450461645828 0.450230283227294 0.61666309224311
0.533915144462812 0.452727904557381 0.619070999120233
0.537378351272673 0.455407079246945 0.622707973279729
0.539050066746763 0.456695112646466 0.625120081764251
0.540806829452576 0.458772356133641 0.627170648202422
0.542324864544131 0.46044389393612 0.62869646864858
0.544608324518348 0.462389578324032 0.631075265618889
0.546692732323933 0.464372875303155 0.633054436411822
0.547948326412515 0.465063264075397 0.634693198629648
0.549476514344855 0.466751431434644 0.636551765547726
0.550726566916968 0.467476759838687 0.638581334325011
0.552699698892005 0.468982656117412 0.639813134879938
0.555970168261613 0.472704374915279 0.643001166340254
0.55705213370406 0.473540376391214 0.644035537944038
0.55940932501946 0.475725627445569 0.646298946682398
0.560540394026799 0.476913159171754 0.647452777314118
0.563576544504299 0.479639126763365 0.651157746711509
0.568453032240123 0.484452709702569 0.656003623056364
0.572757407163819 0.488366013737328 0.660107768074945
0.574073050174068 0.489571005975386 0.661915654259581
0.577755209694479 0.492630085518862 0.665264389918315
0.580935250676112 0.495237977234582 0.66844612170657
0.583350716318604 0.496818041718178 0.670492037674597
0.586075219734649 0.499802938071836 0.674213331848827
0.587668234743011 0.501285313686138 0.675910050737626
0.589049337718732 0.50300337246351 0.677087751578094
0.591458198601293 0.504799392519432 0.679728715484365
0.593928758024066 0.506782128805235 0.682343718203352
0.597987471962582 0.510878461513177 0.686084213653155
0.600526258940098 0.512905073008542 0.689525690073435
0.602123719440906 0.515142019061128 0.690630101562033
0.603644336115853 0.516516768558583 0.691891238564851
0.607331724313078 0.519136712554307 0.695666297485754
0.608629361702346 0.52116774938485 0.696838957559216
0.612172955748141 0.52507109326515 0.701513306296741
0.615528721861969 0.528078306980953 0.705578776196707
0.617824681623844 0.530269019091812 0.70769717420149
0.620336204140575 0.533315944990554 0.710667412682422
0.626024381085151 0.536880645897335 0.715761694099439
0.628982146043361 0.540177331468656 0.717873975228727
0.630424731923665 0.541847396373521 0.719417309008043
0.632170881558778 0.543892096209634 0.721098583930248
0.633920261629292 0.545521309586529 0.723132129344513
0.636349454447311 0.548627693062508 0.726041670876395
0.638533884166966 0.550454210338816 0.728314952472102
0.640401059283307 0.55271340143926 0.730176268412757
0.642298014408719 0.553972859211107 0.731490611941807
0.643523549653869 0.555122080385268 0.733114163771686
0.646365762650156 0.55829980341743 0.736291759266633
0.652419961982643 0.565369987806536 0.741734818146932
0.656196129846368 0.568682123744445 0.746465876353041
0.658542296134297 0.571237097687085 0.748739028723319
0.660731606404563 0.573376048391581 0.751458222253658
0.662993975161211 0.575304874729102 0.752761178899793
0.665285097093482 0.577582190398411 0.755329543342601
0.66821089531484 0.580318121113968 0.758352679966742
0.671980104531419 0.583419440813227 0.76290356399825
0.6760357023222 0.587995649137703 0.767216526903575
0.679300318524672 0.591297868330844 0.769782437115742
0.683744294677118 0.596169557519832 0.774146483996181
0.68745716909435 0.600041671608833 0.777682285059023
0.690884211761924 0.602974616833416 0.780819203624572
0.693312824872774 0.605413701749836 0.783154186878766
0.697994375094707 0.610294220188387 0.788074106260364
0.703182434388939 0.614464617263375 0.793486635718128
0.704450423034902 0.616250181841594 0.794039262331185
0.707195300715934 0.618367714051859 0.797528129266066
0.708681911850066 0.619250509419716 0.798810637603166
0.712622017540099 0.624439259165861 0.802204791698562
0.718098738131619 0.629917210619705 0.807819015780274
0.723143759291106 0.634023985807166 0.814089209198097
0.729444884145317 0.639995209695157 0.821118889842166
0.739508614012229 0.652079959879452 0.82840323965405
0.74416508132216 0.656420530848099 0.834153495961486
0.748222505989032 0.659987411595079 0.839059553727011
0.753363988246939 0.665393746551321 0.84339176937027
0.75521919313987 0.667932794418717 0.84564273091444
0.759261652805997 0.671233900511705 0.849720304272706
0.762195756434368 0.673422577605446 0.852952978794469
0.764353414099934 0.676908321135844 0.854586251141955
0.769143546853644 0.680338350337967 0.859728725836879
0.77517736067189 0.688031627346053 0.864974794052496
0.777652144466877 0.690176188489278 0.866988809502296
0.780423427101739 0.692652631338364 0.871072919857854
0.783337332664907 0.694670119642049 0.87339435679096
0.785525308204147 0.697704751514791 0.875438707918808
0.792043145450702 0.704363420356682 0.882416114121757
0.800832980241892 0.71280732435958 0.890188947841663
0.807134191482685 0.719203849463253 0.897387674366744
0.812584440769246 0.724758870118241 0.901638364835522
0.81800934837523 0.730177353816061 0.907715368505744
0.82224338522093 0.734838444299183 0.911504640311142
0.824233707898166 0.736810745200502 0.913163707563624
0.827370918835677 0.739956238766998 0.916591371399132
0.830252771452098 0.743049405187605 0.919369822072303
0.833224724821507 0.745697705068553 0.922395547944953
0.838110283855869 0.749693574912252 0.926855904396639
0.840477583790531 0.751895881393364 0.929734977940777
0.844373135774451 0.756641987611355 0.932323956547694
0.846353621990358 0.758448577749529 0.934804095029823
0.849461305390499 0.761456839376132 0.93849218761302
0.853882102189265 0.765681802741373 0.942750799939605
0.8581130043991 0.770504365932325 0.94789023618226
0.860588231739539 0.771996915150714 0.950207477766439
0.862839460109846 0.774303330413059 0.951763808033107
0.870924041689295 0.781695172237885 0.960355110672054
0.8725720336936 0.783304314245952 0.961599588183587
0.874387039596001 0.785199069332429 0.963231505899285
0.876959720351987 0.7873981063757 0.966404433407705
0.879941521135835 0.790602571906679 0.969706486600614
0.882184033952229 0.792090395651848 0.971989689011811
0.886493042196649 0.797066924768568 0.975658074864685
0.888540502883721 0.798430898244565 0.977484689673741
0.892731097026184 0.802684199286587 0.982122755873868
0.895089584360262 0.805949507937489 0.98397897177304
0.901258840177407 0.811372468537198 0.989784114400103
0.906898183720379 0.818088929628563 0.996325594523154
0.909122862919498 0.820168313740424 0.997878947539293
0.912495328046253 0.823024409136524 1.00142883215103
0.914423031665215 0.824696762490635 1.00364641355171
0.919856395353289 0.830725949311701 1.0096037331703
0.923572996055246 0.833745268126265 1.01300717928737
0.926274927227813 0.836637595121146 1.01581649789065
0.929386190681096 0.840307459493123 1.01925631304054
0.934016729905421 0.843710290860197 1.02457068828885
0.939744359793292 0.85019748505168 1.03014583264524
0.943571693314508 0.853629797255028 1.03408835906815
0.948015268088545 0.857588620709279 1.03871484878174
0.95298990427852 0.862213141628907 1.04329832452167
0.957213335865265 0.866743246096117 1.04767013606411
0.96214462728944 0.87176646792928 1.05337144548148
0.966043990530306 0.875401022010622 1.0572510054317
0.97192401650591 0.882158770047596 1.06328834759487
0.977062609668217 0.88756781390491 1.06880422213829
0.979377012254871 0.890210286216721 1.07114843909761
0.991984310356735 0.900617914541426 1.08303588030346
1.00100601104375 0.910563599419666 1.09277123085144
1.0043036020296 0.913747131860315 1.09505909445286
1.01081058079068 0.919356617117148 1.10184010753599
1.01827397401373 0.926686460210585 1.11158840146699
1.02662775199319 0.93591569207545 1.11848780977854
1.02914013527051 0.939249675614681 1.1207206153115
1.03072655768834 0.940809075199537 1.12247446077518
1.03314853405162 0.943138796105748 1.12487895546029
1.03693480809727 0.947196702668618 1.12858290857606
1.04191576786334 0.950570664945339 1.13365397268223
1.04637121407305 0.954336908467866 1.13777948581754
1.04981101896215 0.958130964416914 1.14233733903323
1.05281403113815 0.960301196463163 1.14483779953182
1.0570123716707 0.964396309475336 1.14916335184646
1.06221805108062 0.968915142160386 1.15455017871123
1.06583109003241 0.974065269703606 1.1592196438289
1.07109056257504 0.97858963550717 1.16342951321657
1.07520732673342 0.982953441383052 1.16762092204972
1.07772409463038 0.985624970829894 1.17004524189563
1.08585515491943 0.993460740988492 1.17953845978886
1.09139432927189 0.999404063931821 1.18499231180933
1.09608050816338 1.00362089036567 1.19009682041669
1.10519042740075 1.01140714810077 1.20020264478112
1.10970547966958 1.01642069259921 1.20428558516226
1.11200496549066 1.01813219585545 1.20711101766049
1.12002422748208 1.02592194485265 1.21385986163983
1.12525903565301 1.03087904152492 1.22073808912924
1.13010558178422 1.03378593479484 1.22562026021729
1.13439256625891 1.03895612240061 1.2291754154546
1.13612524987626 1.04071810839433 1.23111435551762
1.14044061073372 1.04520722361898 1.23687826779768
1.14437161852039 1.0483670684206 1.24009710032357
1.14676432847095 1.05097606336863 1.242259172457
1.15079366390722 1.05510891652933 1.24713935844749
1.15375876291928 1.05772064128533 1.24994149240057
1.15592460432053 1.06009109046844 1.2521277614895
1.15887560249091 1.06297028023876 1.25515011994807
1.16384217845612 1.06932036886779 1.25956324063909
1.16714563667908 1.07149077327013 1.26295826401596
1.17049029363128 1.07360243787505 1.26537603918377
1.17564787423559 1.07883136567061 1.27105348211318
1.17964141347734 1.08297416805438 1.27563551518727
1.18795980209758 1.09191294642203 1.28356764786367
1.19134825095146 1.0959082495407 1.28666976589631
1.20455438664037 1.10836073467114 1.30076747266246
1.20826471241677 1.11177064969134 1.30425607237882
1.21561105148506 1.11877236163132 1.31364163403284
1.22533867336435 1.12833136298871 1.32233354035934
1.23739981451847 1.14062017783837 1.33433985740772
1.24149164066947 1.14349296801694 1.33871107489963
1.24449150432734 1.14711697536067 1.3426571116247
1.24759604610331 1.14926133019355 1.34541884072979
1.25072238794268 1.15240989516421 1.34793954519676
1.25498178828472 1.15631063800007 1.35262456354345
1.26220895174825 1.16480214396451 1.35895421100292
1.27081296473656 1.1724785086493 1.36863067564305
1.27889276874938 1.18100386456667 1.37596541798101
1.28560189580818 1.18796030407981 1.38236223179678
1.2890242662162 1.19167464376733 1.3869774310502
1.29434439329515 1.19554919272673 1.39200855763652
1.30437383952941 1.20526742751788 1.40248298065564
1.30897003581881 1.21006893043931 1.40769026963633
1.31343531418313 1.21394311556483 1.41198887229336
1.31636906107976 1.21858068172596 1.41425274146077
1.31857791950343 1.22009676407397 1.41630045881493
1.32111809184568 1.2221467248788 1.4195632266626
1.32321987570561 1.22384220990812 1.42205621678947
1.32782826383786 1.22883512683536 1.42639132034011
1.33482144616358 1.23575366724073 1.43438048071094
1.33880002937773 1.23873873280062 1.43863522063653
1.34235324629252 1.24145413169899 1.44199805900596
1.34465418577422 1.24373710730141 1.44483414505787
1.34713119580353 1.24565873721452 1.44762377836703
1.34986995194537 1.2481992312721 1.4499510028073
1.35214557848175 1.25059756534244 1.45221743858044
1.35497840716156 1.25385061350286 1.45479919088407
1.357437210497 1.25695048563231 1.45780196794596
1.3610591991163 1.26024142639754 1.46128546814562
1.36326492776866 1.2620086020382 1.46378598379729
1.37152970722905 1.27047351393987 1.4732792502297
1.3768996020589 1.27415909802285 1.47898600682015
1.38377934180297 1.28045351260362 1.48554761042491
1.38912675656279 1.28644024856376 1.49191869775598
1.39591819917264 1.29320941294634 1.49748439705658
1.40117055600286 1.29775406810961 1.50357629526899
1.40867404980195 1.30502972951362 1.51199168817418
1.41217165605646 1.30912246316691 1.51455391510221
1.41945141240045 1.31549937116238 1.52230087522908
1.42437552603055 1.32054662255228 1.52561894056241
1.42628629119853 1.32302387714425 1.52685676851077
1.43022586715612 1.32707041838977 1.53164377033022
1.43742939451076 1.3331006289553 1.54010315955471
1.44296040945761 1.33978258376636 1.54465061088325
1.44567209744785 1.34251021439506 1.54821452120236
1.45305654804996 1.34893152640361 1.5544353292589
1.45644546004236 1.35262303707351 1.55922045296142
1.45888290504589 1.35501116127028 1.56202698290616
1.4660518281969 1.36143950624346 1.56795179387202
1.47734850925658 1.37246854949812 1.57993021630151
1.48006223657574 1.37450522740176 1.58352649350954
1.48578346603672 1.37952404652108 1.58937321368181
1.49130362187119 1.38524920902788 1.59434903307353
1.51202833434392 1.40429923921728 1.61898498557171
1.52783668554526 1.41943722536745 1.63391768464683
1.53708548841442 1.42657355880146 1.64508373435107
1.54228015983736 1.43380246204199 1.6492466551287
1.54674289123482 1.43738237783368 1.65395058612309
1.55104115036112 1.44245432512191 1.65790171940155
1.56453093565469 1.45550897224883 1.6722644944797
1.5776995645147 1.46847659458574 1.6849127270666
1.58388826944656 1.4745908162795 1.69042270933571
1.5916166513178 1.48302365914427 1.69671529813446
1.59391996695714 1.48511649635051 1.69958026448216
1.60630601478627 1.49659901439912 1.71382424818751
1.62411016186754 1.5141126700926 1.73114418117343
1.64917381932182 1.53681592913583 1.75845742946191
1.66030073424633 1.54853592160859 1.76998415631182
1.66474543091888 1.55294375269879 1.77441689206407
1.66757312284335 1.55502644034829 1.77743606037258
1.6759098223303 1.56408804315855 1.78598222667714
1.68253188115645 1.5702444590491 1.7920518954174
1.68709629112845 1.57408330518135 1.79836049119149
1.69964839283469 1.58625522532853 1.81032310579699
1.70383530237362 1.59096143245122 1.81355317908084
1.71151803328971 1.59787511847869 1.82222316048159
1.71443212208619 1.59967191257678 1.82535051858149
1.72059561552975 1.6067047692096 1.83202872730246
1.73764283649832 1.62257254879548 1.84964101331938
1.74510652564436 1.62960267465183 1.8581656832178
1.75690930830154 1.64193565249503 1.86960656447982
1.76245661459274 1.64617039113547 1.87648696136069
1.76592424794323 1.64990625834618 1.88114366767835
1.77732547521263 1.66051709016668 1.89080636871778
1.7840141631862 1.66718039438829 1.89744699713922
1.78603330214216 1.66936319688559 1.89901718183534
1.79059716876462 1.67508162617606 1.90497015096587
1.81073601777034 1.69343903889853 1.92742520010895
1.82436240615822 1.70649732789417 1.93993618337117
1.82798053059239 1.70968939588187 1.94311901432117
1.83957550311831 1.7206317944367 1.95590476858492
1.89799461864885 1.77565301875973 2.01772290417039
1.92442200483072 1.8029858390361 2.04423144464863
1.92858614884058 1.80633935026801 2.048708600917
1.99943236598924 1.87310804934387 2.12461502851038
2.00792836439847 1.88271736301614 2.13328259396313
2.01307020804876 1.88748402221697 2.13835386321192
2.01907452842318 1.89365331110126 2.14517689888584
2.0330016569621 1.90560990538407 2.16099444067862
2.04448066614963 1.91636701519693 2.17290471873814
2.06784084389595 1.93375155606323 2.19789322231692
2.08749524472208 1.95552905389539 2.21905659506321
2.18212193209516 2.04172495623964 2.32614823693304
2.20325075769693 2.06541509447684 2.34292315386235
2.2121697764719 2.07242754566967 2.35253524461442
2.24682439284366 2.1060262140752 2.39243169489262
2.25447921277163 2.11313741000992 2.40120824881273
2.30172721093339 2.15665117154981 2.45055251151763
2.41011154024033 2.25630784543409 2.56841166258886
2.44945390473884 2.2935650548102 2.61351086296899
2.48593279558186 2.3265992965997 2.65891491423421
2.4927070502599 2.3341728194722 2.66472272807985
2.69048115629656 2.51026756233929 2.88266810819236
2.77017855709234 2.58232297137877 2.97172969230697
2.8987173337282 2.6860678124933 3.12481138880644
3.03039025843225 2.77894757296644 3.28012717387453
