"p_1" "p_2"
0.7989172 0.2010828
0.794245 0.205755
0.7718244 0.2281756
0.7757858 0.2242142
0.7839803 0.2160197
0.7693425 0.2306575
0.7685677 0.2314323
0.7825327 0.2174673
0.8011148 0.1988852
0.7834877 0.2165123
0.774389 0.225611
0.7872063 0.2127937
0.7854057 0.2145943
0.7590616 0.2409384
0.7711681 0.2288319
0.7738619 0.2261381
0.7814191 0.2185809
0.7751431 0.2248569
0.8056368 0.1943632
0.7758887 0.2241113
0.7727815 0.2272185
0.7752923 0.2247077
0.7787953 0.2212047
0.7708292 0.2291708
0.7727418 0.2272582
0.7584925 0.2415075
0.78792 0.21208
0.7906837 0.2093163
0.7696161 0.2303839
0.7672258 0.2327742
0.7849609 0.2150391
0.8000999 0.1999001
0.77029 0.22971
0.7678052 0.2321948
0.7829789 0.2170211
0.7783278 0.2216722
0.7863844 0.2136156
0.7978952 0.2021048
0.7933586 0.2066414
0.7763893 0.2236107
0.7934207 0.2065793
0.7507535 0.2492465
0.7790117 0.2209883
0.7620122 0.2379878
0.7955928 0.2044072
0.7830866 0.2169134
0.8042589 0.1957411
0.7890111 0.2109889
0.7855063 0.2144937
0.7603389 0.2396611
0.7902 0.2098
0.7841054 0.2158946
0.7894769 0.2105231
0.7649168 0.2350832
0.7961227 0.2038773
0.7841062 0.2158938
0.7661775 0.2338225
0.786592 0.213408
0.7739343 0.2260657
0.7850605 0.2149395
0.7852108 0.2147892
0.7882056 0.2117944
0.7839381 0.2160619
0.8135459 0.1864541
0.77519 0.22481
0.7768316 0.2231684
0.7820712 0.2179288
0.7668245 0.2331755
0.8088488 0.1911512
0.7806915 0.2193085
0.7935605 0.2064395
0.8067016 0.1932984
0.7638043 0.2361957
0.772995 0.227005
0.7793543 0.2206457
0.7892188 0.2107812
0.808676 0.191324
0.7833754 0.2166246
0.7807978 0.2192022
0.7792399 0.2207601
0.7773615 0.2226385
0.7787205 0.2212795
0.7778167 0.2221833
0.798372 0.201628
0.7553364 0.2446636
0.7878576 0.2121424
0.7975275 0.2024725
0.7669845 0.2330155
0.7758161 0.2241839
0.753957 0.246043
0.7757029 0.2242971
0.7614797 0.2385203
0.7995179 0.2004821
0.7664777 0.2335223
0.7920407 0.2079593
0.7820807 0.2179193
0.7702444 0.2297556
0.7799101 0.2200899
0.7879213 0.2120787
0.789179 0.210821
0.7960798 0.2039202
0.796803 0.203197
0.7845755 0.2154245
0.7888147 0.2111853
0.7833438 0.2166562
0.753649 0.246351
0.7702067 0.2297933
0.7850384 0.2149616
0.7816096 0.2183904
0.7899169 0.2100831
0.7896939 0.2103061
0.7895775 0.2104225
0.8009636 0.1990364
0.7852414 0.2147586
0.7550939 0.2449061
0.7859413 0.2140587
0.7547949 0.2452051
0.7614198 0.2385802
0.7918863 0.2081137
0.7823867 0.2176133
0.7916043 0.2083957
0.7696028 0.2303972
0.7776467 0.2223533
0.7689259 0.2310741
0.7922532 0.2077468
0.7942763 0.2057237
0.7822866 0.2177134
0.7811451 0.2188549
0.7855913 0.2144087
0.76035 0.23965
0.778604 0.221396
0.7671792 0.2328208
0.7681429 0.2318571
0.7834626 0.2165374
0.768699 0.231301
0.8011115 0.1988885
0.7687328 0.2312672
0.777254 0.222746
0.7979977 0.2020023
0.7777773 0.2222227
0.7939413 0.2060587
0.7784049 0.2215951
0.7982087 0.2017913
0.7924223 0.2075777
0.7871033 0.2128967
0.7898494 0.2101506
0.7845205 0.2154795
0.7648753 0.2351247
0.7655333 0.2344667
0.7797828 0.2202172
0.7791987 0.2208013
0.7791582 0.2208418
0.7979971 0.2020029
0.7811186 0.2188814
0.7874201 0.2125799
0.7755922 0.2244078
0.7983089 0.2016911
0.7921248 0.2078752
0.7889628 0.2110372
0.7796243 0.2203757
0.7960855 0.2039145
0.7566274 0.2433726
0.7777214 0.2222786
0.7800079 0.2199921
0.7874855 0.2125145
0.7878797 0.2121203
0.7669356 0.2330644
0.7910808 0.2089192
0.7835025 0.2164975
0.7755356 0.2244644
0.7930152 0.2069848
0.7634898 0.2365102
0.795536 0.204464
0.7617847 0.2382153
0.7878125 0.2121875
0.7895292 0.2104708
0.7859529 0.2140471
0.7930824 0.2069176
0.7560744 0.2439256
0.808363 0.191637
0.783441 0.216559
0.7777143 0.2222857
0.7805906 0.2194094
0.7711205 0.2288795
0.7828549 0.2171451
0.791911 0.208089
0.7631236 0.2368764
0.7778635 0.2221365
0.7777326 0.2222674
0.8016462 0.1983538
0.7786375 0.2213625
0.7861469 0.2138531
0.7530546 0.2469454
0.7733403 0.2266597
0.7927849 0.2072151
0.7930422 0.2069578
0.7844013 0.2155987
0.7994601 0.2005399
0.7705559 0.2294441
0.7872551 0.2127449
0.7832728 0.2167272
0.7894437 0.2105563
0.7762501 0.2237499
0.7920935 0.2079065
0.7941578 0.2058422
0.7911075 0.2088925
0.7877843 0.2122157
0.7906455 0.2093545
0.7798838 0.2201162
0.8069379 0.1930621
0.7981228 0.2018772
0.7704602 0.2295398
0.7805577 0.2194423
0.770493 0.229507
0.7794309 0.2205691
0.7808265 0.2191735
0.7899182 0.2100818
0.7709966 0.2290034
0.7945379 0.2054621
0.8060142 0.1939858
0.7776973 0.2223027
0.7844099 0.2155901
0.7849281 0.2150719
0.7699304 0.2300696
0.8019382 0.1980618
0.7975633 0.2024367
0.7762514 0.2237486
0.7826985 0.2173015
0.7624429 0.2375571
0.7669228 0.2330772
0.7868713 0.2131287
0.8079748 0.1920252
0.7805721 0.2194279
0.7647974 0.2352026
0.776147 0.223853
0.8054866 0.1945134
0.7800486 0.2199514
0.7674546 0.2325454
0.7746205 0.2253795
0.7985663 0.2014337
0.7869031 0.2130969
0.7698938 0.2301062
0.7817526 0.2182474
0.750582 0.249418
0.7675985 0.2324015
0.7759574 0.2240426
0.7877533 0.2122467
0.7784291 0.2215709
0.7848258 0.2151742
0.7858341 0.2141659
0.7633768 0.2366232
0.806072 0.193928
0.803412 0.196588
0.7892363 0.2107637
0.7832936 0.2167064
0.7827216 0.2172784
0.759431 0.240569
0.7864742 0.2135258
0.7757619 0.2242381
0.7786377 0.2213623
0.7817908 0.2182092
0.7639385 0.2360615
0.7962035 0.2037965
0.8030802 0.1969198
0.7708434 0.2291566
0.7738964 0.2261036
0.7703508 0.2296492
0.7904634 0.2095366
0.7890442 0.2109558
0.7844215 0.2155785
0.7838563 0.2161437
0.771844 0.228156
0.7835914 0.2164086
0.7977404 0.2022596
0.7827234 0.2172766
0.7629207 0.2370793
0.7843436 0.2156564
0.7694459 0.2305541
0.7888307 0.2111693
0.7922647 0.2077353
0.7758344 0.2241656
0.7557522 0.2442478
0.7843113 0.2156887
0.7863361 0.2136639
0.7979768 0.2020232
0.8114067 0.1885933
0.7917464 0.2082536
0.7661481 0.2338519
0.7984339 0.2015661
0.7479091 0.2520909
0.7803129 0.2196871
0.7853124 0.2146876
0.7831857 0.2168143
0.7819607 0.2180393
0.794294 0.205706
0.7933392 0.2066608
0.7778393 0.2221607
0.7605644 0.2394356
0.7977765 0.2022235
0.7637808 0.2362192
0.7816364 0.2183636
0.7855261 0.2144739
0.802081 0.197919
0.7658586 0.2341414
0.7834348 0.2165652
0.7985477 0.2014523
0.7746979 0.2253021
0.7641764 0.2358236
0.7813452 0.2186548
0.7704276 0.2295724
0.7915134 0.2084866
0.7776486 0.2223514
0.7642103 0.2357897
0.7694275 0.2305725
0.7718811 0.2281189
0.813194 0.186806
0.78728 0.21272
0.7849379 0.2150621
0.7727507 0.2272493
0.7945452 0.2054548
0.7770963 0.2229037
0.7727517 0.2272483
0.7972742 0.2027258
0.7708702 0.2291298
0.7752155 0.2247845
0.8120996 0.1879004
0.7900659 0.2099341
0.7751926 0.2248074
0.7931711 0.2068289
0.7828188 0.2171812
0.7776843 0.2223157
0.8071695 0.1928305
0.78553 0.21447
0.7854319 0.2145681
0.7651065 0.2348935
0.7802986 0.2197014
0.7890686 0.2109314
0.7741062 0.2258938
0.7753745 0.2246255
0.7832482 0.2167518
0.7831245 0.2168755
0.7750197 0.2249803
0.785375 0.214625
0.771804 0.228196
0.7737819 0.2262181
0.7757197 0.2242803
0.7954881 0.2045119
0.7949602 0.2050398
0.7926719 0.2073281
0.7785397 0.2214603
0.7816268 0.2183732
0.8076286 0.1923714
0.7924765 0.2075235
0.775633 0.224367
0.7849831 0.2150169
0.7539505 0.2460495
0.7737285 0.2262715
0.7887785 0.2112215
0.7434325 0.2565675
0.7790815 0.2209185
0.7915525 0.2084475
0.7972308 0.2027692
0.7894585 0.2105415
0.7893056 0.2106944
0.7848938 0.2151062
0.7955778 0.2044222
0.7419969 0.2580031
0.7837077 0.2162923
0.7654682 0.2345318
0.7781672 0.2218328
0.7711693 0.2288307
0.8002859 0.1997141
0.8040672 0.1959328
0.7853183 0.2146817
0.8049428 0.1950572
0.7805176 0.2194824
0.7662176 0.2337824
0.7980821 0.2019179
0.7922827 0.2077173
0.7468234 0.2531766
0.7794531 0.2205469
0.7978538 0.2021462
0.7733594 0.2266406
0.7660054 0.2339946
0.7715216 0.2284784
0.7779907 0.2220093
0.789801 0.210199
0.766109 0.233891
0.7939093 0.2060907
0.8059653 0.1940347
0.772172 0.227828
0.7937771 0.2062229
0.8038527 0.1961473
0.7903543 0.2096457
0.7795716 0.2204284
0.7953313 0.2046687
0.7718132 0.2281868
0.7730865 0.2269135
0.7724397 0.2275603
0.7813523 0.2186477
0.7916468 0.2083532
0.8077592 0.1922408
0.7723188 0.2276812
0.7828956 0.2171044
0.7900388 0.2099612
0.7864264 0.2135736
0.7768464 0.2231536
0.7806546 0.2193454
0.7843147 0.2156853
0.7856419 0.2143581
0.7784451 0.2215549
0.7774975 0.2225025
0.7748356 0.2251644
0.7854882 0.2145118
0.7609101 0.2390899
0.7741164 0.2258836
0.8048794 0.1951206
0.7976695 0.2023305
0.7958874 0.2041126
0.7948231 0.2051769
0.7993615 0.2006385
0.7686127 0.2313873
0.7928847 0.2071153
0.7522244 0.2477756
0.7892823 0.2107177
0.8012376 0.1987624
0.7985319 0.2014681
0.7801551 0.2198449
0.7891144 0.2108856
0.7792211 0.2207789
0.7802627 0.2197373
0.7935757 0.2064243
0.7855609 0.2144391
0.8033463 0.1966537
0.8065161 0.1934839
0.7978523 0.2021477
0.7897208 0.2102792
0.7784813 0.2215187
0.7842985 0.2157015
0.778439 0.221561
0.7763996 0.2236004
0.8021437 0.1978563
0.7526289 0.2473711
0.7899729 0.2100271
0.7997092 0.2002908
0.7917157 0.2082843
0.7621203 0.2378797
0.7821217 0.2178783
0.7738821 0.2261179
0.7717368 0.2282632
0.789825 0.210175
0.7656961 0.2343039
0.7866981 0.2133019
0.7912068 0.2087932
0.7764577 0.2235423
0.7904702 0.2095298
0.806981 0.193019
0.7707326 0.2292674
0.7899158 0.2100842
0.7752516 0.2247484
0.7915905 0.2084095
0.8027961 0.1972039
0.7903386 0.2096614
0.7943697 0.2056303
0.7830733 0.2169267
0.7717373 0.2282627
0.7982429 0.2017571
0.7854734 0.2145266
0.7973035 0.2026965
0.7934708 0.2065292
0.7870005 0.2129995
0.8070883 0.1929117
0.7588822 0.2411178
0.761247 0.238753
0.7971244 0.2028756
0.7980992 0.2019008
0.7831247 0.2168753
0.777856 0.222144
0.7823744 0.2176256
0.7652343 0.2347657
0.7782573 0.2217427
0.7840666 0.2159334
0.7485972 0.2514028
0.7685815 0.2314185
0.7731646 0.2268354
0.794667 0.205333
0.7716477 0.2283523
0.7981711 0.2018289
0.8021483 0.1978517
0.7942188 0.2057812
0.7503078 0.2496922
0.7746747 0.2253253
0.7850435 0.2149565
0.7815785 0.2184215
0.7647826 0.2352174
0.7996914 0.2003086
0.7978372 0.2021628
0.7794148 0.2205852
0.7861752 0.2138248
0.7893308 0.2106692
0.7706588 0.2293412
0.7631628 0.2368372
0.7709709 0.2290291
0.7782713 0.2217287
0.7883466 0.2116534
0.7866874 0.2133126
0.7980763 0.2019237
0.7748838 0.2251162
0.7813682 0.2186318
0.7795275 0.2204725
0.7936302 0.2063698
0.772694 0.227306
0.7679233 0.2320767
0.7942699 0.2057301
0.8014769 0.1985231
0.7804113 0.2195887
0.779877 0.220123
0.7803163 0.2196837
0.8002423 0.1997577
0.7832005 0.2167995
0.8027234 0.1972766
0.7785849 0.2214151
0.7905113 0.2094887
0.7779125 0.2220875
0.7802484 0.2197516
0.7826644 0.2173356
0.753794 0.246206
0.7965116 0.2034884
0.7786936 0.2213064
0.7930412 0.2069588
0.7882827 0.2117173
0.7757795 0.2242205
0.7777877 0.2222123
0.7966446 0.2033554
0.8098427 0.1901573
0.7866877 0.2133123
0.793395 0.206605
0.7825547 0.2174453
0.7414926 0.2585074
0.7897457 0.2102543
0.7523761 0.2476239
0.8009011 0.1990989
0.7910655 0.2089345
0.790809 0.209191
0.7773023 0.2226977
0.7806138 0.2193862
0.7725016 0.2274984
0.7853601 0.2146399
0.7717071 0.2282929
0.8018215 0.1981785
0.7816007 0.2183993
0.7597467 0.2402533
0.7695721 0.2304279
0.7851804 0.2148196
0.7969334 0.2030666
0.7545591 0.2454409
0.7572445 0.2427555
0.805811 0.194189
0.7866312 0.2133688
0.7765304 0.2234696
0.7639901 0.2360099
0.7831526 0.2168474
0.7884604 0.2115396
0.7715791 0.2284209
0.7589373 0.2410627
0.7598996 0.2401004
0.7788908 0.2211092
0.778603 0.221397
0.7818805 0.2181195
0.7729192 0.2270808
0.8014615 0.1985385
0.7745277 0.2254723
0.7972659 0.2027341
0.7922849 0.2077151
0.7725516 0.2274484
0.7758671 0.2241329
0.7854968 0.2145032
0.7864682 0.2135318
0.7857981 0.2142019
0.7677795 0.2322205
0.7686242 0.2313758
0.7832156 0.2167844
0.7817598 0.2182402
0.7837607 0.2162393
0.7680432 0.2319568
0.780597 0.219403
0.7858825 0.2141175
0.810286 0.189714
0.7884917 0.2115083
0.7922403 0.2077597
0.8059985 0.1940015
0.7992111 0.2007889
0.8028014 0.1971986
0.7854069 0.2145931
0.7978208 0.2021792
0.7592834 0.2407166
0.78692 0.21308
0.7976649 0.2023351
0.785913 0.214087
0.7675607 0.2324393
0.7546982 0.2453018
0.7924964 0.2075036
0.7736358 0.2263642
0.7657671 0.2342329
0.7598074 0.2401926
0.7580697 0.2419303
0.7751466 0.2248534
0.783793 0.216207
0.7916093 0.2083907
0.7842945 0.2157055
0.773773 0.226227
0.7939581 0.2060419
0.7672015 0.2327985
0.7748155 0.2251845
0.7908477 0.2091523
0.7933799 0.2066201
0.7999455 0.2000545
0.78089 0.21911
0.781784 0.218216
0.7942373 0.2057627
0.7812266 0.2187734
0.7844282 0.2155718
0.796528 0.203472
0.7792231 0.2207769
0.8081466 0.1918534
0.7744188 0.2255812
0.7867806 0.2132194
0.7785511 0.2214489
0.7865507 0.2134493
0.7785501 0.2214499
0.7783449 0.2216551
0.790281 0.209719
0.7896783 0.2103217
0.7889483 0.2110517
0.7791522 0.2208478
0.7631605 0.2368395
0.7802791 0.2197209
0.7856017 0.2143983
0.7951536 0.2048464
0.7715945 0.2284055
0.7797079 0.2202921
0.7984771 0.2015229
0.7816846 0.2183154
0.7589813 0.2410187
0.7865078 0.2134922
0.7864653 0.2135347
0.7806641 0.2193359
0.7779044 0.2220956
0.7774893 0.2225107
0.7796739 0.2203261
0.7866327 0.2133673
0.7863904 0.2136096
0.7846208 0.2153792
0.7890263 0.2109737
0.7836934 0.2163066
0.7746955 0.2253045
0.7607811 0.2392189
0.7545889 0.2454111
0.7941017 0.2058983
0.776651 0.223349
0.7511478 0.2488522
0.796191 0.203809
0.8087141 0.1912859
0.7684983 0.2315017
0.7621643 0.2378357
0.790281 0.209719
0.7731168 0.2268832
0.7726433 0.2273567
0.763235 0.236765
0.7593142 0.2406858
0.7774496 0.2225504
0.7640544 0.2359456
0.7789979 0.2210021
0.7543477 0.2456523
0.789625 0.210375
0.7887929 0.2112071
0.7655538 0.2344462
0.7698284 0.2301716
0.7717171 0.2282829
0.7797288 0.2202712
0.7822587 0.2177413
0.7952596 0.2047404
0.7670198 0.2329802
0.7908769 0.2091231
0.7989836 0.2010164
0.7774755 0.2225245
0.7609772 0.2390228
0.7965988 0.2034012
0.7993567 0.2006433
0.7684335 0.2315665
0.7957365 0.2042635
0.7667689 0.2332311
0.7854872 0.2145128
0.7748125 0.2251875
0.7621067 0.2378933
0.7690022 0.2309978
0.7755237 0.2244763
0.7683725 0.2316275
0.7826011 0.2173989
0.780594 0.219406
0.774137 0.225863
0.7789772 0.2210228
0.789544 0.210456
0.7864866 0.2135134
0.7845117 0.2154883
0.7832416 0.2167584
0.7589306 0.2410694
0.7953062 0.2046938
0.7722882 0.2277118
0.8064708 0.1935292
0.7812575 0.2187425
0.7807916 0.2192084
0.773374 0.226626
0.7711694 0.2288306
0.7810648 0.2189352
0.7671844 0.2328156
0.7744787 0.2255213
0.7791348 0.2208652
0.8068677 0.1931323
0.7932105 0.2067895
0.7945037 0.2054963
0.78238 0.21762
0.7886878 0.2113122
0.7856321 0.2143679
0.7974752 0.2025248
0.7643227 0.2356773
0.7883717 0.2116283
0.7763485 0.2236515
0.7831367 0.2168633
0.7794675 0.2205325
0.7830844 0.2169156
0.8015529 0.1984471
0.7745382 0.2254618
0.7869338 0.2130662
0.7899947 0.2100053
0.7684133 0.2315867
0.7858936 0.2141064
0.7641956 0.2358044
0.7785012 0.2214988
0.7891115 0.2108885
0.7820884 0.2179116
0.7526438 0.2473562
0.7779829 0.2220171
0.7887829 0.2112171
0.7820736 0.2179264
0.7831303 0.2168697
0.7974329 0.2025671
0.7721383 0.2278617
0.7744487 0.2255513
0.7882253 0.2117747
0.7797031 0.2202969
0.8007161 0.1992839
0.8124139 0.1875861
0.7994184 0.2005816
0.7827282 0.2172718
0.7965148 0.2034852
0.7758762 0.2241238
0.7725512 0.2274488
0.7635978 0.2364022
0.792088 0.207912
0.7867275 0.2132725
0.7813125 0.2186875
0.7982766 0.2017234
0.7765684 0.2234316
0.7785335 0.2214665
0.7669554 0.2330446
0.7816115 0.2183885
0.7765722 0.2234278
0.8010345 0.1989655
0.7947698 0.2052302
0.8022571 0.1977429
0.7872325 0.2127675
0.7695341 0.2304659
0.7817479 0.2182521
0.7788711 0.2211289
0.7703076 0.2296924
0.7782017 0.2217983
0.8160266 0.1839734
0.7814256 0.2185744
0.7720107 0.2279893
0.7876863 0.2123137
0.783815 0.216185
0.7960385 0.2039615
0.7946365 0.2053635
0.7759644 0.2240356
0.7871082 0.2128918
0.7985662 0.2014338
0.7866948 0.2133052
0.7804136 0.2195864
0.7863616 0.2136384
0.7723092 0.2276908
0.7730159 0.2269841
0.7699436 0.2300564
0.7661738 0.2338262
0.7840774 0.2159226
0.7659173 0.2340827
0.7838692 0.2161308
0.7772805 0.2227195
0.7798952 0.2201048
0.7751755 0.2248245
0.7998298 0.2001702
0.7608945 0.2391055
0.7678764 0.2321236
0.7745937 0.2254063
0.7773628 0.2226372
0.7927666 0.2072334
0.7694079 0.2305921
0.7859669 0.2140331
0.7670411 0.2329589
0.7873368 0.2126632
0.7583082 0.2416918
0.7763429 0.2236571
0.7489849 0.2510151
0.7887992 0.2112008
0.7733545 0.2266455
0.760265 0.239735
0.7869001 0.2130999
0.7837669 0.2162331
0.8113348 0.1886652
0.7882851 0.2117149
0.780848 0.219152
0.7517138 0.2482862
0.7848705 0.2151295
0.8086458 0.1913542
0.7885963 0.2114037
0.7650144 0.2349856
0.7664654 0.2335346
0.7831118 0.2168882
0.7783456 0.2216544
0.7898397 0.2101603
0.785411 0.214589
0.7794133 0.2205867
0.7850349 0.2149651
0.7746345 0.2253655
0.7942779 0.2057221
0.7690476 0.2309524
0.785133 0.214867
0.7646335 0.2353665
0.7750579 0.2249421
0.8048073 0.1951927
0.7735696 0.2264304
0.7750093 0.2249907
0.7754119 0.2245881
0.7909643 0.2090357
0.7814703 0.2185297
0.8054503 0.1945497
0.7822812 0.2177188
0.7944696 0.2055304
0.7815296 0.2184704
0.7847359 0.2152641
0.8049553 0.1950447
0.7821367 0.2178633
0.7962094 0.2037906
0.7847106 0.2152894
0.7935777 0.2064223
0.7661987 0.2338013
0.7841823 0.2158177
0.7678432 0.2321568
0.8151988 0.1848012
0.7889094 0.2110906
0.7680759 0.2319241
0.7633726 0.2366274
0.8053288 0.1946712
0.7703425 0.2296575
0.7836369 0.2163631
0.7883402 0.2116598
0.8153691 0.1846309
0.786129 0.213871
0.8031682 0.1968318
0.7841418 0.2158582
0.8079213 0.1920787
0.8014352 0.1985648
0.794676 0.205324
0.7807659 0.2192341
0.7876142 0.2123858
0.762401 0.237599
0.7968349 0.2031651
0.7519798 0.2480202
0.7611742 0.2388258
0.7884053 0.2115947
0.7685195 0.2314805
0.7606058 0.2393942
0.7744698 0.2255302
0.7649744 0.2350256
0.7673108 0.2326892
0.7982099 0.2017901
0.7881305 0.2118695
0.7725454 0.2274546
0.7832853 0.2167147
0.7733646 0.2266354
0.7699875 0.2300125
0.7808892 0.2191108
0.7645175 0.2354825
0.7807378 0.2192622
0.7844184 0.2155816
0.7696908 0.2303092
0.7776757 0.2223243
0.7742559 0.2257441
0.7723914 0.2276086
0.7727997 0.2272003
0.7701926 0.2298074
0.7750758 0.2249242
0.7733136 0.2266864
0.779543 0.220457
0.7959626 0.2040374
0.8075356 0.1924644
0.7738206 0.2261794
0.7718531 0.2281469
0.7609515 0.2390485
0.8000721 0.1999279
0.803284 0.196716
0.7904129 0.2095871
0.7576416 0.2423584
0.7822725 0.2177275
0.7629068 0.2370932
0.7819583 0.2180417
0.7612007 0.2387993
0.7874145 0.2125855
0.7916902 0.2083098
0.7946511 0.2053489
0.7762788 0.2237212
0.787344 0.212656
0.7828548 0.2171452
0.7843979 0.2156021
0.7879509 0.2120491
0.7933415 0.2066585
0.7768529 0.2231471
0.7849396 0.2150604
0.7787806 0.2212194
0.7677858 0.2322142
0.8037742 0.1962258
0.7931833 0.2068167
0.7971873 0.2028127
0.7935729 0.2064271
0.7501056 0.2498944
0.7613322 0.2386678
0.7666407 0.2333593
0.7825903 0.2174097
0.7935925 0.2064075
0.7795528 0.2204472
0.7778654 0.2221346
0.7812036 0.2187964
0.7862192 0.2137808
0.7955775 0.2044225
0.769636 0.230364
0.7564091 0.2435909
0.783613 0.216387
0.7722301 0.2277699
0.7855811 0.2144189
0.7448592 0.2551408
0.7756425 0.2243575
0.7900677 0.2099323
0.7784468 0.2215532
0.7777721 0.2222279
0.7803295 0.2196705
0.7934399 0.2065601
0.7659946 0.2340054
0.7959937 0.2040063
0.7604825 0.2395175
0.7828607 0.2171393
0.7868542 0.2131458
0.7931219 0.2068781
0.78923 0.21077
0.7735232 0.2264768
0.766219 0.233781
0.8086485 0.1913515
0.8028908 0.1971092
0.7745742 0.2254258
0.7633691 0.2366309
0.7923099 0.2076901
0.7709016 0.2290984
0.7697116 0.2302884
0.8069796 0.1930204
0.7813372 0.2186628
0.7788989 0.2211011
0.801421 0.198579
0.7943673 0.2056327
0.7666484 0.2333516
0.7950829 0.2049171
0.7696427 0.2303573
0.7772988 0.2227012
0.7863673 0.2136327
0.7774321 0.2225679
0.7892508 0.2107492
0.7819369 0.2180631
0.776663 0.223337
0.8019341 0.1980659
0.7778233 0.2221767
0.7918261 0.2081739
0.7782925 0.2217075
0.7802236 0.2197764
0.7963664 0.2036336
0.7634084 0.2365916
0.7900802 0.2099198
0.7628781 0.2371219
0.7868384 0.2131616
0.7811071 0.2188929
0.7776892 0.2223108
0.8087333 0.1912667
0.7787874 0.2212126
0.7826117 0.2173883
0.7769075 0.2230925
0.7599072 0.2400928
0.7966023 0.2033977
0.7779161 0.2220839
0.7864371 0.2135629
0.7964957 0.2035043
0.7826971 0.2173029
0.7863943 0.2136057
0.7904405 0.2095595
0.7600267 0.2399733
0.8014045 0.1985955
0.7956051 0.2043949
0.7616956 0.2383044
0.7681367 0.2318633
0.7915525 0.2084475
0.782249 0.217751
0.7625177 0.2374823
0.8071036 0.1928964
0.775361 0.224639
0.7876608 0.2123392
0.7620771 0.2379229
0.7765182 0.2234818
0.8065373 0.1934627
0.7702513 0.2297487
0.7869043 0.2130957
0.7947028 0.2052972
0.796543 0.203457
0.7804634 0.2195366
0.7810577 0.2189423
0.7711072 0.2288928
0.7609427 0.2390573
0.780991 0.219009
0.777669 0.222331
0.8088402 0.1911598
0.7747934 0.2252066
0.7725817 0.2274183
0.7890415 0.2109585
0.7958966 0.2041034
0.7759358 0.2240642
0.7997976 0.2002024
0.7789496 0.2210504
0.7646266 0.2353734
0.7682441 0.2317559
0.7932771 0.2067229
0.7787118 0.2212882
0.7782755 0.2217245
0.7624535 0.2375465
0.7671381 0.2328619
0.8014336 0.1985664
0.7446928 0.2553072
0.7823232 0.2176768
0.7944555 0.2055445
0.8231409 0.1768591
0.7861605 0.2138395
0.7813557 0.2186443
0.7716201 0.2283799
0.7868399 0.2131601
0.766512 0.233488
0.7712657 0.2287343
0.7534881 0.2465119
0.7703365 0.2296635
0.7673235 0.2326765
0.7860056 0.2139944
0.7882627 0.2117373
0.7805227 0.2194773
0.7756002 0.2243998
0.7947533 0.2052467
0.7892012 0.2107988
0.7764825 0.2235175
0.7857487 0.2142513
0.7766055 0.2233945
0.7858012 0.2141988
0.7803901 0.2196099
0.7737768 0.2262232
0.7692469 0.2307531
0.8006884 0.1993116
0.7683667 0.2316333
0.7931288 0.2068712
0.7906178 0.2093822
0.7755089 0.2244911
0.7917884 0.2082116
0.7961899 0.2038101
0.791097 0.208903
0.7624576 0.2375424
0.7851083 0.2148917
0.7845565 0.2154435
0.8026991 0.1973009
0.771325 0.228675
0.8169173 0.1830827
0.7887879 0.2112121
0.7786829 0.2213171
0.7924529 0.2075471
0.7788002 0.2211998
0.7801655 0.2198345
0.7748662 0.2251338
0.7813736 0.2186264
0.7786458 0.2213542
0.768267 0.231733
0.7728086 0.2271914
0.7833999 0.2166001
0.7808775 0.2191225
0.7786379 0.2213621
0.7764155 0.2235845
0.7787292 0.2212708
0.7785014 0.2214986
0.8119268 0.1880732
0.7885894 0.2114106
0.7771552 0.2228448
0.78728 0.21272
0.81984 0.18016
0.7567272 0.2432728
0.8000748 0.1999252
0.8069191 0.1930809
0.7909399 0.2090601
0.8069027 0.1930973
0.7733768 0.2266232
0.7849121 0.2150879
0.7767534 0.2232466
0.800685 0.199315
0.7671353 0.2328647
0.7669661 0.2330339
0.8020463 0.1979537
0.7725906 0.2274094
0.782281 0.217719
0.7754822 0.2245178
0.7626339 0.2373661
0.7746988 0.2253012
0.7802072 0.2197928
0.791514 0.208486
0.7691269 0.2308731
0.801423 0.198577
0.7888853 0.2111147
0.7976933 0.2023067
0.7806366 0.2193634
0.7911397 0.2088603
0.7591564 0.2408436
0.781799 0.218201
0.7780834 0.2219166
0.791908 0.208092
0.8118004 0.1881996
0.7637249 0.2362751
0.8036617 0.1963383
0.7755523 0.2244477
0.7613954 0.2386046
0.7689873 0.2310127
0.7879804 0.2120196
0.8054734 0.1945266
0.8036469 0.1963531
0.7871523 0.2128477
0.7848464 0.2151536
0.7897092 0.2102908
0.7736811 0.2263189
0.7998895 0.2001105
0.7730107 0.2269893
0.7825527 0.2174473
0.7896979 0.2103021
0.7996419 0.2003581
0.7677038 0.2322962
0.7799813 0.2200187
0.7772765 0.2227235
0.7719783 0.2280217
0.7732308 0.2267692
0.795717 0.204283
0.7835828 0.2164172
0.7755617 0.2244383
0.7768462 0.2231538
0.7642355 0.2357645
0.7583391 0.2416609
0.7750795 0.2249205
0.7815751 0.2184249
0.795002 0.204998
0.7968695 0.2031305
0.7607327 0.2392673
0.7944587 0.2055413
0.7774556 0.2225444
0.7789468 0.2210532
0.7929343 0.2070657
0.7692534 0.2307466
0.7670345 0.2329655
0.7637515 0.2362485
0.7875615 0.2124385
0.7628715 0.2371285
0.7902679 0.2097321
0.7797199 0.2202801
0.7654713 0.2345287
0.7853061 0.2146939
0.7673839 0.2326161
0.7767896 0.2232104
0.8126882 0.1873118
0.7847718 0.2152282
0.7883035 0.2116965
0.7636833 0.2363167
0.7743512 0.2256488
0.7583538 0.2416462
0.7858309 0.2141691
0.7867725 0.2132275
0.7964957 0.2035043
0.7909754 0.2090246
0.779857 0.220143
0.7947209 0.2052791
0.8098772 0.1901228
0.7786557 0.2213443
0.7558697 0.2441303
0.7853292 0.2146708
0.7567482 0.2432518
0.7887803 0.2112197
0.7862102 0.2137898
0.7806865 0.2193135
0.8105065 0.1894935
0.7814214 0.2185786
0.7754129 0.2245871
0.7691758 0.2308242
0.7532332 0.2467668
0.7933838 0.2066162
0.7716889 0.2283111
0.7969853 0.2030147
0.7863714 0.2136286
0.7963279 0.2036721
0.7857458 0.2142542
0.7514701 0.2485299
0.8008231 0.1991769
0.7714886 0.2285114
0.7891746 0.2108254
0.765519 0.234481
0.7748083 0.2251917
0.7894727 0.2105273
0.7751405 0.2248595
0.7729955 0.2270045
0.7957978 0.2042022
0.7895522 0.2104478
0.7812608 0.2187392
0.805975 0.194025
0.7930975 0.2069025
0.7643873 0.2356127
0.7648711 0.2351289
0.7878043 0.2121957
0.7588052 0.2411948
0.7748708 0.2251292
0.7820216 0.2179784
0.8013986 0.1986014
0.7617727 0.2382273
0.7752146 0.2247854
0.7768082 0.2231918
0.7734201 0.2265799
0.7964749 0.2035251
0.7967981 0.2032019
0.7951397 0.2048603
0.7885399 0.2114601
0.7938166 0.2061834
0.7958633 0.2041367
0.7858171 0.2141829
0.7794632 0.2205368
0.7599651 0.2400349
0.7972202 0.2027798
0.7893813 0.2106187
0.7774888 0.2225112
0.776006 0.223994
0.7529478 0.2470522
0.800202 0.199798
0.7835631 0.2164369
0.7601043 0.2398957
0.769137 0.230863
0.7681628 0.2318372
0.7835985 0.2164015
0.7651944 0.2348056
0.7732357 0.2267643
0.7919067 0.2080933
0.7762548 0.2237452
0.7724235 0.2275765
0.7827714 0.2172286
0.7808346 0.2191654
0.7826575 0.2173425
0.781852 0.218148
0.8008854 0.1991146
0.7968691 0.2031309
0.7545798 0.2454202
0.7811856 0.2188144
0.7775233 0.2224767
0.785203 0.214797
0.7780091 0.2219909
0.8031932 0.1968068
0.7569348 0.2430652
0.7743149 0.2256851
0.7722489 0.2277511
0.7961861 0.2038139
0.7844512 0.2155488
0.7744194 0.2255806
0.775494 0.224506
0.8033237 0.1966763
0.7653267 0.2346733
0.7805464 0.2194536
0.7695155 0.2304845
0.7669407 0.2330593
0.795323 0.204677
0.779323 0.220677
0.7915219 0.2084781
0.7833022 0.2166978
0.7776778 0.2223222
0.7710065 0.2289935
0.7571869 0.2428131
0.7809566 0.2190434
0.7820917 0.2179083
0.7742 0.2258
0.7782087 0.2217913
0.7821229 0.2178771
0.7884861 0.2115139
0.775775 0.224225
0.7906553 0.2093447
0.7899031 0.2100969
0.7722824 0.2277176
0.8021457 0.1978543
0.7889201 0.2110799
0.8078646 0.1921354
0.7700283 0.2299717
0.7770748 0.2229252
0.8054765 0.1945235
0.7788882 0.2211118
0.764175 0.235825
0.7776668 0.2223332
0.7858014 0.2141986
0.8025814 0.1974186
0.7631901 0.2368099
0.7727079 0.2272921
0.7796786 0.2203214
0.8016628 0.1983372
0.7857711 0.2142289
0.784388 0.215612
0.7821767 0.2178233
0.7772314 0.2227686
0.7907226 0.2092774
0.7852574 0.2147426
0.7911357 0.2088643
0.7918444 0.2081556
0.7875908 0.2124092
0.7680493 0.2319507
0.7615696 0.2384304
0.7892803 0.2107197
0.7883308 0.2116692
0.7879489 0.2120511
0.7573043 0.2426957
0.7842638 0.2157362
0.7963744 0.2036256
0.7584897 0.2415103
0.7908631 0.2091369
0.7721295 0.2278705
0.7635906 0.2364094
0.7617358 0.2382642
0.7764768 0.2235232
0.7892013 0.2107987
0.7888219 0.2111781
0.7758388 0.2241612
0.786495 0.213505
0.7751821 0.2248179
0.7616485 0.2383515
0.8000616 0.1999384
0.7891022 0.2108978
0.80509 0.19491
0.7907383 0.2092617
0.7944296 0.2055704
0.7840676 0.2159324
0.7826453 0.2173547
0.7873485 0.2126515
0.783657 0.216343
0.7760108 0.2239892
0.7985773 0.2014227
0.7813336 0.2186664
0.7658829 0.2341171
0.8006067 0.1993933
0.7859159 0.2140841
0.7776667 0.2223333
0.7717912 0.2282088
0.7754034 0.2245966
0.7683407 0.2316593
0.7821661 0.2178339
0.7537122 0.2462878
0.7831825 0.2168175
0.7903728 0.2096272
0.7809613 0.2190387
0.7734547 0.2265453
0.7704879 0.2295121
0.8002888 0.1997112
0.8146126 0.1853874
0.7766907 0.2233093
0.7875382 0.2124618
0.7947159 0.2052841
0.8089743 0.1910257
0.7947774 0.2052226
0.7466977 0.2533023
0.8164408 0.1835592
0.7942285 0.2057715
0.7623166 0.2376834
0.7650578 0.2349422
0.7805355 0.2194645
0.7755904 0.2244096
0.785787 0.214213
0.8081084 0.1918916
0.7904944 0.2095056
0.7718277 0.2281723
0.7851764 0.2148236
0.7686136 0.2313864
0.7979839 0.2020161
0.7842778 0.2157222
0.7779339 0.2220661
0.7888003 0.2111997
0.8039166 0.1960834
0.7835282 0.2164718
0.793216 0.206784
0.7715271 0.2284729
0.7957308 0.2042692
0.771595 0.228405
0.7665335 0.2334665
0.8064671 0.1935329
0.7769518 0.2230482
0.8024482 0.1975518
0.7685523 0.2314477
0.7737783 0.2262217
0.7858213 0.2141787
0.7766021 0.2233979
0.7754403 0.2245597
0.7856901 0.2143099
0.7793429 0.2206571
0.7813359 0.2186641
0.7758236 0.2241764
0.7987295 0.2012705
0.7607915 0.2392085
0.795101 0.204899
0.8026194 0.1973806
0.7801048 0.2198952
0.7869737 0.2130263
0.7538753 0.2461247
0.7741721 0.2258279
0.7706435 0.2293565
0.7863455 0.2136545
0.766709 0.233291
0.8110819 0.1889181
0.7928806 0.2071194
0.7829913 0.2170087
0.7847546 0.2152454
0.7764056 0.2235944
0.7896212 0.2103788
0.7828139 0.2171861
0.7559412 0.2440588
0.7579118 0.2420882
0.7721886 0.2278114
0.7595433 0.2404567
0.7906507 0.2093493
0.7852338 0.2147662
0.7837589 0.2162411
0.769312 0.230688
0.7873803 0.2126197
0.7678138 0.2321862
0.7846119 0.2153881
0.7713458 0.2286542
0.7553347 0.2446653
0.7813247 0.2186753
0.7690112 0.2309888
0.7877446 0.2122554
0.8000681 0.1999319
0.7792608 0.2207392
0.7879616 0.2120384
0.7982007 0.2017993
0.7816398 0.2183602
0.772767 0.227233
0.7441652 0.2558348
0.7825884 0.2174116
0.7757725 0.2242275
0.8013991 0.1986009
0.7807307 0.2192693
0.7929819 0.2070181
0.750669 0.249331
0.7781387 0.2218613
0.7666658 0.2333342
0.7651438 0.2348562
0.7686616 0.2313384
0.8058859 0.1941141
0.7643772 0.2356228
0.7932139 0.2067861
0.7858034 0.2141966
0.7718281 0.2281719
0.7651106 0.2348894
0.7599092 0.2400908
0.77459 0.22541
0.7760855 0.2239145
0.7601831 0.2398169
0.7810697 0.2189303
0.7690462 0.2309538
0.8191304 0.1808696
0.7656721 0.2343279
0.7746153 0.2253847
0.7893543 0.2106457
0.7756183 0.2243817
0.7761335 0.2238665
0.7784479 0.2215521
0.7866898 0.2133102
0.787698 0.212302
0.7782005 0.2217995
0.7799128 0.2200872
0.7686101 0.2313899
0.7945813 0.2054187
0.7965713 0.2034287
0.7652297 0.2347703
0.7987146 0.2012854
0.7790808 0.2209192
0.7868918 0.2131082
0.7927802 0.2072198
0.789349 0.210651
0.8179973 0.1820027
0.7749003 0.2250997
0.8160697 0.1839303
0.7884989 0.2115011
0.7552402 0.2447598
0.7974191 0.2025809
0.7808378 0.2191622
0.7832065 0.2167935
0.7807975 0.2192025
0.7966857 0.2033143
0.770575 0.229425
0.7963634 0.2036366
0.7871288 0.2128712
0.7823123 0.2176877
0.8169897 0.1830103
0.8015278 0.1984722
0.7837374 0.2162626
0.7755897 0.2244103
0.7768701 0.2231299
0.7909972 0.2090028
0.7729364 0.2270636
0.7727612 0.2272388
0.8017733 0.1982267
0.7834629 0.2165371
0.7996678 0.2003322
0.7618354 0.2381646
0.7811904 0.2188096
0.7727021 0.2272979
0.7971959 0.2028041
0.7830066 0.2169934
0.7953236 0.2046764
0.7867116 0.2132884
0.7860956 0.2139044
0.764108 0.235892
0.7616688 0.2383312
0.7670295 0.2329705
0.7914538 0.2085462
0.8047672 0.1952328
0.8069781 0.1930219
0.7792899 0.2207101
0.7947574 0.2052426
0.7938973 0.2061027
0.8076068 0.1923932
0.7586003 0.2413997
0.7612066 0.2387934
0.7830001 0.2169999
0.772767 0.227233
0.7616109 0.2383891
0.7785958 0.2214042
0.795492 0.204508
0.7922067 0.2077933
0.7922647 0.2077353
0.7838277 0.2161723
0.7617614 0.2382386
0.75988 0.24012
0.769695 0.230305
0.7835622 0.2164378
0.7930134 0.2069866
0.783845 0.216155
0.7814964 0.2185036
0.7837469 0.2162531
0.7853388 0.2146612
0.7896951 0.2103049
0.7880873 0.2119127
0.781191 0.218809
0.7901377 0.2098623
0.7625904 0.2374096
0.7602164 0.2397836
0.7829422 0.2170578
0.7755647 0.2244353
0.8093193 0.1906807
0.7709802 0.2290198
0.7816601 0.2183399
0.7959669 0.2040331
0.8006491 0.1993509
0.7683209 0.2316791
0.7929035 0.2070965
0.7790438 0.2209562
0.7770113 0.2229887
0.7747795 0.2252205
0.7766759 0.2233241
0.7810139 0.2189861
0.7841151 0.2158849
0.7846721 0.2153279
0.7856659 0.2143341
0.7757655 0.2242345
0.7838158 0.2161842
0.7606252 0.2393748
0.7967193 0.2032807
0.7937213 0.2062787
0.8054742 0.1945258
0.776334 0.223666
0.7885246 0.2114754
0.7709825 0.2290175
0.779205 0.220795
0.764775 0.235225
0.7723396 0.2276604
0.7891306 0.2108694
0.7523851 0.2476149
0.7849942 0.2150058
0.8033561 0.1966439
0.7833338 0.2166662
0.7859539 0.2140461
0.8041131 0.1958869
0.75318 0.24682
0.7644405 0.2355595
0.7728593 0.2271407
0.7794231 0.2205769
0.797055 0.202945
0.8028845 0.1971155
0.788818 0.211182
0.7851265 0.2148735
0.7906146 0.2093854
0.7864017 0.2135983
0.7605179 0.2394821
0.7782929 0.2217071
0.7988044 0.2011956
0.7700428 0.2299572
0.7642014 0.2357986
0.7800165 0.2199835
0.7612166 0.2387834
0.7791258 0.2208742
0.7739124 0.2260876
0.7791929 0.2208071
0.7860908 0.2139092
0.7885151 0.2114849
0.7747489 0.2252511
0.7945217 0.2054783
0.8010589 0.1989411
0.816203 0.183797
0.7799989 0.2200011
0.7887322 0.2112678
0.7720665 0.2279335
0.7980134 0.2019866
0.7654995 0.2345005
0.7948427 0.2051573
0.782379 0.217621
0.7910023 0.2089977
0.7908264 0.2091736
0.8106629 0.1893371
0.7877415 0.2122585
0.7825642 0.2174358
0.7931902 0.2068098
0.7969028 0.2030972
0.7955046 0.2044954
0.7808287 0.2191713
0.752089 0.247911
0.8000057 0.1999943
0.8024074 0.1975926
0.7988397 0.2011603
0.768072 0.231928
0.7913049 0.2086951
0.7864027 0.2135973
0.7819588 0.2180412
0.7901659 0.2098341
0.7856934 0.2143066
0.7898534 0.2101466
0.7665217 0.2334783
0.8002231 0.1997769
0.7819579 0.2180421
0.7930617 0.2069383
0.7849477 0.2150523
0.7594613 0.2405387
0.7906951 0.2093049
0.7624045 0.2375955
0.7850947 0.2149053
0.7774873 0.2225127
0.7755908 0.2244092
0.7815186 0.2184814
0.7585433 0.2414567
0.7850079 0.2149921
0.797959 0.202041
0.7731018 0.2268982
0.768757 0.231243
0.7769009 0.2230991
0.7817084 0.2182916
0.7891876 0.2108124
0.7829214 0.2170786
0.7832053 0.2167947
0.781884 0.218116
0.7698255 0.2301745
0.7731672 0.2268328
0.7608536 0.2391464
0.8025004 0.1974996
0.7959422 0.2040578
0.7906655 0.2093345
0.7890744 0.2109256
0.788313 0.211687
0.7666336 0.2333664
0.7998988 0.2001012
0.8055592 0.1944408
0.7851823 0.2148177
0.7748428 0.2251572
0.7773105 0.2226895
0.7947156 0.2052844
0.7840011 0.2159989
0.7564302 0.2435698
0.7919687 0.2080313
0.7815668 0.2184332
0.7899834 0.2100166
0.771753 0.228247
0.7872898 0.2127102
0.7928962 0.2071038
0.788785 0.211215
0.7812228 0.2187772
0.7570354 0.2429646
0.7991551 0.2008449
0.7709654 0.2290346
0.7934176 0.2065824
0.7724266 0.2275734
0.7690905 0.2309095
0.7776492 0.2223508
0.7810541 0.2189459
0.7859306 0.2140694
0.7681621 0.2318379
0.7804622 0.2195378
0.7958609 0.2041391
0.7789529 0.2210471
0.791348 0.208652
0.7735313 0.2264687
0.7663631 0.2336369
0.7863608 0.2136392
0.7707283 0.2292717
0.7593665 0.2406335
0.7680018 0.2319982
0.8008803 0.1991197
0.7835711 0.2164289
0.7788433 0.2211567
0.7799771 0.2200229
0.7787176 0.2212824
0.797279 0.202721
0.7881232 0.2118768
0.7607005 0.2392995
0.7955267 0.2044733
0.7816613 0.2183387
0.7847665 0.2152335
0.7907476 0.2092524
0.8007438 0.1992562
0.7863513 0.2136487
0.7941079 0.2058921
0.7784066 0.2215934
0.7652975 0.2347025
0.7916191 0.2083809
0.8078495 0.1921505
0.7902429 0.2097571
0.7865138 0.2134862
0.7665012 0.2334988
0.7786817 0.2213183
0.7729965 0.2270035
0.7753335 0.2246665
0.7646985 0.2353015
0.7692542 0.2307458
0.7606672 0.2393328
0.7643911 0.2356089
0.7940271 0.2059729
0.7746823 0.2253177
0.7763914 0.2236086
0.7835453 0.2164547
0.8029426 0.1970574
0.791665 0.208335
0.7623589 0.2376411
0.782361 0.217639
0.7933128 0.2066872
0.7764299 0.2235701
0.7993296 0.2006704
0.7901553 0.2098447
0.7886479 0.2113521
0.7631305 0.2368695
0.786145 0.213855
0.802584 0.197416
0.756885 0.243115
0.7916569 0.2083431
0.766862 0.233138
0.7914258 0.2085742
0.8217068 0.1782932
0.7749393 0.2250607
0.77084 0.22916
0.7745367 0.2254633
0.7762748 0.2237252
0.760696 0.239304
0.7736008 0.2263992
0.7843247 0.2156753
0.8111062 0.1888938
0.7605112 0.2394888
0.7989571 0.2010429
0.762151 0.237849
0.7792184 0.2207816
0.7937809 0.2062191
0.7863504 0.2136496
0.7999366 0.2000634
0.7956156 0.2043844
0.780322 0.219678
0.7702493 0.2297507
0.7730412 0.2269588
0.7705261 0.2294739
0.7723627 0.2276373
0.7778683 0.2221317
0.7689706 0.2310294
0.7832717 0.2167283
0.7564871 0.2435129
0.7767721 0.2232279
0.790755 0.209245
0.7957175 0.2042825
0.7949521 0.2050479
0.7698326 0.2301674
0.7854948 0.2145052
0.7734375 0.2265625
0.7851204 0.2148796
0.7668972 0.2331028
0.7865386 0.2134614
0.7805496 0.2194504
0.7853595 0.2146405
0.7822002 0.2177998
0.7897432 0.2102568
0.7650073 0.2349927
0.7933106 0.2066894
0.769376 0.230624
0.7631068 0.2368932
0.787583 0.212417
0.7840893 0.2159107
0.7540316 0.2459684
0.7902487 0.2097513
0.7680472 0.2319528
0.7926328 0.2073672
0.7667596 0.2332404
0.7950635 0.2049365
0.7887915 0.2112085
0.7932317 0.2067683
0.769261 0.230739
0.779346 0.220654
0.7830426 0.2169574
0.7896131 0.2103869
0.7974454 0.2025546
0.7745705 0.2254295
0.775583 0.224417
0.8017944 0.1982056
0.7737507 0.2262493
0.7757285 0.2242715
0.7770156 0.2229844
0.7666397 0.2333603
0.8018834 0.1981166
0.7875528 0.2124472
0.7797153 0.2202847
0.8101366 0.1898634
0.7591481 0.2408519
0.7899363 0.2100637
0.7840731 0.2159269
0.7837967 0.2162033
0.7734205 0.2265795
0.7794197 0.2205803
0.7802762 0.2197238
0.7923399 0.2076601
0.7666997 0.2333003
0.797043 0.202957
0.8153641 0.1846359
0.7772876 0.2227124
0.8008602 0.1991398
0.7689461 0.2310539
0.7852898 0.2147102
0.7829946 0.2170054
0.7855358 0.2144642
0.7836925 0.2163075
0.7780074 0.2219926
0.7838433 0.2161567
0.792013 0.207987
0.7936494 0.2063506
0.7995163 0.2004837
0.7491042 0.2508958
0.7779 0.2221
0.7412735 0.2587265
0.7649218 0.2350782
0.7798799 0.2201201
0.7794105 0.2205895
0.7736504 0.2263496
0.799263 0.200737
0.7729475 0.2270525
0.7912017 0.2087983
0.7969195 0.2030805
0.7634879 0.2365121
0.8016564 0.1983436
0.7801043 0.2198957
0.7824185 0.2175815
0.7841886 0.2158114
0.7697139 0.2302861
0.788721 0.211279
0.7773507 0.2226493
0.7677404 0.2322596
0.7896141 0.2103859
0.7940241 0.2059759
0.7983304 0.2016696
0.7803179 0.2196821
0.7754404 0.2245596
0.7714421 0.2285579
0.7910642 0.2089358
0.7873506 0.2126494
0.7936592 0.2063408
0.7719967 0.2280033
0.7961622 0.2038378
0.7773846 0.2226154
0.794874 0.205126
0.7911876 0.2088124
0.8090529 0.1909471
0.7897991 0.2102009
0.7902453 0.2097547
0.7910767 0.2089233
0.776741 0.223259
0.7942683 0.2057317
0.7970185 0.2029815
0.7864679 0.2135321
0.7919472 0.2080528
0.7953308 0.2046692
0.7870143 0.2129857
0.778181 0.221819
0.7536871 0.2463129
0.7705719 0.2294281
0.7872949 0.2127051
0.7950752 0.2049248
0.7558053 0.2441947
0.7889606 0.2110394
0.7991523 0.2008477
0.7800236 0.2199764
0.7968271 0.2031729
0.7763109 0.2236891
0.792514 0.207486
0.7727303 0.2272697
0.7697487 0.2302513
0.7676758 0.2323242
0.8134968 0.1865032
0.7852655 0.2147345
0.7673835 0.2326165
0.7760395 0.2239605
0.7831006 0.2168994
0.795622 0.204378
0.7768123 0.2231877
0.8031057 0.1968943
0.767554 0.232446
0.7752449 0.2247551
0.8024654 0.1975346
0.7775786 0.2224214
0.7896495 0.2103505
0.7645904 0.2354096
0.7981265 0.2018735
0.7761814 0.2238186
0.8145782 0.1854218
0.7881876 0.2118124
0.7578511 0.2421489
0.7985377 0.2014623
0.774667 0.225333
0.7827583 0.2172417
0.7519406 0.2480594
0.804294 0.195706
0.7883454 0.2116546
0.8066143 0.1933857
0.7734975 0.2265025
0.7973841 0.2026159
0.7915457 0.2084543
0.7885047 0.2114953
0.7866838 0.2133162
0.7916892 0.2083108
0.761184 0.238816
0.7749407 0.2250593
0.7576196 0.2423804
0.7921566 0.2078434
0.7790854 0.2209146
0.7929975 0.2070025
0.7715306 0.2284694
0.7773388 0.2226612
0.8191504 0.1808496
0.7814515 0.2185485
0.7824889 0.2175111
0.7940655 0.2059345
0.7751364 0.2248636
0.7652143 0.2347857
0.7624093 0.2375907
0.7664477 0.2335523
0.7999399 0.2000601
0.7984313 0.2015687
0.7961377 0.2038623
0.7903679 0.2096321
0.7851526 0.2148474
0.771894 0.228106
0.771085 0.228915
0.7969796 0.2030204
0.7886579 0.2113421
0.7768274 0.2231726
0.7833667 0.2166333
0.7960284 0.2039716
0.7934933 0.2065067
0.794921 0.205079
0.7808877 0.2191123
0.775474 0.224526
0.7499079 0.2500921
0.7640517 0.2359483
0.7664408 0.2335592
0.7681797 0.2318203
0.7736009 0.2263991
0.7745254 0.2254746
0.7959388 0.2040612
0.819355 0.180645
0.781224 0.218776
0.7920136 0.2079864
0.7584654 0.2415346
0.7832942 0.2167058
0.7628687 0.2371313
0.7788103 0.2211897
0.7771812 0.2228188
0.7796901 0.2203099
0.8131166 0.1868834
0.7537474 0.2462526
0.7910748 0.2089252
0.7796994 0.2203006
0.7800054 0.2199946
0.7903468 0.2096532
0.8053702 0.1946298
0.8097829 0.1902171
0.7827774 0.2172226
0.7630915 0.2369085
0.7782493 0.2217507
0.7999313 0.2000687
0.767317 0.232683
0.7682598 0.2317402
0.7755873 0.2244127
0.7756701 0.2243299
0.7689078 0.2310922
0.775167 0.224833
0.8069579 0.1930421
0.7914619 0.2085381
0.7932155 0.2067845
0.7819943 0.2180057
0.7814453 0.2185547
0.7811346 0.2188654
0.7703646 0.2296354
0.7936729 0.2063271
0.7638192 0.2361808
0.7881134 0.2118866
0.7400497 0.2599503
0.78617 0.21383
0.7853176 0.2146824
0.781464 0.218536
0.7802754 0.2197246
0.7750543 0.2249457
0.7597871 0.2402129
0.8258808 0.1741192
0.785437 0.214563
0.7631464 0.2368536
0.7778901 0.2221099
0.7891147 0.2108853
0.7904598 0.2095402
0.7916528 0.2083472
0.7769012 0.2230988
0.797887 0.202113
0.7560563 0.2439437
0.798945 0.201055
0.7766996 0.2233004
0.7959353 0.2040647
0.7974861 0.2025139
0.8057077 0.1942923
0.7887476 0.2112524
0.769959 0.230041
0.7783076 0.2216924
0.8127488 0.1872512
0.8052927 0.1947073
0.7798941 0.2201059
0.7813808 0.2186192
0.7876646 0.2123354
0.7765615 0.2234385
0.7764621 0.2235379
0.7842105 0.2157895
0.787849 0.212151
0.7922816 0.2077184
0.7478353 0.2521647
0.7906646 0.2093354
0.7820153 0.2179847
0.7884179 0.2115821
0.7670516 0.2329484
0.7881931 0.2118069
0.7753206 0.2246794
0.7934657 0.2065343
0.7786498 0.2213502
0.7705498 0.2294502
0.7694334 0.2305666
0.7854987 0.2145013
0.7522099 0.2477901
0.7831532 0.2168468
0.7563221 0.2436779
0.7768611 0.2231389
0.7697283 0.2302717
0.7690255 0.2309745
0.7780635 0.2219365
0.7787659 0.2212341
0.7865678 0.2134322
0.7603446 0.2396554
0.791102 0.208898
0.78602 0.21398
0.7888483 0.2111517
0.782517 0.217483
0.7888592 0.2111408
0.7985665 0.2014335
0.8049253 0.1950747
0.7804195 0.2195805
0.7870884 0.2129116
0.7797405 0.2202595
0.7739233 0.2260767
0.7815886 0.2184114
0.7809388 0.2190612
0.7943994 0.2056006
0.797272 0.202728
0.7938526 0.2061474
0.764646 0.235354
0.7733981 0.2266019
0.7724669 0.2275331
0.7943709 0.2056291
0.7927635 0.2072365
0.7681353 0.2318647
0.7873683 0.2126317
0.7976588 0.2023412
0.7732497 0.2267503
0.7803755 0.2196245
0.7809737 0.2190263
0.7811738 0.2188262
0.8136671 0.1863329
0.7600761 0.2399239
0.7699136 0.2300864
0.7841742 0.2158258
0.7762183 0.2237817
0.7616127 0.2383873
0.7708295 0.2291705
0.7766391 0.2233609
0.7882133 0.2117867
0.7728581 0.2271419
0.7789844 0.2210156
0.7742435 0.2257565
0.7830058 0.2169942
0.7807718 0.2192282
0.7931718 0.2068282
0.7667149 0.2332851
0.7861161 0.2138839
0.7877431 0.2122569
0.7832927 0.2167073
0.7917365 0.2082635
0.7887498 0.2112502
0.7740957 0.2259043
0.8017323 0.1982677
0.7702714 0.2297286
0.7614515 0.2385485
0.76971 0.23029
0.7967354 0.2032646
0.7813225 0.2186775
0.781121 0.218879
0.7969024 0.2030976
0.7956112 0.2043888
0.7775793 0.2224207
0.7736711 0.2263289
0.7974974 0.2025026
0.7826388 0.2173612
0.795871 0.204129
0.7519807 0.2480193
0.772236 0.227764
0.793075 0.206925
0.7880714 0.2119286
0.7834084 0.2165916
0.8053698 0.1946302
0.7935709 0.2064291
0.7544542 0.2455458
0.7818103 0.2181897
0.7784706 0.2215294
0.7935663 0.2064337
0.7799904 0.2200096
0.788778 0.211222
0.7638152 0.2361848
0.7690258 0.2309742
0.7712205 0.2287795
0.7800536 0.2199464
0.7989201 0.2010799
0.7665849 0.2334151
0.8020283 0.1979717
0.7768248 0.2231752
0.7675509 0.2324491
0.7966487 0.2033513
0.7869568 0.2130432
0.7732488 0.2267512
0.77631 0.22369
0.776052 0.223948
0.7820224 0.2179776
0.8035337 0.1964663
0.8033574 0.1966426
0.7933234 0.2066766
0.7786746 0.2213254
0.7759096 0.2240904
0.7835905 0.2164095
0.7787821 0.2212179
0.7921447 0.2078553
0.7805025 0.2194975
0.7900613 0.2099387
0.7849291 0.2150709
0.7987663 0.2012337
0.7884454 0.2115546
0.7912182 0.2087818
0.7832085 0.2167915
0.7675172 0.2324828
0.7780596 0.2219404
0.7671751 0.2328249
0.7791717 0.2208283
0.7912594 0.2087406
0.7774649 0.2225351
0.7707812 0.2292188
0.7752457 0.2247543
0.7885278 0.2114722
0.7781728 0.2218272
0.7885001 0.2114999
0.8024219 0.1975781
0.7876792 0.2123208
0.7923 0.2077
0.7658797 0.2341203
0.781685 0.218315
0.7891826 0.2108174
0.8083139 0.1916861
0.7854141 0.2145859
0.7931238 0.2068762
0.7691254 0.2308746
0.7632733 0.2367267
0.766709 0.233291
0.7714134 0.2285866
0.799283 0.200717
0.7997861 0.2002139
0.76845 0.23155
0.7809278 0.2190722
0.7853423 0.2146577
0.7878554 0.2121446
0.7965592 0.2034408
0.7811178 0.2188822
0.782004 0.217996
0.7880577 0.2119423
0.7832051 0.2167949
0.7757032 0.2242968
0.7756774 0.2243226
0.760283 0.239717
0.79245 0.20755
0.7693096 0.2306904
0.778996 0.221004
0.7995848 0.2004152
0.7677803 0.2322197
0.7907443 0.2092557
0.776804 0.223196
0.7618325 0.2381675
0.8208488 0.1791512
0.7810366 0.2189634
0.7602487 0.2397513
0.7651842 0.2348158
0.7761001 0.2238999
0.7770825 0.2229175
0.7938447 0.2061553
0.7837597 0.2162403
0.7604562 0.2395438
0.7491293 0.2508707
0.7684319 0.2315681
0.7898432 0.2101568
0.7824543 0.2175457
0.7890206 0.2109794
0.7739641 0.2260359
0.7674407 0.2325593
0.7576237 0.2423763
0.7891727 0.2108273
0.7575178 0.2424822
0.7894729 0.2105271
0.7896658 0.2103342
0.7992442 0.2007558
0.7686949 0.2313051
0.7862309 0.2137691
0.7972282 0.2027718
0.7959756 0.2040244
0.8090072 0.1909928
0.7805466 0.2194534
0.806129 0.193871
0.7884726 0.2115274
0.7868978 0.2131022
0.7799974 0.2200026
0.7653088 0.2346912
0.7562923 0.2437077
0.8050572 0.1949428
0.7801386 0.2198614
0.7812232 0.2187768
0.7689754 0.2310246
0.7557338 0.2442662
0.7520542 0.2479458
0.7988466 0.2011534
0.7912121 0.2087879
0.7789855 0.2210145
0.7507605 0.2492395
0.7869501 0.2130499
0.7995791 0.2004209
0.7733639 0.2266361
0.773478 0.226522
0.8011856 0.1988144
0.7845919 0.2154081
0.7837915 0.2162085
0.7879309 0.2120691
0.7545912 0.2454088
0.7902979 0.2097021
0.7611373 0.2388627
0.7749462 0.2250538
0.7854109 0.2145891
0.7821027 0.2178973
0.7834088 0.2165912
0.7734102 0.2265898
0.7998304 0.2001696
0.7896226 0.2103774
0.7739926 0.2260074
0.7719295 0.2280705
0.7973013 0.2026987
0.7993424 0.2006576
0.7613214 0.2386786
0.8138578 0.1861422
0.7894479 0.2105521
0.7830493 0.2169507
0.7816292 0.2183708
0.8006797 0.1993203
0.7903092 0.2096908
0.7700838 0.2299162
0.7837476 0.2162524
0.7558437 0.2441563
0.7813498 0.2186502
0.7982037 0.2017963
0.7828744 0.2171256
0.791538 0.208462
0.7920227 0.2079773
0.781354 0.218646
0.7973116 0.2026884
0.7802828 0.2197172
0.7769187 0.2230813
0.7886184 0.2113816
0.7886834 0.2113166
0.799437 0.200563
0.7787789 0.2212211
0.7869491 0.2130509
0.7904034 0.2095966
0.7975942 0.2024058
0.7865358 0.2134642
0.7680493 0.2319507
0.7852984 0.2147016
0.7631541 0.2368459
0.7974157 0.2025843
0.7973041 0.2026959
0.7957054 0.2042946
0.7644961 0.2355039
0.8024335 0.1975665
0.7909046 0.2090954
0.7952794 0.2047206
0.7777192 0.2222808
0.788681 0.211319
0.7862672 0.2137328
0.7707402 0.2292598
0.7857066 0.2142934
0.7771489 0.2228511
0.7599641 0.2400359
0.7808481 0.2191519
0.7773709 0.2226291
0.7889931 0.2110069
0.7707406 0.2292594
0.7781378 0.2218622
0.7854448 0.2145552
0.7807271 0.2192729
0.7945854 0.2054146
0.761282 0.238718
0.7691016 0.2308984
0.7792939 0.2207061
0.790079 0.209921
0.7782009 0.2217991
0.7837216 0.2162784
0.7864813 0.2135187
0.7844353 0.2155647
0.8100153 0.1899847
0.7658453 0.2341547
0.7997223 0.2002777
0.7731694 0.2268306
0.7978767 0.2021233
0.7866335 0.2133665
0.7935761 0.2064239
0.7744129 0.2255871
0.7772169 0.2227831
0.8014001 0.1985999
0.771911 0.228089
0.7814718 0.2185282
0.7826254 0.2173746
0.7922831 0.2077169
0.7993049 0.2006951
0.7625267 0.2374733
0.7811745 0.2188255
0.7795373 0.2204627
0.7537842 0.2462158
0.8007589 0.1992411
0.7516208 0.2483792
0.7516313 0.2483687
0.783777 0.216223
0.8004532 0.1995468
0.7809582 0.2190418
0.7879153 0.2120847
0.7645112 0.2354888
0.8172015 0.1827985
0.7651887 0.2348113
0.7608611 0.2391389
0.7780498 0.2219502
0.787792 0.212208
0.7743961 0.2256039
0.801781 0.198219
0.8090636 0.1909364
0.801064 0.198936
0.7811952 0.2188048
0.8078569 0.1921431
0.8010621 0.1989379
0.7788593 0.2211407
0.7782128 0.2217872
0.7789803 0.2210197
0.7965418 0.2034582
0.7670225 0.2329775
0.7776235 0.2223765
0.7565921 0.2434079
0.7921311 0.2078689
0.7797809 0.2202191
0.7724198 0.2275802
0.7695576 0.2304424
0.8057759 0.1942241
0.7526642 0.2473358
0.7558152 0.2441848
0.7786925 0.2213075
0.8111254 0.1888746
0.7716353 0.2283647
0.7725011 0.2274989
0.7851239 0.2148761
0.8002967 0.1997033
0.7542341 0.2457659
0.7903624 0.2096376
0.7846936 0.2153064
0.7977521 0.2022479
0.7725705 0.2274295
0.7703608 0.2296392
0.7655084 0.2344916
0.7953495 0.2046505
0.7681308 0.2318692
0.7985288 0.2014712
0.7635975 0.2364025
0.8078192 0.1921808
0.808387 0.191613
0.7956627 0.2043373
0.7728805 0.2271195
0.7838041 0.2161959
0.8003163 0.1996837
0.7668641 0.2331359
0.79214 0.20786
0.7994782 0.2005218
0.7803288 0.2196712
0.7734559 0.2265441
0.7793753 0.2206247
0.7831247 0.2168753
0.78223 0.21777
0.7719037 0.2280963
0.7873787 0.2126213
0.7830143 0.2169857
0.7885889 0.2114111
0.7716836 0.2283164
0.750442 0.249558
0.7747157 0.2252843
0.8156185 0.1843815
0.7811259 0.2188741
0.7776498 0.2223502
0.785855 0.214145
0.7850326 0.2149674
0.7753999 0.2246001
0.7955641 0.2044359
0.7630253 0.2369747
0.785482 0.214518
0.7784856 0.2215144
0.7809234 0.2190766
0.7591955 0.2408045
0.7951021 0.2048979
0.7862341 0.2137659
0.8052075 0.1947925
0.7687347 0.2312653
0.7859555 0.2140445
0.7656394 0.2343606
0.7904492 0.2095508
0.7815052 0.2184948
0.7648535 0.2351465
0.7538158 0.2461842
0.791783 0.208217
0.7693004 0.2306996
0.7662801 0.2337199
0.7511862 0.2488138
0.7951314 0.2048686
0.7838073 0.2161927
0.7884981 0.2115019
0.7654896 0.2345104
0.75996 0.24004
0.7851662 0.2148338
0.7757275 0.2242725
0.7817966 0.2182034
0.7934741 0.2065259
0.7780916 0.2219084
0.8063907 0.1936093
0.7930817 0.2069183
0.7808915 0.2191085
0.7819304 0.2180696
0.784627 0.215373
0.7945293 0.2054707
0.7866245 0.2133755
0.7571224 0.2428776
0.8093641 0.1906359
0.7737685 0.2262315
0.78646 0.21354
0.7730347 0.2269653
0.7763474 0.2236526
0.7820512 0.2179488
0.7662046 0.2337954
0.7760067 0.2239933
0.780618 0.219382
0.7709942 0.2290058
0.7985031 0.2014969
0.7570522 0.2429478
0.7772203 0.2227797
0.7762932 0.2237068
0.7736351 0.2263649
0.7666388 0.2333612
0.7795884 0.2204116
0.7710349 0.2289651
0.8187475 0.1812525
0.7882743 0.2117257
0.7659196 0.2340804
0.7658969 0.2341031
0.7766205 0.2233795
0.7541214 0.2458786
0.8042595 0.1957405
0.7983079 0.2016921
0.7763507 0.2236493
0.7815276 0.2184724
0.7738668 0.2261332
0.7729531 0.2270469
0.7788796 0.2211204
0.799371 0.200629
0.7839901 0.2160099
0.7871587 0.2128413
0.7528113 0.2471887
0.7834559 0.2165441
0.7707425 0.2292575
0.7864299 0.2135701
0.7830462 0.2169538
0.775255 0.224745
0.7631142 0.2368858
0.7708785 0.2291215
0.7820148 0.2179852
0.7694856 0.2305144
0.7776724 0.2223276
0.7937325 0.2062675
0.7741772 0.2258228
0.8027358 0.1972642
0.8047452 0.1952548
0.7941814 0.2058186
0.8016217 0.1983783
0.7798576 0.2201424
0.7725566 0.2274434
0.7636779 0.2363221
0.801716 0.198284
0.799982 0.200018
0.800021 0.199979
0.7729534 0.2270466
0.7918785 0.2081215
0.78859 0.21141
0.7683233 0.2316767
0.8033938 0.1966062
0.7994085 0.2005915
0.7847108 0.2152892
0.7940809 0.2059191
0.7837135 0.2162865
0.7560536 0.2439464
0.7722082 0.2277918
0.788938 0.211062
0.7907841 0.2092159
0.7730364 0.2269636
0.7849235 0.2150765
0.7881317 0.2118683
0.7562531 0.2437469
0.7660628 0.2339372
0.7913406 0.2086594
0.7591407 0.2408593
0.8044411 0.1955589
0.7865881 0.2134119
0.7660885 0.2339115
0.7666706 0.2333294
0.7713186 0.2286814
0.7880439 0.2119561
0.7740259 0.2259741
0.7660256 0.2339744
0.7942118 0.2057882
0.7812918 0.2187082
0.7775656 0.2224344
0.7548814 0.2451186
0.776966 0.223034
0.7734959 0.2265041
0.8026112 0.1973888
0.7817056 0.2182944
0.7821256 0.2178744
0.7755336 0.2244664
0.7597063 0.2402937
0.7986159 0.2013841
0.7799875 0.2200125
0.7586913 0.2413087
0.7759059 0.2240941
0.7776903 0.2223097
0.7692546 0.2307454
0.7804723 0.2195277
0.7923778 0.2076222
0.7594524 0.2405476
0.7814733 0.2185267
0.7729563 0.2270437
0.7816255 0.2183745
0.7917155 0.2082845
0.7973078 0.2026922
0.7835299 0.2164701
0.7766621 0.2233379
0.7705296 0.2294704
0.7487248 0.2512752
0.7796554 0.2203446
0.7927929 0.2072071
0.7884792 0.2115208
0.7816769 0.2183231
0.7873354 0.2126646
0.7901516 0.2098484
0.7651846 0.2348154
0.7810163 0.2189837
0.7582613 0.2417387
0.7991415 0.2008585
0.7925294 0.2074706
0.7770212 0.2229788
0.7886503 0.2113497
0.7762254 0.2237746
0.7642001 0.2357999
0.7786917 0.2213083
0.7629012 0.2370988
0.7905947 0.2094053
0.7848082 0.2151918
0.7906966 0.2093034
0.7631364 0.2368636
0.7557123 0.2442877
0.789108 0.210892
0.7596043 0.2403957
0.7604548 0.2395452
0.7901972 0.2098028
0.8084295 0.1915705
0.7836976 0.2163024
0.7799195 0.2200805
0.7812441 0.2187559
0.7912697 0.2087303
0.777384 0.222616
0.7947204 0.2052796
0.7768209 0.2231791
0.796222 0.203778
0.8020526 0.1979474
0.7863431 0.2136569
0.7790226 0.2209774
0.7851267 0.2148733
0.7651305 0.2348695
0.7641617 0.2358383
0.7892478 0.2107522
0.7807438 0.2192562
0.7732777 0.2267223
0.7756814 0.2243186
0.7660199 0.2339801
0.7764265 0.2235735
0.7800128 0.2199872
0.785306 0.214694
0.7802334 0.2197666
0.7766548 0.2233452
0.7492975 0.2507025
0.7803335 0.2196665
0.7734245 0.2265755
0.7747499 0.2252501
0.7764093 0.2235907
0.8025065 0.1974935
0.7880617 0.2119383
0.7721045 0.2278955
0.8037557 0.1962443
0.7769384 0.2230616
0.7827722 0.2172278
0.7693459 0.2306541
0.7787922 0.2212078
0.7945549 0.2054451
0.7958995 0.2041005
0.7991849 0.2008151
0.7881504 0.2118496
0.7723319 0.2276681
0.7795055 0.2204945
0.7978913 0.2021087
0.7988813 0.2011187
0.7835611 0.2164389
0.7910314 0.2089686
0.7924983 0.2075017
0.7818796 0.2181204
0.7853573 0.2146427
0.7839517 0.2160483
0.7932277 0.2067723
0.7924907 0.2075093
0.7630767 0.2369233
0.7739627 0.2260373
0.7727914 0.2272086
0.8062283 0.1937717
0.7966551 0.2033449
0.7831549 0.2168451
0.7818067 0.2181933
0.7673981 0.2326019
0.7911863 0.2088137
0.7767894 0.2232106
0.7875506 0.2124494
0.7933665 0.2066335
0.7694271 0.2305729
0.8077183 0.1922817
0.7855607 0.2144393
0.7731344 0.2268656
0.7706186 0.2293814
0.7785969 0.2214031
0.7733151 0.2266849
0.7712777 0.2287223
0.7992105 0.2007895
0.7800294 0.2199706
0.7675178 0.2324822
0.7888102 0.2111898
0.7671461 0.2328539
0.7688016 0.2311984
0.7944964 0.2055036
0.7879642 0.2120358
0.7663195 0.2336805
0.7613965 0.2386035
0.7853321 0.2146679
0.7943793 0.2056207
0.7945737 0.2054263
0.7874594 0.2125406
0.7797557 0.2202443
0.7859502 0.2140498
0.7746417 0.2253583
0.7849858 0.2150142
0.7881756 0.2118244
0.7616482 0.2383518
0.7745957 0.2254043
0.7689319 0.2310681
0.7477364 0.2522636
0.7810234 0.2189766
0.7785074 0.2214926
0.7811289 0.2188711
0.7539366 0.2460634
0.7642999 0.2357001
0.7690535 0.2309465
0.7865435 0.2134565
0.8051607 0.1948393
0.7611368 0.2388632
0.7875311 0.2124689
0.7638659 0.2361341
0.7763472 0.2236528
0.813906 0.186094
0.7566721 0.2433279
0.7863233 0.2136767
0.7966094 0.2033906
0.7804454 0.2195546
0.7737926 0.2262074
0.7858811 0.2141189
0.7579378 0.2420622
0.7974565 0.2025435
0.7793907 0.2206093
0.7871326 0.2128674
0.7923163 0.2076837
0.7800161 0.2199839
0.7811935 0.2188065
0.7739623 0.2260377
0.7875543 0.2124457
0.7884261 0.2115739
0.801567 0.198433
0.773547 0.226453
0.8058563 0.1941437
0.7827488 0.2172512
0.7643353 0.2356647
0.7853631 0.2146369
0.7808969 0.2191031
0.7725144 0.2274856
0.770318 0.229682
0.765607 0.234393
0.7950864 0.2049136
0.8000731 0.1999269
0.7791675 0.2208325
0.7416596 0.2583404
0.7807046 0.2192954
0.8080231 0.1919769
0.788072 0.211928
0.7764713 0.2235287
0.7856679 0.2143321
0.7839964 0.2160036
0.7926993 0.2073007
0.8063955 0.1936045
0.7904732 0.2095268
0.7447484 0.2552516
0.8083084 0.1916916
0.7522293 0.2477707
0.7918883 0.2081117
0.8066567 0.1933433
0.7603701 0.2396299
0.8057938 0.1942062
0.7991699 0.2008301
0.7941448 0.2058552
0.7859292 0.2140708
0.7683728 0.2316272
0.7765627 0.2234373
0.7761105 0.2238895
0.770263 0.229737
0.7836089 0.2163911
0.7836004 0.2163996
0.7744428 0.2255572
0.7791331 0.2208669
0.7868593 0.2131407
0.7790483 0.2209517
0.784579 0.215421
0.7799553 0.2200447
0.7746857 0.2253143
0.7698259 0.2301741
0.7977983 0.2022017
0.7775932 0.2224068
0.7486969 0.2513031
0.7650341 0.2349659
0.7787103 0.2212897
0.7905119 0.2094881
0.7899923 0.2100077
0.7600083 0.2399917
0.7895168 0.2104832
0.7918956 0.2081044
0.7860477 0.2139523
0.7923276 0.2076724
0.769748 0.230252
0.7881382 0.2118618
0.7796235 0.2203765
0.7722365 0.2277635
0.7839308 0.2160692
0.789703 0.210297
0.7614807 0.2385193
0.7457682 0.2542318
0.783084 0.216916
0.7496399 0.2503601
0.7959515 0.2040485
0.7821679 0.2178321
0.7658896 0.2341104
0.7675204 0.2324796
0.7747173 0.2252827
0.7853892 0.2146108
0.7732734 0.2267266
0.788822 0.211178
0.7764008 0.2235992
0.7874628 0.2125372
0.7667945 0.2332055
0.7777663 0.2222337
0.7664528 0.2335472
0.7899114 0.2100886
0.7787183 0.2212817
0.7751686 0.2248314
0.7836609 0.2163391
0.7649954 0.2350046
0.7677132 0.2322868
0.7745907 0.2254093
0.7816389 0.2183611
0.7946588 0.2053412
0.7685494 0.2314506
0.7778827 0.2221173
0.7883459 0.2116541
0.7875802 0.2124198
0.7925544 0.2074456
0.7942719 0.2057281
0.7716493 0.2283507
0.7848425 0.2151575
0.785777 0.214223
0.7855132 0.2144868
0.7661036 0.2338964
0.8005152 0.1994848
0.7613012 0.2386988
0.7846458 0.2153542
0.7574667 0.2425333
0.7689462 0.2310538
0.781996 0.218004
0.7830884 0.2169116
0.7966943 0.2033057
0.790659 0.209341
0.7372541 0.2627459
0.8051136 0.1948864
0.8047611 0.1952389
0.7829371 0.2170629
0.7675317 0.2324683
0.7579985 0.2420015
0.7795333 0.2204667
0.7547484 0.2452516
0.796382 0.203618
0.7923608 0.2076392
0.7804873 0.2195127
0.8047791 0.1952209
0.7623647 0.2376353
0.7662213 0.2337787
0.7752562 0.2247438
0.7982557 0.2017443
0.7773827 0.2226173
0.8003243 0.1996757
0.7636229 0.2363771
0.7771426 0.2228574
0.794155 0.205845
0.789696 0.210304
0.7791819 0.2208181
0.7655589 0.2344411
0.7833387 0.2166613
0.7816857 0.2183143
0.7937463 0.2062537
0.7943103 0.2056897
0.785438 0.214562
0.7646745 0.2353255
0.7894926 0.2105074
0.8005908 0.1994092
0.7786264 0.2213736
0.7904088 0.2095912
0.7708197 0.2291803
0.7910041 0.2089959
0.783094 0.216906
0.7686599 0.2313401
0.7569863 0.2430137
0.7796557 0.2203443
0.7806561 0.2193439
0.7479932 0.2520068
0.7726304 0.2273696
0.7689176 0.2310824
0.7887197 0.2112803
0.7760309 0.2239691
0.7683735 0.2316265
0.7962108 0.2037892
0.7703076 0.2296924
0.7748191 0.2251809
0.7946539 0.2053461
0.7724772 0.2275228
0.7916897 0.2083103
0.7957005 0.2042995
0.7908284 0.2091716
0.797245 0.202755
0.7885286 0.2114714
0.7698823 0.2301177
0.7801802 0.2198198
0.7766481 0.2233519
0.779576 0.220424
0.7785475 0.2214525
0.7806685 0.2193315
0.7805668 0.2194332
0.7857014 0.2142986
0.7726158 0.2273842
0.759212 0.240788
0.7890375 0.2109625
0.7775489 0.2224511
0.7633851 0.2366149
0.7883438 0.2116562
0.7920624 0.2079376
0.7809924 0.2190076
0.7750924 0.2249076
0.7860495 0.2139505
0.7681809 0.2318191
0.7753821 0.2246179
0.8009704 0.1990296
0.7531369 0.2468631
0.749056 0.250944
0.7801535 0.2198465
0.781456 0.218544
0.7804365 0.2195635
0.7791589 0.2208411
0.7638017 0.2361983
0.7777029 0.2222971
0.7743079 0.2256921
0.7708277 0.2291723
0.7812578 0.2187422
0.810165 0.189835
0.7773993 0.2226007
0.7600586 0.2399414
0.7839984 0.2160016
0.7909861 0.2090139
0.7880827 0.2119173
0.7957521 0.2042479
0.7829048 0.2170952
0.7786713 0.2213287
0.7936877 0.2063123
0.7842576 0.2157424
0.7828274 0.2171726
0.7772341 0.2227659
0.806822 0.193178
0.7681331 0.2318669
0.7854871 0.2145129
0.7591831 0.2408169
0.7731532 0.2268468
0.7779439 0.2220561
0.7895825 0.2104175
0.7762857 0.2237143
0.7630422 0.2369578
0.7923373 0.2076627
0.7777849 0.2222151
0.7817582 0.2182418
0.7835486 0.2164514
0.7830379 0.2169621
0.7945789 0.2054211
0.7614936 0.2385064
0.7939306 0.2060694
0.7657777 0.2342223
0.7906059 0.2093941
0.7940471 0.2059529
0.7718334 0.2281666
0.7753316 0.2246684
0.797973 0.202027
0.7789423 0.2210577
0.781295 0.218705
0.8016371 0.1983629
0.7755438 0.2244562
0.7889812 0.2110188
0.7442308 0.2557692
0.7926966 0.2073034
0.7985931 0.2014069
0.7665321 0.2334679
0.77648 0.22352
0.7742125 0.2257875
0.7614511 0.2385489
0.7745451 0.2254549
0.7715913 0.2284087
0.793069 0.206931
0.7805336 0.2194664
0.7764511 0.2235489
0.7708904 0.2291096
0.7870543 0.2129457
0.7749488 0.2250512
0.8085589 0.1914411
0.7859438 0.2140562
0.7709965 0.2290035
0.774294 0.225706
0.7647115 0.2352885
0.7711322 0.2288678
0.7988376 0.2011624
0.781598 0.218402
0.7495474 0.2504526
0.7839057 0.2160943
0.7894843 0.2105157
0.7552363 0.2447637
0.769912 0.230088
0.7995214 0.2004786
0.7599247 0.2400753
0.7777088 0.2222912
0.813548 0.186452
0.7956278 0.2043722
0.7880424 0.2119576
0.7900805 0.2099195
0.8055651 0.1944349
0.7920294 0.2079706
0.7742461 0.2257539
0.7745822 0.2254178
0.7833233 0.2166767
0.7832853 0.2167147
0.7853224 0.2146776
0.7889606 0.2110394
0.7807188 0.2192812
0.7522203 0.2477797
0.7958078 0.2041922
0.7629558 0.2370442
0.8015734 0.1984266
0.7805401 0.2194599
0.7934916 0.2065084
0.7796014 0.2203986
0.7859289 0.2140711
0.7834824 0.2165176
0.8116053 0.1883947
0.7689129 0.2310871
0.7770122 0.2229878
0.7742917 0.2257083
0.7640058 0.2359942
0.7608311 0.2391689
0.795138 0.204862
0.7921686 0.2078314
0.7673242 0.2326758
0.7846393 0.2153607
0.7921102 0.2078898
0.7863156 0.2136844
0.7846169 0.2153831
0.773193 0.226807
0.809402 0.190598
0.7905686 0.2094314
0.7647751 0.2352249
0.7885169 0.2114831
0.7475913 0.2524087
0.7912106 0.2087894
0.7973235 0.2026765
0.7925928 0.2074072
0.7899656 0.2100344
0.7802312 0.2197688
0.7764513 0.2235487
0.8024618 0.1975382
0.7966986 0.2033014
0.7729314 0.2270686
0.8020708 0.1979292
0.7964062 0.2035938
0.7670867 0.2329133
0.7799444 0.2200556
0.7482547 0.2517453
0.7810902 0.2189098
0.7695775 0.2304225
0.802727 0.197273
0.7761738 0.2238262
0.7690419 0.2309581
0.7631647 0.2368353
0.7703056 0.2296944
0.7833196 0.2166804
0.7779524 0.2220476
0.7830722 0.2169278
0.7774879 0.2225121
0.7710624 0.2289376
0.7821589 0.2178411
0.7988515 0.2011485
0.7928183 0.2071817
0.7891026 0.2108974
0.7870832 0.2129168
0.7551721 0.2448279
0.7792429 0.2207571
0.7939651 0.2060349
0.7800283 0.2199717
0.7902687 0.2097313
0.8042853 0.1957147
0.7796026 0.2203974
0.7477856 0.2522144
0.7769463 0.2230537
0.7715905 0.2284095
0.7770808 0.2229192
0.7712796 0.2287204
0.7656372 0.2343628
0.78864 0.21136
0.7704846 0.2295154
0.7785624 0.2214376
0.7790163 0.2209837
0.8026602 0.1973398
0.7853345 0.2146655
0.7655113 0.2344887
0.775734 0.224266
0.7543715 0.2456285
0.7733874 0.2266126
0.7976008 0.2023992
0.7800561 0.2199439
0.7919871 0.2080129
0.7665666 0.2334334
0.7810416 0.2189584
0.7850939 0.2149061
0.7945543 0.2054457
0.7866959 0.2133041
0.7735319 0.2264681
0.8011635 0.1988365
0.818913 0.181087
0.779101 0.220899
0.7494792 0.2505208
0.796406 0.203594
0.7866835 0.2133165
0.7684369 0.2315631
0.7870246 0.2129754
0.7709195 0.2290805
0.7824485 0.2175515
0.7864273 0.2135727
0.7903497 0.2096503
0.784164 0.215836
0.7996776 0.2003224
0.7980345 0.2019655
0.7807124 0.2192876
0.7802647 0.2197353
0.8203375 0.1796625
0.7806267 0.2193733
0.7740298 0.2259702
0.7683627 0.2316373
0.7913024 0.2086976
0.7647958 0.2352042
0.7928762 0.2071238
0.7828719 0.2171281
0.7740491 0.2259509
0.7715182 0.2284818
0.7728777 0.2271223
0.7846766 0.2153234
0.7966719 0.2033281
0.8017322 0.1982678
0.7871481 0.2128519
0.7878452 0.2121548
0.7732184 0.2267816
0.8059493 0.1940507
0.7805334 0.2194666
0.8047494 0.1952506
0.780553 0.219447
0.8001524 0.1998476
0.776129 0.223871
0.7852485 0.2147515
0.7986088 0.2013912
0.786198 0.213802
0.7938247 0.2061753
0.7735781 0.2264219
0.7873123 0.2126877
0.7675401 0.2324599
0.7799017 0.2200983
0.7900118 0.2099882
0.776836 0.223164
0.7822928 0.2177072
0.799549 0.200451
0.7871353 0.2128647
0.762522 0.237478
0.7638639 0.2361361
0.7963694 0.2036306
0.7851504 0.2148496
0.7751545 0.2248455
0.7853434 0.2146566
0.8015093 0.1984907
0.7828245 0.2171755
0.7691558 0.2308442
0.8230099 0.1769901
0.7824086 0.2175914
0.7609859 0.2390141
0.7624759 0.2375241
0.7732607 0.2267393
0.7746086 0.2253914
0.7703695 0.2296305
0.7915903 0.2084097
0.7765688 0.2234312
0.7809785 0.2190215
0.795912 0.204088
0.7869049 0.2130951
0.7754645 0.2245355
0.7803048 0.2196952
0.8030483 0.1969517
0.7773366 0.2226634
0.7961455 0.2038545
0.7759639 0.2240361
0.760832 0.239168
0.8020583 0.1979417
0.7797977 0.2202023
0.791675 0.208325
0.7738626 0.2261374
0.7758827 0.2241173
0.7859335 0.2140665
0.7851443 0.2148557
0.7864731 0.2135269
0.7913675 0.2086325
0.7648116 0.2351884
0.7867486 0.2132514
0.8182432 0.1817568
0.7560795 0.2439205
0.7753802 0.2246198
0.7658684 0.2341316
0.7804589 0.2195411
0.8005089 0.1994911
0.7806789 0.2193211
0.7755904 0.2244096
0.7806691 0.2193309
0.767144 0.232856
0.7983875 0.2016125
0.7670024 0.2329976
0.7999553 0.2000447
0.7723255 0.2276745
0.789425 0.210575
0.7904808 0.2095192
0.7755223 0.2244777
0.7767586 0.2232414
0.7781284 0.2218716
0.7761795 0.2238205
0.7912706 0.2087294
0.7861973 0.2138027
0.7938166 0.2061834
0.7511058 0.2488942
0.7884089 0.2115911
0.7888012 0.2111988
0.772513 0.227487
0.7783375 0.2216625
0.7871929 0.2128071
0.7731605 0.2268395
0.782518 0.217482
0.7758329 0.2241671
0.7812681 0.2187319
0.7840846 0.2159154
0.7707279 0.2292721
0.7868975 0.2131025
0.77593 0.22407
0.7753106 0.2246894
0.7674504 0.2325496
0.79702 0.20298
0.7594111 0.2405889
0.7631313 0.2368687
0.8117451 0.1882549
0.7881656 0.2118344
0.767233 0.232767
0.7772794 0.2227206
0.7920221 0.2079779
0.7886818 0.2113182
0.7889838 0.2110162
0.7486463 0.2513537
0.7746706 0.2253294
0.7825283 0.2174717
0.7952368 0.2047632
0.77272 0.22728
0.7716087 0.2283913
0.786498 0.213502
0.7796539 0.2203461
0.7809799 0.2190201
0.7703125 0.2296875
0.7750076 0.2249924
0.7791445 0.2208555
0.8057423 0.1942577
0.778413 0.221587
0.7607468 0.2392532
0.7915136 0.2084864
0.7904658 0.2095342
0.7692374 0.2307626
0.7983739 0.2016261
0.7845643 0.2154357
0.7802436 0.2197564
0.7881742 0.2118258
0.7804038 0.2195962
0.7963051 0.2036949
0.7662078 0.2337922
0.7651326 0.2348674
0.7655532 0.2344468
0.785657 0.214343
0.7720369 0.2279631
0.7712124 0.2287876
0.7837145 0.2162855
0.7856711 0.2143289
0.7677147 0.2322853
0.7767098 0.2232902
0.7787849 0.2212151
0.7807645 0.2192355
0.7938993 0.2061007
0.7662174 0.2337826
0.7587789 0.2412211
0.760391 0.239609
0.768358 0.231642
0.7987075 0.2012925
0.7741339 0.2258661
0.7833555 0.2166445
0.794857 0.205143
0.7920623 0.2079377
0.7891068 0.2108932
0.7849372 0.2150628
0.7806362 0.2193638
0.7602462 0.2397538
0.7727911 0.2272089
0.7437453 0.2562547
0.7770238 0.2229762
0.7694229 0.2305771
0.7845158 0.2154842
0.7711146 0.2288854
0.7591262 0.2408738
0.7733415 0.2266585
0.7694826 0.2305174
0.7902668 0.2097332
0.7921104 0.2078896
0.7837753 0.2162247
0.7769496 0.2230504
0.7893955 0.2106045
0.8097758 0.1902242
0.8014284 0.1985716
0.8011119 0.1988881
0.7825433 0.2174567
0.7940962 0.2059038
0.7772911 0.2227089
0.8030683 0.1969317
0.7999329 0.2000671
0.788475 0.211525
0.7719895 0.2280105
0.7994277 0.2005723
0.7788464 0.2211536
0.778328 0.221672
0.7834622 0.2165378
0.8000029 0.1999971
0.7644948 0.2355052
0.7749703 0.2250297
0.7856764 0.2143236
0.7878192 0.2121808
0.7745023 0.2254977
0.7785085 0.2214915
0.7934901 0.2065099
0.7634655 0.2365345
0.801338 0.198662
0.7867462 0.2132538
0.7951948 0.2048052
0.7841349 0.2158651
0.7945242 0.2054758
0.7901136 0.2098864
0.7579547 0.2420453
0.7835129 0.2164871
0.7958724 0.2041276
0.7549023 0.2450977
0.7422475 0.2577525
0.7994228 0.2005772
0.7969331 0.2030669
0.7853442 0.2146558
0.7903971 0.2096029
0.7837381 0.2162619
0.7988598 0.2011402
0.7807374 0.2192626
0.7720763 0.2279237
0.7872454 0.2127546
0.7855158 0.2144842
0.7931674 0.2068326
0.7749586 0.2250414
0.7930011 0.2069989
0.7617726 0.2382274
0.7979979 0.2020021
0.7860042 0.2139958
0.7815538 0.2184462
0.7624786 0.2375214
0.7993654 0.2006346
0.7799408 0.2200592
0.8015396 0.1984604
0.7632689 0.2367311
0.7761466 0.2238534
0.7855803 0.2144197
0.8095166 0.1904834
0.7640561 0.2359439
0.7872314 0.2127686
0.7660912 0.2339088
0.7685233 0.2314767
0.7872555 0.2127445
0.8018661 0.1981339
0.7833713 0.2166287
0.7832587 0.2167413
0.7666601 0.2333399
0.7772138 0.2227862
0.7785808 0.2214192
0.7820841 0.2179159
0.7842396 0.2157604
0.7723083 0.2276917
0.7809966 0.2190034
0.782608 0.217392
0.7803342 0.2196658
0.7794978 0.2205022
0.7978016 0.2021984
0.785165 0.214835
0.7921999 0.2078001
0.7745894 0.2254106
0.7833163 0.2166837
0.7393761 0.2606239
0.7806797 0.2193203
0.7790361 0.2209639
0.8021741 0.1978259
0.7796915 0.2203085
0.7510605 0.2489395
0.7872617 0.2127383
0.7674566 0.2325434
0.7956317 0.2043683
0.7806085 0.2193915
0.7647006 0.2352994
0.7758098 0.2241902
0.7738147 0.2261853
0.7843223 0.2156777
0.8029227 0.1970773
0.7976306 0.2023694
0.7695627 0.2304373
0.8027975 0.1972025
0.7711077 0.2288923
0.7730807 0.2269193
0.800971 0.199029
0.779861 0.220139
0.7794011 0.2205989
0.7860221 0.2139779
0.7572287 0.2427713
0.8118786 0.1881214
0.7965557 0.2034443
0.8076829 0.1923171
0.78156 0.21844
0.8026107 0.1973893
0.7875192 0.2124808
0.7792762 0.2207238
0.7780862 0.2219138
0.7738457 0.2261543
0.7732707 0.2267293
0.7905278 0.2094722
0.770665 0.229335
0.7917599 0.2082401
0.7782059 0.2217941
0.7506485 0.2493515
0.7849605 0.2150395
0.7997239 0.2002761
0.7772445 0.2227555
0.788505 0.211495
0.7919651 0.2080349
0.7819306 0.2180694
0.8063061 0.1936939
0.8156499 0.1843501
0.7768491 0.2231509
0.7746748 0.2253252
0.7850984 0.2149016
0.777047 0.222953
0.7903587 0.2096413
0.7845072 0.2154928
0.7731109 0.2268891
0.7703982 0.2296018
0.7636643 0.2363357
0.7677596 0.2322404
0.8069417 0.1930583
0.7618163 0.2381837
0.8087673 0.1912327
0.7713406 0.2286594
0.799238 0.200762
0.7875713 0.2124287
0.7685966 0.2314034
0.7751906 0.2248094
0.7937985 0.2062015
0.7707567 0.2292433
0.786805 0.213195
0.7946128 0.2053872
0.7926507 0.2073493
0.786676 0.213324
0.7800423 0.2199577
0.7960891 0.2039109
0.7823952 0.2176048
0.7730952 0.2269048
0.7733871 0.2266129
0.7894273 0.2105727
0.7941441 0.2058559
0.7709326 0.2290674
0.7770169 0.2229831
0.7787685 0.2212315
0.786871 0.213129
0.8084748 0.1915252
0.7710271 0.2289729
0.775099 0.224901
0.7579593 0.2420407
0.7930174 0.2069826
0.8015204 0.1984796
0.7797055 0.2202945
0.7566392 0.2433608
0.7842787 0.2157213
0.779973 0.220027
0.769611 0.230389
0.7788247 0.2211753
0.7809995 0.2190005
0.7833807 0.2166193
0.7719937 0.2280063
0.7997125 0.2002875
0.7834292 0.2165708
0.7839824 0.2160176
0.773566 0.226434
0.7799431 0.2200569
0.7832896 0.2167104
0.7917387 0.2082613
0.7941843 0.2058157
0.7825897 0.2174103
0.7964295 0.2035705
0.776353 0.223647
0.7780709 0.2219291
0.7682775 0.2317225
0.7846415 0.2153585
0.7698568 0.2301432
0.8073125 0.1926875
0.790306 0.209694
0.7601155 0.2398845
0.7538236 0.2461764
0.8017484 0.1982516
0.7636777 0.2363223
0.8016971 0.1983029
0.7814335 0.2185665
0.7704675 0.2295325
0.7988472 0.2011528
0.785699 0.214301
0.7537347 0.2462653
0.7935403 0.2064597
0.8008047 0.1991953
0.7707789 0.2292211
0.78208 0.21792
0.7645567 0.2354433
0.7920516 0.2079484
0.7766507 0.2233493
0.7864839 0.2135161
0.784732 0.215268
0.7873764 0.2126236
0.7965756 0.2034244
0.7829029 0.2170971
0.7634565 0.2365435
0.7763312 0.2236688
0.7976316 0.2023684
0.7817088 0.2182912
0.7764615 0.2235385
0.7742248 0.2257752
0.7751491 0.2248509
0.8016076 0.1983924
0.7918101 0.2081899
0.7649045 0.2350955
0.7878131 0.2121869
0.7913913 0.2086087
0.7778225 0.2221775
0.7827436 0.2172564
0.7980116 0.2019884
0.7873245 0.2126755
0.79343 0.20657
0.7939914 0.2060086
0.7843356 0.2156644
0.7804848 0.2195152
0.7510882 0.2489118
0.8071079 0.1928921
0.776084 0.223916
0.7889081 0.2110919
0.7986394 0.2013606
0.7786578 0.2213422
0.7921841 0.2078159
0.7983355 0.2016645
0.7934823 0.2065177
0.7863157 0.2136843
0.7840525 0.2159475
0.7691755 0.2308245
0.7906168 0.2093832
0.7947814 0.2052186
0.7596441 0.2403559
0.7768988 0.2231012
0.8031325 0.1968675
0.7909685 0.2090315
0.7730875 0.2269125
0.7816389 0.2183611
0.7766353 0.2233647
0.7682223 0.2317777
0.7657206 0.2342794
0.7851378 0.2148622
0.8084201 0.1915799
0.7864876 0.2135124
0.7698195 0.2301805
0.7985441 0.2014559
0.7923568 0.2076432
0.7806329 0.2193671
0.7834829 0.2165171
0.7810293 0.2189707
0.7840349 0.2159651
0.7853569 0.2146431
0.7869125 0.2130875
0.7691153 0.2308847
0.7581164 0.2418836
0.7852411 0.2147589
0.7891722 0.2108278
0.7681493 0.2318507
0.7875161 0.2124839
0.7461211 0.2538789
0.7958836 0.2041164
0.7827896 0.2172104
0.7968313 0.2031687
0.7717235 0.2282765
0.7837423 0.2162577
0.7344941 0.2655059
0.7562407 0.2437593
0.7951187 0.2048813
0.8048498 0.1951502
0.7812061 0.2187939
0.7728818 0.2271182
0.8076214 0.1923786
0.7688181 0.2311819
0.77129 0.22871
0.7836418 0.2163582
0.7950567 0.2049433
0.780794 0.219206
0.7753161 0.2246839
0.7793374 0.2206626
0.7924309 0.2075691
0.7731063 0.2268937
0.7756181 0.2243819
0.7834715 0.2165285
0.7873831 0.2126169
0.8052598 0.1947402
0.764854 0.235146
0.7837553 0.2162447
0.8020974 0.1979026
0.7732024 0.2267976
0.8172167 0.1827833
0.7685063 0.2314937
0.7771733 0.2228267
0.7988988 0.2011012
0.7711383 0.2288617
0.788227 0.211773
0.7627871 0.2372129
0.7809314 0.2190686
0.7778196 0.2221804
0.7919354 0.2080646
0.7788648 0.2211352
0.7723164 0.2276836
0.7704175 0.2295825
0.7934703 0.2065297
0.784309 0.215691
0.772898 0.227102
0.7890089 0.2109911
0.7898653 0.2101347
0.7954483 0.2045517
0.7895552 0.2104448
0.7728013 0.2271987
0.7799614 0.2200386
0.8098437 0.1901563
0.807588 0.192412
0.7684277 0.2315723
0.7761104 0.2238896
0.7728036 0.2271964
0.7819581 0.2180419
0.8118509 0.1881491
0.7953602 0.2046398
0.7779378 0.2220622
0.7754182 0.2245818
0.783922 0.216078
0.7939639 0.2060361
0.7846907 0.2153093
0.7871271 0.2128729
0.7942883 0.2057117
0.786954 0.213046
0.7844822 0.2155178
0.7595397 0.2404603
0.7661237 0.2338763
0.7761784 0.2238216
0.7883764 0.2116236
0.7674178 0.2325822
0.7703498 0.2296502
0.768178 0.231822
0.7969676 0.2030324
0.8002596 0.1997404
0.7506094 0.2493906
0.7717769 0.2282231
0.7906369 0.2093631
0.7869427 0.2130573
0.7715267 0.2284733
0.769332 0.230668
0.8168859 0.1831141
0.7884087 0.2115913
0.7953165 0.2046835
0.7748548 0.2251452
0.7914192 0.2085808
0.790236 0.209764
0.7655177 0.2344823
0.7764757 0.2235243
0.7738749 0.2261251
0.7909909 0.2090091
0.7710054 0.2289946
0.7567648 0.2432352
0.7843622 0.2156378
0.779564 0.220436
0.7857825 0.2142175
0.7769063 0.2230937
0.7901295 0.2098705
0.7879747 0.2120253
0.7965501 0.2034499
0.7858428 0.2141572
0.7725141 0.2274859
0.7846686 0.2153314
0.7883668 0.2116332
0.7604495 0.2395505
0.7856574 0.2143426
0.770455 0.229545
0.7638104 0.2361896
0.7771065 0.2228935
0.7973721 0.2026279
0.7845724 0.2154276
0.8017883 0.1982117
0.7583183 0.2416817
0.7771055 0.2228945
0.7689424 0.2310576
0.7961811 0.2038189
0.7642478 0.2357522
0.7809552 0.2190448
0.7651062 0.2348938
0.778135 0.221865
0.7815898 0.2184102
0.8063049 0.1936951
0.775323 0.224677
0.785485 0.214515
0.7851523 0.2148477
0.7709954 0.2290046
0.7745611 0.2254389
0.7740974 0.2259026
0.7757108 0.2242892
0.7787157 0.2212843
0.7967627 0.2032373
0.7907169 0.2092831
0.7793872 0.2206128
0.794877 0.205123
0.7967007 0.2032993
0.7783957 0.2216043
0.797987 0.202013
0.7637613 0.2362387
0.7543247 0.2456753
0.7940362 0.2059638
0.7885715 0.2114285
0.7806947 0.2193053
0.7707388 0.2292612
0.772361 0.227639
0.7636382 0.2363618
0.8040355 0.1959645
0.7608194 0.2391806
0.7977972 0.2022028
0.7848987 0.2151013
0.7736813 0.2263187
0.7780866 0.2219134
0.7790052 0.2209948
0.7794337 0.2205663
0.7933814 0.2066186
0.7637369 0.2362631
0.8106992 0.1893008
0.7774832 0.2225168
0.7867716 0.2132284
0.7908162 0.2091838
0.7752043 0.2247957
0.7880109 0.2119891
0.7870106 0.2129894
0.7779845 0.2220155
0.7754249 0.2245751
0.7932465 0.2067535
0.7870741 0.2129259
0.7806992 0.2193008
0.7820671 0.2179329
0.7910224 0.2089776
0.7746168 0.2253832
0.8042334 0.1957666
0.8076095 0.1923905
0.7611616 0.2388384
0.7616438 0.2383562
0.7792256 0.2207744
0.7805545 0.2194455
0.7849133 0.2150867
0.7877359 0.2122641
0.7847259 0.2152741
0.7795551 0.2204449
0.7767491 0.2232509
0.7742862 0.2257138
0.790767 0.209233
0.7737446 0.2262554
0.7852271 0.2147729
0.7813858 0.2186142
0.7962316 0.2037684
0.7997931 0.2002069
0.7990998 0.2009002
0.7669207 0.2330793
0.790442 0.209558
0.7842553 0.2157447
0.7807547 0.2192453
0.7825934 0.2174066
0.7841267 0.2158733
0.7953029 0.2046971
0.7632454 0.2367546
0.7859766 0.2140234
0.7760154 0.2239846
0.7966641 0.2033359
0.771103 0.228897
0.7853448 0.2146552
0.7874883 0.2125117
0.7823974 0.2176026
0.7891513 0.2108487
0.7827858 0.2172142
0.7868307 0.2131693
0.7779061 0.2220939
0.8251219 0.1748781
0.7851515 0.2148485
0.7667231 0.2332769
0.7653122 0.2346878
0.7800999 0.2199001
0.7610998 0.2389002
0.7795149 0.2204851
0.7860785 0.2139215
0.7532372 0.2467628
0.7686978 0.2313022
0.7736722 0.2263278
0.7822011 0.2177989
0.7765326 0.2234674
0.7821386 0.2178614
0.7803694 0.2196306
0.8204955 0.1795045
0.7725509 0.2274491
0.7931013 0.2068987
0.7944486 0.2055514
0.7937175 0.2062825
0.7695378 0.2304622
0.7830131 0.2169869
0.8052133 0.1947867
0.8139489 0.1860511
0.7771366 0.2228634
0.7880431 0.2119569
0.7854714 0.2145286
0.7804017 0.2195983
0.7699304 0.2300696
0.7871924 0.2128076
0.7573042 0.2426958
0.7902785 0.2097215
0.7609522 0.2390478
0.7616289 0.2383711
0.7757856 0.2242144
0.7588734 0.2411266
0.79268 0.20732
0.7770587 0.2229413
0.7650462 0.2349538
0.7802531 0.2197469
0.7850085 0.2149915
0.7795937 0.2204063
0.7677811 0.2322189
0.801722 0.198278
0.8045428 0.1954572
0.7814252 0.2185748
0.7745208 0.2254792
0.8019479 0.1980521
0.7910155 0.2089845
0.7572735 0.2427265
0.7865834 0.2134166
0.7810614 0.2189386
0.7821575 0.2178425
0.8007678 0.1992322
0.7856118 0.2143882
0.7697862 0.2302138
0.7854923 0.2145077
0.7878527 0.2121473
0.7539087 0.2460913
0.7742987 0.2257013
0.7984405 0.2015595
0.7909365 0.2090635
0.7829809 0.2170191
0.8115022 0.1884978
0.8012498 0.1987502
0.7791486 0.2208514
0.7792585 0.2207415
0.770543 0.229457
0.7720256 0.2279744
0.8055 0.1945
0.8064581 0.1935419
0.7815801 0.2184199
0.7591982 0.2408018
0.7840568 0.2159432
0.7896547 0.2103453
0.7641055 0.2358945
0.8070115 0.1929885
0.7828486 0.2171514
0.7899503 0.2100497
0.7835982 0.2164018
0.7878954 0.2121046
0.7816331 0.2183669
0.8078495 0.1921505
0.7917216 0.2082784
0.7633185 0.2366815
0.801908 0.198092
0.7831577 0.2168423
0.7553354 0.2446646
0.7863741 0.2136259
0.7964877 0.2035123
0.7953132 0.2046868
0.7620842 0.2379158
0.7725873 0.2274127
0.8025008 0.1974992
0.7838789 0.2161211
0.799467 0.200533
0.7920694 0.2079306
0.7904292 0.2095708
0.7781564 0.2218436
0.8028353 0.1971647
0.7862608 0.2137392
0.7794658 0.2205342
0.7903554 0.2096446
0.7839493 0.2160507
0.8015218 0.1984782
0.7834881 0.2165119
0.7763396 0.2236604
0.7946548 0.2053452
0.7972096 0.2027904
0.7690447 0.2309553
0.7564862 0.2435138
0.749153 0.250847
0.7975956 0.2024044
0.7994714 0.2005286
0.7929333 0.2070667
0.7701937 0.2298063
0.7545322 0.2454678
0.7768964 0.2231036
0.7772191 0.2227809
0.7897412 0.2102588
0.7720943 0.2279057
0.7670471 0.2329529
0.7699675 0.2300325
0.778122 0.221878
0.7730917 0.2269083
0.7868726 0.2131274
0.78206 0.21794
0.8035356 0.1964644
0.7795758 0.2204242
0.7734756 0.2265244
0.7753693 0.2246307
0.7613156 0.2386844
0.7777096 0.2222904
0.7891119 0.2108881
0.7911864 0.2088136
0.7885431 0.2114569
0.7842037 0.2157963
0.7671957 0.2328043
0.7812154 0.2187846
0.7936024 0.2063976
0.7782916 0.2217084
0.7612435 0.2387565
0.752234 0.247766
0.7760439 0.2239561
0.7549708 0.2450292
0.7634128 0.2365872
0.7671825 0.2328175
0.789252 0.210748
0.7804056 0.2195944
0.775646 0.224354
0.7970329 0.2029671
0.7812636 0.2187364
0.7991926 0.2008074
0.764612 0.235388
0.7768427 0.2231573
0.7554948 0.2445052
0.790868 0.209132
0.7738735 0.2261265
0.8015782 0.1984218
0.7895754 0.2104246
0.7591708 0.2408292
0.7666613 0.2333387
0.7922418 0.2077582
0.7602212 0.2397788
0.7599068 0.2400932
0.78071 0.21929
0.8063406 0.1936594
0.7860576 0.2139424
0.7978634 0.2021366
0.8001248 0.1998752
0.8010213 0.1989787
0.753576 0.246424
0.7595476 0.2404524
0.7893918 0.2106082
0.789681 0.210319
0.7808327 0.2191673
0.7954797 0.2045203
0.7839344 0.2160656
0.7663743 0.2336257
0.7943468 0.2056532
0.7830843 0.2169157
0.7623845 0.2376155
0.7873115 0.2126885
0.7689836 0.2310164
0.782503 0.217497
0.7880171 0.2119829
0.7790917 0.2209083
0.7682713 0.2317287
0.7828972 0.2171028
0.7726864 0.2273136
0.7715848 0.2284152
0.7702164 0.2297836
0.7790179 0.2209821
0.7715043 0.2284957
0.769576 0.230424
0.768589 0.231411
0.7945817 0.2054183
0.7940737 0.2059263
0.803121 0.196879
0.7868804 0.2131196
0.7753047 0.2246953
0.7797571 0.2202429
0.787166 0.212834
0.7779824 0.2220176
0.7980353 0.2019647
0.7903365 0.2096635
0.784033 0.215967
0.7705607 0.2294393
0.7812829 0.2187171
0.7871949 0.2128051
0.7522438 0.2477562
0.7624814 0.2375186
0.7758127 0.2241873
0.7897474 0.2102526
0.7632097 0.2367903
0.7638477 0.2361523
0.7707415 0.2292585
0.8132444 0.1867556
0.7831388 0.2168612
0.7516062 0.2483938
0.7852969 0.2147031
0.7913763 0.2086237
0.7865266 0.2134734
0.7574656 0.2425344
0.7936846 0.2063154
0.7957964 0.2042036
0.7941717 0.2058283
0.7605603 0.2394397
0.7924957 0.2075043
0.7859405 0.2140595
0.8002868 0.1997132
0.8040143 0.1959857
0.7702852 0.2297148
0.7886669 0.2113331
0.7777241 0.2222759
0.785846 0.214154
0.7846877 0.2153123
0.7812684 0.2187316
0.7910882 0.2089118
0.7985414 0.2014586
0.7856437 0.2143563
0.7612094 0.2387906
0.7610493 0.2389507
0.7843316 0.2156684
0.7848172 0.2151828
0.771197 0.228803
0.7641235 0.2358765
0.7875025 0.2124975
0.7737366 0.2262634
0.7748287 0.2251713
0.7769326 0.2230674
0.800927 0.199073
0.7880266 0.2119734
0.816114 0.183886
0.7446732 0.2553268
0.7749659 0.2250341
0.7873019 0.2126981
0.7787917 0.2212083
0.7860989 0.2139011
0.7977342 0.2022658
0.7967636 0.2032364
0.7849563 0.2150437
0.7722811 0.2277189
0.7503763 0.2496237
0.793085 0.206915
0.7861121 0.2138879
0.7839823 0.2160177
0.7751235 0.2248765
0.8102713 0.1897287
0.7871792 0.2128208
0.7819335 0.2180665
0.8011931 0.1988069
0.7459423 0.2540577
0.7820745 0.2179255
0.7683744 0.2316256
0.7877319 0.2122681
0.7707711 0.2292289
0.7797824 0.2202176
0.7637692 0.2362308
0.786772 0.213228
0.7994235 0.2005765
0.7760838 0.2239162
0.7894241 0.2105759
0.7899159 0.2100841
0.8037067 0.1962933
0.7807649 0.2192351
0.7794301 0.2205699
0.7630219 0.2369781
0.7846232 0.2153768
0.8132998 0.1867002
0.7520303 0.2479697
0.7980257 0.2019743
0.7850718 0.2149282
0.8092819 0.1907181
0.7820015 0.2179985
0.7793108 0.2206892
0.7849488 0.2150512
0.7803887 0.2196113
0.7838129 0.2161871
0.8110112 0.1889888
0.7871531 0.2128469
0.7782383 0.2217617
0.7804562 0.2195438
0.7837649 0.2162351
0.7849162 0.2150838
0.7961867 0.2038133
0.7570159 0.2429841
0.806962 0.193038
0.7787481 0.2212519
0.7646513 0.2353487
0.7851093 0.2148907
0.7816023 0.2183977
0.8016707 0.1983293
0.7875311 0.2124689
0.7972946 0.2027054
0.7989211 0.2010789
0.7897441 0.2102559
0.7829257 0.2170743
0.7786514 0.2213486
0.765808 0.234192
0.7676245 0.2323755
0.7936073 0.2063927
0.773694 0.226306
0.7910752 0.2089248
0.7543511 0.2456489
0.765048 0.234952
0.7838485 0.2161515
0.774176 0.225824
0.8018962 0.1981038
0.7800481 0.2199519
0.7658611 0.2341389
0.7741416 0.2258584
0.7617896 0.2382104
0.7834422 0.2165578
0.7794065 0.2205935
0.7742531 0.2257469
0.7803338 0.2196662
0.7695866 0.2304134
0.8017528 0.1982472
0.780425 0.219575
0.776407 0.223593
0.7839926 0.2160074
0.7660924 0.2339076
0.786768 0.213232
0.7686406 0.2313594
0.7847766 0.2152234
0.7818149 0.2181851
0.8013191 0.1986809
0.7888405 0.2111595
0.7809531 0.2190469
0.7644437 0.2355563
0.7761995 0.2238005
0.7930495 0.2069505
0.7970609 0.2029391
0.7715193 0.2284807
0.7790492 0.2209508
0.8045151 0.1954849
0.788715 0.211285
0.7987169 0.2012831
0.7816242 0.2183758
0.7952832 0.2047168
0.7818779 0.2181221
0.788503 0.211497
0.7734122 0.2265878
0.7866385 0.2133615
0.7890026 0.2109974
0.7615911 0.2384089
0.7954594 0.2045406
0.7674328 0.2325672
0.7978429 0.2021571
0.7687762 0.2312238
0.7656222 0.2343778
0.7891145 0.2108855
0.7895675 0.2104325
0.7428926 0.2571074
0.8121645 0.1878355
0.7678415 0.2321585
0.7851723 0.2148277
0.7822983 0.2177017
0.791979 0.208021
0.7781592 0.2218408
0.781119 0.218881
0.7741414 0.2258586
0.8160364 0.1839636
0.7823862 0.2176138
0.782527 0.217473
0.7960804 0.2039196
0.7874039 0.2125961
0.7940628 0.2059372
0.7849242 0.2150758
0.7869868 0.2130132
0.7716871 0.2283129
0.7991438 0.2008562
0.7920275 0.2079725
0.7812695 0.2187305
0.7708376 0.2291624
0.7851563 0.2148437
0.7731792 0.2268208
0.775898 0.224102
0.7824933 0.2175067
0.7818804 0.2181196
0.7959765 0.2040235
0.7631555 0.2368445
0.807273 0.192727
0.7701355 0.2298645
0.7816597 0.2183403
0.7965078 0.2034922
0.7818009 0.2181991
0.7797275 0.2202725
0.7897922 0.2102078
0.7800496 0.2199504
0.791426 0.208574
0.7879234 0.2120766
0.7772687 0.2227313
0.7702139 0.2297861
0.7725322 0.2274678
0.7627687 0.2372313
0.7969868 0.2030132
0.79286 0.20714
0.7776811 0.2223189
0.7980574 0.2019426
0.7796411 0.2203589
0.7728568 0.2271432
0.7942222 0.2057778
0.7697987 0.2302013
0.777598 0.222402
0.7805553 0.2194447
0.7797391 0.2202609
0.7864313 0.2135687
0.7756603 0.2243397
0.7864143 0.2135857
0.776022 0.223978
0.767723 0.232277
0.7931872 0.2068128
0.7743247 0.2256753
0.7753613 0.2246387
0.7937033 0.2062967
0.7808957 0.2191043
0.7924355 0.2075645
0.7814052 0.2185948
0.7730117 0.2269883
0.7690247 0.2309753
0.7827596 0.2172404
0.7717207 0.2282793
0.777913 0.222087
0.7828823 0.2171177
0.757573 0.242427
0.7676141 0.2323859
0.7779979 0.2220021
0.7807622 0.2192378
0.8033274 0.1966726
0.7849064 0.2150936
0.7799076 0.2200924
0.781124 0.218876
0.7873538 0.2126462
0.7992361 0.2007639
0.7725199 0.2274801
0.7668609 0.2331391
0.7902692 0.2097308
0.7898524 0.2101476
0.8041262 0.1958738
0.7784657 0.2215343
0.7830955 0.2169045
0.8009851 0.1990149
0.7778469 0.2221531
0.7704976 0.2295024
0.7823851 0.2176149
0.7756304 0.2243696
0.795244 0.204756
0.7855205 0.2144795
0.7936451 0.2063549
0.7793757 0.2206243
0.7546838 0.2453162
0.788506 0.211494
0.7895697 0.2104303
0.769171 0.230829
0.7977018 0.2022982
0.7872942 0.2127058
0.7828972 0.2171028
0.787137 0.212863
0.7881563 0.2118437
0.7651759 0.2348241
0.7905232 0.2094768
0.7896627 0.2103373
0.7831478 0.2168522
0.7899802 0.2100198
0.7859311 0.2140689
0.7746087 0.2253913
0.7893543 0.2106457
0.7807667 0.2192333
0.7606886 0.2393114
0.7374509 0.2625491
0.7911375 0.2088625
0.7828296 0.2171704
0.778499 0.221501
0.8014502 0.1985498
0.7868347 0.2131653
0.7663551 0.2336449
0.7844135 0.2155865
0.7880027 0.2119973
0.781871 0.218129
0.8038971 0.1961029
0.7703976 0.2296024
0.8077816 0.1922184
0.778684 0.221316
0.7602468 0.2397532
0.7541402 0.2458598
0.7868452 0.2131548
0.7649047 0.2350953
0.7904616 0.2095384
0.7783185 0.2216815
0.7754922 0.2245078
0.7913234 0.2086766
0.7873019 0.2126981
0.7812083 0.2187917
0.7546043 0.2453957
0.784559 0.215441
0.7908213 0.2091787
0.8019807 0.1980193
0.7765224 0.2234776
0.7749915 0.2250085
0.7461488 0.2538512
0.7773075 0.2226925
0.7891668 0.2108332
0.7861595 0.2138405
0.7743232 0.2256768
0.7672434 0.2327566
0.7816917 0.2183083
0.7870356 0.2129644
0.7854669 0.2145331
0.7935291 0.2064709
0.7903757 0.2096243
0.7928382 0.2071618
0.7670764 0.2329236
0.7628808 0.2371192
0.7706788 0.2293212
0.7706115 0.2293885
0.7801229 0.2198771
0.7814244 0.2185756
0.7842275 0.2157725
0.7696144 0.2303856
0.7816036 0.2183964
0.782642 0.217358
0.7923961 0.2076039
0.7865945 0.2134055
0.7869219 0.2130781
0.7822439 0.2177561
0.7669055 0.2330945
0.8095566 0.1904434
0.7688837 0.2311163
0.7537777 0.2462223
0.7703304 0.2296696
0.7850798 0.2149202
0.7684946 0.2315054
0.7478839 0.2521161
0.7780832 0.2219168
0.7706852 0.2293148
0.7943381 0.2056619
0.7700611 0.2299389
0.7782445 0.2217555
0.7734374 0.2265626
0.7715936 0.2284064
0.7938711 0.2061289
0.8026288 0.1973712
0.7839902 0.2160098
0.7940475 0.2059525
0.7812279 0.2187721
0.7943027 0.2056973
0.7973943 0.2026057
0.7748681 0.2251319
0.7969101 0.2030899
0.7794669 0.2205331
0.7632077 0.2367923
0.7920073 0.2079927
0.7596903 0.2403097
0.798273 0.201727
0.7810453 0.2189547
0.7998686 0.2001314
0.7778808 0.2221192
0.7753786 0.2246214
0.7727833 0.2272167
0.8101923 0.1898077
0.7822911 0.2177089
0.7729986 0.2270014
0.771173 0.228827
0.8049805 0.1950195
0.7677452 0.2322548
0.7688283 0.2311717
0.7701798 0.2298202
0.7761224 0.2238776
0.7876195 0.2123805
0.7703837 0.2296163
0.7937697 0.2062303
0.7709472 0.2290528
0.7864836 0.2135164
0.7861839 0.2138161
0.7899 0.2101
0.7871799 0.2128201
0.7697188 0.2302812
0.7844046 0.2155954
0.7811051 0.2188949
0.7844564 0.2155436
0.797362 0.202638
0.7978796 0.2021204
0.816661 0.183339
0.7582804 0.2417196
0.7854516 0.2145484
0.8009092 0.1990908
0.7934662 0.2065338
0.807719 0.192281
0.7954795 0.2045205
0.7854351 0.2145649
0.7685077 0.2314923
0.7960209 0.2039791
0.7607421 0.2392579
0.7604791 0.2395209
0.7837897 0.2162103
0.7558471 0.2441529
0.768363 0.231637
0.7629278 0.2370722
0.7592925 0.2407075
0.8034078 0.1965922
0.7656758 0.2343242
0.781387 0.218613
0.7808557 0.2191443
0.7881904 0.2118096
0.7488928 0.2511072
0.7845151 0.2154849
0.7522644 0.2477356
0.7878635 0.2121365
0.7882791 0.2117209
0.7856689 0.2143311
0.770127 0.229873
0.7765726 0.2234274
0.7807856 0.2192144
0.801228 0.198772
0.7744519 0.2255481
0.7823253 0.2176747
0.7607287 0.2392713
0.755722 0.244278
0.7749521 0.2250479
0.7779084 0.2220916
0.7713487 0.2286513
0.7935627 0.2064373
0.7886645 0.2113355
0.7842456 0.2157544
0.7759405 0.2240595
0.7650143 0.2349857
0.7852671 0.2147329
0.7850987 0.2149013
0.7924284 0.2075716
0.799889 0.200111
0.8035909 0.1964091
0.7756547 0.2243453
0.7740507 0.2259493
0.769193 0.230807
0.7852447 0.2147553
0.8000496 0.1999504
0.7564817 0.2435183
0.7909512 0.2090488
0.7903734 0.2096266
0.7722843 0.2277157
0.7833479 0.2166521
0.7884813 0.2115187
0.7652192 0.2347808
0.778913 0.221087
0.8012205 0.1987795
0.7768282 0.2231718
0.7807948 0.2192052
0.7885936 0.2114064
0.8063988 0.1936012
0.7661776 0.2338224
0.7743843 0.2256157
0.7981568 0.2018432
0.7748102 0.2251898
0.8027035 0.1972965
0.7650423 0.2349577
0.8170604 0.1829396
0.7885291 0.2114709
0.7943995 0.2056005
0.7789193 0.2210807
0.7735755 0.2264245
0.7788602 0.2211398
0.7958072 0.2041928
0.7715909 0.2284091
0.7616984 0.2383016
0.7779985 0.2220015
0.7617683 0.2382317
0.7835964 0.2164036
0.777854 0.222146
0.7893709 0.2106291
0.781625 0.218375
0.7760567 0.2239433
0.772042 0.227958
0.7773349 0.2226651
0.7622461 0.2377539
0.7649189 0.2350811
0.8029213 0.1970787
0.7881056 0.2118944
0.7977127 0.2022873
0.7653725 0.2346275
0.7884369 0.2115631
0.776266 0.223734
0.7686909 0.2313091
0.7948077 0.2051923
0.7738516 0.2261484
0.7774147 0.2225853
0.7956112 0.2043888
0.8106006 0.1893994
0.7699532 0.2300468
0.7890145 0.2109855
0.7879017 0.2120983
0.788878 0.211122
0.8014388 0.1985612
0.7359137 0.2640863
0.7699131 0.2300869
0.7673295 0.2326705
0.7866627 0.2133373
0.7887994 0.2112006
0.7663588 0.2336412
0.7652278 0.2347722
0.7774678 0.2225322
0.7926977 0.2073023
0.784087 0.215913
0.7955815 0.2044185
0.7904558 0.2095442
0.7959435 0.2040565
0.7719668 0.2280332
0.7707664 0.2292336
0.762107 0.237893
0.7759132 0.2240868
0.7776816 0.2223184
0.754073 0.245927
0.7726129 0.2273871
0.7782224 0.2217776
0.7990185 0.2009815
0.7574628 0.2425372
0.7834735 0.2165265
0.7760128 0.2239872
0.7931654 0.2068346
0.7669506 0.2330494
0.781529 0.218471
0.7786392 0.2213608
0.7799029 0.2200971
0.7961793 0.2038207
0.7789183 0.2210817
0.782374 0.217626
0.7631273 0.2368727
0.7738615 0.2261385
0.7943719 0.2056281
0.7587594 0.2412406
0.7845286 0.2154714
0.7834487 0.2165513
0.7890222 0.2109778
0.7546243 0.2453757
0.7856309 0.2143691
0.7848909 0.2151091
0.7727083 0.2272917
0.7860337 0.2139663
0.7621045 0.2378955
0.8108205 0.1891795
0.7832661 0.2167339
0.7992434 0.2007566
0.7903802 0.2096198
0.7690371 0.2309629
0.7968867 0.2031133
0.7826206 0.2173794
0.8160791 0.1839209
0.779204 0.220796
0.7580764 0.2419236
0.7901166 0.2098834
0.7476189 0.2523811
0.7849582 0.2150418
0.7931989 0.2068011
0.7842627 0.2157373
0.754028 0.245972
0.7872477 0.2127523
0.7875891 0.2124109
0.7778267 0.2221733
0.7660933 0.2339067
0.8050087 0.1949913
0.7718771 0.2281229
0.7831215 0.2168785
0.7966618 0.2033382
0.7774691 0.2225309
0.8012064 0.1987936
0.7724509 0.2275491
0.7864366 0.2135634
0.7843147 0.2156853
0.7858295 0.2141705
0.7677805 0.2322195
0.7832153 0.2167847
0.7950051 0.2049949
0.7981636 0.2018364
0.7970269 0.2029731
0.7737081 0.2262919
0.7979941 0.2020059
0.7894337 0.2105663
0.7682102 0.2317898
0.7545073 0.2454927
0.7905691 0.2094309
0.7709081 0.2290919
0.783225 0.216775
0.7550326 0.2449674
0.77933 0.22067
0.7567087 0.2432913
0.788016 0.211984
0.7987073 0.2012927
0.7867367 0.2132633
0.7794434 0.2205566
0.7703364 0.2296636
0.7766156 0.2233844
0.7732303 0.2267697
0.7802123 0.2197877
0.766411 0.233589
0.8105959 0.1894041
0.7798877 0.2201123
0.7703067 0.2296933
0.8174554 0.1825446
0.7507875 0.2492125
0.7515596 0.2484404
0.7972326 0.2027674
0.7706346 0.2293654
0.7888067 0.2111933
0.7868171 0.2131829
0.8003274 0.1996726
0.796527 0.203473
0.784009 0.215991
0.7751771 0.2248229
0.7853169 0.2146831
0.7786107 0.2213893
0.7964989 0.2035011
0.7839831 0.2160169
0.7915844 0.2084156
0.7791021 0.2208979
0.8050594 0.1949406
0.7676635 0.2323365
0.7864205 0.2135795
0.7504459 0.2495541
0.7730793 0.2269207
0.7900657 0.2099343
0.7753475 0.2246525
0.815039 0.184961
0.800879 0.199121
0.788576 0.211424
0.7716349 0.2283651
0.771893 0.228107
0.7964769 0.2035231
0.7733054 0.2266946
0.7777595 0.2222405
0.7616908 0.2383092
0.7676927 0.2323073
0.7842812 0.2157188
0.7695568 0.2304432
0.7844165 0.2155835
0.770922 0.229078
0.7828603 0.2171397
0.7641376 0.2358624
0.7851644 0.2148356
0.7674519 0.2325481
0.7645727 0.2354273
0.7695695 0.2304305
0.7665671 0.2334329
0.7855364 0.2144636
0.7745085 0.2254915
0.7511306 0.2488694
0.7905788 0.2094212
0.7587445 0.2412555
0.779418 0.220582
0.7794168 0.2205832
0.7846516 0.2153484
0.7906471 0.2093529
0.7858743 0.2141257
0.7769217 0.2230783
0.7956147 0.2043853
0.7765938 0.2234062
0.7838994 0.2161006
0.7800343 0.2199657
0.763159 0.236841
0.7797643 0.2202357
0.7526749 0.2473251
0.7963829 0.2036171
0.7697503 0.2302497
0.7901119 0.2098881
0.7747681 0.2252319
0.782136 0.217864
0.7664809 0.2335191
0.7598537 0.2401463
0.7891149 0.2108851
0.7591784 0.2408216
0.7820989 0.2179011
0.7827057 0.2172943
0.794759 0.205241
0.7792041 0.2207959
0.7634822 0.2365178
0.7766319 0.2233681
0.7844654 0.2155346
0.7793233 0.2206767
0.7684541 0.2315459
0.7907769 0.2092231
0.8072508 0.1927492
0.7641728 0.2358272
0.7728353 0.2271647
0.7827221 0.2172779
0.7747003 0.2252997
0.7684129 0.2315871
0.775097 0.224903
0.7718185 0.2281815
0.7962617 0.2037383
0.7590523 0.2409477
0.8106762 0.1893238
0.7767918 0.2232082
0.7822372 0.2177628
0.8151893 0.1848107
0.7857914 0.2142086
0.770601 0.229399
0.7890502 0.2109498
0.7802257 0.2197743
0.8149668 0.1850332
0.7652617 0.2347383
0.7892546 0.2107454
0.8085015 0.1914985
0.7962515 0.2037485
0.7675147 0.2324853
0.7813707 0.2186293
0.7854586 0.2145414
0.8077043 0.1922957
0.7951005 0.2048995
0.8022905 0.1977095
0.7835203 0.2164797
0.7784743 0.2215257
0.7911694 0.2088306
0.7913351 0.2086649
0.7814306 0.2185694
0.7874539 0.2125461
0.7746776 0.2253224
0.793961 0.206039
0.7723547 0.2276453
0.7990724 0.2009276
0.7548496 0.2451504
0.7752824 0.2247176
0.7793399 0.2206601
0.7786017 0.2213983
0.7678288 0.2321712
0.765886 0.234114
0.7705503 0.2294497
0.7787115 0.2212885
0.7614157 0.2385843
0.7715104 0.2284896
0.7851009 0.2148991
0.7785237 0.2214763
0.7754982 0.2245018
0.8044443 0.1955557
0.7886549 0.2113451
0.8036124 0.1963876
0.7831698 0.2168302
0.7680776 0.2319224
0.7929771 0.2070229
0.7885722 0.2114278
0.7950293 0.2049707
0.780332 0.219668
0.7808386 0.2191614
0.7700088 0.2299912
0.764522 0.235478
0.7514354 0.2485646
0.7436468 0.2563532
0.7612262 0.2387738
0.7719718 0.2280282
0.7809238 0.2190762
0.796449 0.203551
0.7920419 0.2079581
0.7874627 0.2125373
0.7908228 0.2091772
0.7903622 0.2096378
0.7736397 0.2263603
0.7713953 0.2286047
0.7901052 0.2098948
0.8023349 0.1976651
0.7559238 0.2440762
0.777836 0.222164
0.7548669 0.2451331
0.7620959 0.2379041
0.7754932 0.2245068
0.7761808 0.2238192
0.7951543 0.2048457
0.7736041 0.2263959
0.7930254 0.2069746
0.8035823 0.1964177
0.7850195 0.2149805
0.774421 0.225579
0.7828863 0.2171137
0.7595641 0.2404359
0.7637837 0.2362163
0.8026088 0.1973912
0.7913103 0.2086897
0.782416 0.217584
0.7703698 0.2296302
0.7939683 0.2060317
0.8053612 0.1946388
0.7881757 0.2118243
0.8179892 0.1820108
0.7868762 0.2131238
0.7810424 0.2189576
0.7755796 0.2244204
0.7811851 0.2188149
0.787095 0.212905
0.7907765 0.2092235
0.7840774 0.2159226
0.7969241 0.2030759
0.7925749 0.2074251
0.7738551 0.2261449
0.7643854 0.2356146
0.7667183 0.2332817
0.8207265 0.1792735
0.7586705 0.2413295
0.7929335 0.2070665
0.8040942 0.1959058
0.7468809 0.2531191
0.7523872 0.2476128
0.7744573 0.2255427
0.7879146 0.2120854
0.7877268 0.2122732
0.7853673 0.2146327
0.785165 0.214835
0.7977535 0.2022465
0.7534698 0.2465302
0.7697313 0.2302687
0.7681156 0.2318844
0.767309 0.232691
0.7583932 0.2416068
0.7973597 0.2026403
0.7777509 0.2222491
0.7854375 0.2145625
0.7720058 0.2279942
0.7558305 0.2441695
0.7693815 0.2306185
0.7818963 0.2181037
0.7836983 0.2163017
0.7686624 0.2313376
0.7718474 0.2281526
0.7822625 0.2177375
0.769586 0.230414
0.7655004 0.2344996
0.7836517 0.2163483
0.7965253 0.2034747
0.7777356 0.2222644
0.7862098 0.2137902
0.7696899 0.2303101
0.7914991 0.2085009
0.7716046 0.2283954
0.8074097 0.1925903
0.7912088 0.2087912
0.7736105 0.2263895
0.7815309 0.2184691
0.7933849 0.2066151
0.7631225 0.2368775
0.7773894 0.2226106
0.7878236 0.2121764
0.7671053 0.2328947
0.7601794 0.2398206
0.7779508 0.2220492
0.7716952 0.2283048
0.8027481 0.1972519
0.771876 0.228124
0.7893559 0.2106441
0.7863575 0.2136425
0.7925379 0.2074621
0.769761 0.230239
0.7875078 0.2124922
0.8055204 0.1944796
0.800881 0.199119
0.7848041 0.2151959
0.7707137 0.2292863
0.7657926 0.2342074
0.7982026 0.2017974
0.7742609 0.2257391
0.7432548 0.2567452
0.7758385 0.2241615
0.7806424 0.2193576
0.7748914 0.2251086
0.7949453 0.2050547
0.7939526 0.2060474
0.7918828 0.2081172
0.7827116 0.2172884
0.7774562 0.2225438
0.7832216 0.2167784
0.7807616 0.2192384
0.7898369 0.2101631
0.7672429 0.2327571
0.7789455 0.2210545
0.7682001 0.2317999
0.766097 0.233903
0.7853814 0.2146186
0.7709746 0.2290254
0.7776936 0.2223064
0.7794068 0.2205932
0.7784785 0.2215215
0.8049622 0.1950378
0.7653863 0.2346137
0.7798491 0.2201509
0.7828128 0.2171872
0.7813155 0.2186845
0.7935742 0.2064258
0.7830659 0.2169341
0.772305 0.227695
0.7850962 0.2149038
0.7782069 0.2217931
0.7683867 0.2316133
0.7922128 0.2077872
0.8044686 0.1955314
0.7787563 0.2212437
0.7776159 0.2223841
0.8009124 0.1990876
0.7909894 0.2090106
0.7866692 0.2133308
0.7996074 0.2003926
0.803376 0.196624
0.7903848 0.2096152
0.7706726 0.2293274
0.7860472 0.2139528
0.7791744 0.2208256
0.7847738 0.2152262
0.7969486 0.2030514
0.7721496 0.2278504
0.7850778 0.2149222
0.7755241 0.2244759
0.8095131 0.1904869
0.7947203 0.2052797
0.7773349 0.2226651
0.7755892 0.2244108
0.7816466 0.2183534
0.8152857 0.1847143
0.7695419 0.2304581
0.781432 0.218568
0.7755499 0.2244501
0.7644307 0.2355693
0.7643986 0.2356014
0.8045913 0.1954087
0.7704983 0.2295017
0.7732993 0.2267007
0.7921339 0.2078661
0.8032841 0.1967159
0.7874293 0.2125707
0.7675706 0.2324294
0.8116021 0.1883979
0.7687669 0.2312331
0.7900329 0.2099671
0.8050678 0.1949322
0.7572375 0.2427625
