u.bar t.bar 
0.8105447 1.734782 
1.049454 1.858398 
1.145491 1.963824 
1.101573 1.417497 
0.8482151 1.217381 
1.094713 1.246011 
1.242325 1.119174 
1.02682 1.230934 
1.169659 1.117106 
1.129019 1.367423 
1.030338 1.415857 
0.9851853 1.108315 
0.9932344 1.013168 
1.040213 1.101734 
1.096788 1.102409 
1.252116 1.494624 
0.8519955 1.413679 
1.093236 1.200432 
0.9488634 1.556029 
0.9139556 1.638142 
0.9817417 1.615241 
1.024556 1.630212 
1.049133 1.357481 
1.071191 1.68594 
0.873543 1.751542 
0.9973651 2.008699 
0.9275963 2.100527 
1.004316 1.704677 
0.9750489 1.76884 
1.178465 1.660241 
1.088737 1.62497 
0.7167419 2.108238 
0.9707633 2.136912 
1.039081 2.572892 
0.9958983 4.339347 
1.037156 3.578841 
0.9811469 1.897596 
0.8722475 1.639398 
0.8716422 1.571735 
1.140869 1.653419 
1.001452 1.284262 
0.9238117 1.710958 
1.170654 1.621271 
1.011893 1.529661 
0.9798476 1.498995 
0.9558153 1.370467 
1.005729 3.992467 
0.9278968 1.503394 
0.8700023 1.562216 
1.161964 1.494295 
1.222444 1.259907 
0.9559136 1.181578 
0.9591297 1.377995 
1.07283 1.32219 
1.151101 1.310165 
1.002389 1.281282 
1.03771 1.124815 
1.045166 1.136413 
1.089111 1.021518 
0.964309 1.27428 
1.159664 1.464709 
0.9816377 2.174313 
0.9567315 2.572058 
0.9176074 1.932418 
0.9120472 1.790684 
0.7823653 1.52681 
0.9094193 1.512527 
1.075691 1.443804 
1.029177 1.568612 
1.035604 1.128165 
1.013901 1.40016 
0.9751798 1.355335 
1.112374 1.608354 
0.8358724 1.295106 
1.134229 1.422179 
1.066911 1.509974 
0.8914469 1.809285 
0.9268381 1.447488 
1.138788 1.488465 
1.022716 1.398042 
1.221965 1.369181 
0.8571736 1.678891 
1.027716 1.650997 
1.165385 1.243895 
1.022205 1.15255 
0.9705474 1.122101 
1.010838 0.9730332 
1.067243 1.203796 
1.177051 0.9826582 
1.075823 0.8526938 
0.8944208 1.196788 
1.05084 1.304606 
0.879544 1.676653 
0.8973597 1.558495 
0.9799193 1.796684 
1.040356 1.997045 
0.9203634 2.302898 
1.015099 1.603436 
1.082462 1.996111 
0.8678337 2.004143 
1.046748 1.736155 
0.9489992 1.61678 
1.066044 1.689477 
1.02822 1.586098 
1.042767 1.524871 
0.9008791 1.602165 
0.9171032 1.956222 
1.006868 1.634274 
1.009276 1.273669 
1.093638 1.095105 
0.994444 0.9760788 
1.073829 0.8263004 
1.049268 0.7972692 
1.135568 1.048872 
0.9674203 1.20628 
0.9797716 1.172064 
1.040585 1.098936 
1.076044 1.021868 
1.002614 1.261708 
1.109294 1.279449 
0.9300566 1.55026 
0.8517618 1.356687 
0.876762 1.497694 
1.066986 1.531171 
1.020803 1.970886 
1.07336 1.635173 
1.085515 1.52971 
1.11194 1.256723 
0.9548652 1.447974 
0.9917147 1.313379 
0.9647551 1.404064 
1.147801 1.501793 
0.8255799 1.480309 
0.9397394 0.899225 
0.9649093 0.852458 
0.9342774 1.042269 
1.022148 1.420411 
1.144658 1.463164 
0.9130697 1.307795 
0.9979215 1.459639 
0.8271449 1.443689 
0.8755942 1.14041 
0.9817262 1.145045 
1.023948 1.118241 
1.08473 1.224033 
1.118975 1.297829 
1.100564 1.123079 
0.9696581 1.562107 
0.8935546 1.420172 
1.047221 1.478746 
1.180046 1.489171 
0.8931695 1.628971 
1.069466 1.536011 
1.066521 1.685389 
1.022351 1.415934 
1.007168 1.499763 
0.9524678 1.420832 
0.8580116 1.3629 
1.208907 1.522762 
0.7699486 1.907638 
0.9450917 1.813276 
0.9205562 1.720296 
0.9067434 1.690698 
1.008349 1.55932 
1.003664 1.019242 
1.111593 1.358085 
0.7282634 1.406072 
0.9129997 1.091778 
1.143356 1.169163 
1.149676 1.154013 
1.037619 1.264632 
0.9610838 1.200223 
1.042787 1.238678 
0.9977627 1.435977 
1.108286 1.162006 
0.8771292 1.051063 
1.183507 1.366888 
1.179572 1.291709 
0.9918488 1.312558 
1.204242 1.290113 
1.008452 1.394938 
1.140351 1.262207 
1.22749 1.445933 
1.046107 2.729008 
0.9742745 1.657805 
1.055827 1.465648 
1.081584 1.391237 
1.001326 1.069359 
1.003224 0.8530115 
1.064232 1.114488 
1.057564 1.143972 
1.031305 1.288574 
0.9407064 0.9463951 
1.056888 0.9572165 
0.9519804 0.9277574 
1.033006 1.012446 
1.110375 1.128305 
1.072284 1.037656 
1.240284 1.140591 
0.9889011 1.448732 
1.03281 1.380519 
1.011518 1.193125 
1.06445 1.313243 
1.03839 1.233894 
1.210448 1.184234 
1.123828 1.147361 
1.143677 1.507817 
0.9469657 1.549465 
1.039617 1.470677 
1.082676 1.321706 
0.8644548 1.42278 
1.034732 1.037364 
1.002687 1.319784 
0.9659225 1.259248 
1.089212 1.139492 
1.227909 1.326519 
1.209833 1.121146 
1.171281 1.534463 
1.017021 1.522659 
1.071313 1.325258 
0.8430589 1.058346 
1.049604 0.9723318 
0.9971409 1.489931 
0.9051755 1.35823 
1.121413 1.298131 
0.9349282 1.921558 
0.865698 1.904168 
0.9685299 1.316071 
1.118798 1.712703 
0.8176506 1.685933 
0.8594123 1.756131 
1.040279 1.318306 
1.049803 1.197236 
1.049238 1.074315 
0.9119014 1.398299 
0.9204301 1.246316 
1.024943 1.355608 
0.8182366 1.586113 
1.007569 1.633743 
0.9754283 1.305952 
0.9483394 1.306784 
1.268894 1.260636 
0.9523618 1.093496 
1.111337 1.065888 
1.05663 1.1384 
0.9412616 1.289136 
1.165487 1.282563 
1.055744 1.351101 
1.163453 1.125837 
1.188301 1.256169 
1.124241 1.132577 
0.9908154 1.254804 
1.255342 1.273722 
0.9202939 1.496563 
0.9026532 1.788295 
0.9371309 1.740186 
0.9970142 1.548639 
1.045813 1.435377 
1.06454 1.234267 
1.024984 1.249595 
1.164414 1.498387 
0.9482494 1.298968 
1.147805 1.243036 
1.130797 1.263712 
1.117669 1.002282 
1.185992 1.092421 
0.8926444 1.316718 
0.9302598 1.403428 
1.071928 1.385578 
0.9624623 1.783734 
1.196375 1.889573 
0.9280286 1.357862 
0.9448544 1.560284 
1.113973 1.492753 
0.8510973 1.407432 
1.057292 1.66496 
0.9728052 1.524831 
1.275731 1.314806 
1.047293 1.235847 
0.7894461 1.641188 
0.8998057 1.385362 
1.058543 1.447214 
1.103459 1.461464 
1.031038 1.184193 
1.096433 1.367229 
1.019286 1.585271 
1.123678 1.180818 
1.203799 1.063498 
1.239891 1.19132 
1.16889 1.044644 
1.049297 1.320148 
1.082257 1.569389 
0.9329408 1.472949 
1.330356 1.462433 
1.371297 1.531079 
1.316272 1.33011 
0.9904423 1.18251 
1.264302 1.281094 
0.9939135 1.203983 
0.8142641 1.511077 
1.149653 1.466651 
1.040566 1.33969 
1.119045 1.52476 
1.015326 1.318203 
1.187725 1.375024 
1.055129 1.322234 
1.061966 1.569737 
1.088114 1.223339 
0.9670699 1.2269 
0.8675927 1.683195 
0.9431527 1.436804 
0.9538047 1.404093 
0.99841 1.509094 
0.9455966 1.401693 
0.8575553 1.162312 
1.060615 1.261678 
1.076223 1.303859 
0.8701594 1.068598 
1.102946 1.248287 
1.029376 1.203569 
1.008239 1.206814 
1.020895 1.007939 
1.202648 1.135656 
1.181521 1.223781 
1.285753 1.234266 
0.8606807 1.542839 
1.111999 1.551148 
0.8590514 1.49136 
1.037872 1.553733 
0.9152885 1.856511 
0.8627677 1.855472 
0.9381462 1.673579 
1.21872 1.468333 
0.9075359 1.52061 
1.111089 1.508653 
1.064931 1.74433 
0.9482847 1.74215 
1.039935 1.282321 
1.084641 1.394953 
1.029815 1.294629 
0.8361524 1.430754 
1.137087 1.561205 
1.14016 1.848457 
0.9912771 1.333397 
1.00981 0.9394514 
0.8889035 1.273609 
1.030576 1.628739 
0.9754389 1.540101 
1.209321 1.838572 
1.0343 1.442414 
0.9823063 1.4641 
1.037636 1.561206 
1.068242 1.350678 
1.125432 1.368369 
0.950912 1.242474 
1.083172 1.50291 
0.9901129 1.236012 
0.9946932 1.265507 
1.172679 1.143035 
1.076808 0.9410892 
1.004004 0.9749058 
0.9905804 1.577759 
0.9756239 0.909488 
0.955239 0.9226022 
1.117824 0.8461701 
1.005318 0.8512805 
0.9637593 0.8379391 
1.143238 1.120998 
1.037728 0.9733025 
1.048446 1.050424 
0.9573746 1.201 
1.009904 1.118378 
1.051238 1.189601 
0.9906945 1.222733 
0.919097 1.447669 
0.9669775 1.358569 
1.051446 1.244513 
0.9802078 1.170839 
1.062636 1.250476 
1.037395 1.076174 
1.016962 1.058975 
1.129115 1.164181 
0.9881008 1.018045 
0.9273727 1.188483 
1.083741 1.0952 
1.02446 1.207851 
0.9564554 0.9895886 
1.061789 1.160185 
1.027854 1.235064 
1.169752 1.487242 
1.103051 1.284124 
0.9912042 1.159613 
1.019614 0.940141 
1.069072 0.8681092 
1.077589 0.7210014 
1.133592 0.8414389 
1.136661 0.9697401 
1.155616 1.030885 
1.090535 1.547952 
1.004579 1.519004 
1.053896 1.243728 
0.9484374 1.175272 
1.133748 1.307139 
0.983162 1.343088 
0.9892234 1.359337 
1.006919 1.324406 
1.231264 1.447726 
1.041672 1.139328 
0.8557404 1.476372 
1.247547 1.500847 
1.243523 1.615002 
0.8351907 1.438412 
0.9482537 1.584862 
1.050218 1.695051 
1.258285 1.744452 
1.009941 1.482169 
0.8851342 1.486179 
0.8810848 1.287951 
1.036701 1.12969 
1.107783 0.9862134 
1.035208 1.009394 
1.048296 1.439968 
1.1383 1.402411 
0.8616214 1.650706 
0.9072505 1.670031 
0.9108981 1.408091 
0.9655764 1.485994 
1.109064 1.306614 
1.041909 1.46885 
0.9597085 1.209033 
0.9675869 1.237572 
0.9658859 1.261816 
0.8642855 1.623919 
0.8435144 2.16711 
1.099354 1.888304 
0.7949959 1.910186 
0.9799657 1.680944 
0.9737239 2.296501 
0.9871155 2.315133 
0.9924098 1.858075 
1.019636 2.124571 
0.8283431 2.6375 
1.015714 2.251566 
0.8088108 2.040237 
0.990413 1.947465 
0.9535231 1.904335 
0.9132401 1.83604 
1.00097 1.601708 
1.088518 1.550503 
1.00635 1.373578 
1.036294 1.463005 
0.9230577 1.318041 
1.083941 1.821329 
1.033748 1.446994 
0.8911803 1.294306 
0.9850138 1.273862 
1.025095 1.611713 
0.9767024 1.324893 
1.254278 1.417746 
0.8730438 1.340899 
0.8080313 1.785145 
1.01503 1.915488 
1.037921 2.043911 
0.8984979 2.054802 
0.7989074 2.249156 
1.005649 2.167947 
1.014718 2.296283 
0.9483194 2.062001 
0.9210692 1.79836 
0.9220197 1.448169 
1.017899 1.705329 
0.9234381 1.374192 
1.026181 1.016926 
1.138837 0.9536751 
1.015518 0.9763808 
0.9903577 0.9185949 
1.050134 0.8385825 
0.9909578 0.8629071 
0.9863804 0.8652917 
1.021111 0.8832429 
1.076485 1.053983 
0.9569423 1.453929 
0.9847948 1.78359 
1.103372 1.185118 
1.133096 1.11681 
0.9667409 1.255412 
1.012161 1.229363 
0.8984796 1.370395 
1.188133 1.195278 
1.023701 1.314804 
1.056474 1.264568 
1.215758 1.352726 
1.085851 1.407469 
0.8198779 1.155262 
0.9952098 1.031912 
1.09894 1.296153 
0.975532 1.403823 
1.054565 1.588155 
0.8726957 1.505168 
0.7899708 1.684274 
0.9911321 1.495327 
1.08577 1.423105 
1.024954 1.830461 
1.162849 1.476339 
1.103591 1.538808 
0.9308329 1.437471 
1.086353 1.362905 
0.9212498 1.46007 
1.117657 1.303726 
0.9612922 1.271852 
0.9808465 1.080615 
1.123163 1.246594 
1.082908 1.175899 
1.018342 1.095252 
0.981868 0.8149306 
0.9426168 1.023327 
0.9102121 1.105374 
1.0821 1.161362 
1.076046 1.243084 
1.112217 1.290851 
1.194698 1.228873 
0.9749202 1.136463 
0.9347998 1.199992 
1.088227 1.281306 
1.335084 1.515523 
0.8077499 1.883014 
0.9898584 1.199628 
0.9355316 0.9526732 
1.24756 1.242794 
1.061188 1.276572 
1.186763 1.309169 
1.274753 1.2285 
1.10389 1.478339 
1.104135 1.481707 
0.9867473 1.358492 
1.320119 1.741644 
0.8942634 1.453216 
1.103732 1.729729 
0.8351327 1.492161 
1.039188 1.475712 
0.9493642 1.289103 
1.143792 1.318755 
1.0853 1.327042 
0.9896041 1.338619 
1.006623 0.9481264 
0.8776783 1.449116 
0.9628678 1.574481 
0.8522966 1.718907 
0.8754478 1.521797 
1.073588 1.236391 
0.9910302 1.31808 
0.9056139 1.318605 
1.197745 1.355703 
1.014894 1.410401 
1.10851 1.278746 
1.041121 0.9982125 
1.207629 1.144545 
1.116607 1.152545 
1.041814 1.409775 
1.20955 1.353173 
1.165569 1.316469 
0.939 1.332206 
1.054956 1.315539 
0.9427389 1.205409 
0.9852222 1.196055 
0.9623579 1.244927 
1.044888 1.171625 
1.023248 1.286664 
1.00381 1.270696 
0.9111801 1.348128 
1.086859 1.175727 
1.185169 1.210324 
1.191849 1.338486 
1.138081 1.405853 
0.8485884 1.504494 
1.033999 1.560318 
1.057545 1.447352 
1.018208 1.491851 
0.9777682 1.808079 
0.8347796 1.863471 
0.9158217 1.871179 
1.042649 2.323526 
0.7553123 2.320919 
1.070151 2.50064 
0.965743 2.727803 
1.139857 2.923865 
1.013347 2.830509 
0.8117059 3.547935 
0.8692241 2.959156 
0.9128372 3.112505 
1.100413 3.046525 
0.8515082 1.787595 
0.9221389 1.974775 
0.9859727 1.614408 
1.138916 1.556012 
1.225027 1.581461 
0.9659607 1.565902 
0.8663219 1.770985 
1.11157 1.819584 
1.240127 1.552681 
0.9878253 1.905189 
1.048774 1.808552 
0.7374315 1.734506 
1.004039 1.903986 
1.081917 1.683909 
0.8424672 1.317625 
0.9714596 1.329429 
1.032674 1.149939 
1.004423 1.107903 
0.8827078 1.094711 
1.040578 1.155664 
1.124822 1.419219 
1.194957 1.29364 
0.8815766 1.266993 
0.8545711 1.318996 
1.008879 1.219348 
1.003995 1.413286 
1.006096 1.268049 
0.9588912 1.237482 
0.9267478 1.210408 
1.271087 1.175472 
1.213346 1.404534 
1.08421 1.5293 
0.8829798 1.505167 
1.058676 1.253548 
0.9187473 1.089969 
1.121723 1.188657 
0.9347415 1.176175 
1.029486 1.202085 
0.93597 1.079852 
1.133826 1.00947 
1.057751 0.9870203 
1.118475 1.248882 
0.9258318 1.174237 
1.138158 1.042045 
1.04207 0.992567 
0.9857127 1.123564 
0.9424391 1.206528 
0.9922354 1.03658 
1.039592 1.420943 
1.148125 1.206884 
0.9600871 1.432541 
0.8284447 1.668616 
1.082352 1.57086 
1.053443 1.413422 
0.8946987 1.653372 
1.134044 2.440258 
1.11927 1.18659 
1.147243 1.530758 
0.9927432 1.340503 
1.025634 1.334222 
0.9515403 1.463777 
0.995834 1.722422 
0.9347294 2.048226 
0.9970828 1.839378 
0.9193118 3.108186 
0.8173314 2.432812 
0.9775432 1.914055 
0.8867685 1.945689 
0.9587028 1.831141 
0.8749807 2.060128 
0.8900208 1.645542 
1.014223 1.63211 
0.8422656 1.677881 
0.8624309 1.85524 
0.879135 1.664921 
0.9093553 1.468792 
0.9420139 1.461099 
1.18485 1.295833 
1.128606 1.298928 
1.087007 1.348297 
0.871907 1.683519 
0.9238181 1.45463 
1.047163 1.779665 
0.94683 1.200995 
1.032428 1.219042 
0.9328625 1.43216 
1.041975 1.306876 
1.032636 1.129946 
1.045435 1.041494 
0.9372006 1.23929 
0.9528878 1.156934 
0.9867867 1.154107 
1.20934 1.471095 
0.9323299 1.202438 
1.13924 1.17678 
1.098035 0.9423709 
0.9487017 0.9037288 
0.9826729 0.8976594 
0.9717063 1.086544 
1.033855 1.300868 
0.8975343 1.353979 
1.138279 1.481319 
0.95187 1.21063 
1.092105 1.264391 
0.9918135 1.535989 
0.871075 1.448037 
1.009953 1.488467 
0.896499 1.84456 
0.8807908 1.519648 
1.127653 1.921139 
0.9080928 1.725732 
0.9340034 3.227384 
0.9320218 1.330544 
1.079233 1.604222 
0.9067741 1.636627 
0.8976787 2.015901 
1.041978 1.723622 
0.752246 1.837162 
0.9463733 2.052695 
1.000324 1.583219 
1.099254 1.559228 
0.9125299 1.551843 
1.028078 1.457092 
1.020338 2.017781 
1.097871 1.470487 
1.150799 1.394452 
0.8147981 1.528721 
0.9474544 1.393293 
0.8785542 1.176033 
1.22805 1.548007 
1.140008 1.978332 
1.15113 1.844352 
0.9651102 1.583128 
0.9832754 1.506135 
1.035346 1.643874 
1.090973 1.258577 
0.853304 1.277789 
0.9736449 1.267802 
1.075237 1.087281 
1.096456 1.169812 
1.132631 1.489981 
1.196796 1.33973 
1.137625 1.594553 
1.127085 1.622378 
0.9814924 1.783603 
0.9860126 1.551027 
1.072237 1.308575 
1.06568 1.261345 
0.9742042 1.532923 
1.115741 1.994672 
0.9252032 1.596842 
1.064433 1.539167 
1.098963 1.54372 
1.094472 1.245526 
1.210831 1.454847 
1.036651 1.271944 
1.080036 1.518406 
0.9930793 1.045683 
0.8380316 1.130647 
0.8419097 1.250218 
1.104256 1.561786 
0.9749988 1.81173 
0.9591009 2.055679 
1.069033 1.568966 
1.262011 1.303604 
1.066677 1.122172 
1.085129 1.138037 
1.054834 1.318581 
0.9228101 1.360241 
0.9690572 1.567516 
0.8585414 1.241903 
0.9510773 1.17442 
1.0402 0.9928979 
1.008155 1.202717 
1.020184 1.105444 
1.157848 1.208884 
0.9946271 1.194418 
1.207129 1.492604 
0.964444 1.279716 
1.102248 1.421015 
0.8717761 1.148142 
0.8352402 1.598771 
0.9457682 1.618908 
0.9338215 1.414095 
1.049734 1.219322 
1.085784 1.104479 
1.100271 1.090352 
1.234248 1.028384 
0.9917377 1.210585 
0.9611308 1.199777 
1.002052 1.285421 
1.118508 1.168748 
1.179016 1.467231 
0.9904319 1.889794 
0.9039682 1.896321 
1.003944 1.616249 
0.8543105 1.53097 
0.9456731 1.531664 
0.968344 1.249612 
1.085739 1.148598 
1.141654 1.201632 
1.012938 1.634921 
0.9724369 1.467343 
1.051383 1.180165 
1.109239 1.12968 
1.035549 1.005735 
0.9839586 1.13633 
0.972549 1.225805 
1.1454 0.9883354 
1.015317 0.931088 
0.9940823 0.9719192 
1.103048 0.9575364 
1.057434 1.014381 
1.011177 1.111046 
0.9116578 1.651859 
0.9467342 1.729253 
1.017502 1.786482 
0.8520802 1.676799 
1.018803 1.356683 
0.9793823 1.508182 
0.6996851 1.659398 
0.8100397 1.534431 
1.231275 1.645693 
1.102449 1.601535 
1.157587 1.80372 
0.9953744 1.453211 
0.9169392 1.384579 
1.020128 1.498895 
1.031977 1.683384 
1.138035 1.472947 
1.053846 1.234935 
1.14287 1.247773 
1.122197 1.177622 
1.037387 1.351263 
1.202119 1.415388 
0.8823193 1.765552 
1.0068 1.660135 
1.109344 1.331102 
0.9941939 1.697889 
1.139952 1.770075 
0.9597226 2.042125 
1.165655 1.18908 
1.055533 1.281987 
1.105819 1.580367 
0.9081516 1.667597 
0.9396677 1.644511 
0.9773421 1.935132 
0.8792139 1.507876 
1.142342 1.584449 
0.9184004 1.224843 
1.068618 1.413832 
1.001383 1.390458 
1.024674 1.307106 
1.025465 1.777002 
0.8965502 1.285938 
0.9293996 1.531487 
1.081421 1.19208 
0.9530664 1.59744 
0.893359 1.613189 
1.119838 1.865601 
1.02839 1.700593 
0.9628577 1.451716 
0.8711048 1.385245 
0.9539765 1.584512 
1.275294 1.967016 
0.9458209 1.583935 
1.100047 1.454291 
1.077068 1.186238 
0.9700568 1.182672 
1.04662 1.003856 
0.971409 1.124295 
1.131098 1.013293 
0.9179616 1.222978 
1.054346 1.357654 
1.128761 1.046885 
1.063445 1.390393 
0.9639411 1.183494 
0.9341383 1.027619 
0.9477086 1.231897 
1.009832 1.429064 
0.8575959 1.537938 
0.8929606 1.812676 
0.8832513 1.554705 
0.9614977 1.183477 
0.94052 1.264775 
1.087745 1.257044 
1.084862 1.423271 
0.9942255 1.21043 
0.9831661 1.267787 
1.124491 1.175102 
1.054108 1.273648 
1.156482 1.306748 
1.006273 1.445502 
0.8879327 1.322586 
0.910955 1.053209 
1.135211 1.135368 
0.8868399 1.121046 
1.040457 1.278421 
1.177915 1.242216 
1.087808 1.263492 
0.9168267 1.212481 
1.025977 1.095004 
0.9082879 1.327589 
0.9514018 1.179087 
1.118088 1.038007 
0.9899218 1.044131 
1.086801 1.090643 
1.072417 1.570387 
0.9542823 1.278505 
0.9287751 1.450994 
0.8615943 1.437659 
1.021715 1.264557 
1.174675 1.25039 
0.9418571 1.345817 
1.131813 1.209333 
1.12147 1.124622 
0.9846744 1.259954 
1.187221 1.30512 
1.298158 0.9996095 
1.101165 1.234153 
0.9636433 1.30856 
1.271091 1.750472 
1.053015 1.715647 
1.073877 1.733623 
1.157226 1.692577 
1.036597 1.488247 
1.110525 1.59065 
1.059182 1.663073 
0.8808397 1.344985 
0.9982062 1.193272 
0.9363958 1.391474 
0.9855627 1.456519 
0.8253996 1.574507 
1.002337 1.322834 
1.116386 1.442696 
1.024454 1.403885 
1.059622 1.408118 
0.9473686 1.333268 
1.048049 0.9994103 
1.056645 1.106522 
0.9975442 1.45312 
1.036442 1.608158 
0.9711513 1.484103 
1.108035 1.205473 
0.9555641 1.309768 
0.770986 1.830424 
0.845026 1.519229 
1.007289 1.089658 
1.091092 1.357822 
1.038071 1.219982 
0.9402019 1.005217 
1.016221 1.30237 
0.9601061 1.182039 
1.16237 1.223213 
1.034543 1.326758 
1.200788 1.587603 
0.9982195 1.590835 
0.9834818 1.452556 
0.9567047 1.334859 
0.9290868 1.46975 
0.8815728 1.571191 
0.9822439 1.179526 
1.044564 1.239791 
0.80426 1.539077 
1.015615 1.352804 
0.9936958 1.671306 
1.169681 1.62854 
0.9633165 1.448583 
0.9222175 1.529765 
1.022277 1.494128 
0.9549636 2.485455 
0.7581147 2.44396 
1.136497 2.903948 
1.020633 2.12329 
0.8609477 1.848875 
1.017833 1.476086 
1.003518 1.197961 
1.023691 1.167271 
0.8771394 1.15215 
0.937094 1.158429 
0.9594984 1.152403 
0.9821534 1.164664 
1.051175 1.229188 
1.080516 1.306129 
0.9847009 1.131824 
1.352112 1.535485 
1.029675 1.706991 
0.9745459 1.412919 
0.9034247 1.592669 
1.147659 1.395141 
1.083306 1.203004 
0.9790992 1.461034 
0.9734789 1.746239 
0.8934484 1.702563 
1.102971 1.705031 
1.054786 1.569703 
1.161436 2.13597 
1.058491 1.474902 
0.9797752 1.532647 
1.00341 1.351093 
1.140935 1.152619 
1.185192 1.11619 
0.9206568 1.324408 
1.022937 1.025824 
1.006719 1.01175 
0.8804309 1.170946 
1.233486 1.490334 
1.064802 1.17615 
1.23875 0.9887012 
0.95305 1.074212 
1.038673 1.189511 
1.061532 1.095836 
0.8875563 1.379844 
1.023467 1.286259 
1.160583 1.131946 
1.224571 1.213299 
1.019853 1.376529 
1.109681 1.40732 
0.8613476 1.198041 
1.118219 1.285478 
1.07474 1.376646 
0.9932127 1.263393 
1.027106 1.080366 
0.9479397 1.315339 
0.964834 1.229953 
0.9989607 1.172758 
0.8491242 1.332871 
1.023051 1.219435 
1.056758 1.09149 
1.018693 1.519275 
1.073332 1.424653 
0.842204 1.676006 
1.240777 1.587908 
1.128216 1.578587 
1.041725 1.761974 
1.038146 1.231867 
1.035887 1.269982 
1.079673 0.986891 
0.911869 0.9211397 
1.062878 0.8863682 
1.070603 0.9231677 
1.142458 1.265691 
1.060464 1.352892 
0.9973131 1.209944 
1.104355 0.9920755 
0.9304596 1.023442 
1.004669 1.115356 
1.084387 1.389832 
1.162596 1.144628 
1.161697 1.061079 
0.9223316 1.217764 
0.8638465 1.397907 
1.083317 1.305588 
1.053018 1.05943 
1.012675 1.081052 
1.066384 1.23282 
1.088362 1.29645 
0.9864387 1.311613 
1.140131 1.193599 
0.9703215 1.465579 
0.9334308 1.114596 
0.9980389 1.283009 
0.925926 0.9760091 
1.162496 0.8693053 
0.9912148 0.9590493 
0.9599003 0.9145941 
0.9475743 1.055414 
0.9719155 1.218397 
0.8900297 1.276792 
1.074707 1.09019 
1.040494 1.185842 
1.272465 1.582729 
0.9357966 1.482654 
1.115505 2.028619 
1.054041 1.92215 
1.086309 1.753548 
1.16018 1.654292 
0.9798239 1.702048 
1.095334 1.639157 
1.030176 1.352216 
1.137047 1.274098 
1.103994 1.198184 
0.9755908 1.332523 
1.130415 1.537881 
1.304972 1.043738 
1.023799 1.17354 
1.131047 1.633473 
1.118304 1.44105 
1.059064 1.179301 
1.075877 1.135358 
1.040475 1.549643 
0.9496672 1.336191 
1.237154 1.323907 
0.9464398 1.294786 
0.9157985 1.297378 
0.941941 1.595086 
1.222329 1.619347 
1.011791 1.417007 
1.023145 1.29993 
0.999915 1.375945 
1.016257 1.260172 
1.134166 1.046706 
0.9395201 1.110015 
1.046837 1.315748 
0.8056049 1.699394 
0.9106045 1.26062 
1.056168 1.173986 
1.098924 1.20376 
1.055726 1.315588 
0.8553388 1.521999 
0.9051337 1.398006 
0.9275542 1.358109 
0.8305586 1.45569 
0.9723023 1.106653 
0.9967326 1.169914 
1.091623 1.116353 
1.099142 1.100255 
1.072842 1.149304 
0.9901626 1.158132 
0.9566663 1.116086 
0.9996683 1.2599 
0.9642566 1.299203 
0.8947326 1.594243 
0.9897413 1.681646 
1.273989 2.012682 
0.9417912 1.402575 
0.9041863 1.487301 
0.888319 1.479044 
0.9596778 1.661063 
1.144516 1.59066 
0.945742 1.487834 
0.930832 1.503103 
1.135898 1.411278 
0.8959165 1.530322 
0.9956314 1.125359 
0.9913474 1.269697 
1.199658 1.216002 
1.085045 1.041619 
0.9812934 0.8384503 
1.004466 1.197517 
1.090082 1.297408 
0.9000407 1.371395 
1.017913 1.595013 
0.8574129 1.158557 
0.8805757 1.380028 
1.058585 1.236894 
0.9760476 1.455811 
0.9965241 1.211546 
1.013998 1.10935 
0.9600905 1.142101 
1.078518 1.210563 
1.043502 1.250046 
0.945934 1.284503 
1.028954 1.280187 
0.9653682 1.185769 
1.081256 1.108572 
1.036421 1.134206 
0.9706117 1.373821 
0.8645862 1.616828 
0.8964217 1.544043 
0.9193443 1.41035 
0.9185533 1.626483 
0.9796307 1.270577 
1.070489 1.657304 
0.9441056 1.545654 
1.220121 0.9379049 
0.9823013 1.052793 
0.97231 1.193599 
1.065042 0.956144 
1.121843 1.142373 
0.9370596 1.15408 
1.07502 1.102263 
1.072329 1.021115 
1.018005 0.9523442 
1.16838 1.099368 
0.9928206 1.14874 
0.9464404 1.289248 
1.082951 1.245593 
1.033881 1.158613 
0.965174 1.30373 
1.077498 1.388492 
0.9134158 1.454053 
0.9016836 1.105204 
1.146042 1.28254 
0.979254 1.710847 
1.06619 1.248181 
0.9418674 1.350938 
0.9632624 1.327264 
0.9625295 1.131053 
0.9892815 1.221799 
1.212814 1.225309 
0.8885981 1.123747 
0.9978616 1.223559 
1.116842 1.16819 
1.013913 1.229001 
1.146611 1.099751 
1.032211 1.243201 
0.98693 1.14482 
1.0293 1.371502 
1.071736 1.644736 
1.185173 1.901969 
0.9059947 1.84166 
1.002364 1.46631 
0.9360924 1.700014 
0.9577867 1.727603 
1.001064 1.7267 
1.00053 1.649432 
0.7773867 2.089138 
1.041377 1.349533 
1.11887 1.183338 
0.9921045 1.379388 
0.9974103 1.332429 
0.993208 1.23862 
0.964161 1.545632 
0.9893365 1.426853 
1.133607 1.587066 
1.02944 1.639688 
1.107694 1.604452 
1.106255 1.531693 
1.002862 1.646279 
0.8788414 1.806526 
0.9725856 1.735546 
0.9777262 2.111285 
0.8775785 2.171438 
0.7333579 1.907208 
1.131728 1.71104 
0.9952067 1.632767 
0.9099773 1.586835 
1.100657 1.44184 
0.9868001 1.532935 
1.111146 1.382338 
1.185046 1.493412 
1.105026 1.392083 
1.001903 1.401503 
0.971838 1.159394 
0.9456856 1.049005 
0.8775916 0.8087218 
1.065544 0.8031347 
1.041279 0.8680682 
1.111267 1.058591 
1.043154 1.055452 
1.096283 0.7838747 
0.9229656 1.249023 
0.9876806 1.380147 
0.955388 1.515769 
0.8854917 1.640699 
0.7081334 2.3549 
0.9933965 1.567813 
1.098807 1.396041 
0.951678 1.778887 
1.076791 1.61908 
1.046486 1.513926 
1.079537 1.316062 
0.9506404 1.353642 
1.12277 1.269628 
1.16609 1.542999 
0.9878846 1.915223 
0.8610019 1.796863 
1.026221 1.622771 
1.063417 1.694745 
0.9451168 1.661754 
0.9748597 1.173059 
1.094599 1.315558 
0.9859736 1.631323 
1.011903 1.616627 
1.061671 1.386401 
0.8670597 1.293822 
1.088017 1.43934 
0.828808 1.569877 
0.8885459 1.353859 
0.8947419 1.327003 
1.095641 1.298993 
1.021315 1.363651 
0.9346541 1.439628 
0.8699207 1.699187 
0.9165497 1.568656 
0.819365 1.581472 
0.9088053 1.961543 
0.9157776 2.015462 
0.9313979 1.945991 
0.8926944 1.727003 
1.080016 1.584981 
1.254757 1.627549 
1.161877 1.264741 
1.119438 1.270189 
1.013608 1.238455 
1.01974 1.399289 
1.069381 1.426643 
1.047785 1.247939 
0.9495294 1.205641 
0.9928401 1.289339 
1.026301 1.525157 
1.203255 1.471872 
1.050328 1.38583 
1.033567 1.287381 
0.9523275 1.212602 
0.8600969 1.460075 
0.8818194 1.655995 
0.8841151 1.390276 
1.105254 1.402801 
1.266238 1.171683 
1.058885 1.339638 
0.8877199 1.631821 
0.8854381 1.625642 
1.173589 1.530889 
1.096725 1.553179 
0.9119531 1.414211 
1.05663 1.694428 
1.074183 1.977325 
0.8578805 1.821337 
1.235068 1.265171 
1.058699 1.833328 
0.9419237 1.235041 
1.07554 2.049326 
0.8304569 1.944291 
1.034631 1.608075 
0.9790767 1.489822 
0.9735083 1.11744 
0.9982589 1.148392 
1.024664 1.296383 
0.9497714 1.549412 
0.9628262 1.566436 
1.101311 1.458515 
0.9760973 1.875767 
0.9650322 1.378853 
1.261011 1.07574 
1.007759 1.139179 
0.9686128 1.32635 
0.8963951 1.114287 
1.071976 1.074262 
1.04585 1.13706 
1.112538 1.425939 
1.170972 1.589965 
1.012984 1.525691 
0.9552547 1.463192 
1.050166 1.702968 
1.077025 1.290627 
1.056184 1.634106 
1.328917 1.519279 
0.9367798 1.670278 
0.951028 1.556755 
1.006863 1.909981 
0.8879796 1.934531 
0.8431404 1.779827 
1.104258 1.760197 
0.9902916 2.123284 
0.8975169 1.843485 
0.8102132 1.878773 
1.002625 2.015791 
1.091613 1.62744 
1.132808 1.589474 
0.8692224 1.368107 
1.131334 1.419859 
0.9011736 1.37276 
1.248885 1.277408 
0.9152359 1.112135 
1.063807 1.076838 
0.8966722 1.162971 
0.9911255 1.058498 
0.9981531 1.293158 
1.07476 1.282364 
0.9876319 1.235411 
0.9929153 1.211864 
1.123623 1.20674 
0.9998423 1.363209 
0.9572968 1.327366 
1.063333 1.213268 
1.003113 1.079578 
0.9963974 1.115806 
0.9839072 1.6229 
0.9930348 1.374785 
1.161014 1.383298 
1.029484 1.616073 
0.9690513 1.389034 
0.9997593 1.060008 
1.08889 1.026419 
0.8882113 1.099989 
1.025514 1.164821 
0.9301529 1.44186 
1.106372 1.631056 
1.04069 0.9512363 
1.070229 0.840683 
1.058201 1.230383 
0.9921534 0.9826466 
0.9913657 1.178648 
1.045751 1.102989 
0.8147086 1.912817 
1.315079 1.598422 
0.9267335 2.736365 
0.9348883 1.780694 
0.9954811 1.585944 
1.031244 1.51621 
1.012455 1.361081 
1.180224 1.238143 
1.045189 1.419178 
0.9143745 1.325608 
0.9039868 1.495428 
0.9129815 2.546754 
0.9863254 1.440249 
0.947321 1.577386 
1.042642 1.359894 
0.8865267 1.410269 
0.9916079 1.377228 
1.031647 1.37188 
1.057772 1.33525 
1.03518 1.64095 
1.008656 1.000168 
1.04057 0.9718785 
1.144169 1.071571 
1.020005 1.063459 
0.9174706 1.235493 
1.030359 1.242482 
0.9725148 1.220713 
1.116806 1.344117 
0.9466418 1.482994 
0.9167119 1.973777 
1.008122 1.990213 
1.026305 1.612906 
0.9594648 1.333438 
0.8379037 1.569045 
1.098122 1.43972 
1.155944 1.595447 
0.9593177 1.571225 
0.989414 1.830868 
1.254645 1.588874 
1.106181 1.431941 
1.141022 1.307112 
1.046757 1.278362 
1.190003 1.174363 
0.9491295 1.26522 
1.162394 1.16837 
1.045353 1.242483 
0.9378339 1.416813 
0.9920229 1.163803 
1.183676 1.090461 
1.185835 0.8454322 
1.05522 1.108835 
1.001252 1.195097 
1.233847 1.092222 
1.154749 1.056461 
1.07149 1.105197 
1.038773 1.149105 
0.9213469 1.404831 
0.9916059 1.980099 
1.073851 1.72947 
1.036395 1.887231 
1.083691 1.543294 
0.9798395 1.59622 
1.106029 1.834014 
1.030516 1.414687 
1.065722 1.203036 
0.9255852 1.32839 
1.03392 1.12613 
1.188374 1.15537 
0.9725621 1.133283 
0.965492 1.469712 
1.0414 1.934011 
0.9439442 2.273213 
1.02733 1.540725 
0.799076 1.650919 
1.054614 1.40013 
0.9957187 1.463491 
1.00515 0.9063558 
1.213575 1.403779 
1.118812 1.404123 
1.093625 1.271074 
0.920365 1.37049 
0.9984791 1.492687 
1.008083 1.299197 
0.9225088 1.147815 
0.9175768 0.9575631 
1.041283 0.7982778 
1.00086 1.001738 
1.102457 1.244672 
1.031786 1.292919 
0.9045777 1.352084 
1.152694 1.376828 
1.005739 1.583535 
0.8275743 1.878382 
0.9920374 2.080661 
1.160923 1.939619 
0.8165679 1.677405 
1.027708 1.744376 
0.8711889 1.237317 
0.9313884 1.113706 
0.9787209 0.9566593 
0.9642258 0.8814975 
0.9592919 0.8394383 
1.011671 0.7161669 
1.051581 0.8114631 
0.9635677 0.8125153 
1.030904 0.7740504 
1.034674 0.9466897 
0.9399673 1.011903 
0.9560925 0.8700969 
0.9789169 0.8486837 
0.9428751 1.024993 
0.9508292 0.8414861 
1.017753 0.8576583 
1.012104 1.025196 
1.040793 1.091936 
1.060558 1.194685 
1.111556 1.111199 
1.027676 1.197 
1.053102 1.092632 
1.051462 1.15658 
1.144119 1.216329 
0.9893995 1.478689 
0.991569 1.556627 
1.104523 1.525291 
0.9224472 1.39381 
1.192044 0.9515712 
1.031993 0.8983596 
1.016319 1.039584 
0.9423775 1.064546 
0.975568 1.005709 
0.9570847 1.532706 
1.079416 1.535294 
1.063398 0.9865318 
1.141204 1.283622 
0.8448548 1.600134 
0.9649078 1.827961 
1.058792 2.123713 
1.027952 2.639085 
0.8797667 1.608327 
0.8889075 1.603505 
1.043052 1.39662 
0.9107076 1.495616 
1.149244 1.430536 
1.177726 1.793461 
1.122304 1.435032 
1.05473 1.374378 
0.8387271 1.555425 
1.198402 1.335963 
0.9819971 1.420847 
1.149445 2.035243 
0.9431845 1.266759 
1.151641 1.796752 
0.7741555 1.766315 
0.8742459 2.010699 
1.159676 2.223659 
1.251194 1.60209 
0.8111978 1.379668 
0.9901966 1.392438 
0.9679137 1.397161 
0.9447479 1.34166 
0.9976336 1.574807 
0.9876903 2.043489 
0.9083347 1.626769 
1.148565 1.704879 
1.056619 1.540409 
0.9526802 1.267158 
0.9935048 1.240109 
1.257013 1.138043 
1.070786 1.115011 
0.9938041 1.000939 
1.013766 1.232749 
0.9039308 1.212732 
1.113716 0.9925064 
1.157888 1.078139 
0.9987493 1.299141 
0.9152863 1.155036 
1.051344 1.042456 
0.9071377 1.407273 
0.8763691 1.575339 
0.7837295 1.765004 
0.971874 1.672421 
1.149874 1.626147 
0.9793166 2.048015 
1.15576 1.639857 
1.150795 1.674401 
1.008171 1.5838 
0.9749874 1.307212 
1.102291 1.484496 
1.047242 1.76385 
0.9811118 1.80332 
0.937275 1.388052 
0.9518329 1.444567 
1.037845 1.392168 
1.047288 1.041642 
0.941609 1.089152 
1.191692 1.241012 
1.001821 1.265862 
0.9771897 1.140277 
1.0211 1.119701 
1.129327 1.270063 
0.9515534 1.182065 
0.9700249 1.151623 
1.041258 1.027792 
0.9906097 0.9652806 
1.128427 1.260978 
1.134967 1.157507 
0.9896488 1.215794 
1.215159 1.763384 
1.063865 1.716023 
0.9781306 1.547342 
1.105072 1.702548 
0.8184506 1.717098 
0.9822042 1.798266 
0.9763518 1.712932 
1.184863 1.455414 
1.159964 1.731869 
0.8134326 1.666614 
0.9691455 1.573495 
1.024216 1.138346 
1.029882 1.163571 
1.046131 1.182077 
1.271825 1.361948 
1.12229 1.717705 
0.9733882 1.79671 
1.037315 1.688296 
0.9906293 1.676356 
1.085683 2.206054 
1.162223 2.180441 
0.9314356 1.69875 
0.9267294 1.687474 
0.935402 1.659035 
1.198772 1.102469 
1.040381 0.9397654 
1.261363 1.336732 
0.9463136 1.023804 
0.9376933 0.8438065 
0.9896233 1.170396 
1.075991 0.8916554 
0.9421905 0.8899664 
1.054391 1.078957 
0.9844084 0.8711029 
0.9756531 1.313732 
1.029288 1.435294 
0.9247641 1.333744 
1.060908 1.256705 
1.064083 1.186937 
0.9563345 1.434376 
1.018928 1.446961 
0.8963 1.875804 
1.029872 1.619611 
0.9624602 2.234699 
1.006203 2.087721 
1.009682 1.853519 
1.049195 1.31579 
1.079731 1.647869 
1.255323 2.415724 
1.079355 1.808632 
1.178352 2.611342 
1.250461 3.026523 
0.9433144 1.905105 
0.9059837 1.706389 
1.040993 1.386301 
1.113823 1.655096 
1.107565 1.820768 
1.116435 1.571027 
0.8928119 1.45762 
1.103323 1.554249 
1.026085 1.310652 
0.9398907 1.552481 
1.068838 1.642913 
0.9904106 1.537847 
1.116995 1.424674 
0.8958511 1.552085 
0.9725738 1.662738 
0.7875288 1.440374 
1.015602 1.377156 
1.14699 1.438457 
1.049721 1.238275 
1.003344 1.264603 
1.183928 1.130122 
1.039867 1.350153 
1.030725 1.73077 
0.9324655 1.369775 
1.227198 1.394267 
0.8985544 1.681848 
1.185596 1.355921 
0.9241945 1.663422 
0.8801109 1.407714 
0.9572148 1.626386 
1.055606 1.224987 
1.068891 1.437447 
1.047158 1.385787 
1.002957 1.563095 
0.8986294 1.467801 
0.9820824 1.44155 
1.147624 1.28308 
1.047952 1.163537 
1.0137 1.112624 
0.9654141 1.227745 
0.9154019 1.292768 
1.023321 1.726273 
1.069789 1.699232 
1.177339 1.400444 
1.043102 1.495236 
0.8301636 1.761969 
0.7528866 1.849059 
0.9287815 1.456261 
1.265698 1.560301 
0.9464845 1.269843 
0.9798312 1.251054 
0.9480557 1.509493 
1.159962 1.29548 
0.958856 1.433818 
1.276485 1.474865 
1.007901 1.52153 
1.102179 1.455636 
1.146357 1.562731 
0.9901503 1.3543 
1.071679 1.247219 
0.9866703 1.273174 
1.091379 1.276289 
1.169996 1.311276 
1.042743 1.32382 
1.033476 1.086647 
0.9170899 1.358021 
0.7577339 1.858319 
1.094209 1.230907 
0.9811925 1.251465 
1.166121 1.088843 
1.013338 1.059257 
1.179192 1.063127 
1.033675 1.003338 
0.9358378 1.093973 
0.9402645 1.083622 
1.036745 1.174712 
0.9505154 1.039045 
0.9869703 1.31217 
1.139984 1.267351 
1.157837 1.54449 
1.284793 1.692286 
1.15495 1.54134 
1.061444 1.658274 
1.032843 1.206652 
1.116585 1.034368 
0.9389713 1.256262 
1.196452 1.171047 
1.013162 1.148601 
1.009007 1.066469 
0.9614354 1.227217 
0.9659981 1.422763 
1.011033 0.9144736 
1.020172 1.028672 
0.8753928 1.266529 
1.058607 1.252404 
1.259542 1.222375 
1.129331 1.460309 
1.019714 1.170707 
1.098834 1.717792 
0.8946519 1.308732 
1.015895 1.206174 
1.056381 1.507062 
1.055931 1.948809 
1.030627 1.52374 
1.111497 1.71633 
0.9667658 1.924526 
0.7429386 1.956264 
0.9810486 1.878433 
0.941008 2.038778 
1.001382 1.824726 
1.097478 1.78855 
0.9446475 1.923952 
1.234085 1.762826 
0.9610367 1.540525 
1.103418 1.473624 
0.9862385 1.726028 
1.177333 1.506207 
1.044095 1.572833 
1.037016 1.684451 
1.13244 1.832031 
0.8612991 2.168143 
1.121581 1.743848 
1.101747 2.40326 
1.186024 2.015327 
1.078461 1.506694 
1.147119 1.520092 
1.017401 1.965444 
1.099764 2.116842 
0.9222276 1.867463 
1.107402 1.688448 
1.036576 1.628809 
0.8470343 2.032382 
0.9425215 1.493924 
0.9121179 1.253307 
0.9683915 0.9255496 
1.112625 0.9521721 
0.9625875 1.069383 
1.035846 1.461334 
1.075323 1.480081 
1.177732 1.63696 
1.198251 1.2827 
1.045936 1.389648 
0.9261029 1.551137 
0.9687674 1.476231 
0.9189302 1.644116 
0.8866064 1.609739 
1.104675 1.624874 
1.144 1.489067 
1.017638 1.526568 
1.011211 1.188637 
1.02823 1.112368 
0.9556509 0.9722705 
1.022534 1.105225 
1.12793 1.100008 
0.9393312 1.137407 
1.019131 1.205244 
0.9444635 1.042929 
1.050277 1.360387 
1.085549 1.325578 
1.145895 1.840548 
1.038593 1.19299 
1.070311 0.9905957 
0.9820299 1.059944 
1.038504 1.173576 
0.9687362 1.372133 
0.999048 0.9821926 
0.953673 1.251337 
0.9783593 1.525711 
1.15355 1.482375 
1.126749 1.674595 
1.212655 1.314103 
1.053317 1.528587 
1.087245 1.19506 
0.9789445 1.149593 
1.134844 1.053067 
0.9679668 1.151902 
0.9266056 1.392669 
0.9518382 1.615849 
1.111976 1.532422 
0.8923579 1.388461 
1.138384 1.511539 
1.103914 1.326415 
1.33116 1.291214 
1.034722 1.459519 
0.9622491 1.514856 
0.9644743 1.503642 
0.8908548 1.526345 
1.030368 1.347774 
0.8997927 1.415762 
1.113817 1.143782 
0.905636 1.393275 
0.9969935 1.404678 
0.9907631 1.525112 
1.031168 1.740962 
0.9070636 2.183123 
0.7902706 2.070709 
0.9118667 1.934713 
1.165338 1.770561 
1.074259 2.066515 
1.11062 1.9128 
0.8938315 1.794565 
0.9759602 1.904076 
1.084981 1.583388 
0.9095948 1.704056 
0.9968019 1.569763 
0.9906617 1.771119 
0.9375205 1.50636 
1.052007 1.415721 
1.250382 1.401556 
1.182833 1.014731 
0.9792375 1.248867 
1.192504 1.255212 
1.092967 1.430559 
0.9175637 1.311089 
1.048702 1.168283 
1.037028 1.483795 
0.8567945 1.319647 
1.029186 1.137303 
1.155431 1.106497 
1.041424 1.233462 
0.9347057 1.408863 
0.9813474 1.663841 
0.9043989 1.669552 
0.9375776 1.679089 
1.080919 1.669395 
0.9297944 2.386277 
1.037337 2.362355 
0.7648922 2.782746 
1.012186 2.461698 
1.17734 2.123124 
0.8884038 2.003894 
0.8451301 2.311729 
0.9302897 2.551065 
0.7529539 1.791605 
0.8677807 2.206653 
0.9353315 2.547144 
1.054846 2.604542 
0.9067317 2.225264 
1.230937 2.347716 
0.990523 2.119779 
1.087442 2.136141 
1.123756 1.576922 
1.09771 1.837539 
0.7527166 2.038492 
1.002949 1.948475 
0.9680989 1.897024 
0.9804264 1.664221 
1.398161 1.656968 
1.036426 1.751058 
0.9765896 1.618525 
0.8510252 1.559058 
0.8920059 1.419074 
1.05824 1.475067 
0.9945786 1.327944 
1.020505 1.158135 
0.9499914 1.24399 
1.088051 1.445317 
1.090106 1.108091 
1.184623 1.183749 
1.048674 1.083306 
1.067202 0.9469402 
0.9943897 0.9520941 
0.9677763 0.7410179 
1.073431 0.8522297 
1.073538 0.8091468 
0.9664326 0.7650362 
1.040881 0.7620162 
1.032107 0.675121 
0.9210798 0.9956202 
0.9685513 0.9518709 
1.103325 1.152587 
0.9572369 1.285025 
0.9523046 1.47742 
1.040789 1.739116 
1.106587 1.466841 
1.137879 1.320377 
0.923015 2.421842 
1.005718 1.743941 
1.153932 1.463211 
1.071431 1.541065 
0.9611572 1.305807 
0.9130148 1.502253 
0.8826933 1.704486 
0.9644664 1.56314 
0.8341299 1.904123 
0.9443127 1.775493 
1.074569 1.322848 
0.9671977 1.559731 
0.8845135 1.360743 
1.103444 1.446434 
0.9259516 1.604378 
0.9680062 1.644326 
0.7872314 1.390327 
1.154475 1.926721 
0.8863128 1.952098 
1.008102 1.544978 
1.018446 1.558669 
0.998734 1.370953 
1.059716 1.122047 
1.199449 1.401316 
0.9891238 1.394717 
1.056296 1.250225 
0.9363169 1.442168 
1.084401 1.29004 
1.125864 1.002804 
0.9848764 1.053279 
1.087641 0.9384013 
0.8934583 1.067628 
1.250586 1.227841 
1.008651 1.236906 
0.9759192 1.122548 
1.022078 1.068864 
1.022249 1.236032 
0.9878836 1.327708 
0.9878069 1.274951 
1.093 1.339741 
0.9477381 1.542582 
1.057774 1.678251 
1.007829 1.620318 
0.891243 1.339641 
0.9173197 1.699118 
0.9178423 1.719077 
0.90661 1.294847 
0.9847435 1.33804 
1.046008 1.178712 
1.150537 1.179455 
1.156364 0.9592157 
1.099171 1.178194 
1.1126 1.258997 
1.139213 1.294946 
1.020582 1.200881 
1.032648 1.264069 
1.087356 1.429064 
1.105903 1.347084 
1.100481 1.837609 
1.083347 1.030519 
1.035094 1.261254 
1.208778 1.358678 
1.150195 1.245948 
0.9051525 1.290505 
1.075981 1.412985 
1.024815 1.196186 
1.02543 1.497434 
0.9790057 1.582207 
1.015526 1.268958 
1.086328 1.443428 
1.030457 1.348148 
1.088849 1.161194 
1.381267 1.36728 
1.088785 1.58292 
1.113168 1.813423 
0.9995777 1.416804 
1.103576 1.447072 
1.120395 1.629412 
1.356122 1.44338 
1.115716 1.281695 
1.036 1.315012 
1.171195 1.20898 
1.072488 1.47057 
0.9029109 1.445745 
1.125048 1.784971 
1.231351 1.672432 
1.036627 1.833344 
1.051953 1.675031 
1.050199 1.299983 
0.9272161 1.235681 
0.913882 1.279422 
0.7821219 1.814823 
1.129479 1.931678 
1.19298 1.476418 
1.036607 1.415386 
0.9757007 1.494724 
1.09141 1.592047 
1.219883 1.514569 
1.200458 1.810426 
1.242455 1.639817 
0.9153799 1.75266 
0.9324087 1.00397 
1.201997 1.15732 
0.9350949 1.299052 
1.154042 1.355359 
0.9500997 1.231663 
1.015957 1.609708 
1.135227 1.56679 
0.8295008 1.603645 
0.9896281 1.605457 
0.9202627 1.903634 
0.9295701 2.000179 
0.9677988 1.568832 
0.920273 1.187624 
1.101216 1.192385 
1.07963 1.455286 
0.9611202 1.497905 
0.9978824 1.462336 
0.9324093 1.095784 
0.9624609 1.181071 
1.216362 1.367525 
1.047983 1.329136 
1.054299 1.507086 
0.8484404 1.489344 
0.9832016 1.507079 
0.8539398 1.662069 
0.9926384 1.489148 
1.06034 1.525727 
1.096756 1.406431 
1.051816 1.461632 
1.040863 1.508602 
1.16705 1.630897 
0.9809998 1.259203 
1.14384 1.218311 
1.064434 1.059344 
1.102809 1.189666 
1.062022 1.441836 
0.8294598 1.759763 
1.157015 1.377799 
0.936083 1.715083 
1.215023 1.557281 
1.055408 1.406494 
1.011374 1.201266 
0.9523243 1.549584 
0.9610016 1.368156 
1.090026 1.444854 
1.126995 1.438898 
1.098587 1.922104 
0.8099593 1.646085 
1.237989 1.620693 
1.169317 1.233914 
1.045863 1.240621 
1.170423 1.223613 
1.018182 1.019744 
1.017202 1.134528 
1.133107 1.265546 
1.07105 1.224107 
1.128754 1.262711 
1.235288 1.33605 
1.19203 1.178707 
1.108296 1.203872 
1.021566 1.433271 
0.8525599 1.220489 
1.187246 1.339053 
1.07016 1.736299 
1.123082 1.638033 
0.9527388 1.612511 
1.12923 1.541112 
1.117223 1.494058 
1.038824 1.260132 
1.035326 1.620244 
0.9390009 1.18783 
0.9684507 1.241222 
1.271044 1.377549 
1.117015 1.150243 
0.9756764 1.239513 
1.052244 1.596772 
1.088334 1.445908 
0.9785181 1.27039 
1.025309 1.310234 
0.9679353 1.283277 
0.8956534 1.891927 
0.8812755 1.808238 
1.203959 1.804599 
1.029995 1.529099 
0.9274514 1.156567 
0.9911741 1.073018 
0.8797013 1.229369 
0.9763457 1.26332 
0.994093 1.273524 
0.9897603 1.093348 
1.100537 1.059225 
1.058529 0.9909269 
0.9710894 1.08016 
0.976915 1.237201 
1.054848 1.139045 
1.086714 0.8760162 
1.064113 1.210277 
0.8676934 1.721835 
0.8600752 1.756856 
0.9349221 1.562587 
1.220977 1.498401 
1.006346 1.729361 
0.8400303 1.70549 
0.959286 1.392596 
1.083369 1.446853 
1.174119 1.337874 
1.03632 1.630202 
1.024024 1.480088 
0.9700039 1.531424 
0.9364814 1.969452 
0.9929503 1.573471 
0.8084823 1.658697 
0.8204697 1.635621 
1.02216 1.413892 
0.9622946 1.564441 
0.9810818 1.507368 
0.9057372 1.648665 
1.615069 1.493784 
0.7750096 1.977391 
0.8888009 2.129299 
0.9894495 1.591555 
1.096723 1.506245 
1.033675 1.27958 
1.20453 1.601281 
0.9015855 1.532525 
1.33885 1.605961 
0.9145227 1.38509 
1.149688 1.478195 
1.067719 1.479684 
1.049803 1.453376 
0.9965166 1.797833 
0.8914074 2.006453 
0.9788011 1.519403 
0.8964826 1.415614 
1.06253 1.634516 
0.8606019 1.844093 
1.064307 1.589003 
0.9933676 1.365788 
1.12764 1.293082 
0.9429134 1.475581 
1.034354 1.673 
1.023362 1.594168 
1.02212 1.359473 
1.276212 1.393288 
0.9668953 1.486485 
0.8900963 1.728032 
0.9722753 1.462443 
1.12238 1.566546 
0.7638694 1.636532 
0.9670926 1.304302 
0.9090698 1.832915 
1.251219 1.771085 
0.8700401 1.870217 
0.7967688 1.431341 
1.077004 1.160893 
0.94226 1.012671 
1.218671 0.9205816 
0.9189179 1.064425 
1.133364 1.012693 
1.002129 1.04459 
1.006335 1.095535 
1.277984 1.238101 
1.042942 1.349815 
0.9277254 1.288782 
1.042858 1.501561 
0.9921139 1.381593 
1.108687 1.207111 
1.091225 1.407214 
1.033713 1.853231 
1.184589 1.290084 
1.117564 1.661649 
1.05217 1.702903 
0.9490046 1.577175 
0.8918665 1.845927 
1.175613 1.700461 
0.9638731 2.100571 
0.7571664 2.191648 
1.058306 4.23263 
0.9488635 1.72644 
0.8566372 1.612814 
1.212657 1.567713 
1.080034 1.803851 
0.9673094 1.335259 
1.029683 1.328893 
0.9821372 1.669926 
0.9509379 1.384671 
1.078142 2.339276 
1.185798 1.472187 
0.9924265 1.669285 
0.9670226 1.547245 
0.9297367 1.761767 
1.003139 1.752363 
0.928181 1.773583 
1.111511 1.949874 
0.9343901 1.677285 
0.9455318 1.360991 
0.8571367 1.268087 
1.146527 1.357538 
1.129224 1.611986 
0.9447848 1.646709 
1.146233 1.965198 
0.9362851 1.834741 
1.064286 1.575608 
1.047604 1.410345 
0.9448596 1.75645 
0.9202965 1.956968 
1.04458 1.63552 
1.036931 1.890274 
1.082 1.520919 
1.120376 1.240397 
1.094395 1.220222 
1.217922 1.180052 
1.079542 1.375355 
1.037738 1.366435 
1.056469 1.482393 
0.9234136 1.483305 
1.018291 1.741714 
0.8363385 1.808227 
1.100839 1.533785 
1.180248 1.731496 
0.9928446 1.380627 
0.9892023 1.338907 
0.9230568 1.456783 
1.047704 1.339137 
0.8917623 1.447086 
1.001864 1.505671 
1.136059 1.455149 
0.9503843 1.71729 
1.053843 1.246767 
1.085639 1.324706 
1.191134 1.062856 
1.13207 1.273677 
1.130389 1.505607 
0.865876 1.386544 
1.09463 1.258624 
1.036679 1.209848 
0.8641296 1.255368 
1.127332 1.653819 
1.204102 1.033221 
0.9636911 1.230368 
1.179327 1.040431 
1.080991 0.913363 
1.059832 0.9222678 
1.009939 0.8439047 
1.158962 1.06283 
0.9716094 1.033115 
1.02392 0.7718658 
1.034998 0.8037858 
1.012685 0.941073 
0.9391099 1.207698 
1.256889 1.367013 
1.072275 1.152365 
0.9632969 1.353939 
0.9758053 1.447119 
1.189532 1.265683 
1.002712 1.274578 
0.9445924 1.140676 
0.9101729 1.377861 
0.9360634 1.315057 
0.962009 1.421913 
0.9154032 1.506099 
0.8595461 1.781248 
1.113715 1.832589 
0.8828083 2.068074 
1.060249 2.035607 
1.175909 2.060493 
1.104486 1.711355 
0.955136 2.088231 
1.058606 1.968969 
1.001026 1.877377 
0.9849473 1.886257 
1.11741 1.66003 
1.022128 2.02472 
0.8718641 2.162239 
0.9395685 2.003296 
0.9792286 1.619954 
1.049116 1.641272 
0.9986328 1.557635 
1.014223 1.483954 
1.054706 1.566148 
0.9399424 1.530972 
1.027417 1.361673 
0.9386608 1.815182 
0.9914389 1.680653 
1.133894 1.587096 
1.007705 1.38259 
1.133705 1.682715 
0.9054726 1.576069 
0.9970803 1.270943 
1.006947 1.282393 
0.9681585 1.37181 
0.8010425 1.422698 
1.171805 1.163519 
1.081815 1.049783 
1.055778 1.027968 
0.9947799 0.8413973 
0.9566722 0.8344926 
1.094247 0.9072471 
0.995641 0.9385537 
1.035022 0.990331 
1.015616 1.034041 
0.9855586 0.9642466 
1.00489 1.053322 
1.079756 1.113714 
0.922742 1.100046 
0.7917795 1.334872 
1.343044 1.624215 
1.191652 1.155743 
0.9513466 1.297822 
1.057578 1.286229 
1.007193 1.122918 
0.866594 1.270918 
1.092002 0.9709035 
1.002738 1.253589 
1.144549 1.362866 
0.9268892 1.433087 
1.00837 1.398644 
0.9718807 1.189009 
1.031966 1.146377 
0.8561357 1.559728 
0.8972917 1.552313 
0.958232 1.5136 
0.9650779 1.520352 
1.03465 1.371703 
0.9029037 1.472749 
0.9667687 0.9856411 
1.023302 1.031428 
1.142769 1.070704 
1.084321 1.120262 
1.090844 1.319862 
0.9277962 1.343193 
1.079923 2.006682 
0.8895128 2.434556 
0.9079478 2.235389 
1.091139 1.861137 
0.9553279 2.299549 
1.188166 2.316076 
0.9317579 2.401014 
0.9818513 2.550888 
1.018561 2.553639 
0.886285 3.857655 
0.9344651 2.206475 
0.8159886 2.032854 
1.058676 2.29863 
0.790258 1.813946 
1.120428 1.505647 
1.124288 1.48609 
0.8802619 1.609123 
1.002472 1.608405 
0.9037704 1.405445 
1.114205 1.236956 
1.022875 1.341751 
0.8924533 1.19855 
0.9261607 1.273758 
0.9545619 1.086777 
1.110069 1.172262 
0.9267715 1.118291 
1.295629 1.319139 
1.052663 1.400031 
0.8380533 1.349111 
0.9644284 1.453885 
0.975896 1.466572 
1.285813 1.556273 
1.077191 1.335639 
1.108719 1.218987 
0.9818073 1.110237 
1.161211 0.9425374 
1.07855 1.025066 
1.180088 1.080642 
1.095758 1.517554 
1.00403 1.282051 
1.198653 1.21443 
1.100908 1.074077 
0.9743472 1.0348 
0.8715191 1.413863 
1.213241 1.349755 
0.9557193 1.481189 
1.04651 1.76623 
1.209233 1.65456 
0.9855296 1.3685 
1.160163 1.479294 
1.267811 1.421411 
0.8634228 1.776401 
0.8495089 2.077472 
0.9143268 2.281749 
0.7894747 2.099257 
0.8497445 1.957578 
1.07595 1.795167 
0.9922016 1.418827 
0.9661099 1.541931 
0.8853916 1.494724 
1.017416 1.104169 
0.987658 1.216977 
1.018609 1.104674 
1.123072 1.179179 
1.015307 1.130341 
1.071551 0.9771581 
1.008085 0.8124102 
1.183664 1.009208 
1.099564 1.086158 
0.9309181 0.9815551 
0.9382103 0.9942121 
0.9779156 1.308862 
1.146464 1.18252 
0.8878696 1.224982 
1.107252 1.505534 
0.9473446 1.204781 
1.106185 1.071643 
1.04532 1.169159 
1.071672 1.3654 
0.8698626 1.59055 
0.9859009 1.483515 
1.006897 1.236715 
0.991751 1.28548 
1.171476 1.120174 
1.062378 1.232796 
0.9936566 1.332894 
1.213785 1.48459 
0.9009361 1.123219 
1.046453 0.9471683 
0.9730808 0.8903591 
0.9333535 0.8580226 
1.081778 0.827235 
1.062222 1.039497 
0.8727882 1.344401 
1.028853 1.118847 
1.015111 0.9685217 
1.038689 0.8773808 
0.9716492 0.8852098 
0.8990479 1.026962 
1.072646 1.181829 
0.9480973 1.468226 
1.231998 1.835002 
1.132724 1.658685 
0.7704344 1.540637 
0.9637633 1.32418 
0.990846 1.406153 
0.9974349 1.207086 
0.9421597 1.392696 
1.030541 1.492284 
1.015816 1.386681 
0.9988356 1.777754 
1.325918 1.689329 
1.252434 8.948374 
0.9372588 1.875702 
0.8801324 1.978452 
0.9942589 1.825962 
0.9852292 1.431568 
1.20288 1.53446 
0.8046347 1.802245 
0.8890241 1.430821 
0.932086 1.557052 
0.8793983 1.652845 
1.129011 1.411698 
0.9854703 1.364847 
1.019551 1.414933 
1.003904 1.484466 
1.053591 1.442776 
0.9768257 1.770279 
0.9108088 1.755822 
0.9995462 1.727002 
1.036496 1.378321 
1.154754 1.547317 
1.15177 1.431049 
0.9557659 1.697764 
0.8863289 1.911237 
0.9985212 1.949325 
0.9871739 1.417176 
1.126303 1.521721 
1.249008 1.423257 
0.9621384 1.441513 
1.025417 1.755565 
1.000899 1.402309 
1.019307 1.197692 
1.362988 1.335154 
1.022084 1.373293 
0.8168845 1.157888 
1.058419 1.105386 
1.130161 1.312782 
0.8873468 1.122708 
0.9657296 1.460409 
0.9209682 1.544393 
0.952274 1.776285 
0.8588671 1.658822 
1.068822 1.41233 
1.180728 1.5175 
0.9272643 1.240161 
1.393049 1.527205 
1.05319 1.422851 
0.9251127 1.840763 
0.9513506 1.315082 
1.177802 1.831763 
1.042563 1.113566 
1.049513 1.530244 
0.8712555 1.351626 
1.039416 1.112475 
0.9095661 1.649228 
1.175553 1.550044 
0.9636753 1.541929 
0.9250986 1.65279 
0.8725027 1.448753 
1.010047 1.443562 
0.9604589 3.171609 
1.070771 1.433095 
0.9759178 1.621677 
0.8961099 1.512606 
1.250296 1.556825 
1.194408 1.819531 
0.9708854 1.712822 
1.120596 1.722958 
1.103358 1.644756 
1.018021 1.889296 
0.9762789 1.906509 
0.9557938 1.758409 
1.020777 1.529034 
0.9442543 1.060955 
1.044757 1.311919 
1.042525 1.408326 
0.9445383 1.865995 
0.9093748 2.980463 
1.130532 2.420936 
1.027729 1.858597 
1.197575 1.720531 
1.045265 1.674244 
1.018765 1.26329 
1.040887 1.582403 
0.9619194 1.061029 
0.9172403 1.26808 
1.052939 1.049268 
1.188415 1.376623 
0.7386176 2.109036 
0.8707116 1.818018 
0.7802237 1.843202 
1.151538 1.744109 
1.163344 1.699027 
1.005251 1.524607 
0.9287457 1.450089 
1.034956 1.212676 
0.8418108 1.570447 
1.081553 1.658447 
0.9468433 1.629011 
1.075517 1.194589 
1.087197 1.194609 
0.9887515 1.229046 
1.08401 1.05561 
1.100755 0.9257838 
1.058898 1.262399 
0.9181881 1.236968 
1.094635 1.174486 
1.036881 1.486822 
1.105964 1.684339 
0.9041473 2.081578 
1.032339 1.747654 
0.9832191 1.557806 
1.097961 1.17038 
1.178932 1.028466 
0.9918537 1.029983 
0.991482 1.368426 
0.9905478 1.179825 
1.096385 1.149707 
1.108721 1.107073 
1.011735 1.242714 
1.110707 1.171959 
1.023339 1.012871 
1.123255 1.07514 
1.154688 1.097788 
1.122509 1.247897 
1.179898 1.285838 
1.148056 1.297058 
1.030071 1.360745 
0.9619016 1.352856 
0.9482235 1.356028 
0.8922178 1.158726 
0.973379 1.211463 
0.9628607 1.219193 
1.011021 1.373625 
0.9828673 1.082228 
0.9618179 1.139858 
1.075496 1.163221 
1.002979 1.350771 
1.028192 1.110164 
1.059106 1.276438 
0.9619217 1.346089 
1.091161 1.194778 
0.9400789 1.423288 
1.054149 1.405002 
0.929557 1.230487 
1.058467 1.373835 
1.123895 1.404088 
1.202629 1.280232 
0.9798424 1.21261 
0.9625185 1.162612 
1.004236 1.294931 
1.157556 1.240314 
1.260528 1.207721 
1.044689 1.338564 
0.9824326 1.436088 
1.013573 1.654315 
0.9812281 1.169545 
1.014005 1.196975 
0.9722626 1.260144 
0.9967444 1.301942 
1.116709 1.240411 
0.9292318 1.116114 
1.040718 1.243524 
1.145416 1.276569 
1.167777 1.194302 
1.072641 0.9474387 
1.092343 1.260355 
0.9063154 0.9841647 
0.961082 0.9850656 
0.9596695 0.6884119 
1.092963 0.7384183 
1.01864 0.7570039 
0.9690514 0.7596349 
1.036737 0.9378144 
0.9847815 0.8845081 
0.8879807 1.065516 
0.8920138 1.450577 
0.8916609 1.511193 
0.903914 1.687897 
0.938076 1.368857 
0.8701466 1.587888 
1.372675 1.484183 
1.107404 2.103082 
0.7767873 2.054097 
0.7809632 2.473557 
1.025551 1.911344 
1.073444 1.978139 
0.9925662 1.523134 
0.6788708 1.715767 
0.9797696 1.499399 
0.9472491 1.377402 
0.9883082 1.306776 
1.095258 1.377989 
1.08406 1.313596 
0.9313289 1.452972 
0.9650583 1.443504 
0.9797883 1.411454 
0.8702479 1.69341 
1.122417 1.32995 
1.242491 1.42756 
1.027842 0.9929667 
1.024708 1.046017 
1.111944 1.315241 
0.9317669 1.488353 
1.062638 1.098938 
1.071552 0.9582466 
0.9169134 1.217348 
1.020231 1.353704 
0.9715304 1.798591 
0.9850059 1.530968 
0.8331194 1.782022 
1.103247 1.814689 
0.8477267 1.854458 
0.9075584 2.149835 
0.9212939 1.871813 
0.9359924 1.592433 
1.034195 1.510345 
0.9568751 1.391681 
0.8824068 1.518885 
0.9689583 1.684269 
0.9690353 1.621428 
0.9468883 1.467463 
1.021097 1.32898 
0.9446164 1.135041 
0.9278935 1.091526 
1.104024 1.130274 
0.8293093 1.442459 
0.9805975 1.769185 
1.009738 1.580055 
0.948354 1.811905 
0.8451996 1.487248 
0.9300281 1.204404 
1.16961 1.545669 
1.153603 2.30166 
1.059421 1.597542 
0.9631606 1.596154 
1.104254 1.378619 
1.057376 1.820493 
0.9495107 1.621439 
1.067031 1.361713 
0.9887085 1.276795 
0.9955836 1.561938 
1.129701 1.430829 
1.134635 1.275603 
1.214668 1.35542 
1.029046 1.2575 
1.00983 1.151078 
0.8551863 1.019419 
1.345531 1.002838 
0.9586772 1.239034 
1.086553 1.000139 
0.9844294 1.220184 
1.024929 1.133277 
1.141297 1.343289 
1.108217 1.217881 
0.9528136 1.273119 
1.01792 1.332205 
1.088007 1.619462 
1.028516 1.625036 
1.089236 1.462775 
1.343948 1.626142 
1.001013 1.838284 
1.238805 2.025177 
1.194616 1.379769 
1.094882 1.345713 
1.038434 1.172883 
1.046467 1.193119 
1.223023 1.160188 
1.012375 1.44549 
0.9796883 1.139692 
0.9075862 1.677134 
1.074884 1.398913 
1.0275 1.379338 
0.8429619 1.415711 
1.171841 1.458241 
0.9855842 1.535485 
0.8803243 1.731228 
1.014454 1.132285 
1.144041 1.18661 
1.023155 1.1887 
0.9863312 1.343964 
1.049406 1.31142 
0.9057001 1.301927 
1.115154 1.680293 
1.034199 1.565487 
1.043652 1.741087 
1.029788 1.875547 
0.8342063 1.595338 
1.07854 1.623483 
0.8705932 1.421796 
1.029551 1.388957 
1.160503 1.562267 
1.034152 1.48767 
0.8528417 1.479099 
0.9350053 1.398461 
0.9323074 1.651389 
0.8427211 1.92517 
1.018181 1.930115 
0.9525838 1.974331 
1.005324 1.865371 
0.895111 1.953408 
0.979052 1.923006 
0.9550999 1.654117 
0.8700618 1.386889 
1.154605 1.269028 
0.9581304 1.262394 
0.8804421 1.246542 
0.9548334 1.295386 
0.981427 1.309742 
1.0695 1.369549 
1.029277 1.623731 
1.16364 1.413445 
1.018955 1.751984 
1.019381 1.903096 
0.8892435 2.070542 
0.8856338 1.931316 
1.063842 1.629615 
0.9088343 1.513998 
1.062283 1.734902 
0.9171955 2.056502 
1.113272 1.877535 
0.9323908 2.462942 
1.082993 2.261328 
0.9084113 2.584109 
0.9451708 2.615533 
0.7900482 3.823809 
0.8675322 3.128004 
0.9290187 3.332958 
0.9517685 2.229804 
0.8879117 1.811233 
0.9280459 1.776736 
1.09997 1.624035 
0.9751025 1.381075 
0.9111855 1.286257 
1.054849 1.163777 
1.065242 1.327621 
1.125008 1.507287 
1.026965 1.898536 
0.728148 2.028136 
1.026068 1.854222 
0.8900984 1.931938 
1.069467 1.721751 
1.183588 1.910965 
1.23173 1.894178 
1.16195 1.66281 
0.8669753 1.616771 
0.8877443 1.218159 
0.9922958 0.9684346 
0.9199655 1.49858 
0.9243344 1.548057 
1.065942 1.243722 
0.9708602 1.478268 
0.9833146 1.447207 
1.059188 1.330101 
0.908344 1.311555 
0.8522469 1.51951 
0.8827828 1.434382 
1.270071 1.292497 
0.9354475 1.068231 
1.19414 0.910521 
0.9156844 1.128961 
0.9271133 1.201377 
1.188561 1.426884 
0.9580868 1.123377 
1.012941 1.195982 
1.356748 1.246362 
1.055747 1.401541 
1.090182 1.383053 
0.8811885 1.30641 
1.032485 1.694582 
0.9974689 1.5623 
1.036025 1.911196 
1.065434 1.424444 
0.8685161 1.590947 
0.9136111 1.504672 
0.9098776 1.159758 
0.88466 1.270931 
1.088061 1.344797 
1.162031 1.196689 
0.9776918 1.44487 
1.095236 1.735829 
0.93474 1.632352 
1.290876 1.628879 
0.9303853 1.953101 
1.021989 2.051413 
0.9233165 1.777182 
0.9190287 2.025894 
0.882532 1.721705 
0.920031 1.723039 
0.9811527 1.71601 
0.9415175 1.645296 
0.9283304 1.765488 
0.9765607 1.420196 
1.124266 1.522726 
1.031685 1.815315 
1.201236 1.791179 
0.9133465 1.974081 
0.9160028 1.954771 
0.9584886 1.316214 
0.9082491 1.461147 
0.9826035 1.495394 
0.8626846 1.582387 
0.9140289 1.448092 
0.94869 2.083826 
0.8937841 1.876169 
0.8307918 2.022444 
1.078911 2.697223 
1.117219 2.0005 
0.7682688 2.056129 
0.8311291 1.634579 
1.017791 1.797347 
0.9578184 1.391307 
1.087305 1.699086 
1.123307 1.248974 
0.9589178 1.515583 
0.8373132 1.477897 
0.8902159 1.454356 
0.9528279 1.072202 
1.188865 1.112959 
0.9482432 1.247243 
1.032947 1.364727 
1.007674 1.66754 
0.9779339 1.624095 
1.014314 1.445138 
1.139215 1.416757 
1.032173 1.294862 
1.08327 1.14029 
0.8147806 1.753624 
1.052223 1.829615 
1.167126 1.328603 
1.051046 1.715161 
1.061658 1.515701 
0.7193152 1.593669 
0.8756921 1.551756 
1.025609 1.662089 
0.872919 1.683869 
0.9421615 1.479844 
1.263129 1.442963 
1.032595 1.169623 
1.23488 1.525532 
1.210104 1.320455 
1.060914 1.674657 
1.00761 1.502513 
0.9874743 1.347815 
0.8297901 1.231214 
1.095272 1.566104 
1.066127 1.167401 
1.085366 1.371039 
0.9849767 1.407823 
1.050385 1.1913 
1.096795 1.747184 
1.154273 2.367644 
0.9016431 1.605903 
1.08605 1.706403 
1.023228 1.808865 
1.049688 1.828104 
0.9935159 2.523418 
0.8408904 2.52917 
0.9761187 2.08243 
0.9037766 1.606696 
0.9610457 1.827252 
1.287766 1.705179 
1.031877 1.397437 
1.024867 1.219781 
1.019857 1.260346 
1.014238 1.302026 
1.214918 1.411063 
1.108434 1.604732 
1.123415 1.213641 
0.9478508 1.239639 
0.9802776 1.518519 
1.057526 1.692799 
1.17906 1.75409 
1.267931 1.87928 
1.110693 1.611681 
0.9689248 1.761188 
1.189898 1.229424 
1.003576 1.375097 
0.9604977 1.268643 
1.009107 1.33766 
0.9163109 1.347794 
1.003096 1.286853 
0.9089918 1.390938 
1.049782 1.183031 
1.048041 1.461811 
1.135786 1.24338 
0.8855391 1.360811 
1.045282 1.271845 
0.9806879 1.347047 
1.025341 1.387657 
1.07488 1.100232 
1.202765 1.061017 
1.033693 1.240147 
0.8843295 1.304924 
1.012185 1.236417 
1.076529 1.463699 
1.167797 1.400067 
0.8949012 1.534282 
0.9679514 1.335913 
1.181717 1.319644 
0.922374 1.161814 
0.9850741 1.652445 
0.9909981 1.505378 
0.919541 1.213999 
0.9342932 1.270635 
0.8262367 1.542605 
1.090654 1.285842 
1.241899 1.326045 
1.124202 1.139075 
1.03048 1.2904 
1.163274 1.153373 
1.217787 1.370988 
1.088558 1.280313 
1.228217 1.096479 
1.193138 1.419147 
1.013241 1.25994 
0.9715893 1.052571 
0.9481763 0.9144894 
0.9434031 0.9692392 
0.9339773 1.138607 
1.011977 1.50087 
0.9717976 1.538459 
1.096397 1.571607 
1.030336 1.513151 
0.9431105 1.214947 
0.9293478 1.382524 
0.7978007 1.791535 
1.118068 1.248016 
1.02622 1.564981 
1.056806 1.579686 
0.9471527 1.203234 
0.8147536 1.341254 
0.8106482 1.352499 
0.9820747 1.34076 
0.9448572 1.421708 
0.9668241 1.430413 
0.8639689 1.905508 
1.027694 2.086374 
0.9201965 2.011562 
1.178098 1.767361 
0.9078678 1.93287 
1.022283 2.247472 
1.072563 1.707495 
1.020954 1.927133 
1.075061 1.214238 
0.9095487 1.36279 
1.170218 1.303423 
1.205988 1.27765 
1.044556 1.232988 
1.130889 1.063924 
1.016688 1.191179 
1.081178 1.059562 
0.9607372 1.102638 
1.116923 0.9005289 
1.052429 0.8636377 
1.01477 0.920926 
0.9596609 0.9533834 
1.125521 0.9735211 
1.234606 0.9844871 
0.9956805 1.002719 
1.057668 0.8798812 
1.008423 0.7615211 
1.198806 0.7551559 
1.240245 1.2792 
1.125304 1.569429 
1.024986 1.635414 
0.7527893 2.174529 
1.012079 1.301411 
0.9653718 1.411697 
1.098642 1.516357 
0.9922624 1.35081 
1.130273 1.377691 
1.118136 1.499169 
0.9363513 1.632627 
0.8920734 1.58476 
1.140345 1.556725 
0.8653774 1.786409 
1.021588 1.968259 
0.8788741 1.766223 
0.9144529 1.58033 
0.9344393 1.819658 
0.9132833 1.637101 
1.02313 1.558646 
0.9899399 1.744032 
1.295058 1.552627 
1.074763 1.204213 
0.8336418 1.369778 
0.8611637 1.482601 
1.025445 1.537063 
0.9248384 1.504695 
1.122123 1.076543 
1.038703 0.988668 
1.074738 1.13961 
1.113678 1.295594 
1.046582 1.397902 
1.130834 1.522725 
1.102177 1.461311 
1.097394 1.525532 
0.7688857 2.192791 
0.9227501 2.043969 
0.8068911 2.255593 
1.020643 2.249738 
1.125389 2.00152 
1.014814 1.838138 
1.103344 1.480109 
0.9912864 1.394123 
1.02041 1.297496 
1.027221 1.424903 
1.189021 1.131763 
0.9344366 1.307033 
0.9404035 1.415625 
1.093723 1.604437 
0.9764677 1.573146 
1.021384 1.460272 
1.001006 1.449163 
1.033044 2.103445 
1.333642 1.574595 
1.066595 1.769548 
0.9114183 2.574176 
0.9663307 2.317461 
1.046963 2.041472 
1.087916 2.005762 
1.002498 1.67638 
0.9397424 1.941138 
0.923789 1.651888 
1.035637 2.132809 
1.106783 1.784258 
1.048498 1.64706 
1.074335 1.494773 
1.031805 1.552082 
1.095599 2.226851 
1.480629 1.918389 
0.8718609 2.267484 
0.8658235 2.060077 
0.8380439 1.871608 
1.114443 1.67187 
1.172377 2.010767 
1.255766 1.832598 
1.02012 1.667966 
0.9116237 1.475277 
0.9594689 1.463463 
1.300745 1.273392 
1.031546 1.132138 
1.134617 1.109406 
0.9873626 1.039887 
0.8842067 1.254084 
0.9960068 1.364555 
1.218215 1.578388 
1.033172 1.490505 
1.002925 1.354122 
0.8062458 1.97272 
1.060119 2.12187 
0.8274677 2.211588 
0.8901441 1.995387 
0.9095116 1.302095 
1.020216 1.472767 
0.8736807 1.189814 
1.042109 1.011205 
1.020189 1.285118 
1.072574 2.036714 
0.9374285 2.14352 
0.9697194 1.672826 
1.238914 1.338152 
0.9888945 1.663655 
1.04083 1.41642 
1.168632 1.135149 
1.0979 1.338798 
0.9233936 1.876756 
1.045168 1.739292 
1.028719 1.636361 
1.063211 1.319827 
0.9999252 0.8353688 
0.9412162 0.8241782 
0.9087577 1.018054 
0.8981022 1.024199 
1.035711 1.000393 
1.059844 0.8906713 
0.9999174 1.25656 
1.076586 1.146349 
0.9993642 1.301755 
1.050985 1.320719 
0.9946648 1.129167 
1.015111 1.151538 
1.061472 1.35934 
1.318813 1.563776 
1.091882 1.400808 
1.24536 1.438424 
0.9143395 1.399306 
0.8832881 1.349837 
0.9687201 1.781449 
1.436128 1.863861 
0.8504123 1.779409 
0.9760187 1.746772 
0.9984315 2.349571 
0.723546 2.499072 
0.8972067 2.224729 
1.051453 2.115595 
0.9206074 2.029051 
0.8802184 1.719121 
0.8124583 1.912387 
0.9979463 1.474072 
1.048851 1.25825 
0.9734163 1.250612 
1.098464 1.408484 
0.975472 1.53907 
1.253315 1.483056 
0.9620519 1.711521 
1.196422 2.262161 
0.820066 1.839763 
1.092164 1.479206 
0.923387 1.632228 
1.061983 1.784905 
1.270808 1.304695 
0.9274803 1.713179 
0.9825641 2.256139 
0.7356508 2.301374 
0.9531486 2.033033 
1.047873 1.730401 
1.02155 2.399259 
1.08809 2.336284 
0.8033587 2.441996 
0.9991772 2.648536 
0.798307 2.20355 
0.8204479 2.291561 
1.258691 1.876316 
1.031047 1.636065 
0.9180015 1.30448 
0.9304145 1.314567 
0.9814854 1.556459 
0.8972436 1.63795 
1.022674 1.884792 
0.8871646 1.460346 
0.9112431 1.395499 
0.9670334 1.701988 
0.9853166 1.777971 
1.097641 1.307512 
0.9147518 1.353575 
0.991764 1.090631 
1.068745 1.428597 
0.979305 1.433618 
1.102888 1.671622 
0.9733094 1.743013 
0.9395553 1.679244 
0.8948006 1.577878 
0.9339417 1.794505 
1.080639 1.920613 
0.8884679 1.599785 
1.051627 1.832885 
1.128437 2.281295 
0.7941241 2.340076 
1.136944 1.815079 
1.025984 1.767821 
1.042749 1.755621 
1.10225 1.744031 
1.083893 1.620546 
0.9776933 2.207241 
0.9178037 1.790318 
0.9467369 1.78063 
0.8754887 1.916 
0.9488337 1.605171 
1.022249 1.32862 
1.198301 1.201083 
1.053739 1.065472 
1.296217 1.172709 
1.130377 1.186469 
1.063421 1.073806 
1.060329 1.065186 
0.9764316 1.169725 
1.054644 1.076859 
1.092652 1.102932 
1.004833 1.109367 
1.016991 1.144978 
1.054767 1.285611 
1.033796 1.253631 
1.241962 1.213039 
1.099359 1.072139 
1.015173 1.040544 
1.114881 1.16468 
1.040616 1.177148 
0.9301576 1.262728 
1.196902 1.065569 
1.073438 1.233559 
0.9163499 1.280278 
0.9015606 1.345205 
1.044881 1.034381 
1.105102 1.310099 
0.8203497 1.181081 
1.073366 1.358867 
1.144917 1.031187 
0.9401011 1.814206 
0.8978429 1.341205 
0.8636867 1.296872 
1.12732 1.886383 
1.057229 1.915102 
1.252914 1.685944 
1.137123 1.761974 
1.077296 1.615834 
1.039323 1.49877 
0.9428972 1.631877 
0.9431939 1.498485 
0.9795834 1.553386 
0.9580317 1.012432 
1.234436 1.249805 
1.062654 1.277482 
0.8807825 1.725391 
0.9230477 1.612904 
0.9577677 3.870555 
1.116952 1.578873 
0.8772475 1.505787 
1.038593 1.410223 
1.157293 1.221045 
1.130093 1.114225 
0.9806139 1.334282 
0.9648654 1.510488 
0.9330955 1.512125 
0.8988957 1.839984 
1.405537 1.694434 
1.145419 2.084651 
1.02597 1.8614 
0.9319386 1.517315 
0.8894784 1.386451 
1.038244 1.534538 
0.8953962 1.349544 
1.129292 1.276702 
1.136342 1.244931 
1.03831 1.341267 
1.088715 1.367752 
1.014407 1.135335 
1.021724 0.9928455 
0.9954369 1.248104 
1.148743 1.380251 
0.9947186 1.265454 
0.8458366 1.434224 
0.9708515 1.826297 
1.036639 1.532935 
0.9040748 2.154773 
0.9263065 2.2493 
1.107482 1.878311 
1.028112 2.497507 
1.087116 1.244072 
1.073985 1.069814 
1.081511 1.06151 
0.8765349 0.8462942 
1.007008 0.8367328 
1.098399 1.042438 
0.9951691 0.9997781 
1.038893 1.253614 
1.115537 1.420535 
1.038986 1.396779 
1.065936 1.322702 
1.094488 1.464275 
1.012661 1.629669 
0.9702486 1.508677 
0.9176587 1.461023 
1.149403 1.419765 
1.192923 1.862981 
1.096465 1.729574 
1.207794 1.734317 
0.9100582 1.842033 
1.01916 1.536979 
0.8868843 1.747406 
1.160333 1.490012 
0.8877853 1.590671 
1.16888 1.570164 
1.014363 1.710945 
0.8774999 1.942251 
0.809923 1.372337 
1.024281 1.686976 
0.9320884 1.793639 
1.232784 1.676483 
1.196109 1.453133 
0.9354333 1.321188 
1.012695 1.275972 
1.118509 1.289835 
0.8896273 1.362933 
0.9470146 1.399512 
1.085545 1.537593 
0.9368943 1.553017 
0.8799509 1.681167 
1.034924 1.244557 
1.232516 1.455838 
1.210884 1.612844 
1.114944 1.560519 
0.8399295 1.66134 
0.9623566 1.670994 
1.064356 1.3181 
0.9861886 1.568173 
0.9433144 1.444284 
1.106592 1.738441 
0.8766658 1.473101 
0.8283476 1.645058 
0.944199 1.792835 
0.8997035 1.907561 
1.071732 1.49049 
0.9989311 1.265717 
0.9615054 1.219503 
0.898222 1.442512 
1.023658 1.623054 
1.016726 1.514123 
0.9673846 1.575436 
1.089455 1.213381 
1.024261 1.565571 
0.7905121 1.349136 
0.9764889 1.069814 
1.144243 1.616614 
1.168711 1.457067 
1.115192 1.746712 
0.9307469 1.184445 
1.039556 1.231911 
0.9685798 1.0385 
1.195796 1.009546 
1.073698 1.102574 
1.050482 1.380982 
0.9067767 1.334963 
1.194445 1.485319 
1.06515 1.406127 
0.8309629 1.245066 
1.027254 0.9896265 
1.028495 1.184855 
1.059027 1.159106 
1.062742 1.667538 
1.221282 1.472583 
1.070124 1.532612 
1.042633 1.214008 
0.9539615 1.338267 
1.057311 1.251758 
1.058754 1.147237 
1.181431 1.205616 
1.138787 1.146752 
0.965608 1.083194 
1.162452 1.36871 
1.037542 1.600999 
0.993942 1.485729 
0.7844696 1.637889 
0.9947075 1.334658 
1.223324 1.450075 
0.9226373 1.330131 
1.073153 1.527921 
0.8347741 1.495604 
1.049478 2.071616 
0.7986964 1.559335 
1.117593 1.523406 
0.9812194 1.618271 
0.9474697 1.371373 
0.9581899 1.512239 
1.096468 1.440572 
1.170773 1.424132 
1.131878 1.339896 
1.184227 1.428603 
1.04569 1.519289 
1.145915 1.591939 
1.097594 2.022271 
0.8341026 1.457217 
1.122881 1.504304 
1.053671 1.510305 
0.887805 1.715628 
0.8770076 1.801282 
1.078832 1.635717 
1.022107 1.6601 
1.029109 2.058079 
0.9408481 2.689629 
0.9034761 1.631892 
1.063175 1.686856 
1.122109 1.338955 
1.19151 1.43238 
1.013358 1.344943 
1.018914 1.01183 
1.056518 1.270198 
1.12141 1.175714 
1.130537 1.246138 
0.865485 1.235608 
1.03665 1.422728 
1.040435 1.501633 
0.9379816 1.722536 
0.8804058 1.412549 
1.032263 1.704149 
0.8082183 2.229061 
1.078748 2.047329 
0.8651653 1.595479 
1.046735 1.667159 
0.9277147 1.963812 
0.9286852 1.786751 
1.119773 1.961269 
0.9086518 1.900323 
1.003091 1.764298 
1.070461 1.782766 
1.132303 1.295956 
0.9246698 1.533075 
0.8662081 1.734262 
1.013889 2.12625 
1.106336 1.710957 
0.8027977 1.600994 
1.088851 1.38362 
1.088209 1.057874 
1.035265 1.312101 
1.449271 1.215388 
1.040711 1.205242 
0.9901891 1.129436 
1.213746 1.184866 
1.124421 1.249434 
1.256293 1.247181 
1.042145 1.544955 
1.084091 1.295242 
1.007515 1.238105 
0.9143638 1.127038 
1.137139 1.235599 
0.9452052 1.181342 
0.9631876 1.275485 
1.089927 1.206745 
0.8824189 1.313186 
1.020903 1.178508 
0.9862807 1.295178 
0.9347239 1.08223 
1.049188 0.8955868 
1.079019 0.8462626 
0.9756467 0.854889 
1.028516 0.917172 
1.173135 1.072609 
1.111088 1.043225 
1.020916 1.109247 
1.022354 1.10649 
1.036779 1.285693 
1.038851 1.236767 
1.049471 1.301358 
0.9867202 1.255586 
1.139569 1.391063 
0.9491275 1.389154 
1.4566 1.128646 
1.029397 1.202466 
0.9824601 1.041044 
1.019407 1.094458 
0.9631323 1.301864 
0.9755382 1.078955 
1.060709 1.275065 
0.9943463 1.162788 
0.9698128 1.735755 
1.022084 1.237519 
1.179667 1.849811 
0.934723 1.744403 
1.098147 1.343277 
1.008119 1.549954 
0.9737081 1.321419 
1.112886 1.224154 
1.058384 1.36943 
1.023014 1.681505 
1.017425 1.648513 
0.8892766 1.418463 
1.264151 1.188172 
0.9478934 1.075707 
1.013888 1.134096 
0.9338356 1.539266 
0.8828644 1.414266 
0.8936164 1.526806 
0.9413928 1.558932 
1.116752 1.649045 
1.142261 1.88462 
0.9903096 1.983299 
1.131872 1.677033 
0.9619654 2.856862 
1.072675 2.06488 
0.9004867 1.920545 
0.8063889 1.815853 
1.083824 1.487081 
1.036993 1.69819 
0.9214293 1.943657 
0.9009599 1.974849 
0.9430589 1.321218 
1.183019 1.497245 
1.153502 1.157123 
1.017303 1.101867 
1.132328 0.9997747 
1.125702 1.336374 
1.07595 1.700748 
0.9684239 1.446751 
1.007588 1.291229 
1.147213 1.799974 
1.275183 1.428569 
1.076736 1.526117 
1.124194 1.465257 
0.9471373 1.097075 
1.118264 1.280463 
1.153426 1.472748 
1.044969 1.071811 
0.9078535 2.245104 
1.039784 1.045951 
0.8035451 1.163241 
0.9198144 1.206245 
1.163259 1.05914 
0.9771365 0.9171714 
1.141489 1.197317 
0.9655343 1.471207 
1.163653 1.44927 
0.923922 1.867655 
0.8840266 1.796895 
1.224636 1.786118 
0.9568245 1.878511 
0.9337806 2.362855 
0.7048164 2.55406 
0.9693895 2.579153 
0.853091 2.992293 
0.9850003 2.98172 
0.8293199 2.241393 
1.228783 1.840793 
1.039225 1.871594 
1.157151 2.025157 
1.15899 1.789545 
1.162497 1.25851 
1.079547 1.24346 
1.028584 1.166375 
1.214752 1.187815 
1.15563 1.207878 
1.070926 1.50144 
1.018213 1.358591 
0.9082389 1.44373 
0.9712219 1.523017 
1.067096 1.254023 
1.118695 1.016682 
1.03948 1.127623 
1.009409 1.072195 
0.8644112 1.207339 
1.002178 1.179935 
1.080826 0.9797738 
1.093567 1.051647 
0.9092754 1.07089 
1.178593 1.394717 
1.058328 1.662499 
1.15876 1.574075 
1.027758 1.54386 
1.169728 1.348658 
1.076117 1.487986 
0.984943 1.458948 
1.155189 1.491386 
1.24251 1.398663 
1.051732 1.50576 
1.095838 1.592813 
1.153418 1.6125 
1.05239 1.60555 
0.9757885 1.212776 
1.056486 1.565331 
1.069333 1.244922 
1.084649 1.53436 
1.187549 1.459738 
0.9946015 1.444936 
1.152626 1.220249 
1.018103 1.385095 
1.006268 1.363583 
0.902142 1.265962 
0.9135857 1.180974 
1.259471 1.13764 
1.079157 0.9543166 
1.079648 1.009686 
1.000394 0.927996 
1.009078 1.06304 
1.199188 1.134089 
1.020778 1.182283 
1.20064 1.577174 
0.9339185 1.595548 
1.072574 1.402055 
1.000677 1.650515 
0.9686288 1.98188 
1.009713 1.573651 
1.02413 1.502783 
0.9380563 1.324924 
1.189283 1.198193 
1.153413 1.197097 
1.066283 1.102335 
1.055245 1.048543 
1.078171 0.7387978 
1.061996 0.7295881 
0.9671232 0.7121834 
0.9952303 0.7138785 
0.9316356 0.8154388 
0.9174486 1.108351 
1.050638 0.8904326 
0.994321 0.958107 
0.9524351 1.25538 
1.102937 1.589257 
0.9943616 1.95644 
0.9732015 2.166067 
0.958663 1.716612 
1.112321 1.42201 
1.06707 1.253327 
0.9691746 1.116584 
1.033173 1.439823 
1.011581 1.112 
1.131444 1.29614 
1.236425 1.307215 
0.9493242 1.216061 
0.9541049 1.170976 
1.076937 1.058228 
0.9544114 1.061634 
0.9460019 1.339684 
1.045972 1.249859 
1.241448 1.410249 
1.077649 1.05181 
1.145387 1.174986 
0.9678649 1.362934 
0.8995929 1.501767 
0.8971935 1.897918 
1.006184 2.074991 
1.100475 1.620611 
0.9793369 2.087598 
0.9962052 1.695388 
1.024361 1.751214 
0.9226241 2.180456 
1.09261 1.846005 
0.8560908 2.107282 
1.05291 1.717682 
0.908298 2.090336 
1.011825 1.308943 
0.9882898 1.454275 
0.9317884 1.408934 
0.9932269 1.397432 
0.9822877 1.436755 
0.9047536 1.694595 
0.9099594 1.730477 
0.9595469 1.8749 
1.020273 1.715924 
1.10329 1.385744 
1.137635 1.815079 
0.9383189 1.302523 
1.001165 1.385291 
0.9992684 1.211316 
0.9664367 1.326432 
1.012397 1.095058 
1.062188 1.412875 
1.017923 1.476255 
1.003051 1.83577 
1.251907 1.957914 
0.8739814 1.590756 
0.9853955 1.605865 
1.132444 1.547939 
1.050865 1.385827 
0.9754912 1.347783 
1.1514 1.690599 
1.033419 1.442418 
1.079436 1.265348 
0.9456466 1.344281 
1.078592 1.390048 
1.164731 1.648024 
1.062858 1.617151 
1.198652 2.304132 
1.1304 1.441303 
1.001098 1.371229 
1.042474 1.291456 
1.108365 1.463201 
1.165602 1.183038 
0.928246 1.028648 
1.029562 1.186459 
1.007727 0.9719866 
0.9050557 1.354175 
0.9714835 1.252074 
1.028684 1.186254 
0.9575467 1.152585 
1.056765 1.326045 
1.179546 1.17944 
1.03593 1.317815 
1.000282 1.441514 
0.9901518 1.371067 
1.057589 1.216389 
0.8704742 1.243204 
1.131699 1.349688 
1.056693 1.130955 
0.8881942 1.393358 
1.146576 1.292032 
0.9454941 1.565798 
0.9913275 1.468496 
1.158 1.32808 
1.214695 1.560105 
0.8874583 1.84674 
1.080927 2.058974 
0.9684852 1.335331 
1.075992 1.298315 
1.016092 1.213778 
1.137934 1.229864 
0.9562257 1.263901 
1.073793 1.25581 
0.9808896 1.459181 
0.9033523 1.559108 
1.032705 1.445145 
0.992533 1.705078 
1.149451 1.603556 
0.9646502 1.670935 
0.8580999 1.553986 
0.9970838 2.070612 
0.8576553 2.501915 
0.9569456 2.204655 
1.007248 1.491927 
1.015889 1.069999 
0.9580561 0.9172957 
0.9861684 0.9537217 
0.8512979 1.304319 
0.8292566 1.442723 
1.041426 1.316506 
1.047348 1.095837 
1.158256 1.08564 
1.031741 1.171496 
1.052111 1.058522 
1.261239 1.298844 
0.9740159 1.418728 
0.9607032 1.370234 
1.133262 1.259646 
1.047351 1.118008 
1.136098 0.9094757 
1.009284 1.272308 
1.032341 1.518292 
1.244802 0.9070117 
0.9944436 1.227734 
1.080301 0.9950992 
1.004699 1.088059 
0.9466421 1.087553 
0.9587754 1.186765 
1.063076 1.048113 
0.9464533 1.494143 
1.047117 1.338496 
1.002847 1.255941 
1.089234 1.410652 
0.8626875 1.554498 
1.061124 1.55982 
1.090739 1.688077 
1.036077 1.490221 
0.9536017 1.60917 
1.110253 1.659676 
1.060434 1.51574 
1.059137 1.39985 
1.174536 1.808028 
1.05127 1.58094 
1.24127 1.441202 
0.8898781 1.584785 
1.050946 1.485222 
0.9705696 1.943371 
0.9490869 1.650625 
1.017529 1.948461 
0.9255594 1.768841 
0.9241198 2.021641 
0.9666928 1.860964 
1.072645 2.055407 
1.150141 1.953515 
1.073669 2.244962 
1.215699 1.869334 
0.9320377 2.56651 
0.9800537 1.830102 
0.8610033 1.603912 
0.8498488 1.801588 
1.046906 1.900077 
1.161177 1.871921 
0.9169237 1.875434 
1.193332 1.653329 
0.9205507 1.66539 
0.995593 1.80758 
1.076945 1.365016 
1.019207 1.417886 
0.9401522 1.434726 
0.9295304 1.305154 
1.000389 1.287522 
1.007592 1.226394 
0.9869375 1.38872 
0.8173144 1.551641 
0.9670784 1.739078 
0.9593786 1.864792 
1.034257 1.451297 
0.9236084 1.330643 
1.016581 1.432369 
0.8669582 2.237687 
1.06619 1.72443 
0.9286391 1.91416 
0.9708999 1.772521 
0.9271845 2.173959 
0.9017015 2.147929 
0.7248114 2.897738 
0.847834 2.750312 
1.125691 2.319003 
1.010205 2.915675 
0.9660811 3.125982 
1.038688 1.698799 
0.9414693 1.556137 
1.048374 1.291977 
1.088651 1.243242 
1.054319 1.32468 
0.9997122 1.364368 
1.156509 1.1236 
0.8959515 1.06603 
1.097705 1.139978 
1.11052 1.236762 
1.01631 1.180195 
1.030491 1.255752 
1.194502 1.362389 
0.948645 1.019721 
1.028498 0.8657509 
1.009172 0.987706 
0.8860813 1.222196 
0.9130636 1.554156 
1.020873 1.459975 
0.9823101 1.498535 
1.039824 1.683832 
1.013168 1.99725 
0.8948744 1.328007 
1.10795 1.371101 
1.12687 1.409093 
0.8933502 1.14266 
0.986815 1.163837 
0.9403456 1.144205 
1.043407 1.238097 
0.9020197 1.296964 
0.8888975 1.474235 
0.9518849 1.944011 
1.042129 1.919606 
1.043341 1.639558 
0.9461048 1.742885 
1.026272 1.81259 
1.070572 1.726823 
1.113291 1.735668 
1.104142 1.587232 
0.9909854 1.383556 
1.017086 1.381672 
1.013536 1.039913 
1.17877 1.505292 
1.293485 1.417721 
0.8613189 1.571512 
1.035102 1.26822 
0.8949176 1.335932 
0.9519055 1.613923 
1.085532 1.60927 
0.8865423 1.595593 
0.9887693 1.551904 
1.167086 1.392182 
0.924185 1.599319 
1.01433 1.194726 
0.9400368 0.9328208 
1.023235 1.433165 
1.206745 1.263188 
1.040936 1.240442 
0.8933445 1.107949 
0.9848329 1.342695 
0.9338814 1.618505 
1.197279 1.423375 
0.9310573 1.383188 
0.9577139 1.310847 
1.34334 1.479403 
0.8878373 1.694046 
1.17632 1.300155 
1.145968 1.409095 
1.062307 1.278154 
0.8830855 1.286869 
0.9990067 1.248285 
1.232995 1.341848 
0.9448101 1.35504 
0.9934214 1.414066 
0.9118147 1.334151 
1.025931 1.430032 
1.084669 1.844774 
1.27526 1.781268 
0.9376629 1.458676 
0.7960661 2.12202 
0.9932387 2.111338 
1.095473 4.708337 
0.9301683 1.527116 
0.9959629 1.356673 
1.086913 1.247342 
0.9821675 1.316487 
1.043737 1.643246 
1.219643 1.441478 
1.117986 1.622892 
1.029354 1.551086 
0.9651576 1.608682 
1.004058 1.427616 
1.100181 1.434427 
0.9504518 1.408724 
0.9545654 1.346827 
0.951108 1.417046 
0.9845795 1.530066 
1.144738 1.38826 
0.9986486 1.405401 
1.079687 1.025575 
0.9932958 1.497961 
1.000059 1.262249 
0.9509572 1.423974 
0.9555235 1.254604 
1.051166 1.127909 
1.103948 1.188417 
1.024594 1.046395 
1.094999 1.034388 
1.028887 1.084209 
1.048449 1.099905 
0.9144109 0.987404 
0.9793288 1.185245 
0.8898827 1.115685 
0.8899668 1.251408 
0.994566 1.258293 
1.277881 0.8710148 
1.177355 1.018522 
0.9381259 0.8954973 
1.067894 0.8465831 
1.248947 1.081093 
1.018245 1.141293 
1.153932 1.231392 
1.192259 1.695552 
1.011241 1.476903 
1.008138 1.70118 
0.8773661 1.643909 
1.076035 1.587841 
1.045973 1.557139 
1.002078 1.402493 
1.022914 1.135653 
0.9684522 1.267642 
1.043246 1.319772 
0.9472462 1.375113 
0.8056082 1.529644 
0.9891545 1.447441 
0.9929148 1.335693 
1.090981 1.503455 
0.9753514 1.87587 
1.053222 2.027418 
1.045021 1.927021 
0.9399272 2.318502 
0.9518325 1.745397 
1.155309 1.795759 
1.169242 1.795971 
0.922293 1.994715 
1.055485 1.871869 
1.029979 1.550363 
0.9669622 1.568783 
1.019419 1.783439 
0.801685 1.382452 
0.9587239 1.032462 
1.053297 1.035927 
1.026331 0.9924892 
1.075546 0.8049433 
1.121757 0.9851981 
1.134145 0.9684906 
1.00786 0.9858686 
1.148913 1.19252 
0.9469253 1.227148 
1.104174 0.9820296 
1.105813 0.9995623 
1.214679 1.125348 
1.007954 1.312446 
1.013176 1.457432 
0.9043645 1.391125 
1.107744 1.144123 
0.9856297 1.094975 
0.9635639 1.545967 
0.8964969 1.002759 
1.017419 1.494835 
0.9523549 1.607543 
0.9941285 1.763152 
0.9961647 1.502575 
1.046666 1.644586 
1.011264 1.294902 
1.14044 1.413647 
0.9585149 1.761094 
1.113703 1.21852 
0.8567566 1.228187 
1.144137 1.324211 
1.196761 1.768097 
1.205002 1.197098 
1.052628 1.665331 
1.120302 1.499952 
1.055514 1.541675 
1.181646 1.527613 
1.089598 1.462506 
1.002293 1.463167 
0.9831215 1.322225 
1.179695 1.156998 
0.9433594 1.023921 
1.091046 0.9107925 
0.9978762 0.9086361 
0.9698293 1.037469 
0.8740242 1.36363 
0.9208268 1.377267 
0.8593024 1.403591 
1.177898 1.335099 
0.9369754 1.996312 
0.9340105 1.67009 
0.9792242 1.585701 
0.8852302 1.461893 
1.012363 1.50948 
0.9066882 1.065631 
0.9174826 1.20943 
1.201031 1.173251 
1.14349 1.048082 
1.073783 1.219133 
1.000134 1.18565 
1.104137 1.33912 
0.9899192 1.277767 
0.9864694 0.9408147 
0.9611768 1.097308 
1.050174 1.485597 
0.9466718 0.9185882 
1.079677 0.8699399 
1.024108 1.070131 
0.994521 1.167315 
1.176335 1.271824 
1.033387 1.379608 
0.9056151 1.367647 
1.044289 1.442508 
0.8179755 1.469917 
1.038132 1.563792 
1.107648 1.510571 
1.027312 1.493506 
1.270157 1.246143 
0.9861043 1.206462 
0.9690871 0.9031172 
1.063032 1.168465 
1.238858 1.13366 
1.050009 1.160242 
1.033737 1.208149 
1.035673 1.166898 
1.116221 1.28546 
0.9856119 1.245126 
1.131537 1.437724 
1.214127 1.468436 
1.000253 1.452672 
0.9529413 1.391366 
1.090938 1.079384 
0.9339912 1.077253 
1.020438 1.174895 
0.9587154 1.276345 
1.135468 1.348604 
1.016013 1.837313 
0.9209984 1.356235 
0.8904426 1.224535 
1.137945 1.089305 
0.9050157 1.040714 
1.099707 1.276054 
1.043106 1.063098 
1.052646 1.154242 
1.042679 0.9867316 
1.030494 0.9814008 
1.053045 0.9493904 
1.13483 1.015579 
1.161633 0.878512 
1.073567 0.8669212 
1.068556 1.092355 
1.072548 1.097886 
0.9890063 1.032066 
1.082206 1.064627 
1.02065 1.124958 
1.041099 1.067302 
1.010901 1.057746 
0.9231057 0.9763645 
1.097713 1.203655 
0.9957432 1.26645 
0.9600497 1.455417 
0.8567494 2.139525 
1.099833 1.801124 
1.003901 1.559611 
0.7273595 2.39838 
0.9136274 2.325246 
1.164913 2.061299 
0.9989734 1.205484 
1.068954 1.521639 
1.019632 1.301151 
1.102234 1.155467 
1.124929 1.07119 
0.9996361 1.115102 
1.031261 1.096707 
1.076714 1.171974 
0.9529818 1.106393 
0.9822888 1.105666 
1.099559 0.9678563 
1.084224 1.108162 
0.9971517 1.254147 
1.029245 1.581917 
1.037591 1.34237 
1.104939 1.252763 
0.9785689 1.189632 
0.977048 1.174029 
0.9751424 1.012597 
0.9287852 0.9027172 
0.995334 1.0038 
0.8762167 1.107316 
1.129927 0.9673092 
1.078025 1.017856 
1.019671 1.221744 
1.046329 1.119782 
0.9537723 0.9304495 
0.9010391 1.197955 
1.153216 1.362288 
1.065819 1.78827 
0.9854836 1.668111 
0.8044478 1.801932 
0.9640911 1.460957 
0.914283 3.064658 
1.064173 1.810316 
0.8592179 2.212671 
0.875877 3.489926 
1.057479 3.777595 
0.7659812 2.613482 
0.9929451 3.10352 
0.7180681 4.467232 
0.7852293 2.436316 
1.207777 4.870217 
0.9818153 1.576973 
0.9059635 1.731197 
0.8416352 1.92054 
0.9975444 1.574578 
0.8723306 1.517251 
1.008874 1.327899 
0.8412668 1.574629 
1.033844 1.470449 
1.126569 1.382484 
1.023354 1.251361 
1.143621 1.28376 
1.153296 1.257384 
1.031006 1.150785 
0.8750721 1.25106 
0.8849718 1.215263 
1.140924 1.524964 
0.9806902 1.363204 
0.9261303 1.233064 
1.144056 1.309922 
1.168881 1.54438 
0.9843089 1.460623 
0.9316819 1.404724 
0.9848873 1.359683 
1.102801 1.789983 
1.067961 1.262905 
1.14102 0.9788363 
0.9025526 1.139979 
0.9398235 1.140825 
1.188219 1.231561 
1.068851 1.482728 
1.101922 1.396874 
0.9951218 1.569677 
0.8726743 1.887462 
0.9551602 1.727422 
0.8688158 1.797846 
0.9675414 1.450937 
0.9855943 1.411362 
1.069513 1.414371 
1.061232 1.137505 
1.133125 1.499564 
1.017091 1.513516 
1.12607 1.519258 
0.9810463 1.459585 
1.019893 1.366287 
1.216909 1.143165 
0.9616266 1.132718 
1.004983 1.245141 
1.051691 1.242235 
0.9544346 1.540675 
0.9275665 1.328984 
1.011223 1.237965 
1.293378 0.9843841 
1.012272 1.325823 
0.9792756 1.320569 
1.019903 1.546341 
0.9307154 1.600953 
0.8879522 1.711509 
0.8758528 1.836588 
1.100018 1.611951 
0.9722849 1.755197 
0.9738071 1.310242 
0.9725522 1.374697 
0.9904242 1.234031 
0.9951306 1.296212 
1.161342 1.259909 
1.065905 1.186945 
1.045882 1.567212 
0.8283221 1.645028 
1.224986 1.465551 
1.052389 1.528457 
0.8518524 1.383786 
1.027099 1.132635 
1.130238 1.011126 
0.9991981 0.9021285 
0.9815619 1.232217 
0.9717296 1.31361 
1.073605 1.241864 
1.14388 1.420205 
1.118304 1.247433 
1.062306 1.410064 
0.9153821 1.463792 
1.035307 1.583623 
0.9500996 1.98964 
1.084517 1.799316 
0.7092366 2.605366 
1.222699 3.084925 
0.9253973 2.33325 
0.836054 2.824343 
1.085094 1.993181 
0.9116696 1.903339 
0.897707 2.138356 
0.882485 1.639982 
0.8559814 1.44491 
0.9272116 1.513675 
0.9807143 1.901227 
0.9447894 1.679179 
1.036562 1.341232 
0.9051457 1.528538 
0.9475482 1.390536 
1.010952 1.791149 
1.047591 1.502363 
0.9494949 1.498524 
1.129552 1.273959 
1.001076 1.470321 
1.039109 1.189955 
0.9710894 1.293126 
1.264825 1.47196 
0.9785575 1.393043 
0.9878778 1.276442 
1.00616 1.260102 
1.067464 1.26345 
0.9211768 1.240153 
0.9759398 1.048964 
0.9671824 0.8883539 
0.9957883 0.8565315 
0.9730567 1.039621 
1.129899 1.454189 
1.129465 1.167909 
0.9523641 1.231732 
1.176316 1.440914 
0.9906304 1.552102 
1.042393 1.59067 
1.104834 1.827259 
1.163021 1.598993 
0.9649991 1.362329 
1.119979 1.483915 
0.9720568 2.183388 
0.7405239 2.307032 
0.7640201 2.637023 
0.9310583 1.99583 
0.8703271 2.085071 
0.840506 2.018874 
0.8945167 2.488783 
0.9752575 1.861665 
0.9201102 1.645412 
1.014884 1.344152 
1.133066 1.110313 
1.020926 1.168925 
1.199132 1.39867 
1.246451 1.710107 
0.9485724 1.944977 
0.9338696 1.761412 
1.014598 2.046808 
1.202068 1.990581 
0.8525891 1.450044 
0.9542654 1.415386 
0.9319923 1.270073 
1.07842 1.424044 
1.067419 1.439876 
0.996057 1.649456 
1.021077 1.81132 
0.8628556 1.941375 
1.028738 1.650253 
0.9771661 1.510426 
0.8583544 1.527216 
1.04386 1.478059 
0.9944346 1.952439 
1.016771 1.582537 
0.9653806 1.639483 
0.7930772 1.493781 
1.167079 1.422525 
1.123941 1.314283 
0.9912978 1.183827 
1.040171 1.339068 
1.122007 1.065061 
0.9695792 1.013284 
0.8869002 0.9040626 
1.037303 0.9311696 
1.124646 0.9449058 
0.9870486 1.009567 
0.9335745 0.9944815 
1.010661 0.8222111 
0.9642508 0.8132161 
1.167369 1.024062 
1.026307 1.078141 
0.945782 1.006513 
1.117234 0.995834 
1.081141 1.082478 
0.9187875 1.164078 
0.913851 1.370633 
1.103234 1.377651 
1.02669 1.286083 
0.8223759 1.546504 
1.002454 1.734122 
1.169688 1.602311 
1.135352 2.329675 
0.988708 2.474083 
0.8956947 2.312094 
0.9732967 2.201784 
1.294216 2.175531 
1.010599 2.264832 
1.093299 2.167788 
0.9982953 2.117269 
0.9823777 1.757693 
1.087327 1.506908 
1.019122 1.787467 
0.8788686 2.071162 
1.118641 1.94563 
0.8183253 2.355536 
0.8947722 1.903657 
1.206642 2.362722 
0.9826423 2.068524 
0.9044039 2.491804 
0.878273 2.065374 
1.089969 1.950926 
0.9867786 1.7191 
0.9300926 1.654174 
0.9603268 1.559518 
1.034524 1.770344 
1.415721 1.527689 
0.9723646 1.978042 
1.0232 1.523077 
1.173441 1.815081 
1.186673 1.626855 
0.9943331 1.475105 
1.108107 1.536096 
1.02738 1.502013 
1.036741 1.598231 
1.159972 1.216308 
0.9916343 1.110854 
1.092733 1.19649 
0.9944788 1.399912 
1.081053 1.449473 
0.9840532 1.166415 
1.168537 1.2398 
1.205784 1.424943 
0.9853583 1.332613 
1.030459 1.427312 
0.9802628 1.094495 
0.9778061 0.9370505 
1.013043 0.9914267 
1.135324 0.9376902 
0.9679056 1.015759 
0.9734816 0.9131605 
1.056661 0.8856745 
1.01123 0.8505215 
1.103185 0.7625755 
1.190569 0.9433376 
0.982539 1.167205 
1.19441 1.111699 
1.031931 1.14037 
0.9512027 1.181299 
0.9977064 0.9997439 
1.176414 1.178975 
0.9405477 1.032129 
1.108828 0.9880668 
1.048528 0.9660624 
1.033237 1.005112 
0.9352911 1.321154 
0.9727574 1.304094 
1.003615 1.20553 
1.038387 1.427309 
0.91166 1.371388 
1.024707 1.794359 
0.8314718 1.687728 
0.8122211 1.408994 
0.9195126 1.101863 
0.9844188 1.181084 
0.9482876 1.116819 
1.025664 1.382132 
0.9502079 1.617006 
0.8435194 1.913951 
1.186573 1.720176 
1.17139 1.447216 
0.8721193 1.404335 
1.090052 1.572884 
0.8784347 1.421831 
1.054038 1.397485 
0.9405821 1.616394 
0.9872488 1.404814 
1.066501 1.324483 
1.241074 1.405704 
1.028849 1.311002 
0.9566444 1.283456 
1.028943 1.469789 
1.182728 1.247399 
0.9607628 1.245958 
1.091105 1.534284 
1.045053 1.740919 
0.9899582 1.235992 
1.045175 1.347608 
1.010586 0.9899065 
0.9510137 1.195453 
0.8865826 1.86062 
0.9399018 1.550594 
0.8968495 1.521628 
1.019429 1.005066 
1.023864 1.226027 
0.9557796 1.331575 
0.9758711 1.313635 
1.182495 1.138011 
0.950864 1.27192 
0.9163521 1.340301 
0.8752069 1.345062 
0.9859405 1.353243 
0.9912428 1.203095 
1.046404 1.285294 
1.028244 1.202 
0.9920279 1.17687 
1.081122 1.198888 
1.043919 1.537072 
0.865791 1.415513 
1.161721 1.47041 
1.182366 1.391533 
0.8271579 1.611028 
0.9342013 1.668786 
0.9561554 1.872895 
0.7945146 1.474768 
1.006253 1.498903 
1.120257 1.709143 
0.9184343 1.582229 
1.021114 1.584 
1.174292 1.611642 
0.9164008 1.945383 
0.9705348 1.501088 
0.8889017 1.544342 
1.099522 1.174199 
1.030205 1.24506 
1.044275 1.152398 
1.129346 1.148029 
1.073604 1.140776 
1.119885 0.9548413 
1.057935 0.9238053 
1.167028 0.9136829 
0.9669431 0.9962344 
1.113555 1.109977 
0.9347109 0.8587822 
1.112388 1.034745 
1.264531 0.8966161 
1.050205 1.088707 
1.167957 1.151045 
1.002781 1.360659 
1.134964 1.266229 
1.096528 1.252645 
0.9840377 1.157495 
1.01448 1.233849 
0.8506574 1.461394 
0.8487457 1.327711 
0.7979143 1.28392 
1.175293 1.272227 
1.029997 1.14527 
1.00622 1.289619 
0.9971287 1.371708 
1.061824 1.177037 
0.9460545 1.135815 
1.032794 1.101353 
0.997993 1.094992 
1.041662 1.054913 
1.124763 1.27829 
1.03541 1.186817 
1.007349 1.127995 
0.9433204 1.349126 
1.037989 1.867685 
1.140717 2.518491 
0.8694382 2.246012 
1.026846 2.039678 
1.100291 1.671107 
1.072889 1.348003 
1.037616 1.252852 
1.276133 1.294909 
1.28945 1.338306 
0.9076934 1.389125 
1.041579 1.55685 
0.9408033 1.492163 
0.9532626 1.385436 
0.9665067 2.61651 
1.025026 1.340948 
1.101582 1.118908 
1.079294 0.9483789 
0.9686378 1.214009 
1.008711 1.107335 
1.032321 1.341291 
0.9040399 1.611066 
0.9807177 1.473018 
0.8286686 1.544747 
1.110106 1.493853 
0.9978714 1.785697 
0.8276948 1.979762 
0.9482423 2.162712 
0.9504785 2.362618 
0.8928016 2.320823 
0.8186717 2.114362 
0.9914364 1.725744 
1.024906 1.611609 
1.085657 1.386481 
1.039677 2.102891 
1.080477 1.89094 
1.108706 1.80981 
1.082364 1.148898 
0.9637513 1.12978 
0.8819848 1.249879 
1.108695 1.287806 
0.9836537 1.010355 
0.9820231 1.056976 
1.060991 1.287674 
0.8691054 1.395578 
0.9427172 1.478032 
1.021477 1.333367 
1.052891 1.088483 
1.10791 1.123413 
1.007178 0.7858323 
1.014232 0.8918045 
1.020518 1.054785 
1.007788 1.000919 
1.025283 1.139697 
1.074568 1.167154 
1.044209 1.213387 
1.0692 1.281257 
0.902539 1.763725 
0.9635354 1.547515 
1.126474 1.53567 
1.020167 1.548029 
0.9558927 1.47988 
1.292712 1.403728 
0.9325673 1.623157 
0.883538 1.619887 
1.015494 1.533575 
1.091236 1.561632 
1.046569 1.47751 
0.9491722 1.76805 
1.038512 1.674192 
1.048001 1.481661 
0.9369557 1.209819 
1.099765 1.285195 
1.178582 0.9892303 
1.009503 0.9399844 
0.9736261 0.9253912 
1.024148 0.8917179 
0.9376975 1.104456 
1.055197 1.161197 
0.964531 1.068839 
0.9388189 1.037436 
1.079921 1.099779 
1.004268 1.112167 
1.057293 1.119356 
1.018574 0.9886302 
0.9797485 1.217621 
1.096112 1.333509 
1.077302 1.194092 
1.192927 1.266454 
1.074631 1.299265 
0.9046417 1.394659 
1.021136 1.214017 
0.9440378 1.282433 
0.8649117 1.428099 
0.8718496 1.630972 
1.104299 1.705787 
0.9531901 2.045628 
0.9284066 1.970258 
1.217803 1.724637 
1.095765 1.426747 
0.8611711 1.174598 
0.9769997 1.000531 
1.023716 1.064429 
1.10199 1.076285 
0.9137691 1.070402 
1.040028 1.122847 
1.120114 1.285264 
1.123242 1.427032 
0.9647937 1.372382 
1.03639 1.294107 
0.9427384 1.251777 
0.9677973 1.198574 
1.03435 1.056697 
0.9946426 1.078828 
1.032565 1.113501 
1.007708 1.528183 
1.059076 1.168304 
1.034487 1.472793 
1.253084 1.430113 
0.9338465 1.243185 
1.119357 1.184727 
0.8304187 1.212144 
1.083891 1.44201 
1.069995 1.743423 
1.002087 1.962955 
1.020079 1.71934 
0.9972548 1.392839 
0.9567236 1.63576 
0.8938099 1.646864 
0.8160192 1.976043 
1.019001 1.600671 
1.02274 1.418472 
0.9363073 1.21014 
1.162181 1.200554 
1.095433 1.403364 
1.127119 1.038231 
1.020863 1.539564 
1.108243 1.926681 
0.943724 1.83127 
0.9294178 1.941018 
1.291536 1.657317 
1.109193 1.396297 
1.03721 1.260102 
1.017024 1.088405 
1.258754 0.9733915 
0.9469504 1.158218 
1.094919 1.435775 
1.126093 1.399005 
0.9216131 1.411693 
1.025051 1.385245 
0.8966071 1.403062 
0.9014237 1.261786 
1.034447 1.4416 
1.175992 1.1657 
1.085099 1.231973 
0.9148815 1.081611 
1.004906 1.111046 
0.9170746 1.191889 
1.059475 1.135663 
1.06343 1.054415 
0.9144882 1.566259 
1.133863 1.412082 
1.13546 1.435414 
0.8853464 1.508969 
0.9139049 1.556353 
1.149924 1.246033 
1.03332 1.252035 
1.106671 1.517682 
1.138976 1.650663 
1.029336 1.597823 
1.083961 1.715076 
1.067911 1.779648 
1.000301 1.946302 
0.9184631 1.646803 
0.9668678 1.86989 
0.9910249 1.630103 
1.08155 1.743886 
0.9493241 1.698026 
0.8942433 1.619506 
1.016039 1.675077 
1.107737 1.809145 
0.9580832 1.88753 
1.183683 1.581913 
1.195958 1.529184 
1.013268 1.314034 
0.8751572 1.579729 
1.079384 1.23096 
1.014443 1.509884 
1.137319 1.463974 
1.109809 1.313831 
0.9748839 1.190404 
1.129261 1.33321 
1.063084 1.318335 
1.131422 1.088846 
0.9162601 1.190033 
0.9537511 1.30513 
1.163998 1.37723 
1.087776 1.166136 
1.159437 1.27557 
1.034356 1.009781 
0.95796 1.148021 
1.191176 1.029318 
1.082599 1.158743 
1.226442 1.154208 
0.9752244 0.8502792 
1.076932 1.255667 
0.8278718 1.363562 
1.026607 1.425514 
1.019276 0.9417741 
1.042404 0.9947465 
1.132075 0.8827283 
1.107211 1.176277 
1.017961 1.589547 
0.980215 1.475604 
1.028285 1.35936 
0.9073708 1.711027 
0.9497185 2.045265 
0.9706071 1.599943 
1.120425 1.598131 
1.031795 1.52008 
1.167857 1.766297 
1.162914 1.309557 
0.9408968 1.53588 
1.088951 1.449523 
1.241673 1.621503 
1.302687 1.749536 
0.826599 1.559393 
0.807163 1.592662 
1.028392 1.339685 
1.142053 1.353284 
0.8537463 1.079454 
1.097808 1.157266 
1.128307 1.145977 
0.8425369 1.491546 
0.9152174 1.252671 
0.9781103 1.425196 
1.013176 1.644155 
1.047407 1.969355 
0.8685117 1.830935 
0.9227255 2.246244 
0.9035973 2.085881 
0.9050775 1.830715 
1.044623 1.741993 
1.205345 1.746384 
1.102111 1.616069 
1.288746 1.77601 
1.082913 1.613074 
1.060445 1.552539 
0.7482156 1.529655 
0.9687906 1.262387 
1.030316 1.157871 
1.029457 1.071815 
0.9442644 1.347246 
0.9955318 1.609773 
0.8698838 1.454818 
0.8938948 1.549261 
1.018545 1.657108 
0.8600309 1.447044 
1.003206 1.426235 
1.124183 1.613487 
0.9071371 1.625555 
1.150017 1.611247 
1.076725 1.779991 
0.9655154 1.591797 
1.014111 1.345833 
0.9351972 1.282599 
1.067362 1.41564 
1.035083 1.685345 
1.078239 1.675586 
1.005831 1.492002 
0.8880268 1.892294 
1.033517 1.687291 
0.8952041 1.650739 
0.879987 1.852639 
1.086983 1.737847 
0.9040847 1.434829 
1.061598 1.519372 
1.133111 1.31889 
1.030002 1.12631 
1.130296 1.238798 
0.9490705 1.227672 
1.022506 1.047297 
0.9969518 0.9408859 
0.9352459 1.049612 
1.285387 1.312994 
1.109216 1.380653 
1.117024 1.324237 
1.02545 1.30806 
1.265333 1.232228 
1.058478 1.470811 
0.9289101 1.625088 
1.041959 1.638292 
0.9396216 1.79578 
0.985319 2.228021 
1.02116 1.852189 
0.898641 2.008816 
0.9304637 2.258497 
1.081923 1.640319 
0.9254709 2.746057 
0.9603704 2.762803 
0.816528 3.626263 
0.8539851 3.045767 
0.7978785 2.013215 
1.090163 1.759033 
1.034645 1.316345 
1.020397 1.491707 
1.066983 1.354176 
0.7218706 1.62864 
0.8705155 1.55748 
1.080922 1.359401 
0.9047172 1.277208 
0.9384745 1.213235 
0.8322801 1.360802 
1.036119 1.405927 
1.002529 0.895685 
0.9534493 0.9099006 
0.9401377 0.9300942 
1.102084 1.054073 
1.039391 0.9892991 
0.9937725 1.159552 
0.8634716 1.194066 
0.9556187 1.147929 
1.303626 1.297056 
1.061718 1.513612 
0.9811576 1.414486 
0.9185565 1.630822 
0.9343612 1.746951 
0.835645 1.777903 
0.9276402 2.210437 
0.9100579 1.606499 
1.036632 1.243845 
1.199747 1.558202 
0.8506059 1.644165 
0.8868472 1.898948 
0.8946756 1.466754 
1.094442 1.427444 
1.124815 1.384492 
0.9854143 1.268076 
1.099573 1.218925 
0.9224017 1.397775 
0.8639419 1.443491 
0.9980484 1.753371 
1.002901 1.547738 
1.101888 1.40296 
0.9304598 1.345934 
0.9091738 1.301599 
1.04172 1.277052 
0.9539265 1.764588 
1.007297 1.186683 
0.9456082 1.267298 
0.9061589 1.526797 
1.133395 1.873357 
0.8866397 1.732838 
1.200415 1.70664 
1.08787 1.930028 
1.14635 1.491818 
1.160564 1.553275 
1.063957 1.360718 
0.9248282 1.433455 
1.127637 1.532469 
0.9532555 1.237648 
0.9052037 1.243779 
1.118014 1.307293 
0.9797144 1.246714 
0.9194372 1.259199 
1.041499 1.588619 
1.050058 1.295828 
0.885461 1.584718 
0.9215014 1.409581 
0.9748376 1.422501 
1.148283 1.219036 
1.030193 1.481718 
1.022509 1.185944 
1.041526 1.484833 
0.9135138 1.591666 
1.126373 1.698977 
0.9185415 2.085631 
0.8182608 1.743466 
0.8854809 2.231066 
1.05767 1.780381 
1.066176 1.494204 
1.104999 1.503828 
1.011589 1.506027 
0.9625268 1.606296 
0.8722485 1.525625 
1.003542 1.537122 
1.021169 0.9529914 
1.003975 1.267082 
0.9438428 1.112154 
1.078659 1.188605 
1.242619 1.119373 
0.9482578 1.312562 
0.9762834 1.950239 
0.9801722 1.871635 
0.9079855 1.536407 
1.05681 1.928805 
0.9922372 1.601608 
1.065013 1.64586 
1.028781 1.427968 
0.9858057 0.9376396 
0.9521247 1.046945 
1.005232 0.816214 
1.003979 0.7817012 
1.021809 0.7166408 
1.071543 0.7729947 
1.135411 0.9126769 
1.166524 1.272055 
1.056279 1.200918 
0.9599625 1.324735 
1.257966 0.9757271 
0.8789657 1.374915 
0.9764981 1.471396 
0.9369674 1.545365 
0.8191983 1.476806 
1.057471 1.020936 
0.9436692 0.9576065 
0.9859025 0.8017905 
0.9840316 0.9364484 
0.991295 0.9593374 
0.9976892 1.168085 
1.087851 1.285758 
1.064531 1.240687 
0.9959937 1.354064 
1.161706 1.403761 
1.189875 1.518739 
1.076835 1.330253 
1.064613 1.209261 
0.9032762 1.274877 
0.9017797 1.228867 
1.029947 1.216504 
1.066412 1.216379 
0.9002334 1.382371 
1.102063 1.163594 
0.9668598 1.458259 
0.8557338 1.546588 
0.8740379 1.358526 
0.9241972 1.362926 
0.9757965 1.28581 
0.9937605 1.228452 
0.9616415 1.399961 
0.9517593 1.486613 
1.029007 1.487512 
1.092163 1.456619 
1.007366 1.442093 
0.9630708 1.657745 
1.018632 1.623176 
1.002036 1.833144 
1.017207 1.095862 
1.042497 1.527625 
1.0692 1.337605 
1.085317 1.278784 
1.023717 1.088582 
1.0959 0.8813035 
1.177099 1.120868 
1.124094 1.293415 
1.001524 1.147343 
1.034635 1.294943 
1.014378 1.245781 
1.012485 0.9812195 
1.157351 1.12017 
0.9560347 1.120442 
1.007655 1.128555 
0.9068341 1.091725 
1.015718 1.169234 
1.127163 1.27647 
1.087404 1.090552 
1.026244 1.427665 
1.177174 1.473617 
1.02543 1.241533 
1.045339 1.225484 
1.121814 1.266349 
0.9973955 1.418495 
0.9941618 1.225625 
1.120473 1.259518 
0.9207323 1.957427 
1.274943 1.738509 
1.01072 1.707922 
1.009773 1.806377 
0.7809249 1.575467 
1.123691 1.890857 
0.984639 2.121945 
0.8844151 1.706913 
0.9940161 2.502163 
0.8625292 2.062022 
0.9898501 1.866433 
0.8860615 2.019181 
0.9306409 1.869696 
0.8123835 1.913865 
1.04612 2.067641 
1.012551 1.959952 
1.091876 1.402093 
0.7213443 2.365851 
1.088849 1.728139 
0.985951 1.65535 
1.031146 1.473107 
1.117725 1.812236 
1.098164 1.560968 
1.067722 1.436431 
1.078304 1.097369 
0.836526 1.240185 
1.000837 1.259341 
