u.bar t.bar 
0.8301618 2.173045 
1.013349 2.318376 
0.9498001 1.953251 
1.116237 2.44213 
0.9795631 1.930406 
1.247809 2.323777 
1.080046 2.167273 
0.9330073 2.209746 
0.8435778 2.07739 
0.6844204 2.246952 
0.7185747 2.115339 
1.085738 2.221264 
0.6534088 2.237947 
1.003891 2.082933 
0.9030222 1.99526 
1.137582 1.976005 
0.7568534 1.687155 
0.9176975 1.367422 
0.9619527 1.775402 
0.9867009 1.812012 
0.9625571 2.055879 
1.121841 1.322697 
0.8220801 2.144535 
0.9459787 2.104824 
0.8999424 1.544304 
0.9735305 1.452445 
0.9714628 1.691229 
0.9311032 1.572214 
0.7894317 1.536073 
0.8488236 1.687392 
0.9683121 1.782536 
0.8870706 2.157827 
1.09837 1.90485 
1.02104 1.851092 
0.9825807 1.537513 
1.088854 1.470324 
0.9067248 1.620118 
1.038074 1.4578 
1.066246 1.309241 
0.9503908 1.068905 
1.014766 1.054091 
1.076281 0.8632569 
0.907327 1.071835 
0.9825525 0.8989639 
1.048516 1.09493 
0.9078029 0.9448539 
1.050285 1.07985 
1.001097 1.023119 
0.8679899 1.034964 
1.025967 0.99042 
1.012203 1.019125 
1.113894 1.176005 
1.067556 1.163723 
1.028473 1.270923 
1.042506 1.278922 
1.064991 1.238888 
0.9432372 1.206202 
1.064694 1.187993 
1.063473 1.241343 
1.061039 1.004594 
1.133008 1.032814 
0.9445042 0.9939322 
1.071718 1.028161 
1.123936 0.9446783 
1.010455 0.9051529 
0.9270269 0.9349447 
1.151081 0.8643055 
1.038254 0.8696911 
0.9766677 1.025975 
0.9697081 1.004367 
0.8939586 1.18282 
0.861505 1.307957 
1.038116 0.9641908 
0.9521048 0.9533043 
1.032656 0.9073561 
1.106998 0.9805084 
0.9127131 0.8962596 
0.9833298 1.030536 
1.073132 0.9831132 
0.9951887 1.037412 
1.009699 1.162206 
1.117687 1.015694 
0.9868898 0.9676742 
1.019038 0.981351 
1.011522 0.9606893 
0.9859722 1.011902 
0.9918726 0.9957875 
1.143793 1.022449 
1.138515 1.165379 
1.147773 1.259957 
1.063398 1.483693 
0.9911892 1.608037 
0.766234 1.485324 
0.8716691 1.250164 
1.068878 1.383315 
1.104302 1.30277 
1.07385 1.209777 
0.9072589 1.111271 
0.9615856 0.9835823 
1.018499 1.075687 
0.9972079 0.9434198 
0.9956711 0.9491698 
1.104101 1.120123 
0.9192374 0.9906691 
1.032486 0.979139 
0.9497375 0.9765819 
0.9710026 1.003332 
0.9176634 1.010211 
1.068308 1.023199 
0.9814394 0.9737272 
0.955032 1.030937 
1.018903 0.9083559 
0.9307895 0.8755306 
1.065057 1.024785 
1.028222 1.108273 
1.121962 1.269741 
1.025212 1.243207 
1.065949 1.271242 
0.9447561 1.111873 
1.102207 1.099274 
1.021028 1.129277 
1.164076 1.130787 
1.071925 1.148984 
1.126845 0.9085111 
1.063047 1.201414 
1.100262 1.172733 
0.8943476 1.042128 
1.082737 0.8115874 
1.024357 0.8538601 
1.003404 1.027928 
0.9586851 1.147195 
0.9270361 1.240884 
0.9619076 1.013406 
0.9686328 1.063434 
1.037193 0.9705712 
1.031573 0.9263502 
0.9342487 1.014096 
1.026203 1.107342 
1.053123 1.072279 
0.9167937 1.000501 
1.013235 1.025161 
1.045402 0.8702375 
1.127692 0.9093956 
1.080258 1.021165 
0.9672611 1.101284 
0.9770475 1.150379 
0.9498772 1.07387 
1.046917 1.072183 
1.102196 0.9691358 
1.041843 0.9593836 
1.071337 0.9021401 
0.9077205 1.030888 
1.067873 0.8754024 
0.8819567 0.9648128 
1.045567 0.9547288 
1.002479 0.8142304 
1.039404 1.042327 
0.9008498 1.056979 
1.009813 1.349978 
0.8883756 1.427445 
1.098006 1.38864 
0.9471961 1.29469 
0.897154 1.44173 
1.020447 1.504816 
0.8582705 1.522089 
0.9811498 1.241363 
1.117247 0.9361676 
0.9872232 0.984713 
0.9556086 1.078873 
1.098309 1.028377 
1.017611 1.124388 
0.9051696 1.031011 
0.9650304 1.020111 
0.9209901 0.9585358 
0.9724912 1.014103 
1.029636 0.9486096 
1.068388 0.8901655 
0.9817082 0.8745748 
1.063674 0.8431614 
0.9659213 0.8590795 
1.003999 1.031705 
0.9793441 1.096329 
0.9001136 1.120122 
1.02718 1.061772 
0.9335224 1.194369 
0.8365691 1.316835 
1.15506 1.376679 
0.8813888 1.560554 
1.115397 1.387229 
1.063262 1.353353 
1.014688 1.192995 
0.9151675 1.117638 
0.9670448 0.9595401 
1.002758 0.8945012 
0.9683569 0.965203 
1.043516 1.134904 
0.9369736 0.9574721 
1.019219 0.9881884 
0.8401013 1.138253 
0.9286694 1.233713 
1.129348 1.246264 
0.888613 1.159731 
1.119652 0.9781592 
0.9220611 1.216204 
1.028473 1.115205 
0.8988927 1.126205 
1.020843 0.8515741 
1.017054 1.071002 
1.04487 0.9519631 
1.181296 0.9244555 
1.116205 1.027009 
1.035224 0.9450909 
1.026869 1.078435 
1.066022 0.9153877 
0.8967509 1.092746 
1.018702 1.060061 
0.9793063 1.02754 
0.9367183 1.10814 
0.9894359 0.9897177 
1.012894 0.979564 
1.15879 1.05923 
0.9312029 1.146967 
1.034678 0.9762405 
1.016593 0.9004432 
0.9602882 0.8303252 
0.937895 0.8724998 
1.057778 0.7894402 
0.999611 0.8661517 
1.093759 0.7598942 
1.070067 0.8115251 
0.9776977 0.8661858 
1.081767 0.905435 
1.146869 0.9173348 
0.9496868 0.9677635 
0.9974961 0.8905576 
1.059776 0.8911246 
1.154254 0.9589734 
1.02678 1.018266 
1.085588 0.9077552 
0.9771438 1.084113 
0.9977791 0.8906693 
1.077766 0.9813924 
1.076854 1.026662 
1.22811 1.017175 
0.9590085 1.192451 
0.9467519 1.529928 
0.8526185 1.670593 
0.7839678 1.812678 
0.8483467 1.638211 
0.9124639 1.40677 
0.889925 1.420831 
0.873525 1.314117 
0.9546253 1.235657 
0.9612727 1.316601 
0.8221918 1.295796 
0.9803409 1.07871 
1.057734 1.177256 
0.9738767 1.068806 
1.037402 1.039991 
0.9597295 0.9287492 
0.9851522 1.241881 
1.074516 1.16033 
0.9947526 1.282424 
0.9823279 1.314046 
0.988053 1.581968 
0.8154882 1.694808 
1.085464 1.648821 
1.023518 1.711656 
1.13987 1.382412 
1.054495 1.366371 
0.7745825 1.389332 
0.9984459 1.340485 
0.8000098 1.368289 
0.8432299 1.459347 
1.08404 1.317136 
1.149917 1.308307 
0.9424819 1.55831 
1.044641 1.589518 
0.9674547 1.496066 
0.8506751 1.320868 
0.9594502 1.503243 
0.9675868 1.528224 
0.8913529 1.393509 
0.9905404 1.545484 
1.00608 1.379081 
0.8760564 1.200261 
0.9186347 1.398404 
0.9865312 1.333306 
0.8695015 1.307857 
0.9876666 1.601496 
1.15332 1.352162 
0.9019439 1.378048 
1.216488 1.067149 
1.057267 1.045177 
1.016974 1.173491 
1.033054 1.179706 
0.9269737 1.142322 
0.9492829 1.10944 
1.034966 0.9359053 
0.9910128 0.9289169 
0.976137 0.9132187 
0.9904053 1.066862 
1.12604 0.9529134 
1.036935 0.9228831 
0.9775458 0.8792397 
0.8987549 1.055487 
0.9881888 0.9981484 
1.097601 1.085076 
1.156327 1.273373 
0.9413138 1.248328 
0.9109906 1.11114 
1.052337 1.045466 
0.913411 1.012203 
0.9964711 0.9757984 
1.055853 1.005861 
1.021468 1.039332 
1.062373 0.8820608 
1.037185 1.114548 
1.015597 0.831183 
1.011092 0.9590837 
0.9525179 1.083951 
1.02629 1.236774 
0.9300518 1.31386 
0.9061076 1.088042 
1.10949 1.119638 
1.089791 0.9689725 
1.058929 1.046691 
1.039061 1.082478 
0.8457009 1.295607 
0.8143398 1.190145 
0.9678914 1.335065 
1.045143 1.38308 
0.9786536 1.582132 
1.001162 1.313085 
0.9551793 1.460762 
0.9884275 1.346598 
0.8531628 1.530455 
1.153314 1.63915 
1.017061 1.747499 
0.9175745 1.754388 
0.773488 1.890064 
1.010895 1.960901 
1.122095 1.772856 
0.9181578 1.750669 
1.016205 1.696073 
1.045695 2.47265 
1.024557 2.388212 
0.9564332 1.995844 
0.9255921 1.952848 
0.8417368 1.94982 
0.8189947 2.019711 
0.9369057 1.786576 
1.067335 1.726355 
0.9791122 1.802989 
0.9818418 1.938641 
1.067978 2.236444 
0.94666 2.094704 
1.19552 1.709597 
0.9154215 2.203851 
0.813066 1.905092 
0.8765926 1.702344 
0.9490503 1.552363 
0.8828368 1.673898 
0.9391693 2.120458 
1.06233 2.170727 
0.9048576 2.04018 
0.7052237 1.74105 
0.9267646 1.788817 
0.8854599 1.744862 
0.9602947 1.83217 
0.9424698 1.789863 
1.179896 1.499145 
0.9093829 1.564043 
0.8747162 1.543579 
1.005295 2.001377 
0.860911 1.51931 
0.9368835 1.760149 
0.9901809 1.827573 
0.8289711 1.703161 
1.243743 1.656677 
1.049466 1.738891 
0.9986515 1.642861 
0.8406269 1.650042 
1.071203 1.752412 
0.9617198 1.951157 
0.935365 1.972488 
1.198905 1.966986 
0.9240751 2.176529 
0.8324497 2.103801 
1.141195 1.992253 
0.932476 1.90776 
0.9805143 1.728932 
1.210971 1.507856 
0.8408466 2.132232 
0.7784442 2.179982 
0.9756341 2.310322 
0.7751431 2.22406 
1.014333 2.217128 
0.8759008 1.947707 
1.391881 1.983854 
1.00683 1.281045 
1.116366 1.063418 
1.023122 1.235436 
0.9522501 1.182179 
0.9527649 1.114189 
1.036186 1.136503 
1.137815 1.107942 
0.8660474 1.176998 
0.9550229 1.203973 
0.8744434 1.29412 
0.9855341 1.256864 
0.7706238 1.386611 
1.089058 1.44846 
0.9394725 1.597186 
1.084098 1.610187 
1.009057 1.482501 
0.8461395 1.437407 
1.27932 1.277859 
1.01576 1.153785 
1.031804 1.20855 
1.132849 1.213851 
1.076617 1.21623 
0.9049441 1.245562 
0.9384702 1.427185 
1.10028 1.13427 
0.9458232 1.131372 
1.195611 1.322733 
0.9024814 1.392425 
0.7627518 1.835473 
1.051446 1.591889 
1.010178 1.342102 
0.8888525 1.377081 
1.071667 1.432028 
1.061952 1.1502 
1.16366 1.029801 
1.034797 1.036241 
0.9814171 1.015758 
1.059523 1.157487 
0.9675151 1.264725 
1.036374 1.053205 
0.9052569 1.237818 
0.9723634 1.242007 
1.096998 1.247691 
0.9895596 1.436201 
1.156256 1.468188 
1.026203 1.166908 
1.006131 1.171434 
1.169321 1.434527 
0.8888106 1.302287 
1.060163 1.504074 
0.8348391 1.699563 
0.9114539 1.651662 
0.8084554 1.609862 
1.123904 1.75548 
0.9595248 1.875721 
0.9418162 1.829442 
1.038043 1.764998 
0.8838029 1.983191 
1.263194 1.820042 
1.027143 1.93891 
1.090985 1.972104 
1.003464 2.107715 
1.142126 2.076398 
1.095034 2.354802 
1.013837 1.892677 
1.066067 1.873602 
1.056339 1.570335 
1.102468 1.60632 
1.021817 1.25482 
1.039739 0.9653233 
0.9836896 0.9723011 
0.9160611 1.000294 
1.08003 0.9203537 
0.942459 1.069806 
0.8722648 1.151791 
0.9023814 1.047574 
0.9199005 1.14088 
0.9677042 1.174617 
1.133129 1.112919 
1.164134 1.186963 
1.016364 1.591835 
1.055733 1.262056 
0.8999281 1.256768 
1.015526 1.281096 
0.9980764 1.42487 
1.060812 1.363681 
0.9926814 1.403684 
0.9691202 1.461427 
0.9874004 1.387789 
0.903546 1.67933 
0.9638668 1.52141 
0.8487433 1.408158 
0.8542229 1.511407 
1.019258 1.442619 
1.302294 1.471891 
0.8558459 1.427786 
0.9652739 1.342814 
1.228817 1.32304 
0.925844 1.241249 
1.047321 1.213454 
0.9642326 1.165905 
0.9957564 0.9812235 
0.8766781 1.064303 
0.9929763 1.049681 
0.9495676 1.149484 
0.9452201 1.044595 
0.9606768 1.076601 
0.9324843 0.9029331 
1.049867 1.049886 
0.93712 1.123739 
1.055241 1.179733 
1.036498 1.165029 
0.9161592 1.023638 
1.079252 1.005822 
1.042461 1.067429 
1.024784 1.095816 
0.8857792 1.096352 
1.010124 1.012745 
1.0145 1.041987 
1.003776 0.9360573 
0.9908418 0.9656488 
1.085125 0.8854914 
0.9876242 0.9714279 
0.9506465 1.0265 
0.9753945 1.184977 
0.9058585 1.209134 
0.8888703 1.572872 
1.098526 1.593626 
0.8955126 1.653998 
0.8127537 1.806779 
1.147617 1.816641 
1.008798 1.897804 
1.001871 1.834642 
0.9207267 2.006806 
0.8373367 2.1391 
0.8740759 2.10953 
1.164239 1.925199 
0.6789164 1.774126 
0.9927561 1.401765 
0.8671474 1.251002 
1.003072 1.336931 
1.018934 1.140486 
1.036084 1.230605 
0.9253225 1.265457 
1.204997 1.045826 
1.029502 1.142336 
1.025763 1.143303 
0.8489263 1.415098 
1.020948 1.407996 
1.03491 1.354447 
1.122727 1.207898 
0.9244068 1.300977 
1.113261 1.361601 
1.104375 1.230072 
0.9563 1.293421 
1.005563 1.161631 
1.0553 1.114366 
1.09732 1.042595 
1.035181 1.011552 
1.037902 1.268247 
1.101866 1.179225 
0.9325872 1.29222 
0.9781256 1.389251 
1.077246 1.28804 
0.8804441 1.334885 
0.9718098 1.226015 
1.251094 1.242773 
1.024048 1.313074 
0.9574698 1.239391 
1.087065 1.176942 
0.844759 1.011812 
1.000172 1.282692 
1.01638 1.21201 
0.8810804 1.236186 
1.118559 1.065403 
1.006276 1.2152 
1.013415 1.016891 
0.9061962 1.210647 
0.8893377 1.061188 
0.9209035 1.119526 
1.065133 1.060097 
0.9790917 1.075056 
1.007702 1.067726 
0.9915736 1.102223 
0.9816849 1.141019 
0.8850835 1.547984 
0.9079867 1.470822 
0.8899181 1.517917 
0.8708733 1.44583 
0.8718383 1.357298 
0.909402 1.452033 
0.9541325 1.555857 
0.9669547 1.463921 
1.033431 1.33268 
1.141039 1.233069 
0.9564572 1.088059 
0.9795845 1.121927 
0.8601686 1.178237 
0.9620729 1.310761 
0.9599992 1.051631 
1.006195 0.9327638 
0.9794064 0.9145614 
1.106423 1.270419 
1.067603 1.254796 
0.9782132 1.117852 
1.114579 1.142051 
1.036499 1.363281 
0.9516612 1.435779 
1.106236 1.296477 
0.8530324 1.653561 
1.097885 1.535092 
0.9910557 1.535369 
1.023676 1.565438 
1.096572 1.235141 
0.9929773 1.548435 
1.016091 1.634973 
0.9070136 1.827677 
0.9399412 1.789459 
1.048836 1.629872 
0.8170675 1.821453 
0.9891341 2.032019 
0.9751198 2.029379 
1.018108 1.696277 
1.14875 1.746576 
0.9108009 2.047817 
1.011134 1.873178 
0.9067552 1.963764 
1.009036 1.983989 
0.976864 2.004596 
0.727351 2.269691 
0.7908994 2.314051 
1.070156 4.113768 
1.058274 1.379059 
0.9899103 0.7498955 
1.039281 0.8623972 
1.098686 0.9443344 
1.05353 0.8575226 
1.02526 0.805425 
1.148769 0.8564919 
0.9376769 0.9714167 
1.025593 0.9550745 
0.9755631 0.9755035 
1.016475 0.9754858 
1.028395 0.8983872 
1.100935 1.042502 
0.9043323 1.046353 
0.9866022 0.9813199 
0.8976015 1.022886 
0.879162 0.9423572 
1.064477 0.9348559 
1.006981 0.9038707 
0.9665702 1.006315 
0.9081652 0.9543265 
1.065242 0.8964407 
0.942126 0.9632756 
0.9986525 0.9624691 
1.023812 0.918572 
0.9891206 0.9205074 
1.036334 0.9059198 
1.097066 0.9730758 
1.00199 0.9639979 
0.9489353 0.9373344 
0.9335899 0.9939163 
0.962185 0.9753467 
0.9831713 1.148011 
0.9837984 1.103393 
0.9097217 0.9958227 
0.9468654 0.961679 
0.9589199 0.9573183 
1.005946 1.000884 
1.056891 0.9084781 
0.9694958 0.8751471 
1.015371 0.8818739 
1.048284 0.9014834 
0.9589088 0.8774184 
0.9896292 0.8587373 
0.9406945 0.8622601 
0.9952606 0.8815276 
0.9979959 0.8677205 
1.036753 0.8553863 
0.9878723 0.875891 
0.9661923 0.865175 
0.8838632 0.913854 
1.127687 0.9917565 
0.9793564 0.9777863 
0.9696873 0.9078561 
1.006771 0.8772654 
1.067604 0.8765071 
0.9570509 0.9942667 
1.019499 0.9008451 
0.8426984 0.9300322 
0.9986042 0.8951249 
1.01697 0.8742989 
1.064369 0.8491115 
1.013939 0.848252 
0.9905673 0.8449758 
0.9790147 0.8855025 
0.984694 0.9258877 
0.9860019 0.987942 
1.044019 0.9936579 
0.9607124 1.115267 
1.00979 1.059848 
0.8232812 0.9468754 
1.0159 0.9250406 
1.05071 1.045985 
1.034764 1.010162 
0.957283 0.948652 
0.9920952 0.8773375 
1.004614 0.938659 
1.046796 0.8578079 
0.8749558 0.9152718 
1.01852 0.8571959 
1.062795 0.8583385 
1.056413 0.8532703 
0.9887032 0.7899859 
0.9805207 0.8266566 
1.022949 0.7973522 
1.06461 0.789176 
0.9970864 0.7148892 
1.094914 0.8163098 
0.9640027 0.8663219 
0.9917108 0.7878561 
1.049908 0.915474 
1.034881 0.8700571 
1.00973 0.8012827 
1.067798 0.7682845 
0.9953584 0.8058614 
1.109867 0.7910887 
1.065208 0.7779719 
1.025271 0.7268211 
1.064676 0.7702517 
0.96446 0.8403331 
0.9861243 0.8031103 
1.051194 0.8479597 
1.156883 0.8608175 
0.9798161 0.8515111 
0.9852537 0.8796162 
0.9226269 0.9717811 
0.9007317 1.036187 
1.036592 0.8624476 
1.10177 0.8295148 
1.035838 0.7764901 
0.9322194 0.9316818 
1.276077 0.9045488 
0.9657276 1.008688 
0.956265 0.8821144 
0.970234 0.9212971 
0.9842966 0.9285039 
0.9408052 1.04315 
1.037602 0.9670379 
0.8344351 0.9613311 
0.8919234 1.039603 
1.021307 0.9305597 
1.150332 1.085255 
0.9799264 0.9964786 
0.942195 1.138863 
0.9377855 0.9184115 
0.9794511 0.9176801 
1.08209 0.9215611 
1.052487 0.8739382 
0.898949 0.9735908 
0.9282906 0.9279956 
0.9717574 0.9110445 
1.015487 0.87043 
1.087149 0.7947355 
1.06607 0.7292016 
1.150728 0.9348092 
0.9978664 0.8957742 
0.9779104 0.9528162 
1.034197 1.060189 
1.00199 0.9075695 
0.9918438 0.9466211 
0.9157218 1.009368 
1.005588 0.9765804 
1.045091 0.8305163 
0.9296679 0.8326123 
0.9680042 0.8040514 
1.172208 0.9165022 
0.9906599 0.9233364 
1.014209 1.080228 
0.9852231 1.142362 
1.028584 1.040854 
1.031354 0.9806951 
0.9715861 0.8824552 
1.015117 0.8067047 
1.0929 0.7851159 
1.095034 0.8380715 
0.9637778 0.8840081 
1.146439 0.8884821 
1.023498 0.9104092 
0.9601789 0.8809776 
0.9953353 0.9577312 
0.9163085 0.9322307 
0.9726773 0.8825152 
0.9539034 0.9476549 
0.9742177 0.8139624 
0.9765324 0.8751218 
1.062274 0.8494908 
1.000569 0.8993766 
0.9968634 0.9675466 
1.078547 0.8862683 
1.018783 0.9558108 
1.044347 0.8179792 
0.9689278 0.8363684 
0.9183317 0.9457786 
0.8833528 1.008665 
1.017446 1.006465 
1.169946 1.013616 
0.9509613 0.9323397 
1.094344 0.9549588 
1.017716 0.9549736 
1.075448 0.9263904 
0.9528214 0.9413342 
0.9968203 0.8486457 
1.110909 0.8358351 
1.094642 0.7954953 
0.9786788 0.7746233 
1.010044 0.8498984 
1.069405 0.8349053 
1.028152 0.8093055 
0.9732988 0.8097499 
0.9798154 0.8641977 
0.9628264 0.9086868 
1.06061 0.8417787 
1.034574 0.9403077 
1.088897 0.880951 
0.9572708 0.8705796 
1.054712 0.8698195 
0.975578 0.9015583 
0.9993303 0.9197132 
0.8882412 0.9485435 
0.9097756 0.9871832 
0.9695372 1.070091 
1.095943 1.037622 
0.9291011 1.217635 
0.9689123 1.182464 
0.9012897 1.098284 
1.009046 0.9864889 
0.9469297 0.9996904 
1.037427 1.023016 
1.017376 0.9853702 
0.8309 1.005486 
1.093653 1.174168 
1.056395 0.9270302 
1.033711 0.9867935 
0.9375584 0.9286559 
0.9172194 1.05597 
1.121015 1.000233 
0.960172 0.948728 
1.021426 0.9281352 
1.046876 0.9188859 
1.054796 0.9583775 
0.8930722 0.931774 
1.013529 0.9506649 
0.9166615 0.9950534 
0.9556108 0.9827722 
0.9777383 1.10243 
0.9699442 0.9987405 
0.9795633 0.9083699 
0.9526296 0.9055101 
0.9722422 0.9548607 
0.9499497 0.9309151 
0.9463684 0.919971 
1.074588 0.8538724 
1.093077 0.8290055 
1.120636 0.8505268 
1.004961 0.913333 
1.022644 0.9201124 
1.020581 0.91612 
1.062029 0.883381 
1.100166 0.8823863 
1.084955 0.8464662 
0.9765152 0.8352262 
0.9358573 0.8985551 
1.15582 0.9495818 
1.018748 1.01248 
1.109598 0.8943669 
1.078026 0.924781 
1.004173 0.8935386 
1.013769 0.8735024 
1.008401 0.8530213 
0.9595335 0.8559559 
1.052924 0.8194871 
0.9879881 0.8647666 
1.034336 0.8714292 
1.017647 1.013934 
0.9738936 0.9133782 
0.9818538 0.9195314 
0.9815826 0.9107358 
0.9397564 0.8685115 
1.010364 0.9527997 
1.029734 0.970821 
1.040261 1.085741 
1.003909 1.063861 
0.9851887 1.067422 
1.044155 1.004393 
0.9852403 0.9816296 
1.018171 0.9325663 
0.9490559 0.9258974 
1.204603 1.055483 
0.9820667 1.018857 
0.9447464 0.9654593 
1.009595 0.9612374 
1.017289 1.012334 
0.9888581 0.941139 
0.960892 0.9052596 
1.034369 0.9036831 
1.071559 0.9677869 
0.9848427 0.963831 
0.9530947 0.9482399 
0.9894031 1.026119 
0.9945542 0.9585194 
1.068818 0.8953451 
0.9844767 1.054433 
0.9457396 1.060229 
0.9671571 1.264282 
0.923067 1.149221 
1.000317 1.10175 
1.043475 0.9935859 
1.056071 1.067917 
1.108094 0.9447572 
1.013774 0.9286281 
0.842075 0.9726309 
0.9883064 0.9729418 
0.9982213 0.9802908 
1.094598 0.9299688 
1.007686 0.9274041 
1.157594 0.9385286 
1.019817 0.9687015 
1.071941 0.9662622 
0.928661 0.995962 
0.9281389 1.020087 
0.9745356 0.9081895 
1.051385 0.9414492 
1.004174 0.9916912 
0.9699796 0.9428497 
0.997107 0.8552306 
1.056156 0.8997093 
0.9923992 0.8425727 
1.03812 0.8269686 
0.9740144 0.8472633 
1.128721 0.8698214 
1.034729 0.8142382 
1.019696 0.842629 
0.9714151 0.8948354 
1.003831 0.8974834 
1.060266 0.8698771 
1.011584 0.8859187 
0.9527529 0.8609814 
1.003892 0.9543539 
0.9767732 0.9334345 
1.131984 1.031872 
0.9697711 0.8707574 
1.074069 0.9165466 
1.042317 1.038166 
0.95333 0.9821058 
0.9792786 0.8493424 
0.9173086 0.8373529 
1.024965 0.9079132 
0.9850656 0.8832989 
1.017131 0.886753 
1.046098 0.8633068 
1.078025 1.288173 
1.054004 1.109164 
1.113512 0.9302788 
1.051985 0.9026299 
0.9897418 0.7499003 
1.046488 0.7648525 
1.138518 0.8325141 
1.018316 0.8400392 
0.9913671 0.9406954 
1.055514 1.085547 
0.9708366 1.204645 
0.8970474 1.174318 
0.9513332 1.096934 
1.00991 1.096791 
0.9937514 1.034858 
1.001447 0.99 
1.029735 0.8430191 
0.9308672 0.8777155 
1.003155 1.000909 
1.060384 0.8749728 
1.006648 0.8605616 
0.9548494 0.9141026 
1.033543 0.9263638 
0.9567903 0.8707012 
1.026249 0.8579199 
1.058307 0.8544884 
1.115868 0.8708919 
1.071965 0.8484693 
0.9784858 0.8619949 
1.03372 0.8675499 
1.019884 0.894458 
1.088745 0.9206678 
0.9624279 0.9509984 
0.956829 0.923057 
0.9795546 0.8510104 
0.9516694 0.8617797 
1.025968 0.7547908 
1.005565 0.832444 
1.020536 0.8114508 
1.071414 0.8124926 
1.069552 0.829215 
1.004284 0.8356555 
1.080139 0.9628173 
1.001669 0.9245078 
1.01253 0.8106701 
0.9723158 0.894497 
1.033457 0.901375 
0.9781637 0.8729289 
1.107637 0.8688729 
1.111515 0.9699976 
0.980063 0.9021014 
0.9891015 0.9288658 
1.027674 0.9383686 
1.043447 0.8557317 
0.9826897 0.8861761 
1.025579 0.97461 
0.9499115 0.9627645 
1.007283 0.828991 
0.9873746 0.8281307 
1.004368 0.8224268 
1.052131 0.921409 
1.032542 1.017368 
1.01552 1.085407 
0.9182915 0.9924293 
1.006977 0.9489107 
1.138962 0.9378825 
1.059286 0.9699205 
1.125913 1.09167 
1.027046 0.9504616 
0.9487793 1.019549 
1.001377 1.059587 
0.9484309 1.070128 
0.8534644 1.016781 
0.8787446 0.9895099 
0.9255585 0.890255 
1.050168 0.9737041 
0.9582329 0.9116351 
0.990248 0.8868141 
0.9871702 0.8787822 
1.060499 0.8436833 
1.007668 0.8168547 
1.033354 0.8431514 
1.06065 0.9485069 
1.030718 0.9332037 
1.042932 0.9101215 
0.9279923 0.904542 
1.012635 1.006918 
0.9364273 0.9127332 
0.997472 0.8818211 
1.021439 0.9795578 
0.8587498 0.9394947 
0.9947045 0.8764449 
1.031505 0.8839105 
0.9664921 0.9091942 
1.056942 0.8469196 
0.9829735 0.8097516 
1.011228 0.8457257 
1.238789 0.8401591 
0.9891004 0.8891685 
1.055312 0.9927409 
0.9640642 0.8860173 
1.015393 0.8508143 
1.051518 0.8827877 
1.007293 0.8520925 
0.9326466 0.82698 
1.007137 0.8107173 
1.080872 0.8863014 
0.918167 0.8004177 
1.073668 0.7737004 
1.031289 0.7853857 
1.028479 0.8328306 
1.097268 0.9054774 
1.006523 0.9072298 
0.9529537 0.880004 
1.012582 0.9714165 
1.200051 0.8922509 
1.020269 0.877062 
0.9641687 0.9145472 
0.9955719 0.8889854 
1.016782 0.9177288 
1.116929 1.125978 
0.964007 0.9811058 
1.086741 0.9448249 
0.9636258 0.9338945 
1.043765 0.9206723 
0.9455574 0.9769234 
0.8258758 0.9974963 
0.9751519 0.9330656 
1.039964 0.8901078 
1.092044 0.7991691 
0.9978808 0.7968037 
1.025418 0.8592803 
1.022681 0.8968309 
1.051653 0.8530048 
0.9952442 0.9560803 
1.004382 0.8913878 
0.998806 0.9322191 
0.9292004 0.9932654 
0.9081611 0.8650663 
1.052186 0.8680588 
1.062248 0.8904414 
1.023403 0.8817064 
1.026688 0.8866663 
1.073704 0.8165033 
0.9723288 0.8268782 
1.032841 0.8424739 
1.017048 0.722004 
0.9641544 0.7718748 
0.999753 0.6801031 
1.02132 0.7731758 
1.0042 0.8419399 
0.9741567 0.8385721 
1.09108 0.851876 
0.9500426 0.9173553 
1.02586 0.9455037 
1.038286 0.9401538 
1.135451 0.8890652 
0.9666684 0.9309962 
1.054925 0.8181558 
0.9255154 0.8857945 
0.9220925 0.9105031 
0.8892759 0.924273 
1.070226 0.8691622 
1.03462 0.9649271 
1.000347 1.052361 
1.082261 0.8600139 
1.046308 0.8631356 
0.9533496 0.8828343 
1.052368 0.819924 
1.051006 0.8316666 
0.996123 0.7695372 
0.9832376 0.9028016 
1.05162 0.8541001 
0.970083 0.908438 
1.054512 0.8815962 
0.9943195 0.8342542 
0.9754438 0.8853747 
1.008105 0.88781 
1.100016 0.7988919 
1.035928 0.8051748 
0.9107823 0.9542942 
1.004754 1.028754 
0.9607716 0.861604 
1.028954 0.8554343 
1.006287 0.8966342 
1.050133 0.9061707 
0.9808925 1.03543 
1.11264 1.000834 
0.8993706 1.206252 
0.9561013 1.133146 
0.95848 1.024434 
0.876981 1.030841 
0.9305954 0.9532925 
1.139075 0.8898641 
0.9058113 0.8777394 
0.9094156 0.9482749 
1.035077 0.9653615 
0.9807199 0.9277125 
0.9707277 0.9327882 
0.9731576 0.9435364 
0.9482016 0.9363787 
1.037941 0.9506604 
1.006803 0.9381164 
1.042265 1.003621 
1.036827 1.051255 
1.100489 0.9252994 
0.9771816 0.8899313 
1.030056 0.8981284 
0.9699653 0.8800359 
1.01186 0.9690612 
0.9626693 0.9414608 
0.9529644 1.008433 
0.9785615 0.9588313 
0.9565437 0.9549913 
0.9095589 0.9436285 
0.9095578 0.8826776 
0.927992 0.8997842 
1.082918 0.8995778 
0.906948 0.9553777 
0.9756916 0.9686681 
0.9320989 0.9819291 
1.178832 1.089717 
1.01057 1.153668 
1.150708 1.104699 
1.041675 0.9632253 
1.007244 0.9356372 
1.067886 1.027947 
1.107913 0.8559416 
1.151723 0.7746939 
1.004721 0.8783258 
0.9186233 0.925629 
0.9960908 0.9283873 
1.051041 0.9184664 
0.9716461 0.9310532 
0.8919248 0.9373069 
1.144565 0.9919493 
1.105994 0.8481211 
0.9364861 0.8769536 
0.9743307 0.9048682 
1.012757 0.9463359 
1.158562 0.9201661 
1.016557 0.9233407 
1.006639 0.8502949 
0.9934518 0.8334581 
1.000641 0.8735816 
1.018102 0.8460222 
0.9665575 0.8248006 
1.047258 0.8202828 
1.048319 1.049338 
0.9638353 0.9329332 
0.9880002 0.973987 
0.9924159 0.9578414 
0.9395596 0.9247317 
1.053987 1.01356 
1.030465 0.9569163 
0.9570714 0.9457488 
1.057608 0.8782368 
1.033164 0.9391873 
1.023059 0.9190127 
0.9844923 0.8990804 
1.051975 0.885471 
0.9991167 0.9877244 
0.9810189 0.9136569 
0.9936091 0.9403814 
0.9814334 0.9262641 
1.021044 0.8579761 
1.030892 0.9382313 
0.9564875 0.9312187 
0.9219571 0.9595838 
0.9850626 0.9398838 
0.9861363 0.9202617 
1.132645 0.9047864 
1.063366 0.7964007 
1.113764 0.758893 
1.127982 0.9187792 
1.028617 0.9355191 
1.082901 0.9861376 
0.9986465 0.9289374 
0.9657664 0.8987807 
1.086685 0.8634989 
1.097309 0.9441596 
0.8775511 0.9050354 
1.034694 0.8488074 
1.142258 0.8505814 
1.022869 0.8321026 
1.002127 0.8707909 
0.9373058 0.9670756 
1.09605 0.9588646 
0.8869208 1.104794 
0.9590706 1.141706 
1.176434 1.139495 
1.01936 1.26767 
0.9259643 1.226782 
1.065363 1.011393 
0.9681278 1.016648 
0.9187541 1.127939 
0.947731 0.9852098 
0.9839231 1.012899 
1.076299 0.9499411 
0.859635 1.044429 
0.9422551 1.04169 
0.9365803 1.016602 
1.041379 0.9866885 
1.024722 0.9141262 
1.037564 0.9358001 
0.9863394 0.9625196 
1.019917 0.9474659 
1.010867 0.8993719 
1.080437 0.9362967 
0.9478151 0.8777453 
0.9918795 0.7983554 
0.977615 0.8653644 
0.9383005 0.8643299 
1.031897 0.8429483 
0.9558425 0.8213575 
1.164412 1.031311 
1.011714 0.9350309 
1.162072 0.9396065 
0.9015398 0.9330364 
1.092944 0.9104565 
0.9968022 0.9587097 
0.9691793 0.9884399 
0.9606763 0.9190962 
0.9443485 0.8957158 
1.009802 0.8632141 
0.9858902 0.904796 
1.036011 0.8805549 
0.8820639 0.9390338 
1.044015 0.8199372 
1.007021 0.8720161 
1.037028 0.9592782 
0.9679629 0.9393327 
0.9524085 0.9531176 
1.018438 0.869648 
1.080099 0.7839546 
1.013319 0.8272389 
1.010953 0.8668308 
1.029599 0.9033333 
1.006027 0.884971 
0.9670421 0.8698303 
1.034988 0.8029798 
1.102735 0.8449758 
0.9165304 0.9666434 
0.9828816 0.9299537 
1.102683 0.9555036 
1.019946 0.9216392 
1.021014 0.8968995 
1.006768 0.8968603 
0.9842865 0.8551567 
1.002947 0.852373 
1.074432 0.8483904 
1.078913 0.8677066 
1.15106 0.8174102 
1.051402 0.8724972 
1.026667 0.7949013 
0.9867918 0.8435006 
0.9813619 0.882316 
0.9616234 0.8612962 
0.9007742 0.8753345 
0.9822224 0.8631016 
1.02295 0.7957812 
1.057962 0.7730345 
0.9594744 0.7699948 
1.04084 0.7616525 
0.9649433 0.8708497 
0.9829061 0.8628887 
1.007206 0.7759313 
0.9893622 0.7861024 
1.039815 0.8602181 
0.9605917 0.9268602 
0.9399682 0.9329596 
0.9731839 0.9229132 
1.0034 0.8610727 
0.9861556 0.8820326 
1.101798 0.7847887 
1.037621 0.8609779 
0.9568145 0.9160162 
0.9690123 0.9352696 
0.9771918 0.9891939 
1.069036 0.848466 
1.064498 0.8793444 
1.059153 0.8396492 
1.042997 0.770709 
0.9466336 0.8632492 
0.9596516 0.9201782 
1.021086 0.9128617 
1.032098 0.8585664 
1.211441 0.8864525 
0.9924628 0.9638951 
0.9757709 0.8296032 
0.9954463 0.7769993 
0.9968054 0.8647238 
0.9624384 0.9466064 
0.8327428 1.013999 
0.9999748 1.095981 
1.002787 1.095096 
0.9651682 1.113131 
0.921336 1.085812 
1.033386 0.8834858 
1.007761 0.8416264 
0.9899685 0.890783 
0.9813931 0.8990052 
0.9826417 0.8917423 
0.9672261 0.9823482 
0.9895567 0.8311315 
1.013466 0.8155999 
1.077497 0.8158122 
0.9980132 0.8312498 
1.034679 0.8351703 
1.037439 0.7824474 
0.9493201 0.8598947 
0.9871115 0.8035448 
0.9240389 0.8970568 
0.9288822 0.8305695 
1.05003 0.8302988 
1.070339 0.8223825 
1.026919 0.8461407 
1.043919 0.9047352 
1.085799 0.9265108 
1.095466 0.9876445 
0.9996139 0.8980293 
0.9505971 0.955979 
0.9409 1.079058 
1.119615 0.933563 
0.9243576 0.8861198 
1.034227 0.8708199 
1.05854 0.8839914 
0.9252107 1.017953 
0.9739906 0.9778228 
0.986574 0.9238203 
1.002074 0.9727696 
1.035021 0.8917995 
1.209894 0.9472744 
1.027391 0.9749791 
0.9754748 0.8376887 
1.024124 0.96585 
1.024423 0.9787951 
1.012043 0.9564699 
1.077747 1.039227 
1.05439 1.007056 
0.83241 1.048537 
1.050873 0.8574784 
0.9499522 0.8221638 
1.06598 0.8410141 
1.032899 0.8123379 
0.9877204 0.7884389 
1.040946 0.7806719 
0.979808 0.8241489 
1.060358 0.8064287 
0.9416546 0.8086266 
1.041761 0.8150125 
1.094284 0.9143187 
1.03802 0.8491565 
1.011703 0.9034561 
1.065555 1.017812 
0.9056485 1.03132 
1.044106 1.049986 
0.9313289 1.021891 
0.9679268 0.9202382 
0.9251627 0.9613451 
0.9977332 0.9800551 
1.026932 1.083302 
1.031385 1.031172 
1.043584 0.919505 
0.8888955 0.9385969 
1.062307 0.9353862 
1.050139 0.8373331 
1.012265 0.8971827 
0.9445418 0.9357019 
1.003154 0.9279006 
1.008694 0.8467356 
1.076763 0.8499548 
1.060976 0.8380751 
1.002005 0.9146411 
0.9178894 0.9399398 
1.059479 0.8107959 
0.9769984 0.8710178 
1.113308 0.9798304 
1.045032 0.8700557 
0.9272627 0.9977343 
0.9319935 0.9987561 
0.9829338 1.068794 
1.020402 0.9825802 
0.9852904 0.9683418 
1.129324 0.844419 
0.9420777 0.8210177 
1.136442 0.8491847 
0.9538416 0.9819988 
0.9404316 0.8749829 
0.956324 0.8967947 
1.042895 0.8550978 
1.046065 0.8328743 
0.971776 0.7935585 
1.086896 0.7799573 
0.9362522 0.8439434 
1.011212 0.907719 
1.121516 0.942174 
1.080031 0.9585991 
0.9831953 0.9590538 
0.8895008 1.020714 
0.9894153 1.010301 
1.010335 0.9633604 
0.9895941 0.8989742 
0.9504231 0.9044876 
1.092088 0.9188512 
0.9089654 0.960316 
1.014433 0.9320526 
1.166327 0.827145 
1.052653 0.9087973 
0.8976074 0.8756654 
0.9822528 0.8768427 
0.9727653 0.8877672 
0.9502876 0.9767777 
1.062325 0.9298525 
0.985028 0.9934323 
0.9517731 1.02177 
1.096217 0.9361943 
0.884663 1.036616 
1.190727 1.06537 
1.00111 1.188462 
0.9889451 0.9130192 
1.091419 0.9009974 
1.017502 0.9053693 
1.002173 0.9101483 
0.9976758 0.874552 
0.9832868 0.8487593 
1.037187 0.8523426 
1.042864 0.8461296 
0.909413 0.7877373 
0.9746968 0.8751706 
1.004989 0.8704876 
1.050161 0.8674518 
0.9642366 0.8127617 
1.018685 0.8111834 
1.122918 0.8480533 
0.9934311 0.8248089 
1.005868 0.8972174 
1.021896 0.8660413 
0.9687387 0.8121319 
1.09489 0.8965834 
1.119481 0.8772676 
1.063213 1.006179 
1.224208 0.8571847 
1.031508 0.8258504 
1.004478 0.8741063 
0.9817985 0.9212868 
0.9700548 1.076527 
0.949725 0.9744326 
1.156812 0.9183039 
0.9496552 0.9075191 
1.042244 0.7588098 
0.9666246 0.7627804 
0.9397955 0.7909021 
1.003299 0.8428137 
0.9245041 0.868997 
1.055481 0.7980084 
0.9495223 0.8289289 
0.8953777 0.8008125 
0.9689921 0.8488562 
1.013711 0.8149799 
1.072049 0.8444246 
1.054191 0.8131305 
0.9903447 0.863524 
0.9847027 0.8189108 
0.9841825 0.9684039 
0.9762911 1.076009 
1.018251 0.9586645 
1.00588 0.9310774 
1.006377 0.9071801 
0.9712579 0.9736546 
0.9211678 0.9286908 
1.045259 0.9341576 
0.9794049 0.8834233 
1.006296 0.9266143 
0.9318318 0.9684254 
0.973586 0.9224112 
0.9248242 0.9203302 
0.9097398 0.9312577 
1.059575 0.9507743 
0.986413 1.02338 
0.9657927 1.190334 
0.9380099 1.380149 
0.9355355 1.392526 
0.8051637 1.470262 
0.8130847 1.713421 
1.026365 1.71766 
1.022089 1.688174 
1.104567 1.708528 
0.8724728 1.704536 
0.9020153 1.510013 
1.063144 1.233028 
0.9005766 1.068199 
1.165325 1.144011 
1.053812 1.028913 
0.9919615 1.008866 
0.9281975 1.060782 
1.003026 1.015511 
1.093337 0.9662605 
1.128979 1.030791 
1.029227 0.9634984 
1.009317 0.8704502 
1.02605 0.8484487 
0.9508907 0.9064816 
1.031213 0.8714584 
0.9893013 0.9630965 
0.9089372 0.9198526 
0.861263 0.9473361 
1.078843 0.8879672 
1.01572 0.8879766 
0.9873588 0.9572494 
1.024575 0.9122198 
0.9002206 0.9829186 
1.069217 0.9327152 
0.889639 0.9021892 
1.058015 0.9547618 
0.9720234 1.012761 
0.9852688 0.8989029 
0.9692175 0.8761204 
1.050352 0.9059887 
1.010521 0.8469765 
0.9809568 0.9094604 
0.9994653 0.9178567 
0.9683545 0.9154515 
0.9526514 0.9059095 
0.9242035 0.8396236 
0.9992383 0.8495034 
1.023937 0.8871174 
1.00534 1.020246 
0.9940278 1.080918 
0.9890172 0.9609066 
0.9450327 0.8868169 
0.8832505 0.9120868 
1.101596 1.006355 
1.048059 0.9981017 
0.9715188 1.018859 
0.9867619 0.9087368 
1.022168 0.8576219 
0.9760987 0.8785949 
1.046108 0.9106126 
0.9737855 0.9566547 
0.9443409 0.8324502 
0.9628695 0.8460076 
1.004148 0.8036847 
0.9733202 0.8532494 
1.022278 0.9040718 
1.097942 0.8316963 
0.9635356 0.8490922 
1.014333 0.8473769 
1.05101 0.9205739 
1.126521 0.8825527 
0.9832299 0.9498966 
0.9493153 0.9831057 
0.9841637 0.9430138 
1.022375 1.002802 
1.017917 0.9451458 
0.9884412 0.9042458 
0.9247953 0.8903979 
0.9944823 0.9571011 
0.9709957 1.017132 
1.094266 1.158207 
0.9507425 1.088429 
0.8977605 1.105571 
0.8656766 1.114945 
1.032406 1.154817 
0.9613396 1.021273 
0.9354007 0.9486463 
1.013427 0.9695954 
1.021319 0.9350026 
0.9342977 0.8893732 
1.038014 0.8987603 
0.9870372 0.9230566 
0.8964916 0.9058627 
1.103192 0.8981791 
0.9407546 1.104315 
0.9746398 1.021858 
1.052778 1.073488 
0.9366306 1.161489 
0.9410344 1.186849 
0.9563206 1.046452 
0.8650181 1.048535 
0.9611608 1.023315 
0.9847898 1.027155 
0.9100693 1.11337 
0.9832729 1.035036 
1.020813 0.9743796 
0.9887928 0.8575746 
0.8908398 0.908908 
0.9711475 0.993037 
0.9756397 0.9188099 
0.9200509 0.923814 
1.011716 0.9576749 
0.951072 0.9410744 
0.9125082 1.058484 
1.031552 0.9223523 
0.9445151 0.9275019 
0.9752684 1.087982 
0.9107654 0.8831987 
0.9886935 0.8516908 
1.128337 0.8791114 
0.9807031 0.9466389 
1.007906 1.008377 
0.8628616 0.9346488 
0.9274166 0.8998475 
1.09181 0.9639383 
1.002322 0.880769 
1.040262 0.8850143 
1.076172 0.7485791 
0.9926381 0.7586487 
1.042925 0.7609869 
1.040199 0.7450235 
1.051244 0.7476935 
1.008722 0.7513677 
1.05667 0.8017084 
1.048798 0.7971775 
0.9709031 0.7960197 
0.981415 0.8583433 
0.9678613 0.8192631 
1.092429 0.8061688 
1.054866 0.7885193 
1.084698 0.8122435 
1.093079 0.8148382 
0.9779512 0.8149129 
0.9940932 0.8022494 
1.007754 0.9134327 
0.9544705 0.811594 
0.9252511 0.7897985 
1.080384 0.9033947 
1.123375 0.8877558 
0.9682594 0.8937721 
0.8454173 1.146162 
1.030844 1.056162 
0.9035234 1.038522 
0.9744472 0.9740278 
0.9497222 0.9107657 
0.8924336 0.8723971 
1.011685 0.9255321 
1.009421 0.9153734 
0.9678825 0.923604 
0.9250965 0.9729596 
0.9558064 1.027078 
0.9687896 1.09223 
0.989344 1.037715 
0.997958 0.9548989 
1.04116 0.9548275 
1.048237 1.000874 
1.149339 0.9631376 
0.9616713 0.9806664 
1.024037 0.9311229 
0.9400914 0.8777574 
1.013262 0.8095888 
1.025802 0.835132 
1.001228 0.7568876 
0.9614687 0.8116242 
0.9692638 0.8585992 
1.031059 0.9538131 
1.043331 0.9220046 
1.008895 0.9039095 
1.041469 0.9710287 
1.010195 0.9259647 
0.9770456 0.9390314 
0.9661583 0.9106739 
0.9950106 0.9725384 
0.8878037 1.021859 
0.9153078 1.012953 
0.9095151 1.130226 
1.035562 0.8846071 
0.9704472 1.052943 
0.9257276 1.042613 
0.93482 1.151498 
0.8540978 1.220622 
0.9091708 1.168274 
0.8738111 1.19278 
0.9404698 1.223898 
1.06136 1.056956 
1.046465 0.9493556 
1.126903 1.0387 
0.874355 0.9004589 
0.9926895 0.8590907 
0.9936843 0.9105858 
1.013116 0.9354179 
0.9852896 0.9253568 
1.156048 0.9380282 
1.134033 0.8721783 
0.9946246 0.8264183 
1.047633 0.7798942 
0.9746383 0.8050371 
1.061371 0.8648395 
1.172952 0.8311236 
0.9933383 0.8621389 
1.025604 0.9789295 
1.108137 1.002929 
0.9688666 0.9142079 
0.961007 0.8892442 
0.9969182 0.8847002 
1.004173 0.9303009 
0.9529049 0.9613209 
0.9712932 0.9731029 
0.9556941 0.9526356 
1.085337 0.9654639 
0.9246934 0.9608123 
0.9296722 1.00717 
1.007557 0.9719717 
0.9572947 0.9623369 
0.9286345 1.138119 
0.9658278 1.142163 
1.026049 1.185478 
0.8909392 1.023083 
0.9963814 0.9734419 
0.8965186 0.9669249 
0.9842441 0.9093574 
0.957891 0.9344466 
1.002844 0.9469867 
0.9133292 0.9613838 
0.9718934 0.9620699 
0.9381161 1.049871 
0.9650478 1.137899 
1.004086 1.011813 
1.066436 1.015863 
1.044326 0.9880313 
1.16928 0.9320982 
0.9398804 0.8809037 
0.9635117 0.9778142 
0.8576491 0.9917547 
1.004599 1.017492 
0.9743059 0.9239158 
0.9315861 1.04382 
0.9904196 0.9513822 
0.8947139 1.0234 
0.9559387 0.9349115 
0.9753599 0.8946084 
0.9805232 0.8250505 
0.9743766 0.8294924 
0.9547526 0.9009858 
1.007991 0.9288657 
0.9132374 1.098354 
0.8902608 1.145751 
0.9040055 1.109377 
0.9097781 1.091514 
0.9637125 1.125879 
0.9885892 0.9912202 
0.9696994 1.036011 
1.046618 1.016399 
0.8763812 0.9099913 
1.115911 0.9902218 
1.149768 0.9836326 
0.9640268 0.947959 
0.9155509 0.9688498 
1.017595 0.9250619 
0.9492563 0.8732873 
1.047268 0.8768953 
0.9409463 0.9004586 
0.9582112 0.9161217 
1.049453 0.9212551 
1.006855 0.8887524 
0.9908213 0.9721673 
0.9434263 0.8423342 
0.9799831 0.9550058 
1.025536 0.9068702 
1.016276 1.019424 
0.9645217 0.894694 
1.044213 0.9172083 
1.00087 0.8751302 
1.084891 0.8634157 
1.06384 0.7638873 
1.054153 0.7178539 
1.103221 0.7652518 
1.055895 0.8096047 
1.157437 0.7600362 
1.047558 0.8085432 
0.927741 0.9112008 
1.081517 0.9276091 
0.9666701 1.018825 
0.9415425 0.9920288 
0.9934063 0.8636435 
0.8671954 0.8668253 
1.03132 0.9033799 
0.9855828 0.8483741 
1.091499 0.8764567 
0.9704049 0.9425023 
1.054276 1.054357 
0.92528 0.9178685 
0.9951808 0.9415636 
1.009349 0.8730658 
1.048443 0.9115951 
0.9932857 0.9345363 
1.141941 0.9326414 
1.144867 0.7902527 
1.052763 0.8065533 
1.003823 0.8527032 
1.069967 0.9020748 
1.086298 0.8886176 
0.9847464 0.8780152 
1.056259 0.9848475 
0.9721055 0.9315855 
1.013697 0.8305619 
0.9674099 0.9341469 
0.9443534 0.9032126 
1.070058 0.9419637 
0.9692595 0.8891988 
0.9391526 0.9537822 
0.9854227 0.8226703 
1.036299 0.852866 
0.9645498 0.8703795 
0.9632296 0.902322 
1.055093 0.96025 
0.9840117 0.8312988 
0.9483247 0.8891643 
1.084793 1.003065 
0.9827375 0.9190201 
0.9959169 0.9516266 
0.9581886 0.9715759 
1.065563 0.970569 
0.9896549 0.8649754 
1.03011 0.9266102 
1.018143 0.9359761 
1.046748 0.964021 
0.947923 0.91356 
1.031142 0.9755163 
1.036282 0.9226378 
0.9976065 0.9598114 
1.054287 0.9579117 
0.9204394 0.9450015 
0.9801065 1.002879 
0.9327389 0.899657 
1.065962 0.8945047 
0.9395176 0.9083824 
0.9824983 0.8936004 
1.029863 0.9171886 
1.010956 0.902587 
1.054069 0.9673038 
1.032819 0.8729204 
0.9467458 0.9181709 
0.9474441 0.8845677 
1.018886 0.9247741 
0.9076093 0.9137718 
1.016086 0.8841569 
0.9902546 0.8866475 
1.023496 0.7685503 
0.9530802 0.7677633 
1.025218 0.8000253 
0.9868294 0.7906896 
0.969466 0.8259382 
1.146295 0.8570439 
0.9559388 0.8597884 
0.9786557 0.8057017 
0.9767674 0.8497688 
1.055708 0.8263969 
1.025714 0.8452792 
1.010261 0.8112897 
0.952937 0.8767103 
1.03263 0.8982828 
0.9824094 0.8366372 
1.0633 0.882534 
1.01196 0.8289266 
0.9989914 1.066948 
1.012745 0.815234 
0.9663806 0.8639291 
0.9362212 0.7792616 
0.9756303 0.7909045 
1.044104 0.7980424 
1.087084 0.8337798 
0.9744285 0.8818581 
0.9786486 0.9354508 
0.939429 0.9440963 
0.9735951 0.9587871 
0.9507384 0.9575389 
0.9803671 0.9222495 
0.9549017 0.8981726 
1.06058 0.8596435 
1.002808 0.9112985 
0.9548964 0.9968 
0.948485 1.14668 
0.9786867 0.9711077 
0.9683547 1.053051 
0.9545303 1.043625 
1.020727 1.007589 
1.028661 1.006559 
0.9164393 1.051347 
0.8386269 1.164757 
0.9958198 1.10355 
0.8983634 1.091101 
1.000391 1.097217 
1.076115 1.106905 
0.988142 1.282477 
0.8577309 1.031874 
0.9739833 1.02748 
0.8702721 1.060858 
0.9317887 1.198555 
0.9456785 1.421592 
0.8179201 1.248264 
0.984951 1.250935 
0.900314 1.335983 
0.890722 1.255095 
1.04501 1.046928 
0.8918608 1.091277 
0.9331178 1.211287 
1.064702 1.062955 
0.9452163 1.180317 
1.042476 1.168711 
0.9912533 1.12702 
1.046157 1.023544 
1.074496 0.9738609 
1.047052 0.9065551 
0.943907 0.9076705 
1.127216 0.948436 
0.9647236 0.9186673 
0.9203384 1.004045 
0.9126337 1.026195 
0.9380033 1.012236 
0.886927 0.9833761 
0.9767457 1.025265 
1.08257 1.069215 
0.978776 0.9349331 
0.8821508 1.003956 
1.081709 0.8854354 
0.9498982 0.9218428 
1.019099 0.9039018 
0.9706078 0.8522098 
1.111711 1.020837 
1.047911 1.040283 
1.040967 1.059783 
0.9928547 1.13409 
1.012286 1.178228 
0.9606517 1.314868 
0.9522043 1.228269 
1.001525 1.336879 
0.956705 1.367822 
0.8782907 1.215697 
1.108085 1.053292 
0.9798267 1.116624 
1.212001 1.045348 
1.040046 1.076574 
0.89005 1.16078 
0.7966741 1.157346 
0.8488118 1.167489 
0.9544984 1.121267 
0.9769357 1.056202 
1.128581 1.167014 
1.010796 1.113262 
0.8196731 1.108415 
0.9160027 1.080236 
1.066587 1.050715 
0.9934272 1.017962 
0.9954208 1.012007 
0.9848367 0.9705842 
0.9715574 0.9023245 
0.9794252 0.9776077 
1.049395 0.8850313 
1.01938 0.8457618 
1.034876 0.8471887 
1.04571 0.8479635 
1.008513 0.8589684 
1.028628 0.8911693 
0.9851957 0.8333405 
0.9898867 0.8058058 
0.9475322 0.7915468 
0.9983323 0.8369744 
0.9661925 0.8318002 
1.017004 0.823111 
1.031911 0.7798474 
1.015819 0.8636564 
1.032325 0.8633998 
1.105165 0.8199862 
0.9771783 0.8508653 
1.07041 0.8679456 
0.9217513 1.130113 
1.070955 1.135598 
1.14956 0.95527 
0.9210274 0.8269528 
1.002571 0.8618028 
1.157803 0.8289075 
1.024229 0.880541 
1.085168 0.8734784 
0.9637324 0.8269113 
1.016838 0.8544729 
0.9575424 0.8564854 
1.054904 0.8615988 
0.9328745 1.029831 
0.8785525 1.278016 
0.936859 1.204129 
1.030822 1.189679 
0.9719505 1.135005 
0.8946887 1.103181 
0.8846834 1.302669 
0.986235 1.114306 
1.015931 1.166131 
1.070212 1.058658 
1.009473 0.9427603 
1.037056 0.9421834 
0.9468371 1.114414 
0.958728 0.9530343 
0.9832021 1.078927 
0.9040839 1.165444 
0.989684 1.08907 
0.9475474 1.064292 
0.9905462 1.131188 
1.040412 1.098596 
1.028554 1.019993 
0.9707483 1.113329 
0.9678606 0.9207614 
1.082011 0.926704 
0.9889488 0.9456164 
0.9941449 0.8811341 
1.020372 0.9366446 
0.9542805 0.9088663 
0.9846885 0.9334063 
0.9708555 0.8590714 
1.004355 0.8892612 
0.9601123 0.9184348 
1.079462 0.9555801 
0.9262176 0.9495573 
1.083969 0.9804674 
1.014716 0.9581425 
1.0066 0.9494903 
1.022331 0.9772349 
0.9963823 0.8892852 
1.192229 1.043967 
0.9707987 1.017622 
0.9050506 0.9104008 
1.070921 0.8662242 
0.934185 0.9128734 
1.02853 0.8299512 
1.078541 0.9061338 
1.001774 0.9426828 
0.9399257 0.9287139 
1.014239 0.9517512 
1.017369 0.8921422 
0.9899344 0.9156762 
0.8942333 0.8676044 
0.9359249 0.9301185 
1.071935 1.042566 
1.03531 1.108217 
0.9741707 0.9414953 
0.949887 0.9304817 
1.108467 0.8496999 
1.11761 0.8160612 
1.152342 0.7404887 
1.084515 0.7144116 
1.068156 0.7855913 
1.022035 0.7396695 
1.050311 0.6594828 
1.03063 0.6726867 
0.9734158 0.6892567 
1.050193 0.8520168 
1.000805 0.8902722 
1.019528 0.8453837 
1.042339 0.8765765 
1.00402 0.9029661 
0.8869429 0.9669554 
1.043607 1.028407 
1.017642 0.9479285 
0.9906073 0.8655598 
0.9654111 0.8564773 
1.041134 0.9023257 
1.056897 0.9757867 
0.9053118 1.00617 
0.8769591 1.148798 
1.078271 1.093263 
0.892784 1.25231 
0.9991292 1.174279 
0.9441006 1.221057 
0.982277 1.15212 
1.172187 1.004998 
0.9203317 0.998944 
0.9648185 1.057716 
0.9070485 0.9341015 
0.9447714 1.061203 
1.050903 1.044566 
0.9921767 1.029645 
1.043875 1.125273 
0.963501 1.14955 
0.9371607 1.038181 
0.9142759 1.170697 
1.115027 0.9310414 
1.013398 0.9087249 
0.9229424 0.9566156 
1.018424 0.9441432 
0.9341555 1.140372 
0.988242 1.020267 
1.074909 0.8899554 
0.9775389 0.9028463 
0.9217373 0.85058 
0.9607894 0.8813554 
1.002028 0.9083775 
1.097443 0.864803 
0.9845502 0.8127142 
0.9956788 0.7982734 
1.050155 0.7672836 
1.15029 0.9226721 
0.9477292 0.8763922 
1.012103 0.8660416 
0.9264143 0.9253724 
1.1548 0.803861 
1.000346 0.7803032 
0.9360338 0.9123342 
0.9823209 0.9275731 
1.32789 0.9856684 
0.9492655 1.010503 
0.9841039 0.957476 
0.9979715 0.9874609 
0.9101832 1.040462 
0.9829384 0.9417791 
0.9961341 0.9157165 
0.9951792 0.9317782 
0.9204238 0.9484912 
0.9581528 0.9647747 
1.001487 0.9594158 
0.8559838 1.123216 
1.024442 0.9776404 
1.013276 1.028646 
1.008402 0.9869846 
0.9103212 1.097725 
0.9416237 0.9751082 
0.9850997 1.023731 
1.020251 0.8690191 
1.019244 0.9221133 
0.9862272 0.9190945 
1.024041 0.8946939 
0.960094 0.9572862 
1.067306 0.9109418 
0.9480824 0.9445511 
1.053989 0.8127233 
1.034172 0.8534741 
0.9384686 0.9275759 
0.9798841 0.8605788 
1.037727 0.8493224 
0.9310519 0.9011975 
1.031201 0.9495208 
0.9278915 0.9290313 
0.97988 0.9895158 
0.9864946 0.8463005 
1.018098 0.8616252 
1.007056 0.8250384 
1.093452 0.8775684 
0.9871784 0.9203873 
1.055904 1.080027 
1.070329 0.892899 
1.057849 0.8073886 
0.9849813 0.8241468 
0.965574 0.7988105 
1.06182 0.7353019 
1.004067 0.7482929 
1.07685 0.8185687 
0.9543506 0.8306886 
1.140792 0.8664192 
1.000329 0.8224586 
1.107442 0.928167 
1.090519 0.8416595 
1.01857 0.7476789 
1.061104 0.7255963 
1.082794 0.6872089 
1.097732 0.6940631 
1.070755 0.7188443 
1.04408 0.7249317 
0.9554844 0.8001179 
0.9530506 0.7560046 
1.015859 0.8464215 
1.032705 0.7826207 
0.9302995 0.7978704 
0.9974842 0.7998829 
1.105361 0.8735818 
0.9341435 0.949321 
1.067356 0.9082074 
1.022287 0.836783 
1.017387 0.8832799 
0.95115 0.9594941 
0.8761277 0.8625384 
0.954317 0.966438 
1.195875 0.785009 
0.9991688 0.7618896 
0.9809122 0.7110578 
0.9870594 0.7277208 
1.011121 0.7466406 
1.063031 0.7168167 
1.029998 0.7097184 
1.083708 0.7324735 
1.097059 0.8409612 
0.9779922 0.8320652 
0.9658084 0.8425773 
0.9167059 0.8500319 
1.08399 0.8582626 
1.060235 0.8204014 
0.982392 0.8197458 
1.056968 0.8074017 
1.057329 0.8270706 
1.021996 0.8076317 
0.9223336 0.8733564 
1.024279 0.8538469 
1.023796 0.8595774 
1.079516 0.9807179 
0.9162713 0.9547523 
1.021522 0.9138574 
0.9467283 0.9441367 
1.054855 0.9487134 
1.004171 0.9510076 
1.147815 1.027817 
0.941346 0.9496422 
0.9692709 0.8742956 
0.9991893 0.9534605 
0.9116237 0.9425194 
0.9092905 0.9265473 
1.10268 0.966023 
1.012455 0.9176761 
0.9744559 1.108163 
0.9633852 1.003306 
0.9657798 1.086799 
1.028994 1.030449 
1.114248 1.018293 
0.8460028 1.144081 
1.022732 0.9649224 
0.8828879 1.059424 
1.015651 0.9361144 
1.011278 0.8417181 
0.9059112 0.8311792 
0.9624569 0.8561738 
1.098502 0.8620778 
0.974945 0.8859037 
1.008464 0.8544128 
1.033761 0.8592607 
0.9853086 0.8305546 
0.9949945 0.8408387 
0.9607649 0.8022374 
1.015934 0.8826383 
0.9442024 0.8827888 
1.023675 0.905241 
1.036475 0.8411933 
1.074517 0.8078564 
1.076654 0.8772897 
1.160079 0.9490964 
1.035535 0.9861189 
0.9700147 0.9441429 
0.9709765 0.9466323 
0.9615629 0.9397066 
0.990711 0.920713 
0.926498 1.022483 
0.8904864 0.9479828 
0.9310721 0.9868097 
0.9005474 1.072666 
0.9817471 1.039766 
0.9035687 0.9796894 
1.15891 0.9577217 
0.9714401 0.9545415 
1.013595 0.9144895 
0.9860892 0.9297557 
1.01949 0.9031109 
0.9864908 0.8829714 
1.101282 1.030747 
0.9813481 1.02579 
0.9249209 1.016633 
0.9158446 0.8846673 
0.9689308 0.9056961 
1.001076 0.9310238 
0.9937121 0.8704887 
1.033322 0.8374884 
0.961527 0.9065149 
0.9429474 0.7888491 
0.9622226 0.8876546 
1.028379 0.9301605 
0.9530351 0.9174037 
1.047342 0.8821939 
0.930846 1.026135 
0.952684 1.040864 
1.104479 0.8819904 
0.9957033 0.8845172 
1.009288 0.919835 
1.036589 0.9166325 
1.057084 0.9753147 
1.024793 0.9102734 
1.088326 0.8845367 
0.9649216 0.9172879 
0.9969945 0.8526683 
0.9936482 0.9484845 
0.8985212 0.9600753 
0.883289 0.9125053 
0.9797688 0.9057086 
1.062346 0.9201017 
1.047068 1.022821 
0.9376338 0.9218291 
0.955607 0.8589716 
1.008604 0.8308232 
1.055929 0.7680081 
1.014248 0.833055 
0.9966638 1.014752 
0.9882722 0.939966 
0.9420266 0.9238696 
0.9774093 0.8090321 
1.064625 0.8467423 
1.00488 0.8019101 
1.061634 0.8793287 
1.08185 0.8149161 
0.9848504 0.7871954 
0.9541749 0.9527431 
1.209434 0.9871886 
0.9442007 0.9912578 
1.017965 0.9564829 
1.008136 0.9120533 
1.004818 0.8823025 
1.044649 0.9288691 
0.9686982 0.9721667 
0.988739 1.015256 
0.9727095 0.9569493 
0.9921059 0.9639586 
0.9097838 0.9750582 
1.062334 0.8996124 
1.001399 0.9139191 
0.9749578 0.9227543 
1.118515 0.8505726 
1.036308 0.9418698 
0.9494 0.8994271 
1.177455 0.8921841 
0.9544149 0.8712175 
0.9163166 0.9228168 
1.011325 0.8710264 
1.03704 0.9036621 
1.00339 0.9158737 
0.9753949 1.091388 
0.9579226 0.9465943 
0.9694961 0.9904784 
1.059214 1.016182 
1.04492 1.053675 
1.031266 1.042114 
0.9534318 1.035267 
1.187854 1.002486 
1.037774 1.000607 
1.005396 0.9154605 
0.8728775 0.8919049 
0.9678456 0.8873715 
0.9900908 0.8794687 
0.9667737 0.8590519 
1.031466 0.7769563 
0.9912269 0.732729 
1.009687 0.825203 
0.9516585 0.7918357 
1.037949 0.9531816 
1.020938 0.9594273 
0.9481457 0.9379025 
1.072009 0.9373287 
1.096688 0.9515395 
0.9229866 0.8617863 
0.9407865 0.8959339 
1.023169 0.8507436 
1.122034 0.8627662 
1.059305 0.8985936 
1.082527 0.8452209 
1.050507 0.9059313 
1.01335 0.8042001 
0.9483561 0.8718685 
0.9974308 0.8658208 
0.9721561 0.8883569 
1.087137 0.7431264 
1.02311 0.7967655 
1.015021 0.8005011 
1.004929 0.7854293 
1.040965 0.7771028 
1.065571 0.802581 
1.026467 0.83562 
1.074703 0.8366118 
0.9838686 0.8062804 
1.059227 0.8195068 
1.022614 0.7872902 
0.991904 0.7890726 
1.01962 0.862317 
0.9952745 0.7774407 
0.9824099 0.7271423 
1.037942 0.7525064 
1.015571 0.7446521 
1.04017 0.7508364 
0.9940894 0.8200005 
1.044145 0.8511216 
0.9508142 0.7771961 
0.9525805 0.8781691 
1.003573 0.8806168 
1.063014 0.8709232 
0.9634264 0.9126983 
1.016008 0.9564849 
0.8878855 1.125825 
1.127287 0.8935684 
1.112274 0.9651605 
0.9749474 0.8984749 
0.9291373 0.9224387 
0.9808533 1.075479 
1.208494 0.9826234 
0.9498884 1.073693 
1.039691 1.027571 
0.968142 0.9755701 
1.033135 1.000957 
0.9666034 1.304902 
0.9449421 1.26942 
1.016836 1.197523 
0.8803853 1.213701 
0.9995435 1.302143 
0.9679743 1.221091 
0.8464044 0.9392501 
0.998329 0.9721503 
0.9589134 0.9392788 
0.9180811 0.9517986 
1.003145 0.9533441 
0.9877943 1.071385 
0.8948352 1.181129 
0.9974076 0.9888264 
1.053543 0.9725634 
1.049858 0.9581291 
1.068453 0.9785231 
0.9286129 0.9960582 
1.069541 0.9821723 
1.050606 0.9896675 
0.9354016 1.000285 
1.028277 0.9572573 
0.91177 0.9075366 
0.9550425 0.9454482 
0.9894594 0.9150219 
1.047434 0.9568333 
0.8978653 0.9254407 
1.068338 0.9869094 
1.04699 1.00748 
0.9759227 0.9213347 
0.9152273 0.9609314 
0.9696281 0.9199871 
1.06699 0.9307558 
0.9004486 0.8880654 
0.9630642 0.8694648 
1.046019 0.7841216 
1.029238 0.7469121 
1.029915 0.6929314 
1.034239 0.738944 
0.9973456 0.7136084 
1.173989 0.875196 
1.01808 1.011464 
0.9773978 1.021615 
1.001186 0.9039817 
1.079378 0.8625878 
0.9365 0.9964046 
0.9666121 0.9167594 
1.097208 0.8246773 
1.008886 0.7233318 
1.118245 0.7762364 
1.047961 0.7782708 
0.9898502 0.8494597 
1.01367 0.7758091 
1.021363 0.865766 
1.051405 0.8604275 
1.02604 0.8670122 
0.9780563 0.8800388 
1.002299 0.8462531 
0.9703902 0.9032427 
1.014329 0.9170728 
0.9143683 1.005872 
0.9237646 0.9416871 
0.9814606 0.955882 
0.9740665 0.9619241 
1.155288 0.8868068 
0.9168435 1.007362 
1.061161 1.032846 
1.009284 0.9976716 
0.8738029 0.9507109 
0.9805447 0.9405689 
1.010007 0.9153228 
1.020542 0.945547 
0.9947722 0.9928808 
0.996616 0.9918749 
1.031839 0.9721597 
0.99197 0.938232 
0.9889694 0.9102696 
1.071168 0.9344445 
0.9165357 0.9834601 
0.9911029 1.000383 
1.014718 0.8506787 
1.103857 0.9356262 
0.8888714 0.9553814 
1.076067 0.9432861 
1.102239 0.8782209 
1.042184 0.8570517 
0.9790969 0.8775845 
0.9951454 0.9449705 
0.9185379 0.9718804 
1.024901 0.9183531 
0.9742873 0.9287551 
1.024858 0.8743232 
0.9607608 0.9288809 
1.066275 0.9028338 
0.9787277 0.9343804 
1.030077 1.105717 
0.8908906 1.073673 
1.108967 1.170539 
0.9321442 1.134121 
1.122732 0.9855715 
1.198706 1.063806 
0.9891505 1.026905 
1.001877 1.08995 
0.9053347 0.9690351 
1.029969 0.9220847 
1.042584 0.9136235 
1.100743 0.9724362 
0.9387313 1.003243 
1.041948 0.9900304 
0.8917333 1.006479 
0.9012029 0.9425221 
0.8841114 1.001443 
0.8997316 1.048137 
0.9379583 1.084394 
0.9442202 1.033184 
1.020623 0.9701697 
0.9809335 0.9422957 
1.073955 0.9397342 
0.99303 0.9491736 
0.9511161 0.9566104 
0.9903929 0.8628445 
1.063504 0.896345 
1.006135 0.9386352 
1.005704 0.9974721 
0.9547261 1.001286 
0.9635464 0.9809826 
1.02766 0.8816613 
0.9418294 0.9063989 
1.024155 0.8699165 
0.9422105 0.9649134 
1.042157 0.8491922 
0.9362277 0.9540514 
0.9993647 0.8827198 
1.044468 0.9333165 
0.9981871 0.7967864 
0.9200443 0.8320823 
1.023595 0.821214 
1.082454 0.7656135 
0.9925967 0.8087971 
1.000573 0.8342762 
0.9913994 0.8295428 
0.9606551 0.8363566 
0.9547697 0.8850795 
0.9634729 0.9624012 
1.063566 0.9633735 
1.000239 0.999166 
1.017417 1.042093 
1.008645 1.023866 
1.002123 1.048579 
0.9961898 0.986206 
1.054099 1.069169 
0.9177361 1.021939 
1.045123 0.9460851 
0.9262849 0.952843 
0.9397278 0.9731484 
0.9698325 1.140167 
1.156239 1.134666 
1.053886 0.9437984 
1.037567 0.9629161 
1.033788 0.9355935 
1.013722 0.821777 
1.06479 0.8085509 
1.023854 0.8629955 
0.9832796 0.8529937 
1.131715 0.9057736 
1.119327 1.003585 
0.8780442 1.060916 
0.974957 1.049595 
1.073456 1.035186 
0.9888578 0.9366734 
0.9520866 0.9258625 
1.169769 0.9216407 
0.9219123 0.8977696 
0.921725 0.9547959 
1.002274 1.055828 
0.950212 0.8415573 
0.9560415 0.8401304 
1.02376 0.869425 
0.9097548 0.9250904 
0.9518415 0.9881178 
1.045477 0.9640414 
0.8961844 0.9838246 
1.012435 0.934354 
0.9650536 0.9998679 
0.9503588 0.9828752 
0.9975462 0.9093902 
0.9738791 1.031044 
0.9903104 0.9793967 
0.9802378 0.9311211 
0.8835357 1.031689 
1.008369 0.9595477 
1.007591 0.9106899 
1.087671 0.9511659 
0.9819254 0.8991562 
0.9279902 0.9094497 
0.9959915 0.8835509 
0.9699479 0.903416 
1.125015 0.9658084 
1.046421 1.025061 
1.069199 1.036073 
1.045365 1.062222 
0.9635391 1.021786 
1.053993 0.8382367 
1.109108 0.8537464 
1.01377 0.9121148 
1.180962 0.9615327 
1.023957 0.8054752 
0.9911434 0.8294585 
0.9455699 0.8789227 
0.9918806 0.8032486 
1.016749 0.7572138 
1.082175 0.8476435 
1.101841 0.8508628 
1.022795 0.8470092 
1.126976 0.7763446 
1.024221 0.8010253 
1.104392 0.8135617 
0.9666955 0.7922919 
1.074028 0.7596244 
1.082597 0.7799553 
1.032912 0.7525873 
1.121938 0.8115339 
0.9481835 0.8789038 
1.034331 0.7911508 
1.062303 0.8036334 
1.105018 0.8847909 
1.096731 0.8270611 
0.9956178 0.7980643 
0.9349574 0.8828027 
1.006969 0.8286157 
0.9437894 0.898431 
1.042801 0.9262196 
1.051445 0.9933409 
0.9738125 0.9319386 
0.9542936 1.016583 
0.9477416 1.075447 
0.980217 1.067173 
1.000783 0.937335 
0.9152557 0.9260636 
1.070099 0.9253794 
0.8971791 0.9876396 
1.057912 0.9765178 
0.9711455 0.9537933 
0.9397469 0.9619449 
1.001676 0.8827322 
0.9893344 0.8693483 
1.041758 0.9548098 
1.036747 0.9946787 
0.9421118 0.9755196 
0.9668857 0.829335 
1.03659 0.8169937 
1.11085 0.8477171 
0.9086103 0.9765175 
1.055818 0.8725142 
1.028624 0.9222008 
0.9709372 0.8631296 
0.915619 0.9810441 
1.099312 0.866915 
1.007309 0.825116 
0.9748852 0.7881475 
0.9979481 0.8582776 
0.9580503 0.8672622 
1.107035 0.8536396 
1.112956 0.8249244 
0.9516732 0.8598804 
1.039024 0.8649069 
1.074635 0.8456238 
1.039127 0.8744601 
0.9489188 0.9086464 
1.039899 0.874541 
0.9220239 0.9018831 
0.9924989 0.8902801 
0.99628 0.8306504 
0.9232882 0.9052057 
1.071399 0.8453774 
1.092894 0.8606064 
0.9331928 0.8873758 
0.9601544 0.854959 
1.002248 0.81328 
0.9830947 0.8727455 
0.9774975 0.9835179 
1.084137 0.9054828 
1.037295 0.8921333 
0.9306341 0.9812267 
1.090132 1.007936 
1.107419 0.9833248 
1.086197 0.9638677 
1.021547 0.8989876 
1.191353 0.8895591 
0.963066 0.8703369 
0.8984189 0.830732 
1.034562 0.7447638 
0.9474418 0.8635973 
1.034516 0.8424338 
1.071064 0.7793458 
1.048319 0.8421196 
0.9746282 0.8638803 
1.027089 0.8725407 
1.069635 0.8762427 
1.041039 0.9936929 
1.014827 0.9586611 
0.9911134 0.999698 
1.077954 1.070934 
0.9389055 0.9101885 
1.043726 1.052227 
0.9607613 1.120653 
1.059716 1.031255 
1.048569 0.9036649 
1.035913 0.9435847 
0.9491206 0.901908 
0.9972706 0.9326778 
0.9890029 0.94817 
1.172426 0.9453218 
1.009725 1.226843 
0.8900844 1.093446 
0.9755227 1.278017 
1.012112 1.109141 
0.9360776 1.040061 
1.051636 0.9090672 
1.021717 0.8080459 
0.9982673 0.8594633 
0.9690523 0.8278725 
0.9395374 1.064376 
1.123473 0.9524674 
1.07582 0.9347512 
1.006866 0.8793347 
1.066961 0.9070562 
1.066683 0.7901582 
1.087464 0.9120116 
1.044293 0.9235026 
1.070788 0.8940715 
0.9881335 0.9149632 
1.110457 0.9887545 
0.9961563 0.845554 
0.968389 0.8777811 
0.9795927 0.8042989 
0.9789235 1.020046 
0.9397865 0.9797848 
0.8895833 0.9596964 
0.978772 0.976791 
1.044886 0.8917328 
1.021757 0.878543 
0.9364372 0.9154528 
1.097012 1.017631 
0.9928445 1.11953 
1.032644 0.9443303 
1.011522 1.041384 
0.9476307 1.013886 
0.9527405 1.013381 
0.9930764 0.8346254 
1.014268 0.8607647 
0.8914989 0.8984564 
1.163652 0.820154 
0.9256654 1.021238 
0.9904373 1.029301 
1.04903 1.081167 
0.9403142 0.9906185 
0.9867616 0.9935548 
1.021441 0.9239859 
1.026037 0.8666455 
0.9699261 0.9424769 
1.042694 0.9124358 
1.039334 0.8719326 
1.027299 0.8832574 
1.075258 0.8345313 
0.9597949 0.8674976 
1.065641 0.8797774 
1.071785 0.8004469 
0.9923591 0.889887 
1.053028 0.9063055 
1.002511 0.8957259 
1.106026 0.8403115 
0.9547193 0.8099849 
0.9971047 0.8767493 
0.9658621 0.8478003 
1.079439 0.8808379 
1.003002 0.8841629 
0.9628285 0.8818292 
1.126105 0.9013711 
1.091654 0.943869 
1.035421 0.9683767 
1.035752 0.9228452 
1.000467 1.0047 
0.9547206 0.9074676 
1.01546 0.9684558 
1.055681 0.9627566 
1.084353 0.9903533 
1.025363 0.8081093 
0.9737147 0.8539655 
1.066735 0.8606389 
1.105378 0.8348796 
1.060598 0.8044937 
0.9800769 0.8464007 
1.040341 1.103061 
1.034474 0.9765728 
1.149647 0.9378761 
1.202363 0.8208001 
1.07343 0.8387825 
0.9606049 0.8663051 
0.9163251 0.8569502 
0.8763488 0.905589 
1.090813 0.9146229 
1.018061 0.8237762 
1.006973 0.8478267 
0.9407851 0.8604084 
1.016004 0.884962 
1.022559 0.8550991 
1.045295 0.858485 
0.9857985 0.968043 
0.9638497 0.9834617 
0.9491042 0.8975881 
0.9233922 0.8701002 
0.9732526 1.128946 
0.9759766 1.004581 
0.9680931 0.988735 
1.005626 0.9859523 
0.8937642 0.8769405 
1.033753 0.8604042 
1.075767 0.8791714 
0.9385213 0.9077311 
0.9668885 1.102937 
0.9979698 1.113006 
1.053295 0.9989396 
0.9539142 1.078849 
0.9510776 1.288607 
0.9276711 1.102943 
0.904159 1.103497 
0.9961134 0.9901437 
0.932477 0.939856 
0.956785 1.021942 
0.98254 0.9855463 
1.124825 0.8839958 
0.9894968 0.8740859 
0.9633244 0.9498179 
0.9577108 1.066498 
0.9002678 1.249421 
0.9607923 1.042785 
0.946752 0.9768122 
0.9619706 0.9045696 
1.019348 0.8655185 
0.9514342 0.9362073 
1.095376 0.845944 
0.9514438 0.8508977 
1.059001 0.8982885 
1.159912 0.9780319 
0.9837179 0.9818964 
1.009318 0.9658037 
1.060828 0.9095495 
0.9597807 0.9078467 
0.9179814 0.9309626 
1.016389 0.9664217 
0.9468871 1.009382 
0.8502248 1.010427 
0.979105 0.9338443 
0.89525 1.045538 
1.006367 1.083153 
1.100837 1.044852 
1.1774 0.9923518 
1.077337 0.9039611 
1.139253 0.9181233 
1.160953 0.8637622 
1.022418 0.9834048 
1.026244 0.9112743 
0.9472815 0.914773 
0.9803011 0.8558592 
0.9643086 0.8672164 
0.9992399 1.103851 
0.9965366 0.9598911 
1.046716 0.8783418 
1.042298 0.9310673 
0.9710019 0.9302925 
1.075103 1.08444 
0.864547 0.9751138 
0.9880574 0.9475244 
0.8646796 0.9727167 
1.032392 0.968184 
1.119065 0.9241469 
0.9673939 1.002825 
1.080173 0.9748398 
1.080994 0.8620006 
1.016928 0.9669798 
0.9851492 1.024078 
0.9898882 0.992658 
1.100607 0.8731693 
0.9750296 0.9438154 
0.9938586 0.9432764 
1.011907 0.9146741 
0.9659845 0.9407133 
1.029058 1.060819 
1.126627 1.075813 
1.01247 0.8617921 
0.9530815 0.8575265 
1.062871 0.7804415 
1.067193 0.8468119 
1.034523 0.9149439 
0.9202721 0.9607634 
1.019826 0.8439348 
0.9692186 0.8688889 
1.081439 0.8681668 
1.01194 0.8854887 
1.039423 1.01341 
0.9542055 0.8247292 
1.057205 0.8428279 
1.057876 0.7502196 
1.02528 0.6990525 
1.001395 0.9618244 
0.9239814 0.9681622 
1.046697 0.937811 
1.013163 0.9976401 
1.004935 0.9661808 
0.9563999 0.9864997 
0.9573225 0.9426601 
1.007491 0.8458089 
1.161721 0.8697236 
0.9780047 0.7788811 
1.083041 0.8524082 
0.8906901 1.011588 
0.9793145 0.9721992 
0.9465735 0.9034836 
0.9635214 0.8409685 
1.024116 0.8050988 
1.006284 0.8034588 
1.007791 0.8563299 
0.9643942 0.8689872 
1.057177 0.8102653 
1.026677 0.9318846 
0.9609282 0.9269383 
1.030601 0.8815299 
0.9676232 0.8151944 
0.9781673 0.7778281 
0.970024 0.820101 
0.9953123 0.8808505 
1.044216 0.8520305 
1.117098 0.8015813 
1.061789 0.7989011 
0.9438467 0.8029499 
1.064156 0.8197832 
1.120995 0.7899046 
1.080965 0.875102 
1.067171 0.9464941 
1.086387 1.007075 
1.109364 0.9295654 
0.9349135 0.9122368 
1.071352 0.8918569 
1.040472 0.9911452 
0.947831 0.9718344 
0.9456125 0.8728697 
0.914912 1.072928 
1.054228 1.082417 
1.021578 0.9762374 
1.005877 1.050197 
0.9352403 0.9886404 
1.055374 0.9932459 
0.9297497 0.9468675 
0.97239 0.9119706 
0.9670997 0.9266229 
1.068785 0.9645089 
0.9558678 0.9700732 
0.9503721 0.973749 
0.9737761 0.9562161 
0.9962626 0.9945546 
0.97096 0.9236858 
1.060071 1.046171 
0.9796627 1.067558 
0.9672511 1.011285 
1.263866 1.110941 
0.8926411 1.089395 
0.9463879 0.9701149 
0.9237725 0.9314825 
0.8678565 0.9399616 
0.878856 0.8436022 
0.9885395 0.8673364 
1.016146 0.8698032 
0.9256025 1.026134 
0.978052 0.8941402 
0.9580469 0.8722995 
1.048417 0.8998857 
0.9218815 0.9989632 
1.039363 1.034576 
0.8967882 1.088354 
0.970495 1.067568 
0.9017774 1.11318 
0.9374174 1.096498 
0.9175795 0.9648487 
0.9967811 0.9205946 
0.8899607 0.9873039 
1.074611 1.091444 
0.9706816 1.150146 
0.8714625 1.21839 
0.9646243 1.079654 
0.8999679 0.9687169 
0.9835645 1.06466 
0.9735582 1.05803 
1.010659 0.9719648 
0.9683874 0.9538796 
0.9381555 0.8533734 
1.043457 0.941553 
1.094053 1.005722 
1.037107 1.031355 
0.9597449 1.118274 
0.993256 0.9871691 
0.9992684 1.021623 
0.9228408 0.9323891 
0.9472472 0.8981595 
0.9615752 0.9274937 
1.029411 0.9494808 
1.038984 0.903106 
1.02041 0.9186221 
0.9476597 0.9121554 
0.9895581 0.9066229 
0.964851 1.058087 
0.979921 1.010343 
0.9688592 0.9461599 
0.9846834 0.9287752 
0.9145955 1.053697 
1.004127 0.9952896 
0.9459438 0.9363032 
0.9823018 1.045824 
1.012487 0.9556061 
0.9923897 0.9662443 
0.9458761 0.9872426 
0.9433842 1.028193 
1.085775 1.025422 
1.016726 1.041523 
0.9825712 0.9412251 
0.9138698 0.9285229 
1.011707 0.8942188 
0.9936632 0.8615844 
1.029841 0.9152162 
0.92893 0.990574 
0.8864475 1.020387 
0.9985342 1.282769 
0.9405919 1.218293 
0.9223711 1.092118 
0.9984695 1.104317 
0.9382901 1.148928 
0.9931223 1.104804 
0.9511242 1.02595 
0.9601753 0.9613425 
1.066516 1.005767 
1.011272 0.9558863 
1.033487 1.019641 
1.060256 1.005226 
0.9251325 0.9349991 
0.9404189 0.9801631 
1.169118 0.8976864 
1.03186 0.832225 
0.9962511 0.8908372 
1.012109 0.9332054 
1.068376 0.942468 
1.084839 0.8503152 
0.9519876 0.9006189 
0.9499662 0.9187895 
1.006799 0.9752594 
1.050781 0.9768379 
1.011253 1.118162 
0.8973414 1.09098 
0.9492452 1.317699 
1.08072 1.04561 
0.8071803 1.072376 
0.9338636 0.9953762 
0.9669268 0.9893056 
1.0217 0.9805827 
1.029184 1.144864 
0.9515718 1.316995 
0.9221989 1.356831 
0.9804774 1.046548 
0.9146277 1.099977 
0.9025147 1.133445 
1.002879 1.158811 
1.135454 1.058877 
0.8761823 1.102187 
0.9962205 1.067937 
0.9587402 1.18964 
0.9319738 1.036843 
1.021165 1.031076 
0.9235538 1.008615 
0.9720734 1.011989 
1.007793 0.9257475 
0.9570449 0.8856262 
0.9967085 0.8468751 
1.082938 0.8993396 
0.951536 0.8401789 
1.118355 0.8825572 
1.023908 0.9194319 
1.005054 0.8775002 
0.9610112 0.7905062 
1.097234 0.811073 
1.144535 0.809935 
1.073938 0.7819591 
0.9622988 0.9653195 
1.004068 0.8942927 
1.051075 0.8531121 
1.002336 0.8169777 
0.9409807 0.727813 
1.042981 0.7816275 
1.015589 0.7600686 
1.006424 0.7589092 
1.00752 0.7984851 
1.069943 0.7314464 
0.991863 0.8207093 
0.9242945 0.7914359 
1.052942 0.8913393 
1.040313 0.9026083 
0.950797 0.8800108 
0.9673407 0.9448547 
0.9513371 1.046712 
0.940868 0.9407595 
0.8951751 0.8702402 
0.9632453 0.8324952 
0.9475135 0.8043284 
0.9239115 0.7809559 
0.971546 0.9662333 
1.002763 0.8612838 
1.095205 1.056903 
0.9759428 1.053589 
1.020432 0.9055488 
1.007276 1.018096 
0.951844 0.9162735 
1.000281 0.9256208 
1.167657 0.9976862 
0.9788308 0.9415068 
1.018223 0.8621351 
0.9769553 0.8903839 
1.047113 0.8410309 
1.013662 0.8504623 
0.9902947 0.8249848 
1.043949 0.8082779 
0.9641335 0.7786621 
1.063948 0.7838133 
1.070096 0.8512492 
1.202083 0.8199683 
1.07727 0.8309661 
0.9432266 0.9110897 
1.030704 0.8434841 
0.9887828 0.8928429 
1.096963 0.782005 
1.065934 0.8492369 
0.9563737 0.8746498 
0.9956472 0.9070211 
0.9936819 0.9353783 
0.9485499 0.9200508 
0.9291612 0.8747098 
1.095079 0.875059 
0.9570949 0.860707 
1.034154 0.9104453 
1.061239 0.975442 
0.9911775 0.8150137 
0.9992272 0.9182142 
0.9942088 1.060929 
0.9143213 0.9581198 
1.111934 1.049182 
1.058246 1.020199 
0.9624102 0.9976715 
0.9770062 0.9788789 
1.167916 0.9576793 
1.00764 0.8939584 
1.069824 0.9122785 
1.03071 0.8541372 
1.008179 0.9526745 
0.9463461 0.9310197 
1.080735 0.8973729 
0.9970407 0.8962109 
1.012877 0.956434 
0.928233 0.8968385 
1.138987 0.8943094 
0.9946637 0.8490853 
0.992851 0.885226 
0.9667674 0.8288836 
1.064857 0.8480465 
1.020739 0.8512932 
1.136488 0.9224457 
0.9482343 0.8998687 
1.047938 0.8815841 
1.068921 1.002682 
1.027336 0.880338 
0.9948641 0.8849645 
0.9183403 0.8538074 
0.982238 0.8584745 
0.904878 0.9343565 
0.9515154 0.8449147 
0.9885739 0.9870562 
0.9871512 0.9393551 
0.960742 0.913225 
1.032107 0.9045627 
1.072118 0.9090799 
0.9213635 0.9109176 
0.9757664 0.902568 
0.9429738 0.8668305 
0.9852711 0.9862298 
1.008807 1.041319 
1.00126 1.129171 
1.022676 1.082187 
0.9584783 1.015659 
0.9305241 1.042755 
0.9619562 1.138881 
1.005655 1.03224 
1.014889 0.9859152 
1.019771 0.9013494 
1.02369 0.8668357 
1.039713 0.8644779 
1.068636 0.8073413 
0.9356884 0.8397141 
1.00129 0.8021605 
0.9990092 0.8028201 
1.061193 0.8043061 
1.009021 0.8163956 
0.9649176 0.8346723 
1.034483 0.831134 
0.9798939 0.8315755 
1.001219 0.8411068 
0.9998722 0.9241118 
1.043222 1.00005 
1.018002 0.9207606 
0.9645129 0.943501 
1.171889 0.8779371 
1.01518 0.9089474 
0.9892828 0.9135529 
1.029433 0.8377138 
1.088159 0.7431897 
1.009183 0.8116569 
1.177717 0.7829375 
0.9996083 0.7523695 
1.074771 0.7507231 
0.9700711 0.7702378 
1.107723 0.8125925 
0.9781886 0.7797397 
0.9916147 0.7947642 
0.9533466 0.8665982 
0.9352598 0.8399906 
1.022547 0.7668408 
1.059327 0.7806645 
1.017157 0.8263933 
1.127913 0.8176272 
1.054894 0.7977281 
1.025855 0.8200942 
0.9908544 0.8952282 
0.9987507 0.8562335 
0.9752111 0.8455874 
1.097287 0.8340053 
1.039611 0.8354831 
1.070444 0.9353787 
0.998846 0.8453605 
0.9811637 0.8329412 
1.025783 0.8486385 
0.9995889 0.8178326 
1.040895 0.8720911 
0.9728134 0.8599467 
1.028205 0.7997701 
1.145335 0.8052972 
1.003935 0.857342 
1.049367 0.8713574 
0.9730889 0.7860788 
0.9960691 0.802531 
0.9795568 0.83004 
0.9824162 0.8372978 
0.9949312 0.8929256 
1.066373 0.7694226 
1.033903 0.7609334 
1.070629 0.9227149 
1.015006 0.9272782 
1.096504 0.9523723 
0.9566606 0.8813964 
1.011723 0.846292 
1.107181 0.8149325 
0.9523546 0.9326729 
1.052326 0.9348584 
1.046756 0.9611981 
1.041802 0.9103619 
1.073027 0.8973937 
0.9756883 0.9978769 
1.127659 0.8935274 
1.111927 0.9461617 
0.9978853 0.9386678 
0.9694875 0.8555789 
0.9339067 1.013144 
1.054107 0.981508 
1.123058 0.8261762 
0.9359953 0.8239474 
1.023067 0.7770893 
0.9226848 0.8920971 
1.051222 0.9250773 
0.9326318 1.081632 
0.9199653 1.189681 
0.9060263 1.232545 
0.8147101 1.187199 
1.040462 1.069936 
0.9509841 0.9932272 
1.052385 0.9896849 
1.030357 0.9845678 
0.9032178 1.00466 
0.8952765 1.22829 
0.9022628 1.059647 
0.9140141 1.06906 
0.9860095 0.9687907 
0.9183288 0.9870346 
1.015282 1.045512 
1.026074 1.053522 
0.9488588 1.106504 
0.97582 1.190908 
0.9999384 1.199563 
0.8551882 1.175994 
0.9170794 1.059353 
0.9896039 1.018452 
1.028045 1.058104 
1.023463 0.9665304 
1.010401 0.9388119 
1.025587 0.9421404 
0.9728835 0.9252607 
1.054555 1.015718 
1.037936 0.9869726 
0.9098155 1.012112 
1.017123 0.9347491 
0.9782221 0.8468333 
1.029287 0.7645144 
1.00891 0.9244441 
0.8945359 0.9683546 
0.9987713 0.9735399 
1.094206 0.9636892 
0.9435605 0.9242127 
0.9504155 0.9264197 
0.8811609 0.9667015 
1.003381 0.9173634 
0.9477996 0.9724641 
0.9654559 0.9326563 
1.019339 0.8748688 
1.009988 0.9386221 
1.010524 0.8951076 
1.017493 0.9909406 
1.112076 1.068908 
1.004803 1.073233 
0.9944469 1.060841 
1.015126 0.95929 
1.030295 0.9347271 
1.063907 0.9991886 
1.062712 1.034457 
1.010286 1.161291 
0.9779552 1.037162 
0.9365118 0.9462797 
1.060146 0.9362901 
0.9932832 0.8430325 
1.038367 0.8175737 
1.021154 0.8533948 
1.025553 0.8976188 
0.8567622 0.8954895 
1.045718 0.9493714 
0.9815371 1.066913 
1.124298 1.01238 
0.844878 1.228862 
1.113694 1.133362 
0.8337121 0.9705777 
0.9388683 1.171495 
0.9597009 0.9902658 
0.9506782 1.024989 
0.9111396 1.162773 
1.027564 0.9071 
0.9127344 0.9430996 
0.9897122 0.8330955 
0.9475139 0.8161771 
1.067604 0.8024142 
1.014485 0.8436545 
1.093548 0.8060126 
0.9798646 0.8611708 
1.048524 0.9337512 
0.8810752 0.9021044 
1.057814 1.010951 
1.069925 0.9690634 
1.007426 0.9660555 
1.035967 0.8735873 
0.9447567 0.8663322 
1.040876 0.9684171 
0.9398911 1.013684 
1.083787 1.100441 
0.874529 1.129764 
0.9638643 1.076477 
1.031852 0.9526683 
1.212152 0.8725835 
0.9493234 0.8426 
1.198141 0.8218973 
1.071001 0.8101248 
1.023815 0.8687613 
1.072931 0.8701847 
1.073991 0.8289373 
0.9910141 0.8570031 
1.020637 0.8351355 
0.9397751 0.851972 
1.078872 0.8705977 
1.005496 0.9908136 
1.091385 0.9272665 
0.944628 0.9126708 
1.090745 0.8081471 
1.08263 0.8151326 
1.045165 0.8816168 
1.064732 0.850466 
1.092271 0.8577139 
0.9846532 0.8459415 
1.067202 0.9676946 
0.9495798 0.9138089 
1.068442 0.93839 
0.9906747 1.00884 
0.9213175 1.084486 
0.9962995 0.9452641 
1.011442 0.89166 
0.9711659 0.8097794 
1.027722 0.8794868 
1.030991 0.8968335 
1.187525 0.8657901 
1.039203 1.002702 
0.9895268 0.9686945 
0.9923476 1.038253 
1.027006 1.065019 
0.9139591 0.9286167 
1.032745 1.009866 
1.041659 1.208347 
1.018564 0.9786554 
0.9647731 1.003491 
1.078168 0.8196664 
0.9946943 0.9199603 
0.9745784 0.9290395 
1.045087 0.8934602 
1.060721 0.8927817 
1.04977 0.8304821 
0.9858323 0.8226462 
1.06722 0.8892436 
0.9861515 0.8960065 
1.018783 0.8647844 
1.075847 0.8027675 
0.9133955 0.7801298 
1.104477 0.8343133 
0.9222426 0.8255328 
1.064076 0.8667035 
1.04918 0.8868965 
1.033635 0.8212723 
0.9455995 0.8629582 
0.9652007 0.9033648 
0.9700288 0.8020049 
0.9386182 0.8730989 
1.020183 0.8709937 
1.100934 0.9136747 
1.01024 0.9708223 
0.9431746 0.9670677 
1.003893 0.8933721 
1.053348 0.8562049 
1.077423 0.891156 
0.9790964 0.8929172 
1.006109 0.9143035 
0.9493917 0.9438638 
1.051975 0.8882072 
0.9810044 0.841287 
1.077485 0.8591183 
1.011931 0.8184933 
1.064859 0.8855332 
1.004375 0.8856457 
1.072422 0.9337016 
1.130629 0.90852 
0.9477254 0.9756025 
0.9660986 0.8209236 
1.049233 0.8607754 
0.9684557 0.8578315 
1.066873 0.7589361 
1.086876 0.6801341 
1.198486 0.7635604 
0.9614395 0.805491 
1.030569 0.796088 
0.9907785 0.7968688 
1.018539 0.8021668 
1.117211 0.7812012 
1.083718 0.7702082 
1.026299 0.7902308 
0.9522019 0.9108513 
1.025465 0.8319223 
1.028697 0.7474843 
0.9649849 0.7483816 
0.9897058 0.7868809 
1.049257 0.8181841 
0.9192953 0.8835573 
1.043044 0.9069237 
1.063152 0.8013008 
1.020323 0.8755852 
0.8740254 0.8726698 
0.9481973 0.8390467 
0.9244385 0.8772146 
0.9791624 1.107595 
1.203488 0.9476074 
1.041824 1.085979 
1.003793 1.251274 
0.944946 1.18002 
0.9806676 1.200364 
0.958654 1.15249 
0.9933806 1.286679 
0.9502495 1.312484 
1.113155 1.040726 
0.9777755 0.9781382 
0.9220584 0.9629108 
1.018307 0.9238367 
1.116881 0.9351772 
0.9089468 0.8320445 
1.064098 0.8863514 
1.069004 0.8828129 
1.007404 0.8995028 
0.9969122 1.004536 
0.8891574 0.980892 
1.048654 1.012071 
0.9903729 0.7995477 
1.05679 0.8088697 
0.9713872 0.9332238 
0.9859345 0.9254817 
0.938243 0.998442 
1.028469 0.9386859 
1.047826 0.8725148 
1.044043 0.9132888 
0.94957 0.8951746 
1.000445 0.9483281 
1.03838 0.9016353 
0.990034 0.9022272 
1.046381 1.013089 
1.143645 0.8925324 
1.050086 0.8638298 
0.9902787 0.8202379 
0.9361187 0.8926325 
0.9908186 0.8985664 
1.131449 0.895722 
0.9849148 0.8954727 
0.9437592 0.9090815 
1.075579 0.841254 
1.032024 0.9527771 
0.9493576 0.8911891 
1.064454 0.9415815 
1.052327 0.9536906 
1.117283 1.067234 
0.9727674 1.015047 
1.0681 1.111117 
1.021804 0.9096076 
1.115768 0.8113592 
0.9630645 0.909927 
1.055799 0.9161514 
0.9764592 0.8282507 
1.019282 0.8063557 
1.020696 0.8422976 
1.042754 0.810305 
1.025006 0.8071769 
0.999307 0.7925753 
1.009053 0.7870657 
1.070813 0.8801696 
1.001671 0.892031 
0.9561079 0.968647 
0.9856584 0.8946725 
1.056894 0.7711169 
0.9557529 0.78979 
0.9193696 0.8392386 
1.019703 1.021717 
0.9422222 1.035824 
0.8842477 0.9442447 
0.9630904 0.9508447 
1.058046 0.8894285 
1.032058 0.8922812 
1.009903 0.8892884 
0.9599453 0.9484406 
1.053185 0.8785503 
0.9874944 0.8009104 
1.004371 0.8786665 
0.9411837 0.8722868 
1.078983 0.8297395 
0.967143 0.8797573 
1.090734 0.8744378 
0.9298792 0.8678572 
1.112906 0.9075307 
0.9338761 0.8504913 
1.024545 0.8374179 
0.9874481 0.9077847 
1.00929 0.8128956 
1.082874 0.8780616 
0.9886116 0.8223812 
0.9688601 0.8526733 
1.217983 0.867906 
1.074712 0.8892641 
0.9881398 0.8114337 
1.058119 0.7944661 
1.076261 0.7844541 
1.074782 0.9052765 
0.9674112 0.887213 
0.9985668 0.7910011 
1.049141 0.8345344 
1.063514 0.8280203 
1.034444 0.8091325 
0.9524414 0.8809102 
1.013783 0.7767838 
0.9283214 0.8830071 
0.8870533 0.9688787 
0.9817694 0.8519171 
0.9895334 0.8459891 
1.05124 0.8075155 
1.006451 0.8646604 
1.025233 0.8776279 
0.9998203 0.8815657 
1.070512 0.8287521 
1.145237 0.7961409 
1.069256 0.7139558 
1.092654 0.8245433 
1.037566 0.8063065 
1.022557 0.7986028 
0.9643821 0.8405424 
1.022637 0.850702 
0.9405633 0.8613368 
0.9833944 0.8477258 
1.049208 0.7487723 
0.9618338 0.7427805 
0.9282299 0.8988051 
0.9097136 1.07356 
1.041597 0.9548428 
0.8869634 1.003096 
0.9615914 1.004367 
0.8982523 1.090512 
0.937629 1.000968 
0.9919327 0.9465546 
1.041256 1.001131 
0.9973617 0.9492323 
1.014728 0.9036783 
0.9871062 0.8593627 
1.007006 0.8363669 
1.066152 0.9651338 
0.935221 0.9382253 
1.040532 0.9489061 
1.0295 0.9149999 
0.962674 0.9738504 
1.044985 0.8354058 
0.9726717 0.8055905 
0.9767417 0.9480114 
0.9863096 0.8984891 
1.134484 0.9607975 
1.000598 0.9585798 
1.054363 0.9397771 
0.9795967 1.051497 
0.9291269 0.9441435 
0.992107 0.9744186 
1.007406 1.032249 
1.062878 1.029696 
1.103357 1.087751 
1.002958 1.024076 
0.893165 1.049519 
0.910894 1.028836 
0.9714665 0.9836193 
0.9324721 0.9781684 
1.087032 0.915351 
1.038037 0.9316982 
0.9789711 0.9111635 
1.01399 0.9282778 
1.079582 0.9334324 
0.9411817 1.002642 
1.015529 0.8848645 
0.981502 0.8633848 
0.9824555 0.9023012 
0.9652517 0.9485378 
0.9897151 0.8614927 
0.970895 0.9615707 
1.039835 1.012463 
0.9292079 1.099039 
0.990863 1.008409 
1.048405 0.9920342 
0.9910955 0.9594618 
1.087898 1.013103 
0.9938649 1.011854 
1.00027 0.9723581 
0.9425623 1.040145 
0.9356613 1.165639 
0.8781765 1.323216 
0.9836585 1.290089 
0.9758027 1.173503 
0.9505349 1.041557 
0.9593434 1.103778 
1.009574 0.9903908 
0.8720223 1.160238 
1.121667 1.020212 
1.024027 0.9855115 
0.9324947 1.048643 
1.041176 1.036037 
0.9365853 0.9693536 
0.9765984 1.139043 
1.018421 0.9949869 
0.9271888 0.9829247 
0.9699983 0.9655859 
1.051898 0.9368187 
1.047713 0.9348545 
0.8567329 0.9829065 
1.095863 1.041019 
0.9735217 1.020627 
1.027643 0.9016407 
1.065353 0.8824323 
1.041973 0.9114761 
0.9665152 1.017923 
1.122448 1.043112 
1.032109 1.034658 
1.147123 0.9424922 
0.9995318 0.9026554 
0.9282308 0.9564237 
1.049989 1.080924 
1.050252 0.9280502 
0.887739 0.9819412 
1.076451 0.9748294 
0.9560683 0.9842855 
1.00488 1.006816 
1.013565 1.06943 
1.028898 1.06397 
0.9162682 1.003195 
1.046328 0.9487994 
0.869727 0.8598486 
1.008172 0.8378083 
1.079478 0.7530598 
1.064197 0.7893709 
0.9819164 0.8079112 
1.026307 0.8122717 
0.972332 0.9462107 
0.9962689 0.8386033 
1.142263 0.8389047 
0.9594246 0.8557587 
1.081248 0.8351357 
0.9749984 0.9366212 
0.9636894 0.9278762 
1.094498 0.8390458 
1.037741 0.8910229 
0.9580114 0.9298643 
1.028697 0.8613475 
0.9533825 0.967854 
1.037806 0.841964 
1.081482 0.9060966 
1.097338 0.8780497 
0.988184 0.9181407 
1.053128 0.9016813 
1.081581 0.7662959 
1.127173 0.7395584 
1.071866 0.7058281 
0.962925 0.7315968 
1.047522 0.683628 
0.9760973 0.8038894 
1.186565 0.7984918 
1.058444 0.8420673 
1.051632 0.8785893 
1.013068 0.9775352 
1.084706 0.9605187 
1.013008 1.02999 
0.9380892 0.9524699 
1.01805 0.9414136 
1.118192 0.8141651 
0.9658471 0.914868 
1.003158 0.7631873 
0.9887497 0.731363 
0.991423 0.7946486 
0.9492561 0.9051891 
0.9504251 0.943817 
0.9551289 1.038733 
1.059239 0.9638595 
0.9614038 0.9276774 
1.07549 0.9860022 
0.9764047 0.9132169 
1.010743 0.9358803 
1.051425 0.9135512 
0.9960057 0.8248062 
0.9624387 0.8423665 
1.065063 0.8813856 
0.9511919 0.9115205 
0.9748867 0.9017097 
0.9493974 0.9164702 
1.007582 0.828787 
0.9897987 0.8353672 
0.9871719 0.8006351 
1.017667 0.8088604 
1.029641 0.8068899 
0.9492095 0.8633735 
0.9498324 0.8853933 
0.9273843 0.8841736 
0.9417314 0.951527 
1.047095 0.8043273 
1.035062 0.8070948 
1.012505 0.8372467 
1.070205 0.8422997 
0.9611209 0.8336574 
0.9843514 0.8818549 
0.9243572 0.8309561 
1.019967 0.8194446 
1.020143 0.7714623 
1.079361 0.7390838 
0.9900369 0.7767913 
1.026565 0.8222552 
0.9853874 0.7962548 
0.963621 0.9948591 
1.032715 0.8570035 
1.031847 0.8571844 
0.9870937 1.101272 
1.034628 0.931075 
0.9965454 0.907715 
1.040781 0.982733 
0.9692385 0.9716092 
1.061153 0.9646207 
0.9822062 0.9514912 
0.9759351 0.9079887 
1.056818 1.001368 
1.080517 1.031363 
0.9752455 1.113977 
1.013863 1.112993 
0.8917865 1.269075 
1.001063 1.070481 
0.936232 1.124851 
1.038898 0.9678601 
0.9796139 1.045622 
1.003601 1.069408 
0.918003 1.118536 
1.07327 0.9952581 
0.9988378 0.8967314 
1.025688 0.8113548 
1.008353 0.8407865 
1.122046 0.8556907 
1.063972 0.8695303 
1.011252 0.8046585 
1.09744 0.8767611 
1.036876 0.8432299 
1.082495 0.8581096 
1.056559 0.8639211 
1.019081 0.8674855 
0.9199946 0.7945573 
0.9960824 0.7649552 
1.020812 0.7884853 
1.097992 0.8003009 
1.002869 0.861009 
0.9882209 0.8895198 
0.9863369 0.8782859 
0.9160517 0.8457929 
1.004278 0.9097094 
1.040405 0.8505754 
0.9824911 0.9106231 
1.067669 0.9125667 
0.9272044 0.8876572 
0.9803122 0.9297806 
0.9951095 0.9728295 
0.9904205 1.091494 
0.9707548 0.9981657 
0.9332674 1.048719 
0.9518275 1.091767 
1.067113 0.92941 
0.9391004 1.027352 
1.001421 1.094959 
1.045737 1.015044 
1.159193 0.9863088 
0.9600278 0.9837285 
1.047032 0.9048652 
1.025333 0.9347184 
1.104154 0.8730427 
1.04297 0.8251374 
1.101685 0.8388872 
0.9705731 0.8620729 
1.013024 0.7810879 
1.082333 0.7949611 
0.9549801 0.769637 
1.001624 0.7993263 
1.02065 0.7666221 
1.108475 0.8053173 
1.034487 0.7451687 
1.039985 0.7454584 
0.9452885 0.7460838 
1.14536 0.736676 
1.102236 0.7389361 
0.9908404 0.8206134 
1.002624 0.8701805 
0.9839064 0.8506503 
1.050675 0.8967985 
1.08297 0.9948875 
0.8756294 1.074293 
1.01082 0.8855877 
1.014066 0.8897146 
1.077529 0.9175855 
0.9874337 0.8836122 
0.9397477 0.875188 
1.025006 0.9035948 
1.031577 0.8898417 
0.9301252 0.9255463 
0.9598834 0.9369656 
1.003916 0.9593705 
1.021351 0.9189872 
1.166831 0.8733135 
0.9965273 0.9576635 
1.198909 0.963459 
0.958824 0.9566842 
0.9938231 0.9364355 
0.950327 0.9362853 
1.002299 0.9358397 
0.9561408 0.8958081 
0.9436743 0.9204792 
0.9877947 0.9963035 
1.081793 0.9875206 
0.9912507 0.969448 
0.9399559 0.9348167 
1.024437 0.8329238 
1.032913 0.8173508 
1.005017 0.9349483 
1.005775 0.9679255 
1.018873 0.9543179 
1.001806 0.9296063 
1.000744 0.8865743 
1.025757 1.007124 
1.050264 0.9382943 
1.055357 0.9175612 
1.04102 0.7413702 
1.139107 0.7846086 
1.038756 0.8221547 
1.065834 0.948745 
1.113128 0.877402 
1.029812 0.9140271 
1.001891 0.8920677 
1.133933 0.8413567 
1.087993 0.8918526 
0.9484166 0.9933768 
0.9133163 1.07841 
0.9515884 0.9874683 
1.002705 0.8750884 
1.015311 0.8686851 
1.009967 0.913541 
1.093294 0.87781 
0.9741973 0.8540649 
0.9951636 0.8629374 
1.016076 0.9743449 
0.8880519 0.9793828 
1.006331 1.148056 
0.9368018 1.06263 
0.9430012 1.066989 
0.8553353 1.09588 
0.941475 1.142179 
1.016997 1.338247 
1.100105 1.112741 
1.02804 0.9100531 
0.9653451 0.9355906 
0.9560601 0.9717034 
0.9406383 1.036163 
1.053778 0.9916213 
0.9834671 0.85651 
0.9683224 0.8657897 
1.060624 0.8664401 
1.077986 0.8702841 
0.9611835 0.9729181 
1.060132 0.9956104 
0.9056622 1.111368 
1.007353 0.9173348 
0.93629 0.9288274 
1.049631 0.8871391 
1.02752 0.9376541 
0.9070853 0.9460545 
1.028785 0.8714129 
1.062993 0.8571387 
0.9653829 0.9293854 
1.030559 0.9986307 
0.8996648 1.053388 
1.09322 0.8259514 
0.9829459 0.8585662 
0.932314 1.000984 
1.086719 0.9967565 
1.083821 0.9410433 
1.118083 0.9215998 
1.050257 1.01694 
1.036219 0.9417387 
0.9816345 0.9818905 
0.9428283 0.9049189 
0.9867961 0.864436 
1.096381 0.9200609 
0.9266307 0.8868259 
0.9418885 0.8617464 
1.002515 0.8436447 
1.04116 0.8374473 
1.045525 0.8940811 
0.956443 0.9643014 
0.9582402 0.9839857 
1.028334 0.8950051 
1.036682 0.9358639 
0.922562 0.8480255 
0.9436777 0.9150537 
0.933371 0.8787284 
0.9402325 0.9082963 
0.9718142 0.9132774 
1.001441 0.9012487 
1.060613 0.8333014 
1.016675 0.9604405 
1.027371 1.014506 
0.9906964 1.052223 
1.043495 1.008846 
1.033917 0.9046853 
1.01549 0.8700598 
0.9672086 0.886676 
1.036673 0.9812519 
0.8563654 1.112263 
1.006052 0.946779 
1.003695 0.8904327 
1.037247 0.8652217 
1.014058 0.9081693 
0.9895576 0.9603108 
1.079852 0.9367572 
0.9810566 0.8610705 
1.013842 0.8866005 
0.9997985 0.9484878 
1.004695 0.9280637 
1.067769 0.8760882 
0.969161 0.8690812 
1.030681 0.9237426 
0.9735511 0.9162176 
1.029464 0.9573815 
0.9486735 0.9330533 
0.9940228 0.9572993 
1.043218 0.9229592 
1.017304 0.9682775 
1.000972 0.9265144 
1.051545 1.015059 
0.8882782 0.938314 
0.9954981 0.8795096 
1.011276 0.8441907 
0.9623521 0.8843803 
0.9330608 0.9984916 
0.9521841 0.8617478 
0.9802013 0.8576888 
1.016099 0.8991121 
0.9931238 0.8468545 
1.053101 0.7727659 
1.07323 0.7590169 
1.19841 0.710498 
1.015553 0.8087182 
1.10013 0.8102259 
0.9445667 0.7971358 
0.9897771 0.7982666 
0.9804176 0.8062825 
1.018882 0.8434201 
0.990962 0.8447265 
0.9322863 0.7881599 
1.020778 0.7983092 
1.050548 0.7606099 
1.116231 0.8178112 
0.9337641 0.905215 
0.9266274 0.8812471 
1.043695 0.8231167 
1.082924 0.87776 
1.027932 0.7855531 
1.02435 0.8416272 
1.029625 0.8915851 
0.9939437 0.9589851 
1.01963 0.9493294 
1.096912 1.046722 
0.9534961 0.9490411 
1.124373 0.8843286 
1.016725 0.8947882 
1.001513 0.9208562 
0.9907989 0.9671318 
1.213925 1.057706 
1.050404 1.019344 
0.909871 0.9500674 
0.9513287 0.9600258 
0.9310446 0.8982812 
1.0559 0.7822515 
1.180582 0.8888202 
0.9887833 0.8690509 
0.9600264 0.8754039 
0.987974 0.9371434 
1.033013 0.9813537 
1.094879 0.9269242 
0.8814988 0.8986123 
0.9784197 0.8789714 
1.035942 0.8921707 
1.017261 0.8614552 
0.9726836 0.9191504 
0.9552643 1.009652 
1.004857 1.104821 
0.9812724 0.901931 
1.064764 0.8520577 
1.143161 0.9114284 
1.037061 0.8693304 
1.050551 0.7821422 
1.00778 0.8772848 
1.002578 0.8815415 
0.9539652 0.9070348 
1.026222 0.8560596 
0.9450033 0.9111228 
1.007563 1.036207 
1.047508 0.9221048 
1.008353 0.8518651 
1.064942 0.847448 
1.05181 0.8546752 
0.9951359 0.8417426 
0.9652362 0.8421402 
0.9884318 0.7384901 
0.9899977 0.73055 
0.9919421 0.762387 
1.034376 0.7737623 
1.128506 0.6943506 
0.983731 0.7498921 
0.9842378 0.8014539 
0.9729751 0.8737281 
0.9578551 0.882519 
1.013951 0.7654148 
1.065979 0.82754 
1.009546 0.8683583 
0.904061 0.9090977 
0.9495101 0.8953674 
0.9575038 0.905506 
0.9779097 0.9175295 
0.9615698 0.9074832 
0.9808829 0.8445559 
1.016056 0.8184045 
0.9666447 0.743721 
1.08767 0.7437312 
1.035768 0.8014466 
0.9068159 0.8822822 
1.012945 0.886015 
1.01698 0.7815678 
0.9661563 0.8522533 
0.975725 0.9384641 
0.9910667 0.9828319 
1.12053 0.9304958 
1.045218 1.004198 
0.9520601 1.003786 
0.873491 1.051218 
1.045232 1.137511 
0.9884986 1.013905 
1.061482 0.9065125 
0.9963289 0.8983202 
1.004649 0.957571 
0.9345332 0.9391778 
1.009078 0.9449079 
0.9762677 0.8737677 
1.030611 0.8703086 
1.060241 0.9632129 
1.074016 0.8924669 
1.044441 0.8428842 
0.982981 0.9478081 
0.9292541 0.8898007 
1.057179 0.775851 
1.143066 0.9059416 
1.089926 0.9225479 
1.045868 0.8933513 
1.120572 1.034279 
0.9274579 0.8488331 
0.9628176 0.8902585 
1.019348 0.9113307 
0.9817911 0.8970263 
1.005777 0.9514867 
1.106861 0.8517474 
0.9811733 0.9232059 
1.059918 0.8561073 
0.9777081 0.8008987 
1.033785 0.773267 
1.008255 0.8511803 
1.023433 0.9488261 
1.005281 0.86042 
1.035037 0.9255106 
0.9185631 0.9076853 
0.9310867 1.028567 
0.9498422 1.039142 
1.083254 0.8450584 
1.070134 0.8202373 
0.9953453 0.8807055 
0.9890832 0.8721606 
0.9690722 0.8645794 
0.9822639 0.8274726 
1.072697 0.7701551 
1.032186 0.7987128 
1.004816 0.7804581 
1.036362 0.7958464 
0.9685738 0.7494997 
1.006876 0.7896999 
1.062635 0.797212 
1.047757 0.8229949 
1.062726 0.7909306 
1.003908 0.749806 
0.9953343 0.7862622 
1.017907 0.8089116 
0.9968646 0.8445243 
1.013604 0.867849 
1.021256 0.7704811 
0.9435261 0.7522219 
1.019077 0.8626813 
0.996502 0.9163734 
1.048694 0.8029163 
1.004 0.8956357 
0.943204 0.8234345 
0.9995403 0.9196266 
1.009536 0.8336679 
1.031855 0.8253182 
1.021024 0.8815156 
1.001983 0.8692247 
1.01089 0.8765567 
1.111671 0.7909098 
1.022618 0.8244248 
0.9984496 0.8811444 
1.054771 0.9398019 
1.068143 0.8801078 
1.115466 0.8513527 
1.053096 0.7888333 
1.064299 0.7744824 
1.046348 0.7894243 
0.9308819 0.7926354 
1.039268 0.7817694 
1.000035 0.8456305 
1.059965 0.7277326 
1.085375 0.8689181 
0.9952593 0.7838655 
1.023377 0.7648281 
1.066353 0.870628 
0.9633498 0.8677593 
1.073949 0.9465757 
0.9550785 0.8335631 
1.040261 0.8815257 
0.9900251 0.8867182 
0.8770992 0.8687013 
0.9334522 1.025034 
0.9053974 0.9804291 
0.9727123 1.008849 
0.9634249 1.062405 
0.9873336 0.9714312 
1.118192 1.049825 
0.9249474 1.17324 
0.9476671 0.9901276 
0.9977644 0.8495106 
1.077042 0.8519971 
0.9612581 0.8817161 
1.126902 0.8770011 
0.9864309 0.8974358 
1.070552 0.9514493 
0.9920754 0.9520964 
1.007033 0.9324211 
0.9867145 0.8881863 
1.004664 0.8768726 
0.9230311 0.9134509 
1.006017 0.8886481 
1.024904 0.8395463 
0.9687875 0.8979128 
1.110395 0.942295 
1.03835 0.9102913 
0.9598362 0.9135798 
1.052347 0.9236183 
0.9370126 0.9921488 
0.9394226 1.042272 
0.9200377 0.9785205 
0.9349271 1.005482 
0.9415628 0.9814593 
1.084361 0.8663013 
0.9845668 0.8723487 
1.007251 0.9777179 
1.019797 0.7940783 
0.9849046 0.7452768 
1.052851 0.7973204 
1.061935 0.809291 
0.9843452 0.7798173 
0.9691804 0.799814 
0.9436269 0.7972576 
1.199545 0.7833754 
1.01336 0.9017856 
1.001763 0.8976567 
1.056289 0.9590641 
1.049353 1.03305 
1.014244 1.139729 
0.9146055 1.124408 
0.9481251 1.233899 
1.059212 1.174015 
1.029918 1.112154 
0.9534478 1.065531 
1.007092 1.131257 
0.9808067 1.125669 
0.9907105 1.209998 
0.9711098 1.08941 
0.9370889 1.17839 
1.080412 1.152036 
1.019572 1.225486 
0.971722 0.9863896 
0.9957366 0.9694127 
1.014957 0.9626938 
0.8503351 0.8809369 
0.8627142 0.9339543 
1.107657 0.9619728 
1.074422 1.027842 
1.002818 1.041191 
1.082225 1.043435 
0.9065917 1.128572 
0.9712812 0.9812625 
1.004028 1.011565 
0.9686513 1.145917 
1.014686 1.074022 
1.089488 1.170321 
1.006956 1.020952 
0.9812752 1.151585 
0.9786827 0.9645443 
0.9553347 0.9001068 
1.038794 0.9617222 
1.035447 0.9683798 
1.003861 1.02962 
0.865389 1.165263 
0.9903629 1.191353 
0.8816958 1.045504 
1.110708 1.078393 
1.093939 1.097835 
0.8781149 1.196586 
0.902046 1.023719 
1.0142 1.03319 
1.02626 0.9722918 
1.000856 0.976179 
1.053103 0.8857309 
1.027489 0.8821686 
0.9800776 0.9233955 
0.9860137 0.90015 
1.031248 0.9650289 
1.06731 1.002498 
0.9345889 1.012115 
0.9038974 0.9365799 
0.9820996 0.9906304 
1.006313 0.9791537 
1.030756 1.018096 
0.9248551 1.022473 
0.9822452 0.925532 
0.9833858 1.017153 
1.039183 1.005838 
0.9467322 1.041468 
0.9637125 1.09243 
0.9720372 1.061877 
0.9664861 0.9704393 
1.060888 0.9752207 
1.003321 0.9629219 
0.9391099 0.8654998 
1.104839 0.8568363 
0.9834531 0.8887259 
0.9643304 0.7830366 
0.9664914 0.8996419 
0.9658977 0.9181325 
1.011482 0.9490909 
0.8884168 0.9840313 
0.9294034 0.9922315 
1.068735 1.066012 
0.9365666 1.150075 
0.9132711 1.006095 
0.9609617 0.9425291 
0.9581141 0.9256752 
0.9284457 0.9962827 
0.9865815 0.9243697 
0.9917276 0.8789856 
1.087116 0.8041358 
0.9616344 0.7814833 
1.015913 0.7492369 
1.011724 0.7986962 
1.167247 0.8095917 
1.021397 0.8855693 
1.024067 0.8430942 
1.06862 0.7739932 
1.03643 0.6864199 
1.007979 0.7043027 
1.102115 0.7734248 
0.9544939 0.7538592 
1.17542 0.7897703 
0.9091555 0.8124717 
1.153524 0.6842049 
0.9639207 0.6719716 
1.040854 0.7020653 
0.9988234 0.7014312 
1.024686 0.7347909 
0.9544971 0.7294761 
0.9526357 0.8099925 
1.144833 0.8464417 
0.9469889 0.792189 
1.058151 0.8513785 
1.043239 0.8186455 
1.139124 0.7548362 
1.01446 0.9320308 
1.10649 0.7464425 
0.9945515 0.7367972 
1.070931 0.7726994 
1.114047 0.7616673 
1.030543 0.8594334 
0.9950445 0.8010482 
0.930678 1.081986 
1.022533 1.20885 
1.066048 1.254974 
0.9679854 0.8701643 
1.009035 0.834278 
1.043554 0.7723266 
0.9870715 0.7412232 
1.038965 0.8720506 
0.9456409 0.8218432 
1.135622 0.8455343 
1.067145 0.7969705 
1.044117 0.7970944 
0.9677443 0.8236586 
1.082329 0.7733641 
0.9699492 0.8655832 
1.031661 0.8449584 
1.114456 0.8789745 
1.055491 0.9103412 
0.9838257 0.9401855 
0.9731813 0.8878244 
1.006176 0.9182473 
0.9750483 0.8993921 
0.9947073 0.890443 
1.033847 0.8276299 
1.016354 0.8454431 
0.9976307 0.8688148 
0.9665899 0.8822702 
0.9621714 0.8086683 
0.9079027 0.8894625 
1.071429 0.8041931 
1.063949 0.7702242 
0.9899303 0.7866831 
1.083733 0.7527615 
0.9633677 0.7770481 
1.044166 0.8532452 
1.014895 0.9924654 
0.9338754 0.8817608 
1.020209 0.8802689 
1.059914 0.9092502 
1.034653 0.9069636 
1.053077 0.9819897 
0.9876474 1.011872 
0.935824 0.8712614 
0.9851708 1.142911 
0.8746286 0.9690594 
1.116763 0.9929369 
0.9143354 1.007966 
0.921166 1.012942 
0.9995044 0.948555 
0.9425602 0.9591193 
1.074119 0.8093224 
0.895674 0.9077989 
0.9407712 0.8652205 
0.8946856 0.862268 
1.029496 0.8717287 
1.035859 1.166299 
0.9634683 1.051004 
0.9431009 1.052379 
0.9960806 1.013808 
0.9320524 1.020854 
1.081871 0.9060652 
1.071538 0.9876836 
1.001628 1.055967 
1.014724 1.250116 
1.022859 1.081945 
0.9388383 1.202786 
1.028246 1.157567 
1.04183 1.110352 
1.162006 1.176839 
0.9977594 1.147554 
0.9550678 0.9423341 
1.082709 0.9006986 
0.9936704 0.9206369 
1.08716 0.9332163 
0.9732838 0.9362586 
1.082562 0.9705868 
1.046039 1.032504 
0.9496197 1.003461 
0.9113701 0.9743008 
1.024094 0.9980044 
0.9637743 0.9372695 
0.9786961 0.9510133 
1.039394 0.9058021 
0.9624228 0.9326938 
0.9883974 0.9031551 
1.012182 0.8784159 
0.9519968 0.8285934 
1.012056 0.8963814 
1.040955 0.9214319 
1.050502 0.9193384 
0.9853454 0.8325873 
1.041847 0.8244676 
1.03078 0.7845887 
1.027907 0.8456689 
0.9210004 0.8404695 
1.010648 0.8365761 
1.050702 0.9059215 
1.039043 0.87469 
0.9823469 0.9742824 
1.066544 0.9431683 
0.8911016 0.8695328 
0.9710471 0.9060557 
1.07636 0.8702091 
0.9958313 0.8605141 
0.981612 0.9001805 
0.9778006 0.9100776 
0.9036264 0.8583473 
0.9837211 0.8113782 
1.013583 0.8098351 
1.018428 0.8147755 
1.090741 0.7324586 
0.977729 0.7416007 
1.030014 0.7657954 
1.084776 0.8510483 
1.064956 0.7857886 
1.007982 0.8523144 
1.016743 0.8156693 
1.009451 0.7947502 
1.060488 0.8524257 
0.9557043 0.853656 
1.062649 0.8334315 
1.036143 0.814903 
0.9898364 0.8283687 
1.044531 0.8539397 
1.058797 0.8270805 
0.9729638 0.9276665 
0.9389586 1.093819 
0.9607054 1.023152 
1.003117 1.012351 
1.026686 1.119685 
0.9377698 1.001065 
0.901132 1.129087 
0.8628047 1.100707 
0.9664568 0.9916573 
0.8950011 1.013358 
0.9839636 1.061828 
1.014871 1.048363 
1.036598 0.987723 
1.038966 0.9617462 
0.9928204 0.9459028 
0.9527241 0.9338808 
0.9018301 0.9411071 
1.002589 0.9343782 
0.9913666 0.9965302 
1.009499 0.9622662 
0.9949438 0.9403779 
0.9644057 0.9670813 
0.9578497 1.048865 
1.095373 0.883443 
1.050865 0.887706 
1.064799 0.9982466 
0.9637236 0.9530953 
0.9260124 1.002514 
0.9141175 1.029489 
1.004529 1.022189 
1.023719 1.012641 
1.059228 0.9762109 
1.087146 0.9576314 
0.93233 0.9245505 
1.048244 0.9452265 
0.9292849 0.8929192 
0.9768563 0.873745 
1.117908 0.931318 
1.060906 0.9279402 
0.997262 0.90886 
1.001722 0.9242117 
0.9981723 0.9052291 
0.9730947 0.9618588 
0.949678 1.095662 
0.9407744 0.9947347 
1.018467 0.9907449 
1.016689 0.8888861 
0.9583013 0.848334 
0.9856714 0.8210338 
1.057454 0.9574672 
0.9553972 0.9343821 
1.137534 0.8996641 
1.032914 0.8649677 
0.974721 0.9632645 
0.858783 1.033728 
0.9549848 0.9092838 
1.070486 0.8851947 
1.048546 1.037355 
0.9933555 1.054523 
0.8479088 1.042984 
0.9868922 1.012526 
1.11257 0.9991512 
0.9895106 0.8643694 
1.054645 0.8498913 
1.057895 0.8858292 
0.9676645 0.8710713 
0.9795737 0.8626931 
1.021838 0.9395863 
0.9616418 0.9784656 
0.9934722 1.039339 
1.068167 1.052596 
1.035137 1.018617 
0.9348593 1.00056 
1.003683 0.9420458 
1.003401 0.9532209 
1.003745 0.8970008 
1.063778 0.9669175 
1.016072 0.900897 
1.000608 0.934525 
1.051638 0.8113616 
1.015943 0.7877825 
1.165977 0.7460869 
0.9959876 0.7935141 
1.080113 0.8082193 
1.020561 0.8693545 
0.9845513 0.8359829 
1.06716 0.9039251 
1.032651 0.9771164 
0.9803456 0.9001274 
1.031202 0.8463178 
1.07884 1.077045 
1.037992 1.000353 
1.024264 0.9207515 
1.005183 0.945274 
1.013938 0.8809119 
1.055074 0.9406151 
1.010012 0.9756657 
1.035904 0.9429848 
1.016496 0.9728613 
1.12764 0.9207759 
0.98746 0.7171179 
1.022267 0.7456015 
0.96863 0.7713722 
0.9978955 0.8345125 
0.9441385 0.841803 
1.067023 0.7838682 
0.9992426 0.7482995 
1.040814 0.8070333 
0.982865 0.8311868 
0.9526708 0.8591911 
0.9260375 0.9608981 
0.9520819 0.9644303 
0.979472 0.9370078 
1.038023 1.002038 
1.02695 0.962941 
1.006341 0.8643576 
0.966078 0.8876467 
1.028001 0.8961344 
0.9206247 1.080208 
0.9881172 0.9875105 
1.007057 1.059417 
0.9943837 1.134749 
0.8986594 0.9739081 
1.013042 1.004854 
0.9747529 1.044359 
0.9556109 0.9700331 
0.9840576 0.9972206 
0.994031 0.9248212 
1.014164 0.9828761 
1.035658 0.8234934 
0.9240136 0.8526711 
1.02245 0.9355395 
0.9578107 0.8069275 
1.123039 0.8015777 
1.162918 0.7783562 
1.003789 0.8130793 
0.9504888 0.8833664 
1.067549 1.018903 
0.9970553 0.9021098 
1.034864 0.8927445 
1.081477 0.8678727 
1.008692 0.9541467 
0.9736784 0.9432276 
0.9885923 0.9400083 
0.9940949 0.9221584 
0.9644096 0.8711973 
0.9669637 0.8857939 
1.223735 0.8372265 
1.011631 0.9023817 
0.9758802 0.8721019 
0.8841573 0.8559387 
1.007857 0.9550625 
0.9547123 0.8738506 
0.9314766 0.8732293 
0.9849618 0.908266 
0.9836549 0.9621937 
0.9318532 0.9484317 
0.9807151 0.9217357 
1.027118 0.9742906 
0.8660686 1.09669 
1.025633 1.119574 
0.9035194 0.9871431 
1.139157 0.9527907 
1.05471 0.893346 
0.8667299 1.051164 
1.100315 0.9606522 
0.9091748 1.112999 
1.004685 1.061814 
0.98388 1.376189 
0.8736047 1.142888 
0.9092777 1.082905 
0.9869472 1.092363 
0.9974151 1.069043 
0.9379821 1.056196 
1.006161 1.05518 
1.062305 0.9428965 
1.044978 0.9684136 
0.9923889 0.932827 
0.9352595 1.069564 
0.9226929 1.031825 
1.208443 1.031097 
0.9666356 1.080047 
1.044214 1.126542 
0.9937585 1.209115 
1.021169 0.9982176 
1.03652 1.007135 
1.053408 1.129433 
0.9609575 1.092634 
0.8770626 0.9977348 
1.007885 0.9306428 
0.9880048 0.8868672 
0.9846399 0.8586758 
1.040417 0.8002543 
1.036693 0.7548004 
1.005187 0.767535 
1.032055 0.8042638 
0.9805115 0.8432698 
1.089785 0.9003169 
1.073828 0.8569082 
0.9619655 0.88109 
1.154155 0.9148019 
0.907894 0.930219 
1.008265 0.9040634 
1.02211 1.010024 
1.03251 0.9825304 
0.967748 0.9830013 
0.9987939 1.061496 
0.8950121 1.099129 
0.9076571 1.084522 
0.9458763 1.074218 
0.9678129 1.055775 
1.081268 1.115655 
0.9167865 1.213576 
0.9226866 1.157023 
0.8829521 1.006384 
1.020244 1.093376 
0.9352987 1.194461 
0.9327481 1.164277 
0.9472233 0.9785745 
0.9591092 1.075592 
0.9103174 1.221276 
0.9379478 1.156947 
1.004948 1.221774 
1.083242 1.150204 
0.7936119 1.203507 
0.9690851 0.9971245 
0.9268279 0.9155319 
0.94915 0.8982708 
1.113876 0.8878506 
0.9438895 0.8838652 
1.07733 0.8548018 
1.043498 0.8274476 
1.014513 0.7580615 
0.9522281 0.8298164 
0.9626219 0.8495087 
0.9995312 0.8340596 
1.060629 0.808942 
1.082639 0.7653966 
0.9981374 0.7630801 
1.058136 0.824411 
1.03907 0.8154201 
1.047499 0.8140422 
1.005921 0.8457709 
0.9238843 0.8811115 
1.036413 0.8854505 
0.9528907 0.9484002 
0.9986846 0.8750655 
0.9223883 1.043773 
1.017199 1.0483 
0.9318148 1.075737 
1.033346 1.025472 
0.9334204 1.017469 
0.9692371 0.9856298 
1.090749 1.034255 
0.9247125 1.066052 
0.8714502 1.137076 
0.9992364 1.060322 
0.9856647 1.275796 
1.194477 1.186618 
0.9603063 1.254095 
0.9865642 1.094277 
0.9717689 1.073204 
1.004625 1.138384 
1.11177 1.138254 
0.8053234 1.231682 
0.8516716 1.15332 
0.9269873 1.09367 
0.9567399 1.009956 
0.9008532 1.089882 
1.014331 0.8945796 
0.9508293 0.8591913 
1.021457 0.8665525 
0.8799033 0.9665632 
1.079907 0.8861233 
1.01238 0.8231133 
0.9957984 0.88257 
0.9724292 0.8584873 
1.02389 0.8041892 
0.9264402 0.8604157 
1.047043 0.7984849 
0.9477649 0.8443173 
0.9376808 0.8840338 
0.9863515 0.9159097 
1.008879 0.9256589 
0.9079249 0.9619991 
0.9474213 0.9319325 
1.079924 0.9864062 
0.9524505 1.010012 
1.069644 1.022445 
1.039845 0.9747884 
1.151663 0.9992698 
0.9293253 1.060545 
0.9616288 0.939648 
1.055906 0.9665926 
1.115296 0.8804357 
1.03235 0.8794821 
0.9911957 0.8409918 
1.07354 0.837924 
0.9877087 0.8289785 
0.9568831 0.8271282 
0.9727861 0.8668735 
0.9429528 0.9181971 
1.030997 0.8003728 
1.075247 0.6976467 
1.033936 0.7535095 
0.9999689 0.7167805 
1.029813 0.6951761 
0.958416 0.7722939 
1.067712 0.7684737 
1.042687 0.7935664 
0.9991113 0.838868 
0.9132774 0.9213214 
1.093814 1.014504 
1.036153 0.9750116 
1.06806 0.9050419 
0.9415252 1.042414 
0.882539 1.060781 
1.082083 0.9545043 
1.007443 0.9507471 
0.9033459 1.038188 
0.9439031 1.052273 
0.9684774 0.9949034 
0.9812359 0.9489883 
1.066035 1.043465 
1.000021 0.9043621 
1.183624 1.001993 
1.070086 0.9796089 
1.050842 0.9154241 
1.161465 0.7935346 
1.046157 0.792549 
1.030874 0.8407582 
1.104965 0.9212088 
0.9643307 0.8766061 
1.136385 0.8790731 
0.970646 0.8941439 
1.055393 1.031124 
0.9064903 1.052887 
1.007096 1.13922 
0.9455665 1.151742 
0.9954747 1.097472 
1.035438 1.11495 
0.9751048 1.027191 
1.072186 1.006593 
0.8534614 0.9614301 
1.011895 0.8671026 
1.036614 0.8557165 
0.975873 0.9185178 
0.8848909 0.8997455 
1.085376 0.787585 
0.9452269 0.9168871 
0.9765412 1.000515 
0.9017802 0.9685995 
1.034784 0.9345033 
1.07755 1.156431 
0.9869293 0.8927089 
1.031631 0.8739073 
0.9760673 0.8010393 
1.033178 0.9831321 
1.056513 0.9310658 
0.9795866 0.9405611 
1.049881 0.9963341 
0.9738848 0.979139 
0.9815198 0.9423532 
1.102616 0.845111 
0.9110053 0.9421844 
1.041622 0.922731 
0.9591613 0.9587487 
0.9647178 0.9090147 
1.017166 0.9708671 
1.004157 0.9031366 
0.9254192 0.9308338 
1.060295 1.006568 
1.147027 1.014515 
0.9855836 1.081847 
0.951516 1.035216 
0.9989257 1.030077 
0.8951117 1.081348 
1.060221 0.995314 
1.073714 0.9907659 
0.9781559 0.9848167 
0.8896709 0.9234482 
1.087384 0.8997044 
0.924573 0.901526 
1.008339 0.9299008 
1.034309 0.9163899 
0.9709445 0.923651 
0.9911252 0.9675254 
1.128175 0.8780196 
0.9696747 0.8653316 
0.981462 0.8944852 
1.013072 0.944438 
0.9293546 0.9376082 
0.9935668 0.8288123 
0.9784186 0.8249861 
0.9505879 0.8529806 
1.053749 0.816828 
0.9684338 0.7818272 
0.9843755 0.8053444 
1.034071 0.8006144 
1.061749 0.7721742 
0.9901585 0.7538529 
1.027624 0.8303555 
1.033335 0.8709676 
0.9801482 0.9492603 
1.107684 1.035358 
0.9621799 0.9736005 
0.9676779 0.9864994 
1.030774 1.020802 
1.04236 1.016615 
0.8820086 1.245721 
1.016285 1.20577 
0.9711187 1.226327 
0.8888787 1.128431 
0.8771539 1.135077 
1.078956 1.124476 
0.9848406 1.344723 
1.012614 1.023424 
0.8485434 1.170798 
0.9818118 1.093115 
0.9632349 1.049585 
0.8817123 1.100309 
0.921173 1.169188 
0.9152544 1.120379 
1.035665 1.099347 
0.9537012 1.167973 
0.9871487 1.012111 
0.9173821 1.011545 
0.8916147 0.9822274 
0.9839293 0.9664355 
1.038473 0.913725 
0.9621482 0.9412937 
1.019096 0.9479407 
0.9748319 0.923497 
1.07409 0.9876157 
1.069806 0.9469687 
0.9998913 0.8478728 
1.000815 0.9098205 
1.006011 0.9116951 
0.9448411 0.8886555 
0.9501204 0.9386827 
0.9641509 0.9326837 
0.9889529 0.8418782 
0.9270118 0.8755247 
0.8940428 1.026213 
0.9466369 1.004474 
1.052894 0.9633636 
1.042289 0.9974687 
1.041578 0.8989172 
1.033272 0.8611869 
1.006663 0.8755716 
1.098193 0.8819527 
0.9407606 0.910445 
0.9467529 0.950213 
0.9376945 0.9955362 
1.057559 0.8486157 
0.954366 0.9181934 
0.9507477 0.9152145 
0.9259485 0.9065653 
0.9317676 0.9963708 
1.02055 0.859616 
