"p_1" "p_2"
0.8762936 0.1237064
0.7791308 0.2208692
0.7927315 0.2072685
0.8267012 0.1732988
0.8124961 0.1875039
0.6628733 0.3371267
0.8568706 0.1431294
0.852136 0.147864
0.8152258 0.1847742
0.8187347 0.1812653
0.863116 0.136884
0.7660388 0.2339612
0.8483802 0.1516198
0.8526072 0.1473928
0.760613 0.239387
0.7520823 0.2479177
0.8413942 0.1586058
0.8857724 0.1142276
0.820322 0.179678
0.7975578 0.2024422
0.7689011 0.2310989
0.7943421 0.2056579
0.8318005 0.1681995
0.8591535 0.1408465
0.8052716 0.1947284
0.8183089 0.1816911
0.7998727 0.2001273
0.8297258 0.1702742
0.7748629 0.2251371
0.8170201 0.1829799
0.8235287 0.1764713
0.8210268 0.1789732
0.8287717 0.1712283
0.8316653 0.1683347
0.8153281 0.1846719
0.8206019 0.1793981
0.8125573 0.1874427
0.8697897 0.1302103
0.7461032 0.2538968
0.8179559 0.1820441
0.8052282 0.1947718
0.8366958 0.1633042
0.834838 0.165162
0.7994788 0.2005212
0.8738533 0.1261467
0.7523212 0.2476788
0.8308156 0.1691844
0.7874734 0.2125266
0.7338587 0.2661413
0.7753157 0.2246843
0.7824013 0.2175987
0.7681315 0.2318685
0.8384826 0.1615174
0.8262437 0.1737563
0.8596916 0.1403084
0.7634292 0.2365708
0.8456081 0.1543919
0.7843556 0.2156444
0.8200425 0.1799575
0.8542914 0.1457086
0.8850606 0.1149394
0.7896619 0.2103381
0.7683598 0.2316402
0.7965053 0.2034947
0.7268149 0.2731851
0.7753799 0.2246201
0.7945171 0.2054829
0.7914327 0.2085673
0.8477601 0.1522399
0.8475225 0.1524775
0.7593215 0.2406785
0.8059655 0.1940345
0.8010387 0.1989613
0.759964 0.240036
0.8105678 0.1894322
0.852323 0.147677
0.8105453 0.1894547
0.8651998 0.1348002
0.7862719 0.2137281
0.8800136 0.1199864
0.7587549 0.2412451
0.8666638 0.1333362
0.7905795 0.2094205
0.787951 0.212049
0.880169 0.119831
0.8578173 0.1421827
0.7350596 0.2649404
0.8471563 0.1528437
0.7419015 0.2580985
0.8150048 0.1849952
0.7921479 0.2078521
0.7701235 0.2298765
0.8355337 0.1644663
0.8496652 0.1503348
0.8468585 0.1531415
0.8113907 0.1886093
0.8357931 0.1642069
0.8056216 0.1943784
0.7408566 0.2591434
0.7867326 0.2132674
0.8595017 0.1404983
0.8755151 0.1244849
0.8226313 0.1773687
0.7791906 0.2208094
0.8132487 0.1867513
0.869405 0.130595
0.8587949 0.1412051
0.8520246 0.1479754
0.7861999 0.2138001
0.8222989 0.1777011
0.8148317 0.1851683
0.8005945 0.1994055
0.8359735 0.1640265
0.8316385 0.1683615
0.8453582 0.1546418
0.8896313 0.1103687
0.8511682 0.1488318
0.8020927 0.1979073
0.7980908 0.2019092
0.8062171 0.1937829
0.7846743 0.2153257
0.7802291 0.2197709
0.8605885 0.1394115
0.8224909 0.1775091
0.8175948 0.1824052
0.79488 0.20512
0.7490389 0.2509611
0.7757481 0.2242519
0.8797667 0.1202333
0.8411051 0.1588949
0.8201949 0.1798051
0.7748976 0.2251024
0.7349598 0.2650402
0.8387965 0.1612035
0.8380655 0.1619345
0.8453316 0.1546684
0.7772456 0.2227544
0.8220701 0.1779299
0.8182565 0.1817435
0.8560944 0.1439056
0.7883796 0.2116204
0.8437381 0.1562619
0.8441949 0.1558051
0.8369617 0.1630383
0.7991466 0.2008534
0.7829154 0.2170846
0.7709604 0.2290396
0.8376229 0.1623771
0.8107248 0.1892752
0.8222082 0.1777918
0.822663 0.177337
0.8440282 0.1559718
0.8149252 0.1850748
0.8503887 0.1496113
0.7980632 0.2019368
0.8490208 0.1509792
0.7661846 0.2338154
0.8275323 0.1724677
0.8369481 0.1630519
0.7851624 0.2148376
0.7861465 0.2138535
0.7914882 0.2085118
0.8583926 0.1416074
0.8217832 0.1782168
0.7073169 0.2926831
0.8298266 0.1701734
0.8233312 0.1766688
0.7271145 0.2728855
0.7868184 0.2131816
0.7555415 0.2444585
0.8570065 0.1429935
0.812125 0.187875
0.8143424 0.1856576
0.8400889 0.1599111
0.7754967 0.2245033
0.7638663 0.2361337
0.8411875 0.1588125
0.8129724 0.1870276
0.8283281 0.1716719
0.8140537 0.1859463
0.8187679 0.1812321
0.7505758 0.2494242
0.797756 0.202244
0.8201086 0.1798914
0.8650361 0.1349639
0.7705432 0.2294568
0.8271722 0.1728278
0.8327874 0.1672126
0.8564425 0.1435575
0.7965507 0.2034493
0.7269634 0.2730366
0.7749118 0.2250882
0.8524047 0.1475953
0.7293908 0.2706092
0.7424916 0.2575084
0.7953525 0.2046475
0.8365347 0.1634653
0.8593168 0.1406832
0.7687163 0.2312837
0.751955 0.248045
0.7874825 0.2125175
0.8508943 0.1491057
0.7968286 0.2031714
0.8093133 0.1906867
0.8136103 0.1863897
0.8099615 0.1900385
0.7746619 0.2253381
0.7463473 0.2536527
0.8072369 0.1927631
0.801367 0.198633
0.8327188 0.1672812
0.7706641 0.2293359
0.837169 0.162831
0.8349919 0.1650081
0.860947 0.139053
0.8234283 0.1765717
0.8532111 0.1467889
0.7908731 0.2091269
0.8274529 0.1725471
0.8346356 0.1653644
0.8294067 0.1705933
0.8219784 0.1780216
0.7911566 0.2088434
0.8380728 0.1619272
0.8215503 0.1784497
0.8054916 0.1945084
0.8391985 0.1608015
0.742612 0.257388
0.8362703 0.1637297
0.8174156 0.1825844
0.7828757 0.2171243
0.804844 0.195156
0.8265385 0.1734615
0.7879286 0.2120714
0.8011991 0.1988009
0.8506594 0.1493406
0.9051308 0.09486917
0.7375664 0.2624336
0.8604237 0.1395763
0.8552553 0.1447447
0.8714344 0.1285656
0.8068282 0.1931718
0.8342039 0.1657961
0.7817698 0.2182302
0.8001315 0.1998685
0.8226899 0.1773101
0.8276638 0.1723362
0.8264058 0.1735942
0.8129053 0.1870947
0.8103933 0.1896067
0.8517935 0.1482065
0.7453421 0.2546579
0.8712185 0.1287815
0.8441703 0.1558297
0.7973026 0.2026974
0.7662589 0.2337411
0.8317623 0.1682377
0.8872384 0.1127616
0.7280653 0.2719347
0.8363845 0.1636155
0.8297933 0.1702067
0.817162 0.182838
0.7875897 0.2124103
0.796775 0.203225
0.8195572 0.1804428
0.856928 0.143072
0.7963171 0.2036829
0.8474501 0.1525499
0.8364653 0.1635347
0.8500797 0.1499203
0.7935476 0.2064524
0.803766 0.196234
0.8469011 0.1530989
0.8102371 0.1897629
0.7458868 0.2541132
0.8588021 0.1411979
0.7988948 0.2011052
0.8855028 0.1144972
0.7871031 0.2128969
0.8409834 0.1590166
0.8038428 0.1961572
0.7732707 0.2267293
0.8253644 0.1746356
0.7523376 0.2476624
0.7891928 0.2108072
0.7823798 0.2176202
0.780783 0.219217
0.8262454 0.1737546
0.8286582 0.1713418
0.8067736 0.1932264
0.8208701 0.1791299
0.8561377 0.1438623
0.8304389 0.1695611
0.7701551 0.2298449
0.8098102 0.1901898
0.861569 0.138431
0.7947769 0.2052231
0.8448975 0.1551025
0.7143328 0.2856672
0.7865333 0.2134667
0.781531 0.218469
0.8223318 0.1776682
0.7743112 0.2256888
0.8667339 0.1332661
0.7870342 0.2129658
0.8244379 0.1755621
0.7672584 0.2327416
0.7076818 0.2923182
0.8223913 0.1776087
0.8150191 0.1849809
0.7363744 0.2636256
0.8621218 0.1378782
0.846067 0.153933
0.8298238 0.1701762
0.8420896 0.1579104
0.7988945 0.2011055
0.7968068 0.2031932
0.7999264 0.2000736
0.8380493 0.1619507
0.7609498 0.2390502
0.7857677 0.2142323
0.7487355 0.2512645
0.7973442 0.2026558
0.8840777 0.1159223
0.8463326 0.1536674
0.8192546 0.1807454
0.8219576 0.1780424
0.8096708 0.1903292
0.8275006 0.1724994
0.7345975 0.2654025
0.807199 0.192801
0.8261711 0.1738289
0.7947265 0.2052735
0.8390302 0.1609698
0.7614949 0.2385051
0.8573343 0.1426657
0.7696471 0.2303529
0.7823698 0.2176302
0.7965929 0.2034071
0.8230789 0.1769211
0.8685421 0.1314579
0.8295535 0.1704465
0.8070355 0.1929645
0.7445317 0.2554683
0.7672184 0.2327816
0.8343111 0.1656889
0.7997678 0.2002322
0.8177418 0.1822582
0.8227047 0.1772953
0.8797701 0.1202299
0.8076237 0.1923763
0.8003286 0.1996714
0.8261226 0.1738774
0.8163947 0.1836053
0.8824002 0.1175998
0.8472697 0.1527303
0.843924 0.156076
0.8559848 0.1440152
0.8660191 0.1339809
0.8911139 0.1088861
0.7917914 0.2082086
0.838609 0.161391
0.8509674 0.1490326
0.7436289 0.2563711
0.7313525 0.2686475
0.8052857 0.1947143
0.8530136 0.1469864
0.7896466 0.2103534
0.858546 0.141454
0.7383584 0.2616416
0.7767631 0.2232369
0.7613916 0.2386084
0.8127619 0.1872381
0.8124005 0.1875995
0.8808226 0.1191774
0.7341049 0.2658951
0.7807155 0.2192845
0.8219971 0.1780029
0.8736367 0.1263633
0.7956214 0.2043786
0.840584 0.159416
0.8128426 0.1871574
0.8542929 0.1457071
0.8776558 0.1223442
0.8260461 0.1739539
0.7737417 0.2262583
0.8288471 0.1711529
0.7782945 0.2217055
0.8043421 0.1956579
0.8299777 0.1700223
0.8009817 0.1990183
0.8123437 0.1876563
0.8460054 0.1539946
0.8220103 0.1779897
0.8165885 0.1834115
0.8969826 0.1030174
0.8502192 0.1497808
0.8197768 0.1802232
0.7738279 0.2261721
0.8482469 0.1517531
0.8016808 0.1983192
0.8519214 0.1480786
0.7335944 0.2664056
0.8707266 0.1292734
0.8664912 0.1335088
0.8379985 0.1620015
0.810965 0.189035
0.9050174 0.09498257
0.796572 0.203428
0.83563 0.16437
0.7974154 0.2025846
0.7909329 0.2090671
0.7913615 0.2086385
0.7758355 0.2241645
0.8181092 0.1818908
0.8042596 0.1957404
0.794458 0.205542
0.8099551 0.1900449
0.8109786 0.1890214
0.6976153 0.3023847
0.8192143 0.1807857
0.7469428 0.2530572
0.8067629 0.1932371
0.7995301 0.2004699
0.8159647 0.1840353
0.814856 0.185144
0.8078328 0.1921672
0.8178785 0.1821215
0.8367914 0.1632086
0.8379612 0.1620388
0.8072864 0.1927136
0.7875416 0.2124584
0.8133071 0.1866929
0.8126496 0.1873504
0.7698767 0.2301233
0.8463503 0.1536497
0.8385451 0.1614549
0.8425296 0.1574704
0.8161134 0.1838866
0.8543292 0.1456708
0.8508849 0.1491151
0.7484654 0.2515346
0.8059677 0.1940323
0.7594043 0.2405957
0.8714396 0.1285604
0.7681796 0.2318204
0.8402823 0.1597177
0.7971154 0.2028846
0.8827707 0.1172293
0.7291688 0.2708312
0.8175912 0.1824088
0.8205962 0.1794038
0.8317885 0.1682115
0.7797068 0.2202932
0.8737633 0.1262367
0.8679186 0.1320814
0.8014192 0.1985808
0.6964664 0.3035336
0.7966299 0.2033701
0.8082826 0.1917174
0.7757502 0.2242498
0.824214 0.175786
0.8091499 0.1908501
0.7497924 0.2502076
0.821309 0.178691
0.85409 0.14591
0.8196245 0.1803755
0.8281229 0.1718771
0.7682579 0.2317421
0.7655064 0.2344936
0.8094924 0.1905076
0.7785371 0.2214629
0.8093916 0.1906084
0.8403403 0.1596597
0.8509788 0.1490212
0.814242 0.185758
0.762257 0.237743
0.8129194 0.1870806
0.7979121 0.2020879
0.7924133 0.2075867
0.8529268 0.1470732
0.8284936 0.1715064
0.7588821 0.2411179
0.857691 0.142309
0.8419988 0.1580012
0.8066891 0.1933109
0.8035475 0.1964525
0.8126262 0.1873738
0.7827076 0.2172924
0.8402422 0.1597578
0.8696996 0.1303004
0.7819466 0.2180534
0.820025 0.179975
0.7999902 0.2000098
0.826914 0.173086
0.8420417 0.1579583
0.8649015 0.1350985
0.8048445 0.1951555
0.7817296 0.2182704
0.7709007 0.2290993
0.8222435 0.1777565
0.7836409 0.2163591
0.7477483 0.2522517
0.720883 0.279117
0.7940065 0.2059935
0.8207631 0.1792369
0.8425952 0.1574048
0.8438756 0.1561244
0.7853017 0.2146983
0.8458855 0.1541145
0.7823828 0.2176172
0.7746377 0.2253623
0.7742712 0.2257288
0.7750294 0.2249706
0.8041726 0.1958274
0.7735484 0.2264516
0.8168293 0.1831707
0.8064177 0.1935823
0.7446013 0.2553987
0.8346697 0.1653303
0.8407323 0.1592677
0.7867161 0.2132839
0.78767 0.21233
0.7888304 0.2111696
0.8031181 0.1968819
0.8162119 0.1837881
0.8499394 0.1500606
0.8515227 0.1484773
0.8624886 0.1375114
0.8189437 0.1810563
0.8625646 0.1374354
0.8277984 0.1722016
0.8308257 0.1691743
0.8116223 0.1883777
0.8175107 0.1824893
0.8515852 0.1484148
0.7920957 0.2079043
0.8694751 0.1305249
0.8894569 0.1105431
0.7893156 0.2106844
0.7687719 0.2312281
0.8511024 0.1488976
0.7961025 0.2038975
0.8097602 0.1902398
0.8598188 0.1401812
0.7949864 0.2050136
0.8951971 0.1048029
0.7916978 0.2083022
0.8487508 0.1512492
0.8655405 0.1344595
0.8008345 0.1991655
0.8414839 0.1585161
0.8005526 0.1994474
0.8721976 0.1278024
0.8478775 0.1521225
0.8106034 0.1893966
0.7805962 0.2194038
0.8574296 0.1425704
0.8219157 0.1780843
0.783853 0.216147
0.8098815 0.1901185
0.8396254 0.1603746
0.8658597 0.1341403
0.8155529 0.1844471
0.7605578 0.2394422
0.8613203 0.1386797
0.7787251 0.2212749
0.8481542 0.1518458
0.8335121 0.1664879
0.853937 0.146063
0.7334974 0.2665026
0.8500613 0.1499387
0.7967756 0.2032244
0.772434 0.227566
0.812356 0.187644
0.8154657 0.1845343
0.7988495 0.2011505
0.7785268 0.2214732
0.8295585 0.1704415
0.8332597 0.1667403
0.8694833 0.1305167
0.8382133 0.1617867
0.8047582 0.1952418
0.7400892 0.2599108
0.809489 0.190511
0.7717424 0.2282576
0.7790603 0.2209397
0.8089821 0.1910179
0.7795552 0.2204448
0.8282428 0.1717572
0.7824031 0.2175969
0.7835993 0.2164007
0.8237321 0.1762679
0.8117654 0.1882346
0.81058 0.18942
0.8502389 0.1497611
0.8431143 0.1568857
0.8621818 0.1378182
0.861033 0.138967
0.8429818 0.1570182
0.7919052 0.2080948
0.8445458 0.1554542
0.819167 0.180833
0.7606074 0.2393926
0.8455125 0.1544875
0.8151073 0.1848927
0.8330156 0.1669844
0.7769017 0.2230983
0.831373 0.168627
0.8462201 0.1537799
0.7938592 0.2061408
0.743009 0.256991
0.785053 0.214947
0.807776 0.192224
0.7928542 0.2071458
0.8128159 0.1871841
0.8221652 0.1778348
0.8745521 0.1254479
0.7677271 0.2322729
0.8269702 0.1730298
0.8484543 0.1515457
0.7368645 0.2631355
0.834385 0.165615
0.816501 0.183499
0.8242864 0.1757136
0.8395251 0.1604749
0.7515912 0.2484088
0.8346078 0.1653922
0.8362989 0.1637011
0.7836817 0.2163183
0.768359 0.231641
0.7923291 0.2076709
0.8313868 0.1686132
0.8363348 0.1636652
0.7922849 0.2077151
0.8154892 0.1845108
0.8543261 0.1456739
0.7732627 0.2267373
0.7794374 0.2205626
0.8007046 0.1992954
0.8821407 0.1178593
0.8218637 0.1781363
0.849231 0.150769
0.780887 0.219113
0.8397001 0.1602999
0.8343643 0.1656357
0.8036541 0.1963459
0.8289427 0.1710573
0.8785815 0.1214185
0.8018697 0.1981303
0.8412907 0.1587093
0.8077114 0.1922886
0.8458471 0.1541529
0.8269821 0.1730179
0.81422 0.18578
0.8927191 0.1072809
0.8119031 0.1880969
0.7880799 0.2119201
0.8913178 0.1086822
0.8352367 0.1647633
0.7587001 0.2412999
0.8215825 0.1784175
0.8565268 0.1434732
0.7807403 0.2192597
0.8720878 0.1279122
0.8388709 0.1611291
0.8217261 0.1782739
0.788547 0.211453
0.7977118 0.2022882
0.734834 0.265166
0.841428 0.158572
0.8254395 0.1745605
0.7824643 0.2175357
0.7972228 0.2027772
0.8139085 0.1860915
0.8262558 0.1737442
0.8657569 0.1342431
0.8615065 0.1384935
0.7811988 0.2188012
0.7958649 0.2041351
0.801585 0.198415
0.8477023 0.1522977
0.7884659 0.2115341
0.7935578 0.2064422
0.8435015 0.1564985
0.8249841 0.1750159
0.8735429 0.1264571
0.8170152 0.1829848
0.7992873 0.2007127
0.8055227 0.1944773
0.7414089 0.2585911
0.9110539 0.08894613
0.8454164 0.1545836
0.8258018 0.1741982
0.8121859 0.1878141
0.8374469 0.1625531
0.7981483 0.2018517
0.8588223 0.1411777
0.7851129 0.2148871
0.8631105 0.1368895
0.8248116 0.1751884
0.7892866 0.2107134
0.7764968 0.2235032
0.7226536 0.2773464
0.7676855 0.2323145
0.8564153 0.1435847
0.8605236 0.1394764
0.8469235 0.1530765
0.8338945 0.1661055
0.7730388 0.2269612
0.7810815 0.2189185
0.7910486 0.2089514
0.8196942 0.1803058
0.8559923 0.1440077
0.7779251 0.2220749
0.8397606 0.1602394
0.84062 0.15938
0.7892449 0.2107551
0.8539642 0.1460358
0.812558 0.187442
0.8550608 0.1449392
0.8209174 0.1790826
0.7920844 0.2079156
0.75862 0.24138
0.7596507 0.2403493
0.8562179 0.1437821
0.7720682 0.2279318
0.8172625 0.1827375
0.7789927 0.2210073
0.8164553 0.1835447
0.8268016 0.1731984
0.8276155 0.1723845
0.8620201 0.1379799
0.7972002 0.2027998
0.8682879 0.1317121
0.8033954 0.1966046
0.7822958 0.2177042
0.8217696 0.1782304
0.8089102 0.1910898
0.7680866 0.2319134
0.8718361 0.1281639
0.8080464 0.1919536
0.8209058 0.1790942
0.8324582 0.1675418
0.8426876 0.1573124
0.8207998 0.1792002
0.8256322 0.1743678
0.8830318 0.1169682
0.7889857 0.2110143
0.7735451 0.2264549
0.7884586 0.2115414
0.8196042 0.1803958
0.7616529 0.2383471
0.8347189 0.1652811
0.8550544 0.1449456
0.8826532 0.1173468
0.8451578 0.1548422
0.8062186 0.1937814
0.8374978 0.1625022
0.8413254 0.1586746
0.8619931 0.1380069
0.7836389 0.2163611
0.8456708 0.1543292
0.8650159 0.1349841
0.8107068 0.1892932
0.8330168 0.1669832
0.7681975 0.2318025
0.8184133 0.1815867
0.8504663 0.1495337
0.8233877 0.1766123
0.8221118 0.1778882
0.8035423 0.1964577
0.8680849 0.1319151
0.8051763 0.1948237
0.8014202 0.1985798
0.8391183 0.1608817
0.804924 0.195076
0.8134116 0.1865884
0.7971322 0.2028678
0.7784629 0.2215371
0.7926783 0.2073217
0.8964055 0.1035945
0.789739 0.210261
0.7825032 0.2174968
0.7953814 0.2046186
0.782485 0.217515
0.859051 0.140949
0.8005099 0.1994901
0.8501959 0.1498041
0.8013594 0.1986406
0.8441359 0.1558641
0.7992853 0.2007147
0.7696829 0.2303171
0.853057 0.146943
0.7082657 0.2917343
0.7675548 0.2324452
0.8570789 0.1429211
0.8243359 0.1756641
0.8942868 0.1057132
0.8182502 0.1817498
0.777221 0.222779
0.7904522 0.2095478
0.8395787 0.1604213
0.8381765 0.1618235
0.7501311 0.2498689
0.8495358 0.1504642
0.7996019 0.2003981
0.8219302 0.1780698
0.7735117 0.2264883
0.8113673 0.1886327
0.8459268 0.1540732
0.8904746 0.1095254
0.8107617 0.1892383
0.8195832 0.1804168
0.8266913 0.1733087
0.7890509 0.2109491
0.8317323 0.1682677
0.8277747 0.1722253
0.8418216 0.1581784
0.7154588 0.2845412
0.8389838 0.1610162
0.7996429 0.2003571
0.7528421 0.2471579
0.8343967 0.1656033
0.816405 0.183595
0.8069181 0.1930819
0.8386234 0.1613766
0.8700139 0.1299861
0.8071374 0.1928626
0.8251264 0.1748736
0.8590053 0.1409947
0.8283304 0.1716696
0.8489363 0.1510637
0.7836659 0.2163341
0.7831067 0.2168933
0.7747241 0.2252759
0.8079968 0.1920032
0.8391031 0.1608969
0.8534961 0.1465039
0.7678915 0.2321085
0.8460663 0.1539337
0.8890506 0.1109494
0.8113605 0.1886395
0.8646339 0.1353661
0.8762061 0.1237939
0.8294047 0.1705953
0.8228873 0.1771127
0.8015882 0.1984118
0.8639762 0.1360238
0.8119949 0.1880051
0.7628239 0.2371761
0.8389414 0.1610586
0.8640159 0.1359841
0.8461793 0.1538207
0.8083874 0.1916126
0.8183772 0.1816228
0.8018999 0.1981001
0.8173661 0.1826339
0.8270694 0.1729306
0.841371 0.158629
0.7983318 0.2016682
0.8009334 0.1990666
0.8732924 0.1267076
0.8186758 0.1813242
0.7947591 0.2052409
0.8346439 0.1653561
0.8689162 0.1310838
0.7751922 0.2248078
0.7273903 0.2726097
0.8077547 0.1922453
0.7482141 0.2517859
0.8091359 0.1908641
0.8225705 0.1774295
0.7806445 0.2193555
0.7732558 0.2267442
0.8013587 0.1986413
0.7504663 0.2495337
0.8372616 0.1627384
0.7529159 0.2470841
0.8129858 0.1870142
0.8863643 0.1136357
0.7587521 0.2412479
0.8699602 0.1300398
0.8011119 0.1988881
0.8199997 0.1800003
0.8553336 0.1446664
0.7464216 0.2535784
0.8100625 0.1899375
0.7807551 0.2192449
0.8284982 0.1715018
0.7912504 0.2087496
0.809757 0.190243
0.78398 0.21602
0.777515 0.222485
0.8630022 0.1369978
0.8543046 0.1456954
0.8079916 0.1920084
0.8480271 0.1519729
0.8354213 0.1645787
0.8092726 0.1907274
0.8520348 0.1479652
0.8413454 0.1586546
0.8409322 0.1590678
0.8189841 0.1810159
0.8253437 0.1746563
0.8086779 0.1913221
0.9010339 0.09896611
0.8018032 0.1981968
0.826397 0.173603
0.816557 0.183443
0.8368186 0.1631814
0.7907765 0.2092235
0.8526176 0.1473824
0.8221587 0.1778413
0.8281892 0.1718108
0.7310944 0.2689056
0.7978085 0.2021915
0.8315904 0.1684096
0.7872505 0.2127495
0.7347157 0.2652843
0.8478363 0.1521637
0.7595099 0.2404901
0.8121336 0.1878664
0.8048807 0.1951193
0.8401462 0.1598538
0.8219365 0.1780635
0.8233793 0.1766207
0.8122342 0.1877658
0.8049971 0.1950029
0.7903086 0.2096914
0.8189614 0.1810386
0.7973521 0.2026479
0.7931595 0.2068405
0.8213143 0.1786857
0.8414563 0.1585437
0.7715664 0.2284336
0.873597 0.126403
0.7932531 0.2067469
0.800519 0.199481
0.7522004 0.2477996
0.7662607 0.2337393
0.8130944 0.1869056
0.8887823 0.1112177
0.7790806 0.2209194
0.8517878 0.1482122
0.8264846 0.1735154
0.7747185 0.2252815
0.7949113 0.2050887
0.8146225 0.1853775
0.8189121 0.1810879
0.6897589 0.3102411
0.8302427 0.1697573
0.8619078 0.1380922
0.8258458 0.1741542
0.7828664 0.2171336
0.7878054 0.2121946
0.8130031 0.1869969
0.8003155 0.1996845
0.7905385 0.2094615
0.846058 0.153942
0.821421 0.178579
0.8279843 0.1720157
0.7250694 0.2749306
0.7946928 0.2053072
0.7793523 0.2206477
0.8698812 0.1301188
0.8013454 0.1986546
0.8237455 0.1762545
0.8077986 0.1922014
0.8134506 0.1865494
0.8426638 0.1573362
0.8124728 0.1875272
0.8585637 0.1414363
0.7431546 0.2568454
0.8678663 0.1321337
0.7386093 0.2613907
0.8167633 0.1832367
0.8335678 0.1664322
0.8428538 0.1571462
0.7947239 0.2052761
0.8164778 0.1835222
0.8436361 0.1563639
0.8381422 0.1618578
0.8637597 0.1362403
0.8545471 0.1454529
0.7634138 0.2365862
0.804152 0.195848
0.8832686 0.1167314
0.8776416 0.1223584
0.8202057 0.1797943
0.8301658 0.1698342
0.7414311 0.2585689
0.763465 0.236535
0.8094248 0.1905752
0.7906565 0.2093435
0.7850649 0.2149351
0.7719151 0.2280849
0.878682 0.121318
0.7659442 0.2340558
0.8202114 0.1797886
0.8206084 0.1793916
0.8372425 0.1627575
0.8336466 0.1663534
0.8330179 0.1669821
0.7632554 0.2367446
0.8126617 0.1873383
0.8370366 0.1629634
0.8105316 0.1894684
0.8561747 0.1438253
0.7988181 0.2011819
0.8120311 0.1879689
0.8929821 0.1070179
0.8462788 0.1537212
0.788374 0.211626
0.7900879 0.2099121
0.8231508 0.1768492
0.7756388 0.2243612
0.7482723 0.2517277
0.7813189 0.2186811
0.8417089 0.1582911
0.8559176 0.1440824
0.8407194 0.1592806
0.8266993 0.1733007
0.8156993 0.1843007
0.8593068 0.1406932
0.7325769 0.2674231
0.8411518 0.1588482
0.8657472 0.1342528
0.7984824 0.2015176
0.8496161 0.1503839
0.7826577 0.2173423
0.7924015 0.2075985
0.8260306 0.1739694
0.8179736 0.1820264
0.8005974 0.1994026
0.7841885 0.2158115
0.8468037 0.1531963
0.7801792 0.2198208
0.7954173 0.2045827
0.8434146 0.1565854
0.8604425 0.1395575
0.7637453 0.2362547
0.8221377 0.1778623
0.8219698 0.1780302
0.8096144 0.1903856
0.7948463 0.2051537
0.845675 0.154325
0.779582 0.220418
0.8703782 0.1296218
0.8396844 0.1603156
0.8522643 0.1477357
0.77086 0.22914
0.8305892 0.1694108
0.8396256 0.1603744
0.7641791 0.2358209
0.7767224 0.2232776
0.8075848 0.1924152
0.7341943 0.2658057
0.7766059 0.2233941
0.7915109 0.2084891
0.8147463 0.1852537
0.864568 0.135432
0.8545683 0.1454317
0.8189979 0.1810021
0.7783893 0.2216107
0.8246065 0.1753935
0.818733 0.181267
0.8327592 0.1672408
0.8288279 0.1711721
0.7789758 0.2210242
0.8312322 0.1687678
0.7714258 0.2285742
0.7702157 0.2297843
0.7830648 0.2169352
0.8760982 0.1239018
0.8079932 0.1920068
0.8541991 0.1458009
0.8010316 0.1989684
0.8469767 0.1530233
0.7921966 0.2078034
0.8386075 0.1613925
0.7937947 0.2062053
0.8264195 0.1735805
0.8306113 0.1693887
0.8849118 0.1150882
0.8011896 0.1988104
0.8186959 0.1813041
0.8148098 0.1851902
0.8189146 0.1810854
0.7861565 0.2138435
0.821484 0.178516
0.8445505 0.1554495
0.8312479 0.1687521
0.8111544 0.1888456
0.8532384 0.1467616
0.7538636 0.2461364
0.7868017 0.2131983
0.8706697 0.1293303
0.8292957 0.1707043
0.8609442 0.1390558
0.8313694 0.1686306
0.8134147 0.1865853
0.8243245 0.1756755
0.7679176 0.2320824
0.7749846 0.2250154
0.8147959 0.1852041
0.759418 0.240582
0.8487119 0.1512881
0.7514956 0.2485044
0.8121542 0.1878458
0.8301482 0.1698518
0.7807855 0.2192145
0.8030952 0.1969048
0.8882553 0.1117447
0.8306928 0.1693072
0.8137874 0.1862126
0.8186843 0.1813157
0.8000614 0.1999386
0.8058491 0.1941509
0.8304049 0.1695951
0.8512973 0.1487027
0.7510394 0.2489606
0.8372488 0.1627512
0.8067936 0.1932064
0.8953877 0.1046123
0.8520766 0.1479234
0.7453361 0.2546639
0.7347349 0.2652651
0.8034895 0.1965105
0.792389 0.207611
0.8817576 0.1182424
0.8040112 0.1959888
0.8124588 0.1875412
0.782033 0.217967
0.7807617 0.2192383
0.7884921 0.2115079
0.885801 0.114199
0.7611446 0.2388554
0.8182634 0.1817366
0.8298896 0.1701104
0.8194778 0.1805222
0.8087113 0.1912887
0.8378819 0.1621181
0.8012424 0.1987576
0.7948406 0.2051594
0.8460736 0.1539264
0.7667119 0.2332881
0.8248396 0.1751604
0.7725098 0.2274902
0.7948527 0.2051473
0.8523069 0.1476931
0.8571311 0.1428689
0.8192773 0.1807227
0.8199648 0.1800352
0.7795076 0.2204924
0.8080524 0.1919476
0.7506166 0.2493834
0.8493978 0.1506022
0.8125365 0.1874635
0.8478101 0.1521899
0.6970763 0.3029237
0.8288621 0.1711379
0.7869629 0.2130371
0.7417734 0.2582266
0.8628621 0.1371379
0.8012543 0.1987457
0.8381723 0.1618277
0.8502691 0.1497309
0.8360866 0.1639134
0.8213833 0.1786167
0.7727165 0.2272835
0.8324069 0.1675931
0.8213798 0.1786202
0.7987359 0.2012641
0.7879019 0.2120981
0.8261629 0.1738371
0.8131996 0.1868004
0.7975732 0.2024268
0.8547 0.1453
0.8333147 0.1666853
0.7321281 0.2678719
0.838145 0.161855
0.821416 0.178584
0.8695969 0.1304031
0.8696407 0.1303593
0.840794 0.159206
0.8295558 0.1704442
0.8311952 0.1688048
0.8056198 0.1943802
0.8130537 0.1869463
0.7928092 0.2071908
0.7614164 0.2385836
0.8088265 0.1911735
0.8281985 0.1718015
0.7613365 0.2386635
0.7792266 0.2207734
0.7682659 0.2317341
0.7466086 0.2533914
0.8148866 0.1851134
0.8327998 0.1672002
0.7670645 0.2329355
0.7716931 0.2283069
0.8040697 0.1959303
0.7780882 0.2219118
0.8710951 0.1289049
0.7470615 0.2529385
0.8072369 0.1927631
0.8348579 0.1651421
0.8430198 0.1569802
0.7647893 0.2352107
0.8311161 0.1688839
0.7994002 0.2005998
0.8402137 0.1597863
0.8264381 0.1735619
0.8012847 0.1987153
0.8670765 0.1329235
0.8093649 0.1906351
0.8623255 0.1376745
0.8123536 0.1876464
0.7857849 0.2142151
0.776329 0.223671
0.8179243 0.1820757
0.8123972 0.1876028
0.7746326 0.2253674
0.8274824 0.1725176
0.8851144 0.1148856
0.7496574 0.2503426
0.7819839 0.2180161
0.9232898 0.07671019
0.7983702 0.2016298
0.7732673 0.2267327
0.8864408 0.1135592
0.8702974 0.1297026
0.796411 0.203589
0.8187067 0.1812933
0.7626515 0.2373485
0.8749378 0.1250622
0.7827483 0.2172517
0.8055702 0.1944298
0.7850901 0.2149099
0.7820666 0.2179334
0.8765872 0.1234128
0.8349557 0.1650443
0.8464717 0.1535283
0.8107836 0.1892164
0.8265604 0.1734396
0.8428106 0.1571894
0.8410551 0.1589449
0.8340135 0.1659865
0.864396 0.135604
0.8560323 0.1439677
0.8213928 0.1786072
0.8308399 0.1691601
0.8261497 0.1738503
0.8445532 0.1554468
0.8442952 0.1557048
0.8180653 0.1819347
0.8034693 0.1965307
0.8324196 0.1675804
0.7978351 0.2021649
0.8343116 0.1656884
0.7924799 0.2075201
0.8356079 0.1643921
0.8271641 0.1728359
0.8568344 0.1431656
0.865161 0.134839
0.8421699 0.1578301
0.858241 0.141759
0.8520624 0.1479376
0.9008963 0.09910368
0.7851697 0.2148303
0.8674524 0.1325476
0.7814204 0.2185796
0.8124842 0.1875158
0.9169833 0.08301673
0.8547459 0.1452541
0.8641884 0.1358116
0.8317985 0.1682015
0.8435233 0.1564767
0.8302819 0.1697181
0.843699 0.156301
0.8246185 0.1753815
0.6928782 0.3071218
0.8718862 0.1281138
0.826558 0.173442
0.8502208 0.1497792
0.8034366 0.1965634
0.797438 0.202562
0.8117721 0.1882279
0.844834 0.155166
0.7810901 0.2189099
0.8342916 0.1657084
0.9015387 0.09846128
0.8486413 0.1513587
0.8220762 0.1779238
0.8379538 0.1620462
0.8385108 0.1614892
0.8275534 0.1724466
0.8186187 0.1813813
0.7370202 0.2629798
0.8763682 0.1236318
0.8269084 0.1730916
0.8849762 0.1150238
0.8670912 0.1329088
0.8243796 0.1756204
0.8294747 0.1705253
0.7838804 0.2161196
0.8224568 0.1775432
0.8873106 0.1126894
0.8101455 0.1898545
0.7666926 0.2333074
0.8970887 0.1029113
0.764917 0.235083
0.8480279 0.1519721
0.7765947 0.2234053
0.8451207 0.1548793
0.8587232 0.1412768
0.8443168 0.1556832
0.8124677 0.1875323
0.868726 0.131274
0.8136382 0.1863618
0.8302987 0.1697013
0.8453409 0.1546591
0.7332383 0.2667617
0.8432796 0.1567204
0.8397717 0.1602283
0.7610342 0.2389658
0.7569799 0.2430201
0.7697949 0.2302051
0.8612364 0.1387636
0.8400648 0.1599352
0.8780171 0.1219829
0.8549141 0.1450859
0.7552365 0.2447635
0.8353217 0.1646783
0.877283 0.122717
0.8431893 0.1568107
0.8278545 0.1721455
0.8209453 0.1790547
0.8965448 0.1034552
0.8285474 0.1714526
0.7892251 0.2107749
0.7994805 0.2005195
0.7980839 0.2019161
0.893243 0.106757
0.7994808 0.2005192
0.8087114 0.1912886
0.8080491 0.1919509
0.8304359 0.1695641
0.8307777 0.1692223
0.8088087 0.1911913
0.7994365 0.2005635
0.8459503 0.1540497
0.8004355 0.1995645
0.7597469 0.2402531
0.6884777 0.3115223
0.8543235 0.1456765
0.823373 0.176627
0.8554155 0.1445845
0.7339198 0.2660802
0.8399381 0.1600619
0.8106794 0.1893206
0.8180643 0.1819357
0.8169014 0.1830986
0.8389077 0.1610923
0.786137 0.213863
0.8639796 0.1360204
0.7905991 0.2094009
0.8172351 0.1827649
0.818613 0.181387
0.7020108 0.2979892
0.7659947 0.2340053
0.8723201 0.1276799
0.7429511 0.2570489
0.7794027 0.2205973
0.7645117 0.2354883
0.7864574 0.2135426
0.7751143 0.2248857
0.7843123 0.2156877
0.7781347 0.2218653
0.786142 0.213858
0.8179868 0.1820132
0.8486801 0.1513199
0.7979134 0.2020866
0.8342275 0.1657725
0.7744924 0.2255076
0.8197719 0.1802281
0.8151962 0.1848038
0.813647 0.186353
0.7641696 0.2358304
0.8424536 0.1575464
0.8113174 0.1886826
0.7720157 0.2279843
0.7998808 0.2001192
0.7761153 0.2238847
0.8170188 0.1829812
0.7525756 0.2474244
0.8045873 0.1954127
0.7755732 0.2244268
0.857717 0.142283
0.8499683 0.1500317
0.8549778 0.1450222
0.7840394 0.2159606
0.8811054 0.1188946
0.8329763 0.1670237
0.8396497 0.1603503
0.8345387 0.1654613
0.8397307 0.1602693
0.8439041 0.1560959
0.9072626 0.09273743
0.7997569 0.2002431
0.6961282 0.3038718
0.8046957 0.1953043
0.7982625 0.2017375
0.8114724 0.1885276
0.7402103 0.2597897
0.7881008 0.2118992
0.8734913 0.1265087
0.8084463 0.1915537
0.8076565 0.1923435
0.84123 0.15877
0.7669683 0.2330317
0.8437403 0.1562597
0.8214283 0.1785717
0.8341774 0.1658226
0.8417763 0.1582237
0.8189755 0.1810245
0.8382569 0.1617431
0.7486794 0.2513206
0.819142 0.180858
0.8364194 0.1635806
0.7723852 0.2276148
0.7938387 0.2061613
0.820894 0.179106
0.7812184 0.2187816
0.7878939 0.2121061
0.8023692 0.1976308
0.7557441 0.2442559
0.8503428 0.1496572
0.8362784 0.1637216
0.8134544 0.1865456
0.8161899 0.1838101
0.7331149 0.2668851
0.8228199 0.1771801
0.8233178 0.1766822
0.794821 0.205179
0.7744957 0.2255043
0.7541421 0.2458579
0.8544233 0.1455767
0.7485572 0.2514428
0.756073 0.243927
0.7052114 0.2947886
0.8364742 0.1635258
0.7630531 0.2369469
0.7898882 0.2101118
0.7764739 0.2235261
0.8420966 0.1579034
0.7826986 0.2173014
0.8400489 0.1599511
0.8504673 0.1495327
0.7684724 0.2315276
0.862824 0.137176
0.8921715 0.1078285
0.8265999 0.1734001
0.8363308 0.1636692
0.8217607 0.1782393
0.7147407 0.2852593
0.8077569 0.1922431
0.8244237 0.1755763
0.8154901 0.1845099
0.7935039 0.2064961
0.8111355 0.1888645
0.7808667 0.2191333
0.7502536 0.2497464
0.8556987 0.1443013
0.8327165 0.1672835
0.8323992 0.1676008
0.8400776 0.1599224
0.8399355 0.1600645
0.8713474 0.1286526
0.8944751 0.1055249
0.7823937 0.2176063
0.8387705 0.1612295
0.8102648 0.1897352
0.8103768 0.1896232
0.7844067 0.2155933
0.8530711 0.1469289
0.8179365 0.1820635
0.8715317 0.1284683
0.845116 0.154884
0.8436497 0.1563503
0.7833984 0.2166016
0.8335378 0.1664622
0.7747711 0.2252289
0.805492 0.194508
0.7914449 0.2085551
0.7696107 0.2303893
0.7935506 0.2064494
0.8185342 0.1814658
0.8041996 0.1958004
0.860496 0.139504
0.7747026 0.2252974
0.8754062 0.1245938
0.8744795 0.1255205
0.8778135 0.1221865
0.8334914 0.1665086
0.8624016 0.1375984
0.788835 0.211165
0.8133294 0.1866706
0.8677272 0.1322728
0.7941892 0.2058108
0.8432516 0.1567484
0.7640221 0.2359779
0.8597967 0.1402033
0.8005814 0.1994186
0.8569656 0.1430344
0.8408867 0.1591133
0.8132621 0.1867379
0.8512912 0.1487088
0.8300835 0.1699165
0.8114742 0.1885258
0.8686099 0.1313901
0.8825012 0.1174988
0.8440445 0.1559555
0.8028451 0.1971549
0.7294427 0.2705573
0.8065885 0.1934115
0.8257486 0.1742514
0.8088295 0.1911705
0.8349142 0.1650858
0.7627707 0.2372293
0.8568352 0.1431648
0.7563002 0.2436998
0.814348 0.185652
0.7790535 0.2209465
0.851102 0.148898
0.7508889 0.2491111
0.8280831 0.1719169
0.7654115 0.2345885
0.7717059 0.2282941
0.827911 0.172089
0.8161677 0.1838323
0.8486899 0.1513101
0.8366102 0.1633898
0.7876626 0.2123374
0.8421915 0.1578085
0.8205826 0.1794174
0.7643365 0.2356635
0.8354296 0.1645704
0.8157907 0.1842093
0.8233522 0.1766478
0.818359 0.181641
0.7488051 0.2511949
0.7891025 0.2108975
0.7893189 0.2106811
0.8012752 0.1987248
0.8438622 0.1561378
0.7846709 0.2153291
0.7453888 0.2546112
0.801971 0.198029
0.825618 0.174382
0.8250208 0.1749792
0.861921 0.138079
0.8255795 0.1744205
0.8196528 0.1803472
0.7411618 0.2588382
0.871867 0.128133
0.7632858 0.2367142
0.7917588 0.2082412
0.7597226 0.2402774
0.8141719 0.1858281
0.8198149 0.1801851
0.798339 0.201661
0.8839809 0.1160191
0.8608962 0.1391038
0.851806 0.148194
0.852608 0.147392
0.8327219 0.1672781
0.7956168 0.2043832
0.7904762 0.2095238
0.8221629 0.1778371
0.8304569 0.1695431
0.7377067 0.2622933
0.8138054 0.1861946
0.8008848 0.1991152
0.8205864 0.1794136
0.7865684 0.2134316
0.7482457 0.2517543
0.8537339 0.1462661
0.8505809 0.1494191
0.7620187 0.2379813
0.7479394 0.2520606
0.7028319 0.2971681
0.838067 0.161933
0.825753 0.174247
0.8396008 0.1603992
0.8790704 0.1209296
0.8176999 0.1823001
0.7486571 0.2513429
0.8311474 0.1688526
0.8368272 0.1631728
0.7849202 0.2150798
0.8273042 0.1726958
0.8338585 0.1661415
0.7975378 0.2024622
0.8821931 0.1178069
0.812468 0.187532
0.7504695 0.2495305
0.7292337 0.2707663
0.7982378 0.2017622
0.7702176 0.2297824
0.8207412 0.1792588
0.8827779 0.1172221
0.844235 0.155765
0.8176476 0.1823524
0.7084437 0.2915563
0.7277419 0.2722581
0.7834523 0.2165477
0.8176374 0.1823626
0.8335331 0.1664669
0.8265041 0.1734959
0.8283314 0.1716686
0.8332617 0.1667383
0.9045087 0.09549129
0.7783338 0.2216662
0.8195219 0.1804781
0.7675106 0.2324894
0.8508077 0.1491923
0.8532296 0.1467704
0.8723089 0.1276911
0.8568577 0.1431423
0.7729048 0.2270952
0.8027415 0.1972585
0.780211 0.219789
0.8029322 0.1970678
0.862603 0.137397
0.7738893 0.2261107
0.8345634 0.1654366
0.769442 0.230558
0.8002614 0.1997386
0.8306982 0.1693018
0.8225402 0.1774598
0.869463 0.130537
0.828465 0.171535
0.78151 0.21849
0.8814553 0.1185447
0.7288792 0.2711208
0.7639312 0.2360688
0.8665253 0.1334747
0.891564 0.108436
0.7456712 0.2543288
0.8632831 0.1367169
0.8111225 0.1888775
0.7767586 0.2232414
0.7892488 0.2107512
0.8321386 0.1678614
0.817124 0.182876
0.8754261 0.1245739
0.7724633 0.2275367
0.7961207 0.2038793
0.8197591 0.1802409
0.8355027 0.1644973
0.8066637 0.1933363
0.736715 0.263285
0.8752657 0.1247343
0.8011369 0.1988631
0.8015533 0.1984467
0.81867 0.18133
0.8406603 0.1593397
0.8136421 0.1863579
0.8795949 0.1204051
0.8317186 0.1682814
0.7911055 0.2088945
0.8271677 0.1728323
0.7905965 0.2094035
0.7688307 0.2311693
0.8835406 0.1164594
0.8118295 0.1881705
0.8406916 0.1593084
0.8349796 0.1650204
0.8420989 0.1579011
0.7641802 0.2358198
0.7791419 0.2208581
0.7646629 0.2353371
0.7672479 0.2327521
0.799045 0.200955
0.8602901 0.1397099
0.7759105 0.2240895
0.8852788 0.1147212
0.8603931 0.1396069
0.753964 0.246036
0.7957307 0.2042693
0.754329 0.245671
0.7756258 0.2243742
0.8205592 0.1794408
0.8371808 0.1628192
0.7585369 0.2414631
0.8766923 0.1233077
0.8066172 0.1933828
0.8772072 0.1227928
0.8076661 0.1923339
0.7740448 0.2259552
0.8247879 0.1752121
0.7709535 0.2290465
0.746792 0.253208
0.7569657 0.2430343
0.7999287 0.2000713
0.789638 0.210362
0.8282452 0.1717548
0.8261046 0.1738954
0.816524 0.183476
0.808326 0.191674
0.8107711 0.1892289
0.8623005 0.1376995
0.7885011 0.2114989
0.8536486 0.1463514
0.8432032 0.1567968
0.8966489 0.1033511
0.8065279 0.1934721
0.815421 0.184579
0.8082304 0.1917696
0.846605 0.153395
0.7915662 0.2084338
0.8215089 0.1784911
0.8035046 0.1964954
0.8190458 0.1809542
0.8734495 0.1265505
0.8111289 0.1888711
0.8109374 0.1890626
0.8726561 0.1273439
0.7771861 0.2228139
0.8252685 0.1747315
0.7864373 0.2135627
0.824304 0.175696
0.8148412 0.1851588
0.8104693 0.1895307
0.8146436 0.1853564
0.7818432 0.2181568
0.8753767 0.1246233
0.8220591 0.1779409
0.8012524 0.1987476
0.7249388 0.2750612
0.7986469 0.2013531
0.872302 0.127698
0.8047238 0.1952762
0.8296315 0.1703685
0.8471365 0.1528635
0.7907945 0.2092055
0.778787 0.221213
0.8008463 0.1991537
0.8168038 0.1831962
0.8196774 0.1803226
0.7644895 0.2355105
0.8588416 0.1411584
0.7635178 0.2364822
0.8550297 0.1449703
0.8749135 0.1250865
0.7680426 0.2319574
0.7307603 0.2692397
0.7899451 0.2100549
0.8025878 0.1974122
0.8252578 0.1747422
0.7255054 0.2744946
0.738427 0.261573
0.8361303 0.1638697
0.7660738 0.2339262
0.8556394 0.1443606
0.7988785 0.2011215
0.7653781 0.2346219
0.7965157 0.2034843
0.8052766 0.1947234
0.8409339 0.1590661
0.8025498 0.1974502
0.8564231 0.1435769
0.7825131 0.2174869
0.885808 0.114192
0.8758238 0.1241762
0.8714876 0.1285124
0.8433873 0.1566127
0.8268748 0.1731252
0.6917418 0.3082582
0.8464952 0.1535048
0.8149531 0.1850469
0.8560018 0.1439982
0.8478105 0.1521895
0.7840255 0.2159745
0.7740507 0.2259493
0.7703578 0.2296422
0.8369042 0.1630958
0.7535285 0.2464715
0.8207671 0.1792329
0.8349132 0.1650868
0.7656039 0.2343961
0.821361 0.178639
0.7884921 0.2115079
0.8192378 0.1807622
0.851635 0.148365
0.8167128 0.1832872
0.7527325 0.2472675
0.8551616 0.1448384
0.7734395 0.2265605
0.8814642 0.1185358
0.784791 0.215209
0.774778 0.225222
0.8315991 0.1684009
0.8245084 0.1754916
0.8984959 0.1015041
0.7989964 0.2010036
0.8602132 0.1397868
0.7303596 0.2696404
0.8011524 0.1988476
0.8174936 0.1825064
0.7685382 0.2314618
0.8404673 0.1595327
0.7994008 0.2005992
0.8018445 0.1981555
0.7300855 0.2699145
0.7734175 0.2265825
0.8216577 0.1783423
0.8151223 0.1848777
0.7701722 0.2298278
0.8022542 0.1977458
0.8414747 0.1585253
0.7687757 0.2312243
0.860481 0.139519
0.8690891 0.1309109
0.8521245 0.1478755
0.7985971 0.2014029
0.8241226 0.1758774
0.1892004 0.8107996
0.8735345 0.1264655
0.8102441 0.1897559
0.737056 0.262944
0.7691145 0.2308855
0.8258159 0.1741841
0.8279821 0.1720179
0.781074 0.218926
0.8311232 0.1688768
0.8262727 0.1737273
0.8207424 0.1792576
0.7627179 0.2372821
0.7517358 0.2482642
0.8147288 0.1852712
0.7705958 0.2294042
0.7579754 0.2420246
0.850134 0.149866
0.7561997 0.2438003
0.7893345 0.2106655
0.8914823 0.1085177
0.7299223 0.2700777
0.7770725 0.2229275
0.7995635 0.2004365
0.8416122 0.1583878
0.820607 0.179393
0.8073724 0.1926276
0.7673829 0.2326171
0.8556569 0.1443431
0.7243641 0.2756359
0.8676026 0.1323974
0.7883305 0.2116695
0.8151264 0.1848736
0.7809796 0.2190204
0.8389976 0.1610024
0.8466064 0.1533936
0.7983922 0.2016078
0.8004128 0.1995872
0.8487936 0.1512064
0.8275833 0.1724167
0.7688411 0.2311589
0.872943 0.127057
0.8492011 0.1507989
0.8497656 0.1502344
0.7564417 0.2435583
0.82557 0.17443
0.8282761 0.1717239
0.8490634 0.1509366
0.8381087 0.1618913
0.8209149 0.1790851
0.8251304 0.1748696
0.7891854 0.2108146
0.8044216 0.1955784
0.8682665 0.1317335
0.8329188 0.1670812
0.8435724 0.1564276
0.8282431 0.1717569
0.8853963 0.1146037
0.8395542 0.1604458
0.7941885 0.2058115
0.8363166 0.1636834
0.822093 0.177907
0.8293244 0.1706756
0.8434399 0.1565601
0.8495592 0.1504408
0.8512826 0.1487174
0.7817368 0.2182632
0.8616537 0.1383463
0.8591985 0.1408015
0.8332173 0.1667827
0.814014 0.185986
0.8124648 0.1875352
0.8069236 0.1930764
0.7917326 0.2082674
0.7528657 0.2471343
0.7300047 0.2699953
0.8689486 0.1310514
0.8500687 0.1499313
0.9175283 0.08247173
0.7750254 0.2249746
0.7872565 0.2127435
0.8050825 0.1949175
0.8473991 0.1526009
0.8307683 0.1692317
0.8566176 0.1433824
0.8393128 0.1606872
0.8380828 0.1619172
0.853404 0.146596
0.9038373 0.09616273
0.8206949 0.1793051
0.8397073 0.1602927
0.8700203 0.1299797
0.7732473 0.2267527
0.8086104 0.1913896
0.8125945 0.1874055
0.7686776 0.2313224
0.8042609 0.1957391
0.8475026 0.1524974
0.828016 0.171984
0.87813 0.12187
0.8560698 0.1439302
0.8132213 0.1867787
0.7909473 0.2090527
0.7753828 0.2246172
0.7529316 0.2470684
0.8361327 0.1638673
0.8698513 0.1301487
0.8155981 0.1844019
0.7952211 0.2047789
0.8374983 0.1625017
0.865761 0.134239
0.8662841 0.1337159
0.8374113 0.1625887
0.7674408 0.2325592
0.791319 0.208681
0.7936415 0.2063585
0.8240733 0.1759267
0.82525 0.17475
0.8126125 0.1873875
0.7694899 0.2305101
0.7587655 0.2412345
0.7762249 0.2237751
0.8074588 0.1925412
0.8562711 0.1437289
0.8575618 0.1424382
0.7449313 0.2550687
0.7764013 0.2235987
0.7931185 0.2068815
0.7423454 0.2576546
0.8077545 0.1922455
0.7935145 0.2064855
0.8287419 0.1712581
0.844158 0.155842
0.8432696 0.1567304
0.7921923 0.2078077
0.8452377 0.1547623
0.8396839 0.1603161
0.7862459 0.2137541
0.797794 0.202206
0.8074212 0.1925788
0.8599422 0.1400578
0.8583728 0.1416272
0.8505447 0.1494553
0.8649308 0.1350692
0.7462826 0.2537174
0.7776981 0.2223019
0.7465806 0.2534194
0.8734926 0.1265074
0.7941778 0.2058222
0.8459305 0.1540695
0.8016812 0.1983188
0.7943173 0.2056827
0.8606388 0.1393612
0.7862417 0.2137583
0.79098 0.20902
0.8452138 0.1547862
0.8414606 0.1585394
0.8293517 0.1706483
0.8368106 0.1631894
0.8119398 0.1880602
0.8449446 0.1550554
0.8420192 0.1579808
0.8543883 0.1456117
0.8792851 0.1207149
0.8244364 0.1755636
0.8482652 0.1517348
0.8094289 0.1905711
0.7613242 0.2386758
0.7794063 0.2205937
0.790644 0.209356
0.7671855 0.2328145
0.8586036 0.1413964
0.8339093 0.1660907
0.8238376 0.1761624
0.790455 0.209545
0.843194 0.156806
0.8215456 0.1784544
0.8333985 0.1666015
0.8076272 0.1923728
0.7752938 0.2247062
0.7869046 0.2130954
0.8397321 0.1602679
0.8073014 0.1926986
0.7556167 0.2443833
0.7207001 0.2792999
0.8106409 0.1893591
0.8597111 0.1402889
0.8038379 0.1961621
0.8543439 0.1456561
0.8267726 0.1732274
0.7624143 0.2375857
0.8138368 0.1861632
0.7993457 0.2006543
0.8492571 0.1507429
0.8373907 0.1626093
0.8098252 0.1901748
0.8078551 0.1921449
0.8489583 0.1510417
0.8123485 0.1876515
0.8144199 0.1855801
0.8879209 0.1120791
0.8881263 0.1118737
0.8264787 0.1735213
0.8655394 0.1344606
0.7804998 0.2195002
0.7944614 0.2055386
0.8304017 0.1695983
0.7901802 0.2098198
0.7615317 0.2384683
0.8244989 0.1755011
0.8637197 0.1362803
0.805049 0.194951
0.8099729 0.1900271
0.8144082 0.1855918
0.8021715 0.1978285
0.7824795 0.2175205
0.8054403 0.1945597
0.8348003 0.1651997
0.8318902 0.1681098
0.8028026 0.1971974
0.9157681 0.08423187
0.7685173 0.2314827
0.838533 0.161467
0.8021585 0.1978415
0.8564856 0.1435144
0.8194322 0.1805678
0.7732076 0.2267924
0.7688353 0.2311647
0.8701154 0.1298846
0.838858 0.161142
0.8772239 0.1227761
0.8842476 0.1157524
0.8377415 0.1622585
0.8396498 0.1603502
0.8044749 0.1955251
0.8088556 0.1911444
0.7861743 0.2138257
0.8313182 0.1686818
0.8300435 0.1699565
0.815602 0.184398
0.8138735 0.1861265
0.8563777 0.1436223
0.7699099 0.2300901
0.7680981 0.2319019
0.8575367 0.1424633
0.8346019 0.1653981
0.8356867 0.1643133
0.8300555 0.1699445
0.8075473 0.1924527
0.8215822 0.1784178
0.8818003 0.1181997
0.8433919 0.1566081
0.8324878 0.1675122
0.8230102 0.1769898
0.7852578 0.2147422
0.7252196 0.2747804
0.7785699 0.2214301
0.8201426 0.1798574
0.8361298 0.1638702
0.8774937 0.1225063
0.8470872 0.1529128
0.8533129 0.1466871
0.8302181 0.1697819
0.8677365 0.1322635
0.828035 0.171965
0.758698 0.241302
0.850232 0.149768
0.841098 0.158902
0.8181532 0.1818468
0.8093966 0.1906034
0.8242811 0.1757189
0.8394387 0.1605613
0.8468333 0.1531667
0.7726337 0.2273663
0.7844279 0.2155721
0.8163178 0.1836822
0.7881007 0.2118993
0.8092565 0.1907435
0.8797396 0.1202604
0.8559975 0.1440025
0.7706233 0.2293767
0.8375509 0.1624491
0.7786813 0.2213187
0.7942694 0.2057306
0.7998692 0.2001308
0.9102676 0.08973241
0.8132689 0.1867311
0.8208302 0.1791698
0.7817654 0.2182346
0.8590678 0.1409322
0.8244389 0.1755611
0.7721592 0.2278408
0.8286453 0.1713547
0.7948847 0.2051153
0.8897524 0.1102476
0.7738138 0.2261862
0.8044036 0.1955964
0.7759084 0.2240916
0.7809925 0.2190075
0.7699539 0.2300461
0.8343377 0.1656623
0.8402241 0.1597759
0.8198976 0.1801024
0.8559978 0.1440022
0.7898118 0.2101882
0.8228386 0.1771614
0.8166993 0.1833007
0.8045617 0.1954383
0.7371935 0.2628065
0.8486582 0.1513418
0.897422 0.102578
0.8111802 0.1888198
0.8065263 0.1934737
0.7322557 0.2677443
0.8577398 0.1422602
0.8461794 0.1538206
0.7249708 0.2750292
0.8486086 0.1513914
0.756309 0.243691
0.8468625 0.1531375
0.8580914 0.1419086
0.7932148 0.2067852
0.8328862 0.1671138
0.7616529 0.2383471
0.7835531 0.2164469
0.8065827 0.1934173
0.7563403 0.2436597
0.8065311 0.1934689
0.8244522 0.1755478
0.8222886 0.1777114
0.8524377 0.1475623
0.7967402 0.2032598
0.8341955 0.1658045
0.8339203 0.1660797
0.8730888 0.1269112
0.8723424 0.1276576
0.7784142 0.2215858
0.8509369 0.1490631
0.8225485 0.1774515
0.857727 0.142273
0.7999387 0.2000613
0.8189701 0.1810299
0.8502902 0.1497098
0.7991387 0.2008613
0.7989744 0.2010256
0.8048839 0.1951161
0.8442911 0.1557089
0.7474131 0.2525869
0.7846521 0.2153479
0.8738511 0.1261489
0.9007386 0.09926142
0.8244733 0.1755267
0.8206643 0.1793357
0.8073233 0.1926767
0.772128 0.227872
0.8511927 0.1488073
0.8541807 0.1458193
0.7480337 0.2519663
0.7921664 0.2078336
0.7349428 0.2650572
0.7459173 0.2540827
0.8032305 0.1967695
0.8668885 0.1331115
0.823914 0.176086
0.8044295 0.1955705
0.7570394 0.2429606
0.7609928 0.2390072
0.8345953 0.1654047
0.8249997 0.1750003
0.8275502 0.1724498
0.8396984 0.1603016
0.836145 0.163855
0.8719925 0.1280075
0.814156 0.185844
0.7459413 0.2540587
0.8048006 0.1951994
0.8313038 0.1686962
0.7876376 0.2123624
0.8230565 0.1769435
0.8264626 0.1735374
0.7968213 0.2031787
0.8716803 0.1283197
0.7542353 0.2457647
0.8335122 0.1664878
0.866649 0.133351
0.9060017 0.09399826
0.7985583 0.2014417
0.7973675 0.2026325
0.8145225 0.1854775
0.7130434 0.2869566
0.8949744 0.1050256
0.713922 0.286078
0.8687725 0.1312275
0.746344 0.253656
0.9049982 0.09500175
0.8246587 0.1753413
0.8282874 0.1717126
0.8610135 0.1389865
0.8663851 0.1336149
0.759568 0.240432
0.7347349 0.2652651
0.7956086 0.2043914
0.8293877 0.1706123
0.7798452 0.2201548
0.8001513 0.1998487
0.822671 0.177329
0.7968247 0.2031753
0.7692679 0.2307321
0.8679953 0.1320047
0.8028292 0.1971708
0.8219677 0.1780323
0.7845683 0.2154317
0.8525596 0.1474404
0.8061764 0.1938236
0.8041173 0.1958827
0.7994477 0.2005523
0.7598372 0.2401628
0.8170824 0.1829176
0.7700105 0.2299895
0.8438303 0.1561697
0.839059 0.160941
0.823082 0.176918
0.8354441 0.1645559
0.7902501 0.2097499
0.8112683 0.1887317
0.8564604 0.1435396
0.8328009 0.1671991
0.848285 0.151715
0.8316865 0.1683135
0.8163415 0.1836585
0.8552295 0.1447705
0.8139535 0.1860465
0.6953856 0.3046144
0.7654728 0.2345272
0.779396 0.220604
0.8557166 0.1442834
0.7947855 0.2052145
0.750782 0.249218
0.7878457 0.2121543
0.8181548 0.1818452
0.8244803 0.1755197
0.7946967 0.2053033
0.9129563 0.08704375
0.8140512 0.1859488
0.7732008 0.2267992
0.8166065 0.1833935
0.8861927 0.1138073
0.8063023 0.1936977
0.7799913 0.2200087
0.7950149 0.2049851
0.8601327 0.1398673
0.7420069 0.2579931
0.805146 0.194854
0.8118837 0.1881163
0.7442268 0.2557732
0.849013 0.150987
0.8022318 0.1977682
0.7698388 0.2301612
0.8264869 0.1735131
0.8109973 0.1890027
0.8483598 0.1516402
0.8040358 0.1959642
0.8724485 0.1275515
0.8332182 0.1667818
0.8356798 0.1643202
0.8109192 0.1890808
0.8159399 0.1840601
0.7998085 0.2001915
0.7827276 0.2172724
0.8212219 0.1787781
0.8302283 0.1697717
0.8250645 0.1749355
0.8356332 0.1643668
0.8043914 0.1956086
0.7646097 0.2353903
0.8952136 0.1047864
0.8199096 0.1800904
0.833813 0.166187
0.8914468 0.1085532
0.7760547 0.2239453
0.810528 0.189472
0.8254633 0.1745367
0.7776308 0.2223692
0.8175748 0.1824252
0.7040378 0.2959622
0.8496378 0.1503622
0.8203723 0.1796277
0.6741269 0.3258731
0.8523923 0.1476077
0.8446924 0.1553076
0.754489 0.245511
0.7784285 0.2215715
0.8762094 0.1237906
0.7847098 0.2152902
0.8680272 0.1319728
0.8134168 0.1865832
0.8473149 0.1526851
0.7997827 0.2002173
0.829038 0.170962
0.7838637 0.2161363
0.7937296 0.2062704
0.7992538 0.2007462
0.8208654 0.1791346
0.8616172 0.1383828
0.8415005 0.1584995
0.7977977 0.2022023
0.828397 0.171603
0.8331512 0.1668488
0.8725203 0.1274797
0.8278491 0.1721509
0.8310688 0.1689312
0.8366242 0.1633758
0.7946587 0.2053413
0.7096048 0.2903952
0.8393438 0.1606562
0.8013153 0.1986847
0.8267976 0.1732024
0.7924226 0.2075774
0.7603931 0.2396069
0.809436 0.190564
0.8053236 0.1946764
0.8322876 0.1677124
0.7817647 0.2182353
0.7509449 0.2490551
0.8400244 0.1599756
0.7819926 0.2180074
0.8067358 0.1932642
0.7998541 0.2001459
0.79573 0.20427
0.7044611 0.2955389
0.7643036 0.2356964
0.8311976 0.1688024
0.7972993 0.2027007
0.7730671 0.2269329
0.7778435 0.2221565
0.8442392 0.1557608
0.8104221 0.1895779
0.8130356 0.1869644
0.78299 0.21701
0.8221392 0.1778608
0.7595556 0.2404444
0.7379602 0.2620398
0.7762628 0.2237372
0.798252 0.201748
0.8670687 0.1329313
0.8449328 0.1550672
0.8381212 0.1618788
0.8409572 0.1590428
0.8590435 0.1409565
0.7508474 0.2491526
0.8589596 0.1410404
0.7573078 0.2426922
0.835713 0.164287
0.8617539 0.1382461
0.8696737 0.1303263
0.7921965 0.2078035
0.7841295 0.2158705
0.7310528 0.2689472
0.8113316 0.1886684
0.8461778 0.1538222
0.8634113 0.1365887
0.7106512 0.2893488
0.8444706 0.1555294
0.8427606 0.1572394
0.8272808 0.1727192
0.8336773 0.1663227
0.8204371 0.1795629
0.7634967 0.2365033
0.8337305 0.1662695
0.8409378 0.1590622
0.8092213 0.1907787
0.8297587 0.1702413
0.7797854 0.2202146
0.8015444 0.1984556
0.783363 0.216637
0.783211 0.216789
0.7911463 0.2088537
0.7434376 0.2565624
0.7688274 0.2311726
0.7721543 0.2278457
0.8299725 0.1700275
0.7867183 0.2132817
0.7522533 0.2477467
0.8533216 0.1466784
0.8644199 0.1355801
0.790632 0.209368
0.8546513 0.1453487
0.7541606 0.2458394
0.8205767 0.1794233
0.8722144 0.1277856
0.7941798 0.2058202
0.8270504 0.1729496
0.8357868 0.1642132
0.7450975 0.2549025
0.7860947 0.2139053
0.748424 0.251576
0.8396865 0.1603135
0.8337391 0.1662609
0.7835191 0.2164809
0.7446864 0.2553136
0.7702787 0.2297213
0.7742904 0.2257096
0.8316783 0.1683217
0.8157254 0.1842746
0.7910138 0.2089862
0.7959238 0.2040762
0.7581109 0.2418891
0.8713225 0.1286775
0.8305758 0.1694242
0.8003063 0.1996937
0.7543102 0.2456898
0.8258148 0.1741852
0.8143009 0.1856991
0.8166313 0.1833687
0.8344695 0.1655305
0.8122494 0.1877506
0.7534663 0.2465337
0.8109655 0.1890345
0.8316543 0.1683457
0.848778 0.151222
0.8486678 0.1513322
0.8431089 0.1568911
0.7494589 0.2505411
0.849635 0.150365
0.8529074 0.1470926
0.8935772 0.1064228
0.8004591 0.1995409
0.7939962 0.2060038
0.8139458 0.1860542
0.848951 0.151049
0.8576567 0.1423433
0.8040339 0.1959661
0.8092116 0.1907884
0.8513266 0.1486734
0.8665868 0.1334132
0.8227054 0.1772946
0.8565217 0.1434783
0.8179422 0.1820578
0.7882904 0.2117096
0.7912392 0.2087608
0.7451383 0.2548617
0.7991596 0.2008404
0.8595815 0.1404185
0.7602149 0.2397851
0.8224359 0.1775641
0.8814841 0.1185159
0.7662462 0.2337538
0.803816 0.196184
0.8484306 0.1515694
0.8281846 0.1718154
0.8594412 0.1405588
0.7389832 0.2610168
0.865293 0.134707
0.8176997 0.1823003
0.7390189 0.2609811
0.8085939 0.1914061
0.8252762 0.1747238
0.8947489 0.1052511
0.8178576 0.1821424
0.7895198 0.2104802
0.861512 0.138488
0.8265952 0.1734048
0.7810555 0.2189445
0.7845332 0.2154668
0.8769469 0.1230531
0.7875458 0.2124542
0.7704009 0.2295991
0.8325025 0.1674975
0.8373139 0.1626861
0.748722 0.251278
0.8221038 0.1778962
0.8633245 0.1366755
0.8273926 0.1726074
0.8435093 0.1564907
0.8026872 0.1973128
0.823115 0.176885
0.8924164 0.1075836
0.8109825 0.1890175
0.7754841 0.2245159
0.87533 0.12467
0.8876954 0.1123046
0.8083646 0.1916354
0.8753054 0.1246946
0.8287371 0.1712629
0.7824829 0.2175171
0.8108791 0.1891209
0.7598293 0.2401707
0.8002949 0.1997051
0.8021569 0.1978431
0.8368705 0.1631295
0.8479389 0.1520611
0.7369305 0.2630695
0.8399489 0.1600511
0.7399689 0.2600311
0.7954309 0.2045691
0.8149448 0.1850552
0.7900815 0.2099185
0.7740162 0.2259838
0.7895131 0.2104869
0.8392405 0.1607595
0.7501645 0.2498355
0.7900863 0.2099137
0.8810328 0.1189672
0.8078374 0.1921626
0.8411252 0.1588748
0.7937201 0.2062799
0.8638411 0.1361589
0.8317065 0.1682935
0.8189459 0.1810541
0.8441264 0.1558736
0.7677732 0.2322268
0.905128 0.09487201
0.7550266 0.2449734
0.831162 0.168838
0.8047071 0.1952929
0.7767962 0.2232038
0.8241707 0.1758293
0.7905508 0.2094492
0.7753722 0.2246278
0.8740244 0.1259756
0.7436497 0.2563503
0.7754249 0.2245751
0.7741513 0.2258487
0.8170256 0.1829744
0.8066205 0.1933795
0.8059441 0.1940559
0.8221637 0.1778363
0.7747419 0.2252581
0.8561576 0.1438424
0.7901814 0.2098186
0.7718135 0.2281865
0.7828009 0.2171991
0.8493943 0.1506057
0.837494 0.162506
0.8474254 0.1525746
0.7966497 0.2033503
0.8183962 0.1816038
0.8452954 0.1547046
0.7470109 0.2529891
0.836241 0.163759
0.8191937 0.1808063
0.8340943 0.1659057
0.8229699 0.1770301
0.8760522 0.1239478
0.8544158 0.1455842
0.8332557 0.1667443
0.8506877 0.1493123
0.8291315 0.1708685
0.7422876 0.2577124
0.8294787 0.1705213
0.7598367 0.2401633
0.801304 0.198696
0.8125387 0.1874613
0.838727 0.161273
0.8270524 0.1729476
0.8371019 0.1628981
0.7470311 0.2529689
0.812136 0.187864
0.8101188 0.1898812
0.7844191 0.2155809
0.8316495 0.1683505
0.7820119 0.2179881
0.8117924 0.1882076
0.8798245 0.1201755
0.7469235 0.2530765
0.7241767 0.2758233
0.8356016 0.1643984
0.8283292 0.1716708
0.7994772 0.2005228
0.8282689 0.1717311
0.7921348 0.2078652
0.8520974 0.1479026
0.8136775 0.1863225
0.8353888 0.1646112
0.7979694 0.2020306
0.8347113 0.1652887
0.7613415 0.2386585
0.8001184 0.1998816
0.8548492 0.1451508
0.8302708 0.1697292
0.8070907 0.1929093
0.7892704 0.2107296
0.7904448 0.2095552
0.8716064 0.1283936
0.7857003 0.2142997
0.850072 0.149928
0.8782664 0.1217336
0.8201324 0.1798676
0.8343403 0.1656597
0.8373092 0.1626908
0.7748714 0.2251286
0.7596062 0.2403938
0.7825691 0.2174309
0.8154318 0.1845682
0.7717387 0.2282613
0.8258491 0.1741509
0.7719296 0.2280704
0.7739802 0.2260198
0.8590521 0.1409479
0.8074089 0.1925911
0.8257693 0.1742307
0.7921396 0.2078604
0.7573209 0.2426791
0.817825 0.182175
0.7800698 0.2199302
0.7436549 0.2563451
0.8483066 0.1516934
0.7666594 0.2333406
0.7642723 0.2357277
0.8747785 0.1252215
0.7881435 0.2118565
0.8669165 0.1330835
0.8405017 0.1594983
0.79216 0.20784
0.8446769 0.1553231
0.8116945 0.1883055
0.8017063 0.1982937
0.8060999 0.1939001
0.780481 0.219519
0.7791606 0.2208394
0.8302967 0.1697033
0.7947379 0.2052621
0.9047868 0.09521322
0.8742251 0.1257749
0.7930372 0.2069628
0.756411 0.243589
0.8367246 0.1632754
0.8053245 0.1946755
0.7588217 0.2411783
0.7779451 0.2220549
0.8108083 0.1891917
0.8385715 0.1614285
0.7685568 0.2314432
0.7735735 0.2264265
0.7866573 0.2133427
0.7903189 0.2096811
0.8116625 0.1883375
0.8466615 0.1533385
0.8449898 0.1550102
0.7788243 0.2211757
0.8094047 0.1905953
0.8016206 0.1983794
0.8378817 0.1621183
0.8008646 0.1991354
0.8332829 0.1667171
0.8222342 0.1777658
0.8365036 0.1634964
0.8461563 0.1538437
0.7994033 0.2005967
0.81741 0.18259
0.7940179 0.2059821
0.8173519 0.1826481
0.8194217 0.1805783
0.7972265 0.2027735
0.7916009 0.2083991
0.7991917 0.2008083
0.7792445 0.2207555
0.785491 0.214509
0.8304309 0.1695691
0.7864413 0.2135587
0.8620681 0.1379319
0.8647254 0.1352746
0.8163927 0.1836073
0.7040806 0.2959194
0.779684 0.220316
0.8391135 0.1608865
0.8233838 0.1766162
0.812455 0.187545
0.8931758 0.1068242
0.8481182 0.1518818
0.8495471 0.1504529
0.8199974 0.1800026
0.8517798 0.1482202
0.8272832 0.1727168
0.7781519 0.2218481
0.8377896 0.1622104
0.8398314 0.1601686
0.7957207 0.2042793
0.824988 0.175012
0.8136104 0.1863896
0.7854206 0.2145794
0.8815592 0.1184408
0.8338757 0.1661243
0.8564893 0.1435107
0.8107482 0.1892518
0.894167 0.105833
0.8005142 0.1994858
0.7837017 0.2162983
0.7265716 0.2734284
0.8467993 0.1532007
0.7938615 0.2061385
0.847931 0.152069
0.8105926 0.1894074
0.8494127 0.1505873
0.7633701 0.2366299
0.8084351 0.1915649
0.8037685 0.1962315
0.8369834 0.1630166
0.8125712 0.1874288
0.8164204 0.1835796
0.8598054 0.1401946
0.8040781 0.1959219
0.8191516 0.1808484
0.856882 0.143118
0.8423415 0.1576585
0.7182495 0.2817505
0.8343042 0.1656958
0.836875 0.163125
0.818544 0.181456
0.748841 0.251159
0.8270212 0.1729788
0.7664559 0.2335441
0.8490245 0.1509755
0.8058658 0.1941342
0.8210674 0.1789326
0.8268175 0.1731825
0.7489071 0.2510929
0.8233138 0.1766862
0.7965345 0.2034655
0.8407276 0.1592724
0.821732 0.178268
0.7884292 0.2115708
0.8271414 0.1728586
0.8366255 0.1633745
0.8156161 0.1843839
0.8279139 0.1720861
0.8660753 0.1339247
0.8686967 0.1313033
0.7722962 0.2277038
0.8410679 0.1589321
0.7464949 0.2535051
0.8888269 0.1111731
0.8542828 0.1457172
0.7499417 0.2500583
0.8397684 0.1602316
0.8383571 0.1616429
0.8555132 0.1444868
0.7827966 0.2172034
0.8000348 0.1999652
0.8034202 0.1965798
0.8003041 0.1996959
0.8003891 0.1996109
0.8273096 0.1726904
0.7964271 0.2035729
0.8103479 0.1896521
0.8774043 0.1225957
0.7817843 0.2182157
0.8038052 0.1961948
0.8609398 0.1390602
0.7631009 0.2368991
0.8699197 0.1300803
0.834146 0.165854
0.8283769 0.1716231
0.7752266 0.2247734
0.8185577 0.1814423
0.7845165 0.2154835
0.7872618 0.2127382
0.8452013 0.1547987
0.7378539 0.2621461
0.798878 0.201122
0.8457238 0.1542762
0.7844658 0.2155342
0.8078977 0.1921023
0.8734364 0.1265636
0.8324002 0.1675998
0.7727793 0.2272207
0.8291544 0.1708456
0.805773 0.194227
0.8323384 0.1676616
0.8328002 0.1671998
0.8372073 0.1627927
0.8264278 0.1735722
0.8439798 0.1560202
0.7368078 0.2631922
0.7924905 0.2075095
0.7570171 0.2429829
0.8389045 0.1610955
0.7814714 0.2185286
0.8261191 0.1738809
0.788993 0.211007
0.799548 0.200452
0.8849929 0.1150071
0.798801 0.201199
0.8180314 0.1819686
0.8546355 0.1453645
0.8715493 0.1284507
0.7945678 0.2054322
0.8270891 0.1729109
0.8308362 0.1691638
0.798347 0.201653
0.8294413 0.1705587
0.7822919 0.2177081
0.785096 0.214904
0.825115 0.174885
0.7405509 0.2594491
0.7854674 0.2145326
0.7631868 0.2368132
0.8639097 0.1360903
0.8559316 0.1440684
0.802214 0.197786
0.8233985 0.1766015
0.8417964 0.1582036
0.8340907 0.1659093
0.8156888 0.1843112
0.8239451 0.1760549
0.827778 0.172222
0.8192268 0.1807732
0.8426734 0.1573266
0.8661224 0.1338776
0.8450119 0.1549881
0.8682646 0.1317354
0.8562997 0.1437003
0.8148707 0.1851293
0.7809596 0.2190404
0.8575359 0.1424641
0.7878795 0.2121205
0.7976309 0.2023691
0.8109077 0.1890923
0.8202086 0.1797914
0.7491763 0.2508237
0.8070359 0.1929641
0.8072499 0.1927501
0.8303392 0.1696608
0.7946729 0.2053271
0.8320467 0.1679533
0.8657538 0.1342462
0.827481 0.172519
0.7556837 0.2443163
0.8089828 0.1910172
0.8547053 0.1452947
0.7618461 0.2381539
0.8706963 0.1293037
0.8066665 0.1933335
0.8214115 0.1785885
0.7367201 0.2632799
0.8618277 0.1381723
0.7872253 0.2127747
0.8462763 0.1537237
0.7954838 0.2045162
0.7767915 0.2232085
0.8090853 0.1909147
0.7419765 0.2580235
0.8693961 0.1306039
0.8224377 0.1775623
0.7450453 0.2549547
0.77084 0.22916
0.7421532 0.2578468
0.7994203 0.2005797
0.7977899 0.2022101
0.8517274 0.1482726
0.7949888 0.2050112
0.8732367 0.1267633
0.7814531 0.2185469
0.7881567 0.2118433
0.754809 0.245191
0.864631 0.135369
0.7958194 0.2041806
0.8244502 0.1755498
0.8306402 0.1693598
0.8165323 0.1834677
0.7894146 0.2105854
0.836768 0.163232
0.8275043 0.1724957
0.8054173 0.1945827
0.7735579 0.2264421
0.7932338 0.2067662
0.7801143 0.2198857
0.816684 0.183316
0.8248202 0.1751798
0.8184739 0.1815261
0.8267079 0.1732921
0.8411766 0.1588234
0.8037301 0.1962699
0.7945364 0.2054636
0.7344175 0.2655825
0.7804948 0.2195052
0.8222725 0.1777275
0.8779022 0.1220978
0.7998431 0.2001569
0.8403634 0.1596366
0.8124031 0.1875969
0.7689686 0.2310314
0.8203624 0.1796376
0.8169166 0.1830834
0.7332509 0.2667491
0.8531256 0.1468744
0.7974434 0.2025566
0.7839093 0.2160907
0.827741 0.172259
0.8146538 0.1853462
0.8466818 0.1533182
0.8195376 0.1804624
0.7505503 0.2494497
0.7617194 0.2382806
0.8297612 0.1702388
0.7728728 0.2271272
0.8779013 0.1220987
0.8965991 0.1034009
0.7942632 0.2057368
0.8055016 0.1944984
0.8386106 0.1613894
0.7786833 0.2213167
0.818903 0.181097
0.8346849 0.1653151
0.8568935 0.1431065
0.8171728 0.1828272
0.7924196 0.2075804
0.8361984 0.1638016
0.825854 0.174146
0.7582615 0.2417385
0.8415069 0.1584931
0.7817498 0.2182502
0.722271 0.277729
0.8554218 0.1445782
0.8396451 0.1603549
0.8057785 0.1942215
0.8205842 0.1794158
0.8203403 0.1796597
0.8003121 0.1996879
0.8795572 0.1204428
0.8747757 0.1252243
0.8669215 0.1330785
0.794935 0.205065
0.7991767 0.2008233
0.8414091 0.1585909
0.7567971 0.2432029
0.7384818 0.2615182
0.7478146 0.2521854
0.8254924 0.1745076
0.7521488 0.2478512
0.8458956 0.1541044
0.8011407 0.1988593
0.7511898 0.2488102
0.8077573 0.1922427
0.7423674 0.2576326
0.7588031 0.2411969
0.7830477 0.2169523
0.8120067 0.1879933
0.8385312 0.1614688
0.7496918 0.2503082
0.7264141 0.2735859
0.7517284 0.2482716
0.8472634 0.1527366
0.8374471 0.1625529
0.8462892 0.1537108
0.8082069 0.1917931
0.7698296 0.2301704
0.8322826 0.1677174
0.833879 0.166121
0.8452667 0.1547333
0.7940829 0.2059171
0.7571003 0.2428997
0.81069 0.18931
0.8294602 0.1705398
0.8745479 0.1254521
0.8481035 0.1518965
0.7987992 0.2012008
0.824033 0.175967
0.7936479 0.2063521
0.7844402 0.2155598
0.8152251 0.1847749
0.7985812 0.2014188
0.8176238 0.1823762
0.8675521 0.1324479
0.8535997 0.1464003
0.7487784 0.2512216
0.8289734 0.1710266
0.7457975 0.2542025
0.7826354 0.2173646
0.8286594 0.1713406
0.7596977 0.2403023
0.8795328 0.1204672
0.7902511 0.2097489
0.8023612 0.1976388
0.8601512 0.1398488
0.7681902 0.2318098
0.889028 0.110972
0.8396832 0.1603168
0.8224926 0.1775074
0.8378134 0.1621866
0.8051156 0.1948844
0.7702009 0.2297991
0.8423439 0.1576561
0.776293 0.223707
0.8141587 0.1858413
0.8030337 0.1969663
0.7600362 0.2399638
0.8150856 0.1849144
0.8124385 0.1875615
0.8818659 0.1181341
0.7851508 0.2148492
0.8129014 0.1870986
0.849426 0.150574
0.7907398 0.2092602
0.8090298 0.1909702
0.8306143 0.1693857
0.8786723 0.1213277
0.8424166 0.1575834
0.8205349 0.1794651
0.7961428 0.2038572
0.8592929 0.1407071
0.7696276 0.2303724
0.8662596 0.1337404
0.7468052 0.2531948
0.765817 0.234183
0.8245041 0.1754959
0.8003755 0.1996245
0.8432175 0.1567825
0.8655547 0.1344453
0.7566337 0.2433663
0.8301763 0.1698237
0.8422194 0.1577806
0.805139 0.194861
0.8361199 0.1638801
0.7996051 0.2003949
0.8172999 0.1827001
0.7969148 0.2030852
0.8425804 0.1574196
0.8042404 0.1957596
0.8004148 0.1995852
0.8088121 0.1911879
0.8364775 0.1635225
0.7965904 0.2034096
0.8262056 0.1737944
0.8308368 0.1691632
0.8363381 0.1636619
0.820167 0.179833
0.8273801 0.1726199
0.771558 0.228442
0.8023033 0.1976967
0.8452263 0.1547737
0.8584561 0.1415439
0.8534711 0.1465289
0.8091377 0.1908623
0.819019 0.180981
0.8207564 0.1792436
0.8102839 0.1897161
0.7884453 0.2115547
0.8494554 0.1505446
0.8408891 0.1591109
0.8388225 0.1611775
0.7088159 0.2911841
0.8410281 0.1589719
0.8604736 0.1395264
0.8351515 0.1648485
0.8656858 0.1343142
0.893395 0.106605
0.7863813 0.2136187
0.7763101 0.2236899
0.830569 0.169431
0.820535 0.179465
0.8017671 0.1982329
0.7701521 0.2298479
0.82022 0.17978
0.7846863 0.2153137
0.7759131 0.2240869
0.8122015 0.1877985
0.7723019 0.2276981
0.8132896 0.1867104
0.8362146 0.1637854
0.829633 0.170367
0.8489297 0.1510703
0.8489657 0.1510343
0.8383101 0.1616899
0.8438505 0.1561495
0.7891047 0.2108953
0.8039747 0.1960253
0.7809604 0.2190396
0.8159034 0.1840966
0.760854 0.239146
0.8136077 0.1863923
0.7635921 0.2364079
0.8123074 0.1876926
0.8234451 0.1765549
0.8258816 0.1741184
0.8549924 0.1450076
0.7948757 0.2051243
0.8099695 0.1900305
0.7839031 0.2160969
0.7315048 0.2684952
0.8212528 0.1787472
0.7711679 0.2288321
0.7737564 0.2262436
0.8006788 0.1993212
0.8100871 0.1899129
0.854913 0.145087
0.8568039 0.1431961
0.7963305 0.2036695
0.7934599 0.2065401
0.8304408 0.1695592
0.7232258 0.2767742
0.8501262 0.1498738
0.8119568 0.1880432
0.8219123 0.1780877
0.7900748 0.2099252
0.7680814 0.2319186
0.7782936 0.2217064
0.8500615 0.1499385
0.8177251 0.1822749
0.8089773 0.1910227
0.811778 0.188222
0.8363515 0.1636485
0.804522 0.195478
0.8239308 0.1760692
0.8448032 0.1551968
0.7879789 0.2120211
0.8088792 0.1911208
0.8125982 0.1874018
0.8292754 0.1707246
0.8672647 0.1327353
0.7998782 0.2001218
0.7574459 0.2425541
0.7180633 0.2819367
0.8074872 0.1925128
0.8340998 0.1659002
0.8221846 0.1778154
0.7953332 0.2046668
0.8904804 0.1095196
0.8111677 0.1888323
0.8652598 0.1347402
0.7971774 0.2028226
0.7680904 0.2319096
0.8365044 0.1634956
0.913585 0.08641501
0.8102999 0.1897001
0.8337425 0.1662575
0.8389345 0.1610655
0.8001485 0.1998515
0.8396094 0.1603906
0.9005631 0.09943693
0.7684038 0.2315962
0.7891207 0.2108793
0.8243588 0.1756412
0.8001966 0.1998034
0.8341056 0.1658944
0.8063374 0.1936626
0.794481 0.205519
0.7517836 0.2482164
0.8064935 0.1935065
0.7915666 0.2084334
0.8244499 0.1755501
0.8757028 0.1242972
0.8082009 0.1917991
0.8829363 0.1170637
0.8385672 0.1614328
0.8491165 0.1508835
0.8011854 0.1988146
0.8208111 0.1791889
0.8618417 0.1381583
0.7944348 0.2055652
0.7808137 0.2191863
0.8116487 0.1883513
0.8590262 0.1409738
0.7934698 0.2065302
0.816911 0.183089
0.7977555 0.2022445
0.7478702 0.2521298
0.7748813 0.2251187
0.8494193 0.1505807
0.8574048 0.1425952
0.8364783 0.1635217
0.8616353 0.1383647
0.7630051 0.2369949
0.8113874 0.1886126
0.8256324 0.1743676
0.8221059 0.1778941
0.8174587 0.1825413
0.8240704 0.1759296
0.8399345 0.1600655
0.8313768 0.1686232
0.8123245 0.1876755
0.8480972 0.1519028
0.8370344 0.1629656
0.7795446 0.2204554
0.8768306 0.1231694
0.8388817 0.1611183
0.8253506 0.1746494
0.8211095 0.1788905
0.8500443 0.1499557
0.7809469 0.2190531
0.7342182 0.2657818
0.7425571 0.2574429
0.8819764 0.1180236
0.7251695 0.2748305
0.8057017 0.1942983
0.8523627 0.1476373
0.8349253 0.1650747
0.8101023 0.1898977
0.8034504 0.1965496
0.836443 0.163557
0.820579 0.179421
0.8099471 0.1900529
0.7996062 0.2003938
0.8046819 0.1953181
0.7381023 0.2618977
0.8049349 0.1950651
0.8466958 0.1533042
0.8361862 0.1638138
0.8122319 0.1877681
0.8193073 0.1806927
0.8306795 0.1693205
0.8587485 0.1412515
0.8728672 0.1271328
0.8084382 0.1915618
0.8895946 0.1104054
0.8597878 0.1402122
0.8112835 0.1887165
0.8019686 0.1980314
0.7760859 0.2239141
0.7883209 0.2116791
0.7430569 0.2569431
0.7954767 0.2045233
0.8122578 0.1877422
0.7462182 0.2537818
0.7560288 0.2439712
0.8127758 0.1872242
0.8304274 0.1695726
0.7808036 0.2191964
0.8408272 0.1591728
0.7665532 0.2334468
0.816666 0.183334
0.7803435 0.2196565
0.8848671 0.1151329
0.8002344 0.1997656
0.7891809 0.2108191
0.8285565 0.1714435
0.8349899 0.1650101
0.8154074 0.1845926
0.8108402 0.1891598
0.8734105 0.1265895
0.8427027 0.1572973
0.8187278 0.1812722
0.8755199 0.1244801
0.8161194 0.1838806
0.843006 0.156994
0.8150041 0.1849959
0.8345935 0.1654065
0.8904994 0.1095006
0.8221289 0.1778711
0.7766443 0.2233557
0.7641477 0.2358523
0.8262117 0.1737883
0.860747 0.139253
0.753029 0.246971
0.8213852 0.1786148
0.8634646 0.1365354
0.819215 0.180785
0.8322929 0.1677071
0.8738939 0.1261061
0.8070423 0.1929577
0.7793134 0.2206866
0.7648711 0.2351289
0.8592314 0.1407686
0.8613931 0.1386069
0.843569 0.156431
0.7911959 0.2088041
0.8266606 0.1733394
0.821924 0.178076
0.8131361 0.1868639
0.7861402 0.2138598
0.8311726 0.1688274
0.8286273 0.1713727
0.8149116 0.1850884
0.7721999 0.2278001
0.8024554 0.1975446
0.8143419 0.1856581
0.8201807 0.1798193
0.724826 0.275174
0.7973969 0.2026031
0.8102894 0.1897106
0.7395308 0.2604692
0.8271054 0.1728946
0.8099956 0.1900044
0.7563466 0.2436534
0.8607243 0.1392757
0.7773145 0.2226855
0.8577468 0.1422532
0.8344111 0.1655889
0.8135556 0.1864444
0.9008356 0.09916436
0.7788618 0.2211382
0.7410914 0.2589086
0.8634365 0.1365635
0.7810378 0.2189622
0.806519 0.193481
0.8443073 0.1556927
0.757111 0.242889
0.8496282 0.1503718
0.8276809 0.1723191
0.8078803 0.1921197
0.8144107 0.1855893
0.7870642 0.2129358
0.8501806 0.1498194
0.8269527 0.1730473
0.8287077 0.1712923
0.8605051 0.1394949
0.80742 0.19258
0.8096407 0.1903593
0.7821983 0.2178017
0.804188 0.195812
0.818124 0.181876
0.7833694 0.2166306
0.8617646 0.1382354
0.8390239 0.1609761
0.8203375 0.1796625
0.7619006 0.2380994
0.8449715 0.1550285
0.763012 0.236988
0.8194091 0.1805909
0.7811941 0.2188059
0.8362724 0.1637276
0.8621632 0.1378368
0.7782091 0.2217909
0.8017137 0.1982863
0.8111638 0.1888362
0.7696514 0.2303486
0.72641 0.27359
0.8681844 0.1318156
0.8404136 0.1595864
0.8091137 0.1908863
0.786974 0.213026
0.8515908 0.1484092
0.7945432 0.2054568
0.7796325 0.2203675
0.8404072 0.1595928
0.8171748 0.1828252
0.8386207 0.1613793
0.7939225 0.2060775
0.7877127 0.2122873
0.7859176 0.2140824
0.8086712 0.1913288
0.8295833 0.1704167
0.838433 0.161567
0.7629176 0.2370824
0.8307379 0.1692621
0.8505555 0.1494445
0.7575798 0.2424202
0.7813394 0.2186606
0.8211035 0.1788965
0.8184146 0.1815854
0.8282094 0.1717906
0.773752 0.226248
0.8618225 0.1381775
0.8400733 0.1599267
0.8143371 0.1856629
0.8877224 0.1122776
0.8102549 0.1897451
0.8305604 0.1694396
0.8685987 0.1314013
0.7886138 0.2113862
0.7855372 0.2144628
0.8293776 0.1706224
0.7682866 0.2317134
0.8235244 0.1764756
0.798371 0.201629
0.8806343 0.1193657
0.8023214 0.1976786
0.7797893 0.2202107
0.9243733 0.07562672
0.8459742 0.1540258
0.7791104 0.2208896
0.8666953 0.1333047
0.8280165 0.1719835
0.8738808 0.1261192
0.8172475 0.1827525
0.8563503 0.1436497
0.7906647 0.2093353
0.8149458 0.1850542
0.8774958 0.1225042
0.8137324 0.1862676
0.8761365 0.1238635
0.7918148 0.2081852
0.8500929 0.1499071
0.735995 0.264005
0.7833726 0.2166274
0.7744289 0.2255711
0.8124269 0.1875731
0.81753 0.18247
0.7909087 0.2090913
0.8808985 0.1191015
0.8401873 0.1598127
0.7950571 0.2049429
0.8286772 0.1713228
0.8005491 0.1994509
0.8350289 0.1649711
0.7305288 0.2694712
0.8053968 0.1946032
0.7534254 0.2465746
0.8568465 0.1431535
0.8306426 0.1693574
0.8807753 0.1192247
0.8237252 0.1762748
0.8886283 0.1113717
0.8133514 0.1866486
0.7826488 0.2173512
0.8288254 0.1711746
0.7691266 0.2308734
0.7859039 0.2140961
0.8046936 0.1953064
0.8245891 0.1754109
0.8126842 0.1873158
0.756543 0.243457
0.8218289 0.1781711
0.8514482 0.1485518
0.8721116 0.1278884
0.8837079 0.1162921
0.7670401 0.2329599
0.8052546 0.1947454
0.7889432 0.2110568
0.7954501 0.2045499
0.7794165 0.2205835
0.7944072 0.2055928
0.76847 0.23153
0.8053165 0.1946835
0.7745557 0.2254443
0.8161784 0.1838216
0.8066696 0.1933304
0.820067 0.179933
0.8324882 0.1675118
0.7707139 0.2292861
0.8257122 0.1742878
0.8525094 0.1474906
0.7741356 0.2258644
0.8419792 0.1580208
0.8031993 0.1968007
0.8179235 0.1820765
0.841877 0.158123
0.8035277 0.1964723
0.7945844 0.2054156
0.8241464 0.1758536
0.8565882 0.1434118
0.863412 0.136588
0.8565822 0.1434178
0.7963061 0.2036939
0.8327152 0.1672848
0.7702405 0.2297595
0.7785144 0.2214856
0.7593384 0.2406616
0.824239 0.175761
0.77794 0.22206
0.8231284 0.1768716
0.7507566 0.2492434
0.7953648 0.2046352
0.8354119 0.1645881
0.8188369 0.1811631
0.7958309 0.2041691
0.8434511 0.1565489
0.7492679 0.2507321
0.7940929 0.2059071
0.8283023 0.1716977
0.7656138 0.2343862
0.7890953 0.2109047
0.8044153 0.1955847
0.7897068 0.2102932
0.8003644 0.1996356
0.791186 0.208814
0.7819793 0.2180207
0.8664255 0.1335745
0.8168029 0.1831971
0.7548272 0.2451728
0.8246814 0.1753186
0.8510937 0.1489063
0.8161802 0.1838198
0.7743135 0.2256865
0.859401 0.140599
0.8411553 0.1588447
0.7946113 0.2053887
0.7761057 0.2238943
0.7798065 0.2201935
0.8114378 0.1885622
0.7695193 0.2304807
0.8317368 0.1682632
0.8261195 0.1738805
0.8509308 0.1490692
0.8575765 0.1424235
0.8226864 0.1773136
0.8301704 0.1698296
0.8075317 0.1924683
0.7729875 0.2270125
0.8073408 0.1926592
0.7676204 0.2323796
0.8445213 0.1554787
0.7496922 0.2503078
0.8691383 0.1308617
0.8318617 0.1681383
0.8065065 0.1934935
0.814631 0.185369
0.8080359 0.1919641
0.8144693 0.1855307
0.8422282 0.1577718
0.8142098 0.1857902
0.7738699 0.2261301
0.7902737 0.2097263
0.7951658 0.2048342
0.8380345 0.1619655
0.7738957 0.2261043
0.7496542 0.2503458
0.8613519 0.1386481
0.8748177 0.1251823
0.8526642 0.1473358
0.7298555 0.2701445
0.8133982 0.1866018
0.8214919 0.1785081
0.8474128 0.1525872
0.809693 0.190307
0.797617 0.202383
0.801915 0.198085
0.8527034 0.1472966
0.7423911 0.2576089
0.8045083 0.1954917
0.7550733 0.2449267
0.7306747 0.2693253
0.8266941 0.1733059
0.8687646 0.1312354
0.7953351 0.2046649
0.8181183 0.1818817
0.8536769 0.1463231
0.7798149 0.2201851
0.7859176 0.2140824
0.8260686 0.1739314
0.8147303 0.1852697
0.7618985 0.2381015
0.7723851 0.2276149
0.7853826 0.2146174
0.7767461 0.2232539
0.7739881 0.2260119
0.8260946 0.1739054
0.8135094 0.1864906
0.7762507 0.2237493
0.8262266 0.1737734
0.8535897 0.1464103
0.8352864 0.1647136
0.8627507 0.1372493
0.8237939 0.1762061
0.8153739 0.1846261
0.8380297 0.1619703
0.8856586 0.1143414
0.8273437 0.1726563
0.8695489 0.1304511
0.8835126 0.1164874
0.8026386 0.1973614
0.8831365 0.1168635
0.8510176 0.1489824
0.8362548 0.1637452
0.8401078 0.1598922
0.8240529 0.1759471
0.810873 0.189127
0.7811406 0.2188594
0.8366044 0.1633956
0.8020778 0.1979222
0.8326618 0.1673382
0.8112046 0.1887954
0.760917 0.239083
0.7888873 0.2111127
0.8399197 0.1600803
0.817588 0.182412
0.7837279 0.2162721
0.8317832 0.1682168
0.7542522 0.2457478
0.8337507 0.1662493
0.8082803 0.1917197
0.8662148 0.1337852
0.7659473 0.2340527
0.8261325 0.1738675
0.837585 0.162415
0.8032934 0.1967066
0.7809578 0.2190422
0.8199731 0.1800269
0.8413207 0.1586793
0.7890308 0.2109692
0.78973 0.21027
0.7610728 0.2389272
0.8437262 0.1562738
0.805399 0.194601
0.8693097 0.1306903
0.7541128 0.2458872
0.7954474 0.2045526
0.841065 0.158935
0.8365828 0.1634172
0.8381946 0.1618054
0.8106636 0.1893364
0.8532978 0.1467022
0.723271 0.276729
0.8219834 0.1780166
0.7929345 0.2070655
0.7973725 0.2026275
0.8297343 0.1702657
0.7789798 0.2210202
0.8788192 0.1211808
0.8644363 0.1355637
0.8478289 0.1521711
0.7978674 0.2021326
0.7673573 0.2326427
0.7975413 0.2024587
0.8317679 0.1682321
0.8131937 0.1868063
0.7657249 0.2342751
0.7860828 0.2139172
0.8855247 0.1144753
0.8324876 0.1675124
0.7621317 0.2378683
0.7903565 0.2096435
0.8329319 0.1670681
0.8037167 0.1962833
0.8506657 0.1493343
0.8274455 0.1725545
0.8022926 0.1977074
0.843544 0.156456
0.8316858 0.1683142
0.8039648 0.1960352
0.8144952 0.1855048
0.8209023 0.1790977
0.8806362 0.1193638
0.7490337 0.2509663
0.8223979 0.1776021
0.8614484 0.1385516
0.8262802 0.1737198
0.8248086 0.1751914
0.8062741 0.1937259
0.8129186 0.1870814
0.7593143 0.2406857
0.8301097 0.1698903
0.8164487 0.1835513
0.819521 0.180479
0.7808079 0.2191921
0.8498449 0.1501551
0.7545174 0.2454826
0.8438413 0.1561587
0.831039 0.168961
0.8235516 0.1764484
0.7979788 0.2020212
0.8062365 0.1937635
0.8004941 0.1995059
0.8225283 0.1774717
0.812756 0.187244
0.8018237 0.1981763
0.7762743 0.2237257
0.771289 0.228711
0.7853036 0.2146964
0.8569226 0.1430774
0.8143616 0.1856384
0.8021818 0.1978182
0.7794186 0.2205814
0.8153336 0.1846664
0.8151059 0.1848941
0.8630659 0.1369341
0.8611829 0.1388171
0.7855266 0.2144734
0.8556477 0.1443523
0.8353212 0.1646788
0.7998025 0.2001975
0.844849 0.155151
0.8134023 0.1865977
0.8267666 0.1732334
0.818308 0.181692
0.7367198 0.2632802
0.8486661 0.1513339
0.8270706 0.1729294
0.8811125 0.1188875
0.8283778 0.1716222
0.8369191 0.1630809
0.8195994 0.1804006
0.833121 0.166879
0.8516792 0.1483208
0.8088424 0.1911576
0.8173654 0.1826346
0.8621091 0.1378909
0.7428187 0.2571813
0.7920954 0.2079046
0.7548307 0.2451693
0.7796313 0.2203687
0.8404828 0.1595172
0.7543972 0.2456028
0.8432933 0.1567067
0.7846362 0.2153638
0.7605426 0.2394574
0.7819705 0.2180295
0.7814033 0.2185967
0.8344919 0.1655081
0.8893729 0.1106271
0.8465008 0.1534992
0.8060805 0.1939195
0.8313174 0.1686826
0.830122 0.169878
0.888088 0.111912
0.8025013 0.1974987
0.8647428 0.1352572
0.8616308 0.1383692
0.8622561 0.1377439
0.8139389 0.1860611
0.7882675 0.2117325
0.871657 0.128343
0.8289055 0.1710945
0.8599153 0.1400847
0.8916256 0.1083744
0.8344207 0.1655793
0.7951638 0.2048362
0.8423758 0.1576242
0.8408189 0.1591811
0.8190972 0.1809028
0.8236461 0.1763539
0.8973617 0.1026383
0.7196669 0.2803331
0.847254 0.152746
0.8134738 0.1865262
0.7937383 0.2062617
0.7379988 0.2620012
0.790636 0.209364
0.8108692 0.1891308
0.7479866 0.2520134
0.7971532 0.2028468
0.8590993 0.1409007
0.8066813 0.1933187
0.8218861 0.1781139
0.7289333 0.2710667
0.8429503 0.1570497
0.7723863 0.2276137
0.8485031 0.1514969
0.8000517 0.1999483
0.845646 0.154354
0.7355331 0.2644669
0.8168229 0.1831771
0.8209242 0.1790758
0.8302305 0.1697695
0.870457 0.129543
0.8561913 0.1438087
0.8029459 0.1970541
0.7995533 0.2004467
0.8729019 0.1270981
0.8626762 0.1373238
0.834323 0.165677
0.7685528 0.2314472
0.7613074 0.2386926
0.8511489 0.1488511
0.7888281 0.2111719
0.8517488 0.1482512
0.8540232 0.1459768
0.8597031 0.1402969
0.869254 0.130746
0.8653285 0.1346715
0.8078837 0.1921163
0.8663835 0.1336165
0.8143574 0.1856426
0.7914941 0.2085059
0.7656709 0.2343291
0.8195549 0.1804451
0.7498933 0.2501067
0.8641926 0.1358074
0.8151482 0.1848518
0.8734687 0.1265313
0.8332426 0.1667574
0.8412433 0.1587567
0.8685622 0.1314378
0.7979947 0.2020053
0.8243125 0.1756875
0.7929927 0.2070073
0.814597 0.185403
0.8199688 0.1800312
0.8538152 0.1461848
0.8489312 0.1510688
0.8202633 0.1797367
0.8019585 0.1980415
0.828106 0.171894
0.8011087 0.1988913
0.8732251 0.1267749
0.8303494 0.1696506
0.7941028 0.2058972
0.8436011 0.1563989
0.7997634 0.2002366
0.8437341 0.1562659
0.7602942 0.2397058
0.8228322 0.1771678
0.8113079 0.1886921
0.8133291 0.1866709
0.7776116 0.2223884
0.7782119 0.2217881
0.7494016 0.2505984
0.8690605 0.1309395
0.8028536 0.1971464
0.7685646 0.2314354
0.8311982 0.1688018
0.8118427 0.1881573
0.7695518 0.2304482
0.7912359 0.2087641
0.7894467 0.2105533
0.7867943 0.2132057
0.7907722 0.2092278
0.8470611 0.1529389
0.8276922 0.1723078
0.8832407 0.1167593
0.8604879 0.1395121
0.8091145 0.1908855
0.8368919 0.1631081
0.8650722 0.1349278
0.8515258 0.1484742
0.7699709 0.2300291
0.8460575 0.1539425
0.8190808 0.1809192
0.7978566 0.2021434
0.8636597 0.1363403
0.8299816 0.1700184
0.7434771 0.2565229
0.8085246 0.1914754
0.7858441 0.2141559
0.8081985 0.1918015
0.7781471 0.2218529
0.7794298 0.2205702
0.7853047 0.2146953
0.7045377 0.2954623
0.8779932 0.1220068
0.8702825 0.1297175
0.844404 0.155596
0.8000051 0.1999949
0.8694523 0.1305477
0.7992389 0.2007611
0.8490728 0.1509272
0.833852 0.166148
0.8120456 0.1879544
0.8069139 0.1930861
0.7536221 0.2463779
0.8120018 0.1879982
0.8689964 0.1310036
0.8460613 0.1539387
0.7694077 0.2305923
0.7383618 0.2616382
0.7824114 0.2175886
0.8177164 0.1822836
0.8423215 0.1576785
0.8622139 0.1377861
0.8518918 0.1481082
0.8077099 0.1922901
0.7637937 0.2362063
0.8555913 0.1444087
0.860783 0.139217
0.7648216 0.2351784
0.7809384 0.2190616
0.8092303 0.1907697
0.8343683 0.1656317
0.8498593 0.1501407
0.8660087 0.1339913
0.7743626 0.2256374
0.8759059 0.1240941
0.8512652 0.1487348
0.8928219 0.1071781
0.721842 0.278158
0.8582297 0.1417703
0.8328555 0.1671445
0.8115784 0.1884216
0.8925946 0.1074054
0.7988075 0.2011925
0.7581628 0.2418372
0.8355746 0.1644254
0.7478172 0.2521828
0.8587058 0.1412942
0.828706 0.171294
0.7727258 0.2272742
0.7608607 0.2391393
0.848786 0.151214
0.7836345 0.2163655
0.7475233 0.2524767
0.7952547 0.2047453
0.8240045 0.1759955
0.8466143 0.1533857
0.8393094 0.1606906
0.745871 0.254129
0.8262896 0.1737104
0.9046777 0.09532235
0.8638673 0.1361327
0.7564304 0.2435696
0.6942574 0.3057426
0.7953881 0.2046119
0.7748212 0.2251788
0.8923568 0.1076432
0.8033551 0.1966449
0.8761817 0.1238183
0.7941665 0.2058335
0.8423942 0.1576058
0.7649931 0.2350069
0.804104 0.195896
0.7861184 0.2138816
0.8685351 0.1314649
0.8054544 0.1945456
0.7817339 0.2182661
0.7458292 0.2541708
0.789284 0.210716
0.7785342 0.2214658
0.7495248 0.2504752
0.8414439 0.1585561
0.7722261 0.2277739
0.8405387 0.1594613
0.8619437 0.1380563
0.8250751 0.1749249
0.8000172 0.1999828
0.8205624 0.1794376
0.8302547 0.1697453
0.834796 0.165204
0.7902225 0.2097775
0.8447016 0.1552984
0.801239 0.198761
0.8122418 0.1877582
0.7659269 0.2340731
0.7986179 0.2013821
0.7785574 0.2214426
0.83656 0.16344
0.8076911 0.1923089
0.8651517 0.1348483
0.8431279 0.1568721
0.7917512 0.2082488
0.8329626 0.1670374
0.7611684 0.2388316
0.8134488 0.1865512
0.7587775 0.2412225
0.8198547 0.1801453
0.8302071 0.1697929
0.745964 0.254036
0.8041525 0.1958475
0.8515649 0.1484351
0.8445642 0.1554358
0.8119137 0.1880863
0.8033165 0.1966835
0.8528663 0.1471337
0.7824836 0.2175164
0.7684336 0.2315664
0.8121132 0.1878868
0.8824017 0.1175983
0.859294 0.140706
0.8393807 0.1606193
0.8340417 0.1659583
0.7594728 0.2405272
0.7733432 0.2266568
0.8484836 0.1515164
0.8555996 0.1444004
0.8400855 0.1599145
0.8575112 0.1424888
0.7945257 0.2054743
0.7847818 0.2152182
0.887621 0.112379
0.8311297 0.1688703
0.7319953 0.2680047
0.8165431 0.1834569
0.7835745 0.2164255
0.8633458 0.1366542
0.8019077 0.1980923
0.7951384 0.2048616
0.7821655 0.2178345
0.7800822 0.2199178
0.7664584 0.2335416
0.8515545 0.1484455
0.8836098 0.1163902
0.8278469 0.1721531
0.7641886 0.2358114
0.8868994 0.1131006
0.77756 0.22244
0.7874436 0.2125564
0.8259453 0.1740547
0.8265921 0.1734079
0.8602525 0.1397475
0.7882215 0.2117785
0.7972069 0.2027931
0.8789068 0.1210932
0.7664964 0.2335036
0.7645566 0.2354434
0.8683037 0.1316963
0.8276121 0.1723879
0.7209787 0.2790213
0.7937932 0.2062068
0.8406513 0.1593487
0.7754949 0.2245051
0.8211541 0.1788459
0.840868 0.159132
0.8348082 0.1651918
0.8610145 0.1389855
0.7668459 0.2331541
0.7942959 0.2057041
0.8116849 0.1883151
0.848555 0.151445
0.8489671 0.1510329
0.7704366 0.2295634
0.8110127 0.1889873
0.8037488 0.1962512
0.8723937 0.1276063
0.8510513 0.1489487
0.7941773 0.2058227
0.7865868 0.2134132
0.7989465 0.2010535
0.8164102 0.1835898
0.8680773 0.1319227
0.824273 0.175727
0.8628271 0.1371729
0.8006812 0.1993188
0.7536798 0.2463202
0.8432168 0.1567832
0.8045042 0.1954958
0.8164895 0.1835105
0.8538795 0.1461205
0.8128906 0.1871094
0.7823254 0.2176746
0.7883216 0.2116784
0.7504672 0.2495328
0.7251416 0.2748584
0.8620544 0.1379456
0.8202131 0.1797869
0.7397644 0.2602356
0.8260905 0.1739095
0.8114521 0.1885479
0.867295 0.132705
0.8602918 0.1397082
0.8057295 0.1942705
0.7847136 0.2152864
0.7938653 0.2061347
0.7764497 0.2235503
0.8039294 0.1960706
0.7956617 0.2043383
0.8348754 0.1651246
0.8042382 0.1957618
0.8808082 0.1191918
0.8418627 0.1581373
0.825198 0.174802
0.8045271 0.1954729
0.8120738 0.1879262
0.7742733 0.2257267
0.8319851 0.1680149
0.8164156 0.1835844
0.7534218 0.2465782
0.7998191 0.2001809
0.8461325 0.1538675
0.8688789 0.1311211
0.8562728 0.1437272
0.8693892 0.1306108
0.8235937 0.1764063
0.7991304 0.2008696
0.7903125 0.2096875
0.8180243 0.1819757
0.8107899 0.1892101
0.8443246 0.1556754
0.8073864 0.1926136
0.8277507 0.1722493
0.8167463 0.1832537
0.8392229 0.1607771
0.8167545 0.1832455
0.8293705 0.1706295
0.8481385 0.1518615
0.8284135 0.1715865
0.8029422 0.1970578
0.7370184 0.2629816
0.8439824 0.1560176
0.8441883 0.1558117
0.7228619 0.2771381
0.8725526 0.1274474
0.8708752 0.1291248
0.8311023 0.1688977
0.8212163 0.1787837
0.8207801 0.1792199
0.7632034 0.2367966
0.7919998 0.2080002
0.7860697 0.2139303
0.8448427 0.1551573
0.7754693 0.2245307
0.8606898 0.1393102
0.8520717 0.1479283
0.7570373 0.2429627
0.8068504 0.1931496
0.8328424 0.1671576
0.8149259 0.1850741
0.759034 0.240966
0.829312 0.170688
0.8006716 0.1993284
0.7972839 0.2027161
0.8535098 0.1464902
0.7790291 0.2209709
0.7364789 0.2635211
0.775425 0.224575
0.8703747 0.1296253
0.7674723 0.2325277
0.8368382 0.1631618
0.8185206 0.1814794
0.77285 0.22715
0.7865151 0.2134849
0.8116902 0.1883098
0.7824914 0.2175086
0.738212 0.261788
0.7923378 0.2076622
0.8415057 0.1584943
0.8386296 0.1613704
0.7650891 0.2349109
0.8646763 0.1353237
0.8217877 0.1782123
0.8029717 0.1970283
0.8209351 0.1790649
0.84808 0.15192
0.8120913 0.1879087
0.7974261 0.2025739
0.7415885 0.2584115
0.7941092 0.2058908
0.7642622 0.2357378
0.8355299 0.1644701
0.7725452 0.2274548
0.7948757 0.2051243
0.7878318 0.2121682
0.7732658 0.2267342
0.8298695 0.1701305
0.7247688 0.2752312
0.7410327 0.2589673
0.8433107 0.1566893
0.8174663 0.1825337
0.7970708 0.2029292
0.7600444 0.2399556
0.8187332 0.1812668
0.7521124 0.2478876
0.8532227 0.1467773
0.7773564 0.2226436
0.7807405 0.2192595
0.8072781 0.1927219
0.7622339 0.2377661
0.8335927 0.1664073
0.8535677 0.1464323
0.7886138 0.2113862
0.7724942 0.2275058
0.8209747 0.1790253
0.8262448 0.1737552
0.8029049 0.1970951
0.7908841 0.2091159
0.8276261 0.1723739
0.8228084 0.1771916
0.8507206 0.1492794
0.8549201 0.1450799
0.7408364 0.2591636
0.8399777 0.1600223
0.8286688 0.1713312
0.8178214 0.1821786
0.8738447 0.1261553
0.8495906 0.1504094
0.8144041 0.1855959
0.7777284 0.2222716
0.7988786 0.2011214
0.8665507 0.1334493
0.7859972 0.2140028
0.8864216 0.1135784
0.7583102 0.2416898
0.859173 0.140827
0.8042778 0.1957222
0.8022142 0.1977858
0.8093393 0.1906607
0.8177403 0.1822597
0.8367507 0.1632493
0.787088 0.212912
0.8039906 0.1960094
0.8312129 0.1687871
0.8274377 0.1725623
0.865451 0.134549
0.8259209 0.1740791
0.7825131 0.2174869
0.80294 0.19706
0.797563 0.202437
0.7986231 0.2013769
0.8105938 0.1894062
0.8069101 0.1930899
0.8640426 0.1359574
0.8196491 0.1803509
0.8609557 0.1390443
0.8134528 0.1865472
0.7579848 0.2420152
0.8052206 0.1947794
0.844968 0.155032
0.7242425 0.2757575
0.8438525 0.1561475
0.8719206 0.1280794
0.8743868 0.1256132
0.8774224 0.1225776
0.8249659 0.1750341
0.8193994 0.1806006
0.8078574 0.1921426
0.8274719 0.1725281
0.8630627 0.1369373
0.8120387 0.1879613
0.7985399 0.2014601
0.8078356 0.1921644
0.8590101 0.1409899
0.8328136 0.1671864
0.8155671 0.1844329
0.8581077 0.1418923
0.8143003 0.1856997
0.8570289 0.1429711
0.8770793 0.1229207
0.8577316 0.1422684
0.7501882 0.2498118
0.822645 0.177355
0.7284742 0.2715258
0.7955088 0.2044912
0.8306272 0.1693728
0.8227511 0.1772489
0.7731643 0.2268357
0.9036884 0.09631158
0.8576135 0.1423865
0.7998976 0.2001024
0.7788708 0.2211292
0.8160273 0.1839727
0.7619667 0.2380333
0.8189271 0.1810729
0.8564553 0.1435447
0.8061259 0.1938741
0.8293245 0.1706755
0.8033547 0.1966453
0.8298307 0.1701693
0.8856122 0.1143878
0.8446735 0.1553265
0.802672 0.197328
0.7564906 0.2435094
0.8169973 0.1830027
0.7807254 0.2192746
0.8379128 0.1620872
0.7131656 0.2868344
0.8294865 0.1705135
0.8147693 0.1852307
0.8666251 0.1333749
0.7599352 0.2400648
0.8073368 0.1926632
0.8262314 0.1737686
0.8515795 0.1484205
0.7651199 0.2348801
0.8112381 0.1887619
0.8095219 0.1904781
0.8210911 0.1789089
0.7728869 0.2271131
0.8380419 0.1619581
0.7924846 0.2075154
0.7708022 0.2291978
0.8053911 0.1946089
0.8321331 0.1678669
0.8791962 0.1208038
0.7956824 0.2043176
0.831441 0.168559
0.8076132 0.1923868
0.7873313 0.2126687
0.7507856 0.2492144
0.8435473 0.1564527
0.7616309 0.2383691
0.7712213 0.2287787
0.8477378 0.1522622
0.8379784 0.1620216
0.8464757 0.1535243
0.8368431 0.1631569
0.7321095 0.2678905
0.8403759 0.1596241
0.8666559 0.1333441
0.8722235 0.1277765
0.7692023 0.2307977
0.7457302 0.2542698
0.8259692 0.1740308
0.8084069 0.1915931
0.8387697 0.1612303
0.8154336 0.1845664
0.8058198 0.1941802
0.8188543 0.1811457
0.8720678 0.1279322
0.8311896 0.1688104
0.8214713 0.1785287
0.8205396 0.1794604
0.7783542 0.2216458
0.8544636 0.1455364
0.8004639 0.1995361
0.8629935 0.1370065
0.6834916 0.3165084
0.8088408 0.1911592
0.7607939 0.2392061
0.8166019 0.1833981
0.8288719 0.1711281
0.8140378 0.1859622
0.8362074 0.1637926
0.7864139 0.2135861
0.8056168 0.1943832
0.826212 0.173788
0.8302288 0.1697712
0.7918523 0.2081477
0.8355126 0.1644874
0.7798458 0.2201542
0.8088005 0.1911995
0.7961425 0.2038575
0.8235529 0.1764471
0.7834707 0.2165293
0.817032 0.182968
0.7775799 0.2224201
0.7931032 0.2068968
0.7320785 0.2679215
0.8546472 0.1453528
0.8140555 0.1859445
0.8246056 0.1753944
0.8824921 0.1175079
0.813471 0.186529
0.8773493 0.1226507
0.7861052 0.2138948
0.8540511 0.1459489
0.8498381 0.1501619
0.8056023 0.1943977
0.8064851 0.1935149
0.8370949 0.1629051
0.85355 0.14645
0.8790086 0.1209914
0.8003964 0.1996036
0.8268456 0.1731544
0.8279036 0.1720964
0.8657826 0.1342174
0.8609933 0.1390067
0.7665477 0.2334523
0.8101609 0.1898391
0.7760207 0.2239793
0.7553042 0.2446958
0.7891318 0.2108682
0.8307221 0.1692779
0.8154391 0.1845609
0.752026 0.247974
0.8274202 0.1725798
0.8234247 0.1765753
0.8684055 0.1315945
0.7854752 0.2145248
0.8416579 0.1583421
0.8329573 0.1670427
0.7653028 0.2346972
0.8381845 0.1618155
0.8460301 0.1539699
0.8169691 0.1830309
0.7756623 0.2243377
0.8148695 0.1851305
0.7905991 0.2094009
0.8488058 0.1511942
0.8576987 0.1423013
0.7685688 0.2314312
0.8355162 0.1644838
0.7767634 0.2232366
0.7817259 0.2182741
0.8424426 0.1575574
0.8236269 0.1763731
0.8020026 0.1979974
0.7573932 0.2426068
0.8260964 0.1739036
0.8411675 0.1588325
0.7943981 0.2056019
0.8694326 0.1305674
0.8204558 0.1795442
0.8283412 0.1716588
0.787666 0.212334
0.7984916 0.2015084
0.8103256 0.1896744
0.8356207 0.1643793
0.8234926 0.1765074
0.8317111 0.1682889
0.8112487 0.1887513
0.8412315 0.1587685
0.7841239 0.2158761
0.7971947 0.2028053
0.8653426 0.1346574
0.8177758 0.1822242
0.7965662 0.2034338
0.812705 0.187295
0.8359521 0.1640479
0.8307055 0.1692945
0.8257503 0.1742497
0.8597998 0.1402002
0.814548 0.185452
0.7976996 0.2023004
0.8430622 0.1569378
0.8658764 0.1341236
0.7839412 0.2160588
0.8484382 0.1515618
0.8271414 0.1728586
0.8553435 0.1446565
0.753249 0.246751
0.8325494 0.1674506
0.9153945 0.08460554
0.8064719 0.1935281
0.83547 0.16453
0.8045976 0.1954024
0.8656496 0.1343504
0.8479082 0.1520918
0.8281608 0.1718392
0.8329381 0.1670619
0.8176587 0.1823413
0.7902141 0.2097859
0.8319127 0.1680873
0.8614857 0.1385143
0.8235959 0.1764041
0.7939592 0.2060408
0.7778951 0.2221049
0.8726218 0.1273782
0.8363334 0.1636666
0.7578355 0.2421645
0.8231008 0.1768992
0.8668068 0.1331932
0.8660023 0.1339977
0.817538 0.182462
0.7932566 0.2067434
0.8230635 0.1769365
0.8100714 0.1899286
0.7958218 0.2041782
0.8146194 0.1853806
0.8090158 0.1909842
0.8371537 0.1628463
0.77958 0.22042
0.7720774 0.2279226
0.7903464 0.2096536
0.777641 0.222359
0.8284898 0.1715102
0.8707946 0.1292054
0.7888074 0.2111926
0.8292095 0.1707905
0.8325595 0.1674405
0.831738 0.168262
0.8272681 0.1727319
0.7480841 0.2519159
0.8498704 0.1501296
0.8414372 0.1585628
0.7956344 0.2043656
0.8384709 0.1615291
0.8078688 0.1921312
0.8191041 0.1808959
0.8080487 0.1919513
0.8242648 0.1757352
0.7606896 0.2393104
0.7787577 0.2212423
0.8505445 0.1494555
0.8888257 0.1111743
0.8156796 0.1843204
0.9023003 0.09769974
0.8340158 0.1659842
0.8463911 0.1536089
0.8591399 0.1408601
0.808504 0.191496
0.8060166 0.1939834
0.8522062 0.1477938
0.8287977 0.1712023
0.8042544 0.1957456
0.8545278 0.1454722
0.7986097 0.2013903
0.7983308 0.2016692
0.8015296 0.1984704
0.8374143 0.1625857
0.8540007 0.1459993
0.8910907 0.1089093
0.7835095 0.2164905
0.8458349 0.1541651
0.8782217 0.1217783
0.8323218 0.1676782
0.8666396 0.1333604
0.8320004 0.1679996
0.8190847 0.1809153
0.7433213 0.2566787
0.7655755 0.2344245
0.812871 0.187129
0.8609882 0.1390118
0.7479867 0.2520133
0.8606841 0.1393159
0.8353836 0.1646164
0.8337202 0.1662798
0.8238664 0.1761336
0.7763344 0.2236656
0.7506915 0.2493085
0.8045596 0.1954404
0.7680142 0.2319858
0.8101136 0.1898864
0.8244477 0.1755523
0.8347753 0.1652247
0.8625711 0.1374289
0.7824472 0.2175528
0.7525497 0.2474503
0.780345 0.219655
0.8371515 0.1628485
0.7628691 0.2371309
0.8186125 0.1813875
0.8482629 0.1517371
0.793981 0.206019
0.8929759 0.1070241
0.8226171 0.1773829
0.8559871 0.1440129
0.8710828 0.1289172
0.8449736 0.1550264
0.85796 0.14204
0.8432663 0.1567337
0.7739857 0.2260143
0.8364011 0.1635989
0.7603126 0.2396874
0.8448682 0.1551318
0.8178782 0.1821218
0.8214974 0.1785026
0.8792896 0.1207104
0.855668 0.144332
0.8287803 0.1712197
0.7622542 0.2377458
0.8212688 0.1787312
0.7598244 0.2401756
0.7991559 0.2008441
0.8450489 0.1549511
0.756138 0.243862
0.8194469 0.1805531
0.8387309 0.1612691
0.8491318 0.1508682
0.8016724 0.1983276
0.7875123 0.2124877
0.8126134 0.1873866
0.794953 0.205047
0.8235345 0.1764655
0.7997145 0.2002855
0.832166 0.167834
0.8306227 0.1693773
0.8620018 0.1379982
0.8822069 0.1177931
0.7979879 0.2020121
0.7976072 0.2023928
0.8527117 0.1472883
0.8489513 0.1510487
0.7391696 0.2608304
0.8371393 0.1628607
0.8340444 0.1659556
0.8338395 0.1661605
0.8544544 0.1455456
0.7871933 0.2128067
0.7988046 0.2011954
0.7716036 0.2283964
0.8003687 0.1996313
0.8469113 0.1530887
0.8196471 0.1803529
0.7934362 0.2065638
0.7419587 0.2580413
0.8963011 0.1036989
0.8311271 0.1688729
0.8215896 0.1784104
0.9074899 0.0925101
0.7572341 0.2427659
0.7724618 0.2275382
0.8641025 0.1358975
0.8329837 0.1670163
0.8874027 0.1125973
0.7946151 0.2053849
0.762525 0.237475
0.7836305 0.2163695
0.8802667 0.1197333
0.8871302 0.1128698
0.83574 0.16426
0.8593406 0.1406594
0.7634279 0.2365721
0.8181724 0.1818276
0.8023887 0.1976113
0.811225 0.188775
0.8225148 0.1774852
0.8487462 0.1512538
0.7944579 0.2055421
0.7717607 0.2282393
0.7722345 0.2277655
0.9027367 0.09726335
0.7781835 0.2218165
0.8267547 0.1732453
0.8210383 0.1789617
0.7608684 0.2391316
0.8098259 0.1901741
0.8003522 0.1996478
0.8345338 0.1654662
0.7854205 0.2145795
0.8077565 0.1922435
0.8565132 0.1434868
0.8511424 0.1488576
0.8253857 0.1746143
0.7750743 0.2249257
0.7952747 0.2047253
0.8240948 0.1759052
0.8205267 0.1794733
0.7912445 0.2087555
0.8814752 0.1185248
0.7852625 0.2147375
0.8402349 0.1597651
0.7652758 0.2347242
0.839006 0.160994
0.7873673 0.2126327
0.8683108 0.1316892
0.8643556 0.1356444
0.7192069 0.2807931
0.8255927 0.1744073
0.8089368 0.1910632
0.8260009 0.1739991
0.8202657 0.1797343
0.8398454 0.1601546
0.8337441 0.1662559
0.7643652 0.2356348
0.8384868 0.1615132
0.8198486 0.1801514
0.7381185 0.2618815
0.7968953 0.2031047
0.87087 0.12913
0.8139602 0.1860398
0.7891028 0.2108972
0.773879 0.226121
0.8339991 0.1660009
0.7178395 0.2821605
0.8241727 0.1758273
0.787824 0.212176
0.8203894 0.1796106
0.8007345 0.1992655
0.8204681 0.1795319
0.7003595 0.2996405
0.7827758 0.2172242
0.8377309 0.1622691
0.7583215 0.2416785
0.8638865 0.1361135
0.7638094 0.2361906
0.7917155 0.2082845
0.7427688 0.2572312
0.8541953 0.1458047
0.8255712 0.1744288
0.8859445 0.1140555
0.7633758 0.2366242
0.8046069 0.1953931
0.7923855 0.2076145
0.8563384 0.1436616
0.7367754 0.2632246
0.77435 0.22565
0.7125228 0.2874772
0.7586848 0.2413152
0.8390211 0.1609789
0.7574621 0.2425379
0.7268005 0.2731995
0.8545831 0.1454169
0.8241442 0.1758558
0.8096615 0.1903385
0.8654508 0.1345492
0.7868098 0.2131902
0.8270525 0.1729475
0.8122926 0.1877074
0.8197013 0.1802987
0.8364283 0.1635717
0.8228326 0.1771674
0.7566923 0.2433077
0.8353227 0.1646773
0.8268429 0.1731571
0.7996541 0.2003459
0.8550888 0.1449112
0.8731287 0.1268713
0.8076421 0.1923579
0.7876456 0.2123544
0.8307084 0.1692916
0.7731598 0.2268402
0.8300084 0.1699916
0.8338339 0.1661661
0.8111918 0.1888082
0.8017919 0.1982081
0.7885501 0.2114499
0.7614532 0.2385468
0.8275382 0.1724618
0.7466027 0.2533973
0.8065776 0.1934224
0.7895479 0.2104521
0.7495198 0.2504802
0.8507726 0.1492274
0.8019559 0.1980441
0.7914021 0.2085979
0.8484345 0.1515655
0.8416844 0.1583156
0.8604759 0.1395241
0.792695 0.207305
0.7098329 0.2901671
0.8362838 0.1637162
0.8493266 0.1506734
0.7254839 0.2745161
0.8855551 0.1144449
0.8172581 0.1827419
0.8059947 0.1940053
0.82087 0.17913
0.8229153 0.1770847
0.7886749 0.2113251
0.753581 0.246419
0.8380523 0.1619477
0.7878635 0.2121365
0.8768261 0.1231739
0.8100719 0.1899281
0.8665057 0.1334943
0.7932111 0.2067889
0.8363954 0.1636046
0.8420832 0.1579168
0.8144016 0.1855984
0.8128732 0.1871268
0.8295144 0.1704856
0.7313672 0.2686328
0.8184425 0.1815575
0.7733925 0.2266075
0.7791986 0.2208014
0.7808364 0.2191636
0.8084575 0.1915425
0.8380086 0.1619914
0.7676378 0.2323622
0.789889 0.210111
0.8437682 0.1562318
0.7495194 0.2504806
0.8477843 0.1522157
0.8077806 0.1922194
0.8861705 0.1138295
0.8278548 0.1721452
0.8529062 0.1470938
0.7945606 0.2054394
0.8366971 0.1633029
0.8688867 0.1311133
0.8283335 0.1716665
0.8229317 0.1770683
0.7977306 0.2022694
0.8140131 0.1859869
0.8396896 0.1603104
0.7888341 0.2111659
0.7902349 0.2097651
0.8270942 0.1729058
0.8371483 0.1628517
0.8324719 0.1675281
0.8453182 0.1546818
0.8493028 0.1506972
0.8497172 0.1502828
0.8666504 0.1333496
0.9065325 0.09346752
0.8049056 0.1950944
0.8141264 0.1858736
0.8584138 0.1415862
0.8236184 0.1763816
0.8053276 0.1946724
0.8476788 0.1523212
0.7990192 0.2009808
0.863606 0.136394
0.8421691 0.1578309
0.7771706 0.2228294
0.8126497 0.1873503
0.8253172 0.1746828
0.8512898 0.1487102
0.7537189 0.2462811
0.8988643 0.1011357
0.8074535 0.1925465
0.8247233 0.1752767
0.8523468 0.1476532
0.8154848 0.1845152
0.8415848 0.1584152
0.8452994 0.1547006
0.8285984 0.1714016
0.8119309 0.1880691
0.7818656 0.2181344
0.7799819 0.2200181
0.8033372 0.1966628
0.7458785 0.2541215
0.8236972 0.1763028
0.7476773 0.2523227
0.7983445 0.2016555
0.7782896 0.2217104
0.8622683 0.1377317
0.8009809 0.1990191
0.8083715 0.1916285
0.7907265 0.2092735
0.8755085 0.1244915
0.799748 0.200252
0.8004458 0.1995542
0.7491456 0.2508544
0.7680727 0.2319273
0.7815344 0.2184656
0.8070189 0.1929811
0.8656138 0.1343862
0.8477684 0.1522316
0.803627 0.196373
0.8039607 0.1960393
0.7464538 0.2535462
0.8120258 0.1879742
0.8354914 0.1645086
0.8257563 0.1742437
0.8821847 0.1178153
0.8406155 0.1593845
0.7485771 0.2514229
0.776902 0.223098
0.8296204 0.1703796
0.738322 0.261678
0.7848318 0.2151682
0.7668491 0.2331509
0.8113307 0.1886693
0.8611008 0.1388992
0.8263939 0.1736061
0.8065955 0.1934045
0.7913482 0.2086518
0.8254893 0.1745107
0.8847181 0.1152819
0.7430273 0.2569727
0.7731606 0.2268394
0.8505007 0.1494993
0.8459076 0.1540924
0.8419709 0.1580291
0.821646 0.178354
0.8561025 0.1438975
0.8700303 0.1299697
0.8547933 0.1452067
0.7928425 0.2071575
0.7604988 0.2395012
0.8056748 0.1943252
0.8280803 0.1719197
0.8150052 0.1849948
0.7906753 0.2093247
0.7505482 0.2494518
0.8294796 0.1705204
0.779574 0.220426
0.7719185 0.2280815
0.7721873 0.2278127
0.7918974 0.2081026
0.7665008 0.2334992
0.6986076 0.3013924
0.7586516 0.2413484
0.8468475 0.1531525
0.802209 0.197791
0.798083 0.201917
0.6756321 0.3243679
0.8200497 0.1799503
0.8655125 0.1344875
0.7972793 0.2027207
0.8272342 0.1727658
0.8446611 0.1553389
0.8948686 0.1051314
0.7413957 0.2586043
0.8081738 0.1918262
0.8486459 0.1513541
0.7803345 0.2196655
0.8400973 0.1599027
0.8506356 0.1493644
0.8343046 0.1656954
0.8353418 0.1646582
0.8408858 0.1591142
0.8556514 0.1443486
0.8135918 0.1864082
0.8374058 0.1625942
0.838097 0.161903
0.8457066 0.1542934
0.8812693 0.1187307
0.7814276 0.2185724
0.7761507 0.2238493
0.7883821 0.2116179
0.7611665 0.2388335
0.8411362 0.1588638
0.8201565 0.1798435
0.8196728 0.1803272
0.7636961 0.2363039
0.8363296 0.1636704
0.8166276 0.1833724
0.8645779 0.1354221
0.8326696 0.1673304
0.7447383 0.2552617
0.7944348 0.2055652
0.7823321 0.2176679
0.8345658 0.1654342
0.8306254 0.1693746
0.7692909 0.2307091
0.8370366 0.1629634
0.8009697 0.1990303
0.8163109 0.1836891
0.8314366 0.1685634
0.8703628 0.1296372
0.8299151 0.1700849
0.8493715 0.1506285
0.7820167 0.2179833
0.8589217 0.1410783
0.8435564 0.1564436
0.8097844 0.1902156
0.855907 0.144093
0.7822478 0.2177522
0.935531 0.06446896
0.8080257 0.1919743
0.8315762 0.1684238
0.8118059 0.1881941
0.8348584 0.1651416
0.8136981 0.1863019
0.8511569 0.1488431
0.7485027 0.2514973
0.7769567 0.2230433
0.8787165 0.1212835
0.7989545 0.2010455
0.7653521 0.2346479
0.8283639 0.1716361
0.8235621 0.1764379
0.8358345 0.1641655
0.8008849 0.1991151
0.8453003 0.1546997
0.8440893 0.1559107
0.8581085 0.1418915
0.7779267 0.2220733
0.7789023 0.2210977
0.78428 0.21572
0.8436892 0.1563108
0.8086059 0.1913941
0.8270368 0.1729632
0.7869918 0.2130082
0.7897892 0.2102108
0.8498298 0.1501702
0.8118754 0.1881246
0.827752 0.172248
0.8595555 0.1404445
0.7794828 0.2205172
0.7910085 0.2089915
0.8222845 0.1777155
0.8243787 0.1756213
0.781556 0.218444
0.8503172 0.1496828
0.8295273 0.1704727
0.8601135 0.1398865
0.7889558 0.2110442
0.8324126 0.1675874
0.8051015 0.1948985
0.7928812 0.2071188
0.7828163 0.2171837
0.8316899 0.1683101
0.7897743 0.2102257
0.8086785 0.1913215
0.8125781 0.1874219
0.8103967 0.1896033
0.834228 0.165772
0.8050737 0.1949263
0.8454851 0.1545149
0.8295286 0.1704714
0.8629598 0.1370402
0.8007911 0.1992089
0.8275674 0.1724326
0.8670216 0.1329784
0.7830535 0.2169465
0.7974476 0.2025524
0.840668 0.159332
0.7512314 0.2487686
0.7919377 0.2080623
0.9084325 0.09156749
0.8709834 0.1290166
0.8013598 0.1986402
0.754024 0.245976
0.8391592 0.1608408
0.7969058 0.2030942
0.8419156 0.1580844
0.8723181 0.1276819
0.7888926 0.2111074
0.7878561 0.2121439
0.8552359 0.1447641
0.7623872 0.2376128
0.8418927 0.1581073
0.8529731 0.1470269
0.7521045 0.2478955
0.8054787 0.1945213
0.7591066 0.2408934
0.8624247 0.1375753
0.8647486 0.1352514
0.829667 0.170333
0.7824085 0.2175915
0.797852 0.202148
0.8270951 0.1729049
0.7018242 0.2981758
0.8552461 0.1447539
0.8058886 0.1941114
0.7489247 0.2510753
0.7887336 0.2112664
0.8102393 0.1897607
0.8263719 0.1736281
0.7583739 0.2416261
0.8456962 0.1543038
0.7865946 0.2134054
0.7927608 0.2072392
0.8087842 0.1912158
0.7968703 0.2031297
0.7395566 0.2604434
0.8132925 0.1867075
0.8785479 0.1214521
0.7945634 0.2054366
0.8193242 0.1806758
0.8102487 0.1897513
0.8404274 0.1595726
0.8549989 0.1450011
0.8329796 0.1670204
0.856019 0.143981
0.8210744 0.1789256
0.7830934 0.2169066
0.8301946 0.1698054
0.8399921 0.1600079
