"nu" "alpha"
3.068928 0.2554317
2.7108 0.4501145
3.970975 0.411083
3.532217 0.1346233
3.352631 0.3321426
2.737981 0.1827167
2.589407 0.4243837
2.83713 0.3842896
3.204934 0.3606038
2.847147 0.2975196
3.183135 0.1350665
2.665753 0.2578621
2.449158 0.2464063
2.58684 0.4766635
2.598692 0.3099021
2.999486 0.09890399
2.822745 0.4478603
2.946426 0.1234959
2.761251 0.15041
3.192192 0.1219753
2.681539 0.228021
2.795099 0.2779685
2.798838 0.2721004
3.089455 0.4301064
3.283942 0.2690257
2.63906 0.2992011
3.324577 0.3428635
3.377063 0.2411485
3.147449 0.07793963
3.016762 0.4185887
3.250186 0.3117859
3.076334 0.3077177
2.334777 0.416115
2.78234 0.4160423
3.497464 0.4609026
2.740035 0.4738949
3.278064 0.3099766
2.850925 0.2272618
2.410807 0.493473
2.5592 0.339333
2.887848 0.09313164
2.882781 0.1172811
2.538005 0.3286017
2.975235 0.2528202
3.040466 0.4640624
3.117417 0.3912104
3.217531 0.4683762
2.627359 0.190521
2.931291 0.3825676
3.125399 0.2074166
2.990473 0.1936654
2.934764 0.2489146
3.464037 0.1669783
3.215569 0.06211406
3.795445 0.1939002
2.771204 0.4269878
2.935223 0.4648574
2.93349 0.04904522
2.966448 0.4390313
3.093273 0.3148165
2.921014 0.2912145
2.853291 0.27848
2.752683 0.3667504
3.103292 0.2551564
2.44744 0.162978
2.610869 0.4156792
2.758606 0.3603222
2.401077 0.2290074
2.396645 0.08500968
3.016484 0.1130498
2.51608 0.2501352
3.322188 0.3594475
2.571609 0.2266309
3.142394 0.4078749
2.971868 0.2025734
3.13713 0.2184988
3.110196 0.2906574
3.236024 0.3913478
3.453393 0.3904555
3.215055 0.4519813
3.089818 0.3804809
2.84733 0.4413489
3.081301 0.3350474
2.793646 0.475316
2.649727 0.4928723
2.936212 0.1914586
2.45145 0.4675192
2.587997 0.3511287
2.631881 0.3577167
2.756381 0.3367976
3.028702 0.3872037
2.692687 0.2265492
2.77158 0.1618604
2.545154 0.2833894
3.191034 0.2858775
2.591371 0.2263972
3.012611 0.2033099
3.401876 0.3505765
3.074213 0.1651408
3.48356 0.1876899
2.786243 0.2787301
3.551171 0.3486687
3.653663 0.1614422
3.063987 0.2674663
2.489047 0.1056562
3.085809 0.4114322
2.586265 0.3668768
3.212291 0.342847
3.262086 0.0992545
2.864558 0.1459949
2.760947 0.4145286
2.974668 0.4004433
3.236993 0.4898965
2.651376 0.1756773
3.217397 0.2373802
3.443963 0.1131393
3.013478 0.06987307
3.887621 0.2422311
3.617072 0.3894524
3.330315 0.2041558
2.69687 0.4917339
3.078799 0.3721916
3.23798 0.3475769
3.126248 0.1259721
3.321979 0.07357794
3.430834 0.3895598
3.705227 0.2336383
3.885228 0.2244376
3.65719 0.2859617
3.102211 0.4480903
3.10638 0.3853628
3.14852 0.2415333
3.459385 0.3248923
3.088998 0.3000231
2.859017 0.3792567
3.171604 0.4559676
3.002157 0.05248595
2.819395 0.3880377
3.505293 0.2090564
3.318735 0.1230876
3.072767 0.3616734
3.335845 0.4130818
3.130488 0.1947174
2.532804 0.2148406
2.501014 0.3589681
2.569715 0.2694741
2.714982 0.3107066
2.521973 0.3940935
3.25356 0.1980488
3.15869 0.219988
3.037564 0.09568293
3.358695 0.2823536
3.527362 0.4713411
3.323904 0.2190019
2.810721 0.2048636
3.095782 0.2824837
3.082564 0.09989023
3.3332 0.08050197
3.098946 0.2270353
3.286396 0.2776561
2.326859 0.2724865
2.961926 0.4374627
3.070166 0.4623282
2.831044 0.2340971
3.491544 0.1175098
2.905945 0.1290113
3.597903 0.1342773
3.344641 0.1506766
3.185714 0.2084089
3.019767 0.3282794
3.09206 0.2248048
3.546854 0.1552959
3.171844 0.1042817
3.328126 0.31466
3.65511 0.04410875
3.462146 0.08343041
2.851562 0.3373982
2.702432 0.4778851
3.022382 0.2586713
3.00101 0.1002856
3.060744 0.09367959
2.853149 0.3142091
3.205195 0.2431564
2.872418 0.4156765
2.976422 0.38105
2.8032 0.4042771
3.261214 0.05945797
2.983222 0.3791065
2.915469 0.3564314
3.116794 0.1631634
3.289063 0.4217557
3.082759 0.4805251
2.782354 0.2783933
2.909104 0.4193586
3.529484 0.4584762
2.70013 0.08695081
3.483761 0.196994
3.02564 0.1092047
3.583946 0.1054578
3.243582 0.4876511
3.025911 0.3769281
2.654137 0.3184712
2.233384 0.345851
2.837312 0.1545645
2.374076 0.1470923
2.555308 0.3177445
2.952741 0.4059547
3.215166 0.2756707
3.29203 0.07012963
2.8365 0.2888231
3.59465 0.1268616
3.587137 0.1318993
3.116485 0.06508508
2.925908 0.2312584
3.376592 0.3556566
2.880929 0.322659
2.968553 0.3807917
2.843919 0.4083384
3.084304 0.1251014
3.014746 0.2821055
3.066947 0.3930207
2.745658 0.4219794
2.549936 0.2444529
2.705072 0.3349436
2.591256 0.4322866
2.567787 0.4049227
2.851065 0.4326164
2.815908 0.4982599
2.62919 0.1777899
3.199693 0.4393769
2.600961 0.02849893
2.97824 0.4662057
2.824017 0.1306291
2.754955 0.1119544
2.796757 0.141973
2.747428 0.4926716
2.575072 0.383747
3.068205 0.3135396
2.958788 0.46863
3.02002 0.2415432
2.79711 0.4761883
2.600985 0.1240057
2.99218 0.1067652
3.486716 0.07969462
3.986886 0.05878811
3.2411 0.168009
3.148703 0.3813824
3.426074 0.2033809
3.301553 0.2173993
3.185976 0.4622256
4.273656 0.2289141
3.595756 0.3637916
3.163641 0.3274663
3.699461 0.3000927
3.839337 0.3692208
3.133975 0.1512751
3.351779 0.2483113
3.092912 0.2942404
2.851805 0.3984086
2.648051 0.1618206
3.08424 0.3611201
2.724597 0.1498066
3.137287 0.1260543
3.299942 0.1311131
2.819751 0.3929796
2.890572 0.4882548
3.412484 0.3432598
3.649217 0.2963109
2.825475 0.2713401
3.224878 0.3143231
2.738229 0.2510468
2.990288 0.3458386
2.809257 0.2158797
2.788876 0.09327539
2.803579 0.1646707
2.751028 0.4390441
2.943781 0.4054238
3.484451 0.2949394
2.686194 0.2272606
3.436175 0.4613678
2.819622 0.3760072
3.252709 0.2649237
3.360456 0.3121869
3.483196 0.3324445
2.645909 0.2611181
2.649289 0.4519933
2.713163 0.2946078
3.53647 0.3245391
3.1262 0.3934085
3.414919 0.2181291
2.943727 0.2215899
3.546575 0.3701919
2.486964 0.4166454
3.106018 0.4908864
3.079148 0.4967191
3.387878 0.2152705
3.622977 0.2402792
3.21527 0.2410267
2.795876 0.1025492
3.210432 0.3605987
2.886939 0.2616151
2.276069 0.1163407
3.267606 0.4254661
2.611281 0.1278378
2.602851 0.06236692
2.97999 0.08600585
3.289141 0.4938422
3.454748 0.1904271
2.700513 0.1511587
3.18996 0.2785784
2.811166 0.1476081
2.905049 0.4267782
3.154586 0.3170219
3.328743 0.3693735
2.638125 0.1479372
2.989487 0.081208
2.886281 0.3308847
3.158458 0.4236445
2.834093 0.1849583
3.065827 0.3605231
2.92306 0.320115
3.181389 0.2153251
3.804282 0.2854609
3.429419 0.1953239
3.038525 0.3328042
3.643929 0.05074477
3.348272 0.3156418
2.868659 0.2781851
2.659932 0.2149556
2.910253 0.3191216
3.067001 0.3814125
3.318912 0.2613824
3.204961 0.4586829
3.098172 0.2046593
3.713406 0.08836495
3.779303 0.2446543
2.731564 0.07645077
2.607927 0.2874942
3.355669 0.4152325
3.382114 0.1868375
2.525618 0.3080801
2.953871 0.2541764
3.115241 0.2447879
2.426508 0.4253012
3.159667 0.2842558
3.733449 0.4844686
3.743507 0.2134168
3.440027 0.4867658
3.415031 0.1601118
3.51098 0.406967
3.016529 0.1910185
3.102485 0.080772
2.997687 0.4827755
3.077196 0.2980387
3.390027 0.1419721
2.842355 0.2559432
2.754972 0.2276913
3.06423 0.356036
2.466384 0.2460099
2.871533 0.2574549
3.134163 0.3922046
3.487465 0.2330035
3.102116 0.4490358
2.974467 0.3066477
3.261139 0.1920071
2.809555 0.2998481
3.461239 0.3620283
2.657481 0.4119132
2.614276 0.4345587
2.729992 0.2460731
3.647376 0.2914838
2.616448 0.2436048
2.861495 0.3934382
2.922755 0.1983127
3.10355 0.2382307
2.472239 0.1174186
2.979687 0.2180604
3.185177 0.2431858
3.477162 0.3520308
3.137799 0.2577918
3.629774 0.05658822
3.256406 0.2603132
2.717869 0.2115101
2.524392 0.3238447
2.987118 0.3052996
2.817041 0.2171662
3.149974 0.185823
3.113547 0.05428547
3.077553 0.3618302
2.738413 0.3011459
2.789791 0.1305514
2.709326 0.1746578
3.022994 0.2715834
3.119631 0.2762842
3.137425 0.326554
2.610078 0.07612769
3.217109 0.2787266
3.268005 0.1233535
3.170281 0.3676428
3.209173 0.1713976
3.154061 0.4486771
3.335997 0.1882993
2.906318 0.2048785
3.593963 0.1268542
2.866499 0.09163918
2.779606 0.3252855
2.614307 0.4360882
3.202554 0.4485343
2.4414 0.4615449
2.932038 0.3531361
2.571101 0.2270824
2.303193 0.469796
2.638467 0.4439625
2.751751 0.2168587
2.409441 0.4036143
2.542297 0.4548467
2.259132 0.1060702
2.806596 0.496626
2.641767 0.3275984
2.548645 0.3771974
3.224407 0.2987108
2.929972 0.2931199
2.807431 0.2043847
2.830721 0.3622228
2.872605 0.4589106
2.890156 0.3245783
2.89477 0.3496863
3.202294 0.3912381
3.427761 0.3325568
3.16359 0.4112146
2.872361 0.2181173
2.861116 0.3870081
2.869277 0.4633503
3.047743 0.3653746
3.131591 0.2210614
2.791784 0.393317
2.609158 0.4845108
3.594094 0.2739674
3.185836 0.4831461
2.681647 0.4044483
2.869402 0.411747
2.679939 0.4014558
2.694998 0.2046493
2.82034 0.3026229
2.787815 0.2400544
3.794913 0.2435744
3.38981 0.2728871
3.100518 0.3061819
3.050992 0.3158406
3.082552 0.4554698
3.196208 0.03701526
2.565972 0.08779297
2.868896 0.284025
2.922421 0.3515227
3.700902 0.09339166
3.059836 0.4785635
3.020596 0.4163589
3.614745 0.08111615
2.981906 0.1070849
3.259575 0.4008502
3.352146 0.4200389
2.939381 0.4944051
3.549854 0.1417241
3.140374 0.320626
3.152832 0.05046991
3.517287 0.325743
3.470913 0.1449468
2.667316 0.2931932
2.711218 0.1873163
3.220591 0.2799974
3.149163 0.1862313
3.286221 0.3739913
3.046142 0.329587
3.955997 0.435564
2.947756 0.4740996
3.249914 0.3902929
2.641741 0.2061228
3.216493 0.3875418
3.047508 0.4428337
3.12111 0.4821711
3.325588 0.4752975
3.103739 0.3060136
2.66996 0.3624941
3.416826 0.114453
2.876655 0.130825
3.207129 0.3102152
2.939451 0.174663
3.091974 0.2972382
3.210893 0.08792092
3.509776 0.06193924
3.386299 0.1038287
3.508276 0.206719
2.882035 0.2034276
3.095104 0.09817822
3.043394 0.3966249
2.743229 0.4602057
3.249187 0.1631392
2.857041 0.2456262
3.019273 0.3451158
2.816748 0.07391207
3.552987 0.4112889
2.701642 0.4080427
2.947283 0.2997182
3.333846 0.2257685
2.594232 0.2287658
3.029031 0.3165636
3.402635 0.2887405
3.354242 0.4268966
2.718933 0.3043488
2.733628 0.209559
3.208777 0.4674688
2.396753 0.4949761
3.243875 0.4336658
3.078206 0.4655611
3.088026 0.4889264
2.765403 0.2062397
2.691415 0.1170202
2.745029 0.3949671
2.984896 0.2061671
3.054375 0.151713
3.41764 0.494766
2.887584 0.2008764
2.450865 0.1947965
2.606861 0.4134104
2.913263 0.2696344
2.759384 0.3777108
2.738398 0.0875945
2.752461 0.490445
2.613292 0.1468691
3.241914 0.248832
3.271548 0.09936986
3.265677 0.3760678
3.027028 0.1860329
3.092938 0.03555456
3.592794 0.1165204
2.811368 0.2144615
3.60595 0.4703855
2.990558 0.07469747
3.239481 0.3276007
2.888176 0.0491204
2.950641 0.2824125
2.796938 0.456444
2.777352 0.4873351
2.538168 0.1731014
2.689371 0.06431926
2.880185 0.4287887
2.886128 0.1738097
3.248609 0.3980079
2.910181 0.3832461
3.368627 0.1631198
3.10909 0.2509919
3.465011 0.2476065
3.193347 0.1981468
3.384138 0.2709834
3.246926 0.234649
3.130801 0.2033994
2.646443 0.4609058
3.621245 0.2016271
2.913624 0.3528445
2.768617 0.4639135
3.031977 0.3923955
2.90738 0.2637724
3.680254 0.1706138
3.249084 0.1697799
3.540524 0.2125117
3.100633 0.3664138
3.279169 0.2863703
2.876949 0.3502648
2.744689 0.1935899
3.249204 0.2187485
2.880611 0.2714493
3.053553 0.4176644
2.815196 0.433779
3.026156 0.1561531
3.237554 0.291903
3.35604 0.3308326
2.978171 0.3756941
3.155457 0.368811
3.160444 0.1955007
4.130488 0.4316972
3.304432 0.1993024
3.201998 0.215119
2.67528 0.2576367
3.168117 0.3240615
3.418838 0.3555915
4.301272 0.1156185
2.685741 0.09269251
3.115764 0.4374135
3.40334 0.2606817
3.482391 0.04310309
3.146525 0.325346
3.089742 0.2243055
3.024177 0.4420796
2.769863 0.05440264
3.459719 0.3960469
2.655241 0.3231999
2.831859 0.3527566
3.424372 0.3307959
2.8986 0.4022964
3.240338 0.1258289
3.561352 0.4076022
2.822826 0.09304508
3.008206 0.2557807
3.496809 0.2538836
2.957842 0.1174147
3.300703 0.4991793
3.171778 0.4905674
2.752869 0.3907721
3.120702 0.435072
3.189298 0.3439477
2.917956 0.335152
3.005115 0.07261801
2.779709 0.2201593
3.185888 0.3452744
3.079702 0.3984645
2.797237 0.3909078
3.740073 0.3076259
3.615448 0.114267
2.907573 0.1718477
3.272193 0.4195536
2.711831 0.2787251
3.107706 0.3779354
2.85074 0.1476013
2.862471 0.3843185
2.672684 0.396942
3.281703 0.4380556
2.757097 0.1780094
2.944027 0.2578251
2.628454 0.4243291
2.753274 0.2412228
2.718187 0.188727
2.802696 0.408812
3.146956 0.2930344
2.656709 0.3509723
3.022926 0.2105459
3.206613 0.1472653
3.177718 0.3505209
3.762295 0.1577725
2.942351 0.2391274
2.538752 0.2652036
3.052073 0.2901135
3.26354 0.4921101
3.307618 0.3691758
3.294412 0.2747634
2.573381 0.1626145
2.582829 0.3514716
2.991709 0.2327053
3.083028 0.2398528
3.390035 0.4024385
2.770177 0.2669399
2.94301 0.1888285
2.906823 0.1947047
3.047226 0.2611652
2.974678 0.2178107
3.774584 0.3487233
3.892172 0.4043186
3.18528 0.2443389
3.347376 0.07377219
3.447271 0.2181716
3.155678 0.4551065
3.340908 0.4440894
2.799475 0.2110528
3.468462 0.265063
2.743853 0.2010145
3.045642 0.1935406
2.99572 0.4601545
3.011098 0.4327961
3.237466 0.3457525
3.466854 0.3347431
3.502572 0.03342333
3.231674 0.2539201
3.226172 0.3079216
2.995406 0.4189721
3.196873 0.2262883
3.596259 0.1883032
3.552348 0.423562
3.642455 0.37639
2.951417 0.2818519
3.283256 0.465514
2.852745 0.3341577
2.872395 0.3520718
2.618631 0.2328919
3.095045 0.2805708
2.829463 0.1117818
3.064987 0.4525998
2.900101 0.3767128
3.221544 0.4035919
3.133244 0.3035754
3.050074 0.1729619
2.993173 0.3064556
3.235752 0.3262904
3.193752 0.1884526
3.237867 0.4930561
2.785998 0.1478472
2.68043 0.1707834
2.959177 0.3134331
2.72177 0.2768786
2.948144 0.3629742
3.09078 0.2701109
3.058296 0.4082649
3.22912 0.06801647
2.462836 0.2172255
3.503506 0.3505576
2.823622 0.1413591
2.461573 0.4767294
2.602996 0.1020857
3.14454 0.4036556
2.811494 0.2180101
3.176714 0.2470014
3.363951 0.2012651
3.419305 0.2213492
3.762145 0.4913001
3.638601 0.2542134
3.325817 0.1353856
2.830241 0.05669702
3.21775 0.1784589
2.542351 0.4652062
2.674888 0.1043957
2.809641 0.3176314
2.569833 0.2159543
3.229592 0.1816798
2.940087 0.2302711
3.175884 0.4330298
2.714402 0.1906453
2.925844 0.4465444
2.620187 0.3685395
2.801324 0.1277749
3.080332 0.1495818
2.583937 0.06301133
2.465326 0.2601756
2.541384 0.2621834
3.271635 0.3318428
2.566684 0.3056373
3.094315 0.3186026
3.066043 0.2488206
2.58807 0.322742
2.652855 0.3538256
2.515297 0.4779288
2.786128 0.3981985
2.651633 0.4187524
2.995333 0.1085297
3.25059 0.3570998
2.589502 0.09207892
3.698736 0.3600765
3.017458 0.359804
3.09513 0.3844045
2.826522 0.2708074
2.721713 0.3346533
3.21325 0.1866753
2.807288 0.1275423
3.215988 0.1487106
2.863861 0.1383046
2.529001 0.1591871
2.981234 0.4505678
3.211544 0.2427327
2.876644 0.1158077
2.923964 0.4198261
3.741035 0.2062418
3.512811 0.280943
3.538576 0.1218157
3.14441 0.1418416
3.20205 0.183113
3.63036 0.2443612
2.744458 0.1474334
3.380336 0.4363325
3.555442 0.4447251
3.166981 0.3338435
3.408097 0.06782485
2.973764 0.4586526
3.081626 0.3818559
3.171368 0.2531428
3.192293 0.3778601
3.842258 0.3254147
3.066456 0.1748629
2.910776 0.1150735
2.807774 0.2901848
3.731768 0.2218015
3.988565 0.2190815
3.149204 0.461544
3.027475 0.2910838
2.816238 0.1096317
2.85812 0.4813312
3.394197 0.2760311
4.12869 0.1082301
3.409691 0.3204992
3.160728 0.1714688
3.064715 0.3340808
3.642294 0.08729454
4.149918 0.3476124
3.78048 0.3940403
3.67183 0.381767
2.978043 0.02157226
3.291438 0.4948791
3.37263 0.2581988
2.629629 0.06175368
3.374492 0.4154172
2.893761 0.3938861
3.07375 0.2647131
3.050997 0.4725199
2.858955 0.1740031
2.928286 0.2576495
2.557511 0.1378152
3.126935 0.2307689
3.394401 0.3705825
3.216104 0.355079
3.057183 0.4115591
3.877742 0.3892571
3.008478 0.438007
3.771635 0.4822202
3.003987 0.2739152
3.618641 0.384522
3.691743 0.28082
3.147362 0.1927295
3.137091 0.2628491
3.363309 0.4947896
2.96601 0.4047477
3.126835 0.2551963
2.870539 0.09118578
3.082178 0.1267903
3.293709 0.2918058
3.443887 0.1149631
3.072437 0.3024984
3.057317 0.2555863
3.336547 0.04725478
2.460233 0.2484629
2.573068 0.3111595
3.023364 0.3011018
2.677897 0.4373272
2.769125 0.2251924
3.076023 0.02542517
3.590447 0.1553605
3.422887 0.3169744
3.565812 0.3654675
3.114368 0.4991795
3.177487 0.2816614
3.875039 0.05345951
3.350056 0.3252663
2.888315 0.2502242
3.393032 0.4934347
2.97644 0.4366508
2.513673 0.2421865
3.24675 0.4009198
2.60708 0.4524989
2.867328 0.1044491
2.990785 0.105032
3.02967 0.4493756
3.128356 0.4168912
2.923677 0.1351467
3.274399 0.1716885
3.43029 0.2541269
3.425871 0.4599981
3.047088 0.1829029
3.700183 0.2314104
2.628714 0.2060056
3.193317 0.3635495
3.043193 0.3198211
3.123225 0.02609744
2.692048 0.1732952
3.287074 0.1896805
3.131473 0.460585
2.990693 0.492062
3.493755 0.2527183
2.829802 0.4494558
3.537197 0.1448508
2.941154 0.4566711
2.831928 0.4619655
2.748678 0.3982311
2.678208 0.3370635
2.477487 0.3975606
2.701072 0.2889384
2.942377 0.2573567
3.330444 0.3189743
3.425434 0.4076982
3.566126 0.1859246
2.80425 0.3022395
3.2746 0.2971916
2.87308 0.3695795
3.350962 0.09955694
3.162297 0.4104906
2.902242 0.2673839
3.000502 0.2425751
3.156154 0.4484733
3.031893 0.117855
3.075253 0.1208662
4.222064 0.3651264
3.073089 0.1239298
2.669871 0.476041
2.883695 0.2011655
2.765584 0.1735946
3.121713 0.1280338
2.863439 0.0500224
3.009368 0.4529084
3.399896 0.4034102
3.530241 0.0646603
2.98585 0.3208364
2.935058 0.4232421
3.38561 0.3832423
3.484419 0.2523624
3.509615 0.09804916
3.261463 0.404212
3.865529 0.1020747
2.72084 0.2158121
2.751709 0.415839
3.621885 0.2441602
2.481016 0.4847382
3.085058 0.4473879
3.32712 0.3239292
3.005516 0.1827376
3.564797 0.2644427
3.291006 0.3400684
4.004913 0.2326496
3.764757 0.4731116
2.835161 0.07452549
3.105619 0.483162
2.852249 0.269669
2.692325 0.343052
3.100198 0.05627859
2.939872 0.05834756
3.074975 0.2685909
2.623917 0.03591771
2.901388 0.4960493
3.207354 0.331626
3.062545 0.3880397
3.23936 0.2807974
2.979722 0.1331688
3.144065 0.3865505
3.537449 0.2227285
2.699648 0.4095996
2.873028 0.4873172
2.695201 0.02792476
2.897264 0.192158
2.867401 0.2832768
2.812212 0.2936205
2.805344 0.1754966
3.354483 0.1074821
2.868825 0.1630847
4.224584 0.201935
3.099333 0.1748006
3.294715 0.4057468
3.394256 0.2712367
2.955287 0.4367152
2.541468 0.3995091
2.907055 0.1242474
2.822554 0.1675626
3.385641 0.3997494
3.43317 0.3060874
3.419334 0.3301343
2.798573 0.4725247
2.816789 0.3674988
2.704468 0.221104
3.198134 0.3322275
3.256081 0.2032368
3.028247 0.1268185
2.796485 0.301441
3.101342 0.08627382
2.904861 0.3518775
3.915192 0.1170234
3.553253 0.2646898
2.920994 0.4104489
2.804391 0.2252582
2.925228 0.05568774
3.034081 0.4621853
3.508068 0.06310255
2.518363 0.3645301
3.432862 0.3878189
2.756416 0.3703414
2.779963 0.4114542
3.191814 0.06289127
2.723641 0.1093014
3.226697 0.4622032
3.290403 0.1887875
2.720823 0.343599
2.652821 0.09156338
2.98448 0.4026158
2.756161 0.4257755
3.177564 0.2202155
2.807185 0.3701753
2.637433 0.1119808
2.89467 0.08019844
3.337651 0.2160058
3.156577 0.1585062
2.593274 0.4291502
3.421508 0.1977329
3.236693 0.2586531
2.822096 0.2226034
2.975625 0.3973192
2.93004 0.4240903
2.731417 0.4947337
3.279909 0.1631811
2.772042 0.4305491
3.207652 0.369204
3.701381 0.206005
2.599243 0.2718672
2.909023 0.08639351
2.45365 0.2249602
2.757743 0.3539195
3.036678 0.4094398
2.956112 0.3521029
2.422254 0.3933027
2.676772 0.4309441
2.541226 0.4884796
3.169015 0.2167077
2.672245 0.266888
2.896926 0.05658657
3.015664 0.4974147
2.638136 0.4654342
3.125314 0.3146742
3.103689 0.3266956
3.178775 0.3323754
2.666846 0.4859255
2.883683 0.4289804
2.936927 0.2426041
2.832706 0.3324344
2.915568 0.4777884
3.077448 0.1325675
2.728604 0.3517895
3.002753 0.4770438
3.230218 0.4817923
2.935667 0.03503266
2.71579 0.1295359
2.822917 0.347707
3.020935 0.3805898
2.833142 0.2247667
3.554025 0.3706418
2.978428 0.3053917
3.32562 0.3169641
3.159515 0.3672868
3.746925 0.1959409
3.63614 0.06604891
2.528687 0.1383215
2.771201 0.1851577
3.122276 0.2054303
2.743609 0.2323642
3.502152 0.1536486
2.919638 0.2611379
2.628235 0.2654037
2.606514 0.2822554
3.136594 0.05564738
3.127051 0.0359699
2.493657 0.3156574
2.783158 0.4564236
2.78558 0.185495
2.854062 0.4807481
3.118229 0.141957
3.376333 0.2716577
2.517185 0.4229258
2.811958 0.3276763
3.446974 0.1439663
2.596108 0.3334294
3.088908 0.4314774
3.016494 0.03179626
3.013681 0.4427543
3.425348 0.04322305
3.840291 0.2402738
3.310713 0.3444444
3.366413 0.4955037
3.282378 0.2090345
3.382447 0.2974608
2.830287 0.2725726
3.363142 0.0302411
3.241635 0.3791173
3.169707 0.07264019
2.901205 0.3911369
3.001995 0.2072885
3.144182 0.1769593
3.619774 0.1599278
3.478291 0.07627816
2.973878 0.227216
2.022263 0.2684609
2.321301 0.4777402
2.622104 0.04740154
2.700176 0.109717
2.6514 0.09090329
2.880164 0.1547497
2.867128 0.4816407
2.83044 0.3829098
3.493434 0.4013143
2.932392 0.4315774
2.469842 0.4774815
3.394747 0.3472005
3.839498 0.2888068
2.823718 0.1952449
2.930464 0.4462557
3.503399 0.2416922
4.10725 0.4722588
3.358549 0.4295616
3.195027 0.4864626
3.110561 0.1246039
3.00287 0.2900515
2.551067 0.335432
3.096001 0.4628923
2.957192 0.4253438
3.229864 0.1056714
2.76616 0.4130947
3.832251 0.4012348
3.056763 0.3399226
3.338465 0.2995104
2.918296 0.3562708
3.165511 0.3254933
2.931926 0.1049697
2.739275 0.4572337
2.864395 0.4854167
3.034843 0.3733525
2.708752 0.222642
2.864458 0.332049
2.649196 0.247119
2.85573 0.2584505
2.184994 0.4342793
2.934035 0.4990375
3.265657 0.2069964
2.978233 0.4884207
2.578188 0.4438709
2.731175 0.225107
2.589857 0.106127
2.751378 0.1038215
2.887892 0.30074
3.037848 0.05347226
3.364647 0.3145
4.204959 0.3374133
3.638129 0.119851
3.359502 0.3544054
3.989297 0.2308671
3.386017 0.3974548
3.078199 0.4855786
3.032832 0.4510437
3.079091 0.1870618
3.013074 0.3103451
3.096378 0.218297
3.026951 0.1494284
2.662128 0.4293698
2.932906 0.2436566
2.888257 0.3530758
2.601945 0.2849448
2.88037 0.1079026
2.578631 0.1656604
2.921964 0.448677
2.570053 0.2037386
2.585603 0.1792944
3.723047 0.4421236
2.944677 0.1301539
3.30068 0.4474918
3.037874 0.4796884
2.780256 0.339184
2.734564 0.4147372
2.974271 0.4185319
3.672856 0.4585816
2.879198 0.3791218
3.51193 0.1207028
2.838211 0.06363587
3.344663 0.07622798
3.113763 0.283339
3.327187 0.4305567
2.694605 0.3981841
2.828776 0.4604954
2.669475 0.245644
3.390983 0.283302
3.569211 0.1492649
3.014637 0.4948898
3.469975 0.4309513
3.476678 0.3384148
3.45395 0.2694737
3.240334 0.1877194
3.380891 0.4136665
2.55478 0.08066986
2.897751 0.2324839
3.548133 0.318156
3.332647 0.3425466
3.402659 0.3460449
3.50286 0.3110142
3.123709 0.3892892
2.616656 0.09927194
2.882881 0.4241472
2.689542 0.129514
2.613563 0.2210679
2.66977 0.1474086
2.594311 0.3602953
2.301219 0.1871489
3.391309 0.4475806
2.497701 0.445695
2.891785 0.2876116
2.843841 0.3226878
3.586166 0.3271947
3.193436 0.4107511
2.503555 0.3995709
2.968499 0.3053922
2.933047 0.3150604
2.978848 0.08243365
2.633937 0.2011784
2.910416 0.3169738
2.567738 0.1187918
3.08664 0.4054173
3.079686 0.1785926
2.642588 0.4623368
2.978112 0.152378
2.654647 0.3291072
2.592806 0.2678042
2.670795 0.3864017
2.553505 0.2777079
3.45666 0.04472635
3.04618 0.3402669
3.379792 0.1763483
3.430183 0.1043789
2.998472 0.3493897
2.632997 0.02932665
2.907899 0.4667847
3.167864 0.2457796
2.895 0.4629529
3.39915 0.2813256
3.239871 0.4839752
3.071236 0.2249177
3.521131 0.3693826
3.134172 0.3686526
3.444443 0.3478875
3.702311 0.1912739
3.08574 0.3533004
2.988924 0.3825152
3.568526 0.3640606
3.063287 0.3066371
3.023919 0.2569927
2.868403 0.04767845
2.840146 0.4042396
2.965022 0.2996067
2.876933 0.2134342
2.951291 0.4954787
3.478627 0.2912443
3.234244 0.261653
3.472257 0.343672
2.485798 0.4107679
3.17559 0.1389384
3.039936 0.2196752
3.172138 0.2812659
2.890658 0.4091714
2.747417 0.1633274
3.432823 0.3459197
2.954916 0.435264
3.161103 0.1975532
2.995731 0.4407487
2.69027 0.4912776
3.521394 0.2849325
3.057036 0.2401702
2.941855 0.2726286
3.282952 0.3111847
2.758103 0.2462943
3.021733 0.2433312
2.954429 0.3020396
2.714355 0.192395
3.282711 0.169981
3.095786 0.2718198
3.155341 0.4263327
2.945916 0.4240816
3.156702 0.4984841
2.602092 0.2865274
3.496744 0.3610262
3.263166 0.3976781
3.060174 0.4580298
3.424637 0.1756303
3.297898 0.3316532
3.00034 0.491433
2.873379 0.130797
3.532775 0.2166527
2.987119 0.218322
3.127827 0.1378165
3.073018 0.1522544
3.712098 0.1486196
2.849958 0.4669067
2.631814 0.2666565
3.170673 0.389341
2.667321 0.2813429
3.772049 0.3405991
2.692078 0.4736896
3.025992 0.348099
2.895867 0.2290417
3.03463 0.2726523
2.953426 0.4825829
2.74072 0.4523187
3.474148 0.4148966
3.007607 0.3159481
2.859768 0.489616
2.345072 0.4231075
3.022671 0.3182234
3.177647 0.4670542
3.186689 0.1064497
3.163123 0.124217
3.216742 0.2851649
3.095229 0.3901897
3.188283 0.2782431
2.539697 0.3942094
3.0527 0.3371083
2.642409 0.2872688
3.529652 0.2271589
3.039036 0.09352348
3.0809 0.2998886
2.659164 0.2391376
2.90214 0.1227185
3.764737 0.2117976
2.571536 0.1260591
2.967946 0.2886518
3.127792 0.3605109
2.956848 0.2378997
3.624747 0.3074493
3.086538 0.196896
3.011503 0.3102592
3.178662 0.4809214
3.757765 0.3299849
4.155153 0.3854858
2.844561 0.07199664
2.497708 0.4196165
2.921002 0.3577253
2.694559 0.4085444
3.33502 0.1493615
3.179748 0.1293732
2.819412 0.3806248
3.100072 0.4816628
2.830909 0.1990059
3.354677 0.1402902
2.737781 0.4885636
2.560705 0.2976418
3.330569 0.4163393
3.364099 0.1835024
3.511758 0.1011344
2.927853 0.08169129
3.075455 0.4760852
3.151446 0.4347196
2.961099 0.2343701
2.923574 0.1216711
2.487521 0.1719295
2.379288 0.4750884
2.524591 0.2431129
2.534145 0.28534
2.787712 0.2557719
3.226559 0.1452428
2.797833 0.1532147
3.837395 0.1221255
2.916031 0.2071631
3.318896 0.1067155
2.958812 0.4136783
3.1299 0.4961616
2.874341 0.2698689
3.481961 0.3099521
2.687634 0.2960708
2.597868 0.4913838
3.24638 0.257257
2.753116 0.2579368
2.845125 0.3438334
3.011959 0.1479739
3.100434 0.4024114
3.25097 0.2555592
2.840917 0.3114144
2.770483 0.284724
2.978465 0.3949793
2.818103 0.1741518
3.405206 0.2677976
2.73957 0.1450743
3.638197 0.4559586
3.019973 0.08707049
2.857424 0.3772603
2.614296 0.1782617
2.906678 0.3579781
3.209479 0.1537088
2.964867 0.1797849
3.086333 0.1131356
2.941832 0.04536453
3.212728 0.1674673
2.722524 0.2859795
3.531049 0.2330802
3.061831 0.1857214
3.579632 0.1761883
3.482288 0.1281711
3.838663 0.369714
3.025057 0.2578196
3.500077 0.136072
3.39176 0.4829298
2.73153 0.2544532
2.997127 0.1548873
3.070572 0.3223082
2.938748 0.2175557
2.919192 0.4314715
2.707535 0.3378386
2.864327 0.257255
2.752115 0.2663266
2.706235 0.2873056
3.050601 0.4043925
3.233668 0.4519685
2.927019 0.2489388
2.91695 0.3305021
2.587474 0.4997935
2.408235 0.3740256
3.08388 0.1012052
3.136278 0.1402169
3.460931 0.2498718
3.704033 0.1155554
2.504221 0.4170032
2.897384 0.09830237
2.91632 0.1702455
2.893479 0.3338578
3.196149 0.3345375
3.015016 0.4675106
3.225216 0.3621158
3.006507 0.1911412
3.094473 0.434094
2.907613 0.3712473
3.122243 0.4244008
3.624784 0.0606176
2.825013 0.2336685
3.400666 0.3059729
2.580246 0.3687141
3.322915 0.3370495
3.655366 0.2492159
2.716525 0.4125185
2.65239 0.4957257
2.828579 0.2244894
3.451315 0.3422111
3.582689 0.4307517
3.123513 0.404752
3.916135 0.2965315
3.800866 0.1344743
3.10564 0.04647731
2.852292 0.2947492
2.843483 0.1515845
2.792352 0.231879
3.225137 0.3405082
3.458214 0.2310978
2.807063 0.1496053
2.820649 0.09381738
2.882729 0.4141833
3.647406 0.4276284
3.521606 0.2795067
2.956936 0.4703794
4.257358 0.07767496
3.077963 0.3268922
3.197074 0.4332743
3.370047 0.3629596
3.831468 0.1928229
2.836351 0.1365347
3.170903 0.4006946
3.417991 0.3867454
3.381947 0.4339042
3.510119 0.2220856
3.372447 0.2620136
3.144573 0.4648353
2.960874 0.4358494
2.898264 0.3318277
3.590836 0.1735852
4.100908 0.2837705
4.057696 0.4068619
4.086805 0.2405187
3.106129 0.4490653
3.051858 0.4996317
3.0061 0.3678867
2.974333 0.1867165
3.318809 0.1672585
3.642942 0.2120782
3.022177 0.1326183
2.517521 0.1296119
3.576219 0.2747062
2.493422 0.2572539
2.823975 0.1962385
3.368253 0.03573852
3.188399 0.265231
3.100365 0.2706669
2.992233 0.2257194
2.987023 0.3515165
2.521185 0.2296608
3.39073 0.2340098
3.323772 0.3323178
3.481059 0.3093297
2.781997 0.1096755
3.815072 0.2800727
2.818599 0.294816
2.880656 0.4441525
2.992133 0.4516514
3.23576 0.04354224
2.712612 0.4077881
3.150414 0.454723
2.990225 0.2637004
2.757921 0.1971625
3.225476 0.4007479
3.453654 0.176694
2.865721 0.3331779
3.130141 0.1706909
2.908623 0.08259752
3.139924 0.3988605
3.502472 0.1620284
3.567181 0.4211302
3.027712 0.4620078
3.104808 0.1738697
2.858035 0.415276
2.883216 0.4497153
3.013615 0.4320446
3.13228 0.2567602
2.728188 0.4470897
3.328791 0.05497065
2.990094 0.07066826
3.311892 0.4279143
3.283365 0.1999405
2.842281 0.4119925
3.188206 0.2441119
3.008612 0.1104764
3.306212 0.2853499
3.004657 0.2014356
3.383815 0.2045644
3.180292 0.08135096
3.758541 0.2110723
3.481586 0.3264844
3.147138 0.4694347
3.049835 0.2907503
3.519021 0.2831691
2.704158 0.3463561
2.879694 0.4787864
2.720245 0.3009649
3.685433 0.4759551
2.913647 0.2632542
3.298668 0.1943574
3.549743 0.3615188
3.135021 0.06516059
2.632398 0.4314719
2.474904 0.1652635
2.936218 0.4189749
4.041359 0.1229839
3.345728 0.4585805
2.888475 0.2683138
2.797315 0.4867341
3.033402 0.3836637
3.239589 0.2233271
2.595109 0.1073972
3.528202 0.2433998
3.580255 0.4155277
3.321032 0.1191914
3.204684 0.2902692
3.277057 0.1756476
3.114982 0.3354738
3.090719 0.3589811
2.836352 0.43442
3.019024 0.2580729
2.813849 0.1162004
3.194229 0.2499083
2.834039 0.171676
2.915796 0.4151664
3.050957 0.4662264
2.913274 0.3150165
2.816322 0.4814179
2.838776 0.447787
3.046057 0.3896131
2.84985 0.4887356
3.042931 0.3488498
3.117591 0.4004632
3.718095 0.3587645
2.783212 0.3989482
2.722893 0.4250763
2.852653 0.300656
2.75518 0.3552378
3.229653 0.1990814
2.97348 0.09330302
3.291556 0.3220779
3.013555 0.2418197
2.885681 0.1032379
3.208571 0.1641029
2.955276 0.1864498
3.146151 0.3168119
3.201317 0.2397097
3.343085 0.3130622
3.295802 0.4481382
3.104949 0.1958801
2.868074 0.1549824
3.627847 0.3246623
3.225092 0.3392967
3.215135 0.2170704
3.292728 0.08214365
4.256951 0.2446485
2.683282 0.1718708
2.790943 0.4127388
3.094441 0.4512057
2.613678 0.4926149
3.095317 0.3420218
3.676425 0.09031919
3.19507 0.4311682
3.262226 0.498834
2.987381 0.3393059
3.404486 0.4548319
3.429901 0.3350855
2.89841 0.1876121
2.79178 0.05580591
2.928229 0.1454183
2.942604 0.3812989
3.302615 0.2109898
3.296035 0.1660444
2.64032 0.1041642
2.989759 0.4270203
3.095117 0.4384938
3.017591 0.2071617
2.860939 0.06382702
2.386593 0.4848517
2.891758 0.1783526
3.0031 0.3983277
3.436315 0.283651
3.079581 0.280659
3.14342 0.3551261
4.35972 0.1215009
3.485521 0.1905481
3.849422 0.4701175
3.4566 0.2008962
2.972377 0.08743243
3.128319 0.4387473
3.138505 0.1845046
2.984411 0.4524725
3.082061 0.2425283
3.070605 0.4600336
2.713825 0.3463345
3.541343 0.1153217
3.070832 0.1751002
3.441362 0.3038106
2.931935 0.3276789
2.748498 0.1565405
3.317902 0.1358696
3.406839 0.4135232
2.877444 0.4473394
3.761442 0.1079922
3.452882 0.1879726
2.962898 0.1205344
2.893414 0.4188022
3.502214 0.3990315
3.383836 0.3488574
3.25829 0.4554659
3.052226 0.3266327
2.333719 0.2925488
3.17331 0.361565
3.297889 0.04358078
3.293703 0.4254735
3.424957 0.4300975
3.252241 0.2742943
2.835079 0.4689551
2.986248 0.3114682
3.697473 0.2605078
3.411493 0.4915083
2.986145 0.4408632
3.363251 0.351276
2.391311 0.07778648
2.734515 0.4419306
2.546466 0.03895137
3.415416 0.3689696
3.276244 0.3793964
3.638569 0.05568535
3.125359 0.1538978
2.711204 0.2426691
3.294972 0.3251852
2.815747 0.1624656
3.233634 0.2007053
2.970338 0.3522886
3.105858 0.2938186
3.465318 0.08538574
3.739738 0.06524207
3.2382 0.2180692
3.309126 0.2860567
2.892115 0.1102924
2.89698 0.3433282
3.352938 0.349627
3.246759 0.1177371
3.488319 0.3572074
3.19853 0.09807583
3.39705 0.08504011
3.572838 0.3067308
3.286761 0.1793076
2.699837 0.2947031
3.265534 0.2801014
2.65821 0.1569253
2.56567 0.2928754
3.430766 0.4369413
3.75996 0.1980324
3.048015 0.2679899
2.923372 0.1815743
3.361684 0.3668636
2.990513 0.491095
2.82774 0.364683
2.771903 0.3170228
2.850013 0.2125071
2.694242 0.07407705
2.898605 0.4719608
2.554771 0.3724412
2.765588 0.09677658
3.380208 0.1262779
3.184814 0.4786914
2.810161 0.4911921
3.014756 0.375441
3.823391 0.1666552
2.769716 0.1398057
2.800223 0.08623533
2.440245 0.4148104
2.753693 0.2435305
2.453654 0.476555
2.632495 0.442667
2.775993 0.07768473
2.652169 0.3792258
2.840333 0.3682261
3.465412 0.4095584
2.875669 0.2972723
2.778306 0.3203999
3.31354 0.3662336
3.316507 0.2251028
3.209142 0.3946172
2.724537 0.1084642
3.096467 0.2382932
3.355854 0.3515286
3.000424 0.2653008
2.883207 0.4470698
3.299677 0.3246184
2.971947 0.2888801
3.012883 0.1708536
3.049879 0.05286199
2.809603 0.1296852
2.82944 0.3859558
3.107437 0.2252487
3.032338 0.14019
3.592198 0.2281648
2.944005 0.1937234
2.985984 0.3329789
3.044945 0.2923481
3.977773 0.1114829
2.576267 0.4752722
3.133295 0.3301183
2.497353 0.4564385
3.147167 0.285257
2.765737 0.4749684
3.038129 0.4491136
3.10637 0.2432049
2.722778 0.2205022
3.951633 0.0536676
3.094238 0.1725334
2.8478 0.1477218
3.478525 0.2649855
3.101755 0.22519
2.69081 0.1188608
3.266513 0.3633774
2.805339 0.4133544
2.882218 0.274511
2.883512 0.3487977
2.526531 0.3551477
2.492873 0.1348722
2.81546 0.252185
3.432619 0.232024
3.361764 0.2222452
3.332413 0.3821915
3.13014 0.4812272
3.283647 0.06825339
3.221224 0.4781318
3.166258 0.3449963
2.865126 0.2080845
2.807501 0.3096857
2.597533 0.4660502
2.68022 0.09870386
3.256623 0.4770958
2.718661 0.4238961
2.856323 0.2158198
3.127094 0.4974173
3.164625 0.4399581
3.54938 0.1302943
3.424691 0.411031
2.775416 0.2980748
3.147221 0.08983119
2.941272 0.3709005
3.208164 0.4647103
3.763272 0.4193398
3.15813 0.2942048
3.208018 0.2276994
2.691553 0.2318822
2.454963 0.2668654
3.179268 0.03079635
2.587709 0.1183887
3.079689 0.4045055
2.802082 0.3384216
2.944621 0.2772897
3.701992 0.4381673
3.090642 0.1252187
3.272193 0.1635
3.182957 0.2745606
3.443883 0.2947655
2.658576 0.2637733
2.769596 0.4153725
2.915524 0.225337
3.072597 0.1358041
3.374372 0.2546292
2.845034 0.09156432
2.458632 0.4131477
2.566567 0.2474911
3.327345 0.1088242
3.415569 0.4901197
3.07426 0.4919984
3.515628 0.2100819
3.737994 0.2920358
3.283285 0.2010147
3.1607 0.3453965
3.193469 0.4995922
2.983828 0.1957021
3.623865 0.2526415
3.03069 0.3291215
3.40376 0.2419954
2.749411 0.2882208
2.844825 0.2704992
2.870246 0.3809033
3.036235 0.1385774
3.092322 0.4409938
3.438416 0.283494
2.953195 0.2581162
2.999968 0.2402939
3.580987 0.1659101
2.685333 0.4837608
3.328548 0.3415647
3.493022 0.09541615
3.157979 0.07252595
2.737515 0.4722539
2.680105 0.04194002
2.993016 0.2006725
3.648667 0.3296639
3.104 0.4535179
3.091233 0.4464213
3.547496 0.2340805
3.680625 0.2076955
3.726093 0.2839265
3.122169 0.3459948
3.273602 0.1825934
3.146039 0.1655974
3.437147 0.3384896
2.989385 0.4684824
3.064183 0.4512387
2.928883 0.3337622
3.150824 0.2381056
3.350921 0.2913514
2.76136 0.2291946
2.785295 0.2366074
2.958321 0.4610741
3.411903 0.4173105
4.575414 0.319082
2.980145 0.3121614
3.28532 0.2790492
3.631517 0.4519985
2.693333 0.1819244
3.577949 0.4799428
3.350958 0.1905335
3.107462 0.4000682
3.203699 0.2968305
3.166249 0.3876528
3.29257 0.360386
2.795915 0.2526703
2.732108 0.4147028
2.821026 0.486883
2.703074 0.2186705
2.96667 0.293042
3.119414 0.2462662
2.811643 0.2780277
3.099735 0.3311
2.836707 0.1713499
3.141481 0.06109429
3.758771 0.1741307
3.980911 0.3762961
3.181664 0.05797987
3.827017 0.04210563
2.84053 0.2529001
2.695379 0.4697325
3.075926 0.02870709
2.732129 0.194882
2.593251 0.419855
3.410433 0.1299959
2.673046 0.3535818
3.443298 0.1724418
3.123866 0.2089998
3.334193 0.1857689
4.253397 0.4985101
3.117054 0.2325137
3.512112 0.4310484
3.122707 0.3492125
3.580401 0.2604314
3.071912 0.4208844
3.225005 0.293191
2.923895 0.3229869
2.655202 0.2666211
3.264581 0.1225365
3.255682 0.4412334
3.014292 0.3331943
3.364001 0.4122353
2.611123 0.3096789
3.438036 0.2997342
3.251479 0.2095067
3.643861 0.2980451
3.063981 0.1615978
2.833494 0.494299
3.47592 0.1702771
3.349129 0.4040683
3.673074 0.4479121
2.914402 0.3478846
3.88506 0.4474678
3.057221 0.1749552
3.398358 0.2725792
3.018904 0.3551624
2.939109 0.1799758
3.112352 0.3840991
2.70721 0.4585257
3.077011 0.3229741
3.712951 0.2247831
3.890301 0.07616566
2.892665 0.3364707
2.922 0.221825
3.702166 0.3338285
3.546256 0.476188
3.654411 0.4283736
3.306937 0.4218181
2.920173 0.4541995
2.936287 0.3322108
3.221679 0.4939024
3.388277 0.1638101
2.664731 0.02197456
2.897509 0.4365383
2.716859 0.3458853
2.573068 0.3751618
2.548659 0.4734989
2.443251 0.1638468
2.630441 0.2112955
3.43635 0.2591976
3.513817 0.3821198
2.621187 0.07958678
2.47109 0.3857396
3.320636 0.4148456
2.985025 0.3394761
2.682589 0.2178279
3.319931 0.1388441
3.025028 0.09848244
3.528823 0.210062
3.159881 0.2127707
3.929591 0.3058628
2.575573 0.3299298
2.76992 0.1059657
3.059656 0.4269171
2.786021 0.3362953
3.216659 0.2472218
3.16428 0.2152874
2.650558 0.1765754
3.450049 0.4438441
2.78496 0.1464237
2.708904 0.4572049
2.946451 0.1322357
3.129081 0.07283527
3.421774 0.3189953
3.122747 0.3544957
3.342732 0.3987243
3.358707 0.4245471
3.288094 0.3579462
2.586609 0.4892408
2.966007 0.1944213
3.203381 0.3674388
2.987025 0.2630363
2.729756 0.2339264
3.007129 0.32667
2.636054 0.3347087
3.032792 0.03126065
3.478703 0.4375358
3.82049 0.1939669
3.512367 0.1305846
3.847708 0.2685942
4.172706 0.1516093
3.273934 0.2505107
3.105582 0.4072948
3.394642 0.1601027
3.553857 0.119594
3.450309 0.4473366
3.476223 0.2742905
3.075727 0.3793759
3.100408 0.356521
2.409312 0.4504562
3.321897 0.09975316
2.495856 0.3317458
3.019049 0.2868333
2.949333 0.3733231
2.78523 0.3333853
2.412619 0.473231
2.997744 0.4671651
2.712966 0.2867121
2.561547 0.2104575
2.941427 0.3352737
2.937533 0.09886581
3.393894 0.3970408
3.499011 0.4177546
3.219729 0.2113149
3.697803 0.292233
2.958999 0.4068072
3.330887 0.04615753
3.372628 0.2147981
2.739564 0.4018157
3.224759 0.4404457
3.322569 0.3867502
3.295903 0.07630681
2.6411 0.1439494
3.234846 0.3897291
3.059667 0.06842585
2.641725 0.2099313
3.242112 0.2654321
2.76065 0.4191282
3.132539 0.2089737
2.961537 0.3466872
3.927578 0.1585577
3.789701 0.4459595
3.395105 0.2689328
3.104396 0.2494211
2.660823 0.3869209
2.695856 0.06435927
2.598634 0.1538018
2.920855 0.4461719
3.429472 0.2937706
2.899819 0.3711047
3.130219 0.1596723
2.849482 0.1484503
2.738503 0.3976278
3.437937 0.2791562
2.556963 0.3184033
2.796731 0.05139325
3.01352 0.2032194
3.236369 0.1056349
3.041174 0.1482982
2.588422 0.2246604
2.856891 0.164767
3.16753 0.1785446
2.835803 0.466547
2.962857 0.08712303
3.120112 0.3131065
2.824735 0.2317145
3.310199 0.4871298
3.164969 0.2851255
3.146153 0.3437852
3.076286 0.1077481
3.12439 0.483314
2.709896 0.05267817
2.543033 0.1831041
2.792795 0.3206412
2.791333 0.47849
3.223448 0.4305714
2.666232 0.4763444
3.100888 0.2939488
3.318225 0.223206
2.762202 0.253415
2.829539 0.451024
3.093542 0.06197016
3.093702 0.1260877
3.843799 0.09689961
3.254075 0.3975277
3.092776 0.2919572
3.701439 0.03526302
3.203262 0.3092488
3.410963 0.1464298
3.707813 0.2869659
3.200434 0.4023697
2.957694 0.4124905
3.186192 0.1118392
2.909977 0.2938664
2.602415 0.4431964
2.849064 0.1243468
2.529135 0.4001113
3.319158 0.3275118
3.075043 0.2651374
3.027019 0.1040952
3.316075 0.4639189
3.172889 0.07978018
2.887759 0.3305964
3.518451 0.4291005
2.754742 0.2105788
3.037821 0.1008322
3.968598 0.3584874
3.171265 0.4248176
3.190966 0.3777331
3.064288 0.3854446
3.02287 0.2177477
3.371596 0.170706
2.856603 0.240315
2.666904 0.2918939
2.753066 0.1905306
3.732669 0.4844819
2.82169 0.3053627
3.129262 0.2773566
3.410664 0.2483796
3.372955 0.3417198
3.46782 0.34104
3.08996 0.2461661
3.666221 0.3179453
2.885248 0.3089401
2.995601 0.3186937
2.57763 0.4177937
2.816455 0.2297723
2.770763 0.4169498
2.806854 0.2357504
2.883153 0.03351728
3.002604 0.3838103
3.126183 0.3938195
3.245078 0.3629755
2.90845 0.06353081
2.704992 0.2513039
3.086411 0.0518031
3.013264 0.3386645
3.118217 0.4428116
3.718877 0.3959926
3.28107 0.1497464
2.646068 0.105862
2.502962 0.1297622
2.953496 0.2459193
2.813692 0.2868315
2.842759 0.3565076
2.59774 0.4323501
3.18046 0.1313436
3.252867 0.3696255
3.042686 0.165793
3.623626 0.453871
3.499196 0.4490639
3.079276 0.3082474
3.702749 0.4598773
3.2853 0.2031019
3.084406 0.1129853
2.686821 0.3860412
2.665494 0.1239821
2.690971 0.315155
2.943205 0.1852657
2.923096 0.3075503
3.180431 0.2865878
2.819128 0.4453062
3.199594 0.4383689
3.067489 0.06826886
3.089301 0.3861092
2.830968 0.2861529
3.099702 0.381847
2.76855 0.2561175
3.20398 0.334775
3.264246 0.279114
3.040692 0.3671646
3.813348 0.1275534
3.483508 0.2178033
3.115559 0.417802
2.952934 0.4289091
3.025772 0.4547598
3.012976 0.09279521
2.99563 0.439699
2.878902 0.123769
2.922946 0.335685
3.165094 0.372239
2.931322 0.3906026
3.323562 0.4593704
3.264211 0.1456506
3.270088 0.1295971
3.511117 0.289754
3.26231 0.3259918
2.902453 0.283566
3.347593 0.4108367
3.377481 0.1706764
3.447418 0.3234335
3.167686 0.1983062
2.950454 0.4535684
3.118216 0.3549854
3.270471 0.3163656
2.678879 0.373745
3.779547 0.4273056
3.044219 0.2986759
3.076775 0.04754828
3.150728 0.4338462
2.873129 0.4011395
3.394634 0.2200671
3.457795 0.2323519
3.817202 0.1584974
2.691775 0.4238301
3.148841 0.1568115
3.480262 0.4156626
2.949241 0.3697853
3.194598 0.4986459
3.686148 0.3178548
3.438441 0.4409896
3.583118 0.09369152
2.849022 0.3635601
2.927985 0.3157189
3.166391 0.09334424
3.214907 0.4290211
3.351753 0.418583
3.324177 0.315383
4.386529 0.1162829
3.790614 0.4273006
2.985622 0.2430337
3.054778 0.3260078
2.857809 0.4656604
3.235628 0.4821777
3.202052 0.3611126
3.303389 0.1996079
3.620361 0.2517711
3.386253 0.4273931
3.479415 0.1785091
2.798749 0.4674594
2.437719 0.1946102
3.091736 0.491487
2.913815 0.1170812
3.138742 0.1127674
3.33705 0.4676719
3.18722 0.1455312
3.103613 0.1657995
2.511382 0.3842218
2.804015 0.2562678
2.626919 0.4964318
3.068099 0.3346912
2.971759 0.4132465
2.814817 0.2311432
2.72155 0.2694078
3.135234 0.4958742
2.642604 0.2999187
2.754428 0.4900401
2.387697 0.40943
2.850778 0.09135241
2.423232 0.2916381
2.161779 0.4995677
3.189163 0.170007
2.86718 0.3663395
2.977148 0.2552128
2.837556 0.4350564
2.950623 0.09447556
2.661246 0.4850061
2.552518 0.4147011
3.184095 0.4028617
2.750317 0.1142245
3.546172 0.2953977
3.585928 0.244288
3.160118 0.04162771
3.217897 0.08930642
3.523967 0.2793329
3.07444 0.07060838
2.882773 0.3150951
2.690572 0.277294
3.06458 0.4731834
2.502785 0.06686649
3.094542 0.4769812
2.786931 0.4615818
2.606583 0.1736078
3.081729 0.4247134
3.094235 0.3050822
2.969573 0.4461096
3.616394 0.4250924
3.041866 0.1057281
2.52074 0.4783769
2.93732 0.3888458
2.768155 0.3282307
2.745272 0.3589581
3.228682 0.1759695
3.145913 0.3142035
3.132449 0.4976764
2.757239 0.199631
2.80986 0.1867916
2.957663 0.1606208
2.804613 0.2967579
3.247624 0.2804664
3.5741 0.3251854
2.980486 0.2263393
3.466043 0.4263191
2.820616 0.1940848
2.988175 0.3283405
3.333561 0.1332896
3.687108 0.2491848
3.226287 0.09886826
3.127273 0.1080553
2.973263 0.3393373
3.29301 0.1224699
3.273726 0.2614041
3.93311 0.4880055
2.918889 0.1807148
3.034786 0.4612602
3.160111 0.06878746
3.153882 0.1493354
3.025531 0.2190619
3.013556 0.1900969
3.248638 0.303395
3.007467 0.3443232
3.075706 0.3994051
3.149178 0.2362343
2.746709 0.2488009
2.923904 0.4762402
2.885746 0.19292
2.809027 0.1108726
3.152709 0.3387993
2.934674 0.4990035
3.185259 0.3992846
3.374116 0.2201667
3.353942 0.1287649
3.314837 0.1131612
3.47269 0.09341614
3.264652 0.05950641
3.83667 0.1361442
2.742617 0.338601
2.967574 0.04901992
2.710355 0.2039901
3.071817 0.2778081
2.688409 0.2689695
3.188964 0.3647012
2.914884 0.1942212
3.231935 0.2622655
3.22496 0.06996336
2.897304 0.3935496
3.086679 0.2583307
2.791134 0.04514811
2.848009 0.04969766
2.763914 0.1589026
2.846164 0.3034983
2.585182 0.2192884
2.606485 0.3484376
2.729398 0.1149944
3.054598 0.3866343
3.184641 0.2745765
3.808482 0.4159347
3.50317 0.1827766
3.592978 0.05233455
2.50309 0.110955
2.912359 0.09670616
3.010081 0.3476164
2.659474 0.03426113
2.485599 0.2605363
2.374639 0.1151912
2.754017 0.3821135
2.911663 0.4490061
3.240762 0.2733137
3.880255 0.4580995
4.243107 0.06173037
3.201481 0.2814729
3.195133 0.06242221
2.502804 0.4993337
2.940351 0.1144205
2.504147 0.4604522
2.597043 0.1253431
3.249323 0.3981464
3.316533 0.4578904
3.190963 0.2143163
3.446108 0.2259795
3.318066 0.214242
3.770669 0.3883414
2.939801 0.2578768
3.512206 0.2544017
3.629217 0.09523039
3.776571 0.1110121
2.881437 0.3735984
3.405582 0.4650124
2.384703 0.4381702
3.254604 0.4953845
2.502324 0.3523229
3.166407 0.1603882
3.021987 0.04870504
2.959907 0.3247216
2.685935 0.2649615
2.787822 0.3229547
3.012165 0.3471169
3.455811 0.2014033
3.473022 0.3670582
3.003403 0.2086502
2.838788 0.3589729
2.958442 0.1054889
3.268188 0.3882062
3.035546 0.4814316
3.492442 0.2854313
3.5467 0.2677809
3.098814 0.1397993
2.742455 0.1848102
3.017327 0.1834197
2.597979 0.4399706
3.377876 0.4214126
3.373019 0.2532235
3.338832 0.3530964
2.726143 0.2826207
3.654533 0.4408326
3.53626 0.02622264
3.041957 0.3669926
3.281647 0.3847182
3.068984 0.1897917
3.04518 0.4586581
2.84966 0.1766176
2.788989 0.2079442
2.866175 0.2415098
3.225211 0.2198332
3.090551 0.2171582
2.600214 0.2588091
2.724098 0.3862535
2.537505 0.2151243
2.920803 0.3160271
2.899565 0.2277121
3.064902 0.2703253
3.110021 0.2245188
3.104217 0.3930786
3.296606 0.1274913
3.229961 0.133005
3.384572 0.3350377
3.270577 0.1377741
2.939257 0.1520841
2.779572 0.2648281
3.021929 0.3722444
2.935336 0.287874
3.145883 0.2619559
3.116119 0.3482225
2.85532 0.3153347
2.838499 0.1984424
2.676404 0.3841853
2.594539 0.3703729
2.768424 0.09501852
2.979286 0.1170471
2.662323 0.4972156
3.022246 0.1699804
3.471648 0.2690232
2.88604 0.3319243
3.044707 0.1496331
3.181645 0.1471987
2.768184 0.4468086
2.57989 0.4088954
2.605501 0.09782795
3.183384 0.2722873
3.10123 0.3937329
3.114719 0.3734909
2.967236 0.460768
3.4042 0.4771488
3.314238 0.307758
3.452463 0.1752844
3.588846 0.4411088
2.97591 0.3556496
2.820444 0.1547115
3.04318 0.2718805
3.943133 0.2568174
2.909775 0.1561873
2.826712 0.3225147
3.631537 0.04912629
3.09013 0.3498425
3.560962 0.04676774
3.670878 0.484908
3.412429 0.3733541
2.917539 0.103675
3.671146 0.4311242
3.21524 0.3926352
3.084365 0.1128896
3.448151 0.4297291
2.869853 0.194517
3.415688 0.3622679
3.744858 0.1910266
3.274439 0.4023295
3.629964 0.1056253
3.217098 0.3597977
2.986179 0.388382
3.861725 0.2384946
3.080524 0.03723891
2.863996 0.1530609
2.625276 0.1455792
3.072146 0.4255473
2.868145 0.1382746
2.989122 0.4856008
2.585259 0.3136857
2.748516 0.4679116
2.88581 0.05080546
2.703876 0.4695212
2.53979 0.3361481
3.287925 0.3191485
3.142111 0.4831661
3.408563 0.02849684
3.247671 0.2937046
3.083243 0.4811741
3.10013 0.2349366
3.169643 0.07896018
3.294936 0.4554586
2.891733 0.1647188
2.718461 0.1599062
2.79093 0.1871567
2.821254 0.4080602
2.76844 0.3300729
3.348778 0.3973611
2.826487 0.3733484
2.859366 0.4711497
3.057943 0.2149326
3.30419 0.2098126
2.713274 0.38941
3.024463 0.4976632
3.298866 0.475338
3.061232 0.4574542
3.282933 0.1374507
3.402856 0.4306086
2.977197 0.2957304
3.071465 0.4554193
3.020373 0.4872689
3.187488 0.2152113
3.000968 0.1025852
3.90263 0.2170692
3.846032 0.3056285
2.963489 0.3815506
2.907372 0.1380595
3.552719 0.4165019
3.537361 0.4077125
3.255014 0.4405014
3.291234 0.3743482
2.791557 0.451036
3.25489 0.2143788
2.970011 0.2854293
3.942613 0.1379225
3.325391 0.3041773
2.845642 0.4844917
3.2479 0.2172003
3.276799 0.1283984
2.914323 0.3928449
2.928558 0.3760076
3.630699 0.2277463
3.035686 0.4535593
3.133619 0.126946
3.571512 0.1800673
2.730357 0.4938899
3.178175 0.4440272
3.198461 0.3372585
2.982118 0.3955982
2.953168 0.1681764
2.987159 0.2556889
2.695616 0.4615394
2.750529 0.25978
2.593097 0.1663914
2.718568 0.1756898
2.715048 0.430231
2.598035 0.2685406
2.700895 0.3538171
3.139478 0.3698137
2.792851 0.293163
2.786705 0.2957734
2.672174 0.03954214
3.395453 0.395397
3.905616 0.3611037
3.504516 0.15693
3.220944 0.3542061
3.523032 0.441124
3.937959 0.4506518
2.661312 0.428486
3.533493 0.2005708
3.593516 0.2751236
3.591678 0.08766706
3.253766 0.0438339
2.963905 0.05058546
3.537429 0.1972985
2.973079 0.2517482
2.53795 0.3472539
2.786722 0.2947068
3.017724 0.4511622
2.955992 0.4961286
2.731428 0.2791971
2.772591 0.4098702
4.1156 0.4736066
2.620223 0.2500617
2.313787 0.3163496
2.558543 0.1416969
2.442098 0.4880192
2.354017 0.1836452
2.732332 0.153523
2.639554 0.2350484
2.864877 0.160456
3.327032 0.1245641
3.363417 0.1447917
3.372965 0.1850961
3.351881 0.3556005
3.314403 0.154342
2.83629 0.1936346
2.873558 0.08219195
3.016893 0.4999535
3.085407 0.197957
2.804687 0.3296717
3.054674 0.1381562
3.180922 0.1821879
3.495791 0.1466889
3.401822 0.4647913
2.773156 0.1785985
2.925584 0.2324529
2.837036 0.3752433
2.893686 0.4859295
3.288999 0.344565
3.736452 0.1281783
3.110783 0.2282231
2.702953 0.3212579
2.719231 0.3351193
3.121621 0.1645599
2.946071 0.3466547
3.106101 0.1565571
3.126537 0.2296318
2.794587 0.4658803
3.506643 0.2127881
3.429651 0.2886859
2.903114 0.3328144
3.703572 0.2994022
3.21362 0.4616421
2.884863 0.277685
2.632777 0.2472383
3.575432 0.2367758
3.407775 0.454246
3.099661 0.2051837
3.794587 0.4404475
3.974401 0.4454004
3.72213 0.4654365
2.902406 0.1548108
3.045912 0.3945364
3.059686 0.2079439
3.099418 0.4466114
4.224904 0.384458
3.425008 0.2598998
3.160391 0.4313717
2.905802 0.1096834
3.056864 0.2817004
3.196752 0.2829105
3.670772 0.4212292
3.165841 0.2816804
3.139367 0.3000387
2.781586 0.3164989
3.175302 0.1916394
2.793026 0.2714504
2.966586 0.02436701
3.157444 0.1290533
3.275413 0.23967
3.625174 0.3553185
3.243797 0.2909042
3.501069 0.239726
2.914768 0.4312232
3.700131 0.3446291
3.536679 0.1525493
3.816766 0.1620904
3.224083 0.3877031
3.500773 0.3717343
2.906043 0.422956
3.229311 0.4862727
3.636352 0.02628146
2.890564 0.2760777
3.368378 0.3654758
2.92208 0.2358211
3.211368 0.06918965
2.642007 0.07393925
2.798008 0.1584817
3.086473 0.3513412
3.025971 0.4953387
2.80159 0.3058089
2.805329 0.4220517
2.818187 0.4556643
3.247476 0.4138793
3.055396 0.1675775
2.864921 0.1173381
2.420565 0.2004053
3.159284 0.1309747
3.032582 0.4773708
2.740077 0.1269825
3.28752 0.2364357
3.149558 0.4647083
3.584904 0.0461277
2.844238 0.1348467
3.28778 0.326775
2.946702 0.03811164
3.156838 0.1896621
2.832049 0.4706142
2.917901 0.2467143
3.15535 0.1586386
3.232311 0.350312
3.343368 0.1747138
3.038181 0.2419979
2.98621 0.1301575
2.903586 0.2970186
3.114412 0.1727224
2.970365 0.02993892
3.153359 0.1782174
2.920812 0.4965328
3.365759 0.1315594
3.17476 0.1742284
2.639866 0.1551302
2.870432 0.4662481
2.392108 0.1221587
2.876685 0.4916013
2.809711 0.1989249
3.789618 0.1898601
2.924428 0.4167001
3.721429 0.2226759
3.397766 0.4902525
3.518796 0.4330382
3.07064 0.1934438
2.983228 0.1276448
3.53072 0.1330879
3.481517 0.1227361
2.946239 0.4298298
3.038551 0.2945196
3.184276 0.395723
3.169589 0.1613964
3.540208 0.09230199
3.27668 0.3883458
3.049153 0.08758832
3.482845 0.2028746
3.597767 0.4087166
3.086293 0.4426012
3.102588 0.2295366
3.288513 0.3046772
3.43857 0.451466
2.872099 0.142946
3.754005 0.4234519
2.935989 0.1403218
2.849924 0.1486291
2.898073 0.3516768
2.909893 0.3138896
3.068915 0.3915898
2.522314 0.433353
3.150699 0.4036213
3.095472 0.4588803
3.353549 0.2739952
2.792462 0.1769524
2.997986 0.3172868
3.710839 0.1867521
3.578823 0.1562886
3.395164 0.443631
2.65086 0.2735661
2.586557 0.2894409
2.949277 0.3308127
2.8816 0.281008
2.887232 0.2352224
2.558226 0.2372764
3.258192 0.1897782
2.620687 0.4603702
2.565183 0.3494069
2.666478 0.25995
3.00425 0.2726511
3.175079 0.4363489
3.269902 0.3696534
3.253813 0.1808846
4.019563 0.3043354
3.445038 0.3694383
3.147923 0.4880327
3.744724 0.3440156
3.42924 0.3358639
3.371096 0.4322924
2.70626 0.3263387
2.754471 0.2244108
2.771312 0.3247814
3.185859 0.2674448
3.282997 0.4325092
3.257821 0.4935785
2.750056 0.05715281
2.732425 0.2770126
3.507861 0.4892604
3.06058 0.13399
3.091515 0.2196693
2.436989 0.3535277
2.643481 0.252602
2.729726 0.4555266
3.369986 0.4988248
4.350956 0.2819005
3.314014 0.3854185
3.528794 0.1137632
2.566513 0.4243705
3.147771 0.1482922
2.791996 0.2954028
3.166649 0.4137357
4.005306 0.168549
2.949605 0.4874895
2.80957 0.4920703
3.468918 0.2333367
3.176389 0.4343572
3.414571 0.3637837
3.255324 0.1722445
3.138626 0.3746667
3.273894 0.127331
2.817171 0.09387207
2.789153 0.3597837
3.052416 0.2936244
3.053071 0.2132995
3.430826 0.4377308
2.930729 0.2821012
2.767958 0.3275144
2.613661 0.1756983
2.756884 0.3960452
2.590147 0.4643646
2.694152 0.4243464
2.51914 0.2756878
2.649303 0.306791
2.966913 0.487809
2.427026 0.4038566
2.495535 0.08444049
3.087628 0.3797794
2.828314 0.1683265
3.329349 0.1252434
3.100046 0.1622597
2.956793 0.3829769
3.172359 0.4406702
2.796045 0.1383394
3.335014 0.2574629
2.831993 0.294674
2.61119 0.2293083
2.802592 0.08059219
3.125426 0.3531057
3.608333 0.2368706
3.163081 0.4194796
3.365008 0.06415851
2.643288 0.127976
2.932173 0.3644818
2.434643 0.3956881
3.201443 0.3263393
3.163189 0.2155003
3.379917 0.1340691
3.135876 0.1451909
3.868662 0.2915026
3.628241 0.115398
3.199714 0.2610854
3.068805 0.1651138
3.425283 0.4859075
3.051706 0.3907813
2.935859 0.1929952
2.812752 0.3353815
3.44617 0.1706951
3.14582 0.495174
3.149508 0.2111524
2.593327 0.3378909
2.942301 0.4092675
2.596209 0.1276217
3.018582 0.1831587
3.115029 0.2604481
3.656745 0.2511275
2.575356 0.2020433
2.716362 0.1205312
3.101871 0.429037
2.721233 0.1526457
2.93039 0.4731081
2.941607 0.1141943
3.012194 0.41165
2.682174 0.1427106
2.958097 0.115056
2.765694 0.3672869
2.795884 0.2687942
3.394246 0.2872849
3.219541 0.447668
2.915895 0.0755807
2.978398 0.4973806
3.11745 0.355244
3.408206 0.3184599
3.120778 0.47805
3.150818 0.2422894
3.274869 0.2170853
2.866543 0.4192254
2.835034 0.08154452
3.154651 0.4681762
2.856603 0.1095781
2.927215 0.3865089
3.091972 0.4465111
3.321609 0.2380878
3.64075 0.1355356
3.244251 0.09904454
2.93194 0.2066991
2.706869 0.3856324
2.938625 0.2168365
3.242107 0.4808738
3.238931 0.03934485
3.028898 0.3927807
3.082109 0.3224542
2.966318 0.2800973
3.202035 0.09668295
2.861251 0.3872381
3.028099 0.4520548
2.883004 0.2325316
2.684408 0.3346515
3.316593 0.261899
3.102658 0.1511912
2.902414 0.2391328
2.775226 0.4797554
2.820616 0.09305469
3.165227 0.1444385
2.727372 0.4127887
3.315028 0.2765087
2.736189 0.1586728
2.716126 0.492169
2.839096 0.3407337
3.245009 0.2240943
3.051092 0.3478216
3.654933 0.3647676
3.42667 0.374129
3.013667 0.305816
3.005325 0.4124912
3.061592 0.1582935
3.458086 0.3424351
2.713811 0.1152189
3.25715 0.3365818
2.813356 0.2201234
2.845734 0.1603811
2.367848 0.2398355
2.290843 0.1878803
2.659158 0.1359567
2.778899 0.4427692
2.82596 0.1585301
2.973894 0.4742635
2.861494 0.3246079
3.626763 0.1590733
2.910379 0.2909236
2.864801 0.1781392
3.300461 0.2056926
3.312548 0.3373454
2.948635 0.1220299
2.477022 0.2368077
2.678844 0.4188557
2.907755 0.2020595
3.240367 0.4030084
2.75603 0.4867108
2.632507 0.4974117
2.820547 0.4188408
3.305826 0.4388857
2.871139 0.4540524
3.126839 0.1428277
2.797948 0.3770915
2.664879 0.285328
3.270561 0.1833933
3.152485 0.199655
3.566834 0.2279769
2.950986 0.26184
3.710961 0.2013798
2.608594 0.2784371
2.923461 0.4672317
3.035294 0.4500113
3.368067 0.09030067
3.107201 0.3243329
3.039362 0.08107726
4.067853 0.2946409
3.158148 0.4167517
2.984899 0.444572
3.063017 0.4968969
3.619125 0.3943746
3.790507 0.3033429
3.399092 0.2459378
3.39372 0.1502045
3.812458 0.1076526
3.119178 0.2276524
3.010612 0.09352714
3.342094 0.1966348
2.573163 0.2444358
2.961357 0.4353135
3.558855 0.1327183
3.763175 0.1124763
2.941918 0.3292521
2.698313 0.3786046
3.117051 0.3052369
2.790339 0.07541538
2.647561 0.1425048
2.664791 0.3257332
2.895744 0.1379074
2.596188 0.2014149
2.963087 0.3482337
2.653131 0.2929673
2.7683 0.3040892
2.5474 0.4488466
2.437358 0.09492385
2.579251 0.2570676
3.093472 0.1046133
2.973719 0.224333
3.081402 0.2261335
3.035625 0.4275766
3.259357 0.4424428
2.897713 0.04020169
2.64278 0.2767708
2.699056 0.179567
2.875423 0.3880981
2.936425 0.3347849
2.644869 0.4809204
3.102982 0.4617515
3.318718 0.476457
3.931802 0.2612511
3.805992 0.2507655
3.529886 0.4749996
3.459009 0.1931487
3.158115 0.3776712
3.356724 0.1802958
3.202752 0.2395041
3.654007 0.07278771
3.955474 0.1122116
3.136152 0.3016345
3.36282 0.2388201
2.704122 0.2599478
2.882565 0.4334782
2.954733 0.4764497
3.092742 0.1501785
3.571305 0.168124
3.009933 0.1643293
3.278222 0.1870105
4.199304 0.1666478
3.145714 0.284918
3.474329 0.2488217
3.056193 0.2398724
2.68908 0.2591012
2.702222 0.09495753
2.969911 0.08925812
3.183829 0.09079153
3.024975 0.284369
3.094718 0.2558172
2.836046 0.1659192
3.223493 0.04504457
3.061242 0.4696978
2.831575 0.03945613
3.465047 0.4686636
3.266122 0.3887665
4.164378 0.4355834
3.237906 0.2065729
3.345198 0.3781749
3.334776 0.3838467
2.941309 0.2799818
2.703922 0.1124304
2.55972 0.09857341
2.598146 0.4153398
2.574651 0.1830263
2.988477 0.3239369
3.118996 0.4342115
3.121463 0.4134942
2.614359 0.3083244
2.86064 0.2327647
3.067233 0.05907488
3.143817 0.03874003
3.292029 0.3527133
3.473531 0.2128753
2.685767 0.2586234
3.130622 0.2768228
3.374802 0.2751439
3.564917 0.1994273
3.38597 0.3750946
3.350656 0.3061847
2.902606 0.4685407
2.845264 0.2221803
3.513901 0.451574
2.723913 0.4418856
3.370837 0.3997782
4.082458 0.082849
3.324904 0.4200922
2.688458 0.1163482
3.191116 0.3164165
3.219938 0.2370656
2.790729 0.436451
2.829135 0.3755726
2.680286 0.4043544
2.508744 0.4259702
2.341054 0.3346467
2.574782 0.2453713
2.918893 0.2272314
3.395816 0.4708324
3.072336 0.1177113
2.770627 0.2994915
3.028301 0.3097516
2.610977 0.2462332
2.942475 0.2075985
2.946507 0.2607039
3.26485 0.069679
2.795023 0.418878
3.491408 0.4256905
3.23435 0.1977347
2.938545 0.2461287
3.385836 0.07526001
3.614104 0.2636031
2.574529 0.191738
3.387155 0.4224115
3.150818 0.1983169
2.916649 0.3491805
2.893841 0.1374753
3.249445 0.1422134
2.866955 0.4788217
2.783077 0.3368336
2.989547 0.144371
3.149281 0.1123116
3.270034 0.3206539
3.393188 0.2919085
3.424406 0.3477444
3.144267 0.2659702
3.763326 0.4011125
3.119873 0.4130653
3.007305 0.1874915
3.018474 0.08434181
2.795273 0.3335374
3.260417 0.3587784
2.908744 0.08622122
2.694975 0.3452271
3.031052 0.3255269
2.728344 0.4946234
2.726438 0.2271346
2.991542 0.2891279
2.891796 0.1751918
3.003258 0.4400735
2.909219 0.3172789
3.01806 0.1412463
3.263709 0.1471615
3.084392 0.1180662
2.73685 0.1457821
2.753449 0.4618421
2.851424 0.4518018
2.893511 0.3126973
3.035226 0.3801053
2.536233 0.4855709
3.059471 0.1403168
2.775871 0.4132045
3.69961 0.185402
3.442421 0.4989825
3.460816 0.1149613
2.778244 0.0710667
3.60303 0.2225573
3.33581 0.3282926
2.935634 0.2926489
3.3124 0.4559583
3.352266 0.1713399
3.165225 0.4632497
3.105459 0.4248816
2.332074 0.1302926
2.902185 0.05344552
3.160341 0.2650928
3.25392 0.3659938
2.63895 0.4594581
2.58539 0.4676593
2.743258 0.1352818
2.417003 0.3870931
3.663256 0.4175865
3.218363 0.3049767
3.461249 0.4884199
3.127583 0.1562933
2.965087 0.2387631
3.22427 0.4515697
2.55822 0.3480327
3.101074 0.4377049
3.195708 0.2993239
3.805766 0.1568094
3.313451 0.3192677
3.391918 0.1371358
3.484685 0.3694496
3.295463 0.4855397
3.206409 0.2737158
2.608994 0.4076001
2.953092 0.07037216
3.268568 0.1041014
2.899925 0.4491457
3.419668 0.3558383
3.383831 0.4070739
3.18065 0.4396023
3.069379 0.3668164
2.932798 0.4528717
3.174181 0.2665291
3.352501 0.2757731
3.374499 0.1971996
3.174394 0.3319054
3.211942 0.332008
3.058304 0.04986162
2.989193 0.4284705
2.972831 0.2850554
2.885073 0.411863
3.057891 0.4753866
2.944043 0.04178967
3.366343 0.3769515
3.030486 0.05197821
3.334011 0.2597079
3.788334 0.2623933
3.300489 0.3910547
3.767258 0.2258864
3.40367 0.2499919
3.308586 0.2032543
2.763914 0.1497626
2.672837 0.2914488
3.320417 0.4206741
3.115191 0.3428604
3.066195 0.2462941
3.247662 0.4366534
2.939168 0.3742374
3.41051 0.3221745
3.761073 0.1707573
3.523431 0.2235291
3.759491 0.2143454
3.635595 0.4324664
3.628499 0.1863699
