"comp1" "comp2"
-2.315341 5.333524
-2.388764 4.13991
-2.234959 2.245854
-1.916252 8.244787
-2.838963 7.746303
-3.171094 4.824332
-3.332941 5.588125
-2.743053 5.076159
-3.165546 5.139216
-3.082467 3.786493
-3.029722 6.579643
-2.807488 3.145463
-2.274038 2.819027
-1.861344 3.59836
-1.863069 3.181121
-2.083357 4.899791
-2.138812 4.974593
-2.514709 5.982371
-2.593369 5.842146
-2.089405 3.145346
-2.524798 3.576612
-2.692518 2.296748
-2.880441 2.90916
-2.708028 1.710328
-2.843571 3.382571
-2.913493 3.02517
-2.664824 6.68271
-2.391398 5.664388
-1.92866 5.820204
-1.617566 4.094813
-1.732921 0.6007979
-1.711353 0.6163521
-1.909916 2.616995
-2.273265 3.051483
-2.251843 2.215373
-2.430138 1.731557
-2.743327 0.5513691
-2.781117 1.451684
-2.456309 3.213116
-1.535658 2.012661
-1.832738 3.597004
-2.248262 2.155187
-2.137818 2.013316
-2.533278 3.534363
-2.540621 5.375212
-2.846384 5.384883
-3.311344 4.930341
-3.44868 8.290947
-3.494432 7.81013
-3.389147 3.957212
-2.947891 4.998358
-2.433178 5.921742
-2.795816 5.752962
-2.314386 5.040753
-3.335219 5.64041
-2.584558 4.993455
-2.313293 4.191268
-2.347763 5.130906
-2.507438 4.526499
-2.661002 6.307575
-2.519648 6.875862
-2.719192 5.495223
-2.09159 5.096605
-1.970267 5.694832
-1.992114 4.678138
-1.11788 4.572118
-2.073333 3.666983
-1.662578 6.12097
-1.865146 6.663689
-2.624346 3.237437
-2.737638 4.403156
-2.66203 3.22636
-2.395562 2.959851
-1.851392 2.552373
-2.086682 2.890084
-2.476209 2.782327
-2.858936 6.495844
-3.060493 5.935196
-2.483745 6.060772
-2.859517 7.284023
-2.958276 4.893999
-2.905512 4.112684
-2.582019 4.299501
-2.732666 2.311757
-2.676297 0.9622193
-2.531387 3.115434
-2.055679 2.619495
-2.202296 2.7837
-1.972894 2.635239
-1.491514 2.926556
-1.844933 4.703333
-1.522383 1.742676
-1.618209 1.6292
-1.304714 1.548534
-1.544366 2.111737
-1.345957 2.176501
-1.617294 1.528548
-1.342924 1.686219
-1.826796 1.51296
-1.844447 1.712247
-1.540523 1.752557
-1.862952 3.338755
-1.76138 3.464277
-2.36232 4.432548
-2.280933 3.708017
-2.363043 4.627382
-2.607736 3.905512
-2.483628 5.061524
-2.461358 5.519888
-2.991526 4.921239
-2.962362 3.881574
-2.306618 5.073713
-2.414949 5.234802
-2.315292 5.759811
-2.538141 2.302532
-2.314353 3.279802
-2.316678 3.031548
-2.487433 3.210935
-1.99544 1.887037
-2.011655 1.671097
-2.298245 1.358501
-2.354831 5.536081
-2.49999 6.174937
-2.546379 4.536078
-2.61708 3.15635
-2.451861 3.271109
-2.125983 1.98627
-2.250269 3.26684
-2.050889 3.345978
-2.033233 3.743311
-1.995099 3.177265
-2.269459 5.079791
-1.737369 5.186234
-1.388528 2.982435
-1.755085 4.455182
-1.831245 3.457351
-2.026387 2.275269
-2.12379 2.855922
-1.971263 1.767587
-1.965876 1.790855
-2.13023 2.296991
-1.878669 0.3727906
-1.846769 0.8010363
-2.356733 2.338017
-2.691014 5.194977
-2.582553 3.244203
-2.850826 3.943822
-2.55974 4.146638
-2.694461 3.860219
-2.508634 6.067504
-2.320077 5.521537
-2.180975 2.518924
-2.060178 2.679393
-2.116582 2.954876
-1.828266 4.048998
-1.845251 3.457617
-2.171477 6.096231
-2.523892 3.637199
-2.155461 3.251337
-1.937435 3.017848
-2.178875 3.435017
-1.839958 3.062257
-2.083818 3.540737
-1.982102 3.084057
-1.887745 3.531738
-2.165887 2.258761
-2.253668 3.597523
-2.43322 4.853187
-2.373469 4.253161
-2.305755 3.71823
-2.443283 4.357572
-1.925476 3.723976
-2.495341 4.793411
-2.838421 4.771659
-2.734727 2.595767
-3.179351 3.562979
-3.251721 5.46651
-2.904262 4.29604
-2.578637 2.570882
-2.511399 1.939469
-2.224788 3.012565
-2.021325 4.199525
-2.199863 1.741452
-2.105241 2.141638
-1.971841 1.766188
-1.938794 2.864445
-1.822484 3.486527
-1.76397 3.089563
-2.006133 2.717186
-2.013008 1.640104
-2.064549 2.606956
-2.318825 2.23868
-2.764741 1.567491
-2.491525 3.825398
-1.957703 4.880733
-1.790837 3.624437
-1.586231 3.981328
-1.502743 3.6803
-1.629265 3.229592
-1.845055 0.5190396
-2.002556 0.7911804
-1.773875 2.02461
-1.655659 2.915533
-1.940932 2.719422
-1.751543 1.05281
-1.735743 0.7195453
-1.876025 2.26072
-2.354378 2.813746
-2.366402 4.002587
-2.821247 4.273626
-2.286557 3.909579
-2.209458 3.632866
-2.030755 3.729035
-2.516073 3.906906
-2.592982 4.797185
-2.118633 6.519405
-1.88834 4.531765
-2.270245 4.748093
-2.088288 2.12619
-2.004828 2.176546
-2.111914 3.088968
-2.355947 3.457769
-2.259665 1.754057
-2.058491 4.110285
-1.815335 4.111068
-1.778499 4.415582
-2.600994 3.508005
-2.57111 3.173233
-2.394787 3.299005
-2.612788 4.169007
-2.555235 2.391953
-2.52756 3.243441
-2.459016 2.957111
-2.937032 5.210783
-2.588031 4.508986
-3.168321 5.61678
-2.817522 4.499268
-2.622895 3.300731
-2.889094 0.8978398
-2.835808 3.239565
-2.364552 1.105302
-2.498955 1.371567
-2.620818 3.114889
-2.814622 7.752695
-2.083056 7.964608
-2.090635 7.821339
-2.285414 -0.5794188
-2.77895 3.176392
-2.87379 4.157029
-2.53041 4.986795
-2.504702 4.714487
-2.457852 6.021184
-2.16079 4.002951
-1.915482 5.807185
-2.00702 8.319698
-2.446553 4.652723
-2.70945 5.041105
-2.647155 5.01305
-1.826196 3.028276
-2.192992 5.861918
-2.909159 5.605155
-2.594635 4.7161
-2.159098 2.691476
-1.869267 2.80213
-1.878629 2.250986
-1.767633 3.337108
-2.319099 3.902397
-2.359639 1.824135
-2.272698 3.402052
-2.308882 5.17402
-2.216913 4.527734
-1.827907 5.28362
-1.771949 4.044134
-2.208994 4.274126
-2.580437 3.053525
-2.386047 3.671582
-1.907755 4.361559
-2.334487 2.608108
-2.229735 4.625176
-2.398671 4.766593
-2.753261 5.483042
-3.297085 5.312206
-2.69941 6.805039
-2.606839 7.934653
-2.983953 5.866273
-3.027611 3.550006
-2.501589 2.698577
-3.196829 5.0188
-2.811828 4.37015
-2.307392 4.875301
-2.342126 5.657299
-2.403503 5.877368
-1.695898 2.797162
-1.169882 2.481459
-1.253943 1.676334
-1.350819 2.488718
-2.516687 3.162307
-1.664736 3.526166
-1.829727 2.179638
-2.227163 2.189255
-2.588586 3.912246
-2.267646 1.679134
-2.440643 5.762153
-3.00004 2.75467
-3.100891 2.023506
-3.518072 4.434168
-3.047335 4.486574
-1.917443 4.826164
-2.382504 4.61875
-2.356967 5.599587
-1.90625 6.138571
-2.21319 6.229676
-2.761747 4.962462
-2.714799 4.860385
-2.845259 3.185735
-2.430591 2.95044
-2.209653 3.971486
-1.939479 3.464752
-1.931618 3.843704
-1.783306 4.110921
-1.798581 4.474034
-1.81232 3.703975
-1.911806 3.638807
-1.90666 5.02093
-1.758133 5.067955
-2.072614 5.129638
-1.853098 4.581055
-2.501219 5.918873
-2.072183 4.815473
-2.073952 4.723463
-2.49119 4.056654
-2.033354 3.556205
-1.876288 3.063728
-1.836665 3.879013
-1.903981 4.302562
-1.881673 6.230537
-2.09906 6.660487
-2.665482 4.25295
-2.627889 3.634754
-2.410707 4.267821
-2.574982 2.741332
-2.304631 2.557606
-3.081176 8.105052
-2.947319 8.761202
-3.373795 6.505886
-3.090799 4.61037
-2.964827 4.271745
-2.327275 1.890318
-2.227716 4.646976
-2.57111 3.761648
-3.227573 4.745835
-3.010572 5.896122
-3.194028 5.306959
-2.716777 5.040052
-2.683645 5.034356
-2.622524 4.493404
-2.957589 3.248148
-3.248017 6.533144
-3.553537 6.21389
-2.561402 6.251912
-2.399494 4.866312
-2.668467 6.252078
-3.070841 6.125354
-3.100326 6.02627
-2.736704 9.487755
-2.671402 6.639027
-2.695575 5.589099
-2.814268 6.147547
-3.414688 6.162526
-2.284285 5.851794
-2.660699 2.18383
-2.902693 4.709156
-2.631559 6.268008
-2.460824 4.736191
-2.216323 4.246292
-3.408735 5.535515
-3.033109 4.957903
-3.250889 5.02779
-3.308875 4.979418
-3.571189 5.889278
-3.106747 7.248642
-3.242624 7.195989
-3.264271 6.822696
-2.867979 7.557227
-2.27059 8.646445
-2.249867 9.084085
-2.555263 9.540433
-2.921302 5.687639
-2.544713 4.59757
-1.705514 5.006933
-1.606702 4.945118
-1.359659 3.995653
-2.005445 2.591978
-2.276454 3.37952
-2.147274 3.303606
-2.06142 3.718987
-2.347244 2.342469
-2.027771 2.408901
-2.089301 4.941189
-2.346592 4.025926
-2.293586 2.345172
-1.965506 3.651858
-2.273511 4.262377
-2.642668 3.414591
-2.796115 2.688798
-2.424075 1.807054
-2.279591 6.156466
-2.470124 6.571508
-2.477417 5.042492
-2.359099 4.375145
-3.158735 3.607971
-3.114154 4.160162
-3.194838 3.500476
-2.99071 2.492554
-3.609037 7.322396
-2.681302 7.366265
-2.349375 4.194635
-2.402031 5.40746
-2.378212 4.348948
-2.702753 4.758675
-3.094736 2.679189
-3.130408 3.267702
-2.848571 1.837141
-2.586062 2.766647
-2.291022 2.791316
-2.528405 3.922453
-2.885117 5.392619
-2.647014 5.625514
-2.584567 5.884806
-2.733047 3.937233
-2.546813 4.418136
-2.891384 6.020187
-2.734033 4.153434
-2.501326 4.097221
-2.360326 3.663018
-2.045479 3.515658
-1.767632 4.827999
-2.344857 5.653227
-2.179237 5.193065
-1.830674 5.1407
-2.215566 5.098379
-3.068984 6.090276
-2.697222 8.133711
-2.85871 6.628553
-2.496226 5.993582
-1.39817 4.285986
-1.533957 3.417371
-1.585413 2.08975
-1.283478 1.747815
-1.168335 2.064599
-1.361286 2.890049
-1.343905 3.751405
-1.738736 3.213655
-2.198725 1.788088
-2.228276 2.711384
-2.057175 1.791244
-2.362392 1.437209
-2.883323 2.250556
-2.779835 4.84179
-3.134477 4.492746
-2.743797 9.151929
-2.612146 7.350614
-2.354903 5.633323
-2.650532 4.979445
-2.449128 2.744834
-2.442041 4.839483
-2.352002 8.178767
-1.953251 4.590866
-2.455772 4.297626
-3.099479 3.405075
-2.61182 6.988209
-3.242131 7.370756
-2.282351 7.838191
-3.170687 7.583088
-3.323718 4.539406
-2.659704 4.82316
-2.668262 2.967762
-2.309253 3.893587
-2.890284 4.755612
-2.422574 6.983355
-2.400583 6.109473
-1.975429 6.753786
-3.148456 6.244121
-2.558179 6.779742
-2.555747 8.22262
-2.432704 8.065841
-3.004681 6.834039
-3.552015 7.329424
-3.133881 7.347842
-3.207578 5.709319
-3.520525 5.934003
-3.179942 6.034084
-3.121987 4.947284
-2.421852 6.200365
-2.07438 3.090341
-2.860729 4.877154
-2.041753 5.449429
-2.396224 4.420321
-2.458568 3.50266
-2.314632 4.142803
-2.247064 7.127138
-2.483152 6.373104
-2.677893 6.84446
-2.587167 6.824684
-2.266018 6.420147
-2.009528 5.837641
-1.488255 8.065013
-2.664072 8.106075
-3.164888 7.530709
-3.67618 9.888935
-2.324813 6.495486
-2.342236 6.684431
-2.643858 6.550016
-2.01102 5.796436
-2.143513 6.704366
-2.810716 4.541952
-3.111329 4.338516
-2.77856 4.947017
-2.480248 2.902593
-1.967182 7.340999
-1.79733 6.809629
-2.232915 6.459013
-1.686594 6.206701
-1.779134 7.46502
-2.554012 7.80282
-2.058525 5.904878
-3.20628 5.350767
-2.605763 4.489873
-3.176885 4.755081
-3.20437 2.031624
-2.569357 2.136734
-2.246177 3.151067
-1.617228 3.982047
-1.639318 3.81369
-1.930809 4.059456
-2.20247 4.591442
-1.507157 1.915228
-1.390928 0.8108079
-1.453744 0.8300831
-1.499582 0.6480923
-1.320312 0.5106273
-1.372358 0.483872
-1.19136 2.771111
-1.103585 2.769375
-1.976214 1.592791
-1.838231 3.697332
-1.971147 4.424774
-3.069266 4.076908
-3.61536 8.811628
-3.371302 7.423906
-3.986449 5.15752
-3.342646 4.5482
-2.994912 5.340213
-3.243187 9.085358
-3.212958 9.878596
-3.672479 7.456447
-3.686003 1.870908
-2.53168 3.552538
-3.276222 4.240269
-3.367558 4.636303
-3.12279 6.747343
-2.979904 6.660131
-2.726262 6.611795
-3.11448 9.893474
-2.320308 8.155104
-2.967931 8.578934
-3.458613 7.918532
-3.044217 9.185853
-3.064864 7.610113
-2.771356 1.138231
-2.837275 3.652706
-2.488154 7.734448
-2.829001 7.762872
-2.824382 6.894826
-2.59001 4.726108
-2.565035 4.557525
-2.467086 7.139111
-2.55848 7.398225
-2.410264 9.189061
-2.812763 7.206247
-2.129074 4.240315
-2.154999 1.444301
-2.525688 1.569473
-2.655796 3.758201
-3.017827 3.030408
-3.598412 5.122972
-3.537566 11.61486
-3.525458 2.326217
-3.928546 5.447279
-3.094913 4.588615
-2.162202 4.630988
-2.303078 4.641962
-1.612277 3.861439
-1.340312 3.161634
-1.556493 2.366946
-1.517473 2.054106
-1.552906 1.518715
-2.001609 0.7318221
-1.796483 2.990438
-1.409903 2.161916
-1.651522 2.414818
-1.704569 2.113035
-1.676834 0.4910476
-1.665438 0.59614
-1.81703 3.410233
-1.530342 4.836136
-2.02195 3.886433
-2.326265 3.482638
-2.179962 2.306256
-2.393278 3.886621
-2.465297 4.415701
-2.343068 4.702227
-2.880362 4.461992
-2.464274 4.214468
-2.099921 3.025132
-2.693968 8.436772
-2.564382 8.726214
-2.145647 8.54849
-2.135729 8.035347
-1.95345 7.10015
-2.227884 4.904093
-2.753317 3.692567
-2.609846 5.628807
-2.665804 4.588469
-2.646079 5.065715
-2.184564 4.281505
-2.643281 5.727063
-2.818405 6.371433
-2.9658 5.574239
-2.632582 2.227506
-2.718764 7.386089
-2.877825 4.560535
-2.283824 4.527258
-2.549011 4.884894
-2.186179 4.025455
-1.556027 3.956752
-2.192229 2.461486
-2.608341 3.781624
-3.021885 3.090743
-3.278575 4.145345
-2.858856 6.849183
-2.599071 5.701688
-2.66037 5.643095
-2.941836 5.671014
-2.47364 5.13202
-2.598329 7.30278
-2.490553 6.372255
-2.21662 4.563329
-2.750586 4.41728
-2.760603 2.589168
-2.241937 3.366934
-2.158639 4.423349
-2.398739 11.23347
-2.765024 7.111615
-3.078468 5.041996
-3.410251 4.82408
-3.987709 4.149203
-2.993229 5.270315
-2.988244 4.870885
-3.026461 4.535709
-1.433803 5.536028
-2.091339 5.060832
-2.174276 6.524457
-2.818589 4.961036
-2.803512 3.298025
-3.182691 3.219604
-2.897576 2.877806
-3.143377 3.638392
-2.343137 4.203909
-2.746111 3.97118
-3.349548 4.841142
-3.390289 4.960389
-3.018991 4.825194
-2.644949 7.209837
-2.625154 6.335929
-3.424184 7.1604
-3.049772 5.945119
-3.409758 5.839815
-2.890992 3.887122
-2.345936 3.427775
-1.956279 1.728122
-2.117294 2.027987
-2.095787 1.133423
-2.800613 2.194519
-2.473401 2.773549
-2.343858 2.07863
-2.754921 2.061625
-2.352742 1.238312
-2.400985 2.321638
-2.369147 5.901556
-2.008804 4.603816
-2.277771 5.192134
-2.974445 5.281666
-2.370701 5.244323
-1.914074 1.459354
-1.959426 1.243397
-1.701954 2.358199
-1.829952 2.247155
-2.22102 2.300109
-2.182977 2.049612
-1.745978 0.5125713
-1.887974 1.749021
-1.903815 1.05212
-2.886187 3.915416
-2.114899 4.924836
-2.227055 6.920776
-2.300045 6.144105
-2.111641 5.365023
-2.10489 4.829111
-2.589958 5.530444
-2.940468 5.608936
-2.734283 4.282349
-2.868106 6.934626
-2.309608 1.454741
-2.502694 5.295184
-2.665178 5.623683
-2.05322 5.732555
-2.628705 6.296986
-2.781733 6.126372
-2.558423 7.916836
-2.480745 7.456335
-2.556808 6.967781
-2.929934 5.739168
-2.835949 3.197603
-2.154367 4.570145
-2.394877 3.665714
-2.810232 3.613869
-2.765695 7.708242
-2.785011 7.057032
-2.824203 6.098931
-2.523753 5.287222
-2.633466 3.745348
-2.368432 3.547995
-2.335348 3.156221
-2.55622 3.404404
-2.621658 2.619391
-2.459135 3.640936
-2.341013 9.082338
-1.715552 6.492482
-1.44662 6.624211
-1.966552 6.421991
-2.242946 4.289213
-2.450586 3.760273
-2.752725 4.468271
-2.411146 3.082378
-2.178525 2.060373
-2.357162 1.942783
-2.265544 2.623372
-1.933142 2.827284
-2.429531 3.089793
-2.758541 4.003736
-2.373708 5.31706
-2.762303 7.505877
-2.727594 6.998953
-2.509165 3.587019
-2.357335 3.715771
-2.225017 4.907998
-2.663138 6.377301
-2.32703 6.577332
-2.868 6.828075
-2.360441 4.921782
-3.026338 4.323372
-2.427928 4.039659
-2.572877 4.366962
-2.55346 4.101103
-2.891665 4.510559
-2.350342 6.154776
-2.434631 4.879156
-3.11277 5.933857
-2.314771 4.439835
-1.794162 2.269761
-1.587986 1.804435
-1.698122 3.44048
-2.148135 2.431902
-2.444897 4.215024
-2.445178 3.533909
-2.998827 4.595448
-2.699324 3.180546
-2.281649 4.601713
-2.097975 6.609212
-1.807088 2.842555
-1.073916 2.751882
-1.065795 3.304817
-1.22733 3.067332
-1.509543 3.214999
-1.785391 3.384246
-1.812586 3.194977
-2.109527 4.098943
-2.272568 2.741219
-2.169423 2.680079
-2.281042 3.081725
-2.475888 2.530195
-1.56346 2.679825
-1.515218 2.546317
-1.614758 2.241524
-1.511741 3.591319
-1.347699 0.2504425
-1.956072 1.598683
-2.300616 3.305505
-2.118084 2.808553
-2.458096 3.050278
-2.616311 3.782266
-2.523355 5.303116
-2.785493 3.64324
-2.626602 2.156645
-1.755622 4.121692
-1.820155 6.437743
-1.862963 4.0013
-1.957023 4.110325
-2.162932 5.283914
-1.622221 4.484904
-1.601746 4.383494
-2.167199 7.48473
-2.538529 7.833827
-2.291849 7.32662
-2.686664 7.724521
-2.703613 6.204446
-2.577053 7.10487
-2.350303 4.94333
-2.517252 4.414888
-2.650546 3.581711
-2.798602 5.887228
-2.946258 4.961834
-1.98087 6.276316
-2.006802 6.019195
-1.659548 6.828571
-2.286606 4.861998
-2.516141 5.687652
-2.709848 5.294241
-2.604163 8.182391
-3.1017 5.736255
-3.464807 4.291287
-2.850165 4.825158
-2.29453 7.710683
-2.396888 4.507374
-2.123331 3.015608
-1.808641 4.093925
-2.008866 3.652315
-1.832753 3.597429
-1.840565 3.047336
-1.831038 4.542377
-1.886815 3.388868
-2.206656 3.186792
-2.372335 4.855165
-2.265994 4.807509
-2.353186 4.061507
-2.347437 3.907287
-2.156666 3.363272
-2.316682 4.698785
-2.066156 5.074347
-1.971085 5.008416
-2.417315 3.41357
-1.850492 4.679321
-1.921005 3.765609
-1.537688 3.123834
-1.673018 3.767472
-2.103135 3.484627
-2.195012 3.128217
-2.254333 5.514036
-2.529206 6.484249
-3.176797 5.29673
-2.905113 4.553063
-2.634934 3.583626
-2.667583 5.248999
-3.412419 5.096392
-2.745396 6.900227
-2.086433 3.369771
-2.113796 5.314288
-2.521757 7.8258
-2.531766 5.156568
-2.911103 5.864505
-2.834509 6.214219
-2.869491 6.934965
-2.413726 5.992701
-2.185092 5.066265
-2.252511 4.89279
-2.367513 4.37227
-2.077058 4.93999
-1.852763 3.038636
-1.990759 3.402987
-1.987228 3.741706
-2.368451 3.08593
-2.567074 4.490984
-2.28663 4.010883
-2.361092 3.366274
-2.253001 5.235503
-2.584644 4.039105
-2.769217 4.665854
-2.832792 3.632689
-3.027401 4.636094
-2.997766 6.507633
-3.412326 7.040702
-3.304063 7.23168
-3.252435 2.167108
-3.012861 4.404942
-2.927478 3.716579
-2.913929 4.649153
-3.024894 4.269066
-2.750974 2.656232
-3.373517 4.360564
-2.6846 2.873399
-3.206945 3.121861
-3.058958 3.716324
-3.087232 5.92178
-3.028136 4.130469
-2.931584 5.261078
-1.985974 5.301013
-1.721852 4.753873
-2.190352 3.672591
-2.848656 4.544351
-3.271645 1.663805
-2.98331 3.720509
-2.895786 5.156984
-3.627899 6.46847
-3.73 7.744986
-3.390317 8.034186
-3.474481 7.863319
-3.74685 8.46861
-4.167473 8.178893
-3.945926 4.702646
-3.720069 5.185025
-2.386442 6.340744
-2.376697 8.910658
-2.441175 7.71237
-2.025485 5.454784
-1.691234 4.553865
-2.387975 4.601207
-2.252649 4.936271
-2.710971 3.704771
-2.618062 5.287555
-3.190427 4.344715
-3.374252 4.402718
-2.340333 5.34012
-2.469938 4.442442
-2.104085 4.932447
-2.533498 7.069775
-1.857006 3.77329
-2.145148 3.563813
-2.164982 3.894156
-1.997605 4.360078
-2.090829 4.29847
-2.200304 3.156169
-1.897801 3.045282
-2.407062 2.290419
-2.054717 3.921206
-2.320017 3.195175
-2.047215 3.506208
-1.818897 3.945984
-2.221266 4.514189
-1.948763 3.295708
-1.74586 1.764036
-2.13975 4.418772
-1.845597 4.917939
-2.121264 4.632866
-2.465327 4.907568
-2.681496 6.501871
-1.944176 4.804561
-1.700003 6.358925
-1.9248 5.438734
-1.715072 5.432142
-2.057817 1.584317
-1.694369 1.774109
-2.201555 3.45953
-1.901194 1.849588
-1.902758 2.346684
-1.625896 2.240611
-1.418608 2.56932
-1.314905 1.882756
-1.304453 2.213375
-1.579413 2.853151
-1.91096 1.800931
-1.968827 1.792966
-1.923108 2.654128
-2.447223 3.85008
-2.274829 3.945569
-2.990768 3.71049
-2.309251 2.887602
-2.906019 2.044558
-2.614804 4.511978
-2.094945 2.522479
-1.795431 2.986521
-1.749666 2.500294
-2.184315 4.986055
-1.831035 5.197511
-2.009383 5.302282
-2.179685 4.808142
-2.184761 2.707491
-2.11482 5.232514
-2.431578 6.313419
-2.946123 6.043545
-3.178572 4.588309
-2.859683 5.050556
-2.263316 5.143011
-2.086143 4.521011
-2.161466 3.886
-2.092985 3.345916
-2.201502 2.720297
-3.005255 4.932335
-2.603152 4.706316
-2.166019 6.057878
-2.243457 4.400815
-2.146757 4.0988
-2.648089 2.190994
-2.213318 3.59007
-2.001327 3.134453
-2.122089 3.753017
-1.841291 4.111972
-1.703112 4.198012
-2.187723 5.304168
-2.603533 5.028459
-2.29388 4.910725
-2.025578 4.357607
-2.160281 1.516689
-1.670708 2.783601
-2.304433 4.002061
-1.71676 6.060568
-2.202123 5.122159
-2.383908 4.107955
-2.421048 5.096079
-2.209054 4.026078
-2.325803 6.027059
-1.929093 5.820616
-2.179118 5.31858
-2.165933 2.312258
-2.616097 4.151547
-2.582838 2.115196
-2.562903 3.405992
-2.741844 5.222566
-2.311602 3.902135
-2.095456 3.629828
-2.818426 3.673858
-2.38177 2.029916
-1.882179 1.651271
-1.990206 2.540564
-2.279581 3.323514
-1.526854 3.222741
-2.002722 4.030156
-2.007653 2.66123
-1.902864 3.503628
-2.085933 5.284821
-2.754706 3.989275
-2.684526 4.836451
-2.764198 4.175002
-2.452476 5.439568
-2.606084 4.118704
-2.516417 4.953702
-2.39074 4.117109
-1.855035 4.44457
-2.221208 3.949006
-2.403041 3.605489
-2.79261 7.111624
-3.091184 4.928566
-2.615064 3.515079
-2.25131 4.530607
-2.355878 7.905774
-2.158433 5.138947
-2.07601 5.833649
-2.718436 3.517926
-2.937915 2.634298
-2.196111 3.735292
-1.755258 3.693765
-1.747949 2.837547
-1.978346 4.581494
-1.864002 4.926101
-2.06541 5.066921
-1.820923 3.94817
-1.642505 3.93721
-1.552428 4.41907
-2.154796 3.438824
-2.02266 3.254092
-2.173668 2.776641
-2.089386 2.601097
-1.881525 4.151312
-2.076593 4.299408
-2.326913 4.797389
-2.7576 4.910501
-2.68023 4.655811
-2.651083 3.778211
-2.982883 4.768321
-2.511486 3.11221
-1.509668 2.235034
-1.665138 2.107262
-1.635591 1.372935
-1.789136 1.16259
-1.628793 0.5394594
-1.795726 0.6176299
-2.386525 2.565109
-2.503399 3.568637
-2.87032 4.622238
-2.992637 5.419652
-2.685276 4.930416
-2.258981 5.81611
-2.751571 6.659206
-3.26915 6.0549
-2.98413 5.929176
-2.532398 5.883707
-2.164168 6.560437
-2.379531 6.075817
-2.954827 8.560107
-3.029281 4.474793
-3.009668 6.90376
-2.706352 -0.6073698
-2.474033 1.913633
-2.561292 4.419719
-3.006776 2.755604
-2.360602 2.234634
-2.085003 2.193237
-2.102417 2.611612
-2.371851 3.445875
-2.644486 4.885289
-2.658968 4.454009
-3.014426 6.366408
-2.615113 5.66643
-2.691589 3.804597
-2.633992 5.233695
-2.148425 5.231254
-2.401201 4.646367
-2.257518 3.536994
-2.33287 5.355304
-2.474031 5.603936
-2.567237 8.317033
-2.220847 8.816061
-1.96378 8.05366
-2.605797 6.323603
-3.406569 4.869482
-2.801779 3.342917
-2.894132 2.799516
-2.875622 3.400554
-3.220088 4.975268
-3.074273 4.718651
-2.309863 6.180616
-2.087549 4.715087
-2.423131 4.164555
-2.231019 4.346984
-2.214503 3.460704
-2.187739 2.531328
-2.169789 2.987693
-2.094341 2.730733
-1.721011 3.766586
-2.034918 4.208751
-2.374351 6.410613
-2.426436 3.637446
-2.155543 3.335749
-3.192402 8.771213
-2.561579 7.374231
-2.121905 7.895021
-1.807017 4.953079
-2.232623 4.661903
-2.625349 4.214099
-2.552149 3.719073
-3.006659 4.572708
-3.235854 7.277499
-3.519667 5.149769
-3.279805 3.515087
-2.89491 4.827026
-2.897743 4.61097
-3.054802 1.889421
-2.019235 3.264458
-2.241763 3.935368
-2.328422 5.993612
-2.213895 6.52489
-2.381784 6.714439
-2.842729 8.486804
-2.927919 8.566137
-2.770481 6.094164
-2.155748 3.231869
-3.101046 3.990095
-3.187114 4.059374
-2.670415 3.209071
-2.882074 5.67747
-2.947451 6.317376
-3.002156 5.976333
-2.749828 6.945571
-3.096573 6.842997
-2.256277 2.084073
-2.210936 1.223539
-2.439722 2.5153
-2.521247 2.244918
-2.11389 4.292011
-1.872351 4.670177
-2.31134 3.369806
-2.639102 4.198899
-2.606227 5.474948
-2.669136 5.288952
-2.327566 4.557477
-2.538905 6.035812
-3.018042 5.339162
-2.181945 7.375127
-2.150092 6.077641
-2.29494 7.284915
-1.772101 4.173498
-2.025796 6.094506
-1.522135 6.58307
-1.619681 5.943424
-1.894779 3.527768
-1.366901 2.471818
-1.472469 1.97515
-1.324986 2.325524
-1.346813 2.073632
-1.611999 2.59067
-2.173769 2.541364
-1.788024 2.807386
-1.900746 1.559327
-2.324318 1.356638
-2.061056 2.277773
-2.140057 2.714145
-1.62041 3.087456
-1.804844 2.845208
-1.945296 2.410529
-1.883122 3.106857
-1.579757 2.70072
-1.567891 1.300797
-1.528293 3.79429
-1.783411 3.515038
-1.942345 2.599613
-2.144399 2.645309
-2.06637 1.973719
-1.861455 2.731498
-2.055448 2.827149
-1.912102 2.811686
-2.313144 3.841482
-2.420472 3.307451
-2.66332 2.306111
-2.543454 2.121313
-2.360219 2.451661
-2.319227 2.115693
-2.624641 3.529211
-2.156229 2.947259
-2.080394 2.892312
-2.392038 1.186817
-2.638383 1.802014
-2.519034 1.887751
-2.900369 3.31987
-2.613823 7.138204
-2.726479 7.527201
-2.66149 4.431897
-1.944147 3.599866
-2.014974 4.222384
-2.192773 3.613829
-2.044151 3.955697
-2.126593 4.988905
-2.172556 2.874964
-2.293391 2.35784
-2.301322 3.898031
-1.864545 2.372807
-1.884693 2.05342
-1.752068 3.866663
-1.900253 1.525335
-1.731977 2.001996
-1.714396 2.812484
-1.678715 4.144103
-2.184632 3.798563
-2.177401 4.722443
-1.934187 4.932439
-2.061968 5.275308
-2.119328 5.457309
-1.80119 5.444918
-2.45293 4.823926
-2.588197 4.25729
-2.410321 6.606263
-2.684504 5.857493
-2.453763 4.711074
-2.856666 2.598822
-3.117096 2.033695
-2.639344 3.144185
-2.569846 3.421646
-2.260024 2.75893
-2.100557 3.704014
-2.174058 3.334275
-2.226191 1.554367
-1.783186 3.189505
-1.886786 3.197108
-1.951609 3.288565
-1.955626 2.971495
-1.884902 -0.262205
-2.112784 1.785922
-2.696584 3.120724
-2.814264 3.969265
-2.921156 3.562036
-2.614262 3.409085
-2.6048 2.630394
-2.413375 1.371032
-2.606474 5.13515
-2.232173 5.548668
-2.882038 5.457334
-3.372269 7.120618
-3.047174 6.024719
-2.624397 5.390411
-2.968758 5.276955
-2.95675 6.574631
-3.013611 6.75071
-2.574982 5.629639
-2.67701 3.562272
-2.465491 3.496311
-2.902132 2.935738
-2.752248 5.82852
-3.011904 6.192269
-2.684272 5.653358
-2.880892 7.629698
-2.340508 7.898504
-1.777726 8.36585
-1.943117 8.244479
-2.116157 7.526158
-2.242526 6.860557
-2.468098 6.187558
-2.209958 6.1644
-2.574025 5.298009
-2.571281 5.919811
-2.762105 6.13147
-3.008566 4.392962
-2.857545 5.112925
-3.493369 5.027367
-3.343616 4.917474
-2.987127 4.411156
-3.355137 3.679801
-3.159665 3.967816
-2.944358 3.581857
-2.563534 3.513752
-2.219899 2.895527
-2.534224 2.200881
-1.906357 1.514917
-2.428716 3.609957
-2.323928 4.984029
-1.865097 4.483794
-2.947578 5.363952
-2.457057 3.63614
-2.326238 4.306882
-2.757653 4.601684
-3.167897 7.780842
-3.086542 7.83977
-2.830036 6.65344
-2.906235 4.70698
-2.617708 5.131267
-2.90613 4.523949
-3.543276 5.509969
-2.99966 4.459468
-2.572645 3.645628
-2.897564 5.548967
-2.804752 4.757117
-2.468926 3.886218
-2.278743 4.346484
-2.270496 4.414298
-2.587606 4.336609
-2.594049 1.821201
-2.663136 5.011981
-2.337749 3.350027
-2.388027 2.218626
-1.841552 2.388521
-1.936066 2.737775
-1.499409 2.560718
-1.730564 2.137313
-1.638071 1.489339
-1.801659 1.735842
-1.946393 1.586198
-2.124978 2.380062
-1.795716 2.693983
-1.904144 2.158871
-2.450204 2.871277
-2.198892 2.209093
-2.640689 4.183462
-2.970063 3.326756
-2.524659 4.034885
-2.792273 3.618733
-2.434368 2.513337
-1.528264 3.977703
-1.722967 5.045444
-2.358614 4.357662
-3.06627 7.042244
-2.323183 4.94858
-2.118165 2.858413
-1.848609 1.857472
-1.750352 1.221486
-1.848282 2.204997
-1.805215 2.380279
-1.463562 2.176154
-1.423306 2.068992
-1.545019 2.058705
-2.132382 3.105522
-2.475645 5.141864
-2.163301 5.836241
-2.189478 3.836224
-2.104758 3.378712
-2.042086 3.235324
-1.596829 3.084531
-1.760201 2.684705
-2.124002 3.075793
-2.201768 2.463278
-1.95242 2.04265
-1.863789 1.517076
-2.018128 0.5910784
-2.708073 4.355059
-2.688781 4.901811
-2.45428 6.850077
-2.764649 5.942094
-3.065079 4.431748
-2.717597 4.88634
-2.71872 2.879978
-2.506949 4.104484
-2.839989 4.863048
-2.75617 4.271373
-2.680752 5.809109
-3.264851 6.115502
-3.167273 5.330164
-2.832751 4.125381
-2.678298 3.605606
-3.366424 4.411071
-3.107094 1.984688
-2.665462 3.293831
-2.193884 2.598595
-1.661917 2.6305
-1.508029 2.53581
-1.699618 2.277951
-2.009336 2.520538
-2.341521 1.627123
-1.842461 1.279929
-2.615233 4.269601
-2.379023 -3.891914
-2.546364 1.444087
-2.542877 3.608599
-1.943141 3.923893
-1.965285 1.332531
-2.110366 4.32922
-2.656452 6.599525
-3.06428 5.565249
-2.728994 7.61429
-2.307985 5.855975
-2.558206 6.842291
-2.490933 7.381676
-3.347825 7.549367
-3.072881 7.225148
-3.698573 6.43907
-3.909409 6.772857
-3.96165 -0.7052429
-2.722428 6.996018
-2.598735 2.714776
-2.542336 4.888624
-2.554271 4.680437
-2.077463 7.865798
-2.234575 8.077361
-2.227344 7.409198
-2.028403 4.32252
-1.7901 0.6026488
-1.453853 2.52309
-1.72439 4.979316
-1.987631 3.641734
-1.967813 4.307242
-2.031977 0.5927548
-1.819915 2.496647
-2.312289 3.531669
-3.157678 5.996667
-3.408036 4.997031
-3.199738 4.86239
-3.603279 2.951008
-3.896893 3.219799
-3.633702 4.415965
-3.715341 4.209508
-2.872773 8.084097
-2.012888 5.233902
-1.865847 2.55819
-2.106545 3.171049
-1.900582 2.477025
-1.962287 2.703082
-2.257231 2.220057
-1.89003 1.735106
-2.391681 1.985218
-2.27744 3.873238
-2.057768 4.824026
-2.831311 3.224857
-2.263762 7.392755
-2.448061 7.647982
-2.517869 7.666649
-2.245077 4.320361
-2.474546 5.189524
-3.390151 7.765665
-2.891923 6.359357
-2.420719 4.973803
-3.573638 7.166036
-3.216789 7.124903
-2.571601 1.973145
-2.744877 1.680427
-2.790619 1.493958
-2.657777 2.415695
-2.57893 3.211101
-2.289079 4.38569
-2.06917 4.25325
-1.972762 3.799565
-1.894208 3.204557
-1.557286 3.066632
-1.811411 3.258606
-2.210309 2.032556
-2.058981 4.557173
-2.548212 4.617016
-2.237504 7.141069
-3.43105 9.404146
-2.462328 5.479147
-2.527757 7.327776
-2.487262 7.810394
-2.36562 8.144672
-2.48067 7.768862
-2.356267 7.648913
-2.419146 4.235511
-2.265394 3.115112
-1.610617 3.37354
-1.682468 1.960783
-1.673443 3.504512
-2.375532 2.836143
-2.230456 2.820274
-2.057431 2.53863
-2.433997 2.674606
-2.724025 1.73758
-2.763726 5.802157
-2.571754 4.013342
-3.034513 5.123998
-2.838559 3.783152
-2.427216 4.386083
-2.166017 4.480777
-2.541614 4.590897
-2.273968 4.073008
-2.573671 4.588211
-2.398881 5.017386
-2.618486 6.658293
-2.921872 7.185222
-3.233893 6.156717
-3.839507 6.872763
-2.9975 6.921106
-3.419734 5.171054
-2.92573 4.024496
-2.786351 6.689591
-2.542786 4.991204
-2.537951 4.682711
-2.29629 4.208069
-2.311571 2.302495
-2.33413 3.448766
-2.341143 5.105504
-2.545597 4.838279
-3.082708 4.566782
-2.999473 3.668853
-3.365058 4.11184
-2.841015 4.523481
-2.9777 4.977009
-2.647103 5.393146
-2.279591 4.698704
-3.197235 4.12894
-2.601739 5.704171
-2.414734 4.269369
-2.322441 2.822063
-3.056808 4.263584
-2.536785 3.203465
-2.484755 2.976113
-2.789515 3.559927
-3.021898 5.461452
-3.920523 6.291041
-3.66379 4.517648
-3.864782 6.425878
-4.405746 7.265215
-4.343074 7.330613
-4.331836 7.485701
-4.142351 5.221985
-3.069129 4.861793
-3.020503 5.978198
-2.425895 6.523115
-2.845976 8.528267
-3.29988 8.660606
-2.811227 8.080034
-2.259716 7.940858
-1.725363 5.726426
-2.187745 5.358364
-2.59673 2.24032
-2.962045 3.890099
-2.577843 3.58443
-2.761607 3.318307
-2.476719 0.8651747
-2.702924 0.563795
-2.474382 5.8583
-2.618926 6.427841
-2.341572 3.939115
-2.591211 5.122826
-2.521056 3.217606
-3.373174 5.226286
-2.678528 5.099827
-2.879973 5.379647
-2.777286 5.214075
-3.2454 3.832585
-3.924163 5.782956
-3.191179 6.938364
-3.10673 7.293462
-3.087106 6.295734
-2.571649 6.091253
-2.680826 4.744743
-3.187605 3.977302
-2.937795 3.094619
-2.408649 5.631853
-2.661083 7.197922
-2.455054 4.90194
-2.929373 3.916692
-2.327225 5.277099
-1.905877 3.113957
-2.146504 3.557472
-2.69066 4.776662
-3.03206 4.006787
-2.785818 3.23345
-2.780313 2.29978
-2.933019 4.555647
-2.990503 10.99031
-2.605158 11.1206
-2.155665 11.0985
-2.066404 9.359898
-1.886389 4.504946
-1.721399 5.382275
-1.977438 3.787014
-2.246927 5.09926
-1.708268 6.077881
-2.75478 5.593481
-2.442428 5.234384
-2.257966 3.632947
-1.97277 4.463318
-2.227312 6.059962
-2.446167 5.090961
-2.771722 3.016592
-3.247186 3.199037
-2.918312 3.670553
-2.77468 6.165262
-2.246597 2.721381
-2.435551 3.330226
-1.622698 5.856987
-1.437931 7.147361
-1.75271 6.050135
-2.088406 4.791754
-1.755183 3.42558
-1.636358 3.989254
-1.840522 3.613845
-2.307943 4.28839
-2.633193 4.07508
-2.213305 3.500106
-2.328674 4.86886
-2.699162 4.316674
-3.082747 2.804614
-3.371613 5.216253
-3.44182 5.870486
-3.355622 3.793582
-3.197562 5.061038
-3.236277 3.999913
-2.755156 5.602454
-3.004575 5.495061
-3.206153 4.698736
-2.749951 4.606432
-3.024784 2.289412
-2.798354 3.822172
-2.694775 6.207357
-2.990667 5.304394
-3.202255 4.804879
-2.894753 4.782999
-2.304823 3.416454
-2.185623 4.555393
-2.861169 4.929966
-2.265579 4.175483
-2.137963 4.210722
-1.546752 5.986888
-1.946756 7.275255
-2.112017 9.394972
-2.191563 8.49295
-2.284338 8.562993
-2.581769 4.776133
-2.988676 5.346386
-1.909118 3.234101
-2.366963 4.059041
-2.388751 4.95743
-2.283766 4.033764
-2.530548 4.209217
-2.02436 2.988943
-2.34531 3.040154
-2.570287 3.988467
-3.04197 3.856543
-2.347281 2.176996
-2.26861 1.926698
-2.614541 3.773195
-3.187801 4.995818
-2.256284 4.881075
-2.395278 6.07851
-2.43256 7.575043
-3.014671 8.322063
-2.758221 5.479256
-2.551534 4.106763
-2.902816 4.824132
-3.220683 3.829701
-2.543206 2.82131
-2.725942 4.672108
-2.749918 6.722114
-2.786168 7.097166
-3.210939 6.343449
-3.075215 5.919856
-3.047448 6.778042
-2.632794 4.610206
-2.622866 5.113336
-3.559475 2.899872
-3.4686 4.71241
-3.173067 4.611741
-3.493677 3.195424
-3.343473 5.33148
-3.358511 6.173784
-2.560669 4.897039
-2.479428 5.322255
-2.855263 5.321708
-2.222672 4.877756
-2.303285 5.111219
-1.987711 8.092447
-2.829817 8.760464
-2.795357 8.1192
-2.351137 6.945555
-1.933515 2.668187
-1.584629 3.282772
-2.572534 4.021083
-2.475278 4.432986
-2.685106 2.093997
-2.602676 5.050174
-3.03498 8.06754
-3.417409 4.503865
-2.263388 5.140936
-2.022321 4.793486
-1.96577 3.535117
-1.973735 4.275412
-1.919128 4.089974
-2.10823 3.745228
-2.133755 3.763918
-2.329767 0.8377931
-2.44574 2.673903
-2.361997 3.413098
-2.100001 2.736356
-2.453507 2.667337
-2.160817 1.647352
-2.20057 1.018461
-1.954092 4.806756
-1.776185 5.438016
-1.65515 5.026793
-1.478971 5.057885
-2.383053 3.777963
-2.616204 4.934155
-2.657565 4.669436
-2.775687 3.380818
-2.848662 2.73592
-2.88065 3.282717
-2.741457 3.221792
-2.191097 5.066249
-2.245783 3.981374
-1.040147 4.282343
-1.933214 4.184502
-1.746517 4.140979
-1.80451 3.480172
-1.736301 3.516523
-2.704535 4.506683
-2.84399 4.6692
-2.872526 6.363664
-2.380086 4.168618
-2.206721 4.052725
-1.860382 2.688429
-1.954949 2.919151
-2.381793 4.541024
-2.368665 2.055138
-2.307525 2.238263
-2.29337 4.310854
-2.21677 2.480328
-2.131348 4.22175
-1.926783 3.511537
-1.86574 2.513556
-1.818614 3.842434
-2.170458 2.717694
-2.139189 3.43568
-2.212761 1.799305
-1.916668 1.288123
-2.03064 1.450873
-1.810412 2.248467
-1.979318 2.950233
-2.311461 3.239905
-2.235561 1.928696
-3.064882 3.27937
-2.108659 4.948793
-1.964421 5.701118
-2.024945 5.231913
-2.587152 3.931568
-2.458012 3.318687
-2.591526 3.774946
-2.002782 1.998455
-1.950447 1.815006
-1.999628 2.219061
-1.64897 1.705558
-1.710477 1.446142
-1.92408 5.678924
-2.148845 3.798099
-2.66005 2.069377
-2.748912 1.676019
-2.716153 2.515617
-2.655443 4.535942
-3.189549 4.294387
-3.533456 3.148857
-3.796647 3.83839
-3.97462 8.829823
-3.578715 9.350516
-2.305988 6.219874
-1.641429 2.594687
-2.329865 3.81646
-2.073644 4.469774
-2.872446 4.602109
-2.331531 5.606654
-2.085557 5.810319
-2.257984 5.594838
-2.504299 5.848097
-3.009913 6.131109
-3.217942 7.06326
-2.603261 4.421647
-2.629071 3.097346
-2.374728 2.136949
-2.59854 2.885444
-3.125592 3.46133
-2.53262 4.062691
-1.855208 3.308263
-1.537446 1.549362
-2.055258 3.56875
-2.175332 2.497914
-2.043851 2.287207
-2.219554 4.320474
-2.285616 3.544898
-3.00411 4.088293
-2.599811 3.720123
-2.784198 6.016641
-2.591856 6.110054
-2.273297 7.391678
-2.141347 4.863325
-2.086091 3.960432
-2.787578 4.168378
-3.35287 3.921429
-3.448219 4.727936
-2.925096 4.471705
-2.328495 0.5880301
-1.978537 1.897535
-1.946964 2.437862
-1.721973 1.575073
-1.198857 1.769196
-1.239434 2.807681
-0.8851734 2.592812
-1.196264 1.085818
-1.418855 0.05636483
-1.696488 1.226389
-1.46683 0.9943301
-1.541006 2.248512
-1.362395 1.551051
-1.626059 2.360215
-2.087431 2.609595
-2.020345 4.536882
-2.43498 5.210394
-2.558665 6.613323
-1.96385 4.478321
-2.684534 4.083434
-2.462772 4.415064
-2.047347 4.478421
-2.16253 3.038042
-2.408905 3.867452
-2.630993 2.770386
-2.58054 2.31955
-2.520851 1.804865
-2.668908 6.630552
-2.766873 7.130505
-2.568635 4.309916
-2.172672 3.230412
-2.036751 4.447
-2.45347 4.347233
-2.158609 5.750965
-2.555856 3.926059
-2.681858 6.3713
-2.87587 5.933671
-2.696885 5.767707
-2.990729 4.423181
-3.04418 3.91678
-2.970936 3.646024
-3.552824 4.509956
-3.299028 3.917607
-3.309265 3.834497
-3.120683 5.366549
-3.072388 7.887726
-3.114932 6.149654
-3.208616 5.275191
-2.934834 4.660309
-2.813427 6.824085
-2.629205 6.782082
-2.269551 7.798785
-1.883714 7.431732
-1.402917 7.327122
-2.244901 8.595924
-2.071397 7.354125
-2.537764 5.931457
-2.346963 4.564812
-2.003166 5.524394
-2.055472 5.394113
-3.156577 4.820825
-3.031346 0.7477472
-3.149058 6.657788
-3.152298 5.704999
-2.331798 1.910266
-2.452692 2.879759
-2.252907 2.290909
-2.605301 3.797222
-2.187986 -1.411106
-2.41929 5.430329
-2.798919 4.965434
-2.964932 5.381849
-2.785154 5.855055
-2.538941 4.12533
-2.641383 6.16952
-2.584919 3.409608
-2.362913 4.062276
-2.583807 5.21431
-2.685901 5.312694
-2.070191 6.335318
-1.947969 5.951927
-2.74176 6.411133
-3.133407 5.721713
-3.060012 3.569286
-3.336662 3.89426
-2.721753 3.416917
-2.807973 4.663059
-3.004406 3.305235
-2.583597 2.021362
-2.431265 3.705549
-2.415452 2.730916
-2.127896 3.513161
-2.474963 1.577508
-2.434599 1.494066
-2.492756 3.59838
-3.742441 2.241228
-3.361291 5.145325
-3.254588 4.690823
-3.053644 2.941283
-3.428973 7.20418
-2.935087 7.467291
-2.360753 4.870877
-2.594177 4.938178
-2.559826 3.826519
-2.283462 3.709669
-2.239182 3.981486
-2.320667 2.820774
-1.917559 3.082727
-1.885333 2.740497
-1.745101 3.153105
-1.740178 3.001447
-1.685884 0.3029699
-2.114894 2.188469
-2.17165 3.038634
-2.360412 3.473325
-2.309793 2.96556
-2.342004 4.112414
-2.75175 5.373266
-1.986051 5.897108
-2.466597 5.390862
-2.479026 6.972554
-2.129974 3.116897
-1.815399 3.824028
-1.749699 3.967014
-1.762776 3.154998
-1.832472 2.675076
-2.043033 2.335361
-2.134328 1.540831
-2.177208 1.607337
-2.017827 0.5742037
-1.978012 0.8212237
-1.999367 1.125307
-1.748408 4.849294
-2.834147 4.100297
-3.554272 4.599666
-3.372728 6.020058
-3.294833 4.989752
-2.956838 4.460611
-2.529303 5.02046
-2.912843 4.767247
-3.148409 5.007965
-3.020929 5.590781
-2.866283 5.26797
-2.86171 4.578725
-3.109103 3.637474
-2.833759 3.859366
-2.394603 4.065494
-2.472309 4.684891
-2.844509 3.490417
-2.094351 4.596945
-1.587508 5.435344
-2.713608 3.306287
-2.662357 -9.4123
-1.741928 4.284625
-2.081564 2.454697
-2.388513 3.665947
-2.14848 3.583663
-2.641179 4.329058
-2.163326 5.130075
-2.68173 4.484285
-2.56091 6.015666
-3.23285 4.918232
-2.432309 6.383003
-3.439623 6.054795
-2.604997 4.339752
-2.253124 4.349655
-2.519987 3.207441
-2.259383 4.172473
-1.642872 6.943755
-1.932192 7.659865
-2.030468 7.433562
-1.822251 5.074428
-1.902204 4.766609
-1.967032 4.92387
-1.888988 7.002298
-2.482774 6.626448
-2.228763 6.966583
-2.424815 5.536817
-1.984543 4.428651
-1.810347 3.627927
-1.726705 4.231587
-1.837333 2.688638
-1.789868 4.209003
-1.869809 6.847851
-2.122232 7.496759
-2.51867 5.715443
-2.882904 3.36734
-2.271172 4.881984
-2.628035 3.908307
-2.784237 7.683111
-2.462393 4.394889
-2.815873 4.607591
-2.396184 4.734893
-2.754959 4.390671
-2.899879 6.338715
-2.60536 7.135614
-2.984417 6.46118
-2.817368 6.193658
-2.526101 5.035371
-2.100356 3.097005
-2.191731 2.779224
-1.879719 5.022722
-1.713445 3.322959
-2.633863 3.040293
-2.870541 4.941556
-2.726714 2.721191
-2.28272 1.8478
-2.5782 3.262998
-2.503126 5.767678
-2.297757 6.333837
-2.391836 3.940454
-2.738807 4.079849
-2.18742 5.631566
-2.206079 5.588002
-2.675263 5.405829
-2.701809 4.685156
-2.625792 3.331605
-2.783999 5.275781
-2.533912 5.026883
-2.952109 5.438767
-3.851715 5.788937
-3.700484 6.765257
-2.5034 5.630049
-2.44317 3.859269
-2.484007 3.910903
-2.214572 3.666626
-2.169534 2.322125
-2.207805 3.222236
-2.765209 2.909768
-2.595414 4.077368
-2.952362 4.763021
-3.245499 6.118448
-2.916256 3.735002
-3.133915 3.445084
-3.197904 3.566923
-2.960652 4.761684
-2.570039 3.565799
-2.5192 1.146455
-2.821998 5.424296
-3.079272 5.59153
-2.864765 3.771288
-2.709737 1.455014
-2.895311 5.480392
-3.07343 5.432764
-3.518785 4.719913
-3.228287 4.682716
-3.269202 2.267291
-3.434594 5.315527
-3.657505 9.096145
-3.923782 8.193575
-3.158574 5.230916
-2.622431 2.110497
-2.869242 3.546834
-2.793295 2.442864
-2.603572 2.930684
-2.320439 1.847647
-2.407111 3.400807
-2.489477 5.959159
-2.431114 6.392991
-2.794913 7.629629
-2.611575 6.429317
-3.261225 5.337984
-3.600397 4.61095
-2.568537 5.486627
-2.656023 4.399795
-1.96145 2.602864
-1.896535 2.61732
-2.080002 3.626425
-1.934328 3.801379
-1.733831 2.928006
-1.635578 1.947616
-1.86728 1.375972
-1.808699 0.400165
-1.809486 1.846507
-2.054958 3.459484
-2.531667 5.900506
-2.449048 4.265714
-2.218612 5.121046
-1.965296 3.893121
-1.725311 4.769797
-1.713948 2.995028
-1.66177 3.172177
-1.337559 1.888512
-1.416109 1.934568
-1.703721 2.597728
-1.435016 3.088802
-1.759293 2.881722
-1.512185 1.822681
-1.648292 1.876931
-1.596739 1.953253
-1.682105 2.736659
-2.168904 3.550136
-2.462883 2.622149
-2.782324 3.864161
-3.187501 4.80176
-2.967248 6.166568
-3.088255 3.293209
-3.346277 4.291837
-2.889678 4.704687
-2.921143 5.218721
-2.042118 1.799441
-2.542653 3.630829
-2.126352 6.903361
-2.561383 7.28929
-2.657859 8.600254
-2.148758 7.804903
-2.498094 7.083566
-2.337888 7.744392
-2.091887 6.955464
-1.573462 6.20038
-2.148616 3.225093
-2.051008 3.379312
-1.994183 2.733875
-1.490931 2.54694
-1.765458 2.318321
-2.080182 2.532746
-1.647623 0.8895796
-2.020331 1.521391
-2.090256 1.794237
-2.167013 3.008605
-2.518793 3.62909
-2.514875 2.575384
-2.086171 3.825428
-2.387569 4.978767
-2.262675 3.005311
-2.502578 3.785973
-2.873169 3.966238
-2.525698 5.726325
-3.332526 5.804991
-2.486761 5.280278
-2.572013 5.55273
-2.376417 6.507856
-2.279057 6.209704
-2.494933 6.097836
-1.28248 6.615276
-2.197912 5.875748
-2.066747 4.761797
-2.572761 2.991366
-3.029141 3.975993
-3.071614 6.040634
-2.896441 4.080081
-2.795112 3.973229
-2.728396 7.377308
-2.965481 4.118444
-2.933391 5.354244
-2.225327 5.085933
-1.353664 3.86505
-1.204661 2.989425
-1.138069 2.910726
1.049394 -1.213931
-1.313625 1.218886
-1.378411 1.410489
-1.481663 0.1914463
-1.617295 0.8899318
-1.586369 0.9544184
-1.689199 1.231896
-1.731623 1.332369
-1.725037 1.982789
0.9624857 -1.629555
-1.740143 0.8971292
-1.828247 1.318113
-1.962399 1.323257
-2.446021 3.024736
-2.335382 4.817398
-2.266578 2.048727
-2.233522 1.709405
-1.809561 1.827692
-1.904684 0.6723593
-2.213817 1.895748
-2.228285 2.45954
-2.002405 5.415055
-2.163914 3.306513
-2.260118 3.095563
-3.156797 5.398976
-3.037905 5.906137
-2.949595 5.35666
-2.860936 3.630237
-2.619247 2.315375
-2.216899 4.428236
-2.92701 6.642432
-2.65068 5.468302
-2.749452 6.807453
-3.470719 6.633747
-2.894196 7.003457
-2.517487 8.436574
-2.005428 7.21793
-2.084801 5.946732
-1.675415 5.723913
-1.354497 5.62468
-1.862038 5.302669
-1.556471 4.997577
-1.700081 4.725433
-2.042741 4.778082
-2.349734 5.515601
-1.860801 5.50818
-2.223066 6.59768
-2.486851 6.975001
-3.02299 6.373682
-2.605518 5.670222
-2.665864 6.435832
-2.190958 2.609036
-2.162383 3.610881
-1.87378 3.666945
-2.235519 4.408447
-2.656504 4.502052
-3.246092 5.236505
-2.756916 5.017051
-2.894939 2.011183
-2.424853 3.046022
-2.632732 5.804047
-2.432775 4.951532
-2.109922 4.389519
-2.386074 6.350358
-1.943526 5.600881
-1.646001 5.320111
-1.690281 4.58931
-2.19793 3.716736
-2.257723 2.394529
-2.211394 1.551891
-1.789372 3.10907
-1.781767 2.872174
-1.928204 2.694083
-1.863817 2.235275
-2.040728 2.114072
-1.779844 2.108389
-1.738381 2.662725
-3.616869 8.531256
-2.631729 6.316931
-2.389824 6.974069
-2.131491 6.170869
-2.304482 3.916636
-2.506561 4.411889
-3.140945 4.385752
-2.39285 3.892486
-2.428725 3.974666
-2.478568 4.333813
-2.482853 3.082702
-2.072302 3.109764
-2.112548 5.253583
-2.108336 4.664447
-1.79513 3.404121
-1.688618 3.18841
-1.732049 4.131868
-2.619905 4.605847
-2.548941 4.404868
-2.399016 4.192728
-2.325926 5.37811
-2.087379 5.591189
-2.088528 5.14584
-2.186983 3.728401
-2.441103 3.240964
-2.423656 3.652053
-2.089785 4.295542
-2.281603 4.130053
-2.348024 2.68411
-2.752202 4.975135
-2.772917 5.353657
-2.787356 5.335818
-2.825597 6.207829
-2.926337 5.647586
-2.05452 8.253452
-2.89549 6.993832
-2.292634 5.504581
-2.391925 6.519772
-2.546142 7.104511
-2.293569 5.605773
-1.772993 4.221962
-1.686953 2.240421
-1.535235 3.015114
-2.31268 2.86816
-2.290653 0.9957366
-2.79579 4.335392
-2.231169 3.542656
-2.438974 4.304775
-2.814519 5.508066
-2.752437 7.092192
-2.366667 1.712781
-2.354809 3.839085
-2.192987 1.859922
-2.534367 1.396569
-2.788605 2.861506
-2.305263 -2.964258
-2.529584 3.466705
-2.015123 3.246449
-2.117847 3.460271
-2.131159 2.960377
-2.23178 4.59386
-2.316321 3.998431
-2.271698 1.61078
-2.429314 3.336381
-2.730545 2.41943
-2.844367 4.664342
-3.044609 5.952033
-3.332972 5.256085
-2.942138 10.31455
-3.117259 8.254809
-2.712415 5.547934
-2.613721 3.969938
-2.519029 4.288871
-2.288163 3.411764
-2.900042 4.152637
-2.713545 3.062376
-2.72978 4.807349
-3.564687 4.859999
-3.23931 7.625428
-3.488864 7.180729
-2.358137 7.90282
-2.709811 6.186072
-2.249914 4.513511
-2.14411 4.034792
-2.39201 3.255655
-2.52069 3.346013
-2.96758 3.9978
-2.761915 4.678079
-2.920854 3.986331
-3.200216 4.620223
-2.662415 4.389431
-2.127033 3.669878
-1.988775 2.136689
-2.128412 1.203934
-1.752524 1.925995
-1.808621 1.621493
-2.069292 2.348865
-2.146707 1.723252
-2.252626 1.649861
-2.377644 3.769991
-2.544331 4.045294
-2.818868 1.847851
-2.569443 2.275571
-3.312471 2.761755
-2.795409 2.009091
-2.839915 3.891947
-3.089382 3.771712
-3.288401 5.300995
-2.59237 5.364434
-3.071346 5.309449
-2.958865 4.012748
-2.423775 3.462748
-2.274977 1.859694
-3.087946 6.364013
-3.193092 7.217175
-3.163056 5.681069
-3.511112 4.976137
-2.870758 3.988149
-2.675806 6.635692
-2.217021 6.458644
-1.775322 7.253425
-2.277711 6.953398
-2.794385 6.555641
-3.067265 7.672189
-3.376933 6.017306
-3.911799 4.787888
-3.71435 11.48589
-3.657415 6.473501
-4.257947 6.929305
-4.14121 6.802236
-3.320526 7.782177
-3.586334 7.771718
-3.665049 5.455499
-3.365093 4.467491
-3.556459 7.954863
-3.06551 8.050762
-3.123138 7.925855
-2.70536 8.428369
-3.162041 9.098369
-3.039265 8.465861
-2.943505 8.402682
-2.285791 5.775452
-2.356941 2.715575
-2.017941 3.586488
-2.34794 4.403774
-2.203932 3.946257
-2.521972 3.991778
-2.84376 4.830448
-1.811967 3.100878
-1.720043 2.716553
-2.05781 2.645742
-1.548101 3.160242
-1.443504 3.459896
-1.858795 3.924599
-1.611364 3.157639
-1.833746 4.483138
-1.88215 3.677631
-2.218593 2.096671
-2.25532 2.782742
-1.917395 4.24721
-1.617919 3.52197
-1.593229 4.0834
-1.749611 4.727066
-1.375123 5.778302
-2.246701 5.17555
-2.490947 3.63727
-2.280926 4.56845
-2.775392 3.144812
-2.647561 2.918493
-3.569723 4.82502
-3.697425 5.541993
-3.889564 5.411669
-4.355845 6.389916
-3.898132 7.582268
-4.276362 8.189886
-4.713398 6.323692
-4.397013 4.202065
-3.41759 5.053853
-2.742087 5.492968
-2.39786 4.424355
-2.531474 5.258991
-3.149169 5.214503
-2.783794 5.686707
-3.351392 3.739746
-3.156877 5.198688
-2.477934 5.248315
-1.887899 5.325537
-1.927086 5.613567
-2.555385 6.520151
-2.300603 5.637286
-1.952119 6.240933
-2.009682 5.095968
-2.18722 3.943737
-1.721839 3.929313
-1.561666 3.794372
-1.311057 4.214028
-1.216558 2.171048
-2.029533 2.636791
-2.79935 3.977611
-2.56714 7.997031
-3.163919 7.565498
-3.851343 5.459725
-3.612947 6.641652
-3.139395 2.92961
-2.966475 3.898399
-2.886338 4.793129
-2.934645 6.223716
-3.063946 6.643066
-2.731497 4.577755
-2.967029 6.120177
-2.999516 6.323526
-2.911149 6.884893
-2.895737 8.378501
-3.125537 7.859445
-3.018862 9.31677
-3.501116 9.799446
-3.094767 9.654668
-2.989003 10.07377
-2.781588 2.835934
-2.617328 6.141431
-1.979547 7.25916
-2.090469 6.906703
-2.064717 6.247682
-1.942785 6.033504
-2.452485 2.574235
-2.908159 5.635219
-1.389949 5.902846
-2.08149 5.588744
-2.145131 6.479033
-1.711711 4.502723
-1.802546 3.141185
-2.321297 1.361381
-2.952657 6.456591
-3.057912 9.477298
-3.574276 3.853208
-3.887423 4.627618
-3.949481 9.120324
-2.997241 7.726757
-2.728102 5.987991
-2.669164 6.125128
-2.577623 2.99958
-2.489659 2.90005
-1.982383 3.069929
-2.014315 2.233837
-1.88276 2.433907
-2.025146 1.153725
-2.001174 2.202959
-2.364008 4.939494
-2.427058 4.424663
-3.060249 5.133958
-3.472423 6.034677
-3.489928 4.664076
-2.985188 2.136221
-2.738108 3.488647
-3.269077 3.945786
-2.914716 3.429222
-3.011569 2.116192
-2.891993 7.142795
-2.511277 6.72269
-2.704987 7.666907
-2.941522 6.640891
-2.484909 6.735644
-2.551182 7.521469
-2.577517 9.281512
-2.778895 4.067522
-2.787312 3.329741
-2.325239 4.904457
-2.127253 4.724006
-2.654899 4.741211
-3.282811 6.796823
-2.581653 3.704391
-2.911735 3.888414
-2.790736 3.651872
-2.912573 3.187949
-2.141648 4.000765
-2.186672 4.128467
-1.676852 3.475761
-1.568144 4.358647
-1.721711 4.352219
-2.113084 4.456601
-1.568962 3.410632
-2.086817 1.944274
-2.113425 4.841062
-2.531576 6.459138
-3.231426 6.155285
-2.659617 7.282614
-2.932822 6.307238
-2.331415 6.534356
-1.886098 5.258709
-2.694274 4.186039
-2.661909 3.117717
-2.948819 5.620619
-2.452136 3.928381
-2.584935 2.826831
-3.254653 5.007742
-3.218994 5.467955
-3.080559 3.467213
-2.401754 4.171426
-2.75291 6.453822
-2.683121 3.929046
-2.432318 4.252947
-2.429021 6.135621
-2.549514 5.266072
-2.297097 3.950533
-2.679816 4.267574
-3.285847 4.030894
-3.346488 7.027114
-2.646377 7.884387
-2.153044 4.617058
-1.729017 4.653534
-1.844374 4.619879
-2.257412 3.127311
-2.708042 4.993571
-3.338313 5.340804
-2.77001 2.649466
-2.375557 2.343158
-2.441668 3.194292
-2.115981 2.656794
-1.930893 3.358271
-1.488826 4.300451
-1.659981 3.47303
-1.831819 3.676011
-1.974898 3.415196
-2.353837 3.503213
-2.576368 2.32986
-2.229907 3.452367
-2.020566 2.538434
-1.807278 4.837642
-2.968535 3.485335
-2.918461 3.906067
-3.134589 4.220165
-3.020002 2.851256
-3.168161 4.98945
-2.827301 5.203275
-3.022437 4.819383
-3.378035 7.712877
-3.465292 6.454919
-3.401132 7.243785
-3.234496 4.326494
-3.223163 4.331387
-3.485425 4.961448
-3.214861 6.387976
-2.894356 5.875529
-2.040152 5.850011
-1.994407 3.897655
-1.769228 4.294349
-2.233988 4.436384
-2.735115 4.362937
-2.796835 3.658583
-2.737774 1.334782
-2.960585 2.896337
-2.437189 4.496887
-3.322389 4.994
-3.197101 5.263456
-3.390959 6.924247
-3.615578 5.958622
-3.473598 6.943869
-3.283748 7.576584
-3.029671 6.165699
-3.063365 5.233817
-2.951319 4.268836
-2.492185 5.533776
-2.363614 5.615578
-3.031192 3.83643
-3.133408 2.870637
-3.347496 4.807365
-3.108619 4.001281
-2.793731 2.278925
-2.471418 2.624136
-2.297843 2.47525
-2.5783 3.079817
-2.369344 2.361954
-2.255009 1.581194
-1.998079 1.000904
-2.083076 0.6420793
-1.873536 1.603757
-1.980814 0.7992486
-1.910367 2.935809
-1.790116 2.702969
-1.689587 1.719357
-1.94293 2.571457
-2.31046 4.466122
-2.651124 3.727494
-2.568077 6.809117
-2.585133 3.166716
-2.386923 3.641004
-2.022429 1.951716
-2.221938 4.599633
-2.538649 4.639494
-3.387033 7.448411
-3.123397 7.773866
-2.489359 6.266636
-1.970343 6.56949
-2.237209 3.739018
-2.475173 3.161132
-2.720054 5.731341
-2.680641 2.616264
-2.646564 3.942686
-2.679397 4.59762
-3.197718 4.779441
-2.845843 4.585294
-3.282508 7.252272
-2.829735 4.849316
-2.950427 4.421558
-3.120068 3.584407
-3.012499 6.29832
-2.772308 5.275127
-3.45989 3.524164
-2.885694 2.196039
-2.83734 1.905576
-2.423875 4.414331
-2.313444 6.450316
-3.719712 7.653781
-3.723977 4.064757
-3.585252 7.300019
-3.663922 5.797801
-4.231921 6.426522
-4.202605 7.341793
-3.701876 6.151551
-3.201552 6.461323
-3.241529 8.038561
-3.239405 6.581159
-1.910235 5.304835
-1.440016 4.251686
-1.769873 0.9662253
-2.061818 2.998396
-2.063134 2.222075
-2.476673 2.486501
-2.523607 3.712554
-2.149387 3.560406
-1.923025 5.189349
-1.816929 4.522539
-2.110071 5.029127
-1.651282 4.203102
-2.489329 3.700776
-2.486956 2.820713
-2.416513 1.323714
-2.137431 2.569031
-2.948593 3.083902
-2.871098 2.946573
-3.010255 4.52946
-2.841401 7.168758
-1.941418 5.562064
-1.961551 5.239569
-2.108481 3.55146
-1.795138 2.899921
-1.71615 1.554158
-1.860908 2.755445
-1.966726 2.850433
-2.139026 3.142981
-2.469403 3.846903
-2.509559 5.756113
-1.897172 5.169916
-2.14904 6.041026
-2.08251 6.565004
-1.720513 7.412503
-1.405002 7.59428
-2.274713 4.836626
-2.021936 2.847372
-2.075298 2.390617
-1.394629 1.211198
-1.502028 1.369066
-1.539204 1.557915
-1.71104 3.936232
-2.322746 1.998699
-1.900957 2.589659
-1.848829 3.23413
-1.321828 3.690922
-0.9015023 4.144244
-1.431871 2.893308
-1.835886 1.809133
-1.486927 2.183116
-1.300688 2.193926
-1.191621 1.859264
-1.257154 0.8643547
-1.340669 1.023502
-1.323895 1.374572
-0.9541984 2.005578
-1.35139 2.342695
-1.367768 1.838631
-1.340818 1.364831
-1.675133 0.5999917
-1.869189 2.866611
-1.565393 3.769234
-1.945463 2.91001
-2.093401 2.899542
-1.838272 2.885827
-1.606319 2.775391
-1.641723 2.316975
-1.87326 1.702227
-1.811669 1.577212
-2.028653 2.069799
-1.767215 5.2512
-2.021686 1.151062
-2.43967 3.260965
-2.943424 3.65631
-3.163078 2.305276
-2.476647 5.450639
-2.662922 -1.931452
-2.274041 3.066747
-2.1513 2.94839
-1.824319 2.945907
-1.97851 3.305796
-2.181183 4.508245
-2.557671 3.632509
-2.432232 3.168666
-2.532546 4.255767
-2.434074 4.674465
-2.733824 4.197997
-2.581453 3.842159
-2.501929 4.947827
-2.315436 4.242461
-2.295584 3.539284
-2.194478 5.330218
-2.489252 6.378927
-2.40892 6.602816
-3.103523 6.45925
-3.076319 6.317903
-3.491589 7.427552
-3.353268 9.405028
-3.507076 8.487808
-4.148341 6.945168
-3.577829 6.955048
-3.443392 3.508409
-3.320335 4.821049
-3.209234 5.947096
-3.20179 4.366209
-2.530133 5.798368
-2.594352 4.656344
-2.507236 4.752493
-2.650204 5.599076
-3.504942 6.482201
-3.333576 7.252539
-3.677867 3.710823
-3.632301 4.634176
-3.505896 3.54531
-3.50029 2.3422
-3.055603 3.940114
-2.815391 3.616674
-2.134671 4.15426
-2.180368 2.027887
-2.660049 2.347487
-2.75442 2.440224
-3.223443 4.803193
-2.62945 4.033389
-2.676604 4.287393
-2.750867 4.099351
-2.809817 4.279728
-2.697091 3.402796
-2.544028 3.060608
-2.666589 3.435069
-2.179671 4.360822
-2.432282 5.692969
-2.24908 2.697666
-2.515997 4.391078
-2.319788 3.459763
-2.362145 5.583462
-2.403171 5.273961
-1.797606 5.521471
-2.497263 3.343352
-2.386438 5.098638
-2.580203 3.341467
-3.094141 2.205856
-2.903597 2.737004
-3.116506 3.90122
-2.969171 4.774514
-2.898891 4.622305
-2.649709 5.319176
-3.129311 4.39884
-3.274003 5.219235
-2.445367 5.409138
-2.243386 5.080088
-2.458343 4.932467
-2.279231 3.266188
-2.395727 6.852971
-2.563704 5.359602
-2.573301 5.16389
-2.914277 4.557946
-3.263996 2.617079
-3.298345 2.40728
-2.790447 2.715996
-2.57802 7.534592
-2.850944 6.666296
-2.856093 5.646012
-2.561788 7.237408
-2.89425 7.83079
-2.969448 7.098941
-3.361359 3.838178
-2.788603 3.932537
-2.899901 5.442033
-2.613344 3.324542
-2.419587 4.409597
-3.103511 3.196155
-2.133199 3.701673
-2.258716 3.725032
-2.38214 5.141925
-2.347389 6.146994
-2.726059 5.463259
-2.788451 4.94278
-2.586509 2.952882
-2.478842 1.131771
-2.428045 3.531265
-2.247017 3.602579
-2.480065 4.575053
-2.094225 2.834331
-2.601366 5.110207
-2.998234 6.708466
-2.501445 6.010962
-2.772 5.545014
-2.062648 4.609463
-2.179861 3.239008
-2.572117 6.174463
-2.346197 5.303862
-2.094475 4.752465
-2.758789 5.556047
-3.875704 4.425131
-3.098599 3.215864
-2.816124 2.49563
-2.440461 5.138989
-2.763091 7.253597
-2.777637 8.299022
-2.596825 3.864406
-2.800936 4.671061
-2.943554 5.365768
-3.349054 4.154802
-3.244297 2.073239
-2.803351 -3.723527
-3.08412 5.836142
-3.147475 7.008373
-3.000746 7.679769
-2.811287 8.063346
-2.84463 8.494715
-2.720373 6.078414
-2.75777 4.879167
-2.935455 4.344514
-2.787682 3.620053
-2.904895 2.865807
-2.842083 2.127483
-3.393825 5.696349
-2.920712 6.897946
-2.625198 7.327615
-2.614703 7.356224
-2.408888 7.289901
-2.347128 7.304607
-2.707231 7.969648
-2.794158 8.566043
-1.929169 8.294855
-3.048534 7.425995
-2.549632 5.211928
-2.683507 5.086158
-3.01786 5.054863
-3.263289 5.201851
-2.776799 3.79227
-3.291384 2.371484
-3.124696 5.436461
-1.844697 4.733259
-1.78332 2.640062
-1.447197 1.8281
-1.620622 1.965329
-1.492959 0.1559956
-1.558074 3.092615
-2.448959 3.020675
-2.663168 1.849922
-2.338606 1.763385
-2.234658 2.856184
-2.128233 3.796651
-2.028281 3.287104
-1.958959 3.327692
-1.820998 4.663435
-1.684501 2.200456
-1.592892 1.592818
-1.443071 2.250826
-1.965773 2.491206
-2.032635 3.386931
-1.876348 5.203135
-2.440261 4.883708
-2.52832 5.192447
-2.124835 1.976337
-2.137416 3.296595
-1.98063 3.884673
-2.055547 4.877203
-2.491096 5.253757
-2.299589 3.125974
-2.771898 1.98095
-3.014412 1.312312
-2.880676 4.23961
-3.564147 2.957811
-2.410871 7.15141
-2.317216 8.600425
-2.654334 7.706587
-2.512889 6.918952
-3.245179 4.295418
-2.711202 3.451701
-3.002388 5.349561
-3.089176 7.047349
-1.967709 3.174661
-2.296085 2.288757
-2.503174 3.778233
-3.350854 6.185593
-3.39556 3.635945
-3.524069 4.902191
-3.427784 5.399279
-2.414097 6.378925
-2.942833 5.600441
-3.073391 5.234804
-3.064091 4.456507
-2.700622 4.206049
-2.484998 4.779457
-2.457227 4.061752
-2.86764 4.204186
-2.364664 7.911812
-2.398847 5.255107
-1.871093 6.782113
-2.278814 4.931289
-2.006912 5.405707
-2.302041 2.717743
-2.549919 2.891787
-3.072347 3.258228
-3.083267 2.687493
-2.558692 1.749774
-2.923551 4.275194
-2.47025 4.032724
-2.633502 3.222636
-2.586846 2.806798
-3.491178 4.578415
-3.342404 4.360889
-2.492598 4.755434
-2.184449 3.550922
-2.075834 4.017703
-1.97215 3.614323
-2.392633 3.690828
-2.487393 4.544948
-2.672877 3.178587
-2.728992 2.265446
-3.521327 6.753328
-4.000988 7.921361
-3.554485 4.926466
-3.191167 5.378879
-3.401235 6.224331
-3.212163 6.42978
-2.815202 4.282945
-2.362661 3.644306
-2.291916 2.141865
-1.98724 0.95443
-2.337855 4.050761
-1.93699 4.011237
-1.466711 4.422729
-1.375322 3.981774
-1.532093 2.835039
-1.587154 2.577378
-1.524227 2.31007
-1.790509 2.142735
-2.063446 3.447582
-2.51357 3.900034
-2.973172 8.690311
-3.194883 -4.704253
-2.430413 3.241263
-2.893555 7.469777
-2.786282 5.684478
-3.085632 4.942518
-2.030276 2.634085
-2.170744 3.669508
-2.03882 2.902052
-1.954547 4.260565
-1.905089 4.153333
-1.907021 4.003969
-1.745458 4.680062
-1.968554 5.051695
-2.121929 4.972958
-2.173374 4.051166
-2.576433 2.180457
-2.945318 2.784595
-2.23605 3.060539
-2.427793 4.333144
-2.805213 7.024638
-2.909641 7.169691
-2.627405 7.735599
-1.988475 3.997996
-2.234069 4.669993
-2.124887 4.447218
-2.334018 4.712253
-2.35666 2.413003
-1.891667 3.044297
-2.017598 5.137942
-2.258877 4.164498
-2.763358 4.218876
-2.498775 7.816327
-2.708884 8.355754
-3.009051 4.30452
-3.099983 3.822999
-3.124271 5.126857
-2.822862 7.543115
-2.878842 6.515378
-2.407263 5.212694
-2.471605 3.317015
-2.311197 2.522722
-2.001979 2.669682
-2.290868 3.693438
-2.2985 3.580135
-1.685853 3.876896
-1.599758 3.348116
-1.359552 4.027395
-1.816888 4.75107
-2.241348 4.07636
-2.23509 2.995169
-1.932596 2.721232
-2.342991 2.656548
-2.080752 2.993162
-1.73102 3.434477
-1.764819 2.627684
-1.446904 1.950627
-1.761307 5.234744
-2.095428 1.594652
-2.042903 1.448394
-2.000216 3.639788
-1.953949 4.293965
-1.957317 4.328991
-1.916014 5.198631
-2.44228 4.598372
-2.305609 3.988904
-2.384147 4.683081
-2.590066 5.582871
-2.740241 3.538116
-2.160042 1.450414
-2.448157 2.717173
-3.249812 4.980166
-3.296315 3.790692
-3.109633 3.245958
-3.079026 3.872998
-2.603477 5.347206
-2.273832 4.090229
-2.138302 5.043241
-2.207237 4.122853
-2.15452 2.715941
-2.065523 3.056999
-2.547428 4.192239
-2.143565 2.12556
-2.076501 1.87956
-2.410151 1.078778
-2.49631 4.666148
-2.62281 5.404508
-3.25306 5.543666
-3.472715 3.26605
-3.281634 2.94472
-2.269656 5.380088
-2.196128 5.16107
-2.49552 5.269241
-2.577802 4.743493
-2.543953 -0.5708412
-2.993299 6.37979
-2.894659 4.600437
-3.784031 8.587691
-3.240724 4.97515
-2.472538 3.264695
-2.680484 3.883911
-2.187748 3.284449
-2.273753 4.197127
-1.775657 3.334413
-1.762823 3.519095
-2.462592 3.887037
-2.494915 3.807623
-3.01781 2.951677
-3.072088 5.585434
-3.559633 6.49625
-3.499773 3.779363
-3.343459 6.203736
-2.889512 5.562384
-3.1967 2.574499
-2.849932 1.48776
-2.84042 2.868775
-3.317085 4.033212
-3.17571 2.532866
-3.06511 5.100361
-2.600322 4.352089
-2.13615 3.225941
-2.617455 3.514716
-1.961134 3.956884
-1.84691 4.396854
-2.077583 5.575845
-2.189763 6.110042
-2.18766 3.293015
-2.332371 3.190046
-1.99786 3.516283
-2.374013 4.174064
-2.338624 4.710863
-1.711009 2.944323
-1.645166 1.284073
-2.189333 1.334595
-2.109133 3.157849
-2.597561 2.391333
-3.064598 2.454545
-3.15106 2.798818
-2.328386 3.02014
-2.529768 4.494393
-2.192131 0.4224761
-1.987252 1.980958
-2.211186 1.467725
-2.119295 2.361284
-1.964478 3.3012
-1.767719 3.581814
-2.068266 2.700469
-2.343602 2.080424
-2.576091 2.958215
-2.427149 4.70378
-2.945891 4.17613
-2.85897 5.2309
-3.025286 8.12159
-3.351442 9.004714
-3.554587 10.31731
-4.025927 8.986069
-4.542059 5.201479
-3.653861 5.500723
-3.739709 -3.02372
-3.086738 3.51127
-2.66 2.54322
-2.301395 6.187845
-2.100863 4.545866
-2.288731 4.463789
-2.621622 4.352633
-2.987062 6.186172
-3.567924 4.477425
-3.564436 1.549706
-2.814851 2.832529
-2.586175 3.611791
-2.699215 3.47697
-2.828411 4.255893
-2.994501 4.933755
-2.512533 3.729094
-2.644498 3.216478
-2.262358 3.00004
-2.129544 2.327212
-2.10033 4.180658
-2.099567 2.590358
-1.835801 3.475472
-2.234415 3.178927
-2.338892 4.425293
-2.176396 2.665797
-2.317405 3.085314
-2.433437 4.667423
-2.178298 5.606037
-2.655366 5.150844
-2.018222 9.407357
-2.117163 9.204832
-2.863499 5.387409
-3.208522 7.023261
-2.349974 5.285814
-2.69371 4.617527
-2.706382 5.990678
-2.531782 -2.228838
-2.438915 6.852367
-2.311026 5.571485
-2.09727 5.980672
-1.612376 4.137166
-2.38232 1.605751
-1.783533 2.10511
-1.211713 2.970862
-1.965105 2.937471
-2.016102 3.646628
-1.97402 3.744994
-1.908605 3.652192
-1.995134 4.295201
-2.139617 3.772198
-2.408845 3.563461
-2.48135 4.072223
-2.575494 5.112207
-2.138309 4.13123
-1.912604 2.681455
-1.681159 3.138638
-2.02097 3.799853
-1.929592 4.399972
-1.816763 3.844845
-2.447649 3.734213
-2.880603 3.773975
-2.655556 6.595027
-2.506766 6.29481
-2.948264 5.427483
-2.29197 6.746532
-2.036357 8.562345
-1.716504 7.777163
-2.83702 5.555002
-3.182503 3.369973
-3.168927 4.818011
-3.325106 5.325529
-3.089157 4.947278
-3.32966 4.327802
-3.111594 5.76894
-2.849263 4.68436
-3.183197 3.757623
-3.116947 6.78326
-3.143632 8.588364
-2.899758 6.932101
-3.658666 4.756667
-3.399755 5.31847
-3.020498 6.575823
-3.036511 6.238806
-3.56191 6.123435
-3.300242 5.274657
-3.573988 4.10968
-3.377396 3.288022
-3.275945 5.390208
-3.458735 5.20694
-2.899834 4.987157
-2.91454 4.887656
-2.439107 3.787124
-2.565006 4.505306
-2.586632 2.955904
-3.145212 3.419519
-2.397479 3.609467
-2.118448 2.286577
-1.474257 1.891009
-2.188766 5.935994
-1.741732 3.701193
-1.507473 4.275543
-2.367643 3.933623
-1.883153 3.362847
-2.124157 2.095912
-2.464908 3.020436
-2.910901 2.059333
-3.050171 3.819817
-2.880317 4.36403
-2.573346 4.325402
-2.398347 3.578945
-2.811331 3.797246
-2.609521 4.84426
-3.075928 5.008195
-2.457093 3.111237
-2.245153 3.728679
-2.710783 5.274016
-3.131481 5.004558
-2.554906 4.372072
-2.201365 2.709888
-2.474922 4.033217
-2.844428 3.04762
-2.529316 4.345875
-2.076099 2.198083
-2.08821 3.061572
-1.801016 2.67059
-1.673023 1.892007
-1.618102 2.794997
-1.72422 2.069423
-1.645547 1.388941
-1.617482 0.5320907
-1.694748 0.6904195
-1.424003 0.4912252
-1.576319 0.9563727
-1.676755 1.516015
-2.136326 2.445762
-2.012155 4.16129
-2.835129 4.348119
-3.795837 9.611258
-3.474379 7.858058
-3.492007 9.409986
-3.424884 9.207655
-3.124153 8.141895
-4.209296 6.934704
-4.109479 6.197497
-3.999129 6.733631
-3.391743 7.261346
-3.436769 8.55671
-3.571609 5.120759
-2.958676 3.179719
-2.814813 2.228224
-2.914823 6.176199
-2.152324 3.890441
-2.516256 3.400704
-2.603591 3.535814
-2.218613 2.150333
-2.116595 3.216618
-2.005206 4.417173
-1.760119 3.936258
-1.814963 3.654747
-1.952844 2.698482
-2.451252 4.104788
-2.979997 2.96581
-2.510916 5.340722
-2.868063 3.79108
-3.135149 3.269961
-3.315687 5.488072
-3.529018 4.681247
-2.876808 3.819313
-2.330331 4.850674
-2.035869 2.781721
-2.710408 2.317426
-2.719893 4.699775
-2.403199 5.507803
-2.252217 1.475661
-2.353758 1.356432
-2.543354 5.505309
-2.747526 3.802795
-2.481297 3.452903
-2.255628 3.522169
-2.651798 1.336609
-2.83751 4.528998
-2.2979 3.587059
-2.66717 4.103234
-2.051481 2.878851
-1.91358 2.78159
-2.288696 3.517797
-2.467527 2.938661
-2.864103 2.191844
-2.703706 5.232402
-2.473693 5.714598
-2.615408 5.762226
-2.358353 6.149931
-2.116799 7.040161
-2.208472 6.994477
-3.151939 7.128742
-2.876602 7.722268
-2.810605 3.997748
-3.382676 9.984624
-3.046093 7.903266
-2.171825 7.604779
-2.314619 7.509707
-2.275556 7.32178
-2.827493 4.712024
-3.052929 6.617827
-2.934395 6.893244
-3.096478 6.724792
-3.204796 5.111291
-3.4567 7.934199
-3.269124 8.784345
-2.944853 7.0714
-3.287793 7.039147
-2.894826 6.866983
-2.742925 4.207889
-2.95091 5.275754
-2.769627 2.922354
-3.098446 0.9516177
-2.613357 3.808047
-2.756858 3.795127
-2.682152 4.025618
-2.344135 4.74155
-2.129831 2.823173
-1.772423 5.002101
-2.765475 8.979442
-2.647747 8.23785
-2.556758 6.587701
-3.166437 5.774593
-3.184103 6.089478
-2.794998 4.80668
-2.182796 4.893692
-2.319731 5.34533
-2.636303 7.097723
-2.472747 7.682655
-2.91538 6.004331
-2.48329 7.511338
-2.268959 4.93912
-2.119541 5.407301
-2.271343 5.87529
-2.347283 3.218198
-2.192919 4.592038
-2.465702 4.929481
-2.61088 4.066451
-2.480007 6.171876
-2.508982 5.373054
-2.223801 6.714196
-2.182387 5.333223
-2.097565 3.258421
-2.091887 3.357834
-1.994308 3.254531
-1.850168 2.249832
-2.286928 2.656283
-2.097302 3.533168
-1.688335 3.892639
-2.375842 2.517772
-2.85554 4.257871
-2.4531 5.193714
-2.572552 4.54245
-2.403868 4.951654
-2.513932 5.226722
-2.104219 3.003334
-1.915872 4.010214
-1.615956 2.392143
-1.732451 2.250623
-1.287202 2.888908
-1.494587 1.3
-1.495443 2.026114
-1.831794 2.098473
-1.962676 2.022671
-2.07535 4.178279
-1.571524 3.532002
-1.480314 3.455851
-2.211013 4.590357
-2.417299 2.774311
-2.764602 3.703441
-2.829439 4.718754
-2.184966 5.522841
-2.589466 4.193652
-2.488127 3.949702
-3.250582 5.154335
-2.587884 0.6839988
-2.660536 5.283987
-1.971648 5.630634
-1.857651 5.187989
-2.42702 5.681382
-2.555098 5.183382
-2.738223 6.728535
-2.811742 4.085215
-2.732372 3.750283
-2.817329 1.24144
-2.869545 5.288459
-2.659345 5.250213
-2.421328 4.901756
-2.177333 5.269083
-1.808171 4.591171
-1.863342 5.26481
-0.8455577 4.251925
-1.573813 4.233234
-1.823654 2.03535
-1.692771 1.577576
-1.960856 1.897434
-1.546776 -2.837188
-1.654825 2.652606
-1.495957 2.655344
-2.017716 2.351537
-2.353276 3.083497
-2.203774 3.148468
-2.769656 4.295883
-2.872649 6.382447
-2.474515 7.783634
-3.120728 7.334434
-2.932091 6.863467
-3.574057 7.426939
-3.5062 4.836057
-3.558888 4.766967
-2.962164 4.299348
-2.540296 4.436483
-2.273377 3.961864
-2.257974 4.570429
-2.199365 4.557745
-2.40351 7.203785
-3.08746 4.304467
-3.658218 8.529503
-3.031781 9.160644
-2.938101 7.98971
-2.595052 6.554534
-3.33915 3.833185
-3.360573 4.863908
-2.544718 5.425405
-2.400791 4.555091
-1.882529 5.196805
-3.34599 7.220645
-3.997612 7.049084
-3.860163 7.550371
-3.808572 5.747578
-3.732654 7.882563
-3.374942 6.548049
-2.461065 7.050188
-2.630124 6.173353
-1.645098 5.566179
-1.27552 4.909997
-1.127997 4.464766
-1.191227 1.200608
-1.243976 1.261856
-1.268869 0.9833625
-1.469986 1.377081
-1.429147 1.410529
-1.434902 0.8290927
-1.795269 2.570772
-1.898249 2.540635
-1.915019 3.049942
-2.278201 4.321496
-2.259845 3.063536
-1.970144 4.958762
-2.585093 3.746511
-1.849863 3.751666
-2.271411 3.954761
-2.431994 2.493918
-2.727829 4.142616
-3.295559 4.153587
-3.162856 5.16968
-3.035344 5.695429
-3.075518 4.525476
-3.4702 2.21036
-3.349567 2.929974
-2.097549 4.275595
-2.140798 3.999871
-1.881224 3.694745
-2.427871 4.346646
-2.891359 3.22235
-2.864062 3.843756
-3.055022 3.240779
-2.885379 2.837127
-2.463922 5.924469
-2.517349 5.966334
-3.171556 6.248722
-3.115302 3.441302
-2.879877 6.5333
-3.010957 3.137577
-2.748355 4.721902
-2.506508 6.464708
-2.355881 5.62291
-2.820324 6.157039
-2.929587 5.266055
-2.927408 5.742276
-2.432299 5.597981
-2.42736 6.499475
-2.734402 6.56437
-2.796847 7.109939
-2.222327 7.894007
-2.740543 7.090029
-2.861126 4.159421
-3.037942 4.125063
-2.119227 1.547315
-2.32453 1.702042
-2.349975 1.513404
-2.301773 4.714359
-2.361034 6.131927
-3.012432 9.012007
-3.187151 8.591795
-2.85269 1.338135
-2.588596 2.356848
-2.523441 3.640843
-2.720139 3.075569
-3.079007 3.339546
-3.357714 7.058821
-3.443807 5.023408
-2.819362 6.296584
-2.886167 5.553665
-3.616391 6.479765
-2.797864 5.03884
-2.529744 7.298504
-2.538023 3.303147
-2.655174 5.863197
-2.843978 4.652101
-2.6548 4.74245
-2.463267 5.837749
-2.252767 5.327921
-2.061893 7.223535
-2.72107 6.499692
-2.895334 5.01959
-2.821012 4.942597
-2.627622 3.976747
-2.425444 3.918503
-2.444811 5.467758
-2.825312 6.369576
-2.594365 6.252941
-2.505117 4.793347
-2.585543 6.093297
-2.640033 4.463647
-2.988744 4.643085
-2.198056 5.48443
-1.947121 4.174162
-2.341399 3.825906
-2.113255 3.135241
-1.963481 4.007713
-2.071942 3.97973
-1.763084 3.963157
-2.041116 2.540315
-2.788996 2.235903
-2.194383 2.816131
-2.249428 3.05141
-2.076143 1.843832
-2.099439 3.857132
-2.13017 4.19857
-1.916782 4.43865
-2.047271 4.970326
-2.461009 7.631375
-2.775071 6.452642
-2.826131 8.851921
-3.33017 7.445626
-3.111922 8.933888
-2.994044 6.930063
-2.804052 7.145491
-2.683683 6.166108
-2.877258 7.925458
-2.62149 8.169519
-2.887688 6.431597
-2.84207 5.875841
-2.808712 5.531766
-2.703031 5.937719
-2.94509 6.654926
-3.13311 6.977549
-3.364077 7.313565
-3.041901 7.481294
-3.421236 5.484387
-3.159909 5.359483
-3.889017 6.702965
-3.259371 6.350262
-2.611476 9.11852
-2.482289 7.987201
-2.422858 8.34844
-2.884502 7.363758
-3.403463 10.41184
-3.263246 8.719214
-3.134987 5.931191
-3.106567 8.051566
-3.504074 6.477907
-3.04455 5.742772
-2.928178 4.197524
-2.417777 5.512342
-2.568765 6.483553
-2.895821 4.496531
-2.887967 3.437172
-2.929927 6.039757
-3.088586 6.58061
-2.693511 7.607696
-2.050071 7.25944
-2.180886 8.267876
-2.331718 4.344125
-2.162511 4.214933
-2.035376 3.515453
-2.451637 4.901863
-2.471224 5.839155
-2.223202 5.83733
-2.428535 9.02776
-2.886144 8.245413
-2.833516 8.206142
-3.295689 7.985675
-3.045119 7.936646
-2.461687 5.719458
-2.604507 7.703192
-2.964037 6.596591
-3.036353 5.116
-2.732958 4.461987
-3.085375 4.020937
-3.085275 2.232252
-3.255816 10.47756
-2.33711 12.03443
-2.743503 5.89308
-2.757817 4.34241
-2.629175 3.694746
-3.176686 6.989231
-3.141808 7.418621
-3.06738 5.078703
-2.694412 4.890419
-2.953442 4.493549
-3.408797 5.055563
-3.728741 4.942508
-3.142378 4.169766
-2.256389 3.632804
-2.135596 4.759015
-2.349084 4.594594
-2.642835 4.281952
-2.852828 6.438096
-3.024824 4.387832
-2.992153 4.008737
-2.420099 5.613691
-2.664997 6.323411
-2.890396 5.559805
-2.414954 6.67058
-2.223791 7.092303
-2.695083 6.545833
-2.504874 5.256474
-3.120687 5.999615
-2.730868 5.505779
-3.050863 4.519832
-2.79571 5.313685
-2.834055 5.473025
-2.693788 3.33379
-2.922 0.214861
-3.270589 4.330297
-3.121269 7.265052
-3.968476 7.641859
-4.312199 6.790296
-3.649823 8.30718
-3.112579 6.749833
-2.426053 6.8239
-2.924502 7.480929
-3.069746 8.234199
-2.817628 5.759273
-3.104029 5.700109
-2.785274 5.641531
-2.433349 5.46737
-2.201932 7.958472
-2.172714 7.41109
-2.735479 9.619316
-2.821046 9.322586
-3.019621 8.843692
-2.204372 7.164928
-2.9141 4.686551
-2.014733 2.613482
-2.179861 3.538242
-2.360953 3.319727
-2.704945 2.088528
-2.539113 2.54626
-2.721507 1.80636
-2.932343 6.919345
-2.858522 4.070054
-2.386023 6.724201
-2.171963 3.984851
-2.398776 3.11163
-2.131073 3.320568
-2.107043 4.394449
-2.271645 3.930356
-1.687548 3.306916
-1.383611 3.292777
-1.821863 3.236213
-2.01163 4.4385
-1.593854 4.399948
-1.873228 4.829596
-2.162294 2.68049
-2.155675 1.854543
-2.319051 1.31314
-2.429613 1.688552
-2.562151 3.754686
-2.192763 3.134722
-2.339586 2.654285
-2.370245 2.558971
-2.350677 2.48495
-1.983979 1.516759
-2.326957 1.531528
-3.125942 3.764626
-2.622896 4.168756
-2.292571 2.428168
-2.465326 4.435488
-2.331342 5.682516
-1.450264 5.725652
-2.209145 3.893981
-2.127996 2.341521
-1.625139 3.186427
-1.702552 2.709778
-1.771507 2.354167
-2.001247 1.780095
-2.129826 2.558332
-1.876834 1.789959
-2.812267 7.664587
-2.634928 4.583629
-2.968476 4.23761
-3.08293 4.331077
-2.375139 3.432786
-2.267935 6.68646
-2.151923 5.361414
-2.58901 3.983116
-2.779992 1.712974
-2.696363 4.850148
-3.020855 2.633609
-3.000011 3.288902
-2.981418 4.499733
-2.642855 3.034938
-2.64776 1.889294
-3.243595 4.195335
-3.531981 5.883141
-3.415249 6.075624
-3.619639 7.071472
-3.0442 8.356386
-2.602238 5.976093
-2.606803 5.240664
-2.462498 6.619173
-2.54499 5.855004
-2.747891 4.8767
-3.61588 4.297164
-3.503736 4.165881
-2.964867 5.382479
-2.896558 4.569953
-3.06869 3.380233
-3.225306 2.061006
-3.216336 5.413875
-2.489528 4.647835
-2.595615 6.736894
-2.326336 4.467038
-2.519553 4.990839
-2.815039 4.248084
-2.70455 4.228897
-2.451314 0.6150534
-2.444683 4.656617
-3.397038 3.666283
-2.885214 2.610631
-2.407631 3.331277
-2.162467 3.638569
-1.45401 3.257395
-2.070595 2.525896
-2.301964 1.36688
-2.356151 3.602541
-2.043177 2.682441
-1.789163 0.4176322
-1.630165 3.808132
-1.849626 2.334427
-2.945464 5.720206
-3.079073 5.825151
-3.219771 5.347616
-3.419001 4.71986
-3.630671 5.419004
-3.336429 4.066906
-2.966628 5.8392
-2.828771 3.989214
-2.609225 3.344531
-1.856484 4.202782
-1.716594 4.223924
-2.546837 7.091946
-2.509764 6.915159
-2.379126 6.562824
-2.537986 2.251777
-2.42358 4.569576
-2.844456 4.227531
-2.651563 7.590081
-3.179644 4.684436
-1.939447 5.926648
-2.082844 4.273653
-2.139365 3.815589
-2.287288 3.935641
-2.247067 4.796916
-2.235619 3.642917
-2.217638 3.380678
-2.473479 4.53053
-2.479788 4.292921
-1.995566 2.908946
-2.533775 2.92583
-2.412088 1.414853
-2.434413 1.657054
-2.573495 4.02976
-2.474258 3.780171
-2.594226 5.161198
-2.492472 4.983725
-2.973499 7.24766
-2.928572 2.790452
-2.565893 3.433574
-2.40492 4.294319
-2.474729 3.982548
-2.299348 4.07127
-2.111137 5.052849
-2.363618 6.476004
-2.390307 6.270675
-3.182449 6.49729
-3.219597 7.056685
-3.482266 7.764236
-3.534065 6.90972
-3.28508 6.04537
-3.538738 6.160663
-2.752894 8.598006
-3.365759 9.063094
-2.925706 10.10627
-3.353824 7.49131
-3.502748 7.804745
-3.164076 5.393338
-3.121777 5.019185
-3.275004 5.877555
-3.323979 5.592467
-3.395115 5.86018
-3.811784 5.470879
-3.314546 5.75101
-3.010169 3.507768
-3.189419 6.931091
-3.474656 5.270205
-2.808049 3.48696
-2.655499 3.833576
-2.691567 3.100104
-2.511023 2.629508
-2.398111 6.034012
-2.580021 8.101216
-2.41255 7.253096
-2.800962 6.22035
-2.291297 7.241294
-2.646713 5.862048
-2.852976 4.429789
-2.272041 3.21772
-2.14153 1.797599
-2.369235 1.170224
-2.546107 3.142011
-2.385427 5.5175
-2.067508 6.295472
-3.004425 5.388377
-2.04947 4.586979
-2.411707 4.409055
-1.717248 5.305498
-1.882344 5.017604
-1.807567 3.657934
-1.782201 2.364714
-1.903795 2.118308
-1.923054 2.096978
-2.232874 3.756731
-1.904266 3.211088
-1.689519 3.354216
-1.773202 2.588823
-1.830952 2.713801
-2.701189 3.777582
-3.087103 5.923266
-3.087361 6.063259
-3.220148 6.656323
-2.546585 7.09867
-2.935938 7.243695
-3.648213 6.375464
-3.591618 7.128325
-3.109486 6.317661
-2.613405 5.727821
-2.167223 3.418996
-2.103642 4.663944
-2.299598 2.314608
-2.510173 2.584885
-2.300263 3.156122
-2.433566 3.059437
-2.720954 2.609113
-3.039346 2.271369
-3.036646 3.211112
-3.101998 3.525695
-2.339787 4.806318
-2.272439 3.619914
-1.960315 3.013342
-2.558012 4.913249
-2.569315 4.439458
-2.63235 5.755748
-2.541228 5.032345
-2.72077 5.981109
-2.613299 5.338885
-2.023392 4.140103
-2.40439 2.081321
-2.603781 1.361262
-2.115391 3.2822
-1.81371 2.764265
-1.923224 2.686516
-1.474398 3.223209
-2.562752 4.753325
-2.765692 5.244765
-2.761626 4.69738
-2.707873 4.515002
-2.892595 3.187054
-2.534592 2.094394
-2.244148 2.565471
-2.427148 3.209959
-2.923254 4.883771
-2.852636 4.701621
-2.579022 5.160956
-2.147489 4.649308
-2.196708 9.097432
-2.561229 4.139232
-2.749814 4.565423
-2.39531 3.44455
-2.305013 2.61769
-2.205638 3.230714
-1.674624 3.233135
-1.81354 1.300437
-2.055542 2.133908
-2.248588 2.515387
-2.396359 3.043373
-2.533986 2.050511
-2.39105 3.344633
-2.906376 1.888518
-2.661611 5.080869
-2.196226 4.941446
-2.631404 5.413749
-2.249929 5.452614
-2.519194 6.071838
-2.618841 4.110765
-2.658575 4.214983
-2.009632 4.54728
-2.433034 3.722385
-2.2511 3.033734
-2.580642 3.13145
-2.010457 4.885858
-1.938507 5.13021
-1.722714 3.796624
-1.522468 1.605017
-1.750881 2.343329
-1.78214 2.153906
-1.693991 3.384106
-1.572469 4.079618
-1.82741 3.385694
-1.714833 3.285556
-1.693482 2.679209
-1.550279 1.827359
-1.959696 3.060384
-2.517334 3.854672
-3.089447 7.524654
-2.536477 6.915257
-1.99059 6.409113
-1.757891 6.222411
-2.200517 5.780633
-2.03571 6.341278
-2.931834 5.54433
-3.41221 4.438316
-3.416606 5.880324
-2.191419 6.446155
-1.634791 1.590595
-1.207552 2.342905
-1.412965 2.541351
-1.522821 2.813799
-1.780872 2.933399
-1.956687 2.503668
-1.58738 1.37413
-1.550891 1.263326
-2.302704 4.162726
-2.343421 3.565167
-2.18847 3.440874
-2.450089 1.264448
-2.234728 3.03949
-2.630644 5.417629
-3.33443 5.352553
-3.543279 4.847104
-3.261853 5.750563
-2.875077 6.514612
-2.988367 4.741563
-2.777856 4.251643
-3.301971 4.458418
-3.014321 4.707498
-2.363024 5.256503
-2.447358 5.174919
-3.171195 6.197477
-3.585248 2.88072
-3.051337 8.023104
-3.070337 6.561366
-2.829424 6.264864
-2.78196 6.614105
-3.250044 8.576704
-3.65063 7.822158
-3.435675 8.546554
-3.285073 7.107638
-3.041773 7.524695
-2.869304 7.947662
-2.825731 8.182161
-2.810343 8.313298
-2.371436 9.565527
-1.909984 6.401712
-2.31627 5.054382
-2.182574 5.55027
-2.094951 4.749487
-2.516261 3.796081
-2.871099 6.238962
-2.432491 5.695837
-2.643712 5.689017
-1.974339 6.61811
-2.285252 6.575942
-1.947696 5.180419
-2.360809 2.012304
-2.397661 3.995681
-2.555162 5.612882
-3.059226 5.162913
-3.179545 5.150001
-3.560886 6.31406
-3.655405 5.814988
-3.338783 4.778507
-4.091218 4.026667
-3.920045 8.92832
-3.760555 6.641707
-2.963191 6.367417
-3.298339 4.754484
-2.868964 4.198523
-2.985068 3.514604
-2.068702 2.964606
-2.595427 2.026812
-3.075665 1.645132
-3.22404 3.738181
-2.871458 3.488935
-2.014422 4.116036
-1.959128 4.140774
-2.190802 4.301552
-2.797022 3.574362
-2.122419 3.974254
-2.253713 3.089447
-2.624343 2.462629
-2.424518 3.084956
-2.369304 5.469038
-2.70604 5.676087
-2.383385 6.081929
-2.299845 5.698267
-2.41743 7.796479
-2.489996 6.252753
-2.690041 2.636111
-2.595117 3.123541
-2.571214 3.781446
-2.298162 5.677539
-2.598534 6.138571
-2.313158 5.202585
-2.232905 7.577057
-2.293884 7.426192
-3.053864 6.711818
-2.748243 8.19054
-3.139045 7.00474
-2.352656 7.038659
-2.109723 6.879873
-3.346845 5.265559
-3.47462 4.663906
-3.688471 6.181541
-4.190669 6.357852
-4.079384 7.230107
-3.862338 7.26372
-2.734787 9.085351
-2.070041 6.080196
-2.119848 7.114896
-2.383428 9.285244
-2.828425 9.459567
-3.018047 5.557132
-3.247408 4.600998
-3.561965 4.067302
-3.175985 2.516126
-2.636458 3.530316
-3.167594 4.599269
-3.067977 3.46102
-3.109688 5.055751
-3.337582 7.631718
-3.309494 7.769415
-3.37756 5.227146
-3.486626 8.332447
-3.583774 13.76664
-2.839083 14.81041
-2.585975 10.22893
-2.632986 8.00744
-2.663158 7.451594
-2.63068 7.295573
-2.955015 6.796308
-2.434513 7.005624
-2.613256 3.745593
-2.326568 2.207318
-2.24543 3.358019
-2.397549 3.320041
-2.485938 3.897819
-2.673844 7.339457
-2.270884 2.762502
-1.77654 3.132718
-1.027093 3.40614
-1.149547 2.728985
-1.225228 2.410334
-1.394517 3.367891
-1.834525 3.517169
-1.616137 5.359246
-1.38889 4.04715
-1.408473 4.25664
-1.731542 2.990798
-2.049921 0.9006886
-2.41512 1.774288
-2.426755 0.9622722
-2.131111 2.234101
-2.462499 1.180643
-2.530558 5.014862
-2.543309 5.11525
-2.738432 5.256235
-3.211758 5.73416
-3.560548 6.567256
-4.157264 6.252985
-3.877488 7.472252
-3.969311 9.387239
-3.890252 9.44603
-3.783805 10.88153
-3.620754 7.330246
-3.137218 6.759279
-3.464217 6.072625
-3.373306 7.369381
-3.184767 7.74969
-2.680617 7.440298
-2.455331 6.512266
-3.012159 7.587103
-2.723294 8.737179
-3.260002 8.265628
-3.219244 8.305721
-2.79524 6.215107
-2.867915 4.101103
-2.762439 2.821342
-2.74437 4.672009
-2.662862 3.760115
-2.194878 5.673403
-3.03964 5.50773
-2.326635 6.141382
-2.843103 5.759686
-2.768002 5.976272
-2.992838 6.821619
-3.125373 6.182648
-2.533625 4.119643
-2.81167 5.649162
-3.097582 5.185823
-3.200217 4.969043
-3.360633 4.534645
-3.124743 4.151537
-3.099221 2.425174
-3.574248 5.206649
-3.521858 4.911257
-4.108261 4.477659
-3.784467 4.451638
-3.426237 6.882403
-3.127397 6.702373
-3.440712 8.717072
-2.933934 7.626607
-3.150093 6.943269
-3.604533 7.871594
-3.754036 6.318307
-3.100738 5.533652
-3.222813 5.765745
-3.626727 5.510092
-2.922594 5.874128
-2.031537 4.98681
-1.811798 4.993988
-1.746909 5.548613
-2.395322 3.147572
-2.434644 2.601301
-2.572085 2.116303
-2.263996 4.733048
-2.288286 4.922847
-2.190623 5.089441
-2.388144 5.228972
-2.850464 4.854183
-1.943659 5.365856
-2.39149 4.776284
-2.990169 4.622797
-2.313119 2.050867
-1.844156 3.145969
-1.622047 6.376865
-1.733695 5.549643
-2.257735 4.600694
-1.626314 4.081195
-1.136855 2.778638
-1.231956 0.03483572
-1.427003 1.947965
-1.469683 1.890406
-1.502932 1.295305
-1.16242 2.137288
-1.565197 2.888993
-1.486165 3.41697
-1.840533 3.582974
-1.752078 4.36677
-2.110299 4.579116
-2.144706 6.365789
-2.551276 9.286688
-3.080899 10.10627
-3.19955 5.996874
-2.46286 5.022647
-2.621439 4.363064
-2.173335 4.325938
-2.632652 3.897283
-2.440404 5.71752
-2.52951 6.27027
-1.885997 4.268782
-2.777341 1.641917
-2.456321 2.28903
-2.800757 2.978499
-2.122965 4.724555
-1.839277 3.419989
-1.994717 4.6089
-1.721167 3.866722
-2.236903 2.5803
-2.067714 2.30779
-1.840727 1.597588
-2.102485 3.629537
-2.261318 3.449328
-2.25207 3.633407
-2.604713 3.856029
-2.371938 4.716739
-2.494566 4.810427
-2.344087 4.417741
-1.894784 4.163686
-2.241142 7.031615
-2.595794 5.811452
-2.888907 4.488087
-2.733156 5.274591
-2.997481 3.965771
-2.547511 4.463488
-2.906683 7.071446
-2.817479 4.537968
-2.213544 4.596352
-1.902273 4.433448
-1.374342 4.735148
-1.445897 4.633975
-1.704127 2.219456
-1.96291 4.917976
-1.728472 4.496658
-1.878332 5.443685
-2.140871 4.428144
-1.52681 3.756623
-1.610498 4.002174
-1.954471 3.406135
-1.553525 2.738421
-1.785968 3.847191
-1.875062 2.993576
-1.855553 3.568994
-2.642015 3.830223
-2.539714 3.165965
-2.59619 5.258404
-3.076855 4.629752
-2.962359 7.448038
-2.926667 5.336899
-3.095481 3.531606
-2.812512 4.276174
-2.97691 3.444693
-2.39242 3.508899
-2.33023 2.017542
-2.269251 2.387281
-2.053334 5.751464
-1.694762 3.937763
-2.046433 5.089139
-2.414207 6.643662
-2.059679 6.027442
-2.014951 6.060135
-2.355569 6.972724
-2.449374 7.66202
-2.229149 4.805903
-2.437983 4.42679
-2.374319 2.595345
-2.213295 2.606183
-2.224942 2.462278
-2.164323 3.517416
-2.253524 4.108024
-1.756525 3.802889
-1.51042 3.392112
-1.547985 1.58398
-1.713989 2.023411
-1.596478 2.988548
-1.154633 4.970442
-1.081063 4.639944
-1.409736 4.653509
-2.200922 6.004197
-2.377443 5.807687
-1.790346 5.814979
-2.319512 5.533651
-2.415636 2.100017
-2.485392 3.728775
-2.432739 4.300969
-3.276477 5.687655
-3.300276 6.16928
-3.377717 3.316864
-3.43259 6.43468
-3.266204 8.056362
-3.562297 9.92742
-2.619873 5.293994
-2.248473 4.181386
-2.067276 4.247936
-2.511508 2.756465
-2.588907 4.354027
-2.413699 3.667369
-2.1709 4.710211
-2.26304 7.711874
-2.061246 7.030476
-2.522464 4.841491
-2.476061 2.035068
-2.083179 2.72228
-1.961711 2.763867
-1.817647 1.148978
-1.677169 2.602992
-1.80647 2.707098
-1.763861 3.621253
-1.488998 4.447361
-1.439422 4.95226
-1.746516 5.371304
-1.806876 3.715603
-2.338239 3.486896
-2.57729 4.368516
-2.922671 7.281427
-2.701979 5.916665
-2.671441 6.00956
-3.486756 6.722733
-3.369788 6.179686
-3.721461 8.155464
-2.506341 7.055217
-2.379752 5.761616
-2.145455 4.624894
-2.11394 2.716064
-2.462128 3.620344
-2.897253 4.708208
-2.732636 9.184644
-3.013127 4.070839
-3.084805 3.711735
-2.978516 4.404304
-3.128571 5.442883
-2.964756 9.524528
-2.402249 6.35862
-2.034238 2.700823
-2.314205 4.80065
-2.436581 5.773083
-2.49246 5.472978
-2.700722 5.696668
-2.805679 4.756174
-2.600461 5.454948
-2.508061 6.163623
-2.311816 8.47901
-2.513996 5.989975
-1.801779 5.616272
-1.822424 4.296706
-2.677169 4.09088
-2.598116 4.443603
-3.47907 7.586414
-3.670262 7.884662
-3.027557 6.388313
-2.92535 1.465682
-2.57511 5.369219
-2.265605 6.586986
-2.52423 5.548486
-2.627388 2.373669
-2.732858 2.75518
-2.661121 2.745393
-2.337401 4.575752
-2.849848 4.725617
-2.921891 6.113222
-2.553678 4.424817
-2.854774 4.328284
-2.340921 4.740371
-2.717425 4.223566
-3.207619 4.958932
-2.844653 5.671292
-3.219381 2.336073
-3.249869 2.974687
-2.9884 3.613197
-3.037204 3.217163
-3.319985 3.614608
-2.825839 3.897896
-2.70076 4.46636
-3.466153 3.718816
-2.657892 3.407622
-2.608366 2.104675
-2.851669 3.717864
-2.455845 7.14027
-2.760156 6.703283
-3.084109 7.726373
-2.725915 8.483904
-1.941461 9.06012
-2.62265 8.398859
-2.57041 6.033097
-2.66376 5.856628
-2.185949 5.137906
-2.571675 -0.6950488
-2.74393 3.220153
-2.133961 4.478871
-2.305878 6.330327
-2.406869 4.543501
-2.271325 3.171929
-3.216225 8.514799
-3.272911 7.16201
-3.609053 5.394915
-3.528807 5.249651
-3.391078 6.005823
-4.077389 5.904861
-3.184636 5.398187
-2.881822 4.021443
-2.9302 5.377953
-3.28431 5.766047
-2.88338 7.33625
-2.326548 3.999547
-2.043577 3.343728
-2.280088 4.214714
-2.69488 5.588746
-2.888443 6.110576
-3.11505 6.515202
-2.647609 3.321345
-2.839415 4.365943
-2.425821 5.365958
-2.798866 4.820417
-2.906534 6.28014
-3.122129 5.958207
-3.732041 8.144755
-3.5392 6.260312
-3.772563 5.948362
-4.042087 6.575219
-3.862263 8.232329
-3.453155 7.423028
-3.790996 9.62429
-3.612979 7.474692
-3.324033 7.206581
-2.115032 8.838354
-2.150059 7.370993
-2.21637 7.463867
-1.984166 6.976546
-2.442205 6.365723
-2.557322 6.252342
-2.940444 6.104982
-2.83273 6.36589
-2.635274 6.012465
-2.656286 5.455401
-2.532698 4.459917
-2.51836 3.771977
-2.770389 5.197635
-2.634689 6.264963
-2.822547 4.088168
-2.358343 3.16389
-2.615488 1.985341
-2.705835 4.067176
-2.476669 3.492948
-2.955574 3.638789
-2.658537 3.004634
-2.840932 3.990503
-2.655777 5.194545
-2.873218 4.198361
-1.955218 3.08054
-2.093715 1.0979
-2.004528 3.412566
-2.626947 5.758816
-2.759977 5.70875
-2.435431 6.156496
-2.452599 4.16526
-2.757308 5.222067
-2.355019 3.225997
-2.035611 1.734211
-2.067082 1.358294
-2.004609 2.506868
-2.046492 1.7223
-2.248949 2.505998
-2.170474 1.639133
-2.754105 5.248803
-3.010392 3.06081
-3.343859 6.050484
-2.938994 6.161664
-2.688944 6.176658
-3.184365 6.172675
-3.313179 5.128775
-2.959004 5.908147
-2.945202 5.324948
-3.269578 5.704634
-2.117046 3.67719
-2.187232 1.683238
-1.980301 1.435512
-1.722122 2.023545
-1.958313 4.646306
-2.048097 6.675295
-2.388353 5.91202
-3.264264 5.831013
-2.601083 5.929894
-2.620687 5.882398
-2.228297 6.226972
-2.38382 6.053803
-2.87071 5.014729
-2.853779 5.846395
-2.652797 7.180585
-2.993406 3.326008
-2.495049 4.320127
-2.450225 4.009833
-2.552298 3.320892
-2.157875 3.706156
-2.12173 4.052208
-2.151803 2.491383
-1.507249 2.42277
-1.695689 2.784101
-1.966845 2.039032
-1.824755 2.842787
-2.286344 2.277942
-1.665766 1.365179
-1.36851 1.739678
-1.464844 1.162029
-1.37692 1.2774
-1.20697 2.182776
-1.720757 2.854024
-1.962017 2.435826
-2.324226 2.151332
-1.906607 3.425542
-2.754937 4.685396
-2.31658 4.108964
-2.947916 3.726226
-3.195252 5.88251
-2.623317 6.832919
-2.652801 5.719871
-2.955406 5.166439
-2.455488 4.334311
-1.814757 3.446331
-2.254707 0.9899715
-2.23038 3.744785
-1.890554 4.543069
-1.982856 3.052848
-1.632554 3.504598
-2.894214 4.143984
-3.168467 4.614715
-2.911777 4.626396
-3.733338 4.218893
-3.138903 3.954511
-3.371851 5.295268
-3.433306 5.415258
-3.38705 6.251068
-3.774079 5.028198
-3.136652 4.99671
-2.368153 4.178734
-2.63034 6.745736
-2.304454 3.900143
-2.507095 3.911735
-2.3033 3.97412
-2.145994 1.877573
-1.925417 2.293478
-1.848585 2.377228
-1.809008 2.248264
-1.826685 2.121107
-2.356832 2.738819
-2.752111 4.108752
-2.783264 4.294523
-2.617561 5.757394
-2.667233 6.836999
-3.459652 6.260017
-3.48154 9.16459
-3.359346 9.495877
-3.611514 7.938435
-3.647799 7.464551
-2.933112 7.231591
-3.325646 5.164391
-2.798023 4.549047
-2.886748 4.126975
-3.025576 2.794871
-2.704164 2.808495
-2.717976 1.700712
-2.561444 3.033674
-1.908978 3.357755
-2.508451 5.302593
-2.263629 1.712756
-1.959343 0.4698572
-1.912762 2.27037
-1.554856 1.50888
-1.912349 1.288616
-2.127818 2.2233
-2.01397 2.567511
-1.93026 1.912524
-1.586034 2.761756
-1.525937 1.054556
-1.288732 0.9980128
-1.489383 0.2472325
-1.650193 1.207689
-1.676725 0.4751728
-2.187832 3.680847
-2.086478 2.745262
-2.273051 4.102404
-2.210258 5.019473
-2.222322 5.159444
-2.25678 3.767985
-2.409607 5.819271
-2.118784 5.696567
-2.13523 6.342815
-2.202003 6.516059
-2.237129 6.696384
-2.023094 8.690064
-2.413937 7.805874
-2.799784 6.777442
-3.14286 4.950245
-2.941199 3.380391
-2.889499 6.017485
-2.90343 5.206223
-2.954192 5.091366
-2.597899 3.349205
-2.692599 3.878842
-2.414735 4.652486
-2.25245 3.118769
-1.739009 5.892178
-2.044569 5.890144
-1.92255 6.155506
-2.010632 6.34407
-2.982909 4.689468
-2.882807 5.229803
-1.5089 4.438266
-1.719291 3.307645
-1.715419 1.813525
-1.887207 2.873492
-2.488513 4.093363
-2.190411 3.28039
-2.192393 3.480584
-2.305222 4.79474
-2.401495 5.721262
-2.776208 5.892055
-2.259641 5.432199
-2.64544 7.201229
-2.262748 8.031713
-2.101662 6.438796
-2.416045 6.822536
-2.284295 4.357473
-2.684522 5.09147
-2.556108 4.24305
-2.067497 6.687577
-2.055706 6.383267
-1.988831 6.979929
-2.616939 5.478886
-2.494114 5.202231
-3.077361 3.903705
-2.306296 7.744588
-2.262257 6.58847
-2.943392 5.708604
-2.774878 3.536625
-3.185456 7.731636
-3.705302 6.099352
-4.105807 8.953115
-3.822209 7.952997
-2.703732 8.263565
-2.81725 7.775683
-3.832366 8.229491
-3.669045 6.503428
-2.6949 5.96288
-2.80033 5.115226
-2.716662 4.038469
-2.943066 2.774459
-2.951767 3.369376
-2.819891 4.824419
-2.295518 3.216891
-2.698622 5.106086
-2.678221 3.187779
-2.821503 2.945669
-3.763868 2.908925
-2.761225 4.243038
-2.59534 5.824957
-3.175351 7.74891
-2.592502 6.938196
-2.871096 6.064289
-2.330275 3.969267
-2.458555 4.30083
-3.624116 5.199929
-3.463804 4.37023
-3.297013 8.028102
-1.959472 4.835303
-1.667125 5.977058
-1.426829 5.033371
-1.386711 5.109356
-1.875629 4.262871
-2.238874 3.242795
-2.236912 2.58126
-2.208057 2.150874
-1.913733 2.455847
-1.69883 2.535577
-2.269251 2.331584
-2.566139 1.176501
-3.514889 5.08285
-3.339023 4.675146
-3.191845 4.354423
-2.62625 8.759886
-2.472839 6.013469
-2.488881 5.80033
-2.544281 2.895922
-2.152559 3.033973
-2.379864 2.665312
-1.999863 2.427486
-1.989392 2.13714
-2.414041 2.303142
-2.222303 2.025844
-2.034826 3.95484
-2.092734 5.474593
-1.741278 2.821919
-1.836108 0.8474131
-1.761633 0.6735912
-1.794432 1.570783
-1.635688 1.101921
-2.260337 3.070505
-2.103513 3.277808
-2.343303 3.292733
-2.61933 6.186554
-2.63675 5.088159
-3.082589 6.760703
-2.855433 5.849134
-2.540824 4.805721
-2.695325 3.226343
-2.450328 3.666971
-2.946578 5.518284
-2.689383 4.651957
-2.457475 5.073174
-2.3592 3.166226
-2.387411 2.664735
-2.195521 2.819639
-2.727796 6.457765
-2.999844 5.140332
-2.125352 5.29729
-1.661023 5.32472
-1.736234 4.959006
-2.286218 5.417647
-2.180515 1.30273
-2.379114 4.397466
-2.814942 3.931767
-2.9834 6.037747
-2.892798 5.480207
-2.958411 5.867324
-2.383782 4.114176
-2.6384 3.929815
-2.577688 3.078462
-1.998729 2.752097
-2.072588 2.573858
-1.793387 2.495108
-2.19969 3.849438
-1.998376 6.17411
-1.732243 5.821494
-1.382069 3.277796
-1.578078 2.338644
-2.288006 2.43644
-2.562924 2.470226
-2.379273 2.36608
-2.220009 1.439964
-2.514919 7.873513
-1.6675 8.121622
-2.252029 8.43754
-2.523693 7.058547
-2.177966 2.826066
-1.841422 3.438635
-2.518205 4.134293
-2.554639 4.431047
-2.911769 3.184205
-2.247502 2.176212
-2.305704 2.32629
-2.026897 2.388485
-2.246906 3.253526
-2.127105 3.040478
-1.772292 2.199229
-2.079454 2.294716
-1.833867 2.509083
-1.870624 2.534908
-1.777982 2.277327
-1.352657 4.719275
-1.45389 4.880156
-2.893154 5.768913
-2.787074 3.244349
-2.990003 5.144979
-2.63796 4.332262
-2.931077 4.798474
-3.03163 4.748722
-2.628145 4.602197
-2.703537 4.171039
-1.756531 4.082538
-2.259391 3.852132
-2.309553 3.967054
-2.20916 5.109843
-2.914032 5.256458
-2.511862 5.004958
-1.750511 4.193394
-1.893909 1.848134
-2.305566 4.332017
-2.358081 3.626793
-2.205481 3.253461
-2.058657 2.487333
-1.848072 3.643333
-1.865103 4.402459
-2.130739 4.087492
-2.683271 8.223544
-2.768125 5.90381
-2.585416 3.08973
-1.875459 2.709635
-1.726367 5.447351
-2.683591 6.801648
-2.441257 4.882975
-2.643246 4.03374
-2.402277 4.742497
-2.706863 4.862202
-2.638684 3.98006
-2.246298 4.480062
-2.54053 3.186578
-1.905917 6.113048
-2.845436 2.027693
-2.199412 1.537138
-2.357396 4.237513
-2.494585 3.69967
-2.370182 3.746179
-1.993923 3.581827
-2.053615 4.048745
-1.899527 2.299753
-2.242932 4.298808
-2.445807 4.607275
-2.385301 6.536184
-2.711962 3.873388
-2.503142 6.255562
-2.317306 5.579797
-2.132397 5.965782
-2.573484 4.710519
-2.913756 4.276627
-3.058049 5.384817
-3.358163 6.175525
-3.465224 6.288491
-3.717811 7.390639
-3.232437 6.227444
-2.617019 6.821437
-2.684028 6.259215
-2.77879 4.030794
-2.696657 3.392912
-2.08921 4.101639
-2.194237 4.071027
-2.382558 2.839437
-2.186523 1.82191
-2.186406 1.848113
-1.892398 1.014259
-1.839657 1.453954
-1.885725 2.480323
-2.290166 2.293119
-2.004276 2.480794
-2.244191 4.245334
-1.731793 6.014875
-1.623456 4.957055
-2.050661 3.8482
-2.683085 4.041847
-2.529437 5.350986
-2.134045 3.261179
-2.381778 5.350314
-2.322316 4.726502
-1.903565 6.005034
-2.910958 7.748668
-2.856054 7.193956
-3.061663 4.4169
-2.519992 4.460896
-2.274951 3.279117
-3.160499 5.663343
-3.649873 6.035472
-3.290638 6.597308
-3.017745 7.79612
-2.599363 7.335174
-2.382498 6.661604
-1.917817 5.501199
-2.060299 5.301638
-2.097192 4.793111
-2.432677 4.683533
-2.041211 6.331676
-2.587712 1.946742
-2.721779 3.46634
-2.934503 2.354317
-2.048346 2.574744
-1.672454 3.869236
-1.53198 3.617082
-1.625177 3.739588
-1.50701 3.636596
-1.433124 1.609918
-1.461864 0.7151438
-1.557615 2.491842
-1.865662 2.918159
-2.442134 2.693498
-2.334936 2.515336
-2.859153 4.33055
-3.289507 5.718536
-3.268874 3.317635
-2.835017 4.17098
-2.128515 2.573222
-2.034594 1.545363
-2.520312 2.463611
-2.606555 2.976371
-2.134481 4.815875
-2.578854 5.51817
-2.85592 4.140248
-3.01782 3.424145
-2.415905 2.790601
-2.402806 4.053179
-1.957604 3.603246
-1.703163 2.794162
-1.604664 3.995901
-1.823523 4.733184
-1.920923 3.442102
-2.384849 6.297642
-2.488452 5.962083
-2.271038 4.869452
-2.587628 4.989735
-2.724491 4.689213
-3.039035 7.001568
-3.39338 5.8678
-3.067731 6.443381
-3.313518 7.000381
-3.939114 7.254645
-4.251706 7.818309
-4.330265 7.34206
-2.962995 7.754091
-3.303767 3.343747
-3.417374 5.106899
-2.743676 6.581481
-2.489575 6.229993
-2.584939 3.914511
-2.191103 4.910302
-2.910084 7.916826
-2.484732 6.781366
-2.176995 3.078684
-2.141411 3.598905
-2.323413 2.423104
-2.034905 2.591142
-1.343497 4.347813
-1.43399 2.843406
-1.438672 4.094071
-1.477551 3.068049
-1.50611 1.489897
-1.480911 1.723993
-1.253114 1.38857
-1.134612 1.153139
-1.297567 1.480974
