"u.bar" "t.bar"
1.013203 0.9159515
1.004311 0.9077693
0.9795595 0.9559307
1.01047 0.886693
1.008539 0.8985129
0.9902926 0.9423494
1.056679 0.8548693
0.970674 0.9760049
0.9999745 0.9627846
1.007327 0.957502
0.9922078 0.9404313
1.007929 0.9426072
1.031134 0.8991851
1.034056 0.9505752
0.9920611 0.9246221
0.9523204 0.9439221
1.011079 0.9569591
1.019986 0.9479883
1.002112 0.9151353
1.002638 0.9586044
0.9850377 0.9633919
0.9965797 0.9215421
1.020982 0.9110217
0.987717 0.915638
0.9860546 0.9265605
1.011036 0.8871157
0.9946772 0.8749645
1.038614 0.8922572
0.9509129 0.898654
1.040009 0.8511706
1.032661 0.8535814
0.9850249 0.8653576
1.014555 0.8978766
1.014002 0.8958533
1.009198 0.9222179
0.9982378 0.9524457
0.9968283 0.918683
0.9839423 0.8925114
0.9931022 0.9276106
1.030336 0.9477401
1.032993 0.9383783
1.002215 0.9042656
1.019437 0.8999853
1.002875 0.9124874
0.9954487 0.9066078
1.012253 0.8934643
1.003444 0.891551
0.995678 0.9339959
0.998533 0.9041858
0.9747755 0.9335074
1.004971 0.9139613
0.9810039 0.9126662
1.003731 0.9687659
0.9690215 0.9768479
1.014975 0.9698025
0.972118 1.004586
0.967689 1.008802
1.007781 0.957662
0.97024 0.9553112
1.008977 0.8613719
0.9974592 0.8809013
1.022478 0.8407571
0.9856773 0.8804603
0.9954607 0.9702955
0.9870629 0.9531168
0.9788187 0.9178754
1.009468 0.939466
0.971604 1.000298
0.9828594 0.9008854
1.017769 0.8984649
1.007326 0.9167612
0.9960605 0.9127079
0.9843129 0.9437794
0.9703522 0.9691812
1.007105 0.9724434
1.02211 0.9522179
0.9922689 0.9054106
1.026213 0.915279
0.9717331 0.9289632
0.9875965 0.9333054
0.981804 0.8984074
0.9827905 0.9590812
1.070507 0.935074
0.974213 0.8987886
0.9803568 0.9565455
1.004691 0.9294577
1.059342 0.9035936
0.9971967 0.9230547
0.999734 0.9511374
0.9734851 0.9348551
1.003696 0.9433397
0.9910263 0.8639619
1.011008 0.9023606
1.002308 0.8719731
0.9733073 0.9324803
1.032774 0.9324668
0.9953436 0.9052969
0.9948418 0.9920836
0.9891405 0.928039
0.9995136 0.8978602
0.98266 0.9265044
0.974095 0.9540928
1.0208 0.9221953
0.9972654 0.9803279
1.013637 0.9182449
0.9701192 0.9534832
0.9827658 0.931146
1.000134 0.9142921
1.02079 0.9419887
1.026271 0.9353081
0.9699474 0.9591237
1.007354 0.9676137
1.000198 0.9909602
1.001917 1.002983
0.9890681 0.9597271
1.026401 0.9829369
0.9962191 0.9527031
0.9860881 0.9648365
1.010925 0.9194138
1.01474 0.9439554
0.9855559 0.9460151
1.024215 0.9237795
1.004007 0.9279805
1.014761 0.8962619
0.993223 0.8962344
1.00098 0.9055004
1.010257 0.9311823
1.037415 0.9162139
1.028655 0.8809245
1.033613 0.8997679
1.00715 0.944336
1.027852 0.8969747
1.007562 0.9186803
1.00892 0.9161046
0.9821499 0.9923077
0.9783749 0.9915503
0.9762866 0.9390978
0.9766421 0.9627715
0.9726041 0.9286925
1.012018 0.8730726
0.9716204 0.9252068
0.9874377 0.9465794
0.9891549 0.9431354
0.9926931 0.9356023
1.004464 0.9064243
0.9915729 0.9380698
1.020246 0.8826558
1.008947 0.9587905
1.009625 0.9794693
1.032424 0.952998
1.013846 0.9184686
1.038463 0.9421239
1.010272 0.9277704
0.9909444 0.9268776
1.017939 0.9237415
1.004842 0.9186641
0.9946387 0.9236799
0.9941534 0.9249262
1.003848 0.9308487
1.028831 0.9403084
1.023311 0.9426646
1.009328 0.9512885
1.009664 0.9367363
0.9919829 0.9068712
0.9892546 0.9498123
1.005206 0.9016375
0.9397619 0.946995
0.9951998 0.9643022
0.9827443 1.001548
0.9853044 1.016859
0.9726987 1.012172
0.9792664 0.9292089
1.010174 0.9443582
0.975582 0.9788927
0.9897652 0.9334233
1.01074 0.9926899
1.009589 0.9225444
1.01282 0.9339899
1.012337 0.932062
1.011514 0.9304317
0.9811577 0.9108533
1.001761 0.9388728
1.067962 0.8901891
0.9750353 0.9483877
0.9932028 0.9317676
0.9910616 0.9916272
1.00227 0.9345442
1.005374 0.9110494
1.007549 0.9183129
1.057108 0.9440584
0.9493464 0.9718494
0.9864253 0.9475857
0.9711823 0.9359691
0.9812198 0.9824662
0.9690505 0.9574866
0.9744033 0.936143
1.033678 0.9529373
0.9888614 0.9772336
0.9924675 0.9042334
1.015822 0.9306261
1.01514 0.9135144
1.02502 0.9284183
1.031614 0.9111643
0.9688727 0.9516455
0.9718916 0.9261339
1.008286 0.9608888
1.003884 0.969284
0.9782243 0.9563952
0.9862816 1.002725
0.989779 0.9724873
1.015612 0.898645
0.9755663 0.9231397
0.9918234 0.8747699
1.014199 0.9411306
0.9879076 0.9161744
1.010381 0.878916
1.011862 0.9165822
0.9866682 0.9990979
0.9979476 0.8836749
1.023749 0.909611
1.011686 0.8915211
0.9775587 0.9175913
1.019757 0.9463662
1.009013 0.9640975
0.9928636 0.9742031
0.973801 0.9206418
1.019117 0.8917319
0.9746628 0.9192912
0.9839768 0.9539667
1.009124 0.9331994
0.9832534 0.9253422
0.995279 0.9752658
1.018048 1.007134
0.9740491 1.027647
0.9955857 1.018519
0.984849 1.012214
1.008651 0.9144206
1.029488 0.884138
1.0105 0.9597383
1.01487 0.9742592
1.028708 0.8909723
0.9986945 0.9813187
1.01087 0.9694591
0.9810925 0.9300477
1.003505 0.9444727
0.9999605 0.9730004
0.9689532 0.96182
0.9870952 0.9218078
1.063343 0.884076
0.9891848 0.9483274
1.006472 0.9410124
1.041927 0.9312768
1.00049 0.8920185
0.9958033 0.8806659
0.985033 0.9420946
0.9724573 0.9652022
0.9785971 0.9926343
0.9968069 0.928936
1.024383 0.9148125
0.9818811 0.8924801
1.006315 0.9498668
1.016225 0.9339572
0.9804312 0.8929146
1.010407 0.9298586
0.9584747 0.9967157
1.011415 0.9286379
0.9943742 1.014331
1.051681 0.9399228
0.9805199 0.9250211
1.004964 0.9382944
1.020443 0.9073741
1.005284 0.9599473
1.002001 0.9292743
0.9786238 0.9125106
0.9960034 0.9157182
1.01487 0.899794
1.026263 0.868941
0.9890961 0.9271048
1.012109 0.8979097
0.9816349 0.901195
1.023786 0.9179481
1.037029 0.9481301
0.9618341 0.8897677
0.9958197 0.923531
0.9998602 0.9271485
0.9880001 0.9511155
0.992539 0.9346605
1.008003 0.884766
1.022556 0.9280406
0.9780742 0.9252407
0.993939 0.9334459
1.014099 0.9728839
1.007781 0.9342633
0.9999862 0.916236
1.038609 0.912882
0.9998754 0.9184161
0.994037 0.9220173
0.9898379 0.8905629
1.019239 0.9306783
0.9810329 0.8726547
0.9934852 0.9410649
1.02752 0.9321713
1.049575 0.8937069
1.003911 0.951671
0.9966624 0.9143486
0.9798631 0.9321699
0.9910619 0.9203124
0.980955 0.9707259
0.962971 0.9627871
0.9830082 0.9703297
1.01561 0.9204234
1.002755 0.9795798
0.9604487 0.9297733
0.9693013 0.9528788
1.035947 0.9111702
0.9824083 0.9091493
0.9871552 0.9342791
1.041789 0.9034912
0.9916975 0.9459323
1.0015 0.9235393
0.9787236 0.9708697
0.9677616 0.981369
0.9756371 0.9476102
0.9898366 0.9455539
1.00545 0.9695317
1.010748 0.9291071
0.9844838 0.9913527
1.026663 0.9296925
1.003592 0.9150908
1.011851 0.9504272
0.9968201 0.9196338
1.050247 0.9097739
1.02411 0.8807958
1.016419 0.9092861
0.9779069 0.9502538
0.9907456 0.9471228
0.9847567 0.9899475
0.9918915 1.010423
0.9656927 0.9912955
0.9830991 0.9742152
1.022171 0.9377636
1.030363 0.8921228
1.019707 0.8917731
0.9551559 0.947516
1.017037 0.9181856
1.000997 0.9301641
1.030322 0.8864462
1.015619 0.947354
0.9946479 0.9054334
1.001527 0.8991635
1.012548 0.9098803
1.008107 0.927056
1.005646 0.9114975
1.01543 0.9275598
0.9975184 0.9661083
0.9808178 0.9675837
0.9868631 1.000748
0.9864359 0.9200325
1.026909 0.9176292
0.9965786 0.9700849
0.9648385 0.9453513
0.9957741 0.9627823
0.9623759 0.9320033
1.006934 0.9059302
0.9803292 0.9310851
0.9893367 0.8637611
1.003918 0.9008272
0.9975419 0.9434272
0.9754151 0.9521326
0.9935802 0.9223278
0.9911716 0.8971737
1.02118 0.9156656
1.022282 0.9040777
0.9902583 0.8987024
1.017606 0.88572
1.01176 0.8983521
0.9762866 0.8674237
1.006473 0.9054886
0.995029 0.8941693
1.001141 0.9263455
0.9901104 0.9311539
0.9812387 0.9552544
1.02168 0.9426945
1.007264 0.945031
1.017028 0.8959554
0.9948056 0.939065
1.002675 0.923228
0.9716137 0.9027297
0.9881758 0.9347841
0.9786322 0.9357242
0.976199 0.981098
0.9653074 0.9225448
0.9810767 0.9300366
1.020386 0.9234832
1.006517 0.9117047
0.9738585 0.9222039
1.001673 0.953338
1.005103 0.9378074
1.007128 0.921182
0.9891653 0.8752806
0.9902788 0.9364472
1.02112 0.9266397
1.024278 0.8291003
0.9873311 0.8747752
1.028369 0.8483336
0.9955436 0.8976565
0.9823709 0.9343938
0.9975639 0.9570529
1.038188 0.9150963
1.008921 0.9461959
0.9978197 0.9920058
1.019448 0.9391307
0.9997243 0.9933339
0.9752468 0.9735495
0.9934745 0.9791108
1.022655 0.9373776
0.9931531 0.9112836
1.030036 0.9452561
0.9978286 0.9061478
1.022354 0.935456
0.9541684 0.934012
1.024624 0.8534498
1.005612 0.9048318
1.017671 0.8894527
0.974328 0.913418
0.9925101 0.9415195
0.963595 0.9381577
0.9771803 0.9535145
0.9699822 0.9395391
0.9994488 0.9084872
1.045147 0.8955114
1.007004 0.8975441
0.962613 0.9495748
1.004987 0.9580205
1.01633 0.9208605
0.9885691 0.9341137
1.014123 0.927488
1.01874 0.957935
1.018052 1.016649
1.00261 1.018204
1.011822 0.9340346
0.9615846 0.9088968
1.030775 0.921912
0.9926013 0.9009763
1.011106 0.8997603
0.9910101 0.9579748
1.013376 0.9511411
0.9911133 0.9140531
1.013278 0.909921
1.013557 0.9821797
0.9981356 0.922998
0.9918019 0.9356155
0.9989605 0.9715979
0.9860531 0.9478418
0.9879843 0.9459038
0.9855045 0.8910159
0.9892111 0.927852
1.012353 0.9317719
1.000414 0.9113124
0.9692061 0.8790648
0.996329 0.9311937
0.9719384 1.003179
1.022886 0.9618033
0.9843083 0.9358199
0.9661583 0.9700463
0.9889018 0.9235366
0.9908397 0.9376471
0.9553191 0.9572745
1.00649 0.9507343
1.016015 0.9138445
0.9991197 0.9433123
0.9584636 0.9519224
1.018865 0.9585895
0.9883782 0.9642831
0.9775178 0.9773075
0.9701221 1.004725
1.002725 1.000254
0.9856984 0.9399682
0.9982609 0.8992593
1.018174 0.9271956
1.005519 0.8904441
0.9911167 0.9524056
1.001025 0.9213276
1.001774 0.9064355
0.9952144 0.9252108
0.9567878 0.9462867
1.000032 0.9595687
1.004777 0.9578375
1.000824 0.9594832
0.9972642 1.006231
1.010373 0.975027
0.9729323 0.9471275
0.9728408 1.04462
0.9899306 0.9658674
0.9824003 0.9850526
1.011679 0.9520052
0.9884368 0.9057073
0.9953079 0.867649
1.017217 0.9317216
0.9842649 0.9136095
1.008264 0.9027544
0.982212 0.935051
1.009759 0.937526
1.045174 0.9123845
0.9800487 0.9486186
0.9996343 0.8983771
0.9953038 0.9541257
1.004436 0.8960277
0.995254 0.9379414
1.000356 0.8666965
1.006498 0.9150691
0.9781642 0.8914106
0.9919617 0.8949991
0.9748516 0.9105292
1.027665 0.8671373
0.9954035 0.9279071
0.9787972 0.9588612
1.006022 0.9492957
1.008728 0.9420799
0.9868675 0.9510836
0.9968371 0.9154371
0.9949442 0.9527236
0.9601996 0.987392
1.034425 0.962362
0.9952636 0.9358447
0.9691045 0.9844066
1.003975 0.983977
1.030627 0.8909405
0.9702061 0.965353
0.9777279 0.9597045
1.018719 0.9383398
0.97943 0.928955
0.9691992 0.951859
1.007197 0.9718737
0.9891172 0.9489099
1.039702 0.9229009
0.9691001 0.9857594
1.003761 0.9872165
0.9985754 0.9161561
0.9923997 0.8838055
0.988477 0.9185239
0.9686819 0.8953218
0.9650382 0.8849424
0.9717241 0.887461
1.023857 0.9263279
1.019622 0.9051468
1.021601 0.9559905
0.9798638 0.9330437
0.9884729 0.877549
1.020996 0.9140827
1.035951 0.8736482
1.018929 0.8752106
1.003537 0.884906
0.9718109 0.9247073
1.009803 0.9335132
0.9754871 0.9616167
0.9824314 0.9607922
1.022219 0.8985826
0.9900351 0.9130061
1.007962 0.9368358
1.00941 0.9417758
1.025933 0.9321151
0.9845593 0.9590094
0.9839573 0.91625
1.000468 0.8993668
0.9844163 0.8700945
0.9976956 0.8784477
0.9911018 0.9166122
0.9970472 0.8710946
1.02366 0.8800276
0.9722892 0.8888862
1.015475 0.9026316
0.987417 0.8822285
0.964419 0.9415808
0.9862898 0.9117344
0.9845027 0.8636791
1.007434 0.923213
1.019888 0.8694263
1.00144 0.9310619
0.9856349 0.9071902
0.9937554 0.8864253
0.9893057 0.9342031
1.014462 0.8740607
0.9947548 0.9308754
0.9982433 0.9460047
0.9829028 0.9657814
0.9766372 0.9630808
0.981525 0.9719132
0.9954632 0.9055431
0.9905035 0.926111
1.007816 0.9034431
0.982713 0.9524478
1.000751 0.9511454
1.015939 0.9540823
0.9705837 0.9622242
1.035687 0.935389
1.004189 0.9035668
1.021758 0.8803687
1.006212 0.9053416
0.9558756 0.9243772
1.000792 0.9540353
0.9587603 0.9488167
1.00271 0.9217906
1.010449 0.9103437
1.009497 0.8310272
0.9824289 0.9020767
1.011075 0.9465326
0.9745972 0.9314501
0.9945362 0.9382203
0.9812704 0.8892925
1.008055 0.9378932
1.008121 0.923136
1.005232 0.9221426
0.9820935 0.9199439
0.9708324 0.9182905
0.9845364 0.9849485
0.9798191 0.9694471
0.9987673 0.9296474
0.9923015 0.9351851
0.9946289 0.9051059
0.9759138 0.9559961
1.006057 0.9326369
1.013849 0.904056
0.9861272 0.9082026
1.01606 0.9032262
0.9773874 0.9340956
1.010064 0.9139017
1.006112 0.8760878
1.004347 0.9148849
0.9727802 0.9351512
0.9944725 0.917632
0.9953643 0.9379484
0.9967209 0.941098
1.005395 0.9820424
0.9926418 0.8694917
0.9977099 0.8677876
0.9936457 0.9197943
0.9865183 0.9156292
1.000104 0.9317932
1.006079 0.9352462
0.9902782 0.8951375
0.9821794 0.9135484
0.9710328 0.9591092
1.013442 0.9726482
1.0277 0.8677771
1.019087 0.8670891
0.9963674 0.9267891
0.9783268 0.9423186
1.015914 0.9520593
0.9765079 0.9426687
0.991333 0.9660463
0.9813275 0.9548879
0.9763241 0.9701802
1.011897 0.9291409
1.020395 0.898472
0.9647181 0.9706499
1.022369 0.9583167
1.058245 0.919064
0.9887221 0.9547893
1.02031 0.8995083
1.019228 0.9274977
0.9652337 0.9328194
1.007354 0.952426
0.9918626 0.9735546
1.016854 0.9930923
0.991559 1.000932
0.9610877 0.9426718
0.9835032 0.9159289
0.985047 0.9809926
0.9836969 0.9185208
1.003152 0.9560843
1.044174 0.901037
1.005999 0.9137887
1.009714 0.9633129
0.9987434 0.9818067
1.030403 0.9069371
1.01356 0.9448043
0.9664663 0.9550116
1.001864 0.9153035
0.9839301 0.9034409
0.9998407 0.9527124
0.9862787 0.9364834
0.9773576 0.9710498
1.042983 0.9446787
1.010421 0.9286122
1.050736 0.9104426
1.046447 0.8949121
0.9950375 0.9004062
0.994817 0.9015467
1.030493 0.8739274
1.027177 0.8841937
1.001508 0.885919
1.017781 0.9223522
1.026966 0.8736004
0.9861854 0.909504
0.9850831 0.9434753
0.9966078 0.9336738
1.042401 0.9419404
0.9792993 0.9813743
0.9957254 0.9312282
0.9664144 0.9395931
0.9848498 0.9440527
1.018729 0.9704757
0.9811527 0.9410546
0.951486 0.8889468
1.012504 0.900954
0.9991075 0.9300393
1.002123 0.8980417
0.9861442 0.9082527
0.9888313 0.9243814
0.9886075 0.9295646
0.9924382 0.9007488
0.9967778 0.8896717
0.9962835 0.9226855
1.026864 0.8824235
0.9518589 0.9870139
1.021776 0.9282159
1.020072 0.963945
1.008637 0.9669041
1.005691 0.9420155
0.9875443 0.9144088
1.026528 0.931702
1.000776 0.8697954
0.9679404 0.9461964
0.9704569 0.981882
0.9635588 0.9884499
0.998193 0.9516494
1.003262 0.9593561
1.009308 0.900943
0.9953359 0.9387649
0.9698429 0.9751721
1.001596 0.9463517
0.9842033 0.9452274
1.005781 0.9669287
0.9951424 0.9258024
1.024164 0.9097634
0.9786443 0.9346394
1.009216 0.9108045
1.005649 0.9208935
0.9743081 0.8836945
1.031536 0.9013711
1.014969 0.882889
1.012987 0.9360643
0.9985895 0.913725
0.9884836 0.9621769
1.010323 0.9661855
1.0143 0.9323332
0.9846139 0.9427758
1.029301 0.9136703
1.010299 0.9210816
1.006556 0.9276451
1.012511 0.9269028
1.014763 0.9443934
1.001118 0.9410146
0.9683738 0.9965787
0.9903155 0.9636993
0.9640212 0.9350216
1.010203 0.887793
1.001756 0.9356535
1.003076 0.9372016
1.004588 0.9539281
1.019915 0.9094658
1.001088 0.8984305
1.015988 0.9022185
1.011597 0.9895817
0.9513089 0.9532742
1.00247 0.91779
1.018193 0.9134097
0.9867876 0.9090735
1.026687 0.9499972
1.010672 0.9308262
1.004309 0.9067256
0.9977851 0.8905836
0.9924068 0.8931416
0.9952334 0.9644062
0.9937 0.9410549
0.999727 0.9723373
1.016803 0.9697299
0.9807008 0.9657892
1.004138 0.9777617
0.9849417 0.9037145
0.9882082 0.8999424
1.018107 0.9157692
1.017738 0.929509
0.9970753 1.020249
0.9612973 1.032391
0.9947108 1.018603
0.9878818 0.9891493
0.990925 0.9436988
1.010255 0.9243184
1.019649 0.9611192
0.9963614 0.9237234
1.010032 0.9509061
1.012927 0.9143524
0.9920777 0.9371866
0.9763499 0.935319
0.9931893 0.9766237
0.9797734 0.9374464
0.9785035 0.9667589
1.034481 0.9424128
0.9931222 0.9486508
0.9958962 0.914118
0.9985838 0.9120216
1.010094 0.8888391
1.032903 0.9217704
0.9741969 0.9770464
0.9776765 1.007075
0.9997666 0.9610423
0.9844531 0.9447054
0.9947037 0.9049551
1.001516 0.9152657
0.95604 0.9296114
0.9835525 0.9208218
1.005069 0.9184894
0.9751327 0.9215421
1.020357 0.931811
1.009847 0.868762
0.9924019 0.9184203
0.987675 0.9440305
1.004373 0.9750564
1.020154 0.9228183
1.007464 0.9164652
1.00784 1.004962
0.993165 0.9627967
0.9846007 0.9617696
1.002683 0.9525646
0.9880166 0.9497167
1.010373 0.9122102
0.9675149 0.9604792
1.013153 1.004019
0.9834711 0.9921106
1.000762 0.9732118
0.9685461 0.9519401
1.000529 0.9270548
0.961202 0.9671992
0.981029 0.9732926
1.014679 0.9525604
0.9651352 0.9385679
1.016772 0.9260221
1.005651 0.8795174
0.9691687 0.9112453
1.014566 0.9232184
0.9866338 0.9890028
0.9779849 0.9359603
1.033957 0.9455221
1.021592 0.8830066
0.9714246 0.932901
1.008468 0.9471735
0.9670527 0.969414
0.9852487 0.968018
0.9678271 0.915405
1.006483 0.9355862
1.019011 0.9314124
0.9771511 0.9119195
0.9780258 0.9127102
1.03022 0.9163848
1.02392 0.8704914
1.016051 0.8944431
0.9868012 0.9445348
1.003015 0.9371646
1.008864 0.9383982
0.9779091 0.9238843
1.010314 0.9471581
1.008925 0.9814039
1.021623 0.9600506
0.9969751 0.9470866
0.9931662 0.9728182
0.9765214 0.9740668
0.9926608 0.9313069
0.9992879 0.9163203
1.000117 0.9097577
0.9722196 0.9397232
0.9855522 0.8782805
1.010298 0.9016189
1.016602 0.8770011
0.9878519 0.8768333
1.00044 0.8676309
0.99928 0.8621986
0.9836472 0.9188897
1.021493 0.8997914
1.022116 0.9383613
1.026952 0.9645441
0.9949293 0.9667056
0.9782406 0.9951332
1.015794 0.9469434
0.9399082 0.9686354
0.9653053 1.003135
1.027202 0.9961852
1.020055 0.9444753
0.9692061 0.9959368
0.9925658 0.9631318
1.012455 0.9562996
1.019791 0.9688184
1.022917 0.932096
1.01341 0.8768698
0.987276 0.8905572
0.9873057 0.9000398
0.9747803 0.9108243
0.9943097 0.9005549
0.9667087 0.9419708
0.9957497 0.9592874
1.000943 0.9075442
0.9863232 0.9654536
1.017057 0.8773764
0.982159 0.9144956
0.9643553 0.924416
0.9828163 0.9211789
1.006114 0.9180758
0.98142 0.8892525
0.9931132 0.9455013
0.9987292 0.9012275
1.010068 0.9383492
1.060332 0.9323079
1.014841 0.9660259
0.9948711 0.9241747
0.9981657 0.8980611
1.002929 0.8987391
1.008834 0.8992398
1.012021 0.9348747
1.008261 0.9915228
0.9711011 0.9402375
0.9985353 0.9764753
1.015799 0.9099583
0.9873835 0.9364039
0.9864571 0.8943174
0.9914364 0.9155272
0.9807174 0.8912758
0.9908887 0.931972
0.9967465 0.9190586
1.007277 0.8799115
1.00388 0.9217685
0.9736561 0.941161
0.9947084 0.9137802
0.9918066 0.8871923
0.9827532 0.8878952
1.000534 0.9260167
1.007351 0.8926837
0.969655 0.9448769
0.9855645 0.9411605
1.011586 0.9457431
0.9977892 0.9150064
1.025749 0.9165675
0.9710597 0.9252898
1.039543 0.9502732
0.9769113 0.9743668
0.9652907 0.9497861
1.028278 0.9606031
0.9914739 0.9238522
1.020301 0.9227312
0.9658304 0.9899468
0.9925087 0.952091
0.9811018 0.9266385
0.9675011 0.9039498
1.004869 0.9081277
0.9581864 0.9805699
1.003228 0.9192553
1.000801 0.896814
1.009895 0.8695438
1.023902 0.9055148
1.048282 0.8994298
1.010852 0.8496224
0.9901622 0.9243213
0.9919475 0.9332
1.024431 0.88599
0.9902425 0.8747188
0.9984461 0.9399558
0.9861686 0.9256233
0.9910987 0.9524979
0.9695688 0.9490615
1.011488 0.8948703
1.01637 0.9012391
1.005102 0.890101
1.030685 0.8970794
1.007517 0.8897438
1.015053 0.8915383
0.9925345 0.8696787
0.9964966 0.9034387
0.991476 0.884736
1.025333 0.9205604
0.9787903 1.008853
1.007529 0.9967278
0.9802011 0.9288025
1.005167 0.958145
1.014103 0.9974969
0.9962852 0.9452493
0.9978055 0.9364403
1.016895 0.9033119
1.01823 0.9288073
1.003262 0.8869627
1.006092 0.9487543
0.9786508 0.9718252
1.009107 0.9024213
0.997745 0.9425584
0.995461 0.9309028
1.010404 0.8762013
0.999426 0.8681828
1.035854 0.9022575
0.9787646 0.9563187
1.005908 0.9353255
1.00249 0.9418854
0.9923115 0.913483
0.9915013 0.9097852
0.9828812 0.9283452
0.9675792 0.9396267
1.016038 0.9125005
1.024969 0.9196187
1.015875 0.8910839
0.9917739 0.9307862
0.9836971 0.9359848
0.9855927 0.9108186
0.987486 0.9065409
1.003994 0.8896671
1.00495 0.8863211
1.006018 0.9451824
1.013163 0.8979803
0.9711615 0.8945982
1.000578 0.8865152
0.975262 0.8921897
1.028643 0.9091487
0.9900301 0.8938783
0.985632 0.8874462
1.038499 0.9383573
0.9906346 0.9268892
1.008946 0.9044395
1.00197 0.8775577
1.029794 0.8873442
1.016067 0.9638921
1.000687 0.9375371
0.9903841 0.9276786
1.038214 0.9353286
1.01232 0.9829108
1.01198 0.9530578
0.996707 0.9772284
0.9752737 0.9600644
1.002889 0.9505143
1.004083 0.9433143
0.9733241 0.9108299
1.040837 0.9188646
1.028335 0.9241168
1.015657 0.9492137
0.9823881 0.9306721
0.993581 0.9561104
0.9747589 0.8951826
0.98931 0.8830693
1.015722 0.8741153
1.010629 0.8663842
0.9866387 0.882563
1.011191 0.8762363
1.016223 0.8957858
1.013939 0.8960519
0.9924126 0.9458297
0.9479002 0.9416093
1.020424 0.9226307
0.998756 0.955623
1.008324 0.9142452
1.019467 0.8648996
0.9800916 0.8889521
0.9869449 0.8846139
1.021576 0.8680711
0.9788202 0.9050001
0.9986351 0.9659848
0.9973709 0.973763
0.9922964 0.8952901
0.9937547 0.8713092
0.9893853 0.8911137
0.9767554 0.9290613
0.9855525 0.9116254
0.9877562 0.9525116
0.9788901 0.9312629
1.003463 0.8959513
0.9659565 0.9542727
0.9815842 0.9470453
0.9949227 0.9303297
1.015988 0.9496685
0.9967284 0.934421
0.9847479 0.9472867
1.000131 0.8938597
0.9890147 0.8840304
1.019336 0.8932414
1.008519 0.8875426
1.005707 0.9091924
1.000781 0.9471181
1.001832 0.9142281
1.013508 0.9244684
0.9999995 0.9000985
1.023401 0.896826
0.9857847 0.9302871
0.9790528 0.9486344
1.042788 0.8926583
1.020474 0.9489131
0.9818916 0.9598973
1.005142 0.9337581
1.00412 0.9030826
0.9924349 0.916509
1.009211 0.9463618
0.9845379 0.9334092
0.9845821 0.9083039
1.002587 0.9261949
1.012265 0.9489518
1.0087 0.9126004
1.028573 0.8782817
0.9913536 0.8653791
1.0339 0.9283016
1.003134 0.9060926
0.9629303 0.9156827
1.016251 0.9240593
1.010235 0.8876016
1.021433 0.9114161
0.9646903 0.9747139
0.9954968 0.9970361
1.001679 0.9170626
0.9712994 0.9026186
1.036503 0.9557168
1.000696 0.9210177
1.027046 0.9559346
1.020386 0.9376608
1.029818 0.9435061
0.9896859 0.9516698
1.013323 0.9485299
0.9989687 0.9207712
0.9950602 0.9334022
1.008456 0.9416434
0.9667445 1.009508
1.007293 0.9332399
0.9640425 0.9596809
0.9783131 0.9087067
0.9815389 0.9331153
0.9954215 0.9617171
1.009086 0.9567782
1.015007 0.9458975
1.012594 0.9311661
1.004752 0.897782
1.011666 0.8711375
1.026361 0.8769901
1.004809 0.9311344
1.008326 0.8822706
1.00221 0.8732815
1.006386 0.8972418
1.014732 0.8821214
0.9765524 0.9503247
1.009113 0.9596918
0.957407 0.9375057
0.997348 0.966015
0.9796297 0.980507
1.055894 0.9443827
0.9954494 0.9414229
1.003339 0.9123252
1.004383 0.9289269
1.017074 0.8970057
1.036774 0.9288979
0.9678984 0.9640167
0.985806 0.932726
1.011717 0.9469505
0.9939148 0.8885008
0.9683 0.8909591
1.000178 0.9252755
0.9957469 0.9175306
0.9552791 0.917211
0.9820042 0.9079459
1.014129 0.9038594
1.032377 0.9151705
0.9810914 0.9376575
1.004753 0.9592257
0.9835766 0.9524066
1.013495 0.9046059
1.009497 0.9299632
0.9943612 0.906179
0.9844588 0.9310683
1.008027 0.88616
1.026847 0.8704372
0.9976338 0.8932102
1.001513 0.8741246
1.022037 0.9331755
0.9962153 0.9359512
1.002319 1.013233
0.9849054 0.960258
0.9828509 0.9272614
0.98823 0.8650881
1.031791 0.8712708
1.038691 0.9383239
1.018508 0.8914382
0.9543693 0.9634108
0.9684347 0.9418663
0.9933521 0.9316815
0.9694692 0.9533191
0.9929754 0.9711861
0.9789504 0.9650313
0.9984374 0.9283262
0.9758517 0.9472636
0.9875385 0.9766365
1.021507 0.9812915
1.007986 0.9125436
0.9770759 0.9743741
0.9898742 0.9844436
0.9903377 0.9807122
0.9807 0.9337926
1.003488 0.8962292
0.9893386 0.8883888
0.9775934 0.8962501
0.9770259 0.9098984
1.013665 0.9250541
1.000372 0.9200791
0.9931874 0.9087837
0.992038 0.9581897
1.009347 0.9563702
1.052201 0.8751436
1.017041 0.8968221
0.973731 0.9484832
1.039577 0.9676561
0.9918775 0.9794395
0.9878906 0.9576238
0.9836771 0.9120492
0.9686237 0.9467094
1.010162 0.9689457
1.001564 0.9186453
0.9785947 0.9270182
1.017219 0.9012689
0.9756129 0.8801822
1.002138 0.9190017
1.009275 0.8905651
0.9652777 0.9436832
1.015725 0.9041252
1.012718 0.9218367
0.9740375 0.9678427
1.010994 0.9389235
0.9876113 0.945121
0.9602971 0.9670683
1.014906 0.942227
1.042927 0.9616215
1.013033 0.9367553
0.982024 0.9248507
0.9994377 0.9458676
1.002325 0.8901251
1.010377 0.9078764
0.9991562 0.9285197
0.9513667 0.9182182
0.9850132 0.8918234
0.9774132 0.9339479
1.005175 0.875386
0.9826248 0.9077904
0.9995337 0.8986222
1.028249 0.9287257
0.9915018 0.9102744
1.003444 0.9260017
0.9987846 0.8937503
1.006823 0.8741488
1.007947 0.8650341
0.9908849 0.9032005
1.010997 0.9008542
0.9992153 0.9082056
0.9818234 0.9747107
1.017778 0.9314503
0.9862801 0.9921367
1.005347 0.9537374
1.001512 0.8911194
0.9921483 0.9466701
0.9878894 0.9228732
0.9566675 0.9748727
0.9952997 0.9662456
1.002994 1.007798
1.01308 0.9572538
0.9604294 0.944531
0.9891507 0.9529422
0.9885798 0.9630818
1.005645 0.9981155
1.009095 0.9981436
1.013665 0.9689934
0.9963811 0.962897
1.021936 0.9348409
0.9913128 0.9292064
1.002795 0.9631248
1.014644 0.9583757
0.9885153 0.9016725
1.005007 0.9608919
0.9948478 0.8873319
0.997464 0.9153169
0.9877436 0.9330396
0.9953042 0.9345641
1.015592 0.9829126
0.984748 1.008149
0.9665236 0.9683743
1.024561 0.944492
1.012221 0.9371775
0.9961647 0.9485602
1.003843 0.9179888
1.026686 0.9169715
1.01198 0.9698467
0.9584917 0.9805322
0.9907544 0.9476647
1.007229 0.9409544
1.001962 0.953099
1.028547 0.8940276
1.004997 0.9093633
0.9867223 0.953067
0.9934604 0.8916278
1.007313 0.9454061
0.9986214 0.8981303
1.005688 0.9107075
1.010903 0.880395
1.006746 0.9144638
0.9972351 0.9044827
1.016808 0.9404468
1.019638 0.9065072
0.9940681 0.9211044
1.01183 0.8882883
0.9991035 0.8645916
1.023725 0.8780351
0.9785795 0.9302113
1.015259 0.8845814
1.027755 0.952452
1.011758 0.9301693
1.029243 0.9361265
1.042187 0.9319315
1.007914 0.8974635
1.016963 0.9274262
1.015966 0.900558
0.9823161 0.9417531
1.018942 0.9246956
0.9651989 0.9678054
0.9761101 0.9278369
1.047066 0.9132029
0.9915646 0.9993696
1.015294 0.966701
0.9961112 0.8842862
1.006082 0.9083903
0.9925159 0.9404047
1.000843 0.9340425
1.019972 0.9543416
1.002164 0.9568363
1.016975 0.9394231
1.036302 0.9085307
0.9610953 0.9449954
0.9948933 0.9015218
1.030225 0.8641107
1.005419 0.8900059
0.9738685 0.9124292
1.029729 0.8929627
0.9896154 0.923394
0.9946177 0.8842864
1.009023 0.9280286
1.014234 0.9252202
0.9810206 0.8928153
0.9926606 0.903828
1.026626 0.9223265
1.041025 0.9235603
1.026881 0.8972872
1.022459 0.9072265
0.9708451 0.9634852
1.024364 0.9416291
0.9823605 0.9238382
0.9877346 0.9248576
1.004537 0.946513
0.9821164 1.006144
1.017226 0.9597613
1.004967 0.8959613
0.9868359 0.9541755
0.9729691 0.9453032
0.9902569 0.9336064
1.022528 0.9614731
0.9613541 0.9506177
0.9949024 0.9505466
0.9872715 0.9795306
0.9791946 0.9598815
1.008606 0.9493755
0.9866453 0.9622112
1.003156 0.9399898
0.9780458 0.8882466
0.9604824 0.9714431
1.008515 0.9668849
0.9579377 0.9212183
0.9968658 0.8907676
0.9794648 0.9392289
0.9636586 0.9001282
0.9754904 0.9303788
0.9876195 0.9157291
0.9850404 0.9238127
0.9561719 0.9981275
0.9958879 0.9550801
1.014432 0.9259423
1.019558 0.8906731
1.022426 0.9299693
1.019402 0.9008107
0.9658213 0.9290891
1.00067 0.967673
1.003633 0.9174824
1.014333 0.9668123
0.9922777 0.9523927
1.017961 0.930199
1.033678 0.9154604
0.9702643 0.9606889
0.9980519 0.9493344
0.9961512 0.9119733
0.9976347 0.9725149
0.9798197 0.9401968
1.034057 0.9278123
0.9769868 0.9393817
0.9768751 0.9790946
0.9671897 0.8923318
1.03469 0.8549494
0.9743527 0.914233
1.010322 0.8776906
0.9866222 0.8729972
1.013658 0.9094799
1.011202 0.8885477
0.9835333 0.8979888
1.011205 0.8747009
1.005603 0.9369816
1.001471 0.9491654
0.9825457 0.9619897
0.9654477 0.9949084
1.025425 0.9643972
0.9842902 0.958755
0.9636093 0.8856824
0.9937755 0.9159344
1.042502 0.8580539
0.9915348 0.8791218
1.02038 0.9184798
0.9787873 0.9262807
1.010127 0.9550705
0.9949166 0.8951365
1.013027 0.8988977
0.9845219 0.9290532
0.9951131 0.8921249
1.000622 0.9442243
0.9831395 0.8979166
1.003247 0.9258939
0.9702119 0.9496447
1.002065 0.9736488
0.9864391 0.9569208
1.013364 0.9232943
1.021079 0.8837966
0.9771987 0.9333527
1.026259 0.9662276
1.001336 0.924163
0.9793716 0.9701823
0.9836315 0.8862266
1.008564 0.9041104
1.006225 0.9100527
1.006373 0.9188251
1.018124 0.9657603
1.004051 1.021725
0.9888575 0.9796646
0.9971205 0.9728105
1.000098 0.8995811
0.986033 0.9345036
1.019102 0.9266415
1.010132 0.8686287
0.9790354 0.9189597
0.9902215 0.9207411
1.014132 0.9466275
1.001633 0.9193374
1.028139 0.9120475
1.01186 0.8959969
0.9938147 0.9008372
1.003393 0.9009099
0.9732065 0.8764965
0.9759739 0.935975
0.9955297 0.9243506
1.018533 0.9884759
0.9850776 0.9506457
0.9650727 0.9388335
1.033541 0.9423396
1.009208 0.9048399
0.9871121 0.9236381
1.025036 0.9494993
1.002717 0.9302781
1.000883 0.9740434
0.9848479 0.9723249
1.024648 0.9466435
1.040061 0.9188121
1.018466 0.9536387
0.9855148 0.9435774
0.9954634 0.9608287
0.9823334 0.9566595
0.9882612 0.9851585
0.9926567 1.006453
1.00766 0.9253026
0.9763236 0.9435778
1.012702 0.9518311
1.013852 0.9655404
0.9735067 0.9326052
0.9822809 0.9577075
0.9430296 0.9569803
1.000084 0.9067097
0.9745796 0.9165113
1.003813 0.9467319
0.9860041 0.9427234
1.002441 0.8896002
0.9828713 0.9022366
0.9900002 0.9098554
1.003054 0.8934959
1.018764 0.8768258
0.9857394 0.8775381
0.9865689 0.9549969
0.9880702 0.9584252
1.002867 0.9650186
1.010098 0.9124291
1.020028 0.9542166
1.022269 0.9127341
0.981934 0.9054015
1.021661 0.9206546
1.014075 0.9412178
0.9561895 1.00624
0.995856 0.9616512
1.023333 0.8806512
1.008694 0.9116314
1.029521 0.8800871
0.9970103 0.9023264
0.9844781 0.9076886
0.9975133 0.9489972
1.036652 0.9384643
0.9819378 0.9741906
1.018822 0.8988578
0.970717 0.9308098
0.9791436 0.9276439
1.00961 0.8642483
1.023249 0.9325732
1.014122 0.8944284
0.9953951 0.9373674
0.9903196 0.9413621
1.011239 0.9346318
0.972212 0.9649956
0.9863366 0.965941
1.022193 0.9098476
1.001716 0.9474087
0.9905012 0.90839
1.050476 0.9094867
0.9924532 0.849406
0.9909435 0.9171684
1.009915 0.9018385
0.9850426 0.8610733
1.035578 0.8888338
1.040724 0.8803593
0.9793893 0.9221059
0.9907438 0.8843521
1.022276 0.8860157
0.9896194 0.8922926
1.026281 0.912258
0.9716736 0.9369405
0.9571643 0.951547
1.020153 0.9794285
0.9979073 0.8963856
0.9958667 0.9253561
0.9928443 0.9479395
1.004504 0.9002241
0.9807207 0.9102027
1.003323 0.9372228
0.9840435 0.9674801
0.9958178 0.9160478
1.00234 0.8912604
1.004372 0.9394214
1.01012 0.9106253
0.9893333 0.9412265
1.019978 0.8971904
0.9994262 0.975127
1.007581 0.9715696
0.9907351 0.9310418
0.9623302 0.9136421
0.9908762 0.9085557
1.000449 0.871162
0.9971642 0.9058084
1.022475 0.9091874
0.9742183 0.9160808
0.9940102 0.9293614
1.015419 0.8852023
1.002035 0.8851557
0.9883875 0.9325019
1.019788 0.9271432
1.013298 0.8829625
1.015862 0.8823138
0.9902157 0.9560935
0.9764793 0.9034432
1.010169 0.8941845
0.9851873 0.9290617
0.9913177 0.9448255
1.011265 0.9501603
1.005674 0.9525683
0.9549757 0.8961594
0.9924049 0.8996052
1.000602 0.8960853
1.035058 0.8449206
1.04532 0.8947041
1.006263 0.9772403
0.9653121 0.9393927
1.041778 0.933453
0.977104 0.9125682
0.9957406 0.9561343
1.01343 0.9346324
1.029484 0.8981574
1.007043 0.9394866
1.011022 0.9322969
1.001549 0.9415082
1.001079 0.909402
1.010469 0.9123039
1.033976 0.8949346
1.008219 0.9137485
1.025379 0.9354588
1.012838 0.8997684
1.025314 0.8761821
0.9870245 0.9618011
1.014453 0.9238636
0.9781289 0.9305103
0.9674985 0.9378583
0.9943081 0.9052857
1.012413 0.892133
0.9841681 0.9485598
0.9983823 0.9631878
0.9700009 0.9302098
1.021252 0.8818507
0.9886004 0.9181463
1.021142 0.8645478
0.9827825 0.9425898
0.9988772 0.9374283
1.013216 0.9617833
1.005933 0.9001626
1.009744 1.0149
0.9913003 0.9545052
0.9603496 0.9774756
1.021993 0.8978184
1.030046 0.931994
0.99833 0.9504475
1.012305 0.948957
1.026047 0.9299301
1.002281 0.926524
0.988922 0.932873
0.9975675 0.9069191
0.9775957 0.9592525
0.9927628 0.9971391
1.001115 0.9806257
1.018991 0.9244811
0.973399 0.9235389
1.02629 0.928862
0.9970665 0.9304927
0.9843499 0.9406292
1.063265 0.9649153
0.9686855 0.9551797
0.9804874 0.9505112
1.020529 0.9220956
0.9926298 0.9397722
0.9514026 0.9652057
0.9825735 0.955075
1.003173 0.9550671
1.049941 0.9176585
1.039839 0.9127924
0.9828311 0.9231039
1.001699 0.956626
1.021867 0.9161159
1.005856 0.9037305
1.013343 0.8941326
1.012322 0.9296248
1.009045 0.9199961
1.027669 0.9122131
1.023346 0.9166339
0.9599782 0.9598477
1.023747 0.9202418
1.014598 0.8713414
1.015894 0.8859869
1.023493 0.8716678
0.9977777 0.8761016
1.010185 0.8854363
1.03643 0.8677127
0.9987308 0.9129043
0.950639 0.9698066
0.9924954 0.9259681
1.002994 0.9165569
1.004248 0.9306937
0.996161 0.9278642
1.02714 0.9496315
0.9911679 0.8923357
1.041612 0.9419996
0.9771645 0.9457931
0.9914545 0.9859826
1.018847 0.9461185
0.9778869 0.9146839
0.9990595 0.9006907
0.9971199 0.8792714
0.9785063 0.9025505
1.029376 0.9055736
0.9872092 0.927718
1.008486 0.9465438
1.002438 0.9527061
0.9919983 0.9722454
0.9878428 0.9354601
0.9879706 0.9359547
0.9926472 0.9288142
1.0273 0.8914159
0.9937373 0.903452
0.9853954 0.9199249
0.9825892 0.9368482
0.9967918 0.9273683
0.9996534 0.9263776
1.033719 0.9202662
1.008447 0.917236
0.9817462 0.9160214
0.9828015 0.9030401
0.9837556 0.9145886
1.008528 0.9030968
0.9794956 0.9179702
0.996263 0.8938861
1.014608 0.9016238
0.9835394 0.9551509
1.003808 0.9365129
0.9972963 0.9228073
1.002777 0.9586031
1.019214 0.9260524
0.9754391 0.8966502
1.017967 0.8705744
1.005046 0.9180199
1.021253 0.9174001
0.9963592 0.960817
0.9967897 0.9629155
1.016078 0.969418
0.9789077 0.9289588
0.9910756 0.9491425
0.9826006 0.9133676
0.981743 0.9696606
0.961066 0.9595185
0.9793631 0.9267566
0.9947557 0.9429705
0.9525466 1.002596
1.015136 0.9454335
1.043197 0.8983427
0.9986158 0.9266519
0.9928417 0.9283226
0.9968802 0.9518882
0.9950741 0.9296239
0.9924389 0.9611411
0.9809876 0.9056197
1.017845 0.8931491
0.982847 0.915478
0.9990744 0.8971912
0.9850739 0.9570181
0.9824565 0.956226
1.014189 0.9089291
0.9807185 0.9173038
1.011043 0.93122
0.9899585 0.9006488
1.007912 0.8800775
1.039441 0.8990446
1.001376 0.914163
1.028289 0.8926715
1.013143 0.9056157
1.002199 0.9146606
1.005973 0.9263535
0.987647 0.9722612
1.006232 0.9895263
1.000526 0.9153659
0.9879039 0.9223407
1.001288 0.85664
0.9806005 0.9208586
1.029452 0.9053279
1.000613 0.9714936
1.048826 0.9629894
1.009988 0.9400618
1.002877 0.9270447
0.9923034 0.9006867
1.013608 0.9257947
1.008465 0.9503474
0.9809649 0.9702812
0.9982517 0.9312726
0.9855507 0.9870292
1.011605 0.9044921
1.009883 0.8878193
0.9967508 0.9532788
1.00633 0.8884037
0.9904193 0.928906
0.986995 0.9540726
0.9731967 0.9385253
0.9906049 0.9387276
0.9877902 0.9476573
0.9728377 0.9120849
1.024769 0.896714
0.995964 0.9606227
0.954215 0.9051122
0.9994527 0.8841221
1.003836 0.9091165
0.9945724 0.8876572
1.017926 0.9315115
0.9979489 0.891849
0.9836968 0.9156287
1.017636 0.8874035
0.9868586 0.9215217
1.005352 0.9114648
0.9686719 0.9345262
0.9836722 0.9406639
0.9934302 0.9377231
1.032147 0.9033197
1.027257 0.8985235
1.010656 0.8727039
1.02314 0.8785325
1.015041 0.9214942
1.020393 0.9167795
1.010281 0.9047691
0.9871623 0.8834984
1.023376 0.9110441
1.006085 0.8789316
0.9875668 0.938113
0.972644 0.9072055
0.9881135 0.918823
1.017435 0.9319603
1.013531 0.9144603
1.027343 0.8788005
1.00345 0.9077069
1.024375 0.8994397
1.045958 0.9297248
0.9784164 0.9529041
0.9905427 0.9059757
0.9798391 0.920715
1.046943 0.8830682
1.023106 0.8812508
0.9884897 0.9072462
0.988308 0.9260428
0.9570753 0.9817732
0.9813629 0.9580107
0.9809494 0.9747715
1.011474 0.9339971
0.9787462 0.9210785
0.9915214 0.9260613
1.006217 0.9201591
0.9927228 0.9057705
1.011903 0.9409983
1.009834 0.9282955
0.9915694 0.9522219
1.000553 0.9332174
0.9852622 0.926678
1.017826 0.8791343
0.9697606 0.9278798
1.006692 0.9013991
0.9917454 0.9733637
1.010833 0.9168701
1.031736 0.9340684
1.006767 0.9355854
1.015509 0.8908442
0.9956799 0.9833534
0.9798508 1.008592
1.003734 0.9624616
0.982036 1.013964
0.9752028 0.9737125
1.012161 0.9433506
1.038204 0.9139609
0.982267 0.9950251
0.9546583 1.001286
1.009871 0.9863
0.9923077 0.9403671
0.9827073 0.9629925
0.9379433 0.9837212
0.9618814 0.9543533
1.014134 0.9960234
1.005399 0.9250564
1.023744 0.8848353
1.014366 0.9257543
1.022405 0.8969844
0.9658176 0.9801775
0.9761128 0.9504131
1.007833 0.9282731
0.9813136 0.9241674
1.024488 0.879003
1.009693 0.8963951
0.970112 0.8782583
0.9705558 0.8729625
1.009157 0.8657309
1.029221 0.8689623
1.037272 0.8801159
0.9902638 0.8992415
1.02043 0.9338812
0.9769383 0.95745
0.9859793 0.9267043
1.019554 0.8905746
0.9634482 0.9379156
0.9893726 0.9086617
0.9873361 0.8672609
1.005945 0.8903865
0.9983536 0.9022548
1.007509 0.8788026
1.020728 0.9037231
1.014047 0.9406683
0.9592751 0.9458951
1.018894 0.8997568
0.9879636 0.928395
0.976986 0.9296723
0.9938715 0.9543473
1.023064 0.9144107
0.9713998 0.9154503
1.015584 0.9394979
1.01537 0.9078256
0.9769082 0.9624203
0.9899418 0.9374396
1.005127 0.9354299
1.026923 0.9328023
0.9694058 0.9527376
0.998058 0.98849
1.003554 0.9288076
1.012945 0.9100966
0.9901931 0.9283903
0.9948613 0.8928479
1.018743 0.9269081
0.9406285 0.9798325
1.041603 0.987044
1.012054 0.9229192
1.016296 0.8829444
1.010007 0.9094864
0.9989046 0.9706402
0.9977929 0.9172592
1.007693 0.8921378
1.003108 0.9012363
1.038401 0.9056912
0.9897694 0.983721
0.975758 0.9809774
0.9961331 0.9280342
0.9873481 0.965704
1.024307 0.9247168
1.012425 0.9471139
1.008223 0.9333865
1.025363 0.9304502
0.9674932 0.9250666
0.9995963 0.9280378
0.9952128 0.9448171
1.002424 0.8577049
1.012888 0.8486815
1.028676 0.9322013
0.9504964 0.9570604
1.033926 0.9518152
0.984185 0.9435097
0.9954619 0.8778945
1.006692 0.8661319
0.9735915 0.8814462
0.9821722 0.9456191
0.9791847 0.9479608
1.006251 0.950129
0.9853186 0.9305408
0.9867687 0.9628643
0.9995582 0.9809191
0.975206 0.9102652
0.9688107 0.9404224
0.98932 0.891204
0.9893943 0.8909743
1.030782 0.8869891
0.992529 0.8956497
0.9802001 0.9543631
1.008749 0.8834357
1.009453 0.9347673
0.9682173 0.9031192
0.9684245 0.962414
0.9702925 0.9781896
0.991759 0.9748138
0.9959249 1.012878
0.9798354 1.017314
1.034159 0.9359167
1.018326 0.9758803
1.003532 0.9651442
0.9955461 0.9692072
0.9732772 0.9593676
0.9863118 0.9849422
1.008954 0.9414844
0.9916605 0.9510314
1.007648 0.8528367
1.009811 0.8957591
1.025717 0.8955925
0.9892138 0.9022968
0.9864779 0.9148709
0.9719292 0.9020781
1.022148 0.886059
0.9624901 0.9139737
0.9916848 0.9062756
0.9880195 0.9212093
1.027811 0.8785227
0.9969823 0.9364486
1.00206 0.8980727
1.012759 0.9469719
1.017065 0.8919085
1.019093 0.9202065
1.011193 0.9584384
0.9834636 0.9259785
0.9861742 0.9204795
0.9823014 0.8757736
1.022455 0.8937266
1.00063 0.9483516
0.9677453 0.9612578
1.039452 0.9147181
0.9845833 0.9632768
1.024395 0.9074568
1.027288 0.9327835
0.9795071 0.9368002
0.9932064 0.9103897
0.9985982 0.9049222
0.9932379 0.9137074
1.005872 0.9408084
0.9721609 0.9594073
0.9929199 0.9502183
1.008599 0.9184027
0.9992338 0.9200311
1.001347 0.885665
1.01622 0.8915254
0.9812693 0.949711
1.025686 0.9034458
1.004281 0.8940063
1.038626 0.9524638
0.9656347 0.9942599
1.014316 0.9480932
1.00312 0.9469232
0.9927855 0.958273
0.9855504 0.9224923
0.9760254 0.9168741
0.9951192 0.8497346
0.9655536 0.8815898
0.9888765 0.9588715
0.9860255 0.964988
1.02102 0.9390327
1.011244 0.9036107
0.9848258 0.9846624
0.9740231 0.9461713
0.9968079 0.9522522
1.023466 0.939272
1.004444 0.9465974
0.9705654 0.9920664
1.013947 0.9377867
0.9666347 0.8820651
0.9511225 0.9750839
1.007578 0.9450685
0.9739593 0.9178429
1.01898 0.8974578
0.9889371 0.8914944
1.019942 0.910561
1.009636 0.9022033
1.011821 0.9477167
1.027489 0.933316
0.9937493 0.9343567
1.017383 0.9400704
1.007538 0.980879
0.9974729 0.9486042
0.9995153 0.8982099
0.9772551 0.8978039
1.011877 0.9181711
0.9955438 0.9276469
0.9605209 0.9147066
0.9898399 0.9429147
0.9779459 0.9672565
1.023066 0.9240079
0.9983225 0.9185246
1.001012 0.9143763
1.024279 0.9184758
1.005776 0.9390615
0.9532279 0.878887
1.024807 0.8638683
1.002787 0.9087889
1.005741 0.8743609
1.011769 0.8808908
0.9827196 0.8627455
0.9936577 0.8656602
1.010618 0.8709612
0.9778847 0.9021984
1.028322 0.8935193
1.006313 0.9166727
1.009353 0.85669
1.025037 0.8769844
1.006541 0.9342655
1.018926 0.9722588
1.023105 0.8849951
0.9979676 0.9127222
1.006807 0.9362616
1.013745 0.9581703
1.016958 0.932239
1.004418 0.9766242
1.007765 0.9812702
1.002733 0.9363799
0.9839956 0.9291342
1.01076 0.8822401
0.9628146 0.9755431
1.007128 0.945156
0.9869816 0.9067582
1.008838 0.9108362
0.981641 0.99425
0.9859001 0.9564047
0.9996046 0.9103431
1.005142 0.9381173
1.007371 0.9458958
0.9921954 0.8917605
1.000157 0.9169436
0.9919062 0.8735261
1.003899 0.8485452
0.9873518 0.8686756
1.016201 0.9476632
1.032103 0.8819898
0.9480007 0.9602582
0.9640811 0.973561
0.9580934 0.9952029
1.010432 0.9813286
1.015674 0.988594
0.9957307 0.9675562
1.014668 0.954699
0.9854408 0.9168727
1.003215 0.9216984
0.9946592 0.9378718
1.000199 0.9456899
0.991426 0.9483195
0.9638764 1.0049
1.041006 0.9776993
1.009812 0.9103627
0.9759677 0.9041312
0.9847653 0.9345503
0.9813899 0.9105522
1.004554 0.9294676
0.9952223 0.9278085
1.015741 0.9318848
1.009526 0.9610189
0.9997371 0.9785537
0.9754351 0.9668675
0.998792 0.9844332
0.9907822 0.9787048
0.9878538 0.9739191
1.004383 0.9594623
0.9537076 0.9400767
1.014074 0.9147909
1.000189 0.9012349
0.9916131 0.9259794
0.9792732 0.9171489
1.003226 0.8874097
1.02096 0.9252263
0.9763055 0.9543563
1.014103 0.9271057
1.030696 0.8983217
1.023241 0.8986353
1.019301 0.9398299
1.012238 0.9644483
0.9900627 0.9457349
0.9831442 0.9489942
0.986725 0.8940267
1.00421 0.9456137
1.041768 0.9195172
1.013518 0.8780818
0.9765253 0.892031
0.9946145 0.8846825
0.9792663 0.9344315
0.9791967 0.9408582
0.986032 0.9658002
0.9846382 0.8913138
1.022536 0.8805992
0.9925085 0.9361549
0.9978658 0.9258789
0.9721067 0.9234234
0.9995181 0.933419
1.041935 0.8992314
0.9946123 0.9107673
1.023862 0.882282
1.011068 0.9256997
1.019933 0.8910367
1.001007 0.9126011
0.9896941 0.940367
1.011851 0.8745247
1.015402 0.9140821
1.012565 0.9374664
1.03123 0.9166817
1.005498 0.9314683
0.9690763 0.9416802
1.002222 0.9307042
0.9894282 0.9734667
1.022181 0.9435072
1.028488 0.9403342
1.011969 0.9055767
1.000622 0.9311013
0.9924094 0.9480622
1.022009 0.9021087
1.013551 0.8988157
1.022433 0.9137536
1.013941 0.9279744
0.9916651 0.9711552
0.9929395 0.9383323
1.024655 0.9475696
1.018884 0.9302293
1.0048 0.9309688
0.9752389 0.901361
0.9767495 0.9373847
1.004519 0.9886577
1.011291 0.9488239
0.9990117 0.9321932
0.9880878 0.961106
0.9992654 0.9429446
1.001245 0.9394204
0.9637067 0.9545046
0.9827772 0.9225819
1.004764 0.9574563
1.006599 0.9384825
0.9902802 1.008603
0.9765407 0.9804454
0.9830275 0.9472753
0.9929738 0.9553139
0.9880298 0.9466871
0.9526418 0.9221871
0.9945346 0.9096051
1.012021 0.9388384
0.9920603 0.9745684
0.9937219 0.9738371
1.015768 0.9243576
0.9965637 0.9772618
0.9633561 0.9414725
1.029885 0.9701947
0.9906257 0.9232864
1.01265 0.9111723
0.9867798 0.9018176
1.001147 0.8895135
0.9834204 0.9486407
0.9731391 0.9307234
0.9812531 0.9397432
1.026274 0.903794
0.9830093 0.9750882
1.019275 0.8845488
1.009254 0.8939568
1.013147 0.9116332
1.053752 0.9291232
1.005007 0.8879947
1.021207 0.904731
1.003248 0.9353414
0.9759599 0.9621079
0.9852091 0.9514298
0.9985578 0.9320465
0.9751939 0.9064103
0.9828591 0.9220372
0.9960512 0.9579734
1.031145 0.907819
1.01695 0.9486799
1.012444 0.9102032
1.025275 0.9212788
0.9773926 0.9829988
1.024316 0.9131381
1.007243 0.9297197
1.004323 0.9091424
0.969929 0.9693902
0.9852238 0.9235896
0.9812313 0.9456033
1.048287 0.9329675
0.9773073 0.8712667
0.9799008 0.9078206
0.9915591 0.9428757
0.9840996 0.9558906
1.012405 0.9565732
0.9903425 0.9656041
0.9746753 0.9466114
1.007616 0.9595123
1.029057 0.9234889
1.018515 0.8911681
1.006373 0.878375
0.9630863 0.9019407
1.037237 0.9045139
0.9878999 0.9023333
0.9999776 0.9066981
0.9757618 0.9110152
1.026299 0.8390762
1.002319 0.8813911
0.9776561 0.8857704
1.020173 0.9086483
0.9836746 0.9261754
1.02417 0.917309
1.004305 0.9709242
0.9992387 0.9749582
1.020674 0.9514446
0.9864116 0.9552763
1.016568 0.9676805
1.00827 0.9375264
1.009805 0.920081
1.013546 0.8806722
1.000794 0.9067396
1.000222 0.9350198
0.9960962 0.9361669
0.9622389 0.9862664
1.010352 0.9230522
1.013115 0.9404929
1.012966 0.8799673
1.019558 0.8927239
1.007738 0.9148242
0.9870465 0.992374
0.9763642 0.9340935
1.004796 0.9690858
0.9945197 0.9790866
0.9879728 0.9044526
0.9755522 0.9270599
1.024278 0.9083075
1.035176 0.8926027
1.025403 0.8906221
0.9874775 0.9201823
1.013221 0.9213762
1.010869 0.8940287
0.9746465 0.9157172
1.017367 0.9066951
1.002133 0.9325337
1.013381 0.9211289
0.9951248 0.9611351
1.000976 0.9607716
0.9743783 0.9217787
1.0094 0.8919782
1.023283 0.863715
1.013965 0.8632037
1.00109 0.8631712
0.9460514 0.8782075
1.008875 0.8578204
0.98217 0.9255758
1.005308 0.9220121
1.022988 0.8565234
1.026227 0.900561
0.9935665 0.8544208
1.007192 0.925451
0.9843165 0.8718326
1.008792 0.8819981
1.017502 0.9253666
0.9837754 0.8619162
0.9694726 0.9064478
0.9617414 0.8868401
0.9958091 0.9150776
0.9914377 0.9015241
1.018584 0.9017904
0.9881126 0.9139804
0.9727186 0.956151
1.007946 0.9360789
1.008026 0.91736
1.022329 0.8714626
1.037136 0.8954196
1.029384 1.005869
0.9850326 0.924061
0.9813955 0.924395
0.9490477 0.9294471
1.007194 0.9052677
1.009181 0.899621
0.9857034 0.8886098
1.022353 0.8788755
1.009392 0.8697153
1.0103 0.911413
1.043905 0.9030491
0.983742 0.9268791
1.014779 0.9055908
1.020732 0.900944
0.9621355 0.9274459
1.006057 0.9648581
1.002754 0.9349784
1.015708 0.9005607
0.9924765 0.8794588
1.032168 0.9770952
0.9792918 0.9126515
0.9939806 0.930335
1.005695 0.9530092
0.9783888 0.9485134
0.9771575 0.9518596
1.022089 0.9443506
1.021162 0.8951247
1.01319 0.9194155
1.019209 0.9209205
0.9971377 0.8752619
0.9973326 0.9490341
1.01072 0.9581041
0.9704542 0.9952231
1.037018 0.9583999
0.9998241 0.9582079
0.999716 0.9627736
0.9823264 0.9759569
0.9542074 0.9724581
0.9878028 0.9190297
1.02976 0.9226183
1.016818 0.8826096
1.001775 0.9277095
0.9863326 0.9047134
0.9959926 0.9531084
1.010023 0.9483849
0.9844873 0.9167977
0.9514089 0.9491442
1.010251 0.9880235
1.008477 0.9467893
1.002613 0.9089836
0.9916552 0.9052794
1.021021 0.9382684
0.9856387 0.8928314
0.9818335 0.8830702
1.015026 0.9290915
1.012715 0.9198682
0.9852633 0.8873269
1.006446 0.8926218
0.9962372 0.926237
0.9818995 0.9327183
0.9753925 0.9037372
0.9513203 0.9907743
1.013812 0.938722
0.9966818 0.8991314
0.9776246 0.9153448
1.026161 0.8679858
0.9987114 0.8886525
1.003221 0.9144351
0.9838437 0.9462129
0.9890905 1.014542
0.97081 0.9522144
1.036247 0.9573169
1.014108 0.9431801
1.041695 0.9346138
1.012769 0.8878744
1.016129 0.9378238
0.9981827 0.9610229
0.9919203 0.9273023
1.027377 0.883236
1.01857 0.9323717
0.9890398 0.9457492
0.9533009 0.9637919
1.022393 0.8957981
0.9774071 0.9107545
0.9783288 0.8981806
0.9686889 0.9133104
0.9657679 0.9356874
1.006234 0.8831737
1.005808 0.9119245
0.9787085 0.9783756
0.9882833 0.928717
1.003454 0.9220132
0.9985129 0.9024824
1.009119 0.8749829
1.038128 0.9138792
1.000831 0.9590089
0.9878941 0.9241653
1.059337 0.9082651
0.9998065 0.9648935
1.013122 0.9249144
1.015424 0.9642465
0.9896785 0.8773526
0.9903941 0.9421362
0.9997466 0.8747889
1.000069 0.8909953
0.9899188 0.9314744
0.992628 0.9193168
1.016296 0.9267705
0.9670633 0.9611991
0.9637963 0.9426855
0.9949204 0.9116286
1.023986 0.8766794
0.9929247 0.9617322
1.028799 0.8812193
0.9985855 0.9055509
0.9590549 0.9466983
0.9831012 0.9347725
1.011599 0.8946662
1.00615 0.9335354
0.980397 0.9260041
0.989067 1.016928
0.9683199 0.973294
1.019765 0.9580331
1.023467 0.941232
1.010745 0.9220386
1.015228 0.888641
1.01613 0.8987139
1.036251 0.9294602
1.005928 0.9404484
0.9962072 0.9470843
0.9856396 0.8783979
0.9970072 0.8656057
1.009013 0.941049
0.9994745 0.907585
1.00275 0.8720197
0.9957385 0.9157214
0.9981225 0.9988267
1.000709 0.9096461
1.020886 0.8757771
1.000744 0.9101366
1.0278 0.9423339
0.9857994 0.9349591
0.9773108 0.9188748
0.9934687 0.9126867
1.019283 0.8831227
0.9913287 0.9137345
0.9978967 0.9785537
0.9826962 0.9432378
0.9857922 0.961277
1.004885 0.9894576
0.9900144 1.012804
0.985967 0.9611473
0.9978826 0.9844021
0.9836372 0.9654524
0.98547 0.9535024
0.9971138 0.9554894
0.9785185 0.8888712
1.024646 0.9472144
1.003143 0.9300974
1.009014 0.9304753
1.023527 0.8982232
0.9767836 0.9395688
1.01448 0.8972737
0.9701827 0.9062511
0.9984445 0.8800279
1.000086 0.8672418
0.9783583 0.9225717
1.013099 0.9074302
1.001401 0.8879373
1.022828 0.9242705
1.009161 0.9186909
1.028291 0.8960166
0.9975898 0.9030693
0.9966198 0.9417082
1.015483 0.9063282
0.9701103 0.9333375
0.9568552 0.9792121
0.982834 0.9281408
1.011155 0.8896579
0.9882025 0.9166557
0.9979958 0.9557795
0.9833233 0.9498603
0.9965759 0.987886
1.013654 0.9592019
1.018129 0.9554174
0.9818019 0.9064228
0.998511 0.9069899
1.027741 0.8847534
0.9980044 0.9080141
1.014812 0.89979
1.008567 0.9553864
0.9950005 0.9255794
1.022595 0.8544218
1.025707 0.8756142
1.001911 0.963287
1.009348 0.9621554
0.9886182 0.9474679
0.9587402 0.9546876
1.009199 0.9641658
1.01307 0.9077684
0.9888768 0.9353558
1.051902 0.9615316
0.9797745 0.951408
0.9746593 0.9519547
0.9716864 0.9615582
1.007455 0.8875332
1.008402 0.9162729
0.9821564 0.9386084
0.9918268 0.9650136
1.010391 1.025119
1.007546 1.007868
0.9965128 1.002585
0.9936054 1.005039
0.9803171 0.9749835
1.008768 0.9108583
0.9788963 0.9467537
0.9926695 0.9603202
1.00006 1.019171
1.016335 0.9806302
0.9761407 0.9796089
0.9927591 0.9212503
0.9645964 1.028247
1.035097 0.9689065
1.010649 0.9532796
1.005671 0.9362772
0.9906424 0.9008094
0.9927327 0.9077118
1.019922 0.9055857
1.000796 0.909335
1.021219 0.8701669
1.009165 0.8879176
1.005121 0.926777
0.9812359 0.8956352
1.039143 0.9212716
0.9937757 0.9359842
0.9932907 0.9671928
1.019688 0.9985107
0.9787958 0.9444454
0.997307 0.9717352
1.002444 0.9490226
1.01116 0.9403782
0.9725652 0.9867045
1.038243 0.9823439
0.9847684 0.9006837
0.9827051 0.9081261
1.002503 0.9243353
1.011835 0.9329616
0.9376479 0.9842048
1.040931 0.8747466
0.9885593 0.9098235
1.016467 0.886007
1.010635 0.9284843
1.003812 0.9638747
1.011912 0.9392828
0.9828528 0.8990815
0.9787516 0.8795039
1.01859 0.9420343
0.9342462 1.005974
1.004896 0.9543424
0.9955295 0.9459249
1.02474 0.9083553
1.026703 0.9507321
1.041493 0.9058745
0.9919079 0.9358079
0.988373 0.9559652
1.02182 0.9565457
0.9735038 0.9898546
0.9959267 0.9333353
0.9748529 0.9804794
0.9552236 0.9495922
0.9852678 0.9456914
1.005999 0.9536098
1.022826 0.9490422
1.007424 0.9277239
1.02509 0.9095441
0.9655233 0.997752
0.982058 0.9979173
0.9943383 0.9585533
0.9930529 0.9143699
1.004855 0.90857
0.9838948 0.8887048
0.9951751 0.8877314
0.9980358 0.9432022
1.037907 0.8805702
0.9952143 0.8778252
1.023812 0.9015813
0.993929 0.9045641
0.9814526 0.9420699
1.03819 0.8897658
1.045244 0.9173003
0.9731218 0.9099607
0.9612256 0.9628694
1.013236 0.9075861
1.016212 0.9140527
0.9788252 0.951998
0.9875571 0.921046
0.9832949 0.8639423
1.01503 0.920038
1.036303 0.9435886
1.005986 0.9436901
1.001748 0.9750865
1.017501 0.9349058
0.9501527 0.9460726
0.9998266 0.9336905
1.004093 0.9244695
1.011564 0.917169
1.000546 0.8928251
1.015563 0.8777982
1.015982 0.9403915
1.009352 0.9078767
1.01133 0.9472409
0.9939713 0.9160843
1.009628 0.9784973
0.9662715 0.9476184
1.023208 0.9097858
1.01171 0.9140754
1.021173 0.8953208
1.002614 0.9122801
0.9811903 0.9375075
1.019117 0.90706
1.006182 0.9022416
1.006245 0.938326
0.9972225 0.9586406
0.9619017 0.9795797
0.9816389 0.9214173
0.983046 0.935958
0.9898936 0.9357147
1.00429 0.8976224
1.024211 0.9057743
1.019804 0.9065175
0.9855738 0.8996241
0.9842542 0.9011973
0.9688044 0.9276949
0.9968722 0.9416592
1.004198 0.9468051
0.9794102 0.9117823
0.9635782 0.9717771
1.007313 1.051854
0.9931536 0.8974235
1.001705 0.9396954
1.036683 0.8987307
1.002622 0.8785243
1.024688 0.8936534
1.01401 0.8989489
0.9866894 0.9400725
1.022534 0.9228302
0.9757799 0.9291962
1.019637 0.9664067
1.020125 0.9438471
0.991805 0.9548167
1.000412 0.898334
1.004095 0.9103474
1.023842 0.9449657
1.008507 0.9126478
0.9792293 0.9074902
1.019233 0.9365324
1.00962 0.9126476
0.9667288 0.9365401
0.9970719 0.9326966
0.9907577 0.9255176
0.9868523 0.9237794
1.001432 0.9387123
0.9971137 0.9469104
1.020929 0.9915685
1.015567 0.91192
0.9592974 0.9223499
1.016454 0.9396729
1.0531 0.9332042
1.014742 0.9281673
1.014461 0.9066154
1.005598 0.9644736
1.002323 0.960552
0.9980281 0.9340857
1.022751 0.919058
1.017276 0.9189386
0.9973079 0.9893496
1.003204 0.9756821
1.038791 0.9234064
0.9775142 0.9370571
0.9797773 0.928638
0.9798426 0.9188207
1.005908 0.9176652
1.024216 0.879236
1.035882 0.8983328
1.030541 0.8929843
0.9990853 0.9032265
0.9701933 0.9258076
1.002847 0.932513
0.9818849 0.9296469
1.001713 0.9404789
1.038832 0.8984838
0.9904294 0.8895053
1.013954 0.8853641
0.9935938 0.9333857
1.012513 0.944538
0.9975323 0.9473054
1.045072 0.9405102
1.007077 0.9351747
1.035036 0.8993642
1.009234 0.8937555
1.012703 0.948447
1.034974 0.9117144
1.022987 0.9175693
1.013744 0.9069311
1.034895 0.8980078
0.9905023 0.9286799
0.9944597 0.9023472
1.018515 0.9212529
1.011437 0.9574263
1.010505 0.9653206
0.9694434 0.9378979
0.9921247 0.9279779
1.013314 0.9288951
0.9783095 0.9615724
0.9915375 0.8909691
0.9873001 0.902212
1.016194 0.9256794
0.9640464 0.9777676
0.9798566 0.9220159
0.9840793 0.9189472
1.00762 0.9087824
0.9865445 0.9004387
0.9825378 0.9271303
0.9984831 0.9281916
0.9934163 1.001529
0.9940673 0.904518
0.9957055 0.9163886
0.9868899 0.9115831
1.013561 0.8936191
1.026152 0.8681182
0.9819224 0.8691511
1.016019 0.9083631
1.021018 0.8745313
1.011366 0.8669403
0.9914657 0.8975447
0.9977998 0.8611673
0.9899437 0.9534898
1.011468 0.9644303
0.9870074 0.9474449
1.011247 0.9217449
1.00775 0.9414694
1.014864 1.006878
0.997389 0.9418254
1.003839 0.8999787
1.033115 0.9243818
1.016538 0.9414826
1.006404 0.9384277
1.00171 0.9474986
1.000006 0.9421677
1.003785 0.895226
1.002032 0.8963802
0.9966949 0.9029326
0.9855599 0.8832689
1.009336 0.9352335
1.025013 0.9729645
1.003969 0.9363542
0.9895942 0.9521744
1.026137 0.9847214
0.9550276 0.918091
1.01353 0.919582
1.000339 0.9075358
1.020248 0.9048804
1.016608 0.9002657
0.9746392 0.9106381
1.03189 0.8992037
1.013912 0.8780651
1.030689 0.9007629
1.015367 0.914374
1.013729 0.9354036
1.012226 0.933053
1.020391 0.9149578
1.021304 0.9141349
0.9892266 0.9080933
1.001981 0.9840808
0.9992127 1.00194
1.008606 0.9658739
1.008729 0.9222383
1.002685 0.9193369
1.0071 0.9147255
1.001799 0.9327846
0.9801673 0.9285777
1.02572 0.9078442
0.965482 0.8901465
0.9946056 0.8975589
1.010459 0.8641222
0.998009 0.8520915
0.9900153 0.8814149
1.009961 0.8985046
0.9834222 0.9114494
0.9832773 0.8794613
1.00375 0.8772956
0.9968654 0.8669524
1.053904 0.8723877
0.9946514 0.9037889
0.9997713 0.9517892
1.01828 0.9008158
1.012212 0.8992563
0.9831348 0.9182162
0.9821901 0.9297419
1.033522 0.8912085
0.958352 0.9077656
1.027446 0.9109682
1.002546 0.9267351
1.006177 0.9470042
1.023703 0.8989245
1.007003 0.9392572
1.002353 0.9067137
0.9991693 0.9168796
1.022725 0.935624
0.9897606 0.9443619
0.9827839 0.9816981
0.9467156 0.9760579
0.9807434 0.9549972
1.00311 0.9117188
1.003188 0.9617944
0.9753571 0.8867706
0.9618268 0.9428207
1.018923 0.9305949
1.001992 0.9177005
1.030972 0.9364986
1.027192 0.8635364
1.017536 0.9194907
0.9902903 0.9113685
1.020837 0.8899797
0.9853572 0.8911002
0.9941853 0.90285
0.9908875 0.932439
0.9882985 0.9449306
0.998075 0.9878795
0.9983351 0.9212153
0.9803521 0.9644438
1.009913 0.9812435
0.9899246 0.9721396
1.045364 0.9913646
0.9722345 1.002156
1.005169 0.960298
0.9817467 0.9379091
1.0019 0.9088104
1.040457 0.9200285
0.9800154 0.9320155
0.9940124 0.9532705
0.9861789 0.9376119
1.032463 0.9359144
1.001651 0.8760834
1.030832 0.8978507
1.015074 0.9004313
0.9602972 0.9199934
0.9920726 0.9606298
0.9990683 0.8848681
1.00499 0.9199784
1.025173 0.883516
0.9614421 0.9477528
0.9951816 0.9100774
1.02135 0.9330718
1.030878 0.9252681
1.015735 0.9267144
0.9937343 0.8929647
1.035247 0.9113315
1.001127 0.8852659
1.011947 0.9047387
0.9964743 0.9444926
1.007871 0.8788831
0.9776995 0.8647371
1.04138 0.9027362
0.9994122 0.9294813
1.004576 0.9421952
0.9653726 0.9232116
0.9996514 0.9329786
1.014873 0.8703701
0.987786 0.9032217
1.005583 0.9055319
0.9886011 0.9115207
0.9844587 0.9205644
0.9539026 0.9384649
1.009678 0.934809
1.006172 0.960969
0.9621076 0.899432
0.9867171 0.9229224
0.9990341 0.9641405
0.993747 0.9293734
1.022737 0.8911595
0.9764583 0.9096556
1.028178 0.8781206
1.045368 0.8971035
1.002233 0.902666
1.02868 0.8882853
1.000776 0.9102502
0.9880904 0.9215737
0.9686998 0.9210621
1.011586 0.8977914
0.9671649 0.9146495
0.9688678 0.9307817
0.9960141 0.9335219
1.019725 0.9405621
1.030028 0.9240131
0.981886 0.9463928
1.003418 0.9234923
0.9785315 0.9355707
0.9649826 0.9572735
1.000379 0.9036308
1.031956 0.9870012
0.9806911 0.9711847
0.9993039 0.9963039
0.9966777 0.989687
1.003155 0.9617882
0.9746208 1.002239
0.9779293 0.9884752
0.9735992 0.9525017
1.012249 0.9650633
1.002199 0.9055045
0.9673692 0.9727764
0.9761093 0.9773093
0.9681686 0.9828086
0.9792726 0.987048
0.9762849 1.010895
0.9700436 1.008236
0.9927786 0.977572
0.9905372 0.9609721
1.009318 0.9333016
0.9940698 0.9483213
0.9598992 0.969898
0.9601597 0.9639104
0.965185 0.9156442
0.97507 0.9517047
0.9762053 0.9110602
1.003045 0.9296497
0.9814011 0.9351677
1.010386 0.9287011
1.029391 0.9470162
0.999173 0.9027549
1.022757 0.9410767
0.9941181 0.8669914
0.9934268 0.9155529
0.9536883 0.9004158
1.009251 0.9292831
0.9923282 0.9101107
1.005954 0.9430698
0.9819632 0.9097335
0.9924307 0.925054
1.020888 0.8952515
1.010553 0.9102779
1.009244 0.9246931
0.9489517 0.9040707
0.9933633 0.8714945
1.013937 0.9633173
1.018463 0.8993671
0.9779702 0.9121078
1.001287 0.8761112
1.003124 0.9009439
1.018079 0.8817478
0.9996859 0.9040405
0.9821928 0.9133488
0.98305 0.8632346
1.013339 0.8703253
0.9963388 0.9064586
0.9945375 0.910653
0.9815712 0.9629363
0.9968737 0.9749906
0.9724547 0.9733182
0.9751942 0.9306893
0.9660809 0.9711619
0.9832608 0.9416989
0.9697357 0.9885578
1.02622 0.9847123
0.9984653 0.9759275
0.9877722 0.9273247
0.9984411 0.9302407
0.997791 0.9640453
0.9671625 0.9387107
0.990366 0.9334304
0.985126 0.9332429
0.9791981 0.9090677
1.004253 0.8969722
0.9953128 0.9572216
1.044663 0.9859841
0.9855857 0.9382478
1.002213 0.8874936
0.9950876 0.8729526
1.009212 0.8832018
1.004602 0.8585983
1.005781 0.8908365
1.004063 0.9385717
0.9985596 0.9836459
0.9733796 0.9916385
0.9949504 1.002973
0.9900083 0.9297686
1.009193 0.9530657
1.003865 0.9152965
0.993077 0.9319075
1.02344 0.9201516
0.9914593 0.9158222
1.000428 0.8895708
0.9901336 0.8876272
1.038235 0.8841566
0.9831983 0.9353692
1.003096 0.9079001
1.004667 0.9075612
1.014245 0.8775826
0.996203 0.8931563
1.012858 0.8750892
0.9774772 0.9238972
1.015937 0.8883888
1.01924 0.9110145
0.9875536 0.9366534
1.006323 0.9225828
1.020485 0.8828386
0.9925153 0.8587034
0.9923063 0.8985243
1.006907 0.903129
1.01631 0.8926915
1.000717 0.9172914
0.9860557 0.9169911
1.014404 0.9174699
0.9884261 0.9497522
0.9847144 0.9009821
0.9784932 0.9140618
1.018575 0.9116154
1.000633 0.9251187
0.984438 0.9049485
1.005342 0.8760141
0.9779432 0.8939633
1.004763 0.9239737
1.001546 0.9048366
0.9926206 0.8951015
0.9821102 0.8932677
1.036904 0.8933772
1.017326 0.8747017
1.031315 0.8732929
1.006612 0.9354642
0.9968791 0.9600228
1.003072 0.9166876
1.016707 0.9401703
0.9770947 0.9596878
1.00647 0.9313318
0.979838 0.8993598
0.9850995 0.8750849
1.010699 0.8662665
0.9962613 0.8701529
0.9702383 0.9580944
1.029003 0.9211562
1.033451 0.8972025
0.9722125 0.9573277
0.9936717 0.8957933
1.020729 0.9385926
0.9712615 0.920911
1.007991 0.9811585
1.016516 0.8778581
0.9758591 0.9153954
0.973714 0.9005608
1.008121 0.9552789
0.9631784 0.9354204
0.9780977 0.934328
0.973814 0.9876227
1.014545 0.968906
1.001263 0.8836618
1.015771 0.8725793
0.9962555 0.8401426
0.9858533 0.8685635
0.9972254 0.8884982
1.019866 0.9256072
1.00433 0.8883981
0.9752795 0.9247325
0.9921215 0.8735347
1.000222 0.9100954
1.01999 0.9119598
1.013112 0.9272175
1.006629 0.9249758
1.025413 0.9085937
0.9663744 0.9463275
1.014142 0.9141977
0.9840491 0.9298011
0.9718895 0.9442109
0.9952579 0.950553
0.9697482 0.9212131
0.9997661 0.9194299
1.028853 0.8665408
0.9745798 0.9059706
0.9923858 0.9592478
0.9801402 0.9682587
1.011529 0.8955994
1.000552 0.9195977
1.019734 0.9078592
1.008432 0.9808145
0.9756805 0.9480001
0.9595364 0.8925748
0.9918994 0.9133112
0.9625855 0.9509392
0.9792589 0.965473
0.9784773 0.9723506
0.9783552 0.9826793
0.9401317 0.9738152
1.010711 0.9126065
1.010647 0.8669813
0.9692082 0.9334504
0.9918786 0.8966116
1.016213 0.9107997
0.9816584 0.9566809
0.9863703 0.9429775
0.9955823 0.9612001
0.9978881 0.9052705
0.989188 0.9929749
0.9795383 0.9720337
0.9848063 0.9261608
1.022831 0.9448517
0.9880289 0.956211
1.020915 0.9855863
0.9928479 0.9286934
0.9971402 0.978416
1.011138 0.9589901
1.025961 0.9401669
1.006573 0.8750016
0.9981441 0.8956157
1.021279 0.8895493
1.016329 0.9376312
1.011467 0.977977
0.9944153 0.9572493
0.9857631 0.9957214
1.013516 0.9050646
1.000078 0.9139608
0.9757586 0.9434887
1.005543 0.9117548
1.007383 0.9150547
0.946403 0.9837822
1.054901 0.9107637
0.9831325 0.9223355
0.9884868 0.907961
0.9944273 0.9626979
1.017742 0.9630826
0.9822176 0.9786642
0.970911 0.9411001
0.993709 0.9499188
1.035401 0.853287
1.012816 0.9321398
1.000223 0.8759873
0.9862208 0.9318234
1.003379 0.8612299
1.006272 0.8891245
0.9985804 0.9355175
0.9642087 0.8873939
0.9932222 0.9302775
0.9566102 1.019718
1.022706 0.977636
1.009205 0.960111
1.044241 0.955595
1.003758 0.946747
0.9775774 0.909385
1.002514 0.8779737
1.014167 0.880445
1.021576 0.8929644
1.011054 0.9059942
0.9969675 0.9216246
0.9827578 0.9439463
1.018866 0.9325911
0.9783499 0.9121631
1.016545 0.8883315
0.9908526 0.914912
1.008026 0.8880386
1.035413 0.8696745
0.9662266 0.933915
1.002416 0.9121319
1.021149 0.9005055
1.039238 0.8929855
1.011813 0.9126977
1.016388 0.9011331
1.010364 0.9193067
1.006388 0.9042054
1.019172 0.9090933
0.9823874 0.9508033
0.9616988 0.9502845
0.9872053 0.9364013
1.017249 0.9710256
0.9517703 0.9547131
1.009973 0.8869322
1.010906 0.8942067
1.006893 0.911432
1.024872 0.8791316
0.9907685 0.8965494
1.036613 0.8717833
1.000726 0.8481057
1.005626 0.9034686
1.006723 0.8957835
0.9837862 0.9616392
0.9935951 0.9220827
0.9775331 0.9284811
1.010965 0.9024587
0.9963357 0.9522523
0.9645387 0.9398884
0.9958546 0.9310764
0.9978968 0.938115
0.9856276 0.9529711
1.04433 0.9176668
1.007788 0.9833385
1.017516 1.015946
0.9977453 1.008464
0.9793615 0.9523095
1.041298 0.9463125
0.997653 0.9620383
0.9937354 0.9073208
1.008739 0.9145427
1.00445 0.8952955
0.9958062 0.9306872
0.985498 0.9496267
1.020496 0.908018
1.00925 0.9073868
0.9860527 0.9284987
1.024376 0.9203388
1.011588 0.9322541
0.9886113 0.8752712
0.9879373 0.9035418
1.046168 0.9214528
0.9753411 0.9100305
1.026401 0.953887
1.015702 0.9194564
0.967778 0.9415865
0.9724011 0.9497814
1.001684 0.9539707
0.9957166 0.9140294
1.01387 0.9181781
0.9930702 0.8880342
1.005979 0.8855461
1.002183 0.9484035
1.006818 0.8939065
1.002889 0.9175997
1.017712 0.9474335
0.9859182 0.9891025
1.028716 0.9439649
0.9927224 0.9294773
1.009189 0.8918639
0.9800743 0.9855392
0.9829034 0.96851
0.9911014 0.9750122
1.005688 0.9131131
1.0054 0.9691651
0.9959119 0.962161
1.004436 0.9036371
1.009426 0.9400424
0.9971823 0.9679791
1.001222 0.952265
1.001609 0.9591325
1.011915 0.9037436
1.015973 0.9263034
0.9944875 0.9212158
1.011963 0.9128301
0.9968041 0.8922807
0.9838292 0.9332282
1.037449 0.9053928
1.003917 0.9279668
0.9923499 0.9468035
0.9493073 0.9624445
0.970306 0.9607974
1.02985 0.9749937
0.9804556 0.9606221
0.9901483 0.9881897
1.00033 0.9687766
1.026034 0.9424594
0.9863044 0.9338272
0.998057 0.8959928
0.9931042 0.9221465
0.9851941 0.8915796
1.002033 0.9036286
0.9878089 0.9267973
1.018656 0.9575894
0.9983106 0.9765986
0.9924109 0.9962597
0.9912695 0.953767
1.000551 0.9262747
0.9718151 0.9371508
0.9813588 0.9474902
0.9847419 0.9525076
1.016252 0.9223892
1.005528 0.9203801
1.024042 0.9077363
1.005365 0.9339491
0.981542 0.9971868
1.004909 0.9600204
0.95474 0.9565306
1.01352 0.9218287
1.010395 0.9167098
0.9850211 0.9367062
1.002627 0.9348879
1.023002 0.9001857
0.9956616 0.9546944
0.9840204 0.942116
1.009151 0.9404955
1.001561 0.9015824
1.013908 0.9458068
1.005317 0.9167143
1.034118 0.8807106
0.9916566 0.922677
1.001132 0.9037111
1.021494 0.911606
0.9970084 0.9213483
1.011902 0.9023277
0.9897 0.8286876
1.002767 0.9208037
1.007355 0.8932397
1.001004 0.9240798
1.003288 0.9005928
1.03733 0.8913491
1.016678 0.8720981
1.00485 0.9217387
0.9940178 0.9340708
1.004771 0.9131089
0.9780051 0.9192717
0.9807122 0.9668247
1.001179 0.9282287
1.000331 0.9191066
0.9977915 0.8690281
1.033254 0.8657127
0.9835543 0.8817396
0.9937917 0.9004261
0.9773707 0.9057363
0.9896117 0.9320239
1.014893 0.9527931
1.00961 0.9383845
1.009937 0.8749632
1.024432 0.9082351
1.013546 0.9235299
0.9928578 0.9205818
0.9879271 0.8988446
1.020566 0.9552943
1.017169 0.9480761
0.9694182 0.9416251
1.024056 0.95153
1.048487 0.9412494
0.9854605 0.9115143
0.9712825 0.9311528
0.9572557 0.9510214
0.9920653 0.9312181
1.000566 0.9189235
1.021551 0.9114467
1.049401 0.8893916
1.039345 0.9212028
1.003448 0.924596
1.016757 0.9228623
1.015719 0.869445
0.9868915 0.9209333
0.9944039 0.9039247
1.024788 0.9202831
0.9690754 0.9303069
1.012121 0.909439
0.9915613 0.9903091
0.9918495 0.9122266
1.033021 0.9357806
0.9899463 0.9214439
1.011581 0.9134245
1.010034 0.9806629
0.9783824 0.9347735
0.9693039 0.9109646
0.9883398 0.9367968
0.9977664 0.9136741
1.02339 0.8967558
1.024728 0.9272072
0.9995863 0.8946706
0.9888286 0.9564302
0.978907 0.9096953
1.000613 0.9489909
1.00526 0.9645786
1.011205 0.9743207
1.041004 0.9177469
0.9861078 0.9321309
1.002382 0.9078634
1.021698 0.9297232
1.001417 0.9440882
1.020968 0.8925002
0.9812368 0.9767757
0.9529611 0.9278093
0.9484133 0.9222377
1.002155 0.9327537
1.000561 0.9708097
0.9475349 0.8985443
1.027065 0.8867132
1.02919 0.9027218
0.997487 0.8932646
0.9970466 0.8818823
1.001451 0.8858173
0.991634 0.9254404
0.9908312 0.8790756
1.002303 0.9495306
1.017657 0.9498446
0.9954954 0.9104693
1.018549 0.8967932
1.015862 0.9125521
0.9761379 0.9047411
0.9717574 0.9314696
0.9927682 0.9024282
1.003092 0.9158212
1.000516 0.9607929
0.9856172 0.9404133
0.9830841 0.9436764
1.053224 0.9407675
0.9796601 0.9558126
0.9995279 0.924688
1.01198 0.9094458
1.007293 0.8894871
0.9955478 0.9119083
0.9844835 0.9084674
1.011973 0.9308606
0.9984067 0.9218039
0.9831442 0.9439635
1.006884 0.9892555
1.017348 0.8934185
1.019411 0.8826071
1.02117 0.9155398
1.0192 0.9202398
1.033053 0.9336388
1.027762 0.9080256
0.9966953 0.9093521
1.021159 0.9232664
1.012826 0.9319675
1.005533 0.9629394
1.018235 0.8908623
1.005858 0.9200136
0.9973551 0.9664991
1.036299 0.9571266
1.002225 0.8743924
0.9773099 0.8987635
1.028926 0.8925238
1.002672 0.9071658
0.9833451 0.9330916
1.01801 0.9433673
1.025265 0.8925802
0.9729464 0.9260487
0.9982045 0.9361032
0.972932 0.9230961
1.014132 0.9381635
1.014441 0.9125136
0.9672089 0.9075698
1.013985 0.9324329
0.9930231 0.9489812
0.9977446 0.9111098
0.9775713 0.9313818
1.045071 0.927022
0.9907066 0.9732005
1.00876 0.9638621
0.9989394 0.9390963
1.006668 0.9281465
0.9917739 0.9637381
0.99284 0.9694216
0.9775728 1.033345
1.044877 0.9564901
0.982219 0.9693188
0.9710679 1.006363
0.9603597 0.9303773
0.9960752 0.9434551
0.9933329 0.9036658
0.9884558 0.9244968
0.9578765 0.9306525
1.02421 0.9382321
0.9486096 0.9488343
0.9920792 0.9004612
0.9568851 0.9025865
1.016327 0.9118349
1.042087 0.8938694
0.9661 0.9137901
1.047218 0.8522035
1.007312 0.9075106
0.9830153 0.9398402
0.9792739 0.9197996
0.9777646 0.9371151
1.006718 0.9606342
1.010381 0.9387849
0.981836 0.9147326
1.013175 0.8949194
1.067831 0.9402697
0.9875089 0.8488407
0.9961876 0.8696472
0.9766088 0.8887195
0.9967026 0.878443
1.038661 0.8607206
0.9905036 0.904824
1.032909 0.8777722
0.9916719 0.9825245
0.9680148 0.936364
0.9867522 0.9508841
0.994654 0.9923589
0.9940743 0.9602698
0.984661 0.9347144
0.9784812 0.9585543
0.9739909 0.9362918
1.030671 0.8965766
1.022478 0.9513919
0.9805508 0.9304141
0.9984049 0.8919143
0.986473 0.918846
0.9816744 0.9730534
0.9859456 0.95042
0.9999342 0.9541289
1.006673 0.9555815
0.9459371 1.011317
0.9894768 1.018021
1.004441 0.9910616
1.02966 0.9454275
0.9833298 0.9349447
0.9796258 0.978431
0.9804606 0.9228252
0.9841132 0.8795901
0.967096 0.911729
0.9747876 0.958119
1.014661 0.9629893
0.9643136 0.933506
1.001096 0.9632166
0.9879482 0.9058149
0.9976707 0.9000035
0.9739914 0.901491
1.010007 0.8993981
0.9969534 0.9132977
1.007107 0.9467769
0.9919272 0.927878
1.024766 0.9573061
0.9945382 0.9341631
0.9939945 0.9528047
0.9912115 0.9346953
0.9554914 0.9676201
0.9847641 0.9568776
0.9942984 0.9454716
1.002734 0.9541127
1.053902 0.9277111
0.9989934 0.9219735
1.008319 0.9371924
1.032613 0.8815199
1.003818 0.8835928
1.012828 0.901878
1.013192 0.9268796
0.9960575 0.910398
0.989668 0.9043761
1.027416 0.935237
0.9948021 0.9060209
1.005183 0.9307037
1.011419 0.900263
0.9983835 0.8896892
0.9913556 0.9207099
1.012491 0.9055577
1.039636 0.8983453
1.036826 0.9199268
1.018671 0.9184947
1.015233 0.9213539
1.022342 0.9351062
0.9909371 0.9543946
0.9890016 0.992302
1.026606 0.9635492
1.020247 0.8973408
1.039885 0.9549285
1.046645 0.9156229
1.02093 0.9303144
0.9721824 0.9058081
1.025038 0.9537175
0.9941146 0.9274155
0.9998182 0.8859127
1.027672 0.9291427
0.9805238 0.9328091
0.9759418 0.9215076
0.9992767 0.9133662
1.003796 0.9400292
0.978833 0.9821303
0.9746688 0.950222
0.9831135 0.9616935
1.006594 0.9347766
1.011257 0.9454893
0.9906413 0.9142343
1.05753 0.8976094
1.019713 0.9110089
0.9745664 0.8881349
1.008069 0.9044884
0.9887834 0.8941791
0.9687456 0.9232214
1.061608 0.9178781
1.020029 0.9413758
1.007475 0.9611496
0.9830495 0.9016219
0.9794838 0.8864661
1.005103 0.9282034
0.9995211 0.8922416
0.9969426 0.9699573
1.011302 0.9773595
0.9742701 0.9492614
1.008602 0.8990217
0.9982586 0.8892915
0.9890189 0.9114726
1.050495 0.9152393
1.002146 0.8674853
1.001045 0.8658287
0.9931143 0.9051669
1.011364 0.8629345
1.033314 0.8857274
1.018098 0.9144875
0.9933834 0.9299386
1.015141 0.9306438
0.9727624 0.9406236
1.003037 0.9593411
1.024927 0.9650121
0.9751315 0.9529161
0.9961827 0.9829534
1.032918 0.9677971
0.9542453 0.9697974
0.975241 0.9433881
1.021878 0.880602
0.9982065 0.9540187
1.026871 0.9657492
0.9925014 0.9177978
0.9646234 0.9741589
0.9588109 0.9796843
0.9920669 0.9355067
1.01898 0.9050947
0.969177 0.9176866
1.00261 0.903904
0.9965108 0.9295029
1.044801 0.9750715
0.9616858 1.000354
1.031098 0.9429172
1.001578 0.9355788
1.018044 0.8995017
1.022353 0.9480743
1.007652 0.9659321
1.025363 0.9322821
0.9972975 0.9499302
1.010381 0.862467
1.013369 0.9314774
1.000133 0.8825286
1.003408 0.8912974
1.023156 0.8870204
0.9980424 0.9002315
1.002074 0.8772837
1.015216 0.9059375
0.9994366 0.923237
0.991533 0.9230241
1.008681 0.9543036
0.9988883 0.9613872
0.9735259 0.9709907
0.9908618 0.9369111
1.004522 0.9137728
0.9811008 0.982772
0.9969777 0.8839138
0.9837457 0.9085104
0.9813022 0.9298068
1.004209 0.9302789
0.975332 0.9139786
1.000033 0.9566749
0.9847542 0.9202724
0.9962425 0.9279255
0.9756564 0.9371539
1.026736 0.9090868
1.049897 0.978396
0.9805524 0.9518964
1.002685 0.9447943
0.9985529 0.9039087
1.020709 0.8975025
1.047745 0.9127626
1.004158 0.9125279
1.026164 0.925043
1.009754 0.9503161
1.014438 0.893489
1.020399 0.9415081
1.017819 0.9166171
0.9956912 0.8654571
0.982541 0.944412
0.9982093 0.9136405
0.9962578 0.9286666
0.9931997 0.9456036
1.019539 0.9211101
0.9960763 0.9172694
0.9854556 0.9765344
0.9950786 0.9032643
1.018442 0.9278214
0.9511791 0.9560585
1.020256 0.9534615
0.9693013 0.9365006
0.9925389 0.9180686
1.015057 0.9447085
0.961203 0.925368
0.9768509 0.8860245
0.9999132 0.9498037
1.0065 0.9604599
0.9950701 0.9180752
1.019601 0.9382036
0.9368237 0.9593472
0.9798267 0.973215
1.035769 0.9186433
1.029415 0.9141914
0.9793927 0.8987313
0.9803862 0.896251
1.013008 0.8593808
1.023885 0.9085083
0.9853595 0.9205758
0.9686808 0.9580524
0.9920376 0.9804673
0.9944576 0.9697041
0.9820856 0.9368431
1.005164 0.9377097
1.007362 0.9415299
1.010295 0.9637247
0.9894703 0.9844515
1.012751 0.9715861
1.004866 0.9694332
1.010663 0.9329232
0.9986579 0.9176753
1.010356 1.000786
0.9886208 0.9850271
0.9880583 1.008107
1.018748 0.9749262
0.9760302 0.9957306
1.014623 0.9699219
0.9701144 0.9327305
1.012928 0.9067727
0.9807067 0.9691773
0.987809 0.9572826
0.9927525 0.9675295
1.001656 0.9573315
1.003118 0.9273045
1.021764 0.9242633
1.015789 0.8962362
1.015232 0.8768709
1.000537 0.9319142
0.9896234 0.9549941
0.9945838 0.9402475
1.005806 0.9044192
0.9929821 0.9881094
0.9855315 0.9106544
1.020519 0.893245
1.045411 0.9148239
1.031718 0.9111401
0.9415928 0.9602805
0.9773704 0.9295632
1.018879 0.9291743
1.00477 0.892454
0.999318 0.9601136
1.022279 0.9129727
0.9915987 0.9583725
0.9979379 0.9519672
0.947352 0.9569665
1.000714 0.9347133
0.9899878 0.9543059
0.9938316 0.9603875
0.9867346 0.9489294
0.9934608 0.9443152
0.9959031 0.9094874
1.005052 0.9093028
1.04784 0.9245462
1.025383 0.9271423
0.9861566 0.9583284
0.9854886 0.9784825
1.021697 0.940218
0.9851798 0.9361107
0.999434 0.9199387
0.9961598 0.9156295
0.9796793 0.9314484
1.011922 0.8917469
0.9709781 0.9753028
0.9929958 0.9228434
0.9671944 0.9700856
0.9744365 0.9211744
1.003521 0.9635314
0.9769235 0.9486061
0.9991432 0.9109708
0.9869421 0.9218583
1.014887 0.925046
1.035279 0.8904602
1.005475 0.937989
1.005128 0.9224336
0.9870521 0.9378106
1.036543 0.888237
0.985507 0.8696721
0.9900017 0.8839177
1.035105 0.9231353
1.014739 0.8872763
1.021937 0.8970852
1.002791 0.9023592
0.9910828 0.9597676
1.000916 0.9362721
1.003241 0.932575
0.9958456 0.9572248
1.005529 0.9411614
0.9910725 0.9750726
1.002897 0.898769
1.050187 0.9393026
0.9866731 0.9171168
1.004588 0.8796352
1.024021 0.834662
0.9970844 0.9449539
0.985238 0.9267511
0.9426339 1.015227
1.024168 0.9666043
0.9810835 0.9641472
0.9618599 0.9533348
0.9826882 0.9946347
0.9637911 0.9542174
0.9587811 0.9833127
1.038696 0.9211336
1.033999 0.9129953
0.9952508 0.9661744
1.052427 0.9272534
0.9798016 0.9137231
0.9958585 0.8741764
1.000139 0.914129
0.9866315 0.8885921
0.9805114 0.8921568
0.9824899 0.9596245
0.9948437 0.8909642
1.011702 0.9334818
1.03573 0.9447126
1.009349 0.919761
0.9771147 0.9626843
1.014516 0.9237666
0.9899987 0.8715167
0.992223 0.8876872
1.013446 0.8862897
0.9944861 0.9009827
1.033637 0.8945871
1.007017 0.8744699
0.9899419 0.8769791
0.986272 0.8804142
0.9682327 0.8985718
1.017018 0.8729504
1.008957 0.8693921
1.02396 0.9045903
0.9985091 0.8742144
1.008137 0.8893538
1.002145 0.8864838
0.9931258 0.9354155
1.0104 0.8901152
0.9950974 0.8741341
0.9770418 0.9428679
0.9791058 0.9275888
0.9857995 0.8918878
0.9955546 0.89057
0.962832 0.979577
0.9875069 0.9560751
0.9712464 0.9960458
0.9930776 0.9577359
1.030357 0.9393266
1.006441 0.9299743
1.004389 0.8775228
1.007469 0.9048653
1.019201 0.883513
0.9938945 0.9276825
0.9512688 0.9563883
1.00072 0.9398344
0.9947897 0.9739963
0.98099 0.9865905
0.9675524 1.000076
0.9916105 0.9461747
1.001808 0.8919641
1.002062 0.9251686
0.9789538 0.9181679
0.9882153 0.9515144
0.9658468 0.9372215
1.004823 0.8848023
1.010531 0.9047858
1.000344 0.9377047
0.9856598 0.9151017
1.020714 0.9135237
1.002952 0.9019792
1.015883 0.9018991
1.03019 0.8435766
1.005234 0.926101
0.9637136 0.9804246
1.002215 0.9326491
1.041632 0.9179634
0.9928639 0.9413803
1.030033 0.9307873
0.9856276 0.9013634
0.9828805 0.9394291
1.037511 0.9596761
0.9868561 0.949841
0.9892433 0.9309325
1.002623 0.9020719
0.9879132 0.9450968
1.033008 0.9111044
1.021626 0.9227686
1.021065 0.8885443
1.011424 0.9042993
1.031907 0.9320728
0.9462026 0.98799
1.014079 0.935433
1.036272 0.9402252
1.003491 0.9136827
0.9929202 0.9826831
0.9768974 0.9151827
1.008815 0.9763638
1.034379 0.9038464
1.002076 0.9199949
0.9917536 0.8973568
1.006201 0.8879705
1.023435 0.9729451
0.9824159 0.9662811
0.9874827 1.028929
1.02478 0.956081
0.9865472 0.9667778
0.9839692 0.9692823
0.996613 1.036443
0.9940947 1.010965
1.038967 0.9094794
0.9945064 0.9426887
1.021506 0.9979863
1.005584 0.9397759
1.007489 0.9732379
1.011361 0.9246268
0.9931164 0.9233133
0.9864891 0.9548566
0.9287412 0.9535036
1.006506 0.9893548
0.9818365 0.9672087
1.008424 0.9648778
1.015624 0.9789863
1.030108 0.9553581
1.015475 0.9469045
0.9699781 0.9452472
0.987786 0.9327442
0.9942124 0.9238314
0.9619124 0.9604551
0.9861307 0.9304103
0.9539627 0.9662088
1.01458 0.9328224
1.001721 0.9329646
1.003842 0.9378354
1.002153 0.9291375
0.989069 1.003144
1.006365 0.9359132
1.00462 0.9529409
0.9938115 0.94107
0.9865034 0.9183726
0.9960969 0.9074741
1.005847 0.886384
1.018998 0.8717253
1.001799 0.9073375
0.9691826 0.9121401
1.002622 0.8984817
0.9759806 0.9612835
0.9734506 0.9510974
0.9926757 0.9513915
1.016327 0.9368816
0.9988382 0.955993
0.9687158 0.9802722
0.9883633 0.958189
0.9857212 0.9079883
0.9882492 0.9318216
1.006593 0.9846139
0.9943916 0.945808
1.006019 0.9515744
1.00596 0.8938406
0.9929599 0.9080856
0.9689981 0.9152305
0.9585358 0.9171276
0.9818168 0.9712958
0.9758641 0.9436973
0.9898393 0.8700912
0.9954037 0.9066201
1.034321 0.9089374
0.9715599 0.9113388
1.037472 0.8995621
1.014889 0.9921541
1.004634 0.9580684
0.9817622 0.9564897
1.013811 0.934538
0.9742001 0.973563
0.9939074 0.9943581
0.9845744 0.9739636
0.9310889 0.977805
1.000875 0.9512133
1.009522 0.8811753
1.015664 0.8689979
0.9985365 0.8933835
0.9929708 0.9136946
0.9559179 0.874423
1.000464 0.8911428
1.013691 0.9195824
0.997648 0.9540392
0.9796226 0.9549241
1.011957 0.9456837
0.9946056 0.9549347
1.000471 0.9543236
1.003497 0.9157862
0.9974013 0.9348353
0.9928219 0.9531041
1.009174 0.9274667
1.01578 0.9018083
0.9894114 0.933413
0.9659892 0.9050862
1.004796 0.9547627
0.9852907 0.9663579
0.995669 0.9136094
1.007509 0.9599986
1.015852 0.9548995
1.001576 0.876924
0.9937777 0.8710117
1.000689 0.8961686
0.9835966 0.9874539
0.9944492 0.9809516
0.9930783 0.9669387
0.9892934 0.906778
0.9958627 0.9150762
0.9846206 0.9156552
0.9717888 0.941934
0.9891635 0.9837331
1.000337 0.947064
0.973587 0.9629932
1.027367 0.8969973
0.9966869 0.889921
1.007413 0.8984017
1.023072 0.8487044
1.027299 0.8698491
0.9814433 0.9699363
1.000631 1.031341
0.9899966 0.946887
1.026513 0.8991948
0.9965642 0.9697542
0.9863697 0.9557712
0.9848587 0.9344323
0.9908335 0.9352305
0.9996659 0.9045895
0.9688745 0.8949171
0.9573109 0.9269048
1.028077 0.8946194
1.007958 0.9155055
0.9825053 0.9146826
1.004494 0.9511523
1.015258 0.9893455
0.9932582 0.9572794
0.9965863 0.890247
1.02253 0.9338115
0.9637185 0.9298871
1.008239 0.9145481
1.013929 0.9307746
1.000945 0.9260071
1.010616 0.9402038
1.034909 0.9133275
0.9970139 0.9163979
0.9883048 0.9380082
0.9754606 0.9145008
1.004811 0.9358446
0.9807932 0.9693793
1.015634 0.9547681
1.029206 0.9309876
0.9903989 0.9172382
0.9943021 0.9217253
0.9962083 0.9085438
0.9798071 0.9825973
1.005278 0.9120859
1.014301 0.9284649
1.011526 0.9289627
1.015593 0.884178
1.002024 0.9189127
1.01114 0.9369794
1.007119 0.8766472
1.011767 0.9006038
0.9955176 0.9137183
1.001619 0.9418298
1.03226 0.8932429
0.996545 0.8849074
1.006185 0.9292733
0.9517621 0.9429398
0.9796816 0.9327439
0.9888848 0.9442999
1.01171 0.9239072
0.9882498 0.9285527
0.9869363 0.9287429
0.9809277 0.9047658
1.01923 0.9625602
1.018166 0.9050718
0.9735702 0.9191972
0.9995322 0.9748301
0.9853793 0.9726637
0.9664051 0.9372983
0.9990912 0.9397324
1.000105 0.9124665
0.9914363 0.8676846
0.9830829 0.9106842
0.9781837 0.925361
0.958587 0.9566806
0.9952002 0.8954226
1.011787 0.9049303
1.005869 0.9442836
1.003115 0.9641669
1.02016 0.9524905
0.9985518 0.9586644
0.9975831 0.9737159
0.988756 0.9290236
0.9740511 0.9947196
0.9960796 1.043628
0.986931 0.9756614
0.9959176 0.9403864
1.015836 0.937673
1.005645 0.9439666
0.9646465 1.012751
1.004908 0.9509987
0.9977014 1.001737
0.9808746 1.047377
0.9568046 0.9847742
0.9996011 1.00469
1.018054 0.9503255
0.97443 0.9433426
1.008211 0.9393504
1.001214 0.9674659
0.9683387 0.9823136
0.9652926 0.9859795
0.9723352 1.018991
1.002016 1.019531
1.025167 0.9288532
0.980062 0.9164782
0.9965872 0.9858353
0.9832039 0.9371773
1.019194 0.9148851
1.009349 0.9322836
0.9983396 0.9499512
0.9935111 0.9790283
0.9866074 0.8507186
1.004864 0.9035341
0.9914163 0.8910683
1.015048 0.9077636
1.007185 0.9244947
0.9859683 0.9612687
1.003272 0.9568039
0.9888914 0.9782722
0.9814969 0.9538087
0.9938827 0.9198791
1.005186 1.000123
1.009136 0.9238718
1.009498 0.9817776
0.981071 0.9791455
0.9619246 0.9059743
0.9865532 0.9228667
0.9996403 0.9553964
1.034231 0.9871945
1.015392 0.9035595
1.007525 0.9627847
0.9629711 0.9176795
0.9977148 0.9404343
0.9939643 0.8679753
1.016382 0.8852775
1.024937 0.88074
0.9842129 0.9357817
1.006968 0.9287977
1.001688 0.9221092
1.00409 0.9578928
1.008344 0.8821392
1.005789 0.9287592
0.9736338 0.921646
1.00389 0.9318325
0.9720038 0.9530129
1.004743 0.9403421
1.009757 0.9504219
0.9932467 0.9408408
0.9851446 0.9382145
1.018841 0.9224907
1.007439 0.8865319
1.004799 0.9073786
1.042757 0.9128799
0.9574515 0.9557866
1.01487 0.9182746
0.9743265 0.9562519
0.9820356 0.917443
1.001336 0.9551574
1.005917 0.9162123
1.024663 0.8939118
0.9983164 0.8721956
1.014655 0.8936132
0.9915433 0.8756937
1.021828 0.9046549
1.00414 0.9374518
0.9892613 0.8997141
1.019129 0.9147989
1.013447 0.8679679
0.9675317 0.9628389
1.026965 0.9178659
1.011768 0.9123345
1.033876 0.883821
1.040501 0.9235621
0.9909296 0.9282731
1.002298 0.9287181
1.023659 0.9286981
0.989271 0.9368009
1.000473 0.9432179
1.029689 0.9207426
1.018389 0.9316125
1.026613 0.9546205
0.9872121 0.9241331
0.9639397 0.9494271
0.9755796 1.021612
1.008492 0.9555631
0.9752082 0.9524001
1.004246 0.9197756
1.023224 0.9641848
0.9684337 0.9746341
0.9881311 0.9390429
0.989646 0.9328779
0.9520664 0.9404894
1.010345 0.9377901
0.9741662 0.9815582
0.9797598 0.9706222
0.9837356 0.9912011
0.9990835 0.9733464
0.9966336 0.8986118
0.986494 0.9575446
1.001455 0.9014143
1.003624 0.9690172
1.009774 0.9852018
1.000322 0.9248798
1.018768 0.9499475
1.027829 0.9505093
0.9898579 0.8998582
1.010617 0.9630073
1.014889 0.9546572
0.9868711 0.9152259
0.9866491 0.8884616
1.025169 0.9055624
0.9623159 0.9632845
1.036844 0.9252429
0.9995317 0.9661369
1.023169 0.9279457
1.015684 0.9250307
0.9816848 0.9321109
0.9908997 0.9635789
0.9735102 0.9383531
0.9773018 0.9798674
0.9754956 0.9208153
0.9996896 0.9044059
1.028463 0.8647468
0.9898229 0.8885793
0.9536144 0.9161896
0.9954868 0.9313287
1.025788 0.9411577
0.9925109 0.9119407
0.9949101 0.9720348
1.010773 0.8897205
1.020762 0.8990257
0.9848296 0.914305
0.9964424 0.9158886
1.014427 0.8973986
0.982855 0.9203164
1.026625 0.9183657
1.033805 0.9225309
1.002014 0.9389187
0.981493 0.9235214
0.9776296 0.9188313
1.004292 0.8835562
1.015093 0.8736915
1.039327 0.8724535
1.033633 0.8649009
0.9928145 0.9152273
0.9873614 0.9116717
1.020249 0.92396
0.9811307 0.9294027
1.01538 0.9030207
0.9777728 0.9246215
1.012591 0.8833673
1.009453 0.9012956
0.97492 0.8832515
0.984891 0.9550657
1.025419 0.9702178
1.01745 0.9079277
0.9902349 0.889986
1.025703 0.9131004
1.025632 0.8883152
0.9872248 0.8909459
0.9739145 0.9201936
0.9939521 0.9198372
0.9790575 0.9216268
1.026781 0.9145149
1.011086 0.8829647
0.9819966 0.9564962
0.9863695 0.8865585
0.9637122 0.9409764
1.010713 0.9073715
0.9895802 0.9406682
0.983072 0.9418539
0.9785304 0.9492618
0.9843735 0.9373176
0.9828322 0.9897073
0.9928365 0.9550341
0.9979924 0.9423392
0.9713897 0.9235884
1.010649 0.9144843
0.9883764 0.9221892
0.9771451 0.9867313
1.005004 0.9574363
0.9931699 0.9719882
0.9831092 0.9602947
1.0004 0.9882131
0.9658523 0.981943
1.00702 0.9366401
0.9426638 0.9747464
1.01062 0.9260154
1.019365 0.9232799
1.010113 0.9237641
0.9978909 0.8975609
1.017941 0.9034395
0.9925249 0.930213
1.006637 0.9014781
0.9557362 0.972046
0.9700827 0.9349048
1.003243 0.964693
0.988898 0.9666395
0.9788026 0.9324041
1.018497 0.9856704
0.9940187 1.005084
0.9751614 0.9327576
0.9938499 0.937224
0.9491935 0.9288014
1.008831 0.9643119
1.048606 0.8815406
0.9896085 0.9421227
0.9965309 0.9730918
0.9567296 0.9371792
1.02452 0.9301236
0.9795381 0.9127712
0.9750027 0.9669747
0.9958712 0.98162
0.9828166 0.9721593
0.9978995 0.9499694
0.9848238 0.950098
1.010504 0.9105524
1.011657 0.886599
0.994633 0.915416
0.9835718 0.9060137
0.9998177 0.938336
1.005579 0.9470677
0.9816639 0.9288932
0.986903 0.9555271
1.013281 0.9398829
0.9968776 0.9345565
0.9996537 0.9057762
0.9995796 0.9006502
0.9992473 0.964625
0.9870345 0.9196856
0.9866269 0.9291976
0.9981781 0.8800831
0.9909439 0.8729222
1.019917 0.9392817
1.002565 0.9413897
1.029373 0.9683038
0.9949385 0.9187943
0.9894576 0.9798352
0.9969179 0.8952929
0.9956238 0.9075038
0.9944058 0.916834
0.9874817 0.9034773
0.9777294 0.9319897
1.021313 0.9203717
1.001512 0.950269
0.9822297 0.9263677
1.000518 0.9275213
1.02058 0.9362747
1.000277 0.8617733
0.9943607 0.8713453
0.9928244 0.8701026
0.9683704 0.8985059
1.009109 0.854002
1.020175 0.8664539
0.9931538 0.8633859
0.9839248 0.9567063
1.002315 0.9713429
0.9539321 0.9659256
1.008027 0.9705876
0.9858674 1.016804
1.010098 0.9817901
1.013759 0.9592147
0.9805653 0.9779572
0.9824941 0.9140453
0.9493939 0.9516357
0.9913797 0.8977725
1.002176 0.9135596
0.9939301 0.8884168
0.9760906 0.8875975
0.9827787 0.9286372
1.021503 0.9311349
1.000057 0.9270989
1.012058 0.9191384
1.010777 0.9296115
1.014917 0.9245877
1.015818 0.9125494
1.001952 0.8917701
1.003741 0.9375246
1.010472 0.934725
1.02729 0.8985453
0.9947345 0.887879
0.9690996 0.9044911
1.012036 0.9229787
1.006678 0.8782217
0.9958556 0.9017216
0.9953082 0.8967285
0.9968886 0.9217035
1.006266 0.9061381
1.012735 0.8971249
0.9730462 0.9162061
1.023946 0.8821834
0.9722312 0.891987
1.034128 0.8613238
1.029842 0.8628174
1.013108 0.9303952
1.007171 0.94073
1.008552 0.9543882
0.9971954 0.9068517
1.025265 0.9503307
1.004054 0.9367739
0.9983975 0.9671093
0.9665636 0.9963478
1.044339 0.9363544
1.000549 0.9491632
0.9916492 0.9581478
1.005638 0.956239
1.004981 0.9112233
0.9949269 0.9364733
1.017145 0.9744549
0.9881718 0.9952646
0.9741952 0.9673218
1.033842 0.869126
1.019565 0.8801333
0.9917123 0.9227533
0.9670364 0.9941222
0.9721208 0.9924233
0.9899156 1.0055
0.9797165 0.9681376
1.024932 0.9423037
0.9920896 0.9407059
0.9923877 0.9159914
1.023329 0.9248171
0.9917351 0.8960868
0.9960117 0.883173
0.9937218 0.9030013
0.9928021 0.8757434
1.012233 0.9288403
1.00813 0.916962
1.025016 0.9102235
0.9982892 0.9058719
0.9356051 0.9366741
0.9945695 0.9272634
0.9960774 0.917411
1.009173 0.9444173
1.027721 0.8864318
1.013673 0.8843373
0.9933597 0.8492648
1.021981 0.9240393
0.9758473 0.9504777
1.00354 0.9419388
1.00948 0.9620682
0.9869975 0.9156604
0.9996128 0.8829569
1.016464 0.9253165
1.003834 0.9056808
1.018207 0.8924745
0.9753675 0.9833142
1.005033 0.9847623
1.01104 0.9865745
1.034002 0.9067747
1.025191 0.8883759
1.016393 0.9553865
0.9761231 0.9391366
0.9776974 0.9653327
0.9831577 0.9931179
1.020307 0.9423325
0.9899521 0.9070712
0.9966132 0.9098239
1.019485 0.9028428
0.9813474 0.9323804
1.037014 0.9457292
0.975667 0.904559
0.9724001 0.9261504
0.98817 0.9113548
0.9847883 0.9546797
0.9915765 0.9431356
1.006396 0.9766324
0.9777479 0.970654
0.9964322 0.9224645
0.9638139 0.9584785
0.9754818 0.9445771
1.021471 0.9703462
0.9613212 0.9590704
1.055013 0.9020831
0.9990585 0.9104042
1.01872 0.9545407
1.010569 0.9636048
0.974709 0.9670908
1.015365 0.991894
0.9820634 0.9202133
1.025802 0.9325648
0.9846475 0.909191
1.015982 0.9177919
1.01234 0.9267962
1.011063 0.930158
1.003544 0.9128445
1.005567 0.9350322
0.9975838 0.9034621
0.983608 0.9018567
0.982515 0.9428242
1.000113 0.9624619
0.9890212 1.012234
0.9867427 0.9428798
1.006588 0.9363904
0.9880793 0.9684813
1.008988 0.9894066
1.029518 0.9597801
0.9851358 0.9674155
1.023426 0.941627
0.9748734 1.007883
1.004308 0.9909715
0.9960703 0.94146
0.9769395 0.9381958
1.008714 0.9257853
1.03391 0.8740411
1.007459 0.8931584
0.9610438 0.9517718
0.9754164 0.9413789
1.002368 0.921993
1.017823 0.8827477
1.00592 0.8771926
1.009246 0.8928665
1.018326 0.9064946
1.002175 0.9044213
1.030421 0.9238068
1.000249 0.9134102
0.9989755 0.9708924
1.017941 0.9603252
0.9815896 0.9649314
0.9997771 0.9264915
1.009551 0.9287476
1.036047 0.8626227
0.9969972 0.9036121
1.001948 0.8685341
1.015312 0.9422525
1.013745 0.9155384
1.024443 0.8920321
0.9959287 0.9423635
0.9983743 0.9389042
1.01033 0.9685513
1.012957 0.9291767
1.003859 0.9817045
0.9983293 0.9828727
1.028357 0.9657222
1.000716 0.890624
0.995554 0.9297606
0.9924949 0.9712641
0.9796179 0.9801214
0.9695494 0.9526756
0.9925187 0.9941403
1.005058 0.8915081
1.036621 0.9500965
1.015038 0.9171717
0.9926224 0.8893449
1.033343 0.884253
1.009838 0.9155405
0.9638145 0.961177
1.03555 0.9084523
0.9626518 0.9700136
1.026891 0.9292067
1.000883 0.9040577
0.9871298 0.9009023
1.01708 0.8829267
0.9936914 0.9151847
1.015487 0.956318
1.015428 0.9485713
0.9967691 0.8885578
0.9934216 0.9226092
1.005554 0.9134339
1.030824 0.908966
0.9817015 0.9249674
1.01263 0.9354449
1.001284 0.9570373
0.9702329 0.9684076
0.9778827 0.9580738
0.9672759 0.9420446
1.007794 0.9210954
0.9776203 0.9501068
0.9844604 0.9139008
1.011943 0.901577
0.9710328 0.9037724
1.030368 0.908955
1.003591 0.9526309
1.002931 0.9869121
1.025615 0.9766893
0.9840223 0.9329246
1.00232 0.8891339
0.9869899 0.9098329
0.9793019 0.8991737
0.9897156 0.9339155
1.003418 0.9330246
1.002259 0.932239
1.014386 0.8726799
0.99637 0.9292767
0.998507 0.8805721
0.9905309 0.9647811
0.9787995 0.9292455
0.9958231 0.9126296
1.016164 0.9331817
1.002602 0.9497275
1.034107 0.9316541
1.011788 0.9056659
1.004377 0.9434221
1.044535 0.9556382
0.9675212 0.9233508
1.023141 0.9245897
1.01202 0.9380255
1.012775 0.8924207
0.981361 0.913571
0.9727414 0.9686358
0.9994513 0.9849359
1.002106 0.9615374
1.01428 0.9601142
0.9919628 0.9847007
0.9975485 0.9511118
0.9772628 0.9539611
0.9769489 0.9499589
1.06117 0.9431322
1.001617 0.9146948
1.028508 0.9201341
0.972503 0.9399313
0.9868276 0.9688666
0.9900833 0.9581931
0.9708039 0.9969748
1.031678 0.9880603
0.9977724 0.9382659
0.992604 0.9620086
0.9619563 0.8830443
1.001099 0.956769
0.9924851 0.9184359
1.026188 0.8910095
0.9953542 0.9275012
0.9977764 0.9354888
0.9921691 0.9065769
0.9656417 0.9570695
0.9726504 0.9895982
0.9967054 0.9392898
0.9965982 0.9190946
0.9672456 0.9393307
0.9768914 0.985434
0.999704 0.9695923
1.017241 0.9167541
1.019641 0.893446
0.9987742 0.9438371
1.007353 0.9605411
0.9781233 0.944246
0.9931057 0.9782039
0.9938483 0.9312091
1.000183 0.9130775
1.025815 0.9118521
0.9947838 0.9232977
1.011027 0.921813
0.9955818 0.9610817
0.9949107 0.9436949
1.02731 0.8466729
1.014033 0.8875325
1.02333 0.8958395
1.018724 0.9468592
1.018153 0.9375579
0.9773391 0.904496
0.996336 0.9066045
0.9729535 0.873106
1.000765 0.9288894
1.009478 0.8956754
1.031753 0.9246063
0.9971989 0.9044375
1.004185 0.9586154
1.0098 0.9670989
1.003311 0.9294543
0.9760941 0.9271335
1.006166 0.8853776
0.9718252 0.9562306
0.9893021 0.9196412
0.9768087 0.9327452
0.9991609 0.9213708
0.9754885 0.9125734
0.9778074 0.913095
0.9747549 0.9398333
1.004291 0.9262989
1.011081 0.9325463
0.9737037 0.9167976
1.004629 0.9456523
1.046725 0.9257788
1.003535 0.9120073
0.9986483 0.9110613
1.021028 0.8984053
0.9754643 0.9070983
1.055839 0.8879464
1.006017 0.9510678
0.9778485 0.9172477
1.014227 0.9172988
1.00125 0.9613212
0.9827146 0.9092859
0.9956213 0.9419306
0.9846832 0.9972145
0.9447395 1.085456
0.978428 1.015613
1.006519 0.9445502
0.9981929 0.9792873
0.9976424 0.983916
1.015579 0.9977028
0.9706197 1.005242
0.9989971 0.9142103
1.027526 0.8820167
0.9632189 0.9304403
1.005954 0.9346641
1.006026 0.955245
0.9564512 0.9849016
0.9841474 0.9785659
0.9831521 0.9739487
1.027437 0.9456109
1.026064 0.9874142
1.00159 0.9474741
0.9738127 0.9706267
0.9792859 0.9545481
0.9813952 0.9503888
1.017619 0.9595092
1.01417 0.951967
1.049206 0.9301281
1.027634 0.9717549
1.002273 0.9083282
0.9802398 0.8657621
1.007525 0.9631841
0.9950686 0.8924333
1.042249 0.9762779
0.9593995 0.9615553
1.026863 0.9136128
1.024322 0.918506
0.9837623 0.9364935
0.9671737 0.9482059
1.006317 0.960742
1.028667 0.8720229
0.9598922 0.868797
1.014482 0.9391493
1.000849 0.9690398
1.006336 0.9459617
0.9859782 0.9329145
0.9927628 0.9466032
0.9605569 0.9462181
1.062545 0.9230555
1.014525 0.9218559
0.9945368 0.9464704
1.004735 0.9045263
1.001145 0.9179071
0.9725672 0.8961599
0.9791034 0.9432589
0.9986643 0.9206165
1.014917 0.9552011
1.006271 0.9674854
1.015176 0.9036271
0.9952954 0.9458566
1.011071 0.9693873
1.007556 0.9385545
0.9890033 0.9589526
1.012428 0.9101208
1.011684 0.907968
0.9924117 0.9532182
0.9783564 0.9276119
0.9753775 0.937706
0.9920353 0.9192475
0.971046 0.933754
0.9823455 0.9455313
0.9792382 0.9785913
0.9837991 0.9665451
1.009509 0.960649
0.9956642 0.9322223
1.010696 0.9588625
1.038937 0.9742333
1.007262 0.9424879
0.9896735 0.9408181
1.032521 0.9109507
1.019393 0.8994695
1.020365 0.8868691
1.023183 0.9231355
1.011601 0.9339664
1.011841 0.9098961
0.9819423 0.9262546
0.9917633 0.9205325
0.9803753 0.9645312
0.9919289 0.9532418
0.9925777 1.031906
0.9953815 0.9627311
1.009827 0.9884832
0.9971884 0.9393348
1.000382 0.9521091
0.9842926 0.9044049
1.019836 0.8874616
1.001438 0.8962469
1.006362 0.906421
1.009391 0.9194325
0.9912339 0.9074964
0.9570627 0.8812569
0.9699039 0.890347
1.007653 0.8936389
0.9814791 0.910039
0.9895167 0.9059243
1.005356 0.9317731
0.9849911 0.9129145
1.003017 0.9411895
0.9614217 0.9638946
1.029392 0.9342552
1.017318 0.9174843
1.004242 0.9313328
1.023725 0.876256
1.011551 0.9200907
0.9912756 0.9254367
0.9834222 0.8940978
0.982873 0.8833286
1.018793 0.9031188
1.040584 0.8827977
0.9992729 0.9241919
0.9783966 0.9949782
0.9786711 0.9566663
0.9876359 0.9227766
1.00967 0.9214901
0.9957638 0.9373347
1.004746 0.9043255
1.02731 0.9001135
1.02371 0.8667373
1.003761 0.9144739
1.024205 0.9711419
0.9767944 0.9547948
0.9564346 0.8973899
0.9951879 0.8969575
1.000202 0.901437
0.9991608 0.9296153
0.9602799 0.9615937
1.029188 0.8793635
1.000143 0.9043097
1.025487 0.8720015
1.004406 0.879246
1.005081 0.8955811
1.016163 0.9201548
0.9816241 0.9302891
1.016087 0.9237858
1.003735 0.9533794
1.012298 0.9045777
1.010004 0.8781317
0.9758333 0.9202254
0.9807546 0.9143727
0.9957742 0.9481719
1.008303 0.9454611
1.001306 0.9452581
1.015879 0.9460999
0.9712392 0.9537803
0.9957581 0.9377366
0.9607721 0.9643228
0.977738 0.886098
1.032635 0.896397
1.000543 0.9493204
1.049523 0.8982012
1.028614 0.9019961
1.021484 0.92391
0.9800546 0.9586902
1.031489 0.996736
0.9907724 0.969196
0.9794597 0.8972951
0.9698807 0.9141338
0.9960608 0.925549
1.031168 0.9663811
0.9957416 0.9048395
1.024799 0.9062897
1.013574 0.8770916
0.9717732 0.9000252
0.9714408 0.9104915
1.038923 0.8612253
0.9933104 0.9500356
1.006339 0.9500666
0.9910189 0.9218028
0.9828665 0.9125932
0.9855669 0.9419849
1.014127 0.9204692
0.9720971 0.9208635
1.00327 0.9648804
0.9709206 0.9928577
0.9679262 0.9814394
1.017038 0.9702818
0.9812507 0.9458863
1.034488 0.9127263
0.9847179 0.9551808
0.9874064 0.9570708
1.007966 0.9172622
1.024585 0.9080661
1.000604 0.8761906
1.052006 0.8858512
1.008866 0.9410289
1.012438 0.9661583
1.002214 0.8869261
0.9993787 0.8803221
0.9694881 0.9095154
0.9981972 0.941308
0.9862507 0.9017509
1.013484 0.8917374
0.9900052 0.8951135
0.9914046 0.9375253
0.9734825 0.9488183
0.9964135 0.9445068
0.9824513 0.9095743
0.9574585 0.8941103
0.9698819 0.9161718
1.008405 0.9243164
0.9886245 0.9367674
0.9999282 0.9227519
0.9957053 0.8715953
1.011194 0.938881
0.9830792 0.9293676
1.012744 0.8906382
1.020498 0.9218785
0.9779615 1.033314
0.9949655 0.9273684
0.9711317 0.977596
1.011064 0.9568733
1.007015 0.9578157
0.9944594 0.9414024
0.9902165 0.9775349
0.9853173 0.9931789
0.9406163 0.925864
1.036806 0.9120242
0.9725933 0.9457953
0.9813099 0.9498162
1.019911 0.9184906
0.9838062 0.9192049
0.9913496 0.9619207
1.00223 0.9357513
0.9993509 0.9376638
0.9887184 0.923106
0.995096 0.9302368
0.9983958 0.9437898
1.015753 0.9488052
1.008591 0.9308211
1.017823 0.8994774
0.986864 0.9232779
1.017714 0.8583846
1.00382 0.9187043
0.9749322 0.9494079
0.9991024 0.9550528
1.013995 0.9219523
0.9725488 0.9468512
0.9664947 0.9990753
0.9628946 1.012237
1.008859 0.9467671
1.010457 0.9771588
1.045837 0.9316187
1.013945 0.8991322
1.00845 0.9154105
0.9971217 0.9211269
0.9944763 0.9017331
1.011248 0.9636569
0.9722109 0.9514827
1.004004 0.9465965
1.011099 0.9019713
0.9788124 0.9250039
0.9977185 0.9591543
0.9941455 0.9438423
0.9991345 0.9225779
0.9749999 0.9398174
0.9724521 0.890025
0.9677349 0.9153063
1.022095 0.9578494
1.001682 0.9142294
1.00877 0.9303889
1.035846 0.8671821
1.010981 0.908585
1.014786 0.9197746
0.9828264 0.958691
0.9745268 0.9470486
0.9831761 0.8995985
0.986915 0.9658006
0.9988725 0.9291854
0.9842974 0.9577779
0.9867054 0.9146995
1.054154 0.8879446
1.02146 0.9019112
0.9977695 0.9225649
0.9746015 0.9258083
1.000675 0.9955699
1.003454 0.8920615
1.000648 0.9171337
0.9765397 0.9359698
0.9699466 0.9379049
0.997845 0.8861036
0.9905632 0.918125
0.9954477 0.9239024
0.9794999 0.9594691
0.9879804 0.9294838
1.011156 0.9135781
0.9968734 0.867355
1.030278 0.8741763
0.9851685 0.9161371
1.024378 0.8772389
1.017783 0.891494
1.013134 0.867219
0.9979395 0.9417057
1.007941 0.9435947
1.01766 0.9201085
0.9981267 0.9818062
1.019497 0.9765161
0.989777 0.9043359
0.9760326 0.9457779
1.005765 0.9435327
0.9742466 0.9415609
