"res" "LCI" "UCI"
-2.68488474160303 -2.8415533211546 -2.53475232961837
-2.58469152222479 -2.73348166961518 -2.43884507368673
-2.50146784981636 -2.6428302173267 -2.35933110950055
-2.48143708652037 -2.62071077777134 -2.33926108531052
-2.46351554970145 -2.60260986753325 -2.32039798428712
-2.44152260123115 -2.57973254032123 -2.29972461815449
-2.4343733355612 -2.57296206337509 -2.29337099503894
-2.42918224267356 -2.56799940962408 -2.28823912278819
-2.42305867514473 -2.56084373051712 -2.28207516201852
-2.42021761562982 -2.55854072654895 -2.27851034232463
-2.41530391210167 -2.55380286907693 -2.27265436163555
-2.40359902243228 -2.54136606636216 -2.26012550017163
-2.37229762362438 -2.50863462316329 -2.23180554791026
-2.36746079129158 -2.50492160180465 -2.22584058353219
-2.35751747014411 -2.49474396027451 -2.2177308560093
-2.34561868780002 -2.48254455546087 -2.20568896531061
-2.34322879915304 -2.48052862016276 -2.20285282652959
-2.32845756615821 -2.465534319273 -2.18867601551411
-2.31345413889434 -2.45020537654675 -2.17340473938697
-2.307621307646 -2.44343778061146 -2.16745187225254
-2.3029228134063 -2.43900563755693 -2.16322162200303
-2.29925355952792 -2.43482961169826 -2.16036731054444
-2.29047295547728 -2.42565004131007 -2.15293438787703
-2.27752449502173 -2.41223576276095 -2.13952064565718
-2.27247599214619 -2.40694513491027 -2.13479357661958
-2.26686295650676 -2.40133290372965 -2.12945420954799
-2.25677789049065 -2.39190947503629 -2.12008312690823
-2.24560408233249 -2.38082813852894 -2.10914894691457
-2.23750831151908 -2.37174317506514 -2.09891827383762
-2.227075479229 -2.36098593218268 -2.08925013286571
-2.20647503165307 -2.3400049922865 -2.06995955089036
-2.2021133267906 -2.33559942670635 -2.06546447618793
-2.1943094652637 -2.32696772412727 -2.05740336572581
-2.18707727394966 -2.32037520593562 -2.04858641862259
-2.18296874716616 -2.31579042981762 -2.04158700030978
-2.17462437755692 -2.30757882647576 -2.03726975400411
-2.17120487339588 -2.30357422133832 -2.0333650128825
-2.16910010781879 -2.30206297199272 -2.03104515283595
-2.16566631627755 -2.29727387456139 -2.02846065302247
-2.16415245193807 -2.29620240567644 -2.02640599433713
-2.16067168321398 -2.2930807169828 -2.02382270450349
-2.15538308346041 -2.28794580805958 -2.02078802126184
-2.15387191933692 -2.28716445447833 -2.0185773356059
-2.15157831742998 -2.28479380871181 -2.01653624221341
-2.14992486283838 -2.28287369377067 -2.01381504745866
-2.1460151252716 -2.27897803557539 -2.00852190066766
-2.14116857757968 -2.27466910318441 -2.00374034516515
-2.13452653502379 -2.26772239871662 -1.99864897489626
-2.12755120139925 -2.26043950651851 -1.99003638220129
-2.11822689938492 -2.25305126822539 -1.97938362133013
-2.10416915347427 -2.23720949473464 -1.96751144894304
-2.09281145587211 -2.22582149526448 -1.95300143515254
-2.04556426680178 -2.17733212176639 -1.90777003887466
-2.03038385982527 -2.16408880550578 -1.89333587144625
-1.97558940780714 -2.10994582750376 -1.8365488958784
-1.79811848617213 -1.92990182118306 -1.6601029828747
-1.68468586639291 -1.81804098969558 -1.5509836896403
-1.68112387131297 -1.81441863466304 -1.54786862823165
-1.64041369975355 -1.76910214499955 -1.51245971398252
-1.60273033103706 -1.72935006522295 -1.47482136376272
-1.57518538299471 -1.70615353806852 -1.45022498150961
-1.55164817431358 -1.6803895681416 -1.42917231352001
-1.53155053619024 -1.6573587868372 -1.4072661620297
-1.50978796734883 -1.63201919703991 -1.38929953820112
-1.49337477631779 -1.61358567891862 -1.37382167388908
-1.46918999258965 -1.59101992421738 -1.35203346181289
-1.46070498687902 -1.57938029988681 -1.34349879482316
-1.4512127697966 -1.56920466666667 -1.33497953264054
-1.44117893935415 -1.55952962506076 -1.32694005917663
-1.42941130894795 -1.54473118577947 -1.31537986281459
-1.41473478779794 -1.53011870766468 -1.3017297144745
-1.40063693081302 -1.51814856042859 -1.28380347410432
-1.38522065157483 -1.50171843565896 -1.27241392246694
-1.37602521030661 -1.49337063282448 -1.26486057516344
-1.36507380607212 -1.47941690857831 -1.25529878560729
-1.35933697019354 -1.47162767365708 -1.24887905041831
-1.35113899596761 -1.46085049248923 -1.24066880377368
-1.34562724131273 -1.45603976593659 -1.23603172506911
-1.34073315440932 -1.45254969258876 -1.23056232120094
-1.33641596527998 -1.44547988765899 -1.22712805393647
-1.33096429302432 -1.44063686249332 -1.22113339824893
-1.32576629916857 -1.43527720591151 -1.21545483639896
-1.32099498285987 -1.42982896425567 -1.21202581740871
-1.3167635116598 -1.42447290766959 -1.20842653683745
-1.31238622986016 -1.42161596521834 -1.20177076279395
-1.30811609171179 -1.41583402873257 -1.19894217356074
-1.30396761001546 -1.41058700607604 -1.19544166544984
-1.29905267201422 -1.40547506254737 -1.19165015846353
-1.29458537342749 -1.39990168062596 -1.18778231277776
-1.28760539391239 -1.39293774520594 -1.18187256795942
-1.28339123923068 -1.38786045170847 -1.17660038940033
-1.2760856810968 -1.38135347610778 -1.16893241899909
-1.2694639208238 -1.37427180347738 -1.16430342084938
-1.26354255108444 -1.3677486015129 -1.15817553382399
-1.25421706497322 -1.35757823641503 -1.1507724615113
-1.24851594401467 -1.35118864150589 -1.14586493434253
-1.23315112062894 -1.33437349279546 -1.13148117684337
-1.22601710484698 -1.32711883001376 -1.12430421571498
-1.2200317923952 -1.32001895654179 -1.11903404331666
-1.21289183248722 -1.31086249336709 -1.11304723042148
-1.20736211687366 -1.30577577815699 -1.108038261573
-1.20218334464586 -1.3009692912744 -1.10343110197029
-1.19786738793509 -1.29717946575222 -1.09942438268479
-1.1912745390169 -1.29121960397052 -1.09331261663479
-1.18463703395559 -1.28190770024619 -1.08684802882293
-1.17841137325402 -1.27601753835329 -1.08088781276883
-1.17184285457707 -1.26916342590758 -1.07298028544025
-1.1650948373006 -1.26279278622284 -1.06666362242314
-1.15950022285133 -1.25627400669803 -1.06112972719141
-1.1547339273849 -1.25069748341344 -1.05831664158415
-1.15042294253981 -1.24575763207867 -1.05292470507469
-1.1464368746366 -1.24153537802851 -1.04908376422112
-1.1429574848554 -1.23804352799388 -1.0458414303051
-1.13918205955895 -1.23385254764349 -1.04321144043857
-1.13479987062247 -1.22860197672995 -1.03943432226442
-1.1304831786818 -1.22339548206786 -1.03505563477809
-1.12520686300424 -1.21869064174289 -1.03016817417251
-1.12016639735155 -1.21442897251381 -1.02360048921826
-1.11491884347545 -1.20877179112768 -1.01965255954949
-1.10991826272455 -1.20359475219337 -1.01531756614663
-1.10566233337221 -1.1993154132333 -1.01033559991312
-1.10149288446276 -1.19529580381458 -1.00650185999839
-1.09704677041275 -1.19025222983275 -1.00240322055044
-1.09312244734804 -1.1868142820707 -0.998181211206918
-1.08909065026361 -1.18253386028209 -0.995054820918116
-1.08484517091254 -1.17710573849743 -0.991255279389325
-1.08110042352778 -1.17300869591407 -0.987381644678009
-1.07696833194188 -1.16790459217323 -0.983419672612045
-1.07304845467502 -1.16375336152881 -0.979924926659386
-1.06882507623656 -1.15979407932515 -0.975785394475992
-1.06355801616611 -1.15413009731205 -0.971395190697038
-1.05911630293637 -1.15033800829018 -0.967269592698574
-1.05445231009157 -1.1443197368183 -0.962490237666074
-1.05003880410885 -1.13993066187353 -0.957850081537413
-1.04588294504608 -1.13487575756054 -0.95443163627826
-1.04181681159358 -1.13102520844472 -0.952335730203229
-1.03811182563749 -1.12688707327801 -0.948168447363866
-1.03449160478597 -1.12336037944126 -0.944460081507222
-1.03067734129563 -1.11941623488572 -0.939941370973455
-1.0267361578083 -1.11527709373949 -0.93675530213632
-1.023473145676 -1.11261698600901 -0.933249188994948
-1.01923835875316 -1.1084333340786 -0.929062492743961
-1.01583365873553 -1.10462500431662 -0.926020289464892
-1.01247521257946 -1.10004600604395 -0.923266022221207
-1.00907103990786 -1.09702444712862 -0.919673491020034
-1.00577861053006 -1.09199027291073 -0.916651555208978
-1.00176329060339 -1.0882196277684 -0.913121118892589
-0.997865332015748 -1.08291344926167 -0.909487976265819
-0.993903043338445 -1.07848992141704 -0.905393470459301
-0.989937304481872 -1.07409721404476 -0.902647111672229
-0.985316129756249 -1.07012457738546 -0.898685734069053
-0.981349491598866 -1.06640411065927 -0.89493795045821
-0.977239156100808 -1.06211800493785 -0.890759784845559
-0.972474914110873 -1.05699524712244 -0.885680318965198
-0.968506341895386 -1.05361113056277 -0.881745740174847
-0.963135779422783 -1.04670594877779 -0.87770387867947
-0.957680148490132 -1.04172301268985 -0.873051354597363
-0.953032258672028 -1.03672978069883 -0.868207244493365
-0.947345502352741 -1.03083192512368 -0.86293863379923
-0.940946221056172 -1.02530195558737 -0.857630376062865
-0.936573870756129 -1.02072472515571 -0.852622335545061
-0.932483894350685 -1.01849742716199 -0.849329028388235
-0.928248245822564 -1.01470216441105 -0.84447560179868
-0.923953093176315 -1.01186982438558 -0.836835438387942
-0.920712910708776 -1.00967293624671 -0.833862444611617
-0.917448810200733 -1.00638081690711 -0.829723593526536
-0.914821219590887 -1.00381005997959 -0.826995548283765
-0.912250061442074 -1.00254880542169 -0.823847515640107
-0.909690356415643 -1.00059848322063 -0.821396532001979
-0.907280816332991 -0.998145825697149 -0.81850074033114
-0.904949331707014 -0.995827007742164 -0.815368255673866
-0.902558452547742 -0.993156916518623 -0.813418188035187
-0.900490627619113 -0.991338428733701 -0.811104531128676
-0.89830393805289 -0.989446776588587 -0.809214126042615
-0.896169583799041 -0.987522694295347 -0.806960321491871
-0.894074472136042 -0.985918973945311 -0.804609988229715
-0.892145484809617 -0.98445140016584 -0.802127723530206
-0.890258084487766 -0.982348498595758 -0.800045602298924
-0.888466771385465 -0.981005751484445 -0.798126880098232
-0.886896491364991 -0.979001668482788 -0.7964911125466
-0.885192892312721 -0.977401781142417 -0.795028680066562
-0.883445732396816 -0.974611239680202 -0.793355622426334
-0.881538517649375 -0.97226247507012 -0.791631827979807
-0.879736676029598 -0.970059065930373 -0.790392475697833
-0.877850887094296 -0.967744725157934 -0.788886864276461
-0.875750007468653 -0.96589810437137 -0.787181084298836
-0.873354789688053 -0.962021390863218 -0.785581723255691
-0.870872062583785 -0.959257351121804 -0.783084482238611
-0.86857268589247 -0.956446195692648 -0.780917836726004
-0.865899090886022 -0.953684486616236 -0.779579225963091
-0.863103321886321 -0.951216019617425 -0.776751320709785
-0.860234502837071 -0.947286368187738 -0.773967819261354
-0.857609488452293 -0.944818136951876 -0.770625942335702
-0.854993253343888 -0.941955303025098 -0.76812677592168
-0.852439734177128 -0.939330211259013 -0.764581427061165
-0.849905802779271 -0.936249753390824 -0.762768201409798
-0.847096524018912 -0.933713289961839 -0.761564271109692
-0.844440747228165 -0.930323718891453 -0.758688196715426
-0.841584330545851 -0.927251219427428 -0.756375828641538
-0.838246508551873 -0.92464686250533 -0.753352258937041
-0.834970808760605 -0.920532395107855 -0.749548604467849
-0.831581242160695 -0.916559913901971 -0.744736944400099
-0.827551348576844 -0.912544337063563 -0.739089544956252
-0.82422778698426 -0.908702522959415 -0.736483908973966
-0.820192484489232 -0.905197796288453 -0.730257262166341
-0.815900329427642 -0.900279102225832 -0.725289256734798
-0.81113344313077 -0.895141334252129 -0.720166921653091
-0.805489092200194 -0.8888038225234 -0.713792761721479
-0.799024758409003 -0.881123688500128 -0.707842423714807
-0.793068997281636 -0.876404624219475 -0.700703377575166
-0.787137321243098 -0.87038583947463 -0.69029911694151
-0.781191893887175 -0.86587766417897 -0.68369831896979
-0.775353522811755 -0.861448940382958 -0.676802098293998
-0.770270682605741 -0.856688328724313 -0.671843665057142
-0.765738059692897 -0.853257094279989 -0.665894827600391
-0.761703675788294 -0.850322505643303 -0.661186016316684
-0.757842009972424 -0.846664477521898 -0.656547148555516
-0.754396617740088 -0.844176771058013 -0.653307350221211
-0.751403811975285 -0.842043391394951 -0.647721425519188
-0.748661473735776 -0.839667323654974 -0.642467254357276
-0.745777213047958 -0.836366205802935 -0.637461525189597
-0.742715009658128 -0.834726146480133 -0.632482866465085
-0.739309760310961 -0.83122484738751 -0.626420685284095
-0.736294895234777 -0.827116909279386 -0.622334461336266
-0.73363805468475 -0.824177844557429 -0.618487350684317
-0.730293071850739 -0.8219660079639 -0.616099687834752
-0.726456511081228 -0.817636169182964 -0.607973316961754
-0.720930260614263 -0.814001892528327 -0.600708386054094
-0.716442141457203 -0.811194447968221 -0.59315212562569
-0.712969986822635 -0.809074006808087 -0.587601827466016
-0.708673641385901 -0.804596119825344 -0.580616449182288
-0.704296880796891 -0.801347428152889 -0.573664987760373
-0.699966486570522 -0.798807821398383 -0.568915388145811
-0.697332886328413 -0.796848227521447 -0.566269848382519
-0.693191374037562 -0.793792083087521 -0.560621287439997
-0.689668306458623 -0.790698943683584 -0.556216844230743
-0.686278059371971 -0.788744897022816 -0.552210010619866
-0.6834066745681 -0.786575591607727 -0.546149262148219
-0.679656549750879 -0.783656500026634 -0.542259978992989
-0.675877996326827 -0.781325332872032 -0.537013295925205
-0.672959901109938 -0.777944330928449 -0.533336483175388
-0.669726116744294 -0.776199324439718 -0.527972935243503
-0.667098781209236 -0.773530994286325 -0.523934270499875
-0.663471695442098 -0.770612745315809 -0.519509363148495
-0.659704748290393 -0.768369279467216 -0.516669913033692
-0.655983628560003 -0.76505290546046 -0.509971310238838
-0.652031108220433 -0.762890981480224 -0.506983528959692
-0.648418489588865 -0.7614591778261 -0.500743399742076
-0.645022643659313 -0.758818657810977 -0.498154825047126
-0.641429303202012 -0.757538735604102 -0.493066475140336
-0.638101583642771 -0.754564210586729 -0.489696321492671
-0.635290364117751 -0.753223412589984 -0.48633902423808
-0.632654957449048 -0.751487855963767 -0.482187556847478
-0.629860928761486 -0.7498377276812 -0.478914611077833
-0.627187117643595 -0.746420199131039 -0.476715457002385
-0.624615383768539 -0.745762249715995 -0.472461277016251
-0.621900089147719 -0.74381321567766 -0.470286977246689
-0.619140560781324 -0.742211432354929 -0.468465966567493
-0.616309178446277 -0.740660810000839 -0.465126167465563
-0.613609406476745 -0.73973606271462 -0.46262965308458
-0.610703871286197 -0.737074579616803 -0.458670691743722
-0.606391757859555 -0.73542147536182 -0.455035010720604
-0.603023197853582 -0.733578198442995 -0.450341600204739
-0.598927766829591 -0.730703714049094 -0.447212125008621
-0.593450760705294 -0.726247243552001 -0.44390406550252
-0.588335056133791 -0.723382621704369 -0.439997945871297
-0.584393923096202 -0.721062085460572 -0.435821715563986
-0.580584907279309 -0.719195414688388 -0.429814027891679
-0.577140601380279 -0.71538397103486 -0.425752109990568
-0.574047987442677 -0.713354686686404 -0.421129662135506
-0.571275511662429 -0.71118983097251 -0.418847254512631
-0.568176724076743 -0.709379700007941 -0.414580501222987
-0.565196427403326 -0.706159718980204 -0.410711089530446
-0.562670311097581 -0.703967189547968 -0.40833829032064
-0.559664267482061 -0.701828718072696 -0.404271263003148
-0.556766451965819 -0.700057231348889 -0.401885530086694
-0.553984189660292 -0.697748638522087 -0.39997707731175
-0.551502621760165 -0.696961547391658 -0.395728313628961
-0.548871945373772 -0.694616317719474 -0.393970502579725
-0.546464379396855 -0.693376121984878 -0.391684473347865
-0.544299771696164 -0.691785761633565 -0.389518690676233
-0.541518224259029 -0.689391418262099 -0.387071510397325
-0.539144068997243 -0.687434291831569 -0.384250623719149
-0.537085416571283 -0.686011898692968 -0.382158051481002
-0.534764124300968 -0.683824413253823 -0.378779173341902
-0.532376945479812 -0.681230770965634 -0.376775979645299
-0.529843909953302 -0.677712979310963 -0.374358274241083
-0.526162850520795 -0.675183620825701 -0.372039151464651
-0.522324244239486 -0.67361149837528 -0.370225827694095
-0.518343186081165 -0.670064583668472 -0.367058896847775
-0.515270489828203 -0.668182454077814 -0.364053557662359
-0.512692298422132 -0.664574289722666 -0.360579602608875
-0.510344762006805 -0.663705655746815 -0.357824817955455
-0.508183317970942 -0.662826977290678 -0.354966127537401
-0.50602671575209 -0.660363237742659 -0.351304343864718
-0.504229953010752 -0.659989194437193 -0.348686418470788
-0.502457792823531 -0.658074807158843 -0.345906331364267
-0.500741327758826 -0.655778979194081 -0.344051959605294
-0.499078402304125 -0.655103173628035 -0.343405321463214
-0.497430503487083 -0.654480894024486 -0.341774575621427
-0.49588537174818 -0.653422413549282 -0.340235649273557
-0.494331854932694 -0.651339322791824 -0.33812148933424
-0.492822701579542 -0.649680940490087 -0.335646453278919
-0.491214201849716 -0.648909439319625 -0.334574302438301
-0.489604237725226 -0.647573913532261 -0.332763513188166
-0.487806850790427 -0.645793565667701 -0.331130459542307
-0.485901294728482 -0.644375050333043 -0.330599968398976
-0.484007217637314 -0.642210870667996 -0.32857935804838
-0.482014190588043 -0.640387287862084 -0.327806278739434
-0.479981710290796 -0.637610460796138 -0.326107031894456
-0.477982129551114 -0.63604384205145 -0.323364730617696
-0.475968004902684 -0.635166995715251 -0.322557087249851
-0.474045895450867 -0.63254084749692 -0.320084741131464
-0.472072091306448 -0.63115085966944 -0.318775933175786
-0.470193790585015 -0.628699779055089 -0.31683360326632
-0.468297077094558 -0.62677322600006 -0.316089005936545
-0.466104110765177 -0.625497737672026 -0.313352903050927
-0.463985731105248 -0.622864552845396 -0.311314042314921
-0.461502612334479 -0.619253754116681 -0.308248628110032
-0.458928267892557 -0.616907803897121 -0.306928739104422
-0.456238292001689 -0.614504692273633 -0.304451513469022
-0.45366772444112 -0.613277314896285 -0.30268198605888
-0.451198805694851 -0.610300778900344 -0.30012674259681
-0.448547998141146 -0.607165024922732 -0.298593929994335
-0.446268532999303 -0.605021865526711 -0.29555854744803
-0.44381523087242 -0.603040868591267 -0.293133531808935
-0.441399408938891 -0.598866373379072 -0.290839078702641
-0.438960854232525 -0.596101220741552 -0.288753173712025
-0.435954878012359 -0.592990536633599 -0.286861913205949
-0.433208515092026 -0.590924854683124 -0.284915074377862
-0.429820991928682 -0.587218971979099 -0.280252058914592
-0.427120697025092 -0.584641864460858 -0.278671849665238
-0.424206784751609 -0.582286190250168 -0.276031471251928
-0.42171287521791 -0.579883833046261 -0.273789514094914
-0.419259345261994 -0.577158572099798 -0.269400965113882
-0.416761445148804 -0.573895494113729 -0.265933030864309
-0.414280853504327 -0.572864490191721 -0.264437174207788
-0.411951913396744 -0.571173571476094 -0.261627505257677
-0.409892459461526 -0.567588511998194 -0.260060178417002
-0.40815958345868 -0.565779752043707 -0.257761256409675
-0.406053613322596 -0.562989995555048 -0.255482933868089
-0.403966312707632 -0.560869166690851 -0.25281451288346
-0.401809379596618 -0.557789629400599 -0.249939744990422
-0.399629121277044 -0.556661671829026 -0.248972680934036
-0.397303784249052 -0.554878461295667 -0.246118433471727
-0.395024357619497 -0.553347231263934 -0.244540555128261
-0.392424020349324 -0.550455048922278 -0.242400173589827
-0.389775012686084 -0.546407287995206 -0.239720683285764
-0.387249824526063 -0.543763497948472 -0.237804040661441
-0.384957953922832 -0.541195427961932 -0.235199015833036
-0.3823711543198 -0.539603435260217 -0.232379675596399
-0.379854249965216 -0.53628176143305 -0.231220512857801
-0.377665848651974 -0.534263911227268 -0.229843282711023
-0.375236228028794 -0.529934625575135 -0.227638169503316
-0.372605183257156 -0.527977381408321 -0.225365617543906
-0.370256325175775 -0.522851455445142 -0.222744683240434
-0.367130045092408 -0.519993334603795 -0.220126705649103
-0.363695627942827 -0.515187731984189 -0.217409285068976
-0.36071155545895 -0.51262021705332 -0.21418450886783
-0.357274967338893 -0.511017248824349 -0.211764792524182
-0.353278251393933 -0.504310986800453 -0.210109494519805
-0.347669769934566 -0.499873813552721 -0.206037563050561
-0.344087707686492 -0.497266787534398 -0.201873777037513
-0.340711357763285 -0.49317681847192 -0.19713743741482
-0.33725020677578 -0.490464249253303 -0.192955019140432
-0.334130170584466 -0.489128727496607 -0.19051760486508
-0.330738752729489 -0.485533853082078 -0.187717364315467
-0.32791191504634 -0.48391234918321 -0.184451746087947
-0.325104404195385 -0.477971051588872 -0.182178224146021
-0.321641733723625 -0.474239977093777 -0.179985067456094
-0.318889824920802 -0.473175609328189 -0.177346858602944
-0.316233463998598 -0.471033205067461 -0.175398037741188
-0.313512067237094 -0.467200735038203 -0.173257966550329
-0.310989790141347 -0.466157508402022 -0.17007945750999
-0.308408756367907 -0.4621426690931 -0.168329336775161
-0.306149239504806 -0.457002015733124 -0.165034809083502
-0.303667288154036 -0.4549712924498 -0.162017524636478
-0.301035798215907 -0.45291016381113 -0.15996029738067
-0.298650715398205 -0.448651491479259 -0.157680888159898
-0.296207746574394 -0.446451760345135 -0.155104173617881
-0.293585281166362 -0.443132501023959 -0.153379594232423
-0.290514476096558 -0.435766751396625 -0.151225944780291
-0.287134434581097 -0.433644843799207 -0.150001341190082
-0.284200016336335 -0.430681849330927 -0.147087178182839
-0.281250088021383 -0.426346006171685 -0.144585111289197
-0.278282027250813 -0.421682849046993 -0.142616583625971
-0.275147940685582 -0.418663759877939 -0.141049468942562
-0.27215838526515 -0.416495469157878 -0.138322009865116
-0.26882739161442 -0.413135611599846 -0.135807568435078
-0.265749481912848 -0.409898124247707 -0.133658430335308
-0.263169671535587 -0.408783161931664 -0.130515641372058
-0.260517389225456 -0.405940642018715 -0.12658280884058
-0.257824570942682 -0.402962230700596 -0.122402794716908
-0.255508030844121 -0.400696566793694 -0.11866885364043
-0.253538720089709 -0.40048952530266 -0.117713913312168
-0.251447297584382 -0.397613305757783 -0.116065038482369
-0.249638661482869 -0.394987083273677 -0.112952653591583
-0.24786409038086 -0.393038652793295 -0.111486993448937
-0.245887800610596 -0.388573063311313 -0.110740728171621
-0.24348350749569 -0.385404409684776 -0.106900820022119
-0.240967195458987 -0.38123685938677 -0.104997677327505
-0.23836571585056 -0.378294185865873 -0.104315143350852
-0.23550371376482 -0.37412927935289 -0.103781316752363
-0.232838375420464 -0.371184141060655 -0.100773053938248
-0.230152395782671 -0.368826075257313 -0.0987451712999234
-0.227446800719502 -0.366896672763126 -0.0963809646436507
-0.224491082687341 -0.363905530499386 -0.0941733692599076
-0.221856633077019 -0.360956125516088 -0.0927160738098746
-0.21933298523274 -0.359164488349184 -0.0900432220336043
-0.216947270346823 -0.357575156070747 -0.086410785168452
-0.214427932654858 -0.356310808060022 -0.0840835248125357
-0.212477579098903 -0.354939749584431 -0.0803800794950995
-0.210435707575227 -0.352465536967613 -0.0786784566923841
-0.208814487546339 -0.350728949549284 -0.0758045808362503
-0.207083875805119 -0.34918515239569 -0.0738376303878403
-0.205380726514319 -0.34778230826562 -0.0700518630054212
-0.203647947995636 -0.346313516528379 -0.0693238134139113
-0.201969472251198 -0.344412007176301 -0.0681042589037591
-0.200162869078052 -0.341004478805559 -0.0663212169361208
-0.198381371262161 -0.339376008728919 -0.0649679470593623
-0.196687114734382 -0.338314983692964 -0.0630750833327616
-0.194875806221563 -0.336971030830729 -0.0619814291954553
-0.193094470412364 -0.333771389455042 -0.0598100052916012
-0.190805276451588 -0.332330073264172 -0.0578027481144651
-0.189158316609033 -0.330180483990199 -0.0570569270125631
-0.187466088914693 -0.328051159536721 -0.0553278835123663
-0.185432100596399 -0.326041410995777 -0.0527163103603366
-0.183352084857661 -0.322423900181028 -0.0511804666371214
-0.181145494446216 -0.319538816390472 -0.0494723698632053
-0.179024232854077 -0.315681510906353 -0.0476163008053645
-0.176219432790548 -0.311818416884856 -0.0465364691283593
-0.173662747584676 -0.307018729380916 -0.0449913584578898
-0.171141776691074 -0.304906256831817 -0.0424582340443465
-0.168169031027104 -0.300636657503219 -0.0402662807803543
-0.164262707355688 -0.297012898737311 -0.0383148848739077
-0.160582812294593 -0.294397430225503 -0.0369005696087303
-0.157524203658473 -0.292650701996774 -0.034018979028771
-0.154399981431626 -0.290914550885401 -0.0304849533395332
-0.15158233449275 -0.288997726115051 -0.026771838798028
-0.14903307120816 -0.285552361128095 -0.0236473999333519
-0.146632853967628 -0.284180746421471 -0.0197857069001038
-0.144518611826541 -0.282035993245176 -0.0182988676629221
-0.142564627762722 -0.280465164302781 -0.0135906377858882
-0.140546284481553 -0.278809490279569 -0.0102005061299352
-0.138447078779396 -0.275876153362978 -0.00904302058194638
-0.136237788771455 -0.271297320376226 -0.00764012716131305
-0.133785952623272 -0.26649360556053 -0.00635930186407528
-0.131057069220924 -0.263083313858994 -0.00492092134625429
-0.128328315244738 -0.260383075805837 -0.00321211939319189
-0.1253525433221 -0.257412940697376 -0.00129441263221184
-0.12177472882381 -0.255386493621078 0.00244849965733328
-0.118354468336587 -0.249912867469887 0.0056779501784572
-0.115092887229688 -0.244349988224395 0.00797102405392216
-0.111565325409665 -0.242205732230168 0.0122779546057046
-0.107864101792382 -0.2393538290798 0.0162688832531288
-0.104801956637823 -0.237232236549787 0.0183178422918486
-0.101024110008597 -0.232181748873385 0.02017220439132
-0.0972438639511719 -0.229417356034537 0.0245438045996589
-0.0939014219634556 -0.226274520744532 0.02829218805485
-0.0909090514453072 -0.222691064515267 0.0311921013437935
-0.0881482629825465 -0.220507001394715 0.0355160644995152
-0.0853798412020811 -0.217828756956258 0.0396286099691792
-0.0829030453362908 -0.215898623181076 0.0426874277446713
-0.0806393228819496 -0.215335385585894 0.0442512062779597
-0.0783967594536657 -0.210771400495637 0.0467226843240191
-0.0761500407088198 -0.207836812352712 0.0484049251174395
-0.0741169259547688 -0.204492176301964 0.0509350904220511
-0.0719402190173835 -0.203249886851463 0.0521149510366444
-0.0683140121727007 -0.199782246270834 0.0532298435010167
-0.0647047885024016 -0.197735862664798 0.0559447285632726
-0.0624809053852839 -0.19553236313817 0.0580341070546188
-0.0601233458117137 -0.192422969940932 0.060761496391794
-0.0574385811238146 -0.189614543746801 0.0658198757801917
-0.0550203198553049 -0.18756935427062 0.0694569448238509
-0.0525941555307247 -0.185965768957183 0.072765709694223
-0.049955604982952 -0.181719920623618 0.0746552822921143
-0.0472058893924142 -0.179322165866947 0.0765149833928862
-0.0445304526899001 -0.176607306583576 0.077989241214137
-0.0421023392379351 -0.170967310615626 0.079620908328947
-0.0393474955138727 -0.167878111559484 0.0810086804843398
-0.0361077990893511 -0.16393382384913 0.0833098104184667
-0.0331706466392832 -0.161511890515898 0.0857336680787273
-0.0300069909106728 -0.157939382671069 0.0873445129964558
-0.0256597503337264 -0.153693756528682 0.0895594095197195
-0.0224373755672948 -0.149490227330789 0.0933556605422688
-0.018716025736215 -0.143741153004881 0.0956586333658691
-0.014866743812136 -0.138820071704809 0.0981053407750955
-0.0114925035132982 -0.13272562439044 0.100142514683094
-0.00807625306173964 -0.127062362113394 0.103248891286699
-0.00325663727038415 -0.121750601275935 0.104600759278799
0.00152833579543726 -0.115516127802374 0.107803086999096
0.00785660089760038 -0.106325271933528 0.111141455258223
0.0131850008524258 -0.102164671558847 0.114332352734252
0.0173024570103984 -0.099470393457495 0.11851830466483
0.0203324685832855 -0.0987609905485788 0.121739600625842
0.0233739988759253 -0.0953875960172319 0.124908686708037
0.0263622963350694 -0.0930302998214598 0.128438178036462
0.0291713593969594 -0.0878305747547328 0.1330213517263
0.0323579660036822 -0.0854657556077827 0.135684067798225
0.0350723268545652 -0.0803005335898388 0.139309654794423
0.0380341803036719 -0.0776923342363334 0.143970709283693
0.0407388687576163 -0.0745696232021903 0.147933115476664
0.0437983340555025 -0.0713444632446507 0.153549071663423
0.046583682783343 -0.0675673306897627 0.159040026491288
0.0497858251106325 -0.064933599106667 0.161074025025912
0.052753558718282 -0.0617652651092761 0.162955434973833
0.0560214708354468 -0.0583104207764958 0.165433123718561
0.0593564954334424 -0.0563053520868573 0.170429843146647
0.0624058241707008 -0.0545921643299656 0.172434980600543
0.065243958078842 -0.0510138288141221 0.177039970947722
0.0679644593391833 -0.048933128201608 0.179655952594108
0.0701589944582099 -0.0463332342973638 0.181033648612765
0.0724402808590945 -0.045641908828894 0.184561907059741
0.0750031746961081 -0.0417291335220486 0.187152653080442
0.0772364394167061 -0.0396304754084196 0.188747879953735
0.0799276686372655 -0.0371849859048964 0.19215685071169
0.0825540433637073 -0.0354432799729941 0.194858653331254
0.0848312056304279 -0.0328980770890717 0.197768060597099
0.0873024695948633 -0.031412328555266 0.200396579278203
0.0898245970919467 -0.0283546406163933 0.203401449370651
0.0922373581049755 -0.0256553319315353 0.205318618230025
0.0945783747988534 -0.0226098901719015 0.208703291029667
0.0969749906599316 -0.0202377421709423 0.210972588576995
0.0993615644568642 -0.0162420737521792 0.211743279672021
0.102111919558804 -0.0145007641457097 0.214827864797443
0.105337704945016 -0.0119163915154082 0.216545880562391
0.108680898211388 -0.00905658808476416 0.219253024513484
0.111751886043361 -0.00725139219132203 0.220970309642571
0.114678517290565 -0.00488277490741098 0.225300814747182
0.117108996743933 -0.00229832294553331 0.229550109365114
0.119221973103436 -0.0014801135942746 0.230776280363324
0.121508386282171 0.00264021622386249 0.233458253496309
0.123887628977796 0.00536732482662643 0.23671111138892
0.126148382178818 0.00800759268685089 0.238397613988881
0.128616548653441 0.0118411049002129 0.241056502606348
0.131528046337855 0.0168983382001211 0.242880270707564
0.134950756217848 0.0199397394593162 0.244237210720833
0.13867913547819 0.0225215130149836 0.246326628516579
0.142143485265998 0.0257618667548216 0.249100012615455
0.145236334046192 0.0272086586745896 0.251177662852332
0.147942341476103 0.0313000778787052 0.25500278547089
0.15032253795519 0.0337393588933821 0.259815900719008
0.152763121157605 0.0364489165431141 0.262900999779402
0.155218270657053 0.0386766353903544 0.265605316832216
0.158150019464288 0.0416398314708969 0.267599852088321
0.160757346283654 0.0436280845485532 0.269923983228015
0.163357868645514 0.0467017731991759 0.272720564200714
0.165734289301147 0.0477571610687547 0.274606133293647
0.167817768391899 0.0490428067161728 0.277539013697128
0.169851494600595 0.0505084247643734 0.27962430612257
0.171685747278155 0.0520227489129676 0.28208395122732
0.173380861878366 0.0555726740378889 0.285538406339852
0.175062378807568 0.0579637722937782 0.286617657498812
0.17678136851917 0.0591484982029847 0.287923983040205
0.178558564806419 0.0610135281405484 0.289441755210766
0.180278376912654 0.0617681187443214 0.291384774257441
0.181955019351617 0.0644402953255274 0.292078756891485
0.183749246666011 0.0687100887952007 0.29314908373244
0.185705920241228 0.0720830210816842 0.294481095361188
0.188233110785546 0.0774824624182448 0.295583194304841
0.191271688960265 0.0797558990233508 0.297733282058204
0.194229092650488 0.0825981309913969 0.29879709406344
0.198073452905379 0.0846528092715727 0.301427089693513
0.201276727719333 0.0872138341437648 0.30482726051509
0.203861004147773 0.0903800446437916 0.307421176589767
0.206481797963482 0.0933092092658358 0.310121165118452
0.209084349721812 0.0967615988764488 0.313246299430473
0.211383482009045 0.0989365766540675 0.31535897181301
0.213793429670231 0.103563725265898 0.317130302379972
0.216107132821814 0.105464278738536 0.319308553281237
0.218597640842929 0.106475770087027 0.320305453804091
0.220674392559582 0.108914686397437 0.323943077502344
0.222580478608367 0.111155659117676 0.326666451934691
0.224565261327024 0.114382408354127 0.327914264152138
0.226648694866663 0.116712231122184 0.328563964919905
0.229176711232542 0.119278109584391 0.331242056820902
0.231468955138004 0.122276333882663 0.333769403463066
0.234539673045745 0.124373461678239 0.334910234992588
0.237139257573534 0.12746322108004 0.338276624725756
0.239732775211664 0.129872067708408 0.339687777690185
0.242244604327876 0.133746065408814 0.341343524090765
0.24449717750765 0.135594755679504 0.343573024304942
0.247229645351315 0.137721287319092 0.345873208513323
0.249940028895005 0.141015813952368 0.349352056080132
0.2520768287362 0.143500405614771 0.350337707109559
0.254216529836503 0.147732690327563 0.352721449246924
0.256424287072756 0.150031098441591 0.356038803366827
0.25955691104756 0.154181288805565 0.359169761561253
0.262093951291315 0.157591208816734 0.360169590068913
0.264917233998877 0.160548926941356 0.361866945941664
0.267668892424123 0.163960564796045 0.363194449286584
0.270701736242 0.166445314751494 0.365842154024235
0.27347970086883 0.170823244654585 0.36763455954889
0.276330934405241 0.174080687753559 0.3703461075714
0.279349515171253 0.176600254686645 0.372959910971472
0.282158503838752 0.180702822992908 0.375466209408422
0.284839265226167 0.184185610864309 0.377797336428709
0.287409373612617 0.186874734387395 0.380179265258829
0.290365441087775 0.192103279756085 0.382357717643782
0.293356970280819 0.19610857223451 0.384798385789552
0.29707698601473 0.201207467947626 0.386836129530782
0.300113801787647 0.205753334473824 0.388822361886148
0.303826275974344 0.209144728627285 0.39305727084854
0.307550966609546 0.212745165804046 0.395727508013002
0.311677420667038 0.216756102446809 0.39850034699636
0.315298821584047 0.220235853711312 0.401725436446173
0.319122650076249 0.223677874265443 0.403873713777339
0.322502534027262 0.228359206400178 0.407288132456703
0.325636537591108 0.231080701033996 0.409846968637942
0.328727811832113 0.232707781210486 0.413711327983098
0.331516895846303 0.234966478745744 0.415968458630568
0.334534992197498 0.237534493778104 0.419635785638146
0.337144973468104 0.239791745021001 0.422762405264453
0.339734505875417 0.241357068782948 0.426107395490107
0.342224243380456 0.243561811100269 0.427823104193158
0.34452177630595 0.246692953829802 0.430633415664123
0.346698989546591 0.248227049187387 0.434314915505514
0.348828402609034 0.249551475727451 0.436600865448986
0.350768002658394 0.249715601290067 0.439010433078456
0.352455792539858 0.250856064776168 0.440811905633713
0.354100304712551 0.252057890487626 0.44307762227576
0.355734098838921 0.254019319922593 0.445835606453735
0.357242066882882 0.256202311625658 0.448011937048166
0.358632176992288 0.258432834043902 0.450033200825864
0.360096029280664 0.260571174747062 0.451600361807891
0.361556584228383 0.26234742619382 0.45300192697023
0.363058539416651 0.264315306360952 0.454454092582316
0.364536374140617 0.26534122461991 0.455802043983483
0.366032998695072 0.269602233010146 0.45788984615111
0.36760619368912 0.270520099115238 0.45899901625643
0.369243053074942 0.272022131340107 0.460021548071737
0.370921155771255 0.274032974314856 0.463228092305515
0.372542345342263 0.275483999460999 0.464057780156665
0.374229129823106 0.277582134490129 0.465726191733378
0.375994802070274 0.281229545783406 0.466091798127709
0.377844108702182 0.28302321325202 0.467238007980641
0.379743944159919 0.285337366464864 0.469211599302398
0.381756480107743 0.288017178157787 0.469776977717346
0.383783969917939 0.291037862835361 0.471979785482451
0.385817002602223 0.293390895119255 0.474425717064096
0.387896729163891 0.29494283306143 0.475617327275681
0.389934574498107 0.297736493375546 0.476439650009832
0.392090170702063 0.301276773572151 0.478208325420899
0.393994316011041 0.302730845347336 0.479823519492763
0.39602645792035 0.303208605464546 0.481786324983163
0.398023973778603 0.305670004302389 0.483291083544454
0.399978050125274 0.307112979727351 0.484878837382711
0.401921705552996 0.309154417349918 0.487548268522425
0.403787302033729 0.310441304355496 0.489640322312508
0.405597550834367 0.31289357866726 0.491427734119527
0.407449296680653 0.313729113704492 0.493085009234909
0.40932777112215 0.31642840277361 0.494433157480069
0.411085717808156 0.319714634441789 0.496019191105192
0.412830751797744 0.32124675800542 0.497348308663168
0.41468632762872 0.32369431105258 0.499826294980057
0.416566600494345 0.326749264102533 0.50177700668312
0.418411244615165 0.328373404271586 0.503781589603952
0.420218860354197 0.330839242461617 0.506083056434927
0.422358050139289 0.333382567855915 0.508365396416446
0.424478740434839 0.33513407618847 0.510415495196882
0.426557172736934 0.338055792555892 0.512053081456401
0.428961279338562 0.340355216025675 0.514325985121419
0.431422273252226 0.342836729346275 0.516128860067928
0.433603164138631 0.344598981850014 0.518300300189126
0.435822288837915 0.347032452822942 0.520679492439484
0.437826129363587 0.348774487402787 0.522567931827903
0.439788994156918 0.352254819177464 0.523886693857295
0.441737734847674 0.35486327374808 0.526322852055541
0.443925895302022 0.357058968919195 0.527905679613107
0.446231568488293 0.358920615698608 0.529992807894412
0.448511040424736 0.360468607415482 0.531787965875131
0.450970647242685 0.363230656654004 0.534718770054636
0.453213289500296 0.365485838786406 0.536225469564256
0.455578149797992 0.369173405229733 0.539400007789219
0.457993222105219 0.371191737097051 0.542626413507268
0.460606994918754 0.374138686610666 0.546731698931302
0.462947079838363 0.376941873835626 0.548917212883893
0.465300920034753 0.379634728283762 0.550723541535499
0.467817575592136 0.383009426706268 0.55301067831185
0.470396151836294 0.385773376593023 0.555024469892233
0.472963260734264 0.388162206740695 0.558473791903493
0.475897366133636 0.391628453262583 0.560683397068059
0.478932275663033 0.395200341247251 0.562907997824162
0.482224883440427 0.397623449154357 0.56621422537527
0.485956822764573 0.401964979573526 0.568460679827879
0.489838349639314 0.405672935284044 0.57097159433247
0.493666250207994 0.409133780802877 0.574105505938126
0.497782037260948 0.411603273318021 0.576463949377759
0.50208773758026 0.415952902374916 0.580636942618689
0.50596431221984 0.418341835949866 0.586049425653765
0.509580059342428 0.421308737029309 0.590585018685164
0.512636436075465 0.423721349264457 0.594613506366526
0.514851278946569 0.425343018412243 0.597425344238241
0.517131019642033 0.427441147086415 0.600577754525382
0.519446165530916 0.429680966332614 0.604565140395523
0.52189058993237 0.432434972771587 0.607098186919351
0.524245735535184 0.434627161456051 0.610588287168599
0.52639846961162 0.437079474700675 0.613167143563036
0.528454007187665 0.440759113678265 0.615453237699228
0.530593065499116 0.442086078203751 0.618092534053637
0.532902668077393 0.443462919841109 0.620113387059972
0.535210850882487 0.446032946414651 0.621682900263161
0.537377028849644 0.449318715283873 0.624538205449459
0.539616211091939 0.451539847651928 0.626125280448121
0.541742272111899 0.453436484041397 0.627913328930967
0.544322106856592 0.456318175445861 0.630520643380344
0.546917821875094 0.459188749515762 0.633993994363766
0.54964270132481 0.460704239586475 0.636586781840319
0.552403590895147 0.463622964045344 0.638608639939855
0.555056274245007 0.466684203113941 0.641423282640966
0.557572567053611 0.46864128143069 0.643534847646125
0.560071019097481 0.471547786577003 0.645375410688261
0.562704063381341 0.473311021342492 0.649827843823526
0.564904772485349 0.475071466166219 0.652067427576398
0.567163381471091 0.47655377425097 0.654469034201445
0.569112108963561 0.478395914413935 0.658370804065375
0.571074957151492 0.480119698142291 0.661046729744607
0.572771379404854 0.48226053879315 0.662716235250117
0.57441797942694 0.4837463163605 0.663733665310601
0.576361895926049 0.486203289508991 0.665836978125569
0.578169015731344 0.487157802975223 0.668161291753625
0.580150991170438 0.490302519999714 0.669916611102767
0.582005792977127 0.492032291074384 0.671242172610447
0.584236925498745 0.494396386025804 0.672982845899279
0.586451983014464 0.497044478385377 0.675370382656582
0.588840780516838 0.500295714785376 0.676571085889875
0.591448011989165 0.504267488400121 0.678976896069801
0.5939631364091 0.505441077452598 0.681020413559227
0.596694949885141 0.507365696188269 0.68305071242503
0.599566574099462 0.510996165637961 0.685564429339636
0.602131849631781 0.513408958035329 0.688126455049485
0.604986078000012 0.516457002972541 0.690689795979476
0.60780612144746 0.519634746161392 0.692561421198797
0.610120087846944 0.521437041586023 0.695420183197983
0.612691159970723 0.524587116473767 0.696907056566323
0.615485509797885 0.52704969032414 0.700303501044871
0.61808336089258 0.529241130915566 0.702462884025944
0.620375097398327 0.531866714887417 0.704995562049459
0.623413376503121 0.53564509504622 0.706995984963746
0.62693162753893 0.539928729291114 0.709741071838268
0.629871494368438 0.543594798495785 0.712297339658382
0.633304516150124 0.54638873824221 0.714297288645569
0.636739854582109 0.549813538601327 0.718598413048948
0.639797080949447 0.551835616289486 0.721898974890718
0.642251209650108 0.554036568138112 0.723966449112923
0.644676686398149 0.556619994596681 0.727488806303498
0.646852111822182 0.559390712905308 0.730051219448355
0.649066843555597 0.56090403267997 0.732568568183241
0.651043455338215 0.563127808194208 0.735958182152008
0.653066524932928 0.565036153700456 0.738751496106942
0.6554513207331 0.568417081220495 0.740701497084532
0.658089030419672 0.571563318552365 0.742226918701016
0.660684499306691 0.574967020713573 0.744474256770028
0.663730716781589 0.578087707955387 0.747794995708864
0.667497063959432 0.582549816343165 0.749632479934857
0.670917461898444 0.586586145140322 0.752324155825145
0.674931406448043 0.590146543264793 0.754867812912839
0.678808267322572 0.594247893453153 0.758248064208008
0.682813222358235 0.598398083400412 0.762405750519177
0.68738250920738 0.6032379430151 0.765389215716922
0.691388038601399 0.606358733071432 0.767949000672408
0.695269925740333 0.609344988269598 0.772908865643086
0.69921266333551 0.613560890930282 0.776311823228981
0.702376833827237 0.617322132137699 0.779782198499252
0.705425549380054 0.61973728929399 0.784108431260386
0.709248873678338 0.623994145504512 0.788290821334564
0.713036410186407 0.626745281804431 0.792254807380483
0.717060815081902 0.631685616572573 0.795628604776878
0.720770910234697 0.63461606644293 0.797349178545388
0.72477104348867 0.640641464739146 0.800976023556265
0.729772140225485 0.645021621352845 0.806496660562065
0.734022289508329 0.649991972517909 0.810617884576633
0.737842380002803 0.652979325809205 0.814535560580371
0.741777610588881 0.657273824194772 0.81824468201092
0.745715951256432 0.662212696978948 0.823569092798186
0.750527644226569 0.666705468585524 0.828197290663388
0.754035481423381 0.669804967884994 0.832097350808953
0.757778956469134 0.674051234559022 0.834558115629126
0.761829524986144 0.677307805327433 0.837516973133852
0.765453312851789 0.680693664591171 0.843659479783726
0.768239646347687 0.683777017000121 0.845836955066372
0.772468517130235 0.687332093410009 0.850264001746318
0.775940765668981 0.692717092021897 0.853944442535681
0.779068068990647 0.696728491178909 0.85598080069932
0.783306765346717 0.702574319645078 0.858859818026992
0.788154203851753 0.708627252179405 0.863225265501879
0.79294505544864 0.715610417649019 0.866504942519204
0.798859473354532 0.722339690844994 0.871973934510997
0.804387002419018 0.72916952734399 0.877299324320401
0.81021577052721 0.735061629047623 0.882165324512075
0.817607844224016 0.739764253593308 0.890626028061958
0.822704938269644 0.744537291091705 0.897567525678924
0.826989496144197 0.749425334415227 0.900837972237269
0.831856671981741 0.752292271940078 0.906729297120294
0.835845515690402 0.756133191822416 0.912046330607705
0.84016217608296 0.761171277800919 0.916336756600999
0.844073114173451 0.764950257483902 0.919306776148997
0.84743972078141 0.767787303672998 0.923058949874048
0.850979920633592 0.770310026505937 0.926815996491426
0.854522082332407 0.773177862601419 0.930284795114522
0.857507170752159 0.774818729247827 0.934064455146639
0.860275534908822 0.777043238958906 0.936972974666919
0.862760667366183 0.778417886048594 0.939880049562445
0.864825347646488 0.780262410024808 0.94290759130144
0.866588573630024 0.781346594060505 0.945481483412378
0.868247223764987 0.78231635662832 0.947684669325058
0.869857537941335 0.783679983236505 0.949620274584463
0.871405845246573 0.785900608769349 0.951114094503498
0.872882787390587 0.787235240120287 0.952703477204901
0.874396689400574 0.788813233662762 0.954746480501746
0.875885869018606 0.790864137895859 0.956428435244618
0.877448473415039 0.792825875023464 0.957653311296166
0.879181794500483 0.794241785225957 0.959572028537896
0.881075257431361 0.797461009721715 0.961037452275666
0.883087307882705 0.799869045739922 0.962592558939546
0.88512171072046 0.802114532984423 0.963608610295209
0.887286172098329 0.804705361251521 0.965963679767017
0.889528096633466 0.808215912293189 0.968210277817571
0.891917408547883 0.809476078945799 0.969657150774251
0.894340134856353 0.81305388088045 0.972093281124151
0.897316268766909 0.81563864398943 0.975379532097519
0.900227117633967 0.81989901643473 0.977097989656117
0.903053766179308 0.823085417367869 0.979402453776657
0.906114942939078 0.826926230272759 0.982051574917083
0.909534870350327 0.830802385199207 0.985192536273082
0.913355751337959 0.834315411182789 0.989278707366802
0.917463856221859 0.838409192114552 0.992579081702879
0.921231474204768 0.842947663850139 0.995698830100333
0.924470342515456 0.845382592617444 0.999007228714143
0.927452922222933 0.8489799130057 1.00178088552973
0.931226368040124 0.853686511223242 1.00543443379469
0.935075887898871 0.857386361276295 1.01039568761099
0.939865671633694 0.862782181184506 1.01447191141906
0.943908857529538 0.866732031900922 1.01915733449259
0.947849692737182 0.87134565487786 1.02313234045378
0.952619226485398 0.876252774773145 1.02695607493234
0.956703243001109 0.880656885665802 1.03063101998552
0.96120947252067 0.884207540493446 1.03547381335928
0.965272113011089 0.887569066946752 1.03937268336742
0.97025111565531 0.894301726397071 1.04391583509023
0.975394528063657 0.89912063579461 1.04911916352672
0.980300880966142 0.90313052939863 1.05334575613401
0.985311074566302 0.908733130347198 1.0579773661327
0.990716904974228 0.913361834227762 1.06363642686616
0.99543792614069 0.918298937625354 1.06938307644672
1.00097019897381 0.924232823198222 1.07434864158248
1.00789601570878 0.931502650175339 1.08052572087023
1.01328508660379 0.936600216687756 1.08699959862954
1.01780371434557 0.941463233633889 1.0929871874843
1.02407412735147 0.948612871935564 1.09778137231946
1.03329345261179 0.957642116229332 1.10601203742034
1.03995863543786 0.962350377418773 1.11423600255572
1.04607511814414 0.969694812682351 1.11973216735865
1.05251205507906 0.975846005916992 1.12612797509661
1.05851927544268 0.979512352722988 1.13190027093862
1.06310022099316 0.984764028931859 1.13811333321455
1.06717408502394 0.988644603094813 1.14269454451548
1.07101554641412 0.992177726456838 1.14689611247456
1.07484057778722 0.996511918228086 1.15098796446325
1.07834843201117 0.999692763728742 1.15425263799494
1.0820886292583 1.00459599331997 1.15751401108678
1.08597540560025 1.00894053443235 1.16118652591645
1.09041367338744 1.01376916052572 1.16544746290096
1.09491264131903 1.01788743662962 1.16987938740077
1.09943401038811 1.02215915644638 1.17426683704739
1.10383734523598 1.02647215011009 1.17907352629664
1.10829169506291 1.0301047379606 1.18388099199922
1.1127400050721 1.03417355468704 1.18895587523704
1.11705133027455 1.03895341007611 1.19319065920325
1.12166247887107 1.04279500519158 1.198140530363
1.12584539392367 1.04812152785356 1.20282352354833
1.13032075027447 1.0525143669195 1.20697940075578
1.13490361375064 1.05650393649285 1.21183579512211
1.13877710409949 1.05930223706797 1.21696230949738
1.1430229465339 1.063623320389 1.22052187161538
1.14599934958976 1.06635046777347 1.22439868305417
1.14941479174969 1.07039505278407 1.22737035818584
1.15280162665902 1.07282650418209 1.23122367553796
1.15581178233438 1.0759684983532 1.23391144859692
1.15900508294029 1.07920959887733 1.23648903027611
1.16150367408702 1.08166560247703 1.23949722371397
1.16468955068385 1.08414428684361 1.24298431978994
1.16698507132885 1.0865466494025 1.24588479799412
1.17046472006882 1.08996024403761 1.24859449721288
1.17293403669794 1.09273422893056 1.2507425926443
1.17638645707367 1.09568936002507 1.25418917152173
1.17891838668913 1.09797696778256 1.25725993350105
1.1833250315503 1.10187040758231 1.26236672395757
1.18583399681448 1.10418108235562 1.26578856548802
1.18943493783204 1.10807665019991 1.26872377909797
1.19283624529796 1.11287940119305 1.27142378609739
1.20012336895461 1.1196200359915 1.27854666132376
1.20442301933029 1.1239304565787 1.28221356014582
1.20900690775477 1.12809280841619 1.28840573357249
1.21253013159651 1.13139921689771 1.29171330846478
1.21569477141558 1.13429948983578 1.2951442500234
1.22048703732249 1.13923692697077 1.29952830841627
1.2251595317165 1.14375925681411 1.30360432648698
1.2289232121346 1.14737080299375 1.30835142939829
1.23249371696178 1.15037525604596 1.31350932124358
1.23643074841682 1.15585934852202 1.31697174303122
1.2416634648285 1.1609812330769 1.32166947515993
1.24545684613162 1.16466437269733 1.32646760948319
1.24951735667325 1.1682009568854 1.33060709174083
1.25293850020298 1.17048511559088 1.33468711721186
1.25585188286678 1.17346498486785 1.33776066361597
1.25971309083228 1.17654121460877 1.34125628936528
1.26260157488022 1.17966367365634 1.34466830915853
1.26569818703667 1.18318852937425 1.34840851281791
1.27200849714583 1.19030284569564 1.35356176999665
1.27509249974985 1.19401793351503 1.35693597070069
1.2807729743036 1.19914318176001 1.36306156436673
1.28684919854707 1.20549742935693 1.36809059424821
1.29344270430453 1.21280430309509 1.37496894778039
1.29858869765301 1.21757717754528 1.38092526492864
1.30405248803451 1.22226654441128 1.38798155491828
1.30859054448639 1.22641543592359 1.39252907446742
1.31247325008872 1.23002632946148 1.39632574032001
1.3165756963145 1.23375621277146 1.40073329628922
1.32332137711042 1.24022867843601 1.405966691431
1.32927203006218 1.24624705389347 1.41236714500993
1.33741128421602 1.25340612291264 1.422404838779
1.34402744319407 1.25859683586405 1.43130916493116
1.35058723178093 1.2638863839084 1.43865157670125
1.35639013152384 1.26961799495698 1.4437342487613
1.36176199714435 1.27464688663935 1.4487776691653
1.36656592887753 1.27929502536461 1.45520212944235
1.37090745158655 1.28353310017774 1.45982577460083
1.37678876029113 1.28944577985813 1.46581222780735
1.38221147027764 1.29509007035362 1.47027454785028
1.3879766804625 1.30062789083899 1.47695961338374
1.39281896232188 1.30504162600188 1.48220376408736
1.39919291931438 1.31074234436627 1.48959808997386
1.40398093942536 1.31541478975383 1.49504259909642
1.40847818242571 1.32020897207946 1.50021307794453
1.41305923451409 1.32370470208649 1.50580209712004
1.41842289942048 1.32851178294587 1.51134561888957
1.42399160806741 1.33453827343541 1.51668194497077
1.43243019410888 1.34096725354813 1.52561574796876
1.43821489714397 1.34556947667731 1.53285344119127
1.44308281717763 1.34918451281207 1.54011621689518
1.44883721056111 1.35451736242503 1.54858241578021
1.45524747964664 1.35871531247268 1.5568934583965
1.46309712093288 1.36855427834061 1.56533401985855
1.47335731199751 1.37938097988543 1.57611246777697
1.4808854384975 1.38622287164431 1.58371011251409
1.49112631606237 1.39635207200637 1.59377604726773
1.50395950960864 1.40610369083346 1.60834398186038
1.51562510826167 1.41626334612636 1.62088804122474
1.52630637493953 1.42611644060371 1.63057772602837
1.53602812470757 1.43542988298699 1.64174513032986
1.54387397851472 1.44398555250749 1.64995248915324
1.55247908149175 1.45154944730453 1.65976774694288
1.56290774281853 1.46262324521582 1.67021475819428
1.5780023743368 1.47517993349396 1.68823409150197
1.59244074031233 1.48900474497749 1.70108450139191
1.60468099304975 1.49791581188017 1.71446801511122
1.62319986468912 1.51236668597694 1.73640124270262
1.64538819252635 1.53064623339262 1.76420866026132
1.67035209680865 1.54860592671608 1.7958115366323
1.68667197082871 1.56316059596212 1.81257154670545
1.70863071475312 1.57993395336667 1.83300562126734
1.72635147348974 1.59736633254612 1.85113738594147
1.74164054923676 1.61209698416277 1.86723083954396
1.75539693662984 1.62696974174672 1.88296157680679
1.76737923081855 1.63855549871333 1.89701831904746
1.78056276185292 1.65495370295817 1.91052955332252
1.79408460308633 1.66818148896217 1.92585319015211
1.80834979939429 1.68084573235846 1.93835419471259
1.82358932225233 1.69555959312136 1.9535898752596
1.83574289998915 1.7075178544378 1.96683109069389
1.84469321510381 1.71740417227126 1.97471514182103
1.85475059605681 1.73256778182306 1.9855096881255
1.86505418286509 1.74166516464012 1.99774650140811
1.87559352042298 1.75145601039288 2.00967394164156
1.88927306982266 1.76139709285066 2.03813677855475
1.90215082913347 1.76923487333682 2.05665458753691
1.91387108416673 1.77708834681314 2.07898496584978
1.94085580628018 1.79021794386296 2.1228953534972
1.96337508474236 1.80892881576221 2.15863202174805
1.9833681647061 1.82773295807848 2.17846732100771
2.00069472705856 1.83582744749899 2.21486593419583
2.05315775384122 1.89631133115339 2.25876484163668
2.09118789708126 1.93743498073083 2.29576917931203
2.10611146732753 1.95025522588283 2.31694871484118
2.15194532940589 1.99386103740355 2.34770504765527
2.21661516977188 2.05377969735321 2.40274256801326
2.26857118452667 2.09845486157155 2.45852493656346
2.28427593674967 2.11237399698774 2.4767659493492
2.30320373358538 2.12901406545256 2.49709971410496
2.35555620384264 2.17143365809896 2.55614394094461
2.36028288458521 2.17727915738083 2.56197863751374
2.36811270401224 2.18187996086656 2.57225841881067
2.39089504154385 2.20350192153482 2.60049190229139
2.48038366944061 2.27993339849303 2.70139694916096
2.50032666269601 2.29845869013433 2.72623255404865
2.6075993783482 2.39042800450752 2.84867959236894
2.65798615234302 2.43467889824424 2.90761030866623
2.89356386440187 2.64268955989851 3.1784028459693
3.15237466287683 2.86990101461671 3.47688622360553
