"comp1" "comp2" "comp3"
0.1553797 0.9269323 0.9745926
0.3959244 0.1885012 0.09725256
0.3329459 2.380561 0.03637708
0.1101603 1.764408 0.8648973
0.1720696 0.3781118 23.13828
0.0801725 1.0368 53.82146
0.3027206 0.1141385 0.258082
0.1352014 2.174169 6.908584e+17
0.46669 0.07861387 3.137448
0.4580951 0.8389545 0.1919031
0.2708329 0.1159332 0.2021436
0.08660514 0.1264844 7.66103
0.4081711 0.2915709 3.26984
0.09598195 0.07103435 0.1949492
0.09917165 1.648303 159.2178
0.09707597 0.185983 0.5430919
0.3426315 1.564432 24.57388
0.358531 0.4450433 0.1224645
0.1940479 0.2309278 1.756807
0.442764 0.1920351 0.09843228
0.5669795 0.3117689 0.672175
0.3555987 0.09551216 0.08230475
0.4369952 0.04699078 45.13661
0.512515 0.1365687 0.2466681
0.07918329 1.057797 2.13291
0.3284175 0.6398752 14.67797
0.07983727 0.2144933 0.9369593
0.1271089 0.1667863 3.348299
0.0754382 0.1370188 2.636931
0.236077 0.2451157 0.09883909
0.3450181 0.2357655 46.49936
0.2302168 0.3741354 0.4543164
0.2251701 0.5432034 0.9227069
0.08676429 0.1734944 24.75197
0.2557284 0.2601142 0.5683001
0.05225542 0.06909148 20.10125
0.1540629 0.03924048 0.06117219
0.1229232 0.1436376 0.8703398
0.2249067 0.2448009 0.1038792
0.3219143 0.137085 30.34724
0.04281056 0.7294249 1.148662
0.1150001 0.08191192 0.5173909
0.1452145 0.1322906 6.407417
0.1378006 0.04555012 4.115611
0.5027219 3.492679 0.1606899
0.08468264 0.8433293 66.81993
0.2229606 1.016584 0.2741697
0.0469644 1.127617 0.2549709
0.1490288 0.2963286 1.303411
0.1608607 0.8775984 0.05124975
0.4836602 1.17375 3.512151
0.1835608 0.2038215 1.982505
0.04303618 2.275302 0.09729323
0.2730599 0.4100898 0.1383709
0.3471592 0.1380338 1.849471
0.181379 0.8094698 0.0562036
0.2362287 0.2947546 0.2870828
0.1883166 1.119911 0.3587822
0.1742182 0.8470533 0.09523816
0.09272766 0.0810016 115.3022
0.1586623 0.4443056 1.911791
0.3342505 1.018106 1.607197
0.160552 1.012642 0.2283275
0.2526546 0.3979551 3.349789
0.03921046 0.5190251 1.452214
0.5608334 0.1992824 0.1138702
0.1675412 1.865065 22.25127
0.2928344 0.6599452 1.222077
0.4379701 0.1087849 0.6843262
0.4609343 0.3033731 3.829422
0.03840123 0.2512111 1.669141
0.1363487 0.2350589 1.189853
0.1159798 0.07753981 6.302326
0.1586001 0.03769032 1.217328
0.3071531 0.1235773 0.03753887
0.02098788 1.007294 0.02474694
0.3708199 0.7510592 5.178198
0.04383598 0.8676267 0.5970812
0.2781132 0.08525381 7.224902
0.1366453 0.1758806 0.9733695
0.3055339 1.350929 0.1773221
0.1450037 0.444856 0.0857593
0.123844 0.1133803 0.2041325
0.1708957 0.5072411 0.3537039
0.62417 0.06447201 0.5765492
0.07529266 0.04505718 0.3985396
0.09625684 0.853675 0.02489769
0.1884199 0.04923624 4.388058
0.1147415 0.6652626 0.6111035
0.2378598 0.05936436 0.7517331
0.07075426 0.4135405 0.5152143
0.2053881 0.5114418 33.93378
1.047427 1.34516 19.55904
0.4005915 0.211127 0.1964643
0.747738 0.0561306 21.3686
0.330248 0.133501 0.5666754
0.1322544 2.3134 9.274952
0.1088711 0.2248937 0.03975764
0.1462069 1.77192 8.79551
0.4281391 0.05826713 0.6147679
0.2436564 0.8468116 0.6568498
0.0445126 0.1928381 0.02120278
0.1225273 0.04988544 0.129262
0.1089502 0.8384945 0.2627625
0.1713472 0.5290561 0.3123799
0.9873744 7.926958 0.6400708
0.06666687 0.3888042 0.182909
0.1522198 1.085254 27539391
0.1506209 0.4856449 0.05723747
0.1728364 1.533144 0.2532479
0.1021287 0.03317017 1.357454
0.1149667 2.633237 536.3425
0.3108339 0.1106068 1.830904
0.1826155 0.1914883 0.3436948
0.09518911 0.2089194 3.547022
0.2571556 0.02652083 14.81668
0.4277531 1.488539 0.1877562
0.1158358 0.297529 0.07856463
0.1106922 0.1405475 8.589556
0.3002616 0.6693339 1.740072
0.7571903 1.473793 0.05620374
0.1563448 0.4453656 1.015417
0.6053977 1.263871 18.60197
0.3866102 0.7139111 0.2995639
0.04906594 0.7337447 0.07779806
0.5797405 2.02651 2.909782
0.4698393 0.0918857 0.111216
0.5259596 1.203401 3.04504
0.253144 0.1344211 0.3933156
0.09131443 0.5761107 0.2155279
0.2653719 1.080103 0.03875154
0.5144285 0.5165469 11.31709
0.2449336 0.2968983 7.202827
0.1610461 0.4625473 4.711455
0.8834995 1.085063 0.4673673
0.5666936 2.541792 9.887542
0.01668251 0.2453895 0.2190983
0.0887041 3.289103 0.4496391
0.08291447 1.402353 0.2384679
0.2887706 0.186263 101.2357
0.3201866 0.04822946 0.2076191
0.09569185 0.9889159 0.4642192
0.2654358 0.1707956 0.1832083
0.1702686 0.3212178 0.501296
0.5470542 0.3758106 26.73043
0.6144792 1.621311 0.9543475
0.4215843 0.4665373 21.0199
0.0648242 0.167898 27.07195
0.1644395 0.08314425 3.719311
0.438267 0.2799953 0.06706905
0.1480472 0.4101233 12.04085
0.1116565 3.57109 1.009505
0.1760849 0.1830047 15.81924
0.1144281 0.0424147 16.51185
0.05712074 0.09398159 1.068853
0.04561443 0.1991096 0.9743969
0.1094892 0.04715183 1.731116
0.1075517 1.742417 4.092348
0.1718145 0.1351228 309.8856
0.1124924 0.3246498 1.110943
0.3711852 1.150432 0.1939709
0.1598634 1.413076 0.2236187
0.01970257 0.486421 20.91628
0.0828877 0.1654263 2.110256
0.3417184 0.8608477 0.07581745
0.2681959 0.3296493 3.7487
0.08850327 0.3053385 0.06324733
0.08715703 0.4628783 0.4828631
0.04313652 0.2608378 0.8559283
0.09817676 0.3009163 21.34867
0.3080767 0.5126611 0.2954862
0.3665345 0.4515701 0.3339357
0.2298883 0.1117845 0.3417366
0.2326763 0.2652687 0.2589994
0.2437131 0.07651108 0.1089933
0.09036952 1.197832 3.411338
0.1060112 0.4002583 2.174684
0.06080634 0.7548173 11.64115
0.6516185 0.2642201 6.210871
0.1153513 0.1610519 0.1264428
0.5424609 0.1349697 1.831763
0.06437007 0.5132533 25.6222
0.2335703 0.1028992 6.816474
0.1407843 0.2090894 0.02555677
0.1981034 0.09723338 0.2408619
0.2168553 0.7970356 0.02450851
0.329044 0.60722 63.76972
0.0947961 12.74413 45051.81
0.429378 0.1405169 27.51422
0.06921082 0.1416997 22.8559
0.1690967 0.05452415 1.025889
0.228206 0.2033623 85.36927
0.2284455 0.5333524 1.834716
0.1140565 0.4526364 4.269934
0.2701928 1.045395 0.01780949
0.06727166 0.1009822 0.06064382
0.2207463 0.7764608 1.446707
0.06654175 0.1934533 1.625942
0.1292872 0.6267867 0.06011458
0.3367699 0.3197433 3.768105
0.8752062 0.4062526 0.1471177
0.3218102 2.552553 0.698073
0.3824548 0.5897431 0.0645809
0.1525926 0.1220334 1.395411
0.1644966 0.7543721 0.7454245
0.1824825 0.1107706 2.140921
0.1413392 0.2211424 0.09180343
0.2159208 0.1973036 0.1775194
0.6670841 0.251084 0.08227393
0.2154246 0.1084106 50.643
0.6474383 1.237138 0.08676153
0.6548777 0.7397182 7.87664
0.754484 0.940036 55.92544
0.181737 0.2440421 0.07352187
0.2198282 0.3830182 0.3739048
0.2453039 0.4509109 0.2016976
0.2278362 0.09108552 0.7310149
0.5112387 0.1528046 2.993767
0.05349829 1.116099 116.0987
0.289294 0.4875898 42.51132
0.1358222 0.05128966 59.95048
0.9510459 2.561582 12.64003
0.2768648 0.5974921 0.7681539
0.3123034 0.1277702 1.872602
0.1579862 0.2521238 122.9533
0.2944937 0.2648304 21.10138
0.1697264 0.1127794 1.977414
0.1424019 0.9217771 498.8264
0.168811 0.2040628 1.314067
0.114872 0.02357056 0.09506466
0.1987199 0.2098126 6.638928
0.4628508 0.9190389 0.01300308
0.04716385 0.2047175 0.06678667
0.1006918 1.099642 0.1456761
0.07172971 0.04808787 3.520956
0.2807376 0.0681054 0.07688184
0.3196402 4.532766 0.7325073
0.05398076 1.169606 0.6045818
0.1077558 0.9354193 7.409572
0.199379 0.1156989 28.87728
0.1464389 1.733978 0.4595814
0.3519657 0.7217794 0.1535464
0.1245384 0.774297 6.885827
0.09359306 0.2972623 3.131415
0.156956 0.8408042 0.1250566
0.6650703 0.02525594 4.678472
0.1921218 0.1608314 0.704531
0.3221948 0.5972095 100.703
0.2125875 0.5381092 16.42772
0.6256924 0.2135182 0.8071802
0.1145921 0.2810076 0.5951564
0.07914505 2.858712 0.6673478
0.15101 0.1685585 3.666045
0.1575627 0.03561201 10.903
1.225405 0.1332004 0.03761438
0.09539362 0.0507371 0.06023676
0.1357919 0.920593 0.6731686
0.2491978 0.1251207 0.02849901
0.1005549 0.6588462 0.564936
0.07527062 0.5408829 0.2444653
0.3709517 0.4701917 0.3094803
0.375874 0.1736853 3.459778
0.1826837 0.157981 0.1781048
0.2069119 0.4828761 24.34294
0.3313028 0.7185893 1.420277
0.06675126 0.9610064 0.2074838
0.127564 0.08828623 8.799841
0.2202527 0.7322421 8.202456
0.1346958 0.07076192 0.1488291
0.1115021 0.9614841 6.636729
0.7049243 0.18719 0.3427641
0.1470208 1.137112 7088.901
0.162399 0.2651375 248.7772
0.05526325 0.3930729 0.5563035
0.198051 0.2594661 15.06794
0.5624164 0.167995 0.383503
0.1971903 0.04773736 7.658723
0.1352429 1.284623 0.1994781
0.09515466 0.218691 38.53276
0.2849745 0.05326996 37.13863
0.07767792 0.06180431 3.286916
0.1349529 0.455328 25.691
0.07454366 0.6898899 2.922982
0.227411 0.07113674 16.86482
0.1390375 0.09389705 0.05301794
0.2207811 0.118104 7.35328
0.3984347 0.8605131 95.2931
0.03916803 0.03187225 179.2452
0.3535088 0.410544 0.2594752
0.4035245 5.495582 5038.982
0.3732526 0.024347 0.4185205
0.3511793 0.6722619 45.79217
0.07163389 3.04399 26.10556
0.1321005 1.316593 1.744921
0.2366961 0.4899476 0.8773156
0.1793042 0.1462629 1.155364
0.3693969 0.836691 0.5204005
0.1966581 0.03920843 0.4080187
0.3028918 3.329414 4.808832
0.2382794 0.2669815 13.2959
0.3592349 1.308269 0.02865346
0.4810078 0.2179707 4.114568
0.1728167 0.1530213 0.6022601
0.165582 1.021931 0.2141671
0.2200219 0.6563625 1.985137
0.438885 1.091075 14.34882
0.07456252 0.6289556 2.586199
0.2316481 0.3220914 0.2716489
0.1805854 0.873457 2.521427
0.137838 1.185084 0.3478629
0.1002441 0.5359747 1.315551
0.1534463 0.2679875 0.1787274
0.0607067 1.432252 3.316122
0.3746298 0.9924792 0.06733838
0.2566918 0.04411391 7.251027
0.1793776 0.04328791 0.2135648
0.0533975 1.021966 8.868906
0.1629785 0.2138784 3.879811
0.352502 2.495571 90.42951
0.4399701 0.2430124 2.200501
0.2904063 2.762317 5.09107
0.4077698 3.804506 0.1116365
0.1581271 0.04526244 0.07070965
0.9008789 0.0701626 0.04209854
0.4411425 0.05141383 2.094236
0.2851908 0.3586275 20123.18
0.1125788 0.2108602 3.763639
0.1538844 0.8374886 0.08510543
0.1662795 0.4286112 5.3834
0.06947598 0.1329109 0.2097678
0.2117596 1.216899 0.01925115
0.0742143 0.7689679 5.589205
0.1763296 0.1730893 0.0522967
0.2098033 0.2393851 0.09163686
0.2349016 0.1169564 0.6142504
0.1236893 1.108508 0.228539
0.1062259 0.02567493 0.3902285
0.2011032 6.694224 95.96471
0.3275402 0.7738764 1.015152
0.3433268 0.3272088 0.07975136
0.1893591 0.0774231 303.586
0.1044349 0.2003009 0.09338258
0.4251244 0.3377069 0.4075607
0.1810863 0.2777868 15.2571
0.400991 0.3552704 23.02265
0.2636523 0.07400145 2.918058
0.1065083 3.166373 0.8525474
0.1929351 0.5698233 0.2999647
0.4554034 0.2511639 30.47391
0.06463088 0.3835179 0.3174778
0.1427644 0.5998292 0.338587
0.1115249 0.3987383 0.3928812
0.1689468 0.6551637 0.5514034
0.07245518 0.240431 2.567781
0.2217224 1.072618 38.03036
0.1727589 0.07921246 0.5624092
0.4837342 0.409083 2.276247
0.4001923 0.3777557 0.03244578
0.08219305 0.481723 184.4198
0.2854543 0.8566078 0.4539616
0.04597376 0.1332316 0.04923777
0.08330109 0.02980609 0.2612215
0.2597304 0.09705356 14.5224
0.0856302 0.3842114 0.1978844
0.3164571 1.044871 6.401053
0.1362063 0.1727579 1.368012
0.4310107 0.1094295 8.065192
0.1624886 0.4696219 56.75969
0.2798928 0.3400541 1.379986
0.3101495 0.1143223 60.50702
0.2389565 0.4349568 7656.924
0.1183891 0.427314 55.80634
0.3684367 0.8017045 2.196832
0.1131392 1.049527 0.3189874
0.1412674 0.9640713 2.424587
0.04722234 0.4953574 0.2245054
0.1528858 0.1100216 25.37415
0.1877984 0.05143802 0.07868094
0.3847116 0.1087204 20.41887
0.3528105 0.7280607 0.0582894
0.3872981 1.394819 0.0563627
0.2292694 0.3615856 8.485826
0.3751384 0.0814117 30.49403
0.6774331 2.415337 0.08845334
0.2471533 1.082721 0.1726159
0.4307715 0.09275173 8.555323
0.1548088 0.9286154 0.4946609
0.3026115 3.458907 4.2191
0.1401299 0.6348549 0.1637217
0.188653 0.5653323 0.8715016
0.1601546 1.53527 0.0476335
0.2579562 1.328116 0.729794
0.2112972 1.353472 46.61489
0.08126207 0.3620683 0.123409
0.1230765 0.1304006 0.9649828
0.4250613 0.6301792 0.477683
0.106969 0.09321853 0.2964831
0.4479637 0.1807916 0.0593446
0.06591736 0.1197782 0.1951105
0.0833553 0.083855 26.61949
0.1810673 0.2143468 0.05671113
0.3773412 0.1250454 0.3709057
0.1957597 0.07160221 1.189134
0.4146533 0.07454902 3.328912
0.2986387 0.07005466 0.3558617
0.2478449 0.1492634 0.1060809
0.330703 0.2660796 0.09169724
0.1344154 0.2768054 0.02802716
0.0474997 0.1369386 0.5551153
0.1643853 0.6005469 0.9850319
0.1972545 0.2606079 0.137424
0.05166897 0.4535919 0.1933451
0.4488814 0.06048343 0.077144
0.0639068 0.1297926 1.99704
0.1465056 0.4575988 63.34014
0.1584328 1.73224 23.95484
0.09227091 0.8047317 0.8557434
0.07131445 0.1118488 0.1823353
0.1501818 0.01850403 6.483512
0.3535131 0.6861358 0.05567475
1.570481 0.07615719 0.05952893
0.4680342 0.2608733 20.94106
0.1869736 0.3126887 0.4239463
0.2530066 2.408022 1.11046
0.1122242 0.0636947 20.62167
0.119983 0.1250954 1227.722
0.1597699 2.021202 142.2388
0.1814225 0.2415718 0.0538279
0.1719623 1.172244 2.296054
0.2238355 0.07626794 204.3159
0.2378894 0.04340604 1.754822e+16
0.1195747 0.06926153 6.076485e+13
0.1894841 0.03889176 113.1616
0.1312429 0.3394676 5.161963
0.3741253 0.1150775 2.145711
0.4404368 2.859944 0.7303528
0.2527762 1.040071 0.175719
0.1179325 0.06152642 0.06583078
0.08860781 0.5841723 0.1566924
0.3773212 0.3906498 1.508945
0.0930811 0.3344944 0.2699168
0.2023489 0.246656 5.176411
0.1842959 0.1464088 0.2145277
0.1896722 0.2727705 2.862899
0.09201636 0.07732623 0.1806597
0.3319194 1.913391 4.243893
0.8822487 4.338284 0.1722312
0.0839774 0.2348301 11.05736
0.8852603 0.3833964 0.01297462
0.09140257 0.8867818 0.1261019
0.4162693 0.9162296 1.70496
0.09689998 1.114433 0.4182308
0.04938793 0.8812916 9.327579
0.334886 0.5089926 10.77373
0.2163963 0.1758865 7.045507
0.2378936 0.0456483 42.63737
0.1818401 0.6535522 48.13461
0.09260626 0.3154763 0.5664211
0.2735327 0.7283894 132.3391
0.3034573 0.1164897 0.8378514
0.4718209 0.5233096 73.87852
0.06468634 0.2090803 0.3191594
0.6551849 0.6071062 1.553025
0.4223503 0.08469971 0.4433331
0.2284899 1.23771 9.395889
0.1142906 0.07261894 0.4762398
0.04419058 0.3030703 13.40187
0.06649422 0.0238294 1.238223
0.06037018 0.1112038 50.52195
0.2568804 4.223488 16.53304
0.06078602 2.062346 2.411866
0.07758736 3.984485 2.237933
0.08753773 0.1307956 0.2115435
0.1103758 0.8821805 10.69117
0.09791536 0.1774728 6.927831
0.2485877 0.6604097 2.697614
0.05341175 0.2749653 1.965165
0.1397599 0.4740218 0.3812505
0.2815971 0.1234129 0.3874914
0.1781655 1.918445 2.201285
0.2239267 1.173027 33.26218
0.1732375 0.09436199 0.9183328
0.1315745 0.0587825 2.828419
0.2306066 0.3992709 3.345127
0.2299373 0.3671594 0.04583423
0.2801447 0.3327096 0.1442428
0.1391786 0.1811059 59.02966
0.09416513 0.066642 0.2490182
0.2539425 1.136001 1.065051
0.3691928 0.08526649 23.50349
0.06864544 0.458957 0.342173
0.150799 0.7165454 0.05550471
0.1828055 0.2123074 2.040816
0.2081189 0.2830787 1993059
0.03254019 0.07405593 1.155286
0.1829157 0.04489639 331.5179
0.2781665 0.6380836 0.02984935
0.1332901 0.2169378 0.1686248
0.2583524 0.1608222 46.44846
0.7460806 0.4215638 0.8049598
0.0498074 0.9426018 11.60606
0.7734907 1.72 0.6232306
0.1756116 0.09988918 0.04904159
0.1857999 1.705291 0.3745966
0.3268633 0.3241799 14.21446
0.2513507 0.1195929 0.120884
0.2956268 1.228087 6.851125
0.5524551 1.762798 420.3168
0.1636206 0.8618621 1.450545
0.4541909 0.4975742 0.8475122
0.4815225 1.052999 0.1607208
0.204989 0.6529555 0.4967031
0.1703662 0.3756934 0.1117002
0.1101644 0.9976523 0.3442518
0.1415157 0.1732684 36.93346
0.08113074 0.965034 0.02105446
0.0679801 0.6030407 2.724018
0.08451917 0.2099217 14.22333
0.1956889 0.3010512 0.0894883
0.1190019 0.2518804 0.1029991
0.2434859 1.506784 0.07037638
0.2917972 0.08528958 3.47446
0.3193117 0.9340682 0.3222218
0.2957302 1.99576 0.06562757
0.5257197 0.4044843 0.3837035
0.2962518 0.4241573 1.953036
0.1425363 0.4966812 0.6364473
0.1036438 0.2302584 0.6091361
0.5211159 0.3058662 1.689055
0.3233566 1.411041 0.7599559
0.2391839 0.1833117 7.729408
0.250133 1.693922 0.04659853
0.05164138 0.2950318 0.8530811
0.3188027 0.1178849 0.03278738
0.3683196 0.9970538 0.1088222
0.08106962 0.4766277 1.725931
0.0839157 0.2195215 0.771496
0.4000792 0.05512629 0.1175709
0.2857359 0.113978 72267319
0.08560515 0.6674813 1.985714
0.1587405 0.5812323 0.4536757
0.09648701 0.3914699 0.08683299
0.1677428 0.07618241 0.4971594
0.02877358 1.709249 0.3966395
0.07022319 0.2675784 2.31855
0.4292043 0.1802805 0.1687865
0.06974725 0.03271315 1.24712
0.5637651 0.3456884 1.237614
0.0887559 0.4738946 5.266803
0.1076008 0.7151431 0.1075871
0.07238571 0.2696414 0.151117
0.06591169 0.2512886 2.984942
0.2418864 0.05923099 2.166277
0.2975258 0.1186302 6.124772
0.5802062 0.1219787 0.8223968
0.1479741 0.9700741 2.30437
0.05617936 0.1344994 6.704807
0.2368521 0.3094046 14.2008
0.4831097 1.594769 0.1105398
0.1440465 0.01797066 5.578666
0.4547978 1.471986 1.193965
0.2576442 0.2310561 1.90388
0.1348706 0.05068995 59.632
0.120257 0.1921151 0.07625954
0.1476532 0.5185759 0.333368
0.2442793 0.0456984 7.324832
0.2726272 0.02602109 0.4707961
0.1907317 0.03578947 0.2253981
0.2960137 0.0430087 7.451768
0.1488926 0.1245318 5.55965
0.4468796 0.1078929 125.7887
