u.bar t.bar 
1.145843 1.163052 
0.9473218 0.8741812 
1.024802 0.881546 
1.053689 0.9046989 
1.102879 0.9494411 
1.060536 1.09393 
1.069477 1.19122 
1.050952 1.222432 
0.9656178 1.393161 
0.8903688 1.667223 
0.9093053 1.674139 
0.9369162 1.499939 
1.040424 1.271512 
1.069943 1.170652 
0.9436569 1.262536 
0.9515802 1.364683 
0.8855812 1.393706 
0.8475999 1.556979 
1.043088 1.432983 
1.036584 1.148245 
0.9459778 1.358072 
1.048907 1.766365 
1.059576 1.367867 
0.9933957 1.341574 
1.00705 1.14347 
0.9212555 1.003336 
0.9302831 1.465213 
1.016462 1.044344 
0.9939646 1.302304 
1.18224 1.40589 
1.093037 1.012369 
1.021852 1.034184 
0.911721 1.113137 
1.000987 1.102247 
0.9590831 0.99208 
1.040131 1.066647 
0.9926362 1.104446 
0.9039113 1.244003 
0.913408 1.097423 
1.088302 1.032419 
1.121073 1.028545 
1.012407 0.9645333 
1.068818 0.9656039 
1.131217 1.335984 
0.9053417 1.570093 
0.8976755 1.368336 
0.9220639 1.581484 
1.033147 1.506177 
0.9399253 1.166299 
0.9255044 1.201919 
0.9656464 1.351611 
1.240529 0.9414461 
0.9881458 0.9572689 
1.109553 0.9072546 
1.02691 1.021809 
1.128223 1.047665 
0.9783656 0.9410502 
0.9870111 1.05232 
0.9693307 1.035193 
1.086962 0.9647651 
0.9730434 1.007939 
0.9649759 0.9872197 
0.9860122 0.8865339 
0.9403995 0.9127199 
1.076418 0.854881 
0.9483726 1.085049 
0.9889333 1.033471 
0.9611641 1.106939 
1.02483 0.9969513 
1.009279 1.097208 
1.087289 1.211905 
1.024185 1.132753 
1.095142 1.114542 
0.9817076 1.143398 
1.106402 0.9702841 
0.885457 1.07793 
0.9880111 1.004944 
1.134134 0.975869 
1.025249 1.209638 
1.044466 1.798221 
0.9915839 1.380713 
1.064162 1.238048 
1.221783 1.069123 
1.013461 1.171271 
1.022113 1.155148 
0.9170921 1.232411 
0.946196 1.182163 
0.9927843 1.250436 
1.006128 1.386642 
1.114697 1.169856 
1.022883 1.250598 
1.076618 1.235625 
1.050044 1.093568 
1.111167 1.04732 
1.006908 1.357849 
0.9419643 1.08825 
0.9628099 1.03875 
1.147184 1.145514 
0.9712255 1.45124 
0.9699864 1.406851 
1.137732 1.248048 
1.055237 1.08595 
0.9310753 1.421287 
0.9462356 1.245372 
0.9644599 1.242345 
0.8434047 1.462066 
0.9970886 1.305533 
0.8655301 1.375376 
1.006648 1.297049 
1.088293 1.457573 
1.060185 1.816503 
1.006601 1.477027 
0.9055368 1.358488 
0.8626408 1.235109 
0.9323878 1.371587 
1.002284 1.009738 
0.885015 1.259973 
1.122575 1.311506 
0.9917044 1.290765 
0.9675684 1.118235 
0.848918 1.188126 
1.017051 1.176456 
0.9856236 1.184397 
1.032519 1.188776 
0.9387886 1.182503 
0.9218677 1.212228 
1.03647 0.9544816 
1.046866 1.006781 
0.980613 1.270161 
1.009528 1.202608 
0.8667514 1.282777 
1.074835 1.03613 
0.9088788 1.094911 
1.051783 1.083604 
0.8813964 1.091224 
0.9562109 0.9143169 
1.015332 0.9711113 
1.105212 1.052018 
0.976226 1.26972 
1.075634 1.277895 
0.892117 1.457786 
1.037192 1.357855 
0.9778101 1.259372 
0.9379261 1.164093 
0.9766848 1.072324 
0.9598343 1.106739 
1.10496 1.011113 
1.126966 0.9557514 
0.9611078 1.031159 
0.9516315 1.179524 
1.141736 1.357271 
0.9950864 1.322027 
0.9109461 1.341724 
0.9411061 1.087978 
1.044246 1.078953 
0.9831189 1.168274 
1.023532 1.28922 
1.020653 1.136528 
0.9891487 1.046127 
0.9609437 1.295104 
1.099423 1.057932 
1.125809 1.072874 
0.9236333 1.364863 
0.8103118 1.381559 
1.045692 1.328286 
0.9812287 1.365359 
0.8823296 1.354714 
0.9976169 1.133593 
0.9744474 1.069186 
1.052041 1.267601 
0.9834576 1.212976 
1.081731 1.464618 
1.063065 1.445051 
0.9173548 1.07222 
0.9583199 1.077543 
1.120613 1.070932 
0.976675 1.030488 
0.9667193 1.12164 
1.102356 1.1762 
0.9957073 1.126889 
0.9073916 1.331186 
1.143102 1.335311 
0.9586339 1.329347 
0.9899187 1.223568 
0.9823811 1.421744 
0.9123301 1.920111 
1.005006 1.179357 
0.8430153 1.470869 
0.8384099 1.608383 
1.116233 1.293931 
0.9969004 1.329063 
0.9906067 1.449096 
1.033767 1.269852 
0.932665 1.158111 
1.171064 1.165345 
0.9777115 1.152878 
1.039537 1.198976 
0.9921299 1.131624 
1.137944 1.164049 
1.063353 1.139743 
1.07512 1.060582 
1.023262 1.15448 
1.087627 1.118654 
1.079208 1.137176 
1.041337 1.395286 
1.028747 1.111603 
0.9101383 1.130708 
1.000212 1.050766 
0.9968324 1.102593 
0.7733746 1.428611 
1.158741 1.238423 
1.017444 1.168096 
0.9837306 1.169764 
0.9856538 1.208317 
1.029134 1.218005 
1.004678 1.173329 
0.9154648 1.21084 
1.026269 1.262014 
1.025729 1.162341 
1.113651 1.179204 
1.121802 1.098916 
1.081123 1.026621 
0.8981801 1.422239 
1.23426 1.337502 
0.9412338 1.374233 
0.9760763 1.218151 
1.223573 1.350228 
1.051876 1.186608 
0.9835112 1.101044 
0.8311007 1.291307 
0.8181604 1.589766 
1.109772 1.557417 
1.107098 1.450912 
0.9884864 1.225918 
1.274344 1.245891 
1.120867 1.302465 
1.050956 1.304815 
1.1052 1.084175 
0.9226614 0.9437494 
1.00086 1.053902 
0.9622862 1.191195 
1.301122 1.304158 
0.9870651 1.303653 
1.044278 1.277357 
0.9814633 1.112178 
1.179899 1.037463 
1.015618 0.8866278 
1.115055 0.8805852 
0.9545048 1.207604 
0.8831762 1.436841 
0.9707667 1.281019 
0.9841695 1.282761 
1.012324 1.446131 
0.9757758 1.110777 
0.9820348 1.326861 
0.9245136 1.196791 
0.862875 1.499499 
0.9552136 1.155332 
0.9979576 1.218538 
0.9776947 1.235503 
0.937173 1.388203 
0.8369241 1.394933 
0.9512289 1.565034 
0.8991639 1.266435 
1.045399 1.31925 
0.9057846 1.351015 
0.9907816 1.357558 
1.057257 1.238154 
0.9180635 1.220997 
1.139279 1.057201 
0.9771738 1.039831 
1.039374 1.032792 
1.110833 0.9258173 
0.9844439 0.9773675 
1.030011 1.040302 
0.9732116 0.9316101 
1.05363 0.8747362 
1.004829 1.32877 
0.9601554 1.243679 
1.143275 1.390486 
1.031521 1.057753 
1.074496 1.200115 
1.054529 1.23995 
0.9242694 1.098797 
1.039313 1.07974 
1.049281 1.17152 
1.040296 1.225642 
1.068366 1.098903 
1.044488 1.081244 
1.033515 1.121632 
0.82465 1.190352 
1.050891 1.098348 
0.8659849 1.275804 
1.04989 1.139215 
1.067663 1.153494 
1.080938 1.122068 
1.077672 1.016905 
0.8233228 1.120509 
1.070871 1.436446 
1.008638 1.404175 
1.062933 1.784575 
1.073481 1.348678 
1.009782 1.372378 
1.065802 1.206597 
1.028351 1.224814 
1.077368 1.207576 
1.111139 1.166807 
0.8813098 1.328814 
1.026473 1.138927 
0.9775092 1.381003 
1.071863 1.006555 
1.013955 0.997782 
0.960281 1.093058 
1.003376 1.282684 
0.9953905 1.109169 
1.034605 1.19895 
0.8621585 1.339456 
1.057726 1.17159 
0.8730932 1.129751 
1.128318 1.044413 
1.20167 1.162591 
1.193224 1.039308 
1.010151 1.023228 
0.8624762 1.090309 
1.075029 1.148398 
1.099257 1.082916 
1.050986 1.168923 
1.071345 1.216596 
0.9661274 1.069149 
1.222388 1.106586 
0.9962364 1.104663 
0.882615 1.586732 
1.085556 1.247206 
1.004484 1.347263 
0.9214713 1.324562 
1.005806 1.307663 
1.062898 1.164924 
0.9126712 1.333398 
0.9186355 1.695523 
0.9929468 1.790941 
1.022643 1.421217 
0.9917579 1.286305 
0.8996723 1.155482 
0.9473436 1.022313 
1.109922 1.115134 
1.096636 1.023287 
1.134762 1.034294 
1.066664 1.103918 
0.9582408 1.280286 
0.9731288 1.272565 
0.9927014 1.187254 
0.9140992 0.894573 
1.201977 1.106733 
0.9324695 1.086691 
0.9913129 1.321494 
0.9722555 1.319058 
0.9817928 1.568556 
1.077025 1.491791 
0.9499564 1.269211 
1.045593 1.251893 
0.9612154 1.258199 
0.8539655 1.449673 
1.148317 1.299719 
0.944454 1.262492 
1.129114 1.118082 
1.164345 1.119163 
0.9663054 1.22447 
0.9229687 1.219297 
1.091228 1.326047 
1.004959 1.11244 
0.9994259 1.229977 
1.011098 0.8920126 
1.146829 1.133612 
0.9662616 1.108218 
0.9449654 1.170314 
0.836584 1.028001 
1.075636 0.9996448 
1.090239 0.9989429 
0.9247279 1.030366 
0.9592467 1.032501 
1.138114 1.205657 
0.9949422 1.078866 
1.075357 0.9860633 
1.087329 1.028811 
1.073442 1.026904 
0.8732281 1.315325 
1.063606 1.024482 
1.036201 0.9515244 
1.111779 0.9022012 
0.9662701 1.033229 
0.927464 1.209489 
0.9652257 1.234728 
0.9747269 1.44651 
0.8267576 1.421274 
0.9143187 1.264684 
1.067184 1.228262 
1.041641 1.185009 
1.032507 1.006068 
0.9894031 1.173533 
0.86127 1.193146 
0.9946282 1.303954 
1.026796 1.184016 
1.019269 1.194036 
0.9249187 1.495579 
1.188769 1.219086 
0.9458114 1.218838 
1.145584 1.181701 
1.103305 1.092764 
1.017995 0.9895643 
0.9680659 0.97683 
0.9767503 1.071302 
1.250136 1.094454 
1.04538 0.9558724 
1.00411 0.9897573 
1.056998 0.9123608 
0.961887 0.905238 
1.014681 1.036608 
1.104103 1.063116 
1.165915 1.144722 
0.9154395 1.174512 
1.025532 1.037642 
0.9490609 0.9547218 
1.105036 0.9383069 
1.007259 1.069242 
0.9776542 1.08478 
0.9839238 1.316174 
1.068551 1.192841 
0.8405489 1.135419 
0.9105186 1.148243 
0.9850837 1.121668 
0.9741229 1.240373 
1.120806 1.170893 
1.041031 1.140723 
0.9265094 1.303803 
0.9710489 1.090764 
1.043953 1.20254 
1.02717 1.277 
0.890192 1.108717 
0.9312084 1.068697 
1.013624 0.945512 
0.9886901 0.9418453 
0.9988602 0.8593951 
1.07425 1.123835 
1.149354 1.152888 
0.7667245 1.467761 
0.8856163 1.511461 
1.104304 1.296885 
1.048752 1.074991 
0.9469107 1.177593 
1.008049 1.086582 
1.092379 1.411651 
0.8665828 1.743687 
0.9816431 1.31847 
0.9189418 1.239512 
0.8927504 1.485739 
1.115944 1.19056 
0.8973088 1.297963 
1.129525 1.036147 
1.035838 0.9905296 
1.046146 0.8685234 
1.02705 1.097134 
0.8963921 1.38818 
0.913074 1.185913 
1.127712 1.361215 
0.9426966 1.077983 
0.9470437 1.274772 
0.9828762 1.376948 
0.9504659 1.259523 
1.001961 1.146214 
1.084634 1.289636 
1.010077 1.299905 
1.005379 1.421323 
0.911528 1.158455 
1.10199 1.097802 
0.9880313 1.036174 
1.04676 1.057479 
0.7961848 1.074769 
1.053264 1.012811 
1.038259 1.069924 
0.9975816 1.05307 
1.069545 1.065562 
1.037557 0.9980545 
0.9798673 1.082728 
0.9593585 0.9824979 
1.07887 1.156885 
0.9505689 1.066516 
1.006159 1.039638 
1.191269 1.083313 
1.18232 1.029894 
0.9875598 1.103177 
0.9936214 1.380362 
0.9812031 1.097791 
1.143696 1.137125 
1.060086 1.005444 
1.058809 1.171616 
0.9714376 1.043606 
0.9567962 0.9424004 
0.9648651 1.246256 
0.9158766 1.143473 
0.9682553 1.193424 
0.9925541 1.14949 
0.9997042 1.179614 
1.047981 1.013746 
1.12539 1.274078 
0.8948393 1.331165 
0.9942798 1.325638 
1.080713 1.220339 
0.9313986 1.187452 
1.053944 1.320048 
1.23063 1.053642 
0.9633261 1.092426 
1.020505 1.018479 
1.059789 0.9626624 
1.14403 0.9970233 
1.001265 1.100058 
1.058753 1.080835 
1.027455 1.241032 
1.007547 1.095849 
1.080403 1.444194 
1.022951 1.318033 
0.9077633 1.381236 
1.001117 1.504976 
0.926264 1.39499 
0.9719912 1.375114 
1.032924 1.435708 
0.9382548 1.524961 
0.7964328 1.386122 
0.8116114 1.274914 
1.056446 1.213513 
1.050749 1.075364 
0.9140407 1.207972 
1.195882 1.197761 
0.9045951 1.333463 
1.019172 1.279929 
1.095663 1.505303 
0.9905882 1.584455 
0.9232685 1.320815 
0.8117232 1.390451 
1.135795 1.096539 
0.9838687 1.122679 
0.9080012 1.090527 
1.095014 1.208523 
0.9642428 1.332361 
0.8302701 1.706957 
0.9661556 1.393097 
0.9878445 1.413062 
0.9776132 1.074863 
1.03145 0.9951995 
1.028715 0.9501607 
0.9774978 1.061587 
0.9692846 1.16659 
0.9309371 1.206037 
1.003897 1.098024 
1.003471 0.9236351 
1.010379 1.251773 
0.9730905 1.295001 
1.045693 1.361226 
0.8501871 1.512699 
1.145241 1.479424 
0.6998195 1.422728 
0.880639 1.556296 
0.9518723 1.589723 
0.9444145 1.674698 
0.8246372 1.695028 
0.9600647 1.161328 
0.9714919 1.274041 
0.9118728 1.263666 
0.9499779 1.16254 
1.203699 1.069109 
1.033967 1.166218 
0.9484038 1.128668 
0.9220923 1.303683 
0.8025143 2.349391 
0.9909331 1.275432 
0.9403918 1.365462 
1.034414 1.251745 
1.004212 1.214175 
0.9640578 0.9834921 
1.000802 1.031016 
0.8934114 0.9769399 
1.098501 0.9406376 
1.020781 0.843081 
1.015467 1.138131 
1.015208 1.022305 
0.9225276 1.068136 
0.9307704 1.018518 
0.965468 1.0329 
0.915178 1.061084 
0.7671669 1.320632 
0.9538766 1.270758 
0.9618313 1.261427 
1.071267 1.16939 
0.9164293 1.249813 
0.947821 1.116573 
0.9608251 1.029037 
1.015907 1.068598 
1.075955 1.098992 
1.088662 1.078159 
1.082587 0.987124 
1.071794 1.029076 
0.952037 1.069862 
1.127987 1.051357 
1.238164 1.012493 
1.023917 0.9563265 
1.068763 1.492398 
0.8946736 1.300684 
1.083246 1.181629 
1.105883 1.106759 
1.124088 1.176277 
1.009417 0.9985721 
1.018017 1.031028 
1.03129 1.139839 
0.8345592 1.239448 
1.124966 1.079831 
0.9668371 1.079748 
1.014104 1.100994 
0.8867251 1.227 
1.111 1.087001 
1.010828 1.138135 
1.013458 1.237722 
1.015345 1.290442 
0.948103 1.283447 
0.9331137 0.9974266 
1.050692 0.8140464 
0.9989808 0.9378281 
1.135114 0.9283425 
1.004395 0.9507269 
1.046752 0.8734125 
0.9482812 0.8846 
1.056832 0.9038854 
1.020932 1.030219 
1.029787 1.063061 
1.121138 1.163262 
0.9295341 1.332668 
1.098507 1.184598 
1.004893 1.132899 
0.9768566 1.215903 
0.95104 1.280594 
1.053064 1.252576 
0.7374506 1.825397 
1.088583 1.518713 
0.9311298 1.167817 
0.9854447 1.133024 
0.9915135 1.188834 
1.086098 1.004681 
1.188976 1.211915 
1.034172 1.095272 
1.150676 1.175077 
1.134249 1.245328 
0.9618793 1.253183 
0.8380459 1.644668 
0.8913384 1.552465 
1.116297 1.602269 
0.9345745 1.615797 
1.024348 1.267721 
0.9553271 1.536821 
0.9075202 1.939347 
0.9614909 1.617473 
0.9892237 1.410791 
1.013738 1.462536 
1.183038 2.116288 
0.7443163 1.848605 
0.9520045 2.32896 
1.050447 1.904044 
0.8456032 1.639335 
0.8391736 1.376547 
1.136853 1.274595 
0.9663046 1.160609 
0.884854 1.555299 
1.221325 1.248364 
0.9924127 1.509984 
0.9520326 1.282549 
0.9034851 1.178444 
0.9616982 1.153542 
1.026319 1.172085 
1.045845 1.125428 
1.138921 1.178262 
0.8814874 1.180239 
1.001263 1.16901 
0.9613571 1.271407 
0.7975343 1.443637 
0.9228594 1.534127 
1.020513 1.19801 
1.12078 1.162279 
1.090707 1.116197 
0.9396245 1.136067 
1.030291 1.110069 
1.106846 1.286236 
0.8379113 1.442864 
0.9846956 1.14163 
0.9224863 1.350831 
0.9963586 1.435234 
0.9020098 1.444364 
0.7332891 1.669147 
1.084379 1.511545 
1.023293 1.277162 
1.126745 1.247725 
1.086897 1.186328 
0.9632598 1.300549 
1.002334 1.323592 
1.034261 1.349047 
0.8905562 1.041064 
0.9585961 1.090279 
1.084884 1.254152 
1.025083 1.666552 
0.9494745 1.356771 
0.8880919 1.125798 
1.15708 1.102891 
1.07965 1.152251 
1.083221 1.164352 
0.9795793 1.453369 
0.92465 1.191728 
0.9899172 1.399269 
0.9264113 1.47056 
0.9683299 1.63548 
1.040766 1.569983 
0.8921375 1.632787 
0.8233301 1.665438 
1.045668 1.91498 
0.88262 1.598928 
1.008815 1.405702 
0.9617554 1.250686 
1.022837 1.057997 
0.9252289 1.185589 
1.147174 0.9973062 
1.166169 0.9216757 
0.9354282 0.9677643 
1.019096 0.8796815 
0.9502932 0.936728 
0.9186156 1.012625 
1.079849 1.102052 
1.02848 1.241348 
1.15181 1.297928 
0.9668835 1.47819 
0.9632077 1.141268 
0.9997858 1.103295 
1.028717 1.07188 
0.9508844 1.038746 
1.184409 0.9587789 
0.996057 0.9199122 
1.084072 0.9847445 
1.048226 1.173309 
0.9083585 1.182261 
0.9905196 1.085867 
0.9640263 1.013152 
1.109796 0.8387422 
1.182015 0.836838 
1.021095 0.8468193 
1.001767 0.8635647 
1.020846 1.035508 
0.9536175 1.051894 
0.8800324 1.384627 
1.144701 1.265792 
1.043267 1.373315 
0.9975055 1.239868 
1.051334 1.207262 
0.9811591 1.164148 
1.012328 1.105668 
1.085214 1.288597 
1.152343 1.729647 
0.9662228 1.584195 
1.020224 1.206221 
1.011852 1.097042 
0.9844322 1.090623 
1.141756 0.9957145 
0.8018422 1.024669 
1.087717 1.324001 
0.9955874 1.348982 
1.20233 1.059783 
0.9562143 1.11051 
0.8923866 1.03696 
1.156906 0.8933931 
1.065632 0.9576247 
1.093545 1.105855 
0.936931 1.069039 
1.099857 1.08888 
1.040284 1.587995 
0.9911494 1.128205 
1.016954 1.024333 
0.9981711 1.099077 
0.8762602 1.270786 
1.025256 1.23664 
1.036108 1.401346 
0.9491902 1.230824 
0.8406174 1.398556 
1.098752 1.093434 
0.9971676 1.276081 
0.8638495 1.409524 
0.9502253 1.324409 
0.9337299 1.316862 
1.065467 1.315204 
1.021935 1.198409 
0.8953646 1.694031 
0.8667513 1.872584 
0.8531471 1.459372 
1.015435 1.489606 
0.9452941 2.483196 
0.8539778 1.667908 
0.903634 1.590073 
1.104047 2.095814 
0.8334921 1.982809 
1.043798 1.576817 
0.9665724 1.35119 
0.872435 1.446436 
0.927296 1.466506 
0.9811402 1.466604 
0.9180368 1.686486 
0.9541105 1.39353 
0.9284961 1.298028 
0.9147887 1.105272 
0.8428402 1.337052 
0.9953242 1.349813 
1.055535 1.170036 
0.8757596 1.259301 
1.086129 1.445103 
0.9826148 1.38108 
1.089121 1.324337 
0.9846222 1.128478 
0.9492558 1.458303 
0.9356563 1.28575 
1.001286 1.396044 
1.08463 1.460563 
1.121252 1.878198 
0.9967119 1.609766 
0.8206434 1.593809 
1.203623 1.587078 
0.8713892 1.54269 
1.131611 1.263258 
0.96311 1.239905 
1.143286 0.9308999 
1.176942 0.9337623 
1.034975 1.014311 
1.064508 1.089403 
0.9980822 0.9994017 
1.00771 0.9422082 
0.9854006 0.9299799 
1.064081 1.11961 
1.003725 1.184102 
0.8898434 1.008724 
1.000388 1.114265 
1.071178 1.021132 
1.002273 1.040374 
1.022256 1.140522 
0.9541203 1.158026 
1.027321 1.259689 
1.097733 1.155125 
1.01231 1.070829 
1.035132 1.156338 
1.143117 0.9578683 
0.9875227 1.02963 
1.094727 1.054246 
1.06695 0.9490683 
0.9276519 1.06393 
1.059713 0.9276769 
0.9653754 0.9740314 
0.9725932 1.259437 
1.084609 1.149073 
1.004032 1.238329 
1.029421 1.016012 
0.9751969 1.062056 
0.8354269 1.499298 
0.80869 1.368262 
1.060597 1.34924 
1.08456 1.111478 
1.016261 1.135252 
0.9555258 1.190619 
1.038109 1.070352 
1.058964 1.048455 
1.070417 1.024481 
0.981741 1.422416 
1.082592 1.098813 
0.9909311 1.101719 
1.057216 0.9546801 
0.9071026 1.114964 
1.071947 1.105221 
1.016245 1.165114 
1.014299 1.030264 
0.9478546 1.222269 
1.063082 1.092182 
1.067122 1.103268 
0.9784955 1.09352 
1.073822 1.110047 
1.178907 0.9388066 
1.041668 0.9282927 
1.129042 0.85865 
0.9222447 0.9159787 
0.8955559 1.123795 
0.9854933 0.947893 
0.98782 1.143829 
1.028957 1.14005 
0.9735802 0.9734817 
1.151019 0.9179972 
1.054814 0.9342822 
1.153111 0.971737 
0.9402114 1.141733 
1.002996 1.377686 
0.9122893 1.226627 
0.9349515 1.386074 
0.8762454 1.538449 
1.203596 1.219212 
1.089198 1.077611 
1.080387 1.321233 
0.8885545 1.082219 
0.9669779 1.060589 
1.041456 1.040502 
1.130582 1.067954 
1.058399 1.159953 
1.081367 0.9276477 
0.9452251 1.249657 
0.9665406 1.214506 
1.078472 1.110396 
1.063383 1.035945 
0.9830531 1.143365 
1.044975 0.9027667 
1.106284 0.949387 
1.08115 0.8992165 
0.9491522 1.101946 
1.1436 1.378375 
0.9688702 1.022786 
1.133205 0.8997455 
0.9552147 1.077867 
1.112983 0.9110671 
1.101125 0.8988323 
1.12607 0.8961573 
0.9932546 1.120717 
1.130852 0.9790115 
0.9328758 1.1721 
1.167084 1.289095 
0.9669247 1.166111 
0.9404801 1.066288 
1.207349 0.8673578 
0.9228792 0.9098014 
1.064225 0.7614735 
1.103731 0.8852818 
1.108881 0.8356809 
1.026942 0.8156935 
1.013838 0.806977 
1.000637 0.8593446 
1.055628 0.8383707 
1.152904 0.8825162 
1.007052 1.101343 
0.9667612 1.03007 
1.06192 1.134013 
0.9487624 1.03402 
1.084822 1.067287 
1.128494 1.075389 
1.107252 1.055443 
1.010279 1.143345 
0.931985 0.9556866 
0.9644706 0.9432728 
1.060683 0.9662906 
1.147469 1.008784 
1.068666 0.8100484 
0.9798481 1.05142 
1.122746 0.9830064 
0.9863765 0.9218972 
1.191127 0.8892525 
1.105404 0.8605897 
0.9368637 0.9217242 
0.9937788 1.055767 
0.8940518 1.216633 
0.9758334 1.294032 
1.060364 1.224746 
1.009896 1.094941 
1.086747 1.072389 
1.045063 1.110119 
0.9125488 1.332934 
1.230602 1.065042 
1.028582 1.38867 
1.122246 1.6396 
0.9243988 1.455038 
0.8377742 1.828591 
0.9555859 1.540051 
1.037528 1.383161 
1.229106 1.425325 
0.9608795 1.50177 
0.8485075 1.370859 
0.9094712 1.426124 
0.9431644 1.309146 
1.139826 1.136647 
0.9186422 1.268696 
1.000819 1.208078 
1.135792 1.048881 
0.93803 1.019908 
1.027423 0.8880711 
1.116434 1.070481 
0.8835159 1.188884 
0.8950004 1.17567 
1.17043 1.028733 
0.8714667 1.281158 
0.9995428 1.245214 
1.006145 1.147424 
1.026899 0.9525212 
1.053363 1.109273 
1.188027 0.9545866 
1.071982 1.000825 
1.014596 1.051737 
0.954301 1.215015 
1.013877 1.186854 
0.9113653 1.125231 
0.9509246 1.085321 
0.9057911 1.437233 
1.052765 1.162852 
1.021737 1.103732 
1.006577 1.053181 
0.9827314 0.9829137 
0.9094449 1.01196 
1.087632 0.9989039 
1.055762 1.151018 
0.9876769 1.164213 
1.113966 0.9041624 
0.8818151 1.089238 
0.9643693 1.076461 
0.9701157 1.089602 
0.9644899 1.008097 
1.130948 0.9773139 
0.9727133 1.175093 
1.066043 0.8743085 
1.043518 1.213939 
1.060609 1.014482 
0.9550533 1.368376 
0.9594499 1.244085 
1.013796 1.178875 
0.9962294 1.097846 
1.008957 1.459639 
0.8951819 1.594256 
0.934209 1.607274 
0.9656334 1.420954 
0.8279245 1.615171 
1.032546 1.254419 
1.151042 1.25066 
1.041395 1.354572 
0.8997871 1.346353 
0.9387401 1.108891 
1.063253 1.258504 
1.070885 1.023857 
0.9826357 1.157559 
0.9863113 1.097219 
0.99612 1.358628 
1.005751 1.97361 
0.9161019 1.603648 
1.1335 1.418922 
0.9347017 1.583647 
1.05342 1.534933 
1.029915 1.294441 
0.9088035 1.202687 
0.9565617 1.120785 
0.991211 1.073783 
1.328796 1.112977 
1.001372 1.107636 
0.9818122 1.352925 
0.9040754 1.316646 
1.08675 1.330121 
1.095497 1.073817 
0.9981848 1.067544 
0.9963622 1.160019 
1.020496 1.419283 
0.9667245 1.378696 
1.030387 1.263269 
1.126185 1.366633 
0.9925981 1.974946 
1.010664 1.789591 
0.88519 1.853839 
0.9794415 1.546175 
1.058606 1.481674 
0.9652555 1.593004 
0.8004304 1.79322 
1.035601 2.43525 
0.6890537 1.953344 
0.9449146 1.728417 
1.155549 1.535734 
1.031805 1.498774 
1.034999 1.530902 
0.9482297 1.770047 
1.00268 1.36559 
0.7867578 1.431526 
0.941811 1.361948 
1.119124 1.123489 
1.053041 1.083042 
0.8941977 0.9702396 
1.103088 1.056393 
0.9763607 0.927064 
1.03996 0.9815493 
1.292454 0.9426648 
1.104408 0.9535453 
0.9892415 0.9716977 
0.8889325 1.168522 
1.131983 0.8826774 
1.039946 1.079924 
1.154695 1.209328 
1.006586 1.460394 
1.060894 1.35864 
0.9640528 1.341692 
0.8819563 1.346786 
0.9397586 1.033665 
1.214562 0.9737282 
1.068166 1.149889 
1.069288 1.076816 
0.9438697 1.089025 
0.9820429 0.9872678 
1.100065 1.077273 
0.9415158 1.110668 
0.9614631 1.357831 
0.9883237 1.382671 
0.8415198 1.319584 
1.021344 1.16956 
0.8518903 1.420411 
1.006281 1.126559 
1.063714 0.9612046 
0.9898613 0.9572058 
0.993415 1.040427 
1.022049 1.055667 
0.9422467 1.118265 
1.088412 1.078413 
1.001955 1.015241 
1.117098 1.104346 
0.9981178 1.461167 
1.019958 1.358385 
1.070463 1.116208 
1.124759 0.9897908 
1.048027 0.936413 
1.080154 1.003449 
0.9244503 0.9473896 
1.140219 1.013898 
0.9917403 1.437506 
1.056132 1.543204 
0.9266212 1.306166 
0.9115896 0.9759386 
1.053513 1.093595 
0.8755105 1.272667 
1.06866 1.16746 
0.8038585 1.276029 
1.036257 1.053216 
0.9018521 1.303154 
1.004527 1.134087 
1.034655 0.9936447 
1.064704 1.273728 
1.118446 1.134899 
1.047181 0.9600091 
1.006175 0.8892647 
1.014694 1.175245 
1.026226 1.194336 
1.037829 1.199215 
1.119561 1.287431 
1.014488 1.116184 
1.013638 1.073186 
1.042517 0.9958602 
1.124699 0.8295436 
1.034854 1.007744 
0.9832775 1.206251 
0.9487401 1.18256 
0.9964458 1.049029 
1.09269 1.080434 
0.9992709 1.07378 
1.045573 1.19635 
0.9240591 1.137879 
0.985535 1.325846 
1.035541 1.412799 
0.8641901 1.398682 
1.114408 1.277959 
1.123798 1.452043 
0.8182825 1.739701 
1.030138 1.916431 
0.8917135 1.695988 
1.061727 1.479193 
0.7940147 1.69759 
1.027249 1.344228 
1.077299 1.504595 
0.9695245 1.28482 
0.8433384 1.37947 
0.7689571 1.441673 
1.037292 1.354851 
0.9199726 1.266625 
1.219987 1.259222 
1.022596 1.600009 
1.010818 1.753243 
1.025802 1.682913 
0.9902907 1.846591 
0.951795 1.770307 
1.059972 1.524699 
0.9812628 1.117512 
0.9689356 1.168106 
1.064716 1.559431 
1.127885 1.45077 
0.9367473 1.433654 
1.173365 1.3139 
0.9761255 1.48366 
1.02317 1.333743 
1.00459 1.306556 
1.086312 1.236245 
0.9565747 1.003194 
1.069522 1.20407 
1.01311 1.009964 
0.9566254 1.093155 
1.045781 1.100546 
0.8905661 1.013631 
1.056878 1.161714 
0.9659577 1.238922 
0.9751084 0.9567017 
1.068883 0.9083058 
1.159854 0.8443177 
1.028591 0.908365 
1.087144 0.8223283 
1.137101 0.9482978 
1.0732 0.8304728 
1.085773 0.9321034 
0.9182033 0.9636178 
0.9934999 1.009441 
1.050834 0.8513756 
1.050855 0.9788993 
0.9327504 1.008121 
1.011072 1.172438 
1.13905 1.272694 
1.027132 1.319274 
0.9513887 1.391805 
0.9589651 1.269929 
0.927431 1.206231 
1.06435 1.039371 
1.010161 1.335331 
0.8809661 1.585525 
0.8838577 1.250825 
1.092015 1.281499 
1.040159 1.561789 
1.057782 1.496417 
0.9513999 1.453344 
0.9188991 1.296542 
1.021559 1.322525 
0.9972629 1.263247 
0.9499966 1.296489 
0.9878639 1.228887 
0.9975309 1.06168 
0.9838985 1.267797 
0.9760125 1.425268 
0.9871931 1.444701 
0.8564595 1.353032 
0.868893 1.216066 
1.240456 1.244685 
1.062854 1.227085 
1.158435 1.162779 
0.843618 1.246951 
0.9414029 1.048809 
0.9487004 0.9254434 
1.026631 0.8363837 
0.8666683 1.011942 
1.078774 0.9392101 
0.9825433 0.882935 
1.122177 0.8565044 
0.9968158 0.8579429 
1.05622 0.9375536 
0.8815647 1.025047 
1.073276 1.014414 
1.091821 0.9423569 
1.097243 1.03233 
0.9648955 1.039956 
0.9041056 1.042817 
0.9530664 1.136245 
1.115117 1.24429 
1.071614 1.267172 
1.222019 1.932483 
0.9148237 1.92051 
1.091273 2.171993 
1.100459 1.607238 
1.2433 1.391155 
0.9572381 1.677172 
1.014851 1.363675 
0.9855524 1.57639 
0.9204046 1.403359 
0.9221293 1.251219 
0.9891122 1.259181 
0.9646225 0.9701238 
0.891469 1.361047 
1.051041 1.490191 
1.1978 1.407271 
0.9817454 1.335126 
0.7681961 1.351764 
1.039536 1.540652 
1.116012 1.234273 
1.018548 1.115205 
0.9933155 1.205202 
1.067339 1.151998 
1.06839 0.9951302 
1.118164 1.302901 
1.007815 1.397128 
0.9402905 1.367274 
0.9446316 1.095 
1.023522 1.238416 
0.8707795 1.304229 
0.9292722 1.40643 
0.9310469 1.051701 
1.005678 1.09204 
1.025062 1.059052 
0.9423797 1.190238 
1.071065 1.298761 
0.9658887 1.30546 
0.9916171 1.416928 
0.9576693 1.306349 
0.96533 1.301001 
0.9419001 1.335191 
1.033449 1.17182 
1.061568 1.002158 
1.018074 1.511639 
1.025214 1.607292 
0.991431 1.526833 
0.8900763 1.124202 
0.9123317 1.236088 
0.9040995 1.396141 
0.9595433 1.159524 
1.033442 0.9753357 
1.09685 1.064803 
0.916481 1.069885 
0.8300038 1.181737 
1.307583 1.449185 
1.079563 1.410795 
0.9458894 1.283847 
0.9516409 1.349593 
0.9492719 1.223626 
1.066991 1.084368 
1.090284 1.105064 
0.9439234 1.140722 
1.072704 1.041218 
1.229378 1.003606 
0.9982494 1.059326 
1.08311 1.036093 
1.001882 1.193491 
1.076888 1.4684 
0.9352261 1.595201 
0.8789882 1.34274 
1.133712 1.356465 
0.97376 1.638234 
0.9172571 1.930226 
0.921654 1.858281 
0.9952779 1.264376 
0.9708976 1.30209 
0.9637591 1.178037 
1.006366 1.129924 
1.060591 1.008601 
1.003449 1.021734 
0.9251901 1.041775 
1.013796 1.021994 
0.8924494 1.037412 
1.0012 1.150663 
1.068335 0.9905868 
0.9977353 1.079253 
0.8998387 1.293422 
1.048461 1.320309 
0.9557683 1.108788 
0.9497608 1.072071 
0.8716282 1.241284 
0.8914226 1.169419 
0.9549068 1.112291 
0.9726042 1.155371 
1.013145 1.003549 
1.01389 1.266246 
0.9644093 1.07154 
0.9984279 1.140208 
0.9824709 1.319037 
0.9106685 1.492283 
1.024545 1.529816 
0.9119004 1.634035 
0.8980123 1.310319 
0.9417341 1.222347 
1.122982 1.390471 
1.039377 1.226303 
1.071299 1.111791 
0.992214 1.164105 
0.9921139 1.085768 
0.9165577 1.316559 
0.8500284 1.347023 
1.017202 1.536629 
1.221555 1.28717 
1.078811 0.9341913 
0.9679315 0.9032201 
1.236266 1.103507 
0.9878649 0.9641235 
1.0173 1.296687 
0.977672 1.278125 
0.9965174 1.19657 
1.026271 1.04588 
0.825208 1.312637 
1.023855 1.129969 
1.078281 1.476652 
0.8598918 1.394094 
0.9998849 1.117247 
1.006497 1.118953 
0.9927331 1.176097 
1.054449 0.9710291 
0.9310925 1.212388 
0.9215367 1.093477 
0.9509244 1.184509 
0.9310664 1.060312 
0.9628336 1.144509 
1.196002 1.262175 
0.8215959 2.373815 
0.904891 2.045461 
1.093631 1.467395 
0.980479 1.569355 
1.076395 1.01477 
0.9872927 0.9470946 
1.13045 0.8769273 
1.060296 0.9911958 
0.9895719 0.9743618 
0.9143887 1.027767 
1.044636 1.1008 
1.177935 1.172162 
0.9887732 1.112823 
1.120754 1.069183 
0.9744734 1.07989 
0.9822582 1.009658 
1.096099 1.196687 
1.083084 1.176924 
0.940761 1.176915 
1.058382 0.9715562 
1.027887 0.9372831 
0.9837353 1.00226 
1.020707 1.0043 
0.9717668 1.016919 
1.055643 0.9537411 
1.007261 1.090582 
0.9410184 1.31357 
1.220382 1.437599 
1.073597 1.483995 
1.138758 1.120943 
1.165625 1.144877 
0.8841363 1.229965 
0.9036835 1.251446 
0.948222 1.267952 
1.051286 1.031565 
0.9923143 1.021875 
1.040376 0.9541056 
1.107273 0.9682992 
1.008367 1.226868 
1.028281 1.031152 
1.167854 1.034303 
1.020964 1.065338 
1.02113 0.9880665 
0.9690322 1.115853 
1.007805 1.312901 
0.9822782 1.208666 
1.105584 0.9921837 
1.039841 1.030556 
1.138247 0.9096748 
1.040457 0.9067367 
1.030836 0.9791429 
0.8502361 0.9901252 
1.205674 0.9899111 
1.055503 0.9591097 
0.9727524 0.9402286 
1.008204 1.123309 
0.9960459 1.459366 
0.9770492 1.612607 
0.8784904 1.335477 
0.9258441 1.230777 
0.9899187 1.316468 
0.7941636 1.723652 
0.8245411 1.400681 
0.9315357 1.358997 
0.9358408 1.42512 
1.058318 1.104782 
1.005875 1.097511 
0.9842233 1.040477 
1.15286 0.9361193 
1.057803 0.876259 
1.058725 0.9743082 
0.9286864 0.9642346 
1.023964 1.043062 
0.916914 1.037791 
0.9748557 1.163918 
0.8714261 1.259347 
0.9076093 1.059054 
1.057902 1.12837 
1.117664 1.184248 
1.084283 1.030984 
1.050401 0.9718206 
0.9599416 0.9846959 
1.097531 0.9198197 
1.008154 1.170639 
1.004597 1.094282 
0.9242568 1.146573 
1.063651 0.9817681 
0.9085695 1.059024 
0.9102553 1.081587 
0.9991698 1.000898 
1.084225 0.913236 
1.039294 1.22584 
1.065241 1.086252 
1.099631 1.071333 
0.9273653 1.283557 
1.211089 1.271491 
1.157207 1.120969 
0.9899524 1.001851 
0.9746395 1.081749 
1.002522 0.9268308 
0.8101634 1.129873 
0.8979169 1.08699 
1.052413 1.102764 
0.9902728 1.023372 
1.136572 1.004666 
0.9847922 1.056177 
1.055839 1.092032 
1.147245 1.013365 
1.049864 0.9353331 
1.024019 1.098366 
0.9715269 1.128883 
0.953405 1.108569 
1.026401 1.191908 
1.079166 1.06199 
1.078561 0.9203342 
1.104696 0.9151683 
1.015942 0.8591451 
1.00023 1.090631 
1.005763 1.096434 
0.8929396 1.407734 
0.9871755 1.178562 
0.9214544 1.164644 
0.9511462 1.289658 
0.8378612 1.13411 
1.170367 1.087479 
1.056533 1.070702 
0.8872966 1.304533 
0.9717251 1.17377 
1.002379 1.251857 
1.12819 1.467607 
0.8720326 1.234138 
0.959186 1.242194 
0.9365141 1.242337 
1.077302 0.996035 
1.152445 1.078752 
0.9315363 1.185722 
0.9121162 1.269447 
0.9831183 1.138459 
0.9482856 1.013152 
1.015306 1.148945 
0.9719057 1.09088 
0.9765747 1.118813 
0.9512906 1.027107 
1.030366 1.101004 
0.9663794 1.082058 
0.9969634 1.000973 
1.000547 1.14141 
1.047898 1.051322 
1.078039 1.113127 
0.9641892 1.213352 
0.8427325 1.33072 
1.172369 1.506225 
0.8890468 1.34513 
0.9935682 1.529941 
1.00498 1.464225 
0.9008768 1.237965 
0.8922125 1.471248 
1.020668 1.110476 
1.061445 1.052703 
1.23392 1.020815 
0.9834025 1.059801 
0.9749813 1.039109 
0.9850865 0.8465106 
1.047251 0.9711154 
1.066475 1.18343 
0.9191604 1.15693 
1.017174 1.217914 
1.059036 1.190921 
0.9557219 1.010401 
1.13046 1.062897 
0.9971675 0.9315536 
1.194679 0.9167034 
1.091348 0.9874907 
1.100619 1.068216 
0.9426289 1.133196 
0.9073881 1.303269 
1.009642 1.343134 
1.137674 1.264169 
0.8957198 1.573712 
1.006242 1.26404 
0.964074 1.325842 
0.955213 1.116956 
1.024665 1.050537 
1.012779 1.07871 
0.9586736 1.150563 
1.060988 2.757023 
0.8936106 1.40092 
0.8500566 1.76571 
0.9914373 1.318446 
1.117855 1.306271 
0.9754004 1.437135 
0.9465008 1.509871 
0.8138222 1.595613 
1.047712 1.467412 
0.9981314 1.222375 
0.9714287 1.23132 
0.9788751 1.133073 
0.9037658 1.029548 
1.066377 1.418121 
0.9350972 1.259116 
1.024091 1.194922 
1.015176 1.085482 
0.9795214 1.047255 
1.149072 1.017441 
0.9002259 0.884086 
1.030807 0.9287419 
0.9665012 1.108703 
0.9009925 1.381124 
1.010805 1.725175 
1.174396 1.654578 
0.9068105 1.314702 
0.9556655 1.26513 
0.9245705 1.152064 
0.9525569 1.027354 
1.021734 0.8720946 
0.9716669 0.9329806 
1.060481 0.9399484 
0.938784 1.039035 
0.960787 1.085897 
0.9997816 1.098865 
1.062604 1.206147 
0.9480089 1.372356 
0.8312853 1.49355 
1.014944 1.11057 
1.066391 1.193559 
1.136567 1.218431 
1.056147 1.459132 
1.077566 1.247079 
1.005504 1.248448 
0.9574078 1.515314 
0.9998356 1.072289 
1.029245 1.136101 
1.096685 1.31855 
1.074574 1.204678 
1.048996 1.242335 
1.003274 1.1764 
1.082909 1.130641 
0.9833475 1.091964 
0.8956496 1.2581 
1.154619 1.05156 
0.9335339 1.018456 
1.149533 1.097481 
1.044768 1.132172 
1.068873 1.132971 
0.8996054 1.251263 
0.7455534 1.49143 
1.057071 1.780008 
0.974613 1.338313 
0.9351657 1.34832 
1.003372 1.422017 
1.010712 1.167758 
0.9758633 1.15134 
1.070688 1.248685 
1.118818 1.106491 
1.054542 1.144093 
0.9199734 1.203063 
0.8266374 1.280883 
0.8898955 1.531003 
0.892906 1.456401 
1.000138 1.513634 
1.06166 1.354087 
0.831562 1.219165 
1.01383 1.281625 
1.033625 0.9713806 
1.085393 1.286072 
1.127309 1.363353 
0.9347801 1.220855 
1.065113 1.33859 
1.047015 1.720231 
1.009134 1.469797 
0.8732847 1.560869 
1.232318 1.119791 
1.131684 1.360319 
0.9581714 1.223194 
0.9400642 1.169881 
0.9586234 1.360902 
0.8999976 1.273558 
0.9016956 1.353947 
1.003695 1.641546 
0.9208173 1.572399 
0.9348376 1.362685 
0.9189851 1.160175 
1.009529 1.620046 
0.9967383 1.678773 
0.9816522 1.456171 
0.9930111 1.16221 
0.9768099 1.205721 
0.8981096 1.045144 
1.001324 0.9650755 
1.102716 0.9230461 
1.019468 1.02584 
1.018656 1.015451 
1.14607 1.314158 
0.9646773 1.074964 
1.169879 0.988966 
1.028466 1.056098 
1.027275 1.440779 
0.9155051 1.397596 
1.124014 1.112809 
1.016923 1.005654 
0.9859892 1.003733 
1.065443 0.9404434 
0.9978036 1.016997 
1.015339 0.9207846 
1.154641 0.9594557 
1.036676 0.9789163 
1.254219 0.9215092 
0.988094 0.9063308 
1.042406 1.060232 
0.9578397 1.180289 
1.090083 1.090979 
1.004142 1.267521 
0.9359823 1.286757 
1.07156 1.296012 
0.9730113 1.302338 
0.9609876 1.164073 
0.9462316 1.150452 
1.035419 1.281476 
1.180325 1.505959 
0.9916905 1.314604 
0.9302393 1.154908 
1.058241 1.309405 
1.118815 1.153217 
1.148657 1.108494 
0.916843 1.180199 
1.007198 1.317646 
0.9992141 1.297291 
0.8822211 1.177548 
0.9886291 1.306309 
0.9300032 1.562284 
1.028422 1.474631 
0.9935755 1.56012 
0.9930111 1.408202 
0.9707508 1.318646 
0.9746948 1.254471 
0.8753407 1.600274 
0.7744956 2.058026 
1.039925 1.737218 
0.9489253 1.582766 
1.026249 1.490584 
1.097738 1.46152 
0.8458099 1.840937 
0.885595 2.048942 
0.8629237 1.562767 
0.9410098 1.377175 
0.9463331 1.319036 
1.040171 1.073988 
1.149145 1.015759 
0.925382 1.288172 
1.241376 1.102131 
1.043822 1.121892 
1.144367 1.168208 
1.154594 0.9152099 
1.024518 0.9777341 
1.025955 1.022246 
0.907876 1.383249 
0.8665152 1.158702 
0.9759103 1.190423 
0.9686189 1.500927 
0.8758863 2.025643 
1.036373 3.053132 
1.072237 1.530443 
0.962822 1.146148 
1.040231 1.565327 
1.029977 1.573194 
1.043062 1.751425 
1.025194 1.822095 
0.871282 1.510932 
1.04316 1.401874 
0.9677141 1.334715 
1.101558 1.117951 
1.076153 0.9986526 
0.958722 1.043569 
1.060712 1.03911 
0.993314 0.9942527 
1.07832 1.184883 
0.9731471 1.094737 
0.9802632 1.110585 
1.201057 1.100568 
1.009017 1.131636 
0.9556827 1.33659 
0.9708808 1.495072 
0.9599574 1.351681 
0.7673337 1.587852 
0.8846459 1.374107 
1.017984 1.487318 
1.025688 1.395429 
1.144771 1.110668 
1.008297 1.143941 
1.045093 1.172247 
0.8257625 1.432012 
1.012368 1.469068 
0.9674026 1.271666 
0.8875963 1.395271 
1.004303 1.234774 
0.9852677 1.251626 
0.9384996 1.294404 
0.9613575 1.180056 
0.9636752 1.276056 
0.9381381 1.335662 
1.030876 1.03906 
0.90379 1.030741 
1.062868 1.096025 
1.018734 1.074856 
1.04402 1.063012 
1.036806 1.167258 
1.126378 1.629034 
0.9752378 1.255976 
1.077306 1.432191 
0.8978041 1.560733 
0.9456556 1.586577 
1.075885 1.318633 
0.8968361 1.32225 
1.007972 1.138237 
1.131404 1.041454 
0.9557638 1.146884 
1.203151 1.444642 
0.9303137 1.369796 
0.9708489 1.291736 
1.029418 1.403892 
1.015411 1.40913 
0.9703469 1.483384 
1.008755 1.438291 
0.9541217 1.538491 
1.023685 1.26188 
1.060627 1.33756 
1.006972 1.292315 
1.117242 1.105347 
0.8870937 1.291621 
1.103867 1.164007 
0.9674962 1.066005 
1.151961 1.155347 
0.9432627 1.246488 
1.04818 1.219109 
1.054326 1.062143 
0.8457501 1.237774 
1.089605 1.312917 
0.9537325 1.213481 
0.9962678 1.183202 
0.9579532 1.184412 
0.9323354 1.828157 
0.8602466 1.529644 
1.01761 1.224419 
1.159321 1.103661 
0.9046133 1.175646 
0.9988461 1.168258 
0.7898106 1.352229 
0.9645658 1.226406 
1.070548 1.171347 
1.077544 1.199142 
0.9257456 1.398102 
1.037564 1.401342 
1.099259 1.361959 
0.923872 1.485547 
1.045594 1.207565 
1.011597 1.287496 
1.092384 1.015289 
1.068163 0.9446021 
0.9288533 1.128861 
0.9668877 1.216075 
1.085573 1.12979 
0.9772003 1.081331 
0.9840278 1.013557 
0.9043922 1.241523 
0.982492 1.024237 
0.9113586 1.284829 
1.003138 1.397039 
0.8990176 1.353863 
1.049847 1.156707 
0.9604507 1.372484 
1.144945 1.061294 
1.048713 1.072219 
0.9296617 1.071692 
1.034753 1.045579 
0.9821116 1.041021 
0.9980094 0.9040334 
0.9186497 0.8094233 
1.054015 0.9794129 
1.028347 0.9382479 
1.030104 0.8569172 
1.020268 0.9259532 
1.051539 1.16905 
0.936687 1.180515 
0.9766183 1.148883 
1.155076 1.153374 
0.9972332 1.033389 
0.9611632 1.204914 
0.9975081 1.215569 
0.9267293 1.39384 
0.8295563 1.403361 
0.912626 1.230301 
1.207642 1.214509 
1.014082 1.223315 
1.160036 1.407486 
0.9253225 1.257381 
0.9625203 1.608995 
0.9509008 1.448554 
0.9318748 1.346081 
0.9787377 1.347841 
0.9664284 1.368645 
1.166505 1.640274 
0.7200027 1.595466 
0.8728669 1.300139 
0.9846498 1.194441 
1.023597 1.225011 
1.165619 1.160935 
1.050607 1.11841 
0.9679659 1.096332 
1.015786 1.042894 
0.8827637 1.035643 
1.10313 1.153627 
0.9633042 1.185508 
0.8882887 1.537874 
1.022533 1.725741 
0.9507066 1.417819 
0.9504763 1.206192 
1.057987 1.007902 
1.062025 1.008753 
1.053152 1.098886 
0.8691679 1.05367 
0.9472175 1.294553 
1.020737 1.277118 
1.193023 1.075351 
0.98085 1.662137 
0.9640867 1.428451 
1.034139 1.295656 
1.123451 1.170804 
1.077619 1.064257 
1.062797 0.9229102 
0.9619319 1.08485 
1.11978 1.130868 
0.8794075 1.632294 
1.110829 1.26623 
0.9135518 1.515782 
0.8584035 2.114655 
0.9042763 2.091298 
0.9915725 1.945478 
0.9250688 1.374902 
0.8695021 1.292047 
1.089236 1.248564 
0.9869626 1.193808 
1.147638 1.102723 
0.9256146 1.143919 
1.208838 1.019462 
1.036376 0.9532757 
0.9637895 1.16769 
1.013549 1.393693 
0.9649586 1.176347 
1.041263 1.27337 
1.045609 1.116316 
0.9451254 0.9590995 
0.9405009 1.151381 
0.9278152 1.24889 
1.021433 1.296879 
1.107713 1.243914 
1.079867 1.247087 
1.050301 1.298711 
0.9327484 1.254579 
1.024629 1.164158 
1.081232 1.046231 
0.953418 1.145312 
1.146704 0.9727636 
0.970248 0.945726 
1.010371 1.163355 
1.06942 1.164767 
1.071902 0.9395773 
1.102396 0.8482514 
1.095538 0.7797293 
1.067546 0.7772725 
1.00517 1.020189 
1.007221 0.9989281 
0.924027 1.36457 
1.054044 1.383826 
0.9081025 1.337631 
1.046529 1.390699 
1.089141 1.058633 
1.120183 1.064121 
1.001411 1.011945 
1.082049 0.9596505 
1.151769 1.026706 
1.018907 1.158576 
1.022571 1.117694 
1.147712 1.101516 
1.033171 1.238735 
1.237647 1.162524 
0.957637 1.270388 
1.125397 1.12429 
1.024342 1.214497 
0.938843 1.131779 
1.011213 1.117485 
0.9290882 1.142778 
0.9039789 1.159844 
0.8405555 1.163491 
1.070819 1.241017 
1.0557 1.249244 
0.9986596 1.169284 
0.9941478 1.473591 
0.9803363 1.44177 
1.017827 1.145001 
0.9366414 1.024085 
1.056975 1.118925 
1.039806 1.215733 
0.9221178 1.070208 
1.004029 1.144304 
0.9512588 1.059996 
1.070568 1.133255 
0.9700499 1.180661 
1.041612 1.045736 
0.903289 1.054647 
1.051043 0.9659812 
0.8997772 1.102964 
1.127853 0.9983997 
1.039251 1.514132 
1.005843 1.216209 
0.978246 1.364899 
0.9645459 1.46927 
1.016706 1.146798 
1.184662 1.276751 
0.9903766 1.213558 
1.018683 1.366519 
1.109897 1.160129 
0.9668824 1.09364 
1.060782 0.9226362 
0.9976819 1.064238 
1.025013 1.123534 
1.043168 1.140972 
1.064097 1.096363 
0.9349367 1.33773 
0.7983923 1.440475 
1.01392 1.387788 
0.9700469 1.280567 
1.033556 1.313556 
0.8754667 1.198599 
1.227333 1.28075 
1.040424 1.264288 
0.9201209 1.215098 
0.8809745 1.064864 
1.190388 1.046442 
0.9696893 1.086662 
1.061989 1.00412 
0.9033997 1.110373 
0.8986861 1.421298 
0.8717842 1.39961 
0.9232345 1.30198 
0.9643166 1.358358 
0.9606959 1.154741 
0.8648666 1.242433 
0.9403114 1.345496 
1.075141 1.086681 
1.045653 0.9260885 
1.066876 0.9152603 
1.068958 1.049165 
0.8786712 1.482168 
1.193396 1.286989 
1.065059 1.05266 
1.070803 1.16597 
0.9095298 1.222203 
1.089275 1.246614 
0.9575345 1.057407 
1.099661 0.9041817 
0.9813695 1.192707 
1.051291 1.043182 
0.8507339 1.394779 
1.001352 1.414998 
1.072559 1.553646 
0.9020367 1.530637 
0.8838681 1.606222 
0.9758652 1.294171 
1.076214 1.041751 
0.9917711 1.114544 
1.043852 1.129238 
1.16245 1.059914 
1.016747 0.9807187 
0.9929516 1.111196 
0.9991186 1.066937 
0.9728659 1.085787 
1.086188 1.037325 
1.029621 1.247015 
0.9604891 1.159479 
0.9317038 1.309429 
1.03514 1.517235 
1.079003 1.206396 
0.9441432 1.162993 
1.032777 1.390414 
0.9414792 1.163428 
0.9677849 1.140367 
1.07421 1.064336 
0.9749563 1.087875 
1.056423 1.086105 
1.082945 1.43909 
0.9254318 1.546962 
0.8870907 1.287489 
1.096923 1.108512 
1.02351 1.093035 
0.9666993 1.291857 
0.9320514 1.205672 
1.091088 1.374123 
0.9133944 1.221929 
0.8069335 1.355115 
0.8877132 1.438575 
1.032509 1.344592 
0.9814975 1.300766 
1.130157 1.380016 
0.8718201 1.565647 
0.8549516 1.533006 
0.948788 1.176286 
1.044598 1.195127 
0.9709962 1.19707 
0.954457 1.385746 
1.079287 1.388253 
1.08752 1.245789 
1.132107 0.9715897 
1.014635 1.177646 
0.9756682 1.164649 
0.9548325 1.044031 
0.9876451 1.150509 
0.8657427 1.390623 
0.9868803 1.387788 
1.011296 1.100028 
1.043205 1.089307 
0.9394244 1.188784 
1.008346 1.077587 
0.9790203 0.978669 
0.9943728 0.9620387 
1.126608 0.976848 
1.034078 0.9869362 
1.05235 1.375685 
0.9343308 1.218874 
0.9943669 1.085452 
1.146938 1.087492 
1.001185 1.390531 
0.9992337 1.091516 
0.9053808 1.117358 
0.9735442 1.108586 
1.076099 1.143482 
1.059115 1.213608 
0.9798668 1.383293 
0.7369083 1.680176 
0.8928463 1.520264 
1.192974 1.160548 
1.035628 1.127846 
1.037698 1.018893 
1.122832 1.09327 
1.020143 1.078415 
1.119271 1.017607 
0.9584775 1.104803 
1.018582 0.9668437 
0.8979842 1.181909 
1.004439 1.008831 
0.9712269 1.007147 
0.9297142 1.153666 
1.108134 1.006007 
1.211564 0.9063442 
1.062332 0.9560262 
1.028895 0.9686828 
1.027006 1.084095 
0.9917663 1.09494 
0.9992587 1.163265 
1.031135 1.198936 
0.9870566 1.340131 
1.075335 1.010082 
0.9999657 1.249012 
1.014079 1.354139 
1.027738 1.266554 
0.9024655 1.124952 
0.9488157 1.185999 
0.9671001 1.120397 
1.0034 1.147161 
0.8572699 1.040772 
1.024194 1.038923 
1.116992 1.071222 
0.8998757 1.24793 
0.9810443 1.131831 
1.042459 1.175766 
1.033665 1.557496 
0.9733927 1.430374 
0.9678485 1.408433 
0.9859645 1.50852 
1.036255 1.862633 
0.9427309 1.381837 
0.9777556 0.9821258 
1.095738 1.068498 
1.020783 1.121656 
1.074696 1.117365 
1.047501 1.152861 
1.308489 1.198147 
0.9456324 1.091597 
1.139724 1.002598 
1.046017 1.165249 
1.125797 1.31342 
1.169031 1.498556 
0.8984253 1.491751 
0.9450977 1.379363 
1.008594 1.323818 
1.064479 1.174815 
0.8703628 1.312994 
0.8832641 1.319981 
0.9094473 1.151301 
0.9456808 1.216164 
0.8954601 1.103747 
1.057784 1.068128 
1.026425 1.161896 
1.183766 1.512578 
0.8105042 1.498457 
0.9756961 1.348039 
1.007721 1.267768 
0.9600617 1.552657 
0.992374 1.331314 
0.9906615 1.287968 
0.9244859 1.183721 
1.013553 1.130991 
0.9617567 1.115231 
1.104704 1.268163 
1.059528 1.211572 
0.9687613 1.189339 
0.8804599 1.248624 
1.031216 1.207957 
1.019107 1.205582 
1.02904 1.302893 
0.9865571 1.292929 
1.051446 1.199582 
1.025566 1.281726 
0.989183 1.186821 
1.02659 1.070013 
1.035467 1.186777 
0.9402509 1.31601 
1.136153 1.043098 
1.034971 0.9316064 
1.046189 0.9164582 
1.077845 0.9036111 
1.021467 1.057557 
0.9799444 1.071506 
1.013175 1.185785 
1.140484 1.173339 
0.9744712 1.276838 
1.059514 1.270692 
1.031248 1.587396 
0.9351033 1.266882 
1.10282 1.548448 
0.9793815 1.227969 
1.058639 1.10571 
0.9192912 1.156465 
1.014776 1.226583 
1.044159 1.20842 
0.8997654 1.118667 
1.042829 0.9391748 
0.8883585 0.9590631 
1.092251 1.229126 
1.11986 1.274675 
1.01299 1.00115 
1.024024 1.372446 
0.8746538 1.299249 
0.8937051 1.228023 
0.9601432 1.159732 
0.9821815 1.087487 
1.135638 1.159551 
1.16146 1.200387 
0.9463655 1.200666 
1.248487 1.279037 
1.054389 1.178591 
1.09589 1.254122 
1.053502 1.232326 
0.9666363 1.393052 
1.11049 1.43048 
0.9739642 1.62105 
0.9637774 1.208903 
1.083821 1.112412 
0.9882252 1.138744 
1.063018 1.113244 
1.058845 1.033905 
1.040371 1.244984 
1.082905 1.078641 
1.109351 0.9654112 
0.9614191 1.077486 
1.026052 0.8961388 
0.9838737 0.8863139 
1.108061 0.900456 
0.9735354 0.8496968 
1.13413 0.9003892 
1.023756 0.807193 
1.210445 0.847046 
1.015683 0.8680591 
1.048007 0.8246967 
1.143135 0.9189356 
0.9769902 0.8482404 
0.9848659 0.8941911 
1.040754 0.8705698 
0.9953819 0.9467006 
1.017538 0.9474914 
0.9857196 0.9127756 
1.063169 0.9573109 
0.9757967 1.088875 
1.056409 1.124772 
1.124429 1.036812 
0.950272 1.136465 
1.046648 0.9589084 
0.8959229 1.184958 
1.123016 1.150134 
0.9822836 1.148141 
0.9175708 1.15839 
0.9632165 1.357161 
0.8862989 1.47451 
1.065383 1.174989 
0.8722 1.251471 
0.9124138 1.609976 
0.9310527 1.436255 
0.9886624 1.458786 
0.8968051 1.321428 
1.000743 1.112077 
1.009744 1.123318 
1.036729 1.149163 
0.9061749 1.141272 
1.106027 0.8928897 
0.9734805 1.007634 
1.13598 1.063247 
1.107242 0.9828542 
1.148722 0.8480051 
1.035335 1.185041 
1.044715 0.9813387 
0.9098108 1.066728 
0.9236783 1.081544 
0.9974512 1.005312 
1.165368 0.9941384 
1.020806 0.8990689 
0.9410936 1.07112 
1.067163 1.341155 
0.9348201 1.561159 
0.9393773 1.324545 
0.8659558 1.267619 
0.9504365 1.287956 
1.060885 1.059193 
0.9650888 1.385909 
1.10995 1.471511 
0.9121342 1.200169 
0.9831225 1.115809 
1.061992 0.9803258 
1.19223 1.05336 
1.02367 1.092398 
1.010129 1.204651 
1.019522 1.089389 
1.082289 1.147325 
0.9251061 1.323649 
1.155805 1.095028 
1.051331 1.103049 
0.9620705 1.12286 
0.9269591 1.336242 
1.031438 1.322305 
1.066815 1.128325 
0.9547689 1.46177 
1.063742 1.029264 
1.0122 1.162018 
1.046019 1.09766 
0.9558118 1.15865 
0.9742136 1.114723 
0.9628209 1.114096 
1.065256 1.021651 
1.196631 0.9482515 
0.9378572 1.374518 
1.03406 0.9793903 
0.9431793 1.099091 
1.019296 0.9632094 
0.9447427 1.003308 
0.9537099 1.184716 
1.038687 1.207827 
1.082078 1.065621 
1.1686 1.289167 
0.8252451 1.661726 
0.9417261 1.388158 
0.9457141 1.418494 
1.055561 1.785297 
1.014216 1.428151 
0.9403569 1.55205 
1.020407 1.725693 
1.037284 1.266643 
1.028149 1.199155 
0.8925855 1.429798 
1.126253 1.420911 
0.9819441 1.640772 
1.101327 1.529133 
0.9865249 1.319369 
1.042348 1.087873 
0.9737866 1.074356 
1.002323 0.9568554 
0.9243371 1.184933 
0.9631974 1.020552 
1.010894 0.9981811 
0.9941997 0.8606478 
0.8998493 0.9907582 
0.9993922 1.117361 
1.014689 0.9447823 
1.244789 1.153776 
1.040666 1.036998 
1.009064 0.9734725 
0.8880242 1.140847 
1.02473 1.132729 
0.892352 1.599147 
1.122101 1.526569 
0.971637 1.814912 
1.025259 1.198662 
0.9101664 1.230102 
1.056046 1.330518 
0.850509 1.547913 
0.9405655 1.819292 
0.8907814 1.697489 
1.008617 1.417374 
1.016642 1.362966 
0.9703744 1.340827 
0.9799814 1.106573 
1.042002 1.043807 
0.9224185 1.109097 
1.011873 1.075519 
0.9924567 1.044375 
0.9911279 1.111538 
1.098706 1.242403 
1.064626 1.355426 
1.094511 1.308352 
0.9326277 1.396383 
1.008983 1.575471 
0.8346257 1.290126 
1.014378 1.338657 
1.021603 1.126046 
1.12698 1.224741 
1.055222 1.404545 
0.9870739 1.079466 
0.8708984 1.22706 
0.9652 1.37331 
0.9855327 1.281512 
0.9077624 1.109127 
0.9917641 1.090185 
0.9269026 1.159043 
1.001513 1.067427 
0.9722604 1.275119 
0.9738729 1.042865 
1.031027 1.28049 
0.9867845 1.402949 
0.985656 1.210437 
1.108981 1.170117 
1.099076 1.119423 
1.099251 1.127562 
1.033677 1.049149 
1.051919 1.227844 
1.106906 1.105041 
1.100578 1.034585 
1.079743 0.9133448 
0.9610634 1.007286 
1.012703 1.013574 
1.076678 1.046667 
0.9799635 1.104559 
1.008953 1.020326 
0.9989629 0.9990817 
1.012941 1.043471 
1.043629 1.029045 
0.9609592 1.200892 
1.027087 1.180141 
1.116814 1.205111 
0.9910689 1.282243 
0.8941872 1.745081 
0.8039231 1.934371 
0.8373656 1.781074 
0.8825323 1.374938 
1.157913 1.057352 
1.04089 1.069721 
0.9265238 1.188539 
1.098679 1.033507 
1.076931 0.9861136 
1.071539 0.9750566 
0.984706 0.9991676 
1.088985 0.846349 
1.173277 1.042933 
1.040505 0.9011152 
1.049879 1.068133 
0.9836247 0.9701054 
1.045586 0.9332842 
1.136462 1.041893 
0.962864 1.015652 
1.085329 1.115899 
0.9626617 1.146657 
1.007867 1.111213 
0.8867237 1.227797 
1.066601 1.085679 
0.9264199 0.8896547 
1.157297 1.014361 
0.9861665 1.15536 
0.961331 1.334173 
0.8110939 1.563014 
0.904208 1.257993 
0.9252292 1.303921 
0.9354807 1.180768 
0.9611233 1.246053 
0.9908082 1.143681 
1.06314 1.271072 
1.107171 1.191723 
0.9367074 1.098865 
1.19331 1.33758 
0.9571891 1.440216 
0.9789184 1.381056 
1.31722 1.225453 
1.052957 1.015168 
1.064561 1.054222 
1.000487 1.077261 
1.136078 1.047055 
1.108136 1.100507 
0.8953407 1.258545 
1.005564 1.416059 
1.006064 1.075569 
1.10622 1.132432 
1.164319 1.093314 
1.088439 1.228608 
1.045626 1.406001 
1.007658 1.243465 
1.09256 1.450098 
0.8688023 1.558304 
0.8630174 1.378107 
1.022628 1.794858 
0.9407974 1.521835 
1.054812 1.567114 
1.07281 1.686236 
0.9941862 1.534668 
0.942654 1.479997 
0.8623696 1.732083 
0.8387186 1.532136 
1.133853 1.365487 
1.052435 1.091222 
0.9343527 1.208404 
0.919168 1.365846 
1.057633 1.280924 
0.9994444 1.27679 
1.018646 1.125737 
1.037501 1.067152 
0.9449921 1.160101 
0.9964711 1.094563 
1.048348 1.548476 
1.058244 1.254333 
0.9584015 1.135245 
1.076272 0.9994883 
0.9605372 1.141592 
1.047935 1.057706 
1.047485 1.135757 
0.9346969 1.234511 
1.083766 1.190314 
1.038311 1.184314 
1.051724 1.473488 
0.931486 1.234334 
1.014351 1.203147 
0.9542869 1.122483 
0.9630173 1.217969 
0.9290746 1.103457 
1.061161 1.186586 
1.063137 0.9553765 
1.097669 1.049519 
0.8666017 1.177636 
1.116913 1.521749 
0.9543084 1.294017 
0.913331 1.167234 
1.040711 1.024249 
0.9530214 1.21202 
0.9399868 1.363599 
0.973659 1.190625 
1.018614 1.075103 
0.9980013 1.167194 
1.090805 1.270755 
1.039619 1.209181 
0.9244847 1.416471 
1.009418 1.233976 
1.052323 1.285688 
0.9486206 1.14373 
1.051932 1.36451 
0.8908062 1.020094 
1.031602 0.9896507 
1.09248 1.025984 
1.118145 0.9325197 
1.035886 1.014904 
0.9863676 1.132203 
0.9869888 1.160219 
1.111574 1.118222 
0.8804681 1.16436 
1.20469 1.177865 
1.04441 1.535458 
0.8246027 1.55344 
0.9253937 1.53672 
1.257068 1.229476 
1.215131 1.257969 
0.9563584 1.359806 
1.120013 1.019621 
0.8885958 1.40131 
1.062627 1.309577 
0.9896159 1.116822 
1.116188 1.014374 
0.9648964 1.086771 
0.9180744 0.9463079 
1.166092 0.9508377 
1.132094 0.9899479 
1.115088 0.9655402 
1.136413 0.8624939 
1.069484 0.9777653 
0.8930935 0.8921996 
0.9684681 0.8204919 
1.167523 0.8642696 
1.128258 0.9321985 
1.074618 0.9433432 
0.9512199 0.9853114 
1.04515 0.8843639 
0.9907058 1.025679 
1.059793 0.8782532 
1.024681 1.07279 
1.154835 1.180192 
1.06314 0.7905024 
1.228626 0.8267579 
0.8943908 0.9953995 
0.8789457 1.115452 
0.9957323 1.053411 
1.12589 1.00093 
0.9549287 0.8799621 
0.8629771 0.9718122 
1.261307 1.035312 
1.046617 0.9391717 
1.074221 0.9397493 
1.051492 0.830738 
1.063034 0.9268897 
0.9688979 0.932207 
1.02523 1.048876 
0.9106075 1.083013 
1.088988 1.002659 
0.9541777 1.069244 
1.042852 1.030711 
0.8023263 1.010884 
1.004716 1.030594 
1.127085 1.001588 
1.065396 1.093654 
0.9809958 1.086117 
0.9781915 1.148004 
1.011096 1.048728 
1.183177 0.9304765 
0.9482769 1.015058 
1.084264 0.8838721 
1.05577 0.9229188 
0.8786149 1.066543 
1.106532 1.11096 
0.9718647 1.031475 
1.0171 1.348057 
1.172703 1.159632 
1.084134 1.346346 
1.025267 1.041429 
0.9976083 1.042803 
1.081867 1.08452 
0.9775746 1.006802 
1.061423 0.9805226 
0.9521284 0.948108 
1.119884 0.863323 
0.963444 1.043593 
1.059154 1.070009 
0.956482 1.136597 
1.130232 1.179827 
0.9525387 1.053079 
1.089409 0.9289836 
1.187091 0.6836587 
0.958079 0.8135925 
0.9369441 0.960893 
0.9954577 1.171266 
1.265747 1.037975 
1.079851 1.054549 
1.040328 1.089583 
0.9925615 1.028524 
1.097712 1.158545 
1.001919 1.00998 
0.9439834 1.097134 
1.056163 0.9793025 
1.169126 0.9781678 
1.043528 0.8428576 
0.989138 0.9104991 
0.9639016 0.91456 
0.9255538 0.9666124 
0.8813331 1.303894 
1.023339 1.268077 
0.9509822 1.217725 
1.01139 1.069113 
0.9717203 1.13265 
1.249844 1.043306 
1.007592 1.033982 
1.012989 1.413524 
1.033118 1.444827 
1.076159 1.476232 
0.9188753 1.235796 
1.106668 1.261295 
0.8882442 1.434077 
1.116674 1.256864 
1.129759 1.171233 
0.934225 1.092361 
1.155808 1.184358 
0.7947702 1.171556 
0.9966978 1.294407 
0.9924613 1.103837 
1.027831 1.332803 
0.9982657 1.55983 
0.9909972 1.46137 
0.9370079 1.17712 
1.0006 0.9947043 
1.165178 0.9634573 
1.033512 1.122649 
1.121268 1.21009 
1.072113 1.303116 
1.058135 1.059973 
0.8691863 1.113951 
1.053145 1.159353 
0.9392376 1.302585 
0.9441428 1.130446 
1.133275 1.012352 
1.077567 1.052803 
1.133821 1.024237 
0.8415843 1.167899 
0.9185417 1.180057 
1.042596 1.129418 
0.9795941 0.9587452 
1.118644 0.9806545 
0.8887239 1.508829 
0.9495365 1.463133 
1.173025 1.685525 
0.8965067 1.357641 
0.8952289 1.240367 
0.95438 1.212639 
1.106415 1.095986 
0.96321 1.021384 
0.9076778 1.417854 
0.93233 1.164079 
1.134209 1.099599 
0.9848381 1.140858 
0.9526925 1.06943 
1.0018 0.9428759 
0.9869846 1.136242 
1.040699 1.134722 
1.1274 1.133566 
0.9399975 1.167264 
1.103536 1.035537 
1.015062 1.146491 
1.031803 1.051594 
1.252142 0.9779233 
1.050482 0.864777 
1.179611 1.069631 
0.9963636 1.036365 
1.083084 1.035364 
1.013 1.212239 
0.9422767 1.130122 
1.13854 0.9198236 
1.033538 0.9537773 
0.9373373 1.052218 
1.03482 0.9574622 
1.005706 1.184414 
1.004383 1.14152 
1.249634 1.036746 
0.9973416 1.111074 
1.050805 1.000366 
1.079711 0.9996148 
0.9397196 1.001368 
0.9484825 1.109065 
1.074818 1.144122 
1.028926 1.060241 
1.021687 1.118485 
0.9469211 1.251438 
0.9916628 1.340656 
0.9434794 1.482712 
0.9708673 1.353645 
1.038941 1.128129 
1.037889 1.200452 
1.059912 1.316209 
1.022516 1.277177 
1.013539 1.0335 
0.9637315 1.388058 
0.9969281 1.130382 
1.182244 1.003408 
1.145908 0.9868472 
0.8398122 1.096252 
0.9163022 1.012455 
0.85927 1.080113 
1.063581 1.133593 
1.028774 1.100288 
0.8543533 1.20239 
0.8682474 1.178163 
1.005697 1.155594 
0.9372271 1.276305 
1.031859 1.286237 
1.085817 1.308165 
1.080034 1.25645 
0.9743171 1.262701 
1.092832 1.041123 
1.080587 0.9317086 
1.126498 1.051204 
0.9269046 1.415197 
0.9337862 1.368095 
0.9637797 1.326873 
1.064162 1.019341 
1.030313 1.067875 
1.139969 1.299315 
0.9498119 1.136061 
1.187 1.181997 
1.009232 1.371554 
0.9275066 1.571407 
1.10653 1.19665 
0.8789457 1.406327 
0.9263833 1.275095 
0.9411531 1.111133 
0.9779599 1.032847 
0.9812814 1.107574 
0.9661074 1.234543 
1.071132 1.562474 
1.121753 1.224733 
1.215399 1.003547 
1.169708 0.8977752 
1.031781 0.9194364 
1.13631 1.044959 
1.09425 1.139672 
0.9708202 1.192941 
0.9746905 1.261335 
0.9336623 1.370119 
0.9890584 1.070872 
1.101752 1.100767 
1.060166 1.134432 
1.05815 1.228263 
1.07279 1.470211 
1.186964 1.112877 
0.9658912 1.079264 
0.8493549 1.266114 
1.00425 1.306859 
0.928666 1.142723 
1.078031 1.129412 
1.083444 1.010574 
0.9827446 0.9209002 
0.9235024 1.215504 
1.045256 1.114937 
0.9418923 1.093867 
0.8898338 0.9961388 
1.074989 1.007705 
0.9404793 1.065396 
1.064961 0.9806317 
0.90941 0.9507627 
0.9700695 0.9632446 
1.035137 0.9357205 
1.061035 0.8953752 
0.8965441 1.060002 
0.9886896 1.087827 
1.007537 1.122503 
1.079093 1.004491 
0.9892006 1.048446 
1.040301 1.404427 
0.8952304 1.280194 
1.062498 1.022733 
1.067104 0.917555 
0.9963907 0.977307 
0.9605745 0.9527106 
0.9533183 1.428385 
1.109878 1.427364 
1.010589 1.361511 
0.9725369 1.774053 
0.8719632 1.540222 
0.8889485 1.481712 
1.060188 1.73949 
1.025292 1.425923 
1.097516 1.611067 
1.07889 1.260371 
0.9948849 1.707604 
0.9688622 1.72759 
1.099057 1.491023 
1.089057 1.430261 
1.133341 1.087161 
1.073271 1.197523 
1.039203 1.184068 
1.078879 1.116498 
1.060609 1.081727 
1.07399 1.057365 
0.9037775 1.117896 
1.05739 1.177579 
1.077322 1.067182 
0.9959575 1.167359 
0.7589398 1.444938 
1.049053 1.149703 
0.9794565 1.035466 
1.077028 0.9115265 
1.127588 0.8906997 
0.9998354 0.8711774 
0.9852044 0.8777607 
1.01204 1.010354 
1.096786 0.9407804 
0.9606809 1.042888 
1.038082 1.115877 
1.144601 0.9999332 
1.066865 0.9455207 
1.086152 0.9889442 
1.06143 1.198168 
1.074292 1.011806 
0.9731606 1.09044 
1.022851 1.02107 
0.9586393 0.9189222 
1.054382 0.9972638 
1.124253 1.061397 
1.01777 1.120042 
1.025887 0.9847472 
1.014341 1.091559 
0.9818712 1.021845 
1.120991 1.082617 
0.9845287 1.184346 
0.9736511 1.076058 
0.9327828 1.057753 
0.9818813 1.405414 
0.9747278 1.465139 
0.9019899 1.328551 
0.8595012 1.350271 
1.105822 1.35039 
0.8794993 1.166841 
1.055075 1.150053 
0.983798 1.321034 
0.9899343 1.124378 
1.055776 1.285048 
0.9723372 1.378279 
0.9456905 1.1727 
0.9812303 1.566847 
1.012438 1.076859 
1.493867 1.067122 
0.9152276 1.411172 
1.116521 1.094561 
1.073752 1.19501 
1.03103 1.097138 
1.000814 1.367398 
1.092542 1.183489 
0.9577113 1.330545 
0.9136294 1.294006 
0.8601743 1.202867 
1.013082 1.185014 
1.03706 1.15116 
0.9274463 1.174544 
0.9544209 1.458634 
0.9812481 1.193969 
0.9091233 1.302148 
0.8733878 1.222075 
1.185875 1.283543 
0.9105277 1.183572 
0.7742667 1.453753 
0.9655271 1.512036 
1.104195 1.31646 
0.8194445 1.599897 
0.9554574 1.632867 
1.00043 1.389337 
1.001039 1.705529 
0.9592195 1.517823 
0.8957739 1.645697 
0.9959289 1.037489 
0.9315246 1.275647 
1.040722 1.467542 
0.9583277 1.252085 
0.9094736 1.423601 
0.9842573 1.514149 
0.9166604 1.58438 
0.9822696 1.365709 
0.9384786 1.389241 
1.086015 1.332582 
1.083724 1.042092 
1.258484 0.928133 
0.9884353 1.244094 
0.9789813 1.331948 
1.009874 1.290495 
0.9445902 1.496148 
1.011918 1.31688 
0.8627676 1.578717 
1.185283 1.401191 
1.176128 1.274032 
0.928261 1.22021 
1.030593 0.950519 
0.9710785 0.8672614 
1.19743 0.9109948 
1.018942 1.279817 
1.155298 1.193371 
1.082303 1.383406 
0.830228 1.277376 
0.8802787 1.408194 
0.9135061 1.400136 
0.9643039 1.31874 
0.8802964 1.585301 
1.07297 1.438733 
0.7894143 1.594613 
1.110165 1.290377 
1.078168 1.091716 
1.011034 1.116347 
0.9922467 1.124416 
0.9647926 1.240985 
1.133462 1.439488 
0.919334 1.14569 
0.895238 1.245251 
1.124931 1.163842 
1.099112 1.187493 
0.987858 1.17573 
1.017243 1.055852 
0.8904042 1.168154 
1.07802 1.12765 
1.032651 1.067229 
1.033734 1.309953 
1.068637 1.106061 
0.8662089 1.269646 
0.9988979 1.136255 
0.9063414 1.08531 
1.026246 1.121293 
0.8390002 1.312404 
0.9670175 1.379817 
0.9012227 1.26825 
0.8886177 1.31452 
1.33647 1.416297 
0.9963219 1.334691 
0.9387232 1.279187 
1.10653 1.297532 
0.8891124 1.48099 
0.8821422 1.428827 
0.9950578 1.457584 
0.9449496 1.348597 
0.9935 1.168243 
1.043059 1.066135 
1.030297 1.109966 
1.035743 1.028633 
0.9352674 1.356209 
1.037887 1.181445 
1.072817 1.319998 
1.05837 0.9991109 
1.110215 1.238826 
1.027327 1.080993 
1.025594 0.9813814 
0.972791 1.02988 
1.031575 1.113613 
1.113916 1.210283 
1.124973 1.21472 
1.07551 1.055819 
0.8571252 1.118194 
1.038386 1.056695 
0.9906297 0.8978121 
0.947881 0.8866519 
1.157134 0.9159119 
1.041788 0.987778 
0.9319402 1.008717 
0.9409462 1.113619 
0.9742492 1.152925 
1.009504 1.099219 
1.061813 1.098308 
1.03264 0.9925361 
1.063296 1.12802 
1.037032 1.106337 
0.9171968 1.170952 
0.9370045 1.351684 
0.8303358 1.274421 
1.105561 1.041225 
0.9808615 1.070539 
0.9661754 1.267192 
0.9684223 1.219127 
0.9769423 0.9274337 
1.102704 1.049405 
0.9887086 1.154096 
0.9623883 1.092705 
1.214668 1.079553 
1.031705 1.109929 
0.9763509 1.244493 
0.941918 1.17939 
1.04507 0.9304335 
1.038006 1.360522 
1.007458 1.402073 
1.077361 1.261213 
1.119086 1.221333 
1.090869 1.23953 
0.9281599 1.500969 
0.9262415 1.162508 
0.858391 1.316829 
1.098241 1.257735 
0.8866971 1.612069 
0.9272765 1.796948 
0.843508 1.335157 
0.9167651 1.192778 
1.058455 1.221145 
1.042799 1.123165 
0.9868425 1.179184 
1.020701 1.19807 
0.960942 1.101413 
0.9331559 1.176273 
0.8808529 1.080101 
1.169788 0.9979214 
0.9650663 1.127713 
1.055015 1.259908 
0.9574069 1.064631 
1.030903 1.361209 
0.9410875 1.472694 
0.8949348 1.276993 
1.09293 1.253139 
0.9983442 1.496098 
0.9114614 1.578358 
1.012343 1.440379 
0.9948202 1.650331 
1.017332 1.070634 
1.062665 1.242096 
1.239471 0.9803036 
0.9614487 1.046973 
0.8953847 0.9905932 
1.034972 0.9905529 
1.173087 1.191979 
0.9011409 1.267766 
0.9249944 1.222951 
1.227299 0.9869214 
1.002996 1.115301 
0.9801502 1.145987 
0.8958688 1.21008 
1.051165 1.235537 
0.895397 1.394176 
0.9122576 1.395497 
0.7797174 1.459983 
1.09012 1.487798 
0.8461839 1.769071 
1.025378 1.884571 
0.9664385 1.5423 
1.012146 1.236068 
1.04311 1.006339 
1.105347 1.006605 
0.8336528 1.29871 
0.9909984 1.281763 
1.145442 1.380738 
1.091691 1.088116 
1.172978 1.08 
0.9811222 1.029666 
0.9874546 1.15253 
1.002675 1.297073 
0.9142541 1.432771 
1.259048 1.325246 
1.017943 1.322744 
1.012741 1.28023 
1.154476 1.254593 
0.8292781 1.34105 
0.7973239 1.77895 
1.129845 1.453596 
0.9868799 1.223104 
1.000896 1.087715 
0.9354241 1.078661 
1.184009 1.03942 
1.158917 0.8823999 
1.101713 0.9805562 
1.018124 1.010248 
0.94225 0.9695336 
1.101472 1.003723 
0.9109179 1.103649 
1.027625 1.088412 
1.037779 0.8970265 
1.006018 1.041088 
0.9917653 1.191897 
1.034881 1.153897 
0.9804473 1.050482 
1.155039 1.167824 
1.015993 1.279962 
0.9850418 1.283414 
0.9628674 1.3934 
1.110456 1.382319 
1.133487 1.530267 
0.7755453 1.571227 
0.8761347 1.486464 
0.9824557 1.198011 
0.968875 1.313851 
1.167692 1.3768 
0.8732036 1.334232 
1.015651 1.404165 
0.9292279 1.684326 
1.025782 1.482816 
0.9830227 1.394263 
1.066514 1.364841 
0.8152337 1.768178 
0.8546836 2.413122 
0.8850918 2.079799 
0.7504704 1.799241 
0.9125001 1.607286 
0.9571904 1.511228 
0.9110621 1.254002 
1.09944 1.284428 
0.9232755 1.207396 
1.079277 1.120157 
0.955473 0.9343877 
1.066039 0.9261924 
1.052695 1.04564 
1.003573 1.111679 
1.040292 0.9320378 
0.8527608 1.061226 
1.153511 1.090501 
0.8792272 1.359324 
1.164514 1.075117 
0.9805725 1.256371 
1.018258 1.180883 
1.02984 1.288249 
0.8612815 1.45326 
0.9219365 1.403102 
0.9225728 1.18884 
0.9575139 1.202992 
1.042714 1.157535 
0.986978 1.024921 
0.8725892 1.13408 
1.059041 1.143861 
1.118211 0.9967078 
0.859109 1.156351 
1.063212 0.9362731 
1.079731 0.9182634 
1.06368 1.23123 
1.051242 1.105526 
0.983175 1.006892 
1.00974 1.176713 
0.9648173 1.229623 
0.8821957 1.266877 
1.112819 1.552041 
0.9735958 1.328865 
0.9276623 1.266682 
1.126518 1.062502 
0.983584 1.410611 
1.025792 1.036145 
1.043169 1.034761 
0.979476 1.129178 
0.9260738 1.523607 
0.8415128 1.361135 
1.093807 1.336673 
0.9302996 1.369167 
0.9381324 1.137866 
1.015002 0.9470581 
1.140044 0.9171778 
1.009601 0.9307382 
1.013924 0.9163405 
1.116024 0.9236972 
0.9020921 1.105864 
0.9325875 1.151328 
1.068216 1.132782 
1.091952 1.188347 
0.8434339 1.744358 
0.8554351 1.652063 
1.070627 1.38896 
0.9261511 1.347374 
0.9309643 1.266531 
0.9133479 1.11481 
0.8842988 1.506579 
1.123999 1.554201 
1.039762 1.496069 
0.8948877 1.452113 
0.8465562 1.749765 
0.8466103 1.590034 
0.9696668 1.07088 
1.021339 0.9680557 
1.084372 0.7849561 
1.099602 0.8683148 
0.9817346 0.8364172 
1.065104 0.8641227 
0.9308536 0.887426 
0.881777 1.095936 
1.019054 1.002017 
0.9696355 1.055482 
1.067561 0.9566093 
0.9690903 1.020235 
1.060481 1.163769 
0.8293476 1.189593 
1.258914 1.202744 
1.059126 1.297332 
1.018259 1.297521 
0.9493215 1.115063 
1.021865 1.035346 
0.9209299 1.070303 
1.107653 0.8843544 
1.061196 0.869141 
1.028127 0.9543418 
0.9788337 0.9646675 
1.013554 1.179632 
1.009933 1.255081 
0.8798598 1.372085 
0.9364494 1.306686 
0.987732 1.338721 
1.019144 1.247669 
0.9886227 1.015035 
0.9992495 0.9785229 
0.9216744 1.10629 
0.9464436 1.067614 
0.9364101 1.112631 
0.9705909 1.27516 
1.075892 1.778598 
0.9828926 1.564559 
1.181646 1.84788 
0.9519133 1.421994 
1.01756 1.189303 
0.860762 1.354927 
1.147908 1.44866 
1.070808 1.156157 
0.9547056 1.142621 
1.228506 1.08006 
1.049693 1.215646 
1.18345 1.175316 
1.064507 1.095763 
0.9426222 0.9228878 
0.8927858 1.041811 
1.150847 1.036585 
0.9015382 1.000141 
1.005725 1.090242 
1.065583 1.005073 
0.9825571 1.017286 
1.237254 1.056278 
1.097508 1.004309 
0.927452 1.117797 
1.019125 0.9639675 
0.9874345 1.206938 
0.9385822 1.256941 
0.9799511 1.241178 
1.083372 1.433784 
0.8492321 1.880644 
0.9370748 1.583081 
0.9684078 1.243798 
1.003711 1.086799 
0.9562645 0.8646338 
1.159341 0.8649646 
1.141799 1.230259 
1.094654 1.179051 
0.8802254 1.049078 
1.200239 1.006692 
0.960337 1.086678 
0.9521836 1.102886 
1.018475 1.149065 
1.069423 0.9970708 
1.036062 1.059218 
0.8799571 0.995039 
1.027503 1.044384 
0.994226 1.061076 
0.9342046 1.133413 
0.9251886 1.187048 
0.9407413 1.138023 
1.027904 1.101922 
1.109566 1.066356 
0.9120103 1.135546 
0.9517469 1.042413 
0.9103778 1.054537 
1.02685 1.063483 
1.129216 1.028024 
1.06573 1.142693 
1.052241 1.189458 
0.9822785 1.453318 
1.164231 1.194036 
1.026798 1.461392 
1.167992 1.596274 
0.9830518 1.796748 
1.029164 1.655679 
1.171905 1.574498 
0.9703799 2.051931 
1.105813 1.071282 
0.9997361 1.337532 
1.063436 1.054841 
0.8947031 1.327582 
1.043934 1.232618 
1.017454 1.358709 
0.9304687 1.081536 
1.060755 1.267473 
0.9511995 1.230259 
1.122688 1.308112 
0.9726425 1.149776 
1.035187 1.318395 
0.9702986 1.293772 
0.9641267 1.164829 
0.9580246 1.207512 
0.9095826 1.146137 
0.9777071 1.184913 
1.005889 1.347254 
0.815531 1.426632 
0.8851757 1.213028 
0.905769 1.159563 
0.9091478 1.240644 
0.9022707 1.40012 
1.069088 0.9509141 
1.049202 1.056787 
1.102947 1.3097 
1.107064 1.181219 
0.9754205 1.501766 
0.9197514 1.601935 
1.114746 1.126392 
1.110172 1.456898 
1.059463 1.250765 
0.9263218 1.337573 
1.031847 1.2825 
1.152863 1.28923 
0.8723504 1.528085 
0.9653411 1.503249 
1.046846 1.434406 
1.021869 1.324356 
0.961475 1.217558 
0.9586868 1.203396 
1.191928 0.9427073 
1.162174 0.9704481 
0.9235937 1.006721 
1.04317 0.9466503 
1.082369 1.426141 
0.947235 1.477316 
1.048716 1.504554 
1.010223 1.334973 
1.170159 1.059339 
0.946774 1.0378 
1.085829 0.9881469 
1.158318 0.9520971 
1.087742 1.186519 
0.9696059 1.209589 
1.169436 1.199689 
0.9163148 1.297594 
1.135729 1.411438 
0.975025 1.396381 
1.03302 1.400514 
1.121254 1.418432 
0.8875987 1.844288 
0.9109595 2.207187 
1.051635 1.631169 
0.8490301 1.501582 
1.104046 1.874158 
0.8122435 1.744249 
0.9887154 1.770569 
1.006573 1.896236 
0.993251 1.175645 
0.9123665 1.275291 
1.012632 1.355097 
1.042147 1.505814 
0.9823202 1.287429 
1.041525 1.763274 
0.7945742 1.532128 
1.15218 1.120813 
1.062178 1.117376 
0.9571403 1.101182 
0.9434997 1.134002 
1.078622 0.8490218 
0.9743217 0.8170017 
1.07956 0.9121405 
1.047438 0.8249483 
1.051672 0.8483994 
1.055523 0.9916997 
1.076855 0.9410226 
1.017084 1.121498 
0.9852958 0.9988364 
1.009661 0.9935401 
0.986807 1.085597 
1.083319 1.395885 
0.9525995 1.409749 
0.9785 1.31177 
0.958429 1.21639 
0.9478585 1.184278 
0.916554 1.290473 
0.9845787 1.27222 
0.9925875 1.183033 
0.9589089 1.088482 
0.9822151 1.118058 
0.8958396 1.30631 
1.115907 1.221008 
1.088079 1.295412 
1.065738 1.269273 
0.9964778 1.175681 
1.006609 1.285558 
0.9465311 1.122195 
1.109862 1.162863 
0.9749036 1.458755 
0.9027937 1.398181 
1.090723 1.301893 
0.9168613 1.420177 
1.039009 1.238391 
0.999093 1.613195 
0.9919008 1.265227 
1.252128 1.04885 
0.8468421 1.28254 
1.061603 1.181044 
1.124941 1.569 
0.6986888 1.837929 
1.000112 1.237682 
1.05909 1.21101 
1.011315 1.125228 
1.12709 0.92989 
0.9654052 0.9967228 
1.086715 0.9378949 
0.935344 1.105023 
0.9742282 0.9879269 
0.9468027 1.026124 
1.043786 1.000709 
0.9274226 1.020899 
0.9936587 0.982221 
0.937134 1.208205 
0.912592 1.153499 
1.179249 1.086917 
0.9310015 1.096115 
1.046231 1.293417 
1.029767 1.614121 
0.9773225 1.960614 
1.041434 1.631932 
0.8206669 1.95017 
0.9045399 2.063102 
0.9027169 1.76816 
0.9769432 1.468007 
1.027514 1.342615 
0.9265556 1.180309 
0.9168154 1.8483 
0.9718695 1.396447 
1.026999 1.282068 
0.9756651 1.31708 
0.9662157 1.17529 
1.034138 1.179772 
0.8517047 1.242851 
0.9932214 1.176594 
1.07793 1.082505 
1.033678 0.9865957 
1.189789 0.9342714 
0.9853849 0.9096528 
1.015445 1.018425 
0.9840328 0.9561054 
1.100949 1.068844 
1.023231 0.9868854 
1.076201 0.8069615 
0.9876548 1.074459 
1.025781 1.090241 
1.089678 1.171942 
1.043214 0.9631816 
0.9273413 0.9893116 
0.9267025 1.013874 
0.9015325 1.478658 
1.062374 1.328856 
1.032195 1.253505 
0.9103997 1.463571 
1.213866 1.478163 
0.9697335 1.263072 
0.8687921 1.596384 
0.9301401 1.544584 
1.003102 1.446485 
1.003668 1.476017 
0.8561438 1.42999 
1.05186 1.277933 
1.19864 1.563024 
0.9897802 1.35047 
0.9346028 1.32572 
0.9977931 1.104515 
0.984971 1.143468 
1.12904 1.095603 
1.116967 1.089885 
1.247336 1.301732 
1.020706 1.008364 
1.055129 1.065583 
1.234376 1.139448 
1.063659 1.047053 
0.9444349 1.073103 
0.9978159 1.103609 
1.153638 1.328808 
0.9491451 1.377523 
0.8295345 1.267133 
0.9534341 1.243854 
0.9988848 1.062139 
1.054681 1.010784 
0.9271904 0.9755108 
1.002336 0.9831591 
1.106004 1.043917 
1.076926 1.141591 
1.113566 1.200024 
1.025363 1.221028 
0.9896959 1.089829 
0.9570982 1.190559 
0.9901633 1.229873 
1.024842 1.209272 
1.091988 1.16566 
0.9393037 1.068322 
0.94645 1.00212 
0.9603923 0.947283 
1.03054 0.93826 
1.037938 0.9319212 
0.9455877 1.144943 
0.922441 1.154694 
0.9221322 1.233993 
0.9826686 1.072024 
0.9754254 1.186153 
1.24577 1.339932 
1.04108 1.148172 
1.070655 1.217429 
0.9889371 1.553283 
0.9578279 1.336979 
0.9815367 1.44085 
0.9251098 1.20378 
0.8454586 1.150788 
0.9555126 1.047323 
1.102009 1.094604 
0.9803717 0.9468218 
1.001243 1.057388 
0.9454272 0.9642991 
1.090604 1.118377 
1.030544 1.213355 
1.040164 1.091297 
0.9239304 1.217758 
1.100194 1.124831 
1.025532 1.427871 
1.121715 1.444191 
0.8368357 1.365347 
1.109484 1.123398 
1.0277 1.351663 
0.9994197 1.188475 
0.9571931 1.196439 
0.9719501 1.367385 
0.9906366 1.499257 
0.8829596 1.456188 
0.9464246 1.375932 
1.007955 1.442779 
0.8980857 1.360912 
0.9314246 1.288844 
1.022431 1.612058 
1.011447 1.389392 
0.9511053 1.3906 
0.9380087 1.292808 
0.9148581 1.452247 
0.9728248 1.197514 
0.9818681 1.16212 
0.9764754 1.115246 
1.002935 1.270255 
1.076012 1.248907 
0.8589073 1.356476 
0.9693855 1.115167 
0.9505226 1.105235 
1.109613 1.196226 
1.009717 1.101155 
1.085898 1.071553 
0.9747957 1.397317 
0.9696533 1.205198 
0.9929653 1.152863 
0.9307726 1.164832 
1.054327 1.003824 
0.8972852 1.075819 
1.150084 1.110058 
1.009983 1.134098 
1.223316 1.156227 
1.015342 1.183017 
1.083521 1.121549 
0.9551435 1.374211 
1.035433 1.227553 
1.037394 1.132144 
0.9788479 1.277826 
1.099959 0.9590004 
0.9751119 1.010638 
1.119922 1.027014 
1.019775 1.205454 
1.014135 1.13955 
0.9526647 1.156356 
0.9264297 1.195569 
1.248062 1.220052 
0.9048728 1.354187 
1.039373 1.334489 
1.124331 1.57726 
1.042803 1.369517 
0.9015503 1.274065 
0.885781 1.337598 
0.9242387 1.236351 
1.090941 1.113802 
1.061962 1.249657 
1.194715 1.044577 
1.048141 1.119188 
0.9876992 1.081728 
1.073177 0.908472 
1.021995 0.9871727 
1.118556 0.8696888 
0.9850473 0.9052333 
1.108342 0.8540645 
1.030856 1.059572 
1.096147 0.9491374 
1.202397 0.9134435 
0.9470677 1.055009 
1.06662 0.9406382 
1.033738 0.9324474 
0.9660474 0.8868144 
1.086262 0.9834581 
0.9170744 0.9798856 
0.9483191 1.135024 
1.000121 0.9320075 
1.095438 0.9069803 
0.9615776 0.8060419 
1.11523 0.858488 
1.080078 0.8102447 
1.007273 0.843462 
1.013363 0.7506081 
1.011631 0.8018467 
1.076485 0.9823535 
1.044641 0.9063054 
1.049462 0.9592616 
0.9365691 0.9184798 
1.044148 0.9511346 
1.072085 0.9848796 
0.9836954 1.008625 
1.01819 1.007655 
1.150731 0.9879953 
1.02058 1.160196 
1.107689 1.192091 
1.034516 1.168397 
1.04033 1.109436 
1.017149 1.248962 
0.9679762 1.129684 
1.029404 1.050512 
0.8370152 1.209859 
1.036268 1.005379 
0.9760328 1.092967 
1.091363 0.9714358 
0.8989114 0.9740616 
1.096915 1.034519 
1.058821 1.079345 
1.011289 0.9735083 
0.971152 1.087544 
1.174221 1.076732 
1.036068 1.03464 
0.9695292 1.075626 
0.9953171 1.141601 
0.9393745 1.224045 
1.203176 1.027883 
0.9637362 1.163581 
1.001389 1.030019 
0.9072847 1.520782 
0.9473494 1.256395 
1.140855 0.9999112 
0.9508437 1.139928 
1.017643 0.9830111 
0.8994511 0.9876096 
1.126629 0.9928088 
1.120353 1.089698 
1.126632 1.111937 
0.9996622 1.070752 
1.049097 1.151196 
1.043988 1.2685 
0.9532558 1.320356 
1.076018 0.9943853 
1.106868 1.153115 
0.8919957 1.237962 
0.9784821 1.193446 
1.01236 1.127614 
0.8864686 1.087381 
1.017395 1.298458 
1.024305 1.142685 
1.121866 0.9110761 
0.9709193 1.155101 
0.8660698 1.165837 
0.9399052 1.354228 
1.125252 1.300466 
1.049348 1.123419 
1.01452 1.046411 
1.085654 1.054813 
1.053911 1.065749 
0.9957457 1.30698 
0.8751471 1.321796 
0.9111367 1.170418 
0.9400663 1.348819 
1.045079 1.153235 
0.9391745 1.249965 
0.9074676 1.426357 
0.8218316 1.610192 
0.9429339 1.185446 
1.331966 1.38337 
1.073114 1.447005 
0.8107351 1.433852 
1.039357 1.532246 
1.013926 1.353393 
1.011856 1.278453 
1.042788 1.177118 
1.05641 1.15627 
1.071002 1.06802 
0.9712615 0.9547753 
1.1448 1.038771 
0.8962546 0.8819418 
1.161634 0.8943159 
0.9533613 1.01542 
0.7938842 1.446506 
0.9123787 1.222388 
1.068819 1.11721 
1.084281 1.299139 
0.8782617 1.230406 
0.8382255 1.419248 
1.002555 1.332144 
1.135859 1.248137 
1.107101 1.189937 
0.9175314 1.367014 
1.120619 1.127875 
0.9467382 1.22504 
1.134071 1.09625 
0.8840113 1.246363 
0.9919243 1.266193 
1.114155 1.124426 
1.014609 1.278277 
0.9719377 1.221144 
0.9341224 1.122288 
1.053375 1.02791 
1.057943 1.082151 
1.01629 1.229459 
0.8855103 1.235645 
0.9119333 1.297934 
0.9693499 1.432227 
1.014009 1.516405 
1.070057 1.720447 
1.037356 1.291959 
0.7816698 1.470193 
1.00825 1.239975 
0.9388679 1.126091 
0.9931292 1.095154 
1.074008 1.036967 
1.084385 0.9831017 
0.9040298 1.084923 
1.018334 1.031185 
0.9378947 1.026761 
0.9777165 1.060072 
1.057491 1.147629 
0.895127 1.270722 
1.010799 1.285232 
0.8746939 1.294954 
0.8588855 1.388675 
0.9350496 1.420858 
1.061927 1.174368 
1.007943 1.128969 
0.9980806 1.11346 
1.027003 1.130084 
1.122079 1.124856 
0.9879772 0.9614148 
0.9467704 0.9394822 
1.039447 1.039575 
0.9493824 0.9541696 
1.058462 1.003413 
1.058733 0.8503098 
0.9603934 0.9549178 
1.016026 0.9251721 
1.086322 1.082671 
1.00798 1.149271 
1.013044 1.166624 
0.9519696 1.144676 
0.9420365 1.077052 
1.070115 1.017503 
1.054231 1.046524 
1.086012 1.174942 
0.9121894 1.146613 
0.9582369 1.055933 
1.138762 0.9172964 
1.049103 0.8137818 
1.052125 0.8722455 
1.02207 0.7858641 
1.137344 0.8987978 
0.9444077 0.8864316 
1.034303 1.031222 
1.052235 0.8973067 
1.181166 1.074679 
1.054182 0.989668 
1.014214 0.9386081 
1.059798 0.9088884 
1.053529 0.9289665 
1.186838 0.9949637 
0.9890684 1.085972 
1.083911 0.9807288 
0.9840462 0.9688422 
1.007041 0.7973531 
1.080733 0.8541918 
1.051369 1.073412 
1.032074 1.092471 
0.8403123 1.214006 
0.9031849 1.555451 
0.8531663 1.498669 
1.060562 1.499608 
1.042483 1.088803 
0.9305733 1.368698 
0.8754921 1.583805 
0.9427109 1.371634 
1.002807 1.45404 
0.9353207 1.402539 
0.9611399 1.118318 
0.9616118 1.159179 
1.005082 0.9881355 
1.012763 0.9802795 
1.02433 0.9972619 
1.002021 0.9569665 
1.004096 1.215048 
1.060692 0.9725376 
0.9127182 1.090963 
1.003824 1.018302 
1.072556 1.025437 
1.071945 1.020281 
1.067927 1.184854 
0.8324579 1.21921 
1.030235 1.467166 
1.082509 1.262657 
0.8409814 1.490202 
0.9422284 1.612125 
1.038155 1.298118 
1.028544 1.26083 
0.9167903 1.236725 
1.086995 1.175126 
0.9997804 1.054394 
1.010024 1.091495 
0.8056253 1.528092 
1.048317 1.379478 
1.013819 1.267557 
1.03229 1.073277 
1.018501 1.088695 
0.9918767 1.067432 
1.069825 1.46251 
0.8524033 1.41706 
0.8863816 1.977588 
0.8428392 1.538371 
0.9667335 1.289508 
0.9077056 1.27261 
0.9565187 1.338348 
1.007613 1.280982 
0.9734553 1.221036 
0.988194 1.037866 
0.8832589 1.081372 
0.9587348 1.189464 
1.067703 0.9592317 
1.014779 0.9185503 
1.029825 1.1915 
0.9610865 1.251084 
0.9583161 1.29282 
1.048486 1.153075 
1.028505 0.945695 
0.8937219 0.9618748 
0.9044126 0.9939733 
1.028035 0.9902179 
0.9739639 0.950297 
1.004489 1.166309 
1.027816 1.275684 
1.073213 1.294457 
1.186623 1.363879 
1.003645 1.022475 
1.011821 1.155931 
1.110106 1.014341 
1.163191 1.070365 
0.9991068 1.155689 
0.8149703 1.458644 
1.030721 1.321961 
1.033244 1.370777 
1.114244 1.55976 
0.8459029 1.39125 
1.006523 1.310076 
0.9313769 1.335789 
0.9661939 1.310088 
0.8670592 1.230195 
1.116762 1.340838 
1.085708 1.188595 
1.092317 1.083545 
0.9851727 1.314855 
1.072991 1.438943 
0.99756 1.473288 
1.08537 1.23973 
0.9776235 1.104492 
1.002882 1.1083 
0.9779337 1.019456 
0.9218974 1.034306 
1.055245 1.018291 
0.9889056 0.9815048 
0.9935075 0.9616671 
1.036458 0.839368 
1.016276 0.7838028 
1.049405 0.9883675 
0.9913138 0.9876223 
1.019256 0.9379423 
1.028155 1.001268 
0.8995639 1.045288 
0.9853175 0.87229 
0.969131 0.8290051 
1.091571 0.8302702 
0.898776 0.9696051 
0.9766138 0.9359956 
1.035533 0.7172248 
1.037452 0.7977287 
1.011581 0.7533007 
1.043395 0.9121702 
0.9662088 0.8965077 
0.9810262 0.9855862 
0.9966272 1.063305 
0.9768708 1.099257 
0.925869 1.191498 
1.296132 1.287882 
0.9464484 1.371682 
0.8714669 1.926772 
1.083735 1.229432 
1.030253 1.593221 
1.022824 1.305155 
1.009851 1.215594 
0.8672131 1.111812 
1.016536 0.9948565 
0.9197248 0.9656238 
0.9024963 1.045106 
0.8650283 1.20074 
0.9004321 1.140082 
0.9572407 1.284543 
0.9448331 1.23738 
0.8877157 1.078401 
1.257673 1.081836 
1.054481 1.377616 
1.059299 1.148436 
0.9367397 0.9088506 
1.047254 1.11396 
1.027494 1.060241 
0.9423721 1.08317 
0.9178056 1.082728 
0.9622649 1.232626 
1.096948 1.452064 
0.9978353 1.440408 
0.9946018 1.177565 
0.9931877 1.270362 
0.9343838 1.409969 
0.9065219 1.063464 
1.003035 1.316135 
1.039801 1.110264 
1.012398 1.215024 
1.110593 1.193517 
0.9283929 1.229935 
0.9909614 1.131367 
1.045164 1.231829 
1.081346 1.214404 
1.068599 1.293696 
0.9703546 1.347744 
0.9172463 1.147021 
0.9855567 1.143061 
0.8093998 1.348061 
1.151454 1.214942 
0.9546015 1.204622 
1.092445 1.327076 
0.8434647 1.305668 
0.9258321 1.298597 
0.9079069 1.310639 
1.111942 1.239123 
1.135268 1.189953 
0.9463681 1.136369 
1.068414 1.10856 
1.160374 1.155642 
0.8986904 1.341365 
0.9950944 0.9606184 
0.9722466 0.9810322 
0.9911725 1.087276 
0.9934662 1.069672 
0.9974182 1.090172 
1.055331 1.262569 
0.8778893 1.365092 
0.9079274 1.232053 
1.004803 1.25712 
0.8870807 1.130273 
1.161216 1.159484 
1.004528 1.075248 
1.058615 0.9800306 
1.109227 1.117464 
1.084693 1.1638 
0.9110528 1.098479 
0.9439108 1.276898 
1.20052 1.138947 
0.927544 1.339129 
1.074975 1.36719 
0.8627938 1.284287 
1.218585 1.482328 
1.005909 1.729934 
0.8893783 1.562935 
1.117727 1.593212 
0.9342909 1.369705 
0.8655323 1.226306 
0.8643636 1.318399 
0.9081408 1.23483 
1.008514 1.035992 
0.966704 1.211139 
0.8833494 1.080618 
0.9683211 1.106735 
0.8841372 1.188012 
0.9226761 1.107656 
1.028898 0.9830843 
1.018625 0.9687539 
1.025474 0.9608214 
0.9877238 0.9264829 
0.9589979 0.9056469 
0.9515101 0.9517352 
1.293834 1.175174 
1.028376 1.700717 
0.8310789 1.706958 
0.8873893 2.343793 
0.8824695 2.283521 
0.9703063 1.982962 
0.9071046 2.020047 
0.9415129 2.226691 
1.024794 1.419988 
0.8610894 1.623172 
0.9378844 1.434487 
1.037428 1.347154 
0.9931863 1.280497 
0.8534328 1.376813 
0.9585398 1.21689 
1.059772 1.355278 
1.015273 1.351873 
1.00261 1.183762 
1.181719 1.113917 
1.10739 1.115891 
0.9288569 0.9865062 
1.036513 1.156574 
0.9257554 1.144345 
1.103278 0.901261 
1.038904 1.029786 
1.021655 0.9048584 
0.905248 1.030792 
1.026998 1.142621 
0.9523749 1.147596 
1.093643 1.186654 
0.8830224 1.286652 
0.9578416 1.211233 
1.094999 1.21134 
1.138367 1.122843 
1.08623 1.308778 
1.037501 1.356709 
0.9712255 1.18775 
1.0326 1.458816 
0.8386118 1.269308 
0.9118679 1.168037 
0.9089886 1.45958 
1.100383 1.209079 
0.9866494 1.224392 
0.9303942 0.9967246 
1.168672 1.260305 
0.9503335 1.067948 
0.9837057 0.9188832 
0.8642025 0.9996221 
0.9735436 1.061945 
1.003812 1.019569 
1.136051 1.142958 
0.9665722 1.125236 
0.9066822 1.046877 
1.079432 1.020723 
1.014706 1.06113 
1.123668 0.8650269 
1.018013 0.8661494 
1.236329 0.9136414 
1.004725 0.9776359 
1.043762 1.010711 
0.9287892 0.9539296 
1.002346 0.9946109 
1.084086 1.123827 
1.194654 1.069327 
1.099462 0.9645421 
0.9163128 1.177325 
1.038782 0.9636657 
1.01287 0.945889 
1.130654 1.069528 
1.010651 1.062759 
0.9588706 1.867858 
0.875157 1.736124 
0.7843261 1.662636 
0.8396138 1.357364 
1.024904 1.257918 
1.003349 1.383972 
1.069085 1.120625 
0.9386658 1.07957 
1.15893 1.148878 
1.025226 1.117792 
1.012831 1.04838 
1.085895 0.9476002 
1.070524 1.04038 
1.117861 0.9997575 
1.240164 1.048773 
1.060117 1.132544 
1.126681 1.150014 
1.01462 1.070425 
0.9677673 0.9697112 
1.225995 0.9565088 
0.9214093 0.9737395 
1.006809 1.055173 
0.9722549 1.163758 
0.9869145 1.397049 
0.9341142 1.119039 
0.9971422 1.076417 
1.021932 1.070936 
1.029462 1.008738 
1.01115 1.027222 
1.089922 0.9608684 
1.103458 0.9234227 
0.9856579 1.083284 
0.9433359 1.229295 
1.063848 1.338646 
1.013567 1.399638 
0.8165785 1.582052 
0.9207806 1.757661 
0.991987 1.351908 
0.9934284 1.203726 
1.11142 1.12109 
1.175472 1.055182 
1.009891 1.142502 
1.104206 1.035742 
1.158753 1.17568 
0.9326696 1.052127 
1.031786 1.077309 
1.088415 1.104197 
0.9347369 1.221403 
0.9797558 1.196381 
1.084231 1.247472 
1.0927 1.142469 
1.083496 0.9886933 
1.02747 1.048862 
0.9821794 0.9808195 
0.9942931 0.9670656 
0.8600901 1.156432 
1.072698 1.071016 
1.076583 1.076933 
1.006378 0.9380626 
0.9745606 1.216956 
0.9970461 1.22644 
1.018402 1.394777 
1.112812 1.12726 
0.8904406 1.32474 
0.9300789 1.293637 
0.8534562 1.399923 
1.071203 1.199908 
1.127298 1.158028 
0.9409666 1.183338 
0.9061023 1.182828 
1.09345 0.982164 
1.025165 1.135967 
1.006139 0.9830307 
1.104214 1.14369 
1.17608 1.102255 
0.8905403 1.124605 
1.10583 1.257919 
0.9124448 1.477773 
1.143021 1.57976 
0.9541733 1.192525 
0.9586007 1.283022 
0.982153 1.195333 
0.9477447 1.327525 
1.030532 1.426995 
0.9281376 1.528709 
1.093325 1.072036 
1.070675 0.9916659 
1.023401 1.042187 
1.121778 1.148177 
1.111518 1.11463 
1.095133 0.939034 
1.011363 1.008239 
1.083781 1.007225 
0.9885354 1.037581 
0.981419 1.19363 
1.009672 1.345846 
1.196997 1.359764 
0.8178961 1.454673 
1.038187 1.898785 
0.8690283 1.672184 
0.9267816 1.397 
0.9687174 1.119378 
0.9744651 1.22798 
0.8874711 1.071857 
1.093659 1.320768 
0.9725501 1.135457 
1.138236 1.089959 
1.117976 0.9336977 
1.053977 1.122545 
1.014153 1.194782 
1.040208 1.198659 
0.9160709 2.204592 
0.8875351 1.556605 
1.008543 1.583906 
0.9809576 1.825061 
0.8504584 1.995648 
0.9578959 1.705562 
0.8839589 1.597736 
0.9327373 1.264523 
0.8682111 1.298478 
1.020216 1.106967 
1.070445 1.371289 
1.010314 1.495622 
0.8972642 1.560286 
1.050248 1.568514 
1.029519 1.432242 
0.8416207 1.476441 
1.06841 1.098698 
0.9393986 1.098635 
1.117121 1.058362 
0.9747608 1.06055 
1.045031 1.011045 
0.887612 1.019542 
1.073764 1.038244 
1.215398 1.192674 
1.048623 1.397752 
0.9683466 1.325911 
1.03716 1.301418 
1.149154 1.531743 
0.8487705 1.557616 
0.916583 2.111722 
0.9498762 1.708626 
0.9258902 1.506272 
1.096316 1.130716 
1.044774 1.176707 
0.965057 1.064308 
1.104944 1.000439 
1.099866 1.276391 
1.075485 1.090088 
0.9612286 1.053959 
1.082172 1.068762 
1.061988 1.095284 
0.7751173 1.148417 
1.089079 1.103454 
0.9878915 1.16036 
1.055028 1.071563 
0.9022133 1.067301 
0.8728782 0.9644107 
0.9991065 1.032962 
1.076085 0.9921253 
1.045959 1.120023 
0.8796881 1.338587 
1.055826 1.268585 
1.029468 1.628625 
1.011659 1.387205 
0.8836604 1.455219 
1.186059 1.340747 
1.386456 1.044231 
1.09935 1.230482 
0.8811378 1.056325 
0.9588777 1.09266 
1.001361 1.140616 
0.8471623 1.238506 
1.132055 1.200113 
1.000523 1.083628 
0.8264828 1.06702 
1.044829 1.316913 
1.049712 1.355967 
1.173775 1.421932 
1.110122 1.400843 
0.856495 1.293314 
1.078113 1.246062 
0.9347274 1.065059 
1.144052 0.9371976 
1.037077 1.079501 
0.9736578 1.051538 
1.125909 0.9856463 
1.085329 0.9395841 
0.9629486 1.012009 
0.9895244 0.9949461 
1.179958 1.047351 
1.067356 1.105898 
0.9958904 1.122332 
0.8898865 1.018971 
0.9231304 1.135964 
0.993921 1.093542 
0.9623622 1.167471 
0.9468398 1.145869 
1.048698 1.087692 
1.120276 1.169608 
1.054985 1.23219 
1.094148 1.622071 
1.177834 1.619835 
0.9433486 1.351017 
1.006531 1.038868 
0.916638 1.124337 
0.9127811 1.198287 
1.215185 1.056345 
0.9420305 1.054313 
0.9323973 1.130594 
0.9481938 0.9471403 
0.9595139 1.035103 
1.288855 0.8847879 
0.9487709 0.9202879 
1.041347 0.8276861 
0.8708416 1.037639 
0.9988691 0.9599894 
0.9694066 0.9401067 
0.9577388 1.125637 
1.038719 0.9130748 
0.9975942 0.9611101 
0.8650703 1.268644 
1.045737 1.078115 
0.9499431 0.961836 
0.9665474 1.076495 
1.051792 0.993732 
0.9846879 0.9423732 
1.032742 1.069657 
1.0015 1.01962 
1.223145 0.9303579 
1.124395 0.9414027 
0.9883806 0.8611654 
1.114329 0.9871373 
1.037 1.121352 
1.091337 1.00989 
1.008981 1.25589 
0.9058609 1.155963 
1.025016 0.9138623 
1.075633 0.9647414 
1.099524 0.9883264 
0.9422599 1.04858 
0.9744009 1.127725 
1.259625 0.9914537 
1.13263 0.9931563 
0.8424376 1.045366 
0.9437866 1.00825 
1.010461 0.9851027 
1.081074 0.9724243 
0.8957518 1.209702 
0.9571492 1.011936 
1.081554 1.181246 
1.005658 1.057173 
1.139142 0.9232367 
1.159475 0.9473689 
1.004178 0.918583 
0.9800618 1.168922 
0.9751248 1.215355 
1.070569 1.206188 
0.864507 1.332451 
0.9666481 1.055781 
0.9451142 1.142841 
1.07605 0.9183848 
1.21899 0.92826 
1.014253 1.051826 
0.9672859 1.316299 
0.8713694 1.177927 
0.9679004 1.212887 
1.059457 1.021798 
1.029249 1.207099 
1.087528 1.332842 
0.8887303 1.80123 
0.9403838 1.283486 
0.8814522 1.45247 
1.059655 1.228889 
0.9415933 1.165964 
0.9048493 1.134872 
0.9640777 1.127553 
1.038624 1.26654 
1.047009 1.106104 
0.9496198 1.239282 
1.182496 1.229475 
1.023117 1.24399 
1.075743 1.141467 
1.015246 1.170887 
1.120477 1.000449 
0.8699621 1.02696 
1.177156 1.030015 
1.071108 1.071159 
1.138753 0.9781909 
0.9918743 0.8571486 
1.030375 1.124906 
1.176479 1.027052 
1.108502 0.9376445 
0.9179161 1.213251 
0.9709142 0.9496099 
1.296862 1.020278 
0.9857353 1.086281 
1.079157 1.011049 
1.150516 1.033302 
1.038712 0.9184083 
0.9698902 1.09013 
1.013172 0.888075 
1.109376 0.8397668 
1.009816 0.8752551 
0.988168 0.8537262 
1.214502 0.9697152 
1.010526 1.12564 
1.073368 1.047149 
1.022956 1.235949 
1.039506 1.241493 
0.9312286 1.348801 
0.9166463 1.700088 
0.863028 1.464701 
0.9907977 1.032733 
0.997565 1.088366 
0.9651723 1.059126 
1.018426 0.9736916 
1.033774 1.172396 
0.9508489 0.9969715 
1.016164 0.8955607 
0.9698058 0.8869922 
1.111556 0.9133501 
1.02067 0.7575987 
0.9723728 0.8184039 
1.100711 0.8680757 
1.031281 0.9710182 
0.8931936 1.026219 
0.9981298 1.050474 
0.9961632 0.913105 
1.03464 1.091178 
1.052024 1.000906 
1.074172 1.129011 
0.9722947 1.229962 
1.021302 1.125418 
1.15349 1.273958 
1.026181 1.301715 
0.9601152 1.229614 
0.9427974 1.050851 
1.065626 1.126868 
0.8886391 1.370783 
0.9739737 1.249089 
1.050419 1.234339 
1.063566 1.097283 
1.086404 1.16318 
0.9628318 0.8931861 
1.073008 0.7934603 
1.084704 0.8462544 
0.9678987 0.8342716 
1.202582 0.8472873 
1.148451 0.9512578 
1.055093 0.9159725 
1.018176 0.9580726 
1.005046 0.9141847 
1.022583 0.8288432 
1.059713 0.8264519 
1.169535 0.9122792 
0.9924714 0.9441649 
0.9918647 1.152738 
0.9684224 1.206809 
1.075679 1.095483 
1.054117 1.132397 
1.131946 1.011394 
1.330981 1.014477 
0.7768486 1.027766 
0.9843701 0.8918326 
1.094661 1.053295 
1.286232 1.101676 
1.096056 1.019893 
1.045975 1.229286 
0.9564235 1.089663 
0.9992402 1.276789 
0.9948548 1.094924 
1.039221 1.017626 
1.200851 1.167194 
0.9506271 1.347942 
1.085504 1.268869 
0.9689113 1.403707 
0.7697247 1.527615 
1.065794 1.56332 
1.108402 1.540605 
1.064182 1.495887 
0.9222858 1.311349 
0.9711599 1.189491 
1.093753 1.186292 
1.153128 0.9731293 
1.006194 0.9945523 
0.9982909 1.068836 
0.9033281 1.020538 
1.039601 0.888664 
0.998289 0.9760442 
1.015102 0.8497786 
1.048345 0.8901875 
1.070066 0.8941761 
1.158948 1.033405 
1.146485 0.963221 
1.173636 0.9237039 
0.8338922 1.001044 
1.131552 1.039777 
0.9236216 1.240975 
1.09122 1.149968 
1.143318 1.082786 
1.061795 0.9769866 
1.172368 0.9876767 
1.013853 0.9258226 
0.9809213 0.90661 
0.9719569 1.066455 
0.9737447 0.9417673 
0.9364993 0.9350398 
1.062053 0.9625274 
0.980811 1.013801 
1.032364 1.260829 
1.050579 1.365001 
0.9742831 1.361241 
0.9311609 1.57644 
1.002677 1.257204 
0.9615652 1.145126 
1.151952 1.184172 
0.9658309 1.013675 
1.23501 1.166701 
1.012518 1.379651 
0.9449145 1.485165 
0.9487052 1.367297 
1.053998 1.398266 
1.123881 1.148255 
1.023438 1.101772 
1.079715 1.01519 
0.9671256 0.8807134 
1.228614 0.9538513 
1.322893 1.035284 
0.9719871 0.9781298 
1.15458 0.9703107 
1.075618 1.011452 
1.022559 1.007097 
0.9093264 1.14078 
0.998702 0.9094613 
1.224715 1.041551 
1.121436 1.12145 
0.9554834 1.28801 
1.035268 0.9196142 
1.118599 1.092579 
1.014334 1.007968 
0.956306 0.9048218 
1.090512 0.9115842 
0.9057219 0.8325426 
0.999585 0.9878558 
0.8938141 1.104732 
1.062903 0.9598535 
1.021858 0.9511827 
1.092629 1.056747 
0.9295663 1.108894 
0.9496085 1.235517 
1.051727 1.350889 
0.8956197 1.1383 
1.144242 0.9714562 
1.145295 0.9811815 
0.988252 1.075283 
0.9624609 1.534056 
0.9647265 1.31977 
1.025269 1.000528 
0.893127 1.072295 
0.9973624 0.9681066 
1.126431 1.332735 
1.061037 1.263356 
0.9520722 1.255755 
1.004848 1.011879 
0.8983405 1.431172 
0.938602 1.157938 
0.9847317 1.313394 
1.23092 0.996784 
0.8574026 1.23724 
1.069026 1.148926 
0.9194569 1.209457 
1.053936 1.290616 
0.9849582 1.509129 
1.025117 1.349301 
1.018547 1.230012 
0.9286681 1.427527 
0.9383451 1.515372 
1.118816 1.371483 
1.009292 1.093532 
1.16103 1.179427 
0.9028923 1.242376 
1.144021 1.051561 
0.9803495 0.9761857 
1.025433 1.06302 
1.005304 1.189042 
1.062921 1.346359 
0.911844 1.531974 
1.081567 1.127162 
1.049725 1.215221 
0.8162199 1.388981 
0.8648722 1.21944 
1.061008 1.477338 
0.7725793 2.205858 
1.360739 1.172146 
0.9006186 1.037999 
0.9909997 1.144636 
1.138582 1.128677 
1.026105 1.067234 
1.070439 1.138078 
1.141475 1.01597 
0.9333499 1.024632 
1.007237 1.110699 
0.8684587 1.209451 
0.9051048 1.152584 
1.070696 1.14367 
1.086027 1.076899 
0.9557195 1.232173 
1.007029 1.18492 
0.9681828 1.043935 
1.097729 1.037705 
1.055603 1.313863 
0.9054162 1.542201 
0.8783786 1.392751 
0.9989456 1.499118 
1.115959 1.215729 
0.9644925 1.354472 
0.9837417 1.231087 
1.06088 1.134804 
0.8765859 1.133525 
1.136646 1.323782 
0.8963602 1.426788 
0.9384375 1.792283 
0.8756831 1.378391 
0.9578055 1.184705 
0.9636954 1.112526 
1.061947 1.082823 
0.8903662 1.338597 
0.9755353 1.230364 
0.9640811 1.161359 
1.025143 1.022579 
1.032971 0.9873087 
0.9819179 0.9547159 
1.097592 1.08563 
0.9759435 1.054431 
0.9537941 1.216756 
0.957387 1.196374 
1.163003 1.105419 
1.099921 1.155305 
1.002921 1.110465 
1.049459 1.271671 
0.9858621 1.215256 
0.9446559 1.431223 
0.9573173 1.33486 
1.044948 1.328754 
1.011654 1.458374 
1.090855 1.344987 
1.0251 1.259863 
1.129094 1.075019 
0.9737937 0.9400199 
0.9701559 1.024838 
1.103157 1.07966 
1.024931 1.034836 
0.9351855 1.069942 
1.080194 0.9805239 
1.060178 1.027295 
0.952651 1.194842 
1.23869 1.240873 
1.138868 0.8751611 
1.030151 1.043505 
0.9815541 1.024249 
1.073652 0.9923142 
1.090935 0.9337723 
0.8856258 1.214464 
0.9747044 1.016175 
1.08733 1.10009 
0.8776054 1.10042 
1.046407 1.084509 
1.091943 1.049564 
0.9707917 1.097356 
1.019115 1.175277 
0.9344202 1.1313 
1.046766 1.397659 
1.111665 1.081285 
1.053581 1.001901 
0.9366529 1.072466 
1.051729 1.251553 
1.092677 1.194349 
1.214946 1.015317 
0.9967699 1.036245 
1.04358 1.379271 
1.015794 1.2087 
0.9435918 1.22244 
1.139195 1.156108 
1.041936 1.342527 
0.9308873 1.089229 
1.055277 0.9601024 
1.063215 0.8595412 
0.9908432 0.9393865 
1.005647 0.9092543 
0.9281398 0.8314156 
1.09772 0.9042179 
0.9410075 0.9038529 
0.998061 0.8383096 
1.088456 0.9954944 
1.009725 1.11558 
0.9866839 1.275924 
1.090882 0.989443 
1.096763 0.8792047 
1.085025 0.8643403 
1.029043 1.102189 
1.02317 1.136473 
0.8564023 1.311917 
0.9102554 1.526005 
1.069325 1.172356 
1.008891 1.321217 
1.21766 1.616984 
1.015317 1.34932 
1.024178 1.148551 
1.163659 1.060188 
1.060698 1.273156 
1.081122 1.423953 
0.7806338 1.594332 
1.073785 1.323879 
0.9048016 1.517467 
1.006847 1.24438 
0.954422 1.484287 
0.9490114 0.9925708 
0.9499367 1.0055 
1.14895 0.9303162 
0.9921225 0.8577366 
0.9396492 0.8571414 
0.9714898 0.9540607 
1.078683 0.9977136 
0.9934119 0.9890161 
0.8835626 1.112364 
0.9095054 0.8810566 
1.129808 0.956608 
1.078206 1.030739 
0.8904893 1.347685 
1.149023 1.370861 
1.003001 1.238267 
0.8265797 1.358626 
1.015113 1.068016 
1.136791 1.120785 
1.001158 0.9699462 
0.8953703 1.088498 
1.043558 1.135688 
1.024337 1.170176 
1.092148 1.42203 
0.8901444 1.321571 
0.9254693 1.355448 
0.893734 1.270375 
1.043263 1.413119 
1.111895 1.192887 
1.056158 1.291458 
0.8591522 1.733898 
1.178983 1.597982 
0.8843021 1.646292 
0.9194339 1.693693 
0.9348617 1.542097 
1.064646 1.272095 
1.140312 1.390702 
0.9845049 1.417118 
0.82555 1.60945 
0.9999326 1.564127 
0.8873698 1.455628 
0.9609065 1.404544 
1.02701 1.267185 
0.9409487 1.433858 
0.9606763 1.496479 
1.101615 1.199378 
0.9844901 1.132255 
1.075621 1.027957 
0.9705434 1.048572 
0.9888853 1.07588 
1.092803 1.025027 
1.099529 1.189601 
1.024748 1.073283 
1.031247 1.101663 
0.8990326 1.151567 
0.9911553 1.144453 
1.124579 1.125032 
1.111476 1.069169 
1.161943 0.8304532 
0.9528953 0.9862608 
0.9186746 0.9287587 
0.98651 1.072517 
1.06835 1.243657 
1.013214 1.123811 
1.069976 1.200936 
1.050001 1.37835 
0.9645718 1.456677 
1.037034 1.549602 
0.9101571 1.493264 
1.02052 1.34326 
0.8340906 1.4512 
0.8239418 1.202903 
0.8480108 1.651131 
0.8811379 1.588895 
0.8975542 1.625472 
0.910998 1.251971 
0.966517 0.9775983 
1.196147 0.9829157 
0.9404157 0.8907715 
1.005822 0.9894786 
1.058864 0.9264675 
1.008053 1.121729 
1.053198 1.37888 
0.8635853 1.064511 
1.144705 0.9230934 
1.052941 0.9580698 
0.9950416 1.081682 
0.9403914 1.501167 
1.07046 1.234369 
1.04062 0.8901061 
0.9299492 1.045352 
1.148117 2.038793 
0.949287 1.142413 
1.057337 1.165844 
0.9621188 1.210793 
1.052023 1.190984 
0.9272379 1.374752 
1.020598 1.429409 
1.041156 1.4585 
0.9669708 1.389781 
0.9940361 1.563599 
0.9457871 1.378731 
1.182065 1.694943 
1.158566 1.225507 
0.9383322 1.412623 
0.8948218 1.340955 
1.163588 1.141106 
0.9059469 1.250751 
1.00167 1.274548 
0.9493703 1.152039 
0.9468545 1.232907 
1.043174 1.555974 
1.033523 1.360699 
0.9682862 1.193618 
1.103303 1.054024 
1.084958 0.9232493 
0.9877812 1.19646 
1.101743 1.076965 
1.018675 1.075382 
0.9733366 1.297478 
0.9930658 1.170927 
0.8043674 1.305211 
0.9150495 1.205348 
1.031797 0.9782052 
1.091398 0.8926952 
0.972694 1.017436 
0.9109234 1.576152 
1.057599 1.32599 
1.00323 1.462774 
0.9303195 1.146598 
0.9489589 1.161904 
0.8352791 1.163587 
0.9279504 1.328136 
0.9586158 1.171263 
0.9392904 1.297779 
1.113549 1.117646 
1.215779 0.8902734 
1.243802 1.051205 
1.022177 1.282811 
0.9191956 1.435053 
1.051543 1.622623 
0.950972 1.688176 
1.186258 1.733128 
0.929876 1.540569 
0.9809686 1.665916 
1.021014 1.193863 
0.933604 1.089708 
0.958722 1.222195 
0.9080097 1.299609 
0.9456712 1.384004 
1.035662 1.244823 
0.9129743 1.211689 
0.9355628 1.335202 
1.058903 1.005441 
0.8492802 1.487927 
1.053978 1.489759 
0.9897197 1.049204 
1.057277 1.220472 
0.977258 1.119099 
1.009321 0.9592381 
1.128621 0.8832028 
0.9648321 1.040576 
1.17854 0.9829101 
0.8425718 1.155271 
0.9716631 1.177175 
1.033809 1.223867 
0.845291 1.32613 
0.980243 1.202491 
0.898457 1.401631 
0.9185588 1.346102 
0.9270505 1.574891 
0.9234334 1.47976 
1.03184 1.372719 
0.9546201 1.613216 
0.9344939 1.700697 
0.9815063 1.200578 
0.9033313 1.159198 
1.058009 1.438119 
0.9422991 1.324263 
1.008563 1.444812 
1.024358 1.254001 
1.160962 1.293852 
1.256413 1.176056 
0.8894989 1.300646 
0.9666717 1.145277 
1.155012 1.018958 
1.061583 1.042885 
1.010511 1.063444 
1.034482 1.090824 
1.283471 1.089066 
0.9400059 1.232064 
1.033749 1.194287 
1.201309 1.136875 
1.049636 1.095084 
1.000775 1.172558 
0.9352665 1.155604 
1.046716 1.090679 
1.128104 1.110552 
0.8180268 1.243578 
0.9931181 1.351159 
0.9567181 1.127963 
0.9693765 0.9761898 
0.9633224 1.0925 
1.035186 1.471322 
1.052929 1.247954 
1.146365 1.089423 
0.9843244 1.15862 
1.056962 1.211923 
1.084292 1.166366 
0.9855052 1.287015 
0.9713281 1.186202 
0.9510755 1.293059 
0.8639497 1.193234 
0.9933126 0.8957773 
1.048393 0.9642373 
1.035359 0.9854269 
0.9024921 1.062213 
1.008746 1.086647 
1.216765 1.254589 
0.7893533 1.279028 
1.017636 1.186158 
1.075668 1.455401 
1.044164 1.161243 
1.116282 1.16786 
1.042145 1.092386 
1.168441 1.022296 
0.9664973 1.06871 
0.9707566 1.003322 
1.079715 0.9543039 
1.088693 1.125813 
0.9927107 1.070598 
0.9889554 1.083172 
1.010161 1.101219 
0.898006 1.133617 
0.9345351 1.123795 
0.9989077 1.312221 
1.013537 1.152139 
0.9794024 1.09863 
0.9764321 0.9987103 
0.9624241 1.261269 
1.040855 1.117775 
1.152077 1.010614 
0.8771094 1.656948 
1.065284 1.63409 
1.024707 1.473094 
1.039287 1.497977 
0.89205 1.201854 
0.9023682 1.109307 
1.013675 1.071011 
0.9216299 1.115297 
1.077432 1.028643 
0.8403964 1.061249 
0.984862 1.073551 
1.041873 0.9509241 
0.9836937 1.251675 
1.019873 1.205974 
0.9665834 1.645415 
0.9344506 1.272532 
1.026303 1.147938 
0.9405164 1.206931 
0.9804192 1.165193 
0.9683629 1.442499 
0.8043798 1.373573 
0.9164929 1.175593 
0.9972256 1.31393 
1.05963 1.086581 
1.009152 1.155897 
0.904746 1.267746 
1.12525 1.169681 
