"u.bar" "t.bar"
0.9145693 1.21218
0.9894435 0.939329
1.034421 1.2406
0.9666216 0.9738179
1.100871 0.9598445
1.187132 1.098658
0.9900662 0.9167045
1.051827 1.115361
0.9934637 1.440203
1.102678 1.290775
1.040582 1.390854
1.376822 1.387959
1.01073 1.05335
0.9410263 1.146035
1.02332 1.461857
0.9011112 2.074301
0.9287148 1.27684
1.005482 1.174792
1.118932 0.9410628
1.058283 0.9722904
1.045718 1.243802
1.117012 0.9312105
1.032955 0.930837
1.111189 0.9630864
1.205845 0.8232896
1.068521 0.9895526
1.161807 0.9878094
1.04616 0.9829742
0.9079416 1.215614
0.9848858 1.17409
0.9369887 1.207634
1.239512 1.155455
1.083247 1.283191
0.9914725 1.177762
1.109403 1.43
1.075367 1.256269
0.9096418 1.459566
0.9552366 1.022116
1.008571 0.9009047
0.9154066 1.037967
1.214341 1.011337
0.9593082 0.992217
0.9411493 1.061253
0.9976381 0.9434758
1.03789 1.044745
0.962749 1.0588
1.080807 1.027454
1.004312 1.077253
1.168812 1.12008
0.9182283 1.118122
1.210978 1.115523
0.9804862 1.11143
0.935745 1.101673
0.978559 0.8801113
0.9382388 1.079542
0.9026693 1.214665
1.060306 1.153177
1.08839 1.22089
0.8897487 1.790107
0.9268286 2.955987
0.8996645 1.570334
1.102289 1.217037
1.047364 0.8763473
1.026056 1.066024
1.07476 1.258991
1.042943 0.9858647
1.106771 0.9795694
1.089228 1.045689
0.9049972 1.119434
1.034899 0.9805296
1.109797 1.269001
0.9936335 1.363438
0.9282666 1.189536
1.162814 1.083113
0.9505852 1.227522
1.010557 1.12231
1.074205 0.8686019
1.019549 1.090214
1.079329 1.214715
0.952857 0.9517274
1.031392 1.252654
0.8492204 1.246919
1.089284 0.9626531
1.0208 1.195225
1.06124 1.122487
1.076625 1.105123
1.046576 1.202962
1.199692 1.084304
0.963054 1.062901
0.9669866 0.9473505
1.113747 1.130824
0.9160498 1.252824
1.152151 1.230958
1.023713 1.240792
1.165528 1.295586
1.034051 1.613841
0.9985671 1.297813
0.8730561 1.375931
1.141186 1.091913
1.09417 1.211712
1.245337 1.118584
1.165418 1.002913
1.050752 0.9780375
1.157851 1.180887
0.9077803 1.167631
0.9737853 1.121784
1.119144 1.040392
0.9465025 1.614625
1.082214 1.222679
0.9928617 1.844604
1.044308 1.301433
1.083895 1.385662
0.9268906 1.795637
0.9826663 1.600124
0.9113499 1.36972
0.857085 1.371927
0.9236434 1.53558
1.084412 1.220402
0.9685849 1.345431
1.067362 1.436622
0.9338624 1.404982
1.048938 1.257082
0.9304895 1.294411
1.051727 1.371996
1.106806 1.11021
1.073245 0.9300218
1.064641 0.9022607
1.056121 0.8246172
1.096636 0.9024138
1.05303 0.9283665
1.03144 1.075635
0.9898837 1.073343
1.078635 1.048316
0.9793853 1.348928
0.9212234 1.311137
0.9473684 1.13238
0.9952938 1.168347
0.9823806 1.511749
1.196011 1.472143
1.074314 1.219803
1.082893 0.9426214
1.046264 1.028943
1.11316 0.977261
1.022125 1.19491
0.9299457 1.028532
0.9653435 1.007476
1.119474 0.9399892
1.194226 1.242101
0.9745699 1.40422
1.140578 2.090515
1.054008 1.203308
1.069947 1.084025
0.8883258 1.171268
0.9739365 1.754026
1.129353 1.706851
1.071285 2.14208
1.024704 1.942269
0.9794295 2.730756
1.107673 1.990363
1.122316 1.923185
0.9034014 1.298745
0.933201 1.820992
1.138227 1.714592
0.9694794 1.437684
1.121708 1.320831
0.9276634 1.280145
1.027447 1.313603
1.045635 1.27747
1.061258 1.103881
0.9192363 1.120562
1.069343 1.059437
0.9748826 0.9177622
1.011356 1.069489
1.047209 1.036799
1.054473 1.570716
1.062877 1.109331
1.067436 1.197692
1.063511 1.531671
1.098938 1.181598
0.9969739 1.091573
1.100662 1.298838
1.067339 1.11734
0.9485053 1.047327
1.074859 1.223137
0.9366512 1.137737
1.042719 1.022987
1.104133 0.977213
1.06125 0.8531642
1.051356 0.8912238
1.026577 1.01188
0.9490344 1.087444
0.9316031 1.502441
0.928749 1.103054
1.067365 1.187351
1.113897 1.172074
1.02419 0.9908531
1.10485 1.162976
0.8908768 1.089746
0.9493066 0.8603458
0.9821794 0.7433917
1.020924 0.8203231
1.153659 0.804411
1.157418 0.8584529
0.9399977 0.9522447
1.125786 0.9651707
0.8847821 1.044215
1.084591 1.1467
1.042488 1.366806
1.057101 1.097516
1.013611 1.262237
1.057065 1.079241
1.088355 1.017593
0.9941439 0.770528
1.021704 0.8061489
1.093334 0.6935504
0.8622642 0.9373121
1.029444 0.9743063
1.059009 0.9880698
0.9821612 0.7394403
1.10998 0.9263459
0.9341331 0.8160408
1.087568 0.717976
0.9122583 1.11366
0.9770905 1.127096
1.017254 1.185676
0.9688948 1.149043
1.001576 1.099803
1.000197 0.878373
0.9298939 1.052965
0.9468212 1.49604
0.953274 1.477064
0.9937279 1.289289
0.9824317 0.9980292
0.9564408 1.173426
1.051062 1.129912
0.9262264 1.158209
0.9254381 1.115732
0.9227345 1.344211
0.9686171 1.135803
0.9982951 1.061043
1.095668 1.500702
1.06584 1.575174
0.8919138 1.306945
0.8976164 1.094292
1.073417 1.291187
1.031892 1.496078
0.9937751 1.175322
1.221737 1.170648
0.9830593 1.125099
1.166822 1.001177
1.046641 0.9974817
0.9915084 0.9600824
1.026391 0.7810819
1.099187 0.844989
1.118475 1.16107
1.034245 1.154431
0.8711901 1.179403
0.9313675 1.304131
1.021029 1.638659
0.8602196 1.542664
1.076217 1.590256
1.074534 1.40511
0.9591404 1.438286
0.780774 1.496104
1.091101 1.444445
1.208127 1.330275
1.081014 1.356898
0.8775703 1.195124
1.003681 0.974063
0.9824165 1.020136
1.097291 0.9482786
0.9829725 1.129328
0.9659512 1.31019
1.030529 1.260312
1.021922 1.011323
1.196005 0.8708933
1.032781 0.8282206
0.9589394 0.8034422
0.9886768 0.9509544
0.9519584 0.9555692
1.037376 1.103592
1.048773 1.148378
1.068959 1.371987
1.167917 1.156416
1.009469 1.107429
1.111677 0.9948904
1.06865 1.118194
0.9574158 0.9844799
1.257249 1.002652
0.9506301 0.9544239
1.14777 0.8547071
1.040982 0.9025076
0.993874 1.209673
1.011897 1.387589
0.9686075 1.376663
1.198044 1.150257
1.011503 1.164068
0.9991349 1.289223
1.134388 1.570446
0.8614257 2.039733
1.098819 1.404699
0.8429478 1.492996
1.070209 1.314028
1.045439 1.34382
0.8977435 1.188252
1.026254 1.161654
0.9676949 1.458316
1.103617 1.356201
0.9207831 1.214096
0.8344609 1.295873
0.8948603 1.206419
1.077724 1.126838
1.003645 1.099888
1.104162 1.049459
1.038063 1.102061
1.003648 1.1975
1.02129 1.120217
1.036195 1.052551
0.8456536 1.083909
1.065398 1.110569
0.9177092 1.38738
0.9467759 1.307476
1.11372 1.147956
0.9906347 1.07611
1.069307 0.9597913
1.047072 0.9067857
0.8039266 0.9980838
1.110651 1.08644
1.112051 1.267643
0.9455903 1.176143
0.9427925 1.081352
0.9213684 1.169102
0.9787363 1.309537
1.077184 1.232914
0.9515716 1.114501
1.000468 1.225749
0.9005743 1.237557
0.8730238 1.453623
0.9766156 1.268812
0.9935418 1.298879
1.01401 1.247476
0.9632771 1.370601
0.8200842 1.4662
1.05293 1.585198
1.118109 1.305526
1.052111 1.296198
1.075917 1.166867
1.00331 1.086707
1.028404 1.048629
1.123333 1.133553
1.123155 0.9605627
1.024291 1.071438
1.134959 1.331196
0.8803886 1.47643
0.9862199 1.726705
0.8146261 1.891373
1.013272 1.696598
1.116112 1.337268
1.111414 1.179268
0.9323472 1.347181
1.025849 1.36813
0.8889263 1.328305
1.103798 1.13928
0.9474483 1.151012
1.034777 1.084697
1.164086 1.250645
1.011722 1.035677
0.9747198 0.9522265
1.065409 1.087029
0.9135506 1.018493
1.126647 1.036644
1.124823 1.077084
0.9798629 0.9297824
1.044269 0.9313214
0.9908366 0.8734395
1.095599 0.9561126
1.058693 0.9318707
1.039969 1.075868
0.9366454 1.285614
0.9610747 1.227882
1.057003 1.643262
1.144909 1.639232
0.926891 1.724325
0.9983014 1.360899
0.9072368 1.256881
1.104751 1.014354
1.054869 0.9901721
1.049275 0.9898224
1.007826 1.120858
1.087206 1.139295
1.158934 0.9859015
1.004045 1.036982
1.09552 1.184206
1.155718 0.9162188
1.160154 1.429744
0.9683154 1.198842
1.066694 1.077727
1.065411 1.124148
1.065769 1.186338
1.068904 1.420214
0.8857431 1.559007
1.079872 1.351669
1.0455 1.281794
1.044005 1.385585
1.282376 1.15702
1.059285 0.9553075
1.110222 1.090563
1.102783 1.030992
1.035868 1.165941
0.9498345 1.278786
1.053838 1.11384
1.107136 1.169142
0.9815129 1.05617
1.009679 1.130353
1.029826 1.039953
0.9784763 1.044422
0.9720233 1.152926
0.9783867 1.088926
1.088796 1.287949
1.140036 1.134112
1.339171 1.041278
1.146406 1.4368
1.099146 0.8800849
1.03761 1.076603
1.157315 1.308934
1.217136 1.550901
1.153472 1.191939
1.042805 1.145177
1.250845 0.9548513
0.9821823 1.022057
1.086469 1.259242
1.008782 1.070185
1.199806 1.044365
1.149264 0.93378
0.9813943 1.148608
1.086799 1.072165
0.988979 1.27522
0.93344 1.223349
0.9493588 1.237232
1.056051 1.051526
1.026223 1.10419
0.9973886 1.07533
1.138097 1.25551
1.065708 1.083433
0.9465702 0.9907557
1.010305 1.169412
1.022801 1.085675
0.915769 1.363442
0.8877824 1.200708
1.021127 1.23679
0.9924273 1.155442
1.107901 1.281988
1.032796 1.140952
0.9430628 0.9180807
0.9711511 1.180675
1.085335 1.31867
0.8929659 1.158132
1.094775 0.9536318
1.012289 0.9411678
1.036651 1.216387
0.9930723 0.7684997
0.9678767 1.059944
1.072708 0.9604105
0.9693878 1.206572
0.9960555 1.001441
1.046129 1.075686
1.046406 1.115799
1.087105 1.078133
0.9877077 1.053664
1.15223 1.135857
0.987348 1.147996
1.158703 1.29617
1.135602 1.273424
1.203694 1.061329
1.091068 0.9609611
1.155934 0.9875934
0.9369564 1.034073
0.9731834 1.2189
1.059435 1.040416
1.218865 1.289911
0.9966738 1.066699
1.062013 0.8656587
0.9769729 1.284409
1.151167 1.138825
1.093671 1.013886
0.9457863 1.055116
1.244219 1.087737
1.149481 1.026552
1.022364 1.094427
0.9416881 1.371357
0.9367965 1.121684
1.257017 0.9084415
0.9674747 0.8436624
0.9530924 0.8628165
1.142883 0.9395868
0.9109426 0.8756371
1.101029 1.188146
1.079018 0.9228841
1.010541 1.059661
1.109631 1.373494
1.057926 0.9568962
0.8692913 1.222226
1.091141 1.327922
1.073735 1.261227
1.026076 1.235868
0.9720874 1.145498
0.9439865 1.245344
0.9836444 1.338617
0.9869264 1.469143
1.051416 1.080768
1.070503 1.013963
0.9136202 1.049403
0.9912439 1.19368
0.8275327 1.305715
0.8725126 1.405952
0.8930369 1.315241
0.9725414 1.40305
1.173495 1.443912
0.92028 1.230544
0.9005413 1.220496
0.8521612 1.318338
1.000146 1.340561
1.175067 1.692597
0.9060656 1.462959
0.9315734 0.8070485
1.09044 0.9882689
1.099959 0.935194
1.008686 1.208949
1.1317 1.38188
0.9384705 1.526467
1.052651 1.230432
0.9432382 1.347082
0.9724485 1.614371
1.017959 1.307099
0.8928127 1.782514
1.118829 1.53735
0.9341477 1.435278
1.212949 1.298035
1.149332 1.27094
1.019702 1.076409
0.9527506 1.039768
1.005194 1.158986
1.030638 1.276874
1.095171 1.803677
1.018788 1.204199
1.113325 1.116606
1.048701 0.956198
1.102676 1.004453
1.092217 1.036136
1.010078 1.099783
1.002744 1.149313
1.00309 1.097541
0.9419289 1.120367
1.093804 1.170442
1.084278 1.189017
1.020329 1.442528
1.16776 1.179404
1.065225 1.004127
1.0088 0.9244824
1.0124 0.8445807
0.9752933 0.9134538
1.085696 0.980968
1.149393 1.02876
0.9584506 1.092197
1.049051 1.191492
0.934401 1.271384
1.045187 1.529995
0.8727844 1.317581
1.119285 1.009744
0.9866186 0.8903925
1.001843 1.163428
1.080088 0.9077693
1.094955 0.8598895
1.09843 0.9799602
0.9411945 1.006923
1.128879 0.8378313
1.122005 0.9140148
0.935013 0.8704555
0.9123703 1.019301
1.061349 1.308267
1.144222 1.207748
0.9716968 1.162858
1.106462 1.396429
1.05054 1.320384
1.106808 1.196206
1.065947 1.070739
1.074658 1.491423
0.9124559 1.410872
1.047848 1.18064
1.01992 0.969052
1.10513 1.140022
1.033697 1.255399
1.038558 1.314608
1.406452 1.169558
0.9991245 1.278253
1.112892 1.184881
0.9960086 1.081842
0.9701359 1.032383
1.122962 0.9378101
0.9579841 1.035504
0.9501025 0.9936205
1.007705 0.9861651
1.074454 1.005348
1.031707 0.9907319
1.054925 1.069708
1.08265 0.9729874
0.9125778 0.9002536
1.053028 0.9671351
0.9827787 1.017068
1.116515 1.035962
0.9581878 0.9789345
1.174042 0.8309279
1.027037 0.9833518
1.028027 1.142365
1.139111 1.156461
1.207382 1.389475
0.9130044 1.729733
1.018166 2.01746
1.117877 1.657587
0.8455692 1.329467
1.226124 1.139356
1.090295 0.9337632
1.106144 1.011352
0.9404354 1.060319
1.125557 1.275421
1.049166 1.325645
1.187743 1.433654
0.9867693 1.161851
1.096412 0.919526
1.214033 1.330689
0.9686214 1.411059
1.003377 1.17243
0.9825442 1.065056
0.9914882 1.110205
1.049818 1.186326
1.099115 1.022686
0.9749309 1.19303
1.009832 1.030749
0.9852361 1.092163
1.037071 0.9487914
1.103563 0.8904641
0.9488441 1.059317
1.004781 1.073866
0.9699971 0.9976953
1.01788 1.1035
0.9833976 1.0433
0.9967156 0.9559649
0.8682932 0.980673
1.016122 0.8308359
0.9376746 1.001325
0.8293998 1.197973
0.8432911 1.609965
0.7788478 1.885347
0.9424583 1.968711
0.9930606 1.501689
0.9914601 1.510506
0.9826335 2.095019
1.093155 2.187573
0.9267221 1.858475
1.179893 1.565367
1.08377 1.233131
1.033148 1.041022
1.098845 1.073019
1.002499 1.149441
1.130079 1.056436
0.8953371 1.06753
1.038269 0.9665782
1.009446 1.112634
0.9880505 1.261711
0.8895475 1.242017
1.05822 1.354807
1.030067 1.425147
1.118441 1.065658
0.9479078 1.416617
1.057364 1.19684
0.9076832 1.406421
1.061759 1.189618
0.8591458 1.573893
0.9679777 1.449062
0.9950621 1.184391
1.141812 1.034111
1.074131 1.122348
1.118395 1.077129
1.108099 1.019805
1.188502 1.070875
1.200665 1.107697
1.062345 1.349232
1.06863 1.274808
0.9536206 1.136995
0.9223409 1.179616
0.9686926 1.098184
0.9637027 1.447971
1.025366 1.104148
0.8670156 1.565888
1.173875 1.927493
1.090588 1.102492
1.450414 1.363728
1.021736 1.504136
0.9612507 1.115601
0.9609636 0.9480377
0.9680433 1.09569
1.002929 1.004702
1.007884 0.8642996
0.9710291 1.620963
0.90738 1.238006
1.075855 1.47162
1.030363 1.588661
1.263819 1.44542
0.9515249 1.291047
1.014204 1.186032
0.8831404 1.15929
1.184073 1.293636
0.9454773 1.268852
0.9931531 1.007261
0.9308267 1.180744
1.03619 1.125385
0.9895831 1.093754
1.082427 0.9402062
0.9342498 0.9598124
0.8891879 1.13433
1.022658 1.103939
0.9394336 1.05052
0.9731357 0.8346909
1.08968 0.8414637
1.17314 1.046617
0.9695727 1.328364
0.9309867 1.107252
1.017644 0.9691412
0.9521442 0.9105891
1.156521 1.012854
1.219744 1.056038
1.225867 1.029859
1.009511 1.146498
0.983854 1.410605
1.027916 1.442672
1.032797 1.34
0.9464582 1.492456
1.167865 1.639201
0.9268649 1.359496
1.008382 1.27617
0.9091625 1.216334
0.9604475 0.9445736
1.057051 1.052793
1.078333 0.9023824
0.9372568 1.066466
1.064316 0.9961042
0.9768249 0.9619812
1.202501 0.829755
0.9365852 1.029502
0.9159942 1.107352
0.8912208 1.169445
1.060497 1.051255
0.9077939 1.093172
0.9920831 1.012787
1.035426 0.9436108
1.057131 1.091639
1.076662 1.358233
1.129416 1.087612
1.124312 1.023471
1.070186 0.9771073
1.003733 1.062956
0.9335069 1.541797
1.016666 1.477528
1.162118 1.164479
1.060276 1.10069
1.005759 1.059065
0.9962323 0.9411585
1.009472 1.035293
1.050101 1.107465
0.9910348 1.21868
1.178662 1.106916
1.040598 1.136219
1.043381 1.207238
1.100856 1.312662
1.023439 1.406788
1.052501 1.276306
1.069246 1.141197
1.005338 1.030158
1.036259 0.9932152
1.063504 0.9916822
0.937334 0.963268
0.957302 1.037585
1.073313 1.039605
0.9712386 1.004448
1.070774 0.8965274
0.937221 1.169074
0.9451121 1.115031
1.071762 1.380151
0.962306 1.196806
0.9837693 1.191597
1.016821 1.028059
0.9674312 1.341497
1.0037 1.498207
1.142545 1.072072
1.011636 1.165538
1.010549 1.113907
1.130396 1.01747
0.9398688 1.044522
1.017641 0.9904366
1.095051 1.001186
0.9880943 1.025122
1.077308 1.121905
1.14255 0.8167341
1.086923 0.7680904
1.071976 0.8617936
1.010513 0.8062924
0.9565912 0.9182856
1.081858 0.7858605
0.9856048 0.9739512
0.983812 0.9318361
1.00399 1.026293
1.153729 1.36768
1.032921 1.831624
1.038634 1.150612
0.9066678 1.03687
0.9419689 1.169767
1.010934 1.069286
1.050181 1.41697
1.023316 1.06616
0.9759405 0.9999288
0.882995 1.129984
0.9112673 1.122593
1.013085 0.992377
0.9824857 0.8668008
1.022304 0.8372098
1.17553 0.8438178
1.067988 0.7845959
1.120131 0.8227857
0.993408 0.7799173
1.083511 0.9654187
1.025403 0.9689954
0.9885004 1.014906
1.061953 0.9977304
1.0947 0.9926633
0.9502351 1.06811
0.9073675 1.033976
0.9250629 1.034471
1.070156 1.106639
0.9189491 1.244124
0.9843145 1.316748
0.9441617 1.345855
1.065034 1.201087
1.047416 1.039707
0.9733161 1.036948
0.9933567 0.8293725
1.008385 0.8136859
1.133861 0.7922141
1.089081 1.269672
0.9636429 1.167392
1.091414 1.218403
1.089473 1.135527
1.05804 1.047278
0.9573405 1.09567
0.9824054 1.071644
1.064017 0.947689
1.133053 1.381381
0.8807737 1.287806
0.9779886 1.062023
0.9311671 1.004216
1.023274 1.220488
1.106747 1.172062
1.045453 1.110185
0.8591398 1.102319
1.068609 1.011635
1.038703 1.103556
0.9548103 1.613397
0.9987925 1.736705
1.009687 1.470954
0.9729835 1.432195
1.039208 1.330637
0.8178755 1.526755
1.167265 1.397221
1.049208 1.377484
1.127458 1.12706
1.103104 0.9845647
1.33666 1.067688
1.030663 1.222294
1.112905 1.18266
0.9477409 0.8882079
0.8452617 1.401456
0.9457116 1.025955
1.056239 1.104467
0.9653035 0.9883876
1.026638 1.115778
1.087145 0.8489515
0.9834417 1.207053
1.004068 1.107573
0.9956525 0.9835501
0.9138969 1.453067
1.122703 1.055622
0.991438 0.8576864
0.901647 1.147394
1.073152 1.206812
1.053792 1.381533
1.061445 1.162525
1.104473 1.136711
0.8518826 1.174744
1.081203 1.317456
1.02034 1.082588
1.15178 1.130242
0.9014598 1.511569
0.9899765 1.383322
0.8831307 1.449904
0.8906771 1.343098
0.9378369 1.398517
0.9230102 1.427052
1.152235 1.543171
0.9905489 1.552125
0.9352409 1.264848
1.208839 1.271961
1.016276 1.080584
0.9731175 1.401406
0.9291068 1.329831
1.163276 1.36457
1.017269 0.9997857
1.122197 1.018973
1.065109 0.8650189
0.9708235 0.8787779
0.9995646 0.9269316
1.000209 1.00449
1.020504 1.088028
1.030468 1.00649
1.06007 0.8617485
0.9537 0.9369977
1.005583 0.9408073
1.123879 1.025107
1.002242 0.8482273
0.8950486 1.038467
1.062912 1.267298
1.105719 1.243071
1.006774 1.228714
1.044763 1.656312
1.03992 1.091735
1.090968 1.426669
0.9879949 1.088842
0.9709735 1.036113
0.9904315 0.999708
0.968877 1.328549
1.017901 1.599124
1.105051 1.809985
1.160747 1.232367
0.9277914 1.179731
1.045303 0.9275058
0.9798447 0.9809238
1.275569 1.221513
1.176293 1.062986
1.001431 1.17247
1.050871 1.138738
1.080133 1.119845
0.9912392 1.218206
1.003867 1.194256
1.043346 1.119369
0.9305378 0.9344519
1.029717 1.043721
0.9788827 0.976051
1.036444 1.227525
0.9031035 1.451056
0.9777044 1.242655
0.9490315 1.319587
1.005412 1.443178
0.8394462 1.193873
1.215972 0.9643341
1.001502 0.9105689
1.071831 1.005353
1.068912 0.9934717
0.889523 1.000251
1.060621 1.115422
1.180957 1.134943
1.092174 1.107991
0.9569048 1.412698
1.045919 1.041802
1.093392 1.13866
1.086913 1.338089
1.011152 1.223333
1.255094 1.201693
0.9864108 0.940929
1.128474 1.279228
1.182545 1.104495
1.098338 1.040629
1.071654 1.061932
0.9504007 0.9194604
1.147715 0.901652
1.041547 0.8596949
0.9310266 1.011423
1.137546 0.9402029
0.9742262 0.9841228
1.055826 0.9559227
0.976773 1.01386
1.109986 1.296727
0.9397614 1.289521
0.9912743 1.402779
1.013967 1.242751
0.9040366 1.767344
1.009883 1.932014
1.000924 1.943486
0.9315284 1.905917
0.8290033 2.340193
1.008693 2.050229
0.8861845 1.614468
1.057324 1.161359
1.129 1.073743
1.138495 1.557616
1.100996 1.206648
1.014349 1.103555
1.131716 1.067518
1.071882 1.001616
1.078613 1.202214
1.174762 1.11533
0.8985668 1.27515
1.058274 1.312704
1.02704 1.150197
0.8903744 1.429517
1.100896 1.531712
1.288539 1.156051
1.109466 0.98954
1.117719 1.198903
1.062538 1.0124
1.024999 1.028444
0.9582848 1.026603
1.120559 1.166045
1.019852 1.118616
1.029725 1.29104
1.223011 1.038475
1.088007 1.322001
1.010098 1.551132
1.234472 1.603927
1.006045 1.419529
0.9583657 1.194346
1.081354 1.249031
1.093702 0.9807876
1.076617 1.086941
1.009034 1.025938
1.106419 0.8935747
1.106723 1.148136
1.247026 0.916641
1.043259 0.8937408
0.943922 1.041849
0.9588455 1.441376
1.087845 0.9985203
0.9636072 1.170054
1.105024 0.9547351
0.9542912 1.221671
1.020287 1.237238
1.084045 1.177033
1.099596 1.139481
0.9329611 1.141436
1.008437 1.064631
1.069137 1.554732
0.9182343 1.326782
0.93997 1.621407
0.8963856 1.552094
0.8693644 1.692069
1.027553 1.190186
1.01754 1.007231
1.011585 1.261102
0.9997912 1.286534
0.9791199 1.222762
0.8814598 1.348139
0.9336629 1.34115
0.9698107 1.159621
1.017793 1.243287
0.9904866 0.7427808
1.031249 0.8785501
0.9623053 0.8748285
1.000548 1.002654
1.016886 1.113438
0.9126025 1.170339
0.9621062 1.192673
0.9321368 1.190527
0.8605756 1.199856
1.044942 1.514261
1.006556 1.257931
1.173841 1.608835
1.176575 1.834902
1.004052 1.300442
1.281559 1.131442
0.9926457 1.261278
0.9473714 1.33316
1.124618 0.9184853
0.9384305 0.8800963
1.038254 1.087029
1.043869 0.9815585
1.21889 1.091618
1.040415 1.467908
0.943804 1.276181
1.324361 1.772581
0.8984503 2.132832
0.728967 2.102556
1.166971 2.040758
1.075015 1.949325
0.9385169 1.576065
1.137732 1.41581
1.140386 1.413206
1.031374 1.617335
1.054441 1.625948
1.052364 1.364134
1.066674 1.180655
0.9394011 1.191804
1.081355 1.17365
0.9809868 1.119269
0.9927152 0.779792
1.015422 0.9745124
1.039549 0.9365597
1.001469 1.034828
0.9172113 0.9829159
1.005855 1.044215
1.007561 0.9194183
1.028569 1.261869
1.038761 1.623454
0.9574215 1.289682
1.026215 1.212449
1.061065 1.222436
1.029633 1.075145
0.9803405 0.9819008
0.9385302 1.162256
1.061903 1.402002
0.8742584 1.366187
0.9125871 1.805023
1.091432 1.295116
0.997654 1.292297
1.028315 1.075628
1.018272 1.172731
1.038472 1.462322
1.122306 1.773757
1.021792 1.47827
0.8399058 1.437157
1.062493 1.765359
1.001845 1.560212
0.8422377 1.69924
1.013486 1.614811
0.8782207 1.866789
0.9386524 1.638217
1.164796 1.593565
1.003638 1.866582
0.9690621 1.609999
0.9991823 1.432156
1.046936 1.34341
0.9510795 1.420968
0.9546616 1.310936
0.8970733 1.253037
1.026645 1.289257
0.8172681 1.446769
1.001417 1.256578
1.162123 1.288631
0.952564 1.236231
0.9500455 1.681734
1.052748 1.48662
1.074243 1.41631
0.9933737 1.182789
0.9652185 1.027728
0.9273412 1.082483
0.9612164 0.9753782
1.015104 1.252344
0.9789855 1.265809
0.9902227 1.269907
0.9755833 1.186328
1.177263 1.222791
1.120406 1.06901
0.9303241 1.441812
0.9392954 1.753836
0.9554549 1.057084
1.144779 1.032184
1.056664 1.060479
1.101523 0.9584156
0.9272415 1.024313
1.047132 1.123122
1.158685 1.001005
1.005495 1.00026
0.9142711 1.102022
0.9642626 1.184947
0.9718112 1.254828
1.077082 1.35395
0.9482436 1.5381
0.9061602 1.107212
1.037087 0.9539467
0.9603567 1.101772
0.965947 1.069886
1.021808 0.8636101
1.0846 1.238585
1.086184 1.362412
0.9209539 1.257579
0.9965888 1.207534
0.9688593 1.072155
0.9108027 1.172094
1.029914 1.360423
1.056163 1.040489
0.9915277 1.235598
0.8809147 1.145407
1.088657 0.988187
1.111454 1.268161
1.116182 1.020888
1.015708 1.150049
1.002395 1.052804
1.096835 1.121078
0.9229695 1.012007
1.005537 1.009583
1.000069 0.8526912
1.061356 0.8956161
1.061143 1.064949
1.052715 1.303107
1.039012 1.289215
0.9488247 1.401127
0.9574871 1.703908
0.9176881 1.490774
0.9950731 1.359119
1.208089 1.303782
1.23241 1.691203
0.9902121 1.494644
1.087707 1.100553
1.013209 0.9189936
1.156457 0.9115548
1.251436 1.093754
1.017149 1.103918
1.146525 1.033653
1.00608 1.106736
0.8669748 1.306322
0.9657712 1.205162
0.9318513 1.065857
1.15099 1.177093
1.176771 1.233808
1.015453 1.438625
0.9649327 1.040003
1.037689 1.196159
1.028061 1.202669
1.027239 1.123397
1.038342 1.233614
0.9615432 1.097268
0.9702539 1.02175
1.066913 0.951516
0.9979805 0.9639508
0.8521482 1.169052
1.024434 1.01623
1.125014 1.044878
0.9499146 1.202055
0.9825022 1.452876
1.027435 1.203947
0.9625448 1.070523
1.04417 1.01614
1.004642 1.40171
0.898894 1.24384
0.9232382 1.509363
0.9983745 1.300121
1.12849 1.193947
0.9445889 1.16789
1.085663 1.194344
1.055244 1.138508
1.011245 1.0877
0.9602168 1.108146
1.084977 1.464982
1.183322 1.264658
1.183766 1.114552
0.9427988 1.375392
1.064294 1.190897
1.085057 1.178094
1.063072 1.741881
0.8079394 1.572863
1.089588 1.4391
0.8945633 1.627062
0.8344348 1.639496
0.9299817 1.587944
1.045424 1.25077
1.093981 1.223414
1.075623 1.106418
1.058768 1.153024
1.187129 1.149774
1.054174 1.134401
0.857002 1.356229
0.919109 1.363417
0.9655459 1.274967
0.9585553 1.198926
1.033399 1.398146
0.9622807 1.479178
1.167899 1.535235
1.062993 1.16095
0.8205716 1.289504
1.034706 1.004026
1.277592 1.084775
0.9398101 1.019994
0.9028551 1.689063
1.01521 1.68909
0.8688106 1.646137
1.090233 1.256497
1.06163 0.939226
0.9761956 1.106577
0.999742 1.023006
1.040251 1.065202
0.9700291 0.9284394
0.9906501 1.052123
1.073978 1.051398
0.9478244 1.048193
1.027504 1.056646
0.9927256 0.9412194
1.066673 0.8921565
1.045052 0.9977516
1.193364 1.021824
0.9354662 1.270948
1.001538 1.066492
1.201244 1.080318
1.2249 1.341403
1.0336 1.293995
0.9274775 1.252286
1.071193 1.158657
0.9661446 1.086116
0.9498847 1.30304
1.079337 1.308334
1.075588 1.081353
0.9999819 1.008427
1.003561 1.566756
1.044321 1.338947
0.9957262 1.477836
1.129849 1.240902
0.9582793 1.388198
1.082334 1.247271
1.163304 1.195314
0.9159054 1.062915
0.9647878 0.8033831
0.959623 0.9369756
1.040633 1.183888
1.104425 1.274863
1.144179 1.125369
1.024719 1.18524
0.9910782 1.173224
1.089012 1.069661
0.9861788 0.9338297
1.068892 1.03455
0.9864921 1.015474
0.9993555 1.129992
1.050759 1.082833
0.9791801 0.9337704
1.043759 0.8273361
0.9761418 0.977394
0.937175 1.136802
1.065657 1.067538
0.9479153 0.9840911
0.9308389 1.202504
1.090413 1.192142
0.9711179 1.027781
1.06345 0.8735292
1.040064 0.9590296
1.046681 0.9162669
0.9427957 1.181868
0.9235735 1.000733
1.073364 0.9661772
0.9709804 1.057538
1.011102 1.040722
1.007453 0.9874817
0.9863688 0.9056722
0.9113587 1.026441
1.067204 0.998903
1.017386 0.9580135
1.190767 0.9863576
1.268221 1.262063
1.02889 1.010078
0.9671264 0.9632105
1.10722 1.351297
0.9070276 1.242174
0.8521226 1.619632
0.9601429 1.559046
1.1035 1.195408
1.051808 1.34077
1.04442 1.181949
1.082787 1.277484
0.9345351 1.352866
1.008687 1.215937
1.00574 1.224454
1.252007 1.133651
1.053854 1.168199
1.072853 1.099423
1.105274 1.374107
1.009707 1.261812
1.093468 1.111685
0.9518873 1.30094
0.9417451 1.618289
0.9634645 0.9992109
0.9816401 0.947174
1.11925 1.238403
1.014019 0.9241813
0.9484083 1.584021
0.9919298 1.747754
0.8570866 1.744941
0.9911977 1.824086
0.9951109 2.313014
0.8928287 1.378385
0.9309289 1.671848
0.9181176 1.534331
0.8962997 1.742877
1.004378 1.353286
1.058017 1.142769
0.9824358 1.091671
1.098522 1.179574
1.036066 0.9828957
1.130219 0.9912254
1.066984 1.135202
1.108313 1.203572
1.11486 1.055561
1.038576 1.077529
1.044927 1.186063
1.220065 1.076008
1.022356 1.323428
1.109422 1.229021
1.088965 1.301509
1.110786 1.119542
1.041568 3.805473
1.093276 1.346302
0.9786309 1.240263
1.102671 0.8150535
1.149799 0.9241737
1.038384 0.7561217
0.9756273 0.7828304
1.006249 0.7800953
0.9640878 1.107542
0.9754345 1.301449
0.9921548 1.12814
0.9098689 1.259121
0.8961092 1.300641
1.00301 1.422156
1.008623 0.9700848
1.015402 0.9228806
0.9462234 0.9374185
1.106281 0.7947755
0.9241847 0.974594
1.055509 1.350382
0.9784533 1.11406
1.006481 1.151203
0.9222373 1.21822
0.9147511 1.499145
1.01193 1.48414
1.089098 1.602863
0.8933723 1.278707
1.016755 1.02712
1.034626 1.123591
0.9868692 0.9549055
0.9659579 0.9725846
1.000481 1.145017
1.167358 1.029328
0.9803948 1.643385
1.050929 1.486117
1.199171 1.424196
0.9239555 1.431232
0.8851571 1.219543
1.068389 1.276812
1.053281 1.557707
1.145384 1.437484
1.083112 1.393578
1.263396 1.084765
0.8455513 1.66479
0.9878919 1.755028
1.056802 1.295436
1.082201 1.303181
0.9477295 1.512433
0.976759 1.197371
0.9319825 1.542697
1.10909 1.970808
0.9932215 2.164727
0.9124486 1.697281
0.9782448 1.063333
1.061934 1.194322
0.9834152 1.119086
0.9524479 1.164809
1.015424 1.23465
1.09783 1.124656
1.003123 1.42391
1.025115 1.490466
1.016133 1.025402
0.974561 1.178573
1.113102 1.3108
0.8974078 1.655457
1.025938 1.415098
0.9565574 1.310328
1.043924 1.615372
1.085939 1.27228
1.080592 1.147405
0.9770854 0.958302
1.283832 1.051918
1.095303 1.145112
1.226868 1.179704
1.106498 1.17844
1.042412 1.178921
0.9634586 1.083952
1.155938 0.7855112
1.008601 0.8756277
1.126634 0.8616636
0.9780846 0.9643349
1.110375 1.170273
1.127109 1.067636
0.9645074 0.982935
0.9148235 1.02214
1.123031 1.045964
0.9384715 1.01493
1.196207 0.9330322
1.130125 1.117781
0.9459285 1.015031
1.028082 0.9318588
1.039723 1.207813
0.8880588 1.33541
1.098528 1.067474
1.057438 1.393388
0.936898 1.385912
1.172245 1.026086
1.02032 1.315061
1.00305 1.065953
1.12094 1.026423
1.322096 1.25279
1.016328 1.130536
1.000189 1.097165
1.156351 1.133079
1.024681 1.194838
0.9445298 1.463714
0.9324302 1.451307
0.8620101 1.554609
0.9414942 1.615176
1.039675 1.59414
0.9062262 1.3748
0.9918448 1.208239
1.0292 1.222806
0.8580738 1.153945
1.012865 1.10737
1.185629 1.166097
1.107434 1.59065
1.015388 1.473708
0.9512508 1.621724
1.206577 1.548932
1.029947 1.069026
1.009473 1.052334
1.020537 1.033598
1.00282 1.011049
0.9421772 1.320561
0.9234894 1.595815
0.9934994 1.436977
1.015381 1.592304
1.083971 1.526558
1.092924 1.08222
0.9800722 1.163913
1.014559 1.24805
1.092898 1.422757
1.006506 1.478419
0.9786136 1.696011
0.9866138 1.323566
1.034782 1.154889
1.014083 1.208901
1.016748 1.25075
0.993276 1.061608
1.167197 1.385558
1.106927 1.267324
1.161311 1.29613
0.9819222 1.686122
1.075428 1.217208
0.9137072 1.38227
0.9865264 1.347473
0.8622205 1.009036
1.048151 1.076487
1.09448 0.9885324
1.094564 1.009698
0.9806911 1.068364
0.9786491 1.12065
1.124686 0.9289862
1.242178 0.9355975
0.9774751 1.134825
1.037076 1.158778
1.06694 0.8948925
1.022972 1.031581
1.122186 1.235266
1.040035 1.673261
1.040988 1.552895
1.102404 1.229217
1.260781 1.300036
1.271536 1.132918
0.9998396 1.1314
0.9523859 1.21753
1.00066 1.233654
1.041026 1.51961
1.074184 1.580693
0.9439499 1.461309
1.095353 1.149842
1.000213 1.324108
0.9467607 1.192131
1.038597 1.093069
1.198777 1.361538
0.8926649 1.156511
1.195747 0.9843135
1.211792 1.134667
1.024498 0.915916
1.042015 1.094449
0.9551676 1.026986
1.052481 1.331191
0.9997908 1.817063
1.113638 1.459595
0.9963949 1.238953
0.9468574 1.207852
1.072173 1.125506
0.9965333 1.335886
0.9926802 1.279162
0.9269489 1.2356
1.104007 1.491062
1.112945 1.590214
0.9797841 1.244718
0.9286432 1.027139
1.104482 1.05818
1.056619 1.034777
0.9727884 1.352409
1.084916 1.186779
0.8817867 1.526724
1.069194 1.381376
1.10858 1.405955
1.078855 1.287466
0.974492 0.9414745
0.9606252 0.9264899
0.9053195 1.481934
0.9345977 1.31156
0.952619 0.9284341
1.31043 1.156938
0.8618567 1.075346
1.047086 1.308258
1.062683 1.348383
1.022191 1.007442
1.019688 1.281723
1.05035 1.028399
1.111336 0.8392926
1.08007 0.8887794
0.9870937 1.047162
1.197343 1.018264
0.962503 0.9319032
0.9349563 0.9681628
1.030826 1.320546
1.137192 1.107686
1.123105 1.341309
0.9374792 1.127824
1.075696 0.9534483
0.9420152 1.20741
1.213725 1.211045
0.9935618 1.388599
1.106125 1.397805
0.9382384 1.281773
0.997083 1.259619
1.092366 1.170769
0.9547664 1.28777
1.000762 1.385472
1.102635 1.574553
0.9785432 1.482712
0.9691828 1.426278
1.034915 1.298347
1.065442 1.212532
1.004362 1.106873
1.039133 1.245434
1.035087 1.026195
0.9077069 1.033582
0.9755135 1.04215
1.105765 1.02105
0.988383 1.265416
0.9346669 1.218746
1.045763 1.272507
1.185845 1.083276
0.8508565 1.433004
1.204832 1.23423
0.8729794 1.604489
0.7711931 1.860019
1.190663 1.232861
0.9359148 1.321531
1.077073 1.063003
1.085968 0.7142365
1.173892 0.7568658
1.1034 0.8339711
0.9843501 1.002747
1.107789 0.9617847
1.12124 1.031908
1.035145 1.055571
1.000003 1.217197
0.9872452 1.067945
1.045896 1.159655
0.8561766 1.207141
0.9498657 1.672415
1.061159 1.302573
1.063262 1.312771
1.190323 1.298548
1.089281 1.08061
1.191765 1.170306
1.112166 0.9555788
1.001455 1.077298
0.9262813 1.017883
1.086173 1.213146
0.8677641 1.30585
1.052019 1.493253
0.9622694 1.321216
1.069137 1.143876
1.098361 0.9781085
0.9077034 1.113227
1.086026 1.056912
1.061448 1.127834
0.9510468 0.9312018
1.048855 0.7178274
1.113117 0.8326911
1.027082 0.886986
1.058017 0.8962027
1.050312 0.9169224
1.023744 1.118617
1.197384 1.400233
0.9336556 1.205679
0.9460354 1.537085
1.101263 1.230442
1.000149 1.465784
0.9539555 1.23284
0.8842862 1.149321
1.001918 1.48793
1.063033 1.927653
1.02152 1.378781
0.9940937 1.149065
0.9465262 1.314929
0.9441013 1.60491
1.032189 1.428057
1.054122 1.2493
1.009932 1.203253
0.9915832 1.255348
0.8942682 1.266023
1.014073 1.21991
1.171723 1.200404
0.8888462 1.39765
0.9271223 1.521586
1.019559 1.262769
1.125499 1.788555
1.082103 1.418127
1.115372 1.334324
1.03353 1.200349
1.402664 1.299709
1.002251 1.496722
1.001461 1.263861
1.122815 1.281158
1.003031 1.12749
1.173487 1.501025
1.151539 1.18322
1.006408 1.41489
1.058016 1.281582
1.031468 1.246198
1.032921 0.9322578
0.998475 1.030224
0.9690253 0.9228634
1.113937 1.22509
1.01206 1.073809
0.9900349 1.089598
0.9543349 1.335416
0.9768726 1.165412
1.024028 1.181666
1.249719 1.222403
1.023463 1.464017
0.9228254 1.474757
0.8437268 1.226304
1.053 1.258466
1.073298 1.023026
1.191072 0.8316709
0.9936464 0.7430337
1.044537 0.9365456
1.057278 0.9074632
1.004293 1.058107
1.125271 1.06798
1.026524 1.027392
1.101962 1.13839
1.07672 1.123855
0.9517033 0.9614004
0.9816515 1.032001
1.185518 0.9239992
0.940349 1.314823
1.071725 1.34038
0.9545608 1.207961
1.06928 1.239798
0.9385415 1.368734
1.078579 0.9727004
0.9682298 0.9684301
0.9839376 0.992132
1.036239 0.8814162
1.237828 0.8717928
1.056581 1.088403
1.13664 1.000911
0.9884902 0.9956459
1.067574 1.135458
1.133242 1.267487
1.151929 0.9830888
1.050435 1.134474
1.009257 1.262456
0.9795936 1.335903
0.9956066 1.416017
1.06709 1.428273
0.8707646 1.508125
1.006986 1.23817
0.975044 1.165346
1.165614 1.177293
1.131605 1.186485
0.9916319 1.245767
1.099094 1.140056
1.084298 1.065119
1.024702 1.161782
1.143747 0.959322
1.070733 1.123014
1.16078 1.124738
0.9781817 1.476178
1.148927 1.543547
0.8788022 1.671196
0.9346598 1.622989
0.9301744 1.513809
1.202084 1.676026
0.9848211 1.963769
0.8994224 1.223003
0.9970206 1.133703
0.9208207 1.222553
0.9872051 1.337463
1.044546 1.390978
0.8395876 1.471697
1.137799 0.9443997
1.037948 1.075232
0.9462963 1.534603
0.850629 2.078342
1.241637 1.61479
0.7782323 2.002952
0.9802269 1.496942
1.003971 1.319291
0.889867 1.390631
0.7619856 1.419877
1.128693 1.069472
1.216547 1.217187
1.002909 1.315017
0.9659244 0.9462351
1.113267 1.094333
0.9816444 1.195864
0.8742323 0.9809434
1.037595 1.257015
0.9905186 1.194213
1.031518 1.216417
1.044179 1.376091
0.9041575 1.09461
1.090501 1.201394
0.9787096 1.182604
0.9558051 1.132112
1.038653 1.171642
0.9525821 1.370894
1.173943 1.122709
1.063955 1.022727
0.9869859 1.005449
1.035648 1.252933
0.9510365 1.215816
1.079631 1.065865
1.169647 1.045446
1.00905 0.8934579
1.081756 0.8581652
1.022224 0.8901513
0.9805871 1.036492
1.059832 1.145636
0.9709116 1.215972
0.9933233 1.039891
0.9755229 1.028811
1.038149 1.137796
1.094535 0.9429166
1.035574 0.9932025
1.125294 1.159295
0.9828049 1.129749
1.141435 1.069125
1.009419 1.651783
0.9271581 1.275433
1.028912 1.298041
0.8932905 1.438282
0.9476215 1.478599
0.9671867 1.064611
1.109252 0.9992298
1.105206 0.8518932
1.01876 0.9229397
1.085964 1.133783
0.9994761 0.9750964
1.031095 0.9690285
1.104753 0.9906617
1.027897 0.9738429
1.133951 1.002979
0.8446211 1.001583
0.9825752 1.165805
1.100147 1.277283
1.104216 1.025776
1.011473 1.067114
1.050973 0.9939899
0.8834473 1.288901
1.134901 1.097012
0.8693425 1.089541
1.110086 0.9713147
1.1124 0.9744661
1.044393 1.105119
1.090753 0.773982
1.013715 0.8932947
1.028055 1.030763
1.079969 1.037166
0.9593336 1.10914
1.026453 1.053607
0.9712689 0.9796856
1.098933 1.222346
0.9818947 0.9915704
1.022253 1.029227
1.098894 1.03669
1.164107 1.122128
1.03834 1.144726
0.9888324 1.090172
1.082655 1.090744
1.022945 1.107142
1.14822 1.050644
1.037495 1.827882
1.111672 1.254508
0.9726259 1.224757
0.9679863 1.172049
1.303116 1.09236
1.043131 0.8531838
1.050352 0.884593
1.023526 1.010544
0.8879777 0.9678915
0.9252346 0.9912389
1.002338 0.8717684
0.8974793 0.9635161
1.006474 0.7415845
1.008 0.8242668
1.02135 0.8443312
1.022847 0.9222581
1.000965 0.9002437
0.9248063 0.9649251
1.085389 1.069508
1.029265 1.151205
1.108507 1.133298
0.9463275 1.176055
1.045988 0.8913867
1.019181 0.89348
1.014951 1.026071
0.9591804 1.211494
0.9968205 1.269397
0.9604641 1.185719
0.9518405 1.220459
1.014753 1.068441
0.9946983 1.059308
1.009925 1.081968
1.208009 0.9618744
1.010268 0.9076701
0.9077812 1.003232
0.9564009 1.04977
0.8711969 1.350121
0.9737377 1.303941
1.021199 1.195645
0.9734156 1.342551
0.940525 1.383054
0.9908081 1.287981
0.9312321 1.107293
1.084939 1.29822
1.107594 0.9144877
1.062422 0.9054836
1.083284 0.9498349
0.9417337 1.054294
0.9989506 1.238355
0.9643148 1.368684
0.8374065 1.515664
0.9845272 1.125088
1.186895 1.141175
1.05587 1.101872
1.131194 1.120198
0.886886 1.213949
1.109114 1.333941
1.044936 1.072328
1.165214 0.8685216
0.9645251 0.8294427
1.047786 1.097666
0.9740618 0.9467034
0.9670531 0.9450526
0.849895 1.203598
1.02998 1.3976
1.127771 1.290808
0.9196733 1.331431
1.276068 0.9653132
1.025487 1.250572
0.9774196 1.526461
0.9061622 1.457355
1.189813 1.418189
1.005649 1.408602
0.9490796 1.499353
0.9007518 1.368168
1.213493 1.151399
0.9604019 1.267579
0.9981387 1.445332
0.9658866 1.53974
1.013712 1.194109
1.064212 1.267151
0.9927531 1.122494
1.095694 0.949911
1.025842 0.9239654
0.9594222 1.132824
0.9527191 1.190039
1.02917 1.255159
1.012462 1.014804
1.111333 1.427774
0.9661174 1.503322
1.022194 0.9317698
0.9441455 1.269523
0.9457205 1.274663
0.9902936 1.269002
1.012773 1.157796
0.9050984 1.079939
0.9560235 1.120087
1.063438 1.209527
0.9150683 1.186049
1.108872 1.078045
1.048444 1.353818
1.031642 1.354048
0.9792408 1.485509
1.093858 1.345594
1.146876 1.112446
0.8441517 1.64013
1.037542 1.389536
1.004138 1.128241
1.082227 1.004244
0.9748233 0.7999574
1.016947 0.758944
1.0492 1.028876
1.055395 0.878507
1.093287 0.9319934
1.090688 1.119606
0.9681425 1.529542
1.0759 1.53509
0.7893688 1.878677
0.98354 1.500947
1.162731 1.717425
0.8516948 1.28699
1.081642 1.45793
1.070325 1.319336
0.9919044 2.162505
0.8154683 2.240303
0.8771383 2.439376
1.129287 2.024914
1.100116 2.060564
0.9581995 1.915934
1.073571 1.611786
0.9878297 1.414781
1.151351 1.514145
0.9570062 1.504146
0.9205498 1.299517
1.080465 0.9711208
0.8327423 1.546377
1.060515 1.330189
1.036076 1.459644
0.9290258 1.302005
1.023898 1.244983
1.046322 1.00469
1.129905 0.8738567
0.9538588 0.9767172
1.074042 1.005896
1.00226 1.125042
1.162998 0.9120917
1.099536 0.8669925
0.996292 1.07795
0.9095456 1.141107
1.261428 1.049947
1.000979 1.107816
1.005011 1.61042
1.102116 1.381748
0.9599208 1.106042
1.096871 0.8541866
0.9115133 1.04494
1.04979 0.9537237
1.029569 0.7973074
1.088608 0.85934
1.114222 1.066255
0.9976636 1.201343
1.067212 1.019958
0.9368717 0.847339
1.091124 0.7632159
0.9353491 0.8255787
0.982558 0.9525581
0.9073192 1.292995
1.011409 0.8749364
0.9516175 0.9462569
0.9508049 0.9914384
1.071835 1.014873
1.012675 1.062789
1.033294 1.158537
1.043952 1.265939
1.213458 1.023884
1.038649 1.404789
0.9291798 1.416465
0.984015 1.578608
1.074907 1.591621
0.9303188 1.444874
1.095531 1.097405
0.9854592 0.9303334
1.028021 1.116055
1.067537 1.278361
0.8982645 1.409238
0.9608238 1.420976
0.9689579 1.330442
1.012637 1.360618
0.9904182 1.297054
1.068476 1.022327
1.070695 1.051478
1.059588 1.075123
1.054816 1.023329
1.078167 1.301869
1.112267 1.067141
0.9364609 1.382125
0.9513377 1.10764
1.008751 0.8269175
1.102392 0.8027494
0.9805556 0.9271818
0.9534275 1.0139
1.016737 1.193852
1.227726 0.9887863
1.119799 1.300414
0.8746562 1.813689
1.163625 1.423172
1.0342 1.219957
1.099414 1.231156
1.080943 1.162189
1.106148 1.237829
0.971294 1.361032
1.069924 1.235777
1.166824 1.295055
0.8272713 1.323043
1.102176 1.614483
0.9683582 1.172146
1.192164 1.326593
0.9980702 1.080797
1.151825 1.015703
1.33867 1.105435
1.030747 1.043875
0.9777535 1.166407
0.9881203 1.008083
1.086921 1.038264
1.151052 0.9641383
0.9576193 1.159792
1.032634 1.075018
1.028597 1.103629
1.104985 1.06008
1.052012 0.8612071
0.9974976 0.813659
0.9412119 0.8972294
1.027748 0.8878574
0.9801151 0.8289677
1.069373 1.026566
1.066907 1.179405
1.090351 0.9912137
0.9992049 0.935205
1.073993 1.069325
0.9156749 1.374737
1.074044 1.424451
0.9474612 1.381484
1.104527 1.446828
1.02572 1.488787
0.8957393 1.190617
0.8970654 1.371308
1.014449 1.078798
0.9288664 1.120393
0.9515203 1.104334
0.9327341 1.427963
0.9763597 1.393817
0.9665089 1.104394
1.166382 1.024883
1.11844 1.028469
1.088013 0.9137991
1.08106 1.042587
0.939058 1.05066
1.020094 0.9757074
0.9065029 1.081233
0.9468422 1.213499
1.185098 1.326638
0.9229276 1.451052
1.019759 1.570867
1.053036 1.066086
1.096425 1.183387
1.150731 1.139179
1.218662 1.503709
0.9058509 1.25944
0.9888875 1.402759
0.9893299 1.305165
0.8704631 1.09684
1.158325 1.076599
1.091878 1.041915
0.9360901 1.151111
1.135423 1.234357
1.048677 1.047742
1.012899 0.9172721
1.083767 0.8401964
1.008939 1.077981
1.011174 1.28196
1.065225 1.281132
1.078467 1.110365
1.096122 1.004114
0.9226142 1.396177
1.061684 1.142593
1.122108 1.486815
1.006775 1.204849
1.077894 1.168822
1.028188 1.34061
0.9938354 1.208617
0.9037209 1.198351
1.071037 1.077438
1.108738 0.8986289
1.092305 1.035211
0.9362421 1.00669
1.053201 1.152196
1.014121 1.092058
0.8656602 1.189588
1.160664 0.9244564
1.228566 0.975425
0.9893626 1.117107
0.9445577 1.340018
0.8706715 1.283578
1.236317 1.207932
1.220226 1.163589
1.100004 1.152441
0.9537797 1.269113
1.013869 0.8816415
1.058959 1.051669
0.9903874 1.115194
0.9388293 1.329525
1.094269 1.209894
0.9214155 1.433423
0.8477049 1.359436
1.157004 1.283141
0.9062441 1.182104
0.9311334 1.33947
0.8992894 1.357565
1.175809 1.248463
0.9601104 1.071979
0.8998934 1.36234
1.336389 1.20803
1.026257 1.081567
1.02812 1.123404
1.164302 0.9759807
1.046693 0.987372
1.081087 0.9621054
1.019231 0.9139645
1.017919 0.9388215
0.9916408 0.840056
1.025958 0.8420504
1.035452 1.206713
0.9384638 1.094767
1.324831 1.42585
1.081749 1.033289
0.9798889 1.10729
1.04624 0.8611461
0.977058 1.011135
0.9715438 0.9917596
1.013237 1.148179
0.9659979 1.219699
1.031887 1.511754
0.9737825 1.318059
1.19375 1.073849
0.955776 0.8620992
1.109257 0.9740779
1.031919 1.172326
1.073204 1.234268
1.121679 1.073439
1.074961 1.157398
0.9953355 1.436585
1.056893 1.170611
1.221265 1.338653
1.004843 1.255833
1.02444 1.089545
0.9861109 1.374044
1.036268 0.9693048
0.9487133 1.075822
0.8162505 1.438717
0.799107 1.582012
1.048364 1.864271
0.921637 2.039601
1.033505 1.342956
0.9848155 1.135298
1.172049 0.9683291
1.050854 1.024854
1.147962 0.9636185
1.023412 1.101552
1.178588 1.335742
1.029467 1.385105
0.8955275 1.615265
1.044584 1.548045
0.894953 1.829959
0.9945632 1.603881
1.055665 1.385798
0.8274905 1.398523
0.9376484 1.322174
0.8612575 2.378271
0.9431684 1.213674
1.033265 1.147591
1.111211 1.281618
1.133526 1.20509
0.8799565 1.246703
1.118511 1.135372
1.074619 0.8430153
0.9810444 0.8048176
1.033865 0.9818766
1.012573 1.261786
1.167255 0.9873083
1.049638 0.970495
0.8768378 1.201894
1.062732 1.208564
1.0032 0.891135
0.9953895 1.034562
1.084998 1.13646
0.9751225 1.587874
1.149857 1.351533
0.9100597 1.600815
0.9313761 1.658869
1.052309 2.199417
1.13129 1.822687
1.030305 1.47083
1.102189 1.334082
1.146472 1.112415
1.112623 1.432816
0.897107 1.131826
0.9669823 1.291273
0.9236693 1.604015
0.8870025 1.602902
0.8973559 1.864987
1.135651 1.783992
0.915405 1.586017
1.266062 1.688657
0.9849908 1.405122
1.080545 1.192522
0.9124355 1.183984
0.8970294 1.071555
1.056241 1.014751
0.9212865 1.189554
1.162729 1.267665
0.9927115 1.294626
1.314552 1.104531
0.8923294 1.339328
0.8803384 1.228312
1.189351 1.312261
1.0331 1.151195
1.252971 1.230068
1.166296 1.298066
1.002013 1.061688
1.028896 1.237451
0.9124884 1.348359
0.9796715 1.196365
0.9678078 0.8765495
1.019435 0.9338186
0.9437273 1.049926
0.9756334 1.192397
1.060587 1.025823
0.9750302 1.192823
0.9028066 1.055378
1.041589 0.9427609
1.121371 1.067105
1.029233 1.091649
0.9786052 1.051561
1.095172 0.9471509
1.187965 1.541079
1.013821 1.222231
0.9544492 1.451962
1.114937 1.474512
1.152072 1.168409
1.049239 1.133527
1.027084 1.240612
1.079989 1.190185
0.9721511 1.188104
0.9417605 1.302332
1.423348 1.038754
1.129719 0.8454801
1.059377 1.148508
0.9960788 1.308576
0.888924 1.372118
0.9699148 1.104554
1.035773 1.065709
1.081581 0.9698895
1.019314 0.9623045
1.058619 1.287003
0.9959023 1.273612
1.083642 1.262667
1.105626 1.109736
0.9453756 1.711702
0.9722184 1.58562
1.084833 1.391041
0.9996291 2.400768
0.8910159 2.065541
1.171075 2.080611
1.141236 1.182763
1.042908 1.369235
1.117523 1.182014
1.310594 1.626631
0.9541635 1.670069
1.013741 1.648613
1.162676 1.51567
0.9693452 1.366204
1.25544 1.08511
0.8589347 1.133119
0.9562558 0.9702177
1.012174 1.073138
1.036851 1.178358
0.9568441 0.8610107
1.008729 0.8381047
1.069126 0.8240307
0.9881009 0.9373686
1.08196 0.972477
0.9304646 0.9278845
1.058988 1.020074
1.019104 0.8341587
1.098046 0.8141524
1.11687 0.8205717
1.096204 0.8574946
1.059093 0.8520726
0.9166537 0.9799993
1.025038 0.9457383
0.9942428 0.9791606
0.9685979 1.042228
1.031467 0.8303782
0.9850536 0.9320916
0.9837071 1.102039
1.149441 1.314699
0.9787664 1.512815
1.035631 1.181963
0.9570652 1.00071
1.033321 0.9388845
1.024692 0.8709868
1.112091 1.102796
0.9611518 1.246315
1.075541 1.241707
1.08012 1.377642
1.13869 1.175346
1.025705 1.179319
1.109145 1.148604
1.035895 0.9534439
0.9730977 1.163978
0.9782185 1.054773
1.118122 1.077848
1.034935 1.334856
1.123173 1.162835
0.9646496 1.061611
0.9909018 1.01012
1.100667 0.947909
1.009628 1.182485
1.166327 1.182592
0.927473 1.169641
1.055682 0.9376162
0.9853823 1.095473
0.9873046 1.206655
1.053516 1.189694
1.06924 1.051811
1.100984 1.365992
0.9157866 1.499942
1.116811 1.524525
1.231525 1.146014
1.029094 1.187762
1.018759 1.272451
1.083662 1.271776
1.000138 1.189282
0.9253583 1.00994
1.012567 1.041734
1.044797 0.925525
1.14749 1.14665
0.99347 1.00053
0.9050228 1.456271
0.9247693 1.641395
0.8353998 1.272378
0.8786285 1.324254
1.21092 1.196013
1.000087 1.190515
1.044524 1.115254
0.9804721 0.8076742
0.9434992 0.8894241
1.086301 0.9942665
1.060804 1.146435
1.045972 1.075179
0.9137439 1.128179
0.9919884 0.9054312
1.010149 1.16108
1.087875 1.176432
1.028627 1.125813
0.9238105 1.20916
1.069229 1.199218
0.9953262 1.020536
1.17587 1.156702
1.069424 1.402183
0.9771535 1.39095
1.070745 1.398139
0.867611 1.493846
0.933904 1.678027
0.9753694 1.80462
1.094419 1.503704
1.092097 1.22314
1.025 0.9620914
1.013008 1.287506
1.000614 1.101781
0.9923912 1.038609
1.141212 0.926654
1.160789 0.9043291
1.00725 1.058637
1.234915 1.194424
1.126031 1.127036
1.124579 0.7601762
1.178663 1.130097
1.052795 1.372326
1.132421 1.408411
0.8750475 1.393109
1.164892 1.144327
1.003451 1.23806
1.023727 1.152539
0.9604618 1.129308
1.001918 0.9592065
0.91911 0.9405827
1.061981 0.9618636
1.078126 1.121106
1.090084 1.168726
0.9260152 1.026145
1.130713 1.08189
0.982939 0.9307918
1.023224 0.8316721
1.001297 0.7501604
0.9774637 0.7456279
1.09126 1.141609
0.9101939 1.107482
1.050387 0.9963626
0.9557317 0.9972888
1.146633 0.9085356
1.037525 0.8324477
1.032241 1.069072
0.9598494 1.093903
0.8997741 1.326824
1.012742 1.125373
0.897874 0.969034
1.152149 1.077554
1.021926 0.7616187
0.9878466 0.7891345
1.002088 0.8408744
1.040041 0.7797108
0.9934655 0.8147797
1.020497 0.7743491
1.025415 0.9231214
1.177586 0.7339742
1.007265 0.9765255
1.050677 0.8685904
1.153351 0.9317211
1.180644 1.212599
1.100052 1.38171
1.149461 1.296121
1.012291 1.367582
1.036506 1.286111
1.00681 0.9242724
1.112772 1.086437
1.149397 1.078817
1.024219 1.161607
0.9910189 1.008709
1.162663 1.039373
1.001784 1.286637
1.052615 0.967116
1.015588 1.198288
0.9976308 1.690769
1.156112 1.344566
1.202067 1.585014
0.9673496 1.273012
1.076154 0.9515792
1.067441 1.078398
1.0114 1.487261
1.055001 1.647144
1.07091 1.027447
1.15471 0.8493381
1.010164 1.021533
1.040735 1.114251
1.094726 1.309717
0.9831251 1.325155
1.021215 1.560067
0.8094787 1.561807
0.9194012 1.458841
0.9665481 1.485978
0.9361711 1.130745
0.986844 1.245001
1.112328 1.183768
1.012273 1.290104
1.192234 1.188524
1.041116 1.24346
1.072072 1.215742
1.116588 1.378559
1.19271 1.271539
0.9018414 1.334634
1.00591 1.084165
1.020865 0.9104385
1.184602 0.9048409
1.113983 1.090676
1.154257 1.229805
1.018602 0.9370506
1.133468 1.078519
1.228032 1.18869
1.192613 1.177776
1.062552 1.226636
1.007922 1.287527
1.141298 1.506431
1.091057 1.294444
0.9098796 1.313297
0.9652514 0.9446424
0.9542344 0.7271009
1.020244 0.9348901
1.027065 1.249067
0.8126966 1.307623
0.9591439 1.099687
0.93372 1.162978
1.095901 1.150526
0.8819354 1.257723
1.248995 1.33241
1.155398 1.132452
0.9507802 1.484284
0.759792 1.489367
1.034376 1.236382
1.07471 1.061303
1.101239 0.9315542
1.233258 1.194752
1.027054 0.7161349
1.029124 1.019736
1.054165 0.9745602
0.8594728 1.119763
1.002352 1.013802
1.189678 1.0868
0.95057 0.9938143
0.8769191 1.230267
0.999899 1.031466
0.9603432 1.077144
0.9952081 1.062841
0.985774 1.197887
1.121408 1.40226
1.088364 1.221256
1.029495 1.236101
1.135988 1.189421
1.183322 1.079593
1.084217 0.9589305
1.055684 0.9335826
1.084557 1.15213
1.112611 1.171254
1.127225 1.20507
1.003522 0.9820896
1.124496 1.230847
0.964754 0.9332021
1.032466 1.043587
0.7897124 1.358839
1.075675 1.355609
1.118749 1.517838
1.088486 1.175973
0.9617689 1.103673
1.238667 1.469243
0.9654674 1.390412
0.8258459 1.705264
1.066898 1.527724
0.8031993 1.553528
0.9551148 1.521206
0.9142893 1.814231
1.103008 1.581501
1.0632 1.788692
1.126593 1.359717
1.253326 1.126465
0.8850971 1.204225
1.00065 1.213517
0.9917539 1.104441
0.8408665 1.532705
1.11444 1.160679
1.013235 1.004941
0.9399436 1.001068
1.018161 1.263269
1.018474 0.938106
0.9469866 1.258604
1.021944 1.088763
0.9867948 1.105482
0.9864115 1.085858
1.103128 0.8764556
1.05691 0.7711919
1.035607 0.6584851
1.000479 0.9105911
1.085536 1.142441
1.02189 1.074375
1.084063 1.246662
0.9353177 1.209698
1.08901 1.261816
0.9831142 1.598065
0.8946965 1.731715
0.8919388 1.454377
1.124024 1.163332
0.9958998 1.088329
1.19118 0.9917686
0.9412564 1.24071
1.168927 0.9798178
1.051268 1.127779
1.076547 1.05935
1.12122 0.9782256
0.9814144 1.068105
1.014669 0.8866419
1.034569 0.984306
0.9881542 1.072388
1.176156 1.108101
1.07822 1.332009
0.9799596 1.157993
1.101103 1.077276
1.156196 1.089149
1.05248 1.360568
1.07716 1.053408
1.022271 1.273913
1.130319 1.25419
1.179735 1.356662
0.8694385 1.372091
1.101893 1.195888
0.9753755 1.260807
1.008309 1.165427
0.876319 1.375509
1.204001 1.617526
0.9370853 1.458353
1.051796 1.242661
1.05908 1.260977
1.115428 1.180638
0.9411148 1.37634
0.9266845 1.135327
1.122046 1.136752
0.9817265 0.971194
1.39755 0.8630498
1.038595 0.9860399
1.017277 0.7692122
0.8942319 1.000368
1.003329 1.091341
1.075551 1.066682
1.039768 1.403574
0.9426559 1.292924
1.065524 1.418033
0.9950207 1.403423
1.050976 1.177792
1.058963 1.075282
1.066327 1.051014
1.059453 1.273582
0.9997234 1.244341
0.9591265 1.174444
0.8745089 1.35395
0.9773398 1.645354
0.9636968 1.581938
1.175345 1.28252
0.9987126 1.197578
1.094261 1.384785
0.8939462 1.277542
0.9821793 1.012383
1.004818 1.108701
1.010798 0.956428
0.8429026 1.073854
0.9762872 1.255546
0.9718735 1.122726
1.080242 1.015388
1.132838 0.9577144
1.018165 0.8400081
1.133133 1.119452
1.07044 1.469873
1.110893 1.335344
1.183473 1.124629
1.042218 1.0868
1.107111 1.052133
1.027027 0.9380899
1.104883 1.055626
0.9697381 1.440534
0.933777 1.334231
1.067987 1.272219
0.9800034 1.590656
0.949737 1.500204
1.019757 1.475589
1.036066 0.992645
1.18561 1.320361
0.9896994 1.401501
0.92209 1.117778
0.9327202 1.271393
0.9529797 1.141956
1.142333 1.260763
0.9550486 1.073974
1.152537 1.171986
0.8847932 1.235387
0.9528328 0.8982455
1.151897 1.097613
0.9799906 1.007577
1.034322 1.24754
1.012536 1.083099
1.157614 1.199903
0.9949534 1.272842
0.9374386 1.083389
1.049536 1.053972
0.9097239 1.206181
1.040403 1.336511
0.9185499 1.105576
1.083919 1.084639
1.140076 1.097972
1.116287 1.038523
0.97423 1.279785
1.014629 1.419499
0.9544014 1.180509
1.048013 1.212694
0.9455034 1.782194
0.9786778 1.388104
0.950268 1.539784
1.116456 1.459473
1.013013 1.506576
1.101409 1.249897
1.165194 1.582341
1.074568 1.44502
1.134768 1.440364
0.9861602 1.35469
0.925393 1.311944
0.8405588 1.478467
1.03018 1.235553
0.9465424 1.152986
1.041784 1.179881
0.8997461 0.9441326
0.9493191 1.114824
1.011327 0.8923242
1.010916 0.9500587
1.07851 0.9008619
1.027209 1.032851
0.9884618 1.291221
0.9889751 0.9818606
1.261411 1.105985
1.003493 0.990378
0.9753158 1.01266
1.016798 1.027222
0.8818165 1.327484
1.000309 1.371352
0.9549379 1.183045
1.059894 1.226853
0.9711546 0.9726271
1.090089 1.025478
0.9622584 1.108114
0.7962969 1.140159
0.9021728 1.222255
0.9920059 1.108829
1.028652 1.236955
1.353421 0.929292
0.9538573 1.479475
0.9287023 1.208271
1.064288 1.169571
1.029808 1.144455
1.033078 1.309433
1.037054 1.432329
0.9310334 1.434202
1.082946 1.531631
1.155216 1.318688
1.017845 1.008998
1.21392 1.031719
1.11359 0.9002289
1.124104 1.087488
1.084565 1.151442
0.933183 1.088551
0.9619126 1.656407
0.7969177 1.963121
0.9246421 1.722488
1.016762 1.610801
0.9488149 1.673854
0.9283947 1.693888
1.016108 1.927645
0.9407125 1.459684
1.114604 1.241217
0.8489397 1.336716
1.040165 0.7511393
1.010841 0.7044398
0.9976538 0.6483332
1.041266 0.6164043
1.074848 0.8031224
1.209011 0.9418777
0.9032322 1.078004
0.9977973 0.9368512
1.015326 1.04989
1.072762 1.078585
1.003404 1.303204
1.002037 1.147841
1.057732 1.13642
1.132254 1.476523
1.123866 1.217234
1.080303 1.291634
1.024361 1.369066
0.9716137 1.508183
0.9376868 1.522931
1.034353 1.19095
1.09951 1.265711
1.194287 1.140202
1.014679 1.137365
1.209655 1.110423
1.023888 0.9996923
0.950829 1.259867
0.9949131 1.337907
1.006763 1.188339
1.015856 1.15634
0.9837719 0.9387808
1.147165 0.9288738
1.055895 0.9017259
0.9882411 1.071402
1.124028 1.012753
0.9930238 1.143245
1.043266 1.084667
0.9460869 0.9336674
1.017907 0.8564285
1.296101 0.8789996
0.9401837 0.9174571
1.023199 0.7899524
1.058705 0.8909269
0.899821 1.019191
1.165559 1.125102
1.1239 1.232481
1.079698 1.335579
1.025621 1.073562
0.8727563 1.06681
1.018656 1.129418
1.156477 1.354533
0.9002403 1.125034
1.057119 1.019591
0.9775973 1.492204
1.037285 1.526686
0.9026828 1.502606
1.063404 1.894375
0.9060736 1.85475
1.149347 1.485262
1.195609 1.256222
1.092269 1.239454
0.9438655 1.353513
1.037709 0.936054
1.006275 0.8170956
1.062814 0.7672033
1.012153 0.7258982
1.097725 0.9047451
1.0318 0.7978906
1.148156 0.7977909
1.072706 0.7805329
0.9888615 0.9044116
1.066351 0.9591583
1.018474 0.9066303
1.054388 0.8740395
1.064966 0.8615566
1.076055 0.9799164
1.103405 1.110895
1.000405 1.079092
1.106241 1.005897
1.030148 0.8479511
1.171581 0.9989455
0.88257 1.179666
1.096884 1.123058
0.9511082 1.262773
1.131936 1.041141
0.9880339 0.9747217
0.9863747 1.048058
1.125535 0.8481541
1.03869 0.8684523
0.9861103 0.8456479
1.038426 0.9614401
1.042439 1.068752
1.092904 1.03918
1.022022 1.083851
0.8288876 1.168958
1.102925 1.012435
0.9279566 1.017485
0.9474405 1.268167
0.9688209 1.398725
1.020688 1.175434
1.051493 1.203066
0.946804 1.301507
0.9911426 1.005479
0.9117355 1.472174
1.060768 1.087171
0.9236697 1.082277
1.022365 1.157085
1.154851 0.9398366
1.131058 0.9416425
1.180907 1.247565
1.071694 1.150666
0.8936029 1.413738
1.107773 1.488529
0.8134316 1.334871
0.8709693 1.891238
0.8357324 1.466388
1.034911 1.309347
1.071699 1.253126
0.9418867 1.033972
0.9207201 0.8573521
1.020916 0.9317822
1.082101 1.066227
1.166177 1.246637
1.030976 1.445503
1.034828 1.07149
1.022601 1.05412
1.149212 1.162128
1.033995 0.80585
1.113819 0.7898964
1.030759 0.974771
1.082351 0.7792639
1.090014 0.7520912
1.036392 0.7357946
1.091868 0.7805638
0.9693872 0.6836144
0.9989007 0.7961259
1.026303 0.8797092
1.081584 0.8280168
1.005659 0.9304689
1.095021 0.8643977
1.21066 1.092259
1.015209 1.245869
1.094446 1.645985
0.9809904 1.39335
1.036487 1.209629
0.954855 1.307023
1.038779 1.123712
0.9931706 1.193244
1.002682 1.258332
1.186609 1.33559
0.8986098 1.376088
1.059545 1.529557
1.023034 1.471343
0.9743296 1.207477
0.9867427 1.063521
0.9534952 1.118282
1.00378 1.205172
0.9511902 1.17343
0.9908928 0.9101705
1.097487 0.9689405
1.003838 1.030455
1.171357 1.003541
0.9882386 1.022412
0.9506141 1.045114
1.130469 1.043524
1.019826 1.093585
1.035377 1.150078
1.047499 1.193895
1.00419 1.12015
0.9830312 1.158076
0.9364632 1.018183
0.8926099 1.143551
0.9533678 1.299575
1.010451 1.653072
0.8816446 1.438279
1.008723 1.237974
0.9268983 1.305022
0.9318672 1.260872
1.06734 1.022415
1.031548 1.118931
1.0526 1.333175
1.031527 1.143733
0.9719444 1.358775
1.144675 0.9990227
1.163215 1.146351
0.8692475 1.093266
1.089986 1.111124
1.011933 1.024159
1.029082 1.238043
1.075644 1.208575
1.074628 1.528783
0.9337995 1.314739
1.106201 1.248892
1.14843 1.340553
1.137789 1.006839
0.9407409 0.9106664
1.197274 0.8842181
1.093168 0.9646861
0.9412889 1.243547
0.9561983 1.312172
0.9362177 1.278592
0.952463 1.069063
0.9713138 0.8414812
1.028879 0.8142224
1.04686 0.7256323
1.189245 0.8223103
0.9819131 1.030015
0.954724 1.026582
0.9860576 1.389604
0.8468421 1.547516
0.9425655 1.308694
1.07956 1.402089
1.12108 1.29546
0.9705481 1.455185
1.031852 1.014647
1.08106 1.096376
0.9412287 1.078033
1.054287 0.8302611
1.144778 1.246539
1.124262 0.9420671
0.8918424 1.246812
1.029756 1.611959
1.037101 1.280921
1.121718 1.335202
1.091592 1.399813
0.9526933 1.247039
1.031962 1.229794
1.023376 1.117253
1.004076 1.13803
1.133941 0.8518773
1.114673 0.9761897
1.114649 1.157117
1.147182 1.4715
0.8169791 1.87056
1.084288 1.593086
1.02384 1.599011
1.042544 1.729971
1.106908 1.699397
1.027842 1.706908
0.9042471 1.624806
0.8556467 1.547416
1.240507 1.478666
1.04388 1.274687
1.000402 0.9852554
1.026599 1.100905
0.9757989 0.934779
1.066197 1.189482
0.936002 1.192569
1.093783 1.148177
1.072971 1.313003
1.067437 1.115627
0.9779591 1.03681
1.005708 1.154036
1.130373 1.124636
1.113247 1.262066
0.8795769 1.395771
0.9978268 1.128916
1.019375 1.016786
1.083917 0.9671182
1.062571 1.176895
0.9355222 1.063913
0.9553543 1.318351
0.880442 1.106968
0.9659393 1.302956
0.8896505 1.625251
1.057077 1.202191
1.020718 1.125027
1.013457 1.104465
0.9101016 0.9381843
1.008688 1.271727
0.944108 1.112668
0.9638318 0.944003
1.053138 1.044187
1.00726 1.098834
1.042219 0.848027
1.101539 1.064629
0.979235 1.493331
0.9709843 1.797364
0.9396756 1.930415
1.250154 1.525858
1.111664 1.749323
0.8375534 1.268313
0.9028295 1.143472
0.984052 1.068721
0.9894778 0.8599674
0.9644538 0.8506649
1.074809 1.038801
0.9383107 1.068422
1.085494 0.9150988
1.194987 0.8610683
0.9141872 0.9567354
1.100681 1.397921
1.03311 1.378088
1.090307 1.450457
1.245091 1.344092
1.025169 1.575099
0.932548 1.187734
1.195445 1.145249
1.233584 1.171056
1.101007 1.384296
0.9811934 1.697127
0.8962125 1.563538
1.137854 1.188403
0.7954138 1.597254
0.9166105 1.439247
1.087234 1.489987
0.8981889 1.368216
0.9016291 1.296056
1.020965 1.399139
1.047295 1.330525
1.035649 1.500252
0.915071 1.279085
0.8927041 1.393888
1.089253 1.656285
0.9520148 1.372022
1.078576 0.8348424
0.9824271 0.9357097
0.9923319 0.7981957
1.050026 0.8088158
1.051188 0.7478514
1.080442 1.089295
0.9362389 1.22614
1.165078 1.126128
0.9858611 1.188031
0.9248379 1.054263
1.033151 1.178776
1.262941 0.9021607
1.126205 1.0827
1.039705 0.9369031
1.260612 1.046347
1.031603 0.826112
1.108462 0.8630777
1.057601 0.8622657
1.068508 0.7616946
0.9915611 1.095649
1.030704 1.226553
1.095911 0.9990189
0.9190462 1.027948
1.114172 1.212348
1.174295 0.9941924
1.01035 1.04827
0.9700766 1.210387
1.104574 1.089495
0.995323 1.450694
1.24208 1.359434
0.88247 1.366604
0.977414 1.305891
0.8867241 1.38307
1.05886 1.145419
1.081746 1.090297
1.127082 1.187537
1.039824 1.170903
1.038449 1.117684
0.9740522 1.20145
0.9737786 1.596914
1.057449 1.17184
1.02359 1.161117
1.029683 1.487447
1.137279 1.423846
1.091442 1.416302
1.043646 1.3922
0.990014 1.29103
0.9994847 1.558933
1.098479 1.638572
1.035984 1.223479
0.9693313 1.364164
0.9678004 1.250996
1.241619 1.283578
0.9619058 1.029274
1.052845 1.123144
0.9913274 1.06684
0.974575 1.252497
0.9806175 1.055986
1.054736 1.221691
1.077241 1.317219
1.101938 1.191326
1.229652 1.378364
1.044616 1.181411
1.064376 1.11824
1.003209 1.005648
0.9423535 1.225749
0.9034268 1.20076
0.9640855 1.070514
1.04987 0.9017285
1.259974 1.084867
0.8912536 1.267205
1.248106 1.244664
1.013831 1.176304
1.011878 0.9925528
0.9418689 1.095965
1.04902 1.007577
1.032452 0.9461994
0.9801296 1.063647
1.100318 0.9549556
0.9505451 1.218342
1.114315 1.17819
0.9671185 1.126745
1.033192 1.076163
1.099445 1.197202
1.104976 1.047522
1.093567 0.786695
1.038288 0.9775741
1.045344 1.00462
1.129874 1.216135
0.9706267 0.8023311
1.075979 0.979263
0.9644542 0.9867446
1.0064 1.075482
1.026472 1.044007
1.024231 1.222036
0.9362959 1.174998
1.10256 1.275784
1.010095 1.184787
0.9303111 1.070184
1.197581 1.030231
1.059436 1.03208
1.233688 1.215768
0.9656603 1.401239
0.9762144 1.106266
0.9630424 1.247388
1.011149 1.460069
1.160247 1.448665
1.122714 1.205214
1.099615 1.309648
0.9737746 1.02706
1.160793 1.213489
0.9769354 1.57337
0.9776876 1.318232
0.9600395 1.576913
1.002266 1.468588
0.9730066 1.108544
1.001153 1.133566
0.9495046 1.09381
1.092746 1.304884
1.05448 0.9373638
1.095406 0.9226518
1.074309 1.089323
1.057251 1.26117
1.050627 1.535011
1.077028 1.753659
0.9785878 1.651024
1.082846 1.367039
0.8746717 1.425163
1.06555 1.718919
0.9598866 1.144089
1.100066 1.123683
0.9993621 1.200681
1.090606 0.9070276
0.9783614 0.6885736
1.039792 0.9960644
1.091788 0.9958443
0.9544026 1.132091
1.076647 1.017474
1.197383 1.02799
0.9980043 0.8114954
1.030273 0.916465
1.017306 0.8594783
1.075955 0.9119986
1.073659 0.8859147
1.036622 1.006726
0.9572025 0.8506928
0.9810231 0.7248516
1.077309 0.8006799
1.111701 0.7675829
0.968877 1.020787
1.129195 0.8779907
0.9954886 0.7887768
1.012268 0.7207328
1.008189 0.7302287
1.051961 0.7592479
1.008824 0.7846896
1.04697 0.9719051
0.9899038 1.019097
1.046847 1.362428
1.098338 1.461125
0.896837 1.732809
0.9023966 1.616691
1.094009 1.490384
0.9531748 1.532979
1.057571 1.368045
1.131973 1.02468
1.08725 1.095685
1.03993 0.9712879
0.9038879 1.188298
1.057033 0.9717734
0.9711534 0.775235
1.114121 1.081593
0.8313424 1.370292
1.13397 1.419378
1.007404 1.183207
1.027317 1.474413
1.030662 1.03002
0.9651059 0.9533106
1.027143 0.9081207
1.000582 0.872096
1.230886 1.04965
1.03923 1.355624
1.080109 1.147915
1.018239 1.240023
1.123114 1.173996
1.037001 0.9388686
1.011892 1.11118
1.373379 1.046032
1.199489 1.025788
0.8387012 2.135606
0.9906792 1.295734
1.018069 1.171528
1.15188 1.073511
1.04196 1.019705
1.031912 1.289284
1.029897 1.499427
1.028427 1.430687
1.104038 1.526335
0.9816474 1.133439
1.204605 1.285582
1.176558 1.207508
1.018571 1.025211
0.9922109 1.286865
0.9324527 1.521428
0.9801989 1.463266
0.9165506 1.137694
1.155943 1.06709
0.8634423 1.145808
1.08706 1.079883
1.149268 1.01818
0.9810412 1.097349
1.063777 1.35266
1.119936 1.208527
1.086418 1.251704
0.8907033 1.311682
0.9534984 1.162454
0.9611621 1.078506
1.071433 0.7861305
1.022414 0.8884712
1.046797 0.9234998
1.046174 0.9342659
1.024293 0.893406
1.176984 0.938099
1.063492 0.9140327
0.9707501 1.205807
1.053225 1.165866
1.160456 1.503383
1.00842 1.239182
0.8104905 1.731879
0.9253408 1.348662
1.034115 0.96828
1.069444 0.8022146
0.9954853 0.8809336
1.042936 0.8549852
1.130721 1.001675
0.9139501 1.358313
1.193337 1.382273
1.010395 1.083649
0.9802381 1.047584
0.9045891 0.9763777
0.9021856 1.118722
0.9223974 1.018465
1.086352 0.9268997
1.077684 0.9835314
1.259666 1.042766
0.9787513 1.226479
1.166626 1.109548
1.107099 1.20917
1.021589 1.524298
1.004659 1.354807
1.120535 1.543836
1.090438 1.527182
1.134377 1.130014
1.143474 1.154634
1.108326 1.05278
1.020377 1.02805
1.147081 0.9549931
1.037412 1.217015
1.20947 1.485471
0.9153725 2.080253
0.8968904 1.461804
1.062164 1.729041
1.017404 1.373184
1.048481 1.156954
1.127383 1.406395
1.058358 1.270354
1.079144 1.202962
1.033009 1.407408
1.097073 1.121499
1.018444 1.165168
0.9550784 1.225302
1.062357 1.241184
0.931186 1.279506
0.8732248 1.218058
1.001424 1.153757
1.001209 1.305828
0.8913456 1.287467
0.9304857 1.537352
0.9874341 1.361846
0.9527327 1.260996
0.9989904 1.470007
0.8984965 1.141318
1.099991 1.123693
0.9667289 1.032356
1.034974 1.044808
1.02977 0.9124701
1.018075 1.099716
1.013098 0.9969819
1.094413 1.206604
1.117454 1.205634
0.939934 1.291795
1.067949 1.334901
0.9536434 1.47374
1.143765 1.359634
1.119524 1.193353
1.079577 1.118617
0.9825774 1.216198
1.091413 1.156968
1.001954 0.9817404
1.074159 1.032777
1.158807 1.33802
1.033322 1.211485
1.012949 1.230985
1.047914 1.104039
1.30134 1.055292
0.9558294 1.0248
0.9691269 1.125856
0.9903962 0.9799407
0.9879669 1.040561
1.015657 0.974333
1.102575 1.040896
1.092313 1.040613
0.9209626 1.016795
0.8954358 1.467515
1.110318 1.223039
1.08425 1.119289
0.9883465 1.135969
0.9986433 1.169418
0.9376845 1.229127
0.9903835 1.146484
0.9768261 1.073162
0.9649858 0.8742324
1.046793 1.164978
1.108914 0.8918175
1.163732 0.9992024
0.9488344 1.444407
1.199843 1.141965
1.005304 1.112748
0.8846832 1.006927
1.009845 1.13917
1.003305 1.163137
0.9975464 1.177993
0.8857875 1.203879
1.073043 1.050613
1.004623 1.125014
1.233658 1.054589
0.9441238 1.082284
0.9756122 1.231043
0.9289692 1.298978
0.8171254 1.365637
1.090564 1.654922
1.13781 1.811658
0.9313352 2.172989
0.912498 1.865543
0.8084592 1.332896
0.9471202 0.9653135
1.077665 0.7844441
1.09879 0.9670021
1.057988 0.9103617
0.9878744 0.8130258
0.9957301 0.8590175
0.9766631 1.245031
0.9356549 1.432721
1.047993 1.829167
0.9998941 1.144444
1.03302 1.173946
1.044962 1.268505
0.8686386 0.9645231
1.053208 1.266896
1.082723 1.142813
0.8860885 1.303553
1.010482 0.9928447
1.014261 1.225515
0.7929227 1.373911
1.049693 1.488076
1.078244 1.044677
1.092319 1.199055
1.016577 0.8773164
1.029826 0.809477
0.9654138 0.7686379
1.072277 0.8126038
1.093669 0.9273976
0.9585086 0.7904713
1.070181 1.085291
0.9461118 0.9713345
1.069019 1.162591
0.939397 1.063664
1.031114 0.9423062
1.048908 0.7103034
1.052789 0.9686014
1.031144 1.174013
0.9384235 1.300549
1.005691 1.390514
0.8335277 1.341009
1.00113 1.13066
1.09472 1.097831
0.9961241 1.048898
1.021607 1.220145
0.9124062 1.012406
1.01798 0.994325
1.133972 0.9800011
1.047595 1.009418
0.8606008 1.247473
1.054868 1.565259
1.051115 1.341125
0.974833 1.233031
1.073413 1.092911
1.176446 1.263274
1.142873 1.295914
1.088825 1.250262
0.849971 1.421107
1.067788 1.455966
1.094483 1.34413
1.085709 0.9520729
0.9852209 0.9249441
1.121065 1.416781
1.001814 1.019567
1.074624 1.201522
1.012052 1.075515
0.9592789 1.255438
0.9687395 1.199605
1.031534 1.036522
1.0221 1.158687
0.9691101 1.340002
1.053195 1.291846
1.014379 1.334259
0.9224705 1.05822
1.075806 1.340184
1.197104 1.428429
1.173086 1.310874
0.9353794 1.225525
0.9933174 0.9465794
1.189988 1.194417
0.9737818 1.218611
1.049385 1.331718
1.158277 1.198351
1.157665 1.235158
0.8965768 0.9482359
0.9900447 1.143597
0.972735 1.081322
1.001466 0.9826857
0.9480608 1.101463
1.039245 0.7229782
0.9672427 0.8633154
1.085474 0.8255728
1.093846 1.159555
1.055398 1.045471
1.062478 1.261835
0.9511154 1.246725
0.909009 1.251498
0.9706919 1.045207
0.9861432 1.2035
0.8807216 1.180667
1.07879 1.060621
0.978338 0.9298358
1.116893 1.102012
0.9663202 0.8666177
0.9255912 1.168085
0.9975703 0.9279475
1.029602 1.270564
1.253869 0.9438053
1.218068 1.074046
1.030976 0.9321583
1.064913 0.8017092
1.119506 0.9775494
0.9417952 1.007436
1.079919 0.8499264
0.9727148 0.8785161
0.9561931 0.8154213
1.047589 0.8715147
0.9699409 1.184385
1.392457 1.12262
1.11716 1.153126
0.9608825 1.142532
1.013592 0.8956652
1.173923 0.8654534
1.076541 0.9471544
0.9702699 0.8779155
0.9840715 0.9712129
0.9470205 1.307406
0.9323464 1.181381
0.9697951 1.375521
0.9953752 1.559048
1.016549 1.524789
1.041353 1.432635
0.9905404 1.418313
0.994934 1.137566
0.9394211 1.204815
1.203806 1.316749
1.049638 1.213068
1.023228 1.250588
0.9837145 1.259317
1.014454 1.08547
1.237461 0.9842833
0.9581312 1.121268
1.074329 1.625178
1.296485 1.498175
1.027529 1.160266
0.9455831 1.171344
0.8472582 1.005972
0.9689545 1.217714
1.301661 1.099178
0.9968048 0.9869239
0.9893563 1.136434
0.9512184 0.9749726
1.00349 1.056197
1.045855 1.18787
0.9863956 1.029327
1.23842 0.8936313
1.10847 1.176803
1.109651 1.343606
1.066113 0.8250785
0.9942544 1.418041
0.9913441 1.469659
1.096123 1.157208
1.069724 1.324906
0.984111 1.259708
1.022591 1.352012
0.9627039 1.409656
1.06089 1.192731
0.9748658 1.026441
0.9321011 1.045585
0.9472528 1.131594
1.05465 1.180626
1.251674 1.266502
0.9299679 1.30603
1.051881 1.060198
1.109694 1.025513
1.106861 0.940076
0.9615633 1.049817
0.9577592 0.8994019
1.034364 1.169834
1.119188 1.065147
1.004954 0.9290689
1.084036 1.015093
1.072143 1.072228
0.9808007 1.149418
0.8859689 1.182683
1.080214 1.262713
1.234758 1.161988
1.009147 1.351221
0.958292 1.142173
1.170867 1.007477
1.022972 0.9957034
0.9329309 1.276514
0.9874276 1.902779
0.9688237 1.323879
0.9499198 1.157861
1.123565 1.3055
0.9909964 0.9712398
1.087742 1.009435
1.018859 1.050936
1.021547 1.632217
0.961032 1.646112
0.8775286 1.514595
1.041819 1.648586
1.250718 1.449957
0.9246328 1.571802
0.8425057 1.614624
1.233705 1.435709
1.051248 1.356389
0.8223657 1.962901
1.043847 1.53427
0.9423384 1.676672
1.089563 1.589212
1.26988 1.377419
1.068682 1.898338
1.001859 1.56142
1.123892 0.9891518
1.038868 1.176528
0.9472474 1.22028
0.9542303 1.546324
1.088361 1.369239
1.047622 1.228306
0.9898801 1.477994
1.01559 1.434237
1.212849 1.179883
1.063813 1.748179
0.8826375 2.062421
0.9416041 1.777973
1.07666 1.296492
1.034291 1.444773
0.9387781 1.319069
0.8218441 1.560174
0.9281864 1.259317
1.069551 1.190139
1.003864 1.141917
1.034148 1.308163
0.9753408 1.035561
1.002936 1.312411
1.03615 1.427367
1.052439 1.492053
1.208405 1.008888
0.941116 1.237801
0.9688435 1.075829
0.9234823 1.009888
0.9835317 1.2307
0.9913647 1.08268
1.060597 1.22338
1.197762 1.287855
0.8954869 1.434888
1.016447 1.276837
0.9205023 1.310055
0.9735546 1.047308
0.979527 0.7813597
0.9764625 0.7632314
1.084137 0.9226418
0.8982494 1.528358
1.03619 1.116876
1.027753 1.076611
1.051659 1.256704
1.017407 1.161136
1.008985 1.443082
0.8545439 1.237497
1.156709 1.144307
1.097767 1.183918
1.030377 0.9734427
1.06819 1.077499
0.9068355 0.9846917
1.002494 0.9830047
1.010736 0.9863876
1.040849 1.040783
1.021254 1.122697
1.058761 1.288634
1.004236 1.247992
0.943835 1.279014
0.9313042 1.347372
1.011241 1.201885
0.827257 1.44678
1.078112 1.20229
0.839367 1.4886
0.7965854 1.75788
1.091739 1.102191
1.122554 1.00427
1.066473 1.022844
0.9177146 1.055268
1.1966 1.220825
1.067437 1.363552
1.054549 1.024448
1.020864 1.007656
0.9466823 1.080192
1.062703 0.9521099
1.020836 1.204919
0.9476444 1.118412
1.084055 1.09847
1.08333 0.9921934
1.143468 1.448687
0.8954112 1.396325
1.024866 1.510928
1.000237 1.203963
0.8928628 1.17764
1.076911 1.15917
0.9296241 1.267628
1.034137 1.047115
1.194396 1.171023
1.039754 1.11846
1.142705 1.012623
1.066906 1.078811
0.8615657 1.227992
1.164978 1.11076
0.9652543 1.427021
1.173339 1.206037
1.032922 1.098045
1.141812 1.07525
1.045978 0.9590975
0.9925014 1.040148
0.9247558 1.015348
1.067395 0.7961382
1.04768 1.00864
1.04443 0.9945675
1.06456 1.131471
1.000636 1.328392
0.9041495 1.172316
0.8859898 1.325754
0.9810078 1.333608
1.014429 1.066449
1.092972 1.258298
1.03714 1.213727
1.088228 1.11667
1.087356 1.23311
1.140705 1.080448
0.9646327 1.426764
0.9846673 1.392094
1.001583 1.350597
1.034014 1.21005
1.020144 1.654187
1.113479 1.464182
0.9360483 1.341028
0.9988973 1.083542
1.046546 1.17945
0.9531756 1.137452
1.082143 1.002992
1.017848 1.076861
1.082528 1.014954
0.8628807 1.444427
1.103027 1.050409
1.212402 0.8629347
0.9367884 0.9231599
1.143441 1.214836
1.039081 0.9524411
0.912746 1.092175
1.025223 1.080543
0.9774709 0.8460079
0.9785588 0.9061348
1.042488 0.9801212
0.998051 0.9346584
1.135656 1.03585
1.028756 1.191652
1.136564 0.9565508
1.28058 1.402286
1.040732 1.515076
0.9289497 1.532735
1.082779 1.438952
0.9538566 1.224923
1.00275 1.071024
1.01893 1.249085
1.147747 1.17785
1.107344 1.154939
0.9853893 1.556139
1.052598 1.400705
1.057743 1.509442
1.222616 1.248492
0.9698485 1.05476
1.0569 1.358925
0.9616954 1.081117
0.8706336 1.100016
1.105495 1.094945
0.991381 1.060137
0.9555949 1.184309
1.072418 1.170973
1.02651 1.335713
1.153059 1.145899
0.9885349 1.014188
1.126508 0.7978769
1.051163 0.8544882
0.9788458 0.8786102
1.111556 0.817677
1.067681 1.141312
1.129654 1.250398
0.9273392 1.308357
0.9506613 1.645886
1.074444 1.413161
1.065591 1.527799
0.9613181 1.292878
1.11182 1.145274
1.093555 1.098623
0.8630272 1.231339
0.8804306 1.375335
0.8787104 1.557432
0.9430644 1.424425
1.121416 1.073472
1.053042 1.128438
0.9061008 1.179688
1.048073 1.149102
1.068624 1.338691
1.099245 1.162933
1.056518 1.043379
0.9561672 1.030194
1.028213 1.111798
0.8858663 1.362252
0.9971999 1.724971
0.9440535 1.656305
0.9511594 1.488969
1.120741 1.322766
0.9254966 1.469522
0.9529698 1.618397
1.054931 1.39491
1.038536 1.281404
0.8951503 1.478239
1.033093 1.227424
1.111839 1.112309
1.075608 0.9809056
0.9515536 1.252255
0.931093 1.216922
1.075548 1.305769
0.9388646 1.419388
1.010502 1.344432
0.9807303 1.186288
0.9572231 1.229566
1.160681 1.301826
1.085401 1.213129
0.9285135 1.226906
0.9828801 1.109978
0.9091563 1.294061
0.7258716 1.51535
1.084268 1.311458
0.9704139 0.9985056
1.078672 1.083234
1.129863 1.1472
1.109625 1.222843
1.073052 1.312113
0.8888914 1.331073
1.090876 0.9217551
0.9324729 1.335702
1.044128 1.580516
0.8452521 1.819418
1.122338 1.254539
1.058223 1.519557
1.002115 1.14713
1.163181 1.247258
1.021677 1.099216
1.035988 1.341515
1.229664 1.296994
1.162046 1.170704
0.9477622 1.435499
1.089367 1.543037
0.9711442 1.201646
0.8544079 1.404402
1.084868 1.16138
1.153676 1.109621
0.9714725 1.130055
0.9996285 1.115295
1.047426 1.010886
1.025717 1.230873
1.004588 1.535087
1.040612 1.808129
1.007975 1.606645
0.9510259 1.153649
0.9657357 1.013915
1.065421 0.9609838
1.072424 1.181851
0.9458124 0.9274865
1.013244 1.156577
0.9567442 1.105586
1.072061 0.9996277
0.992682 1.061042
0.9773101 0.951921
0.9063442 1.093178
0.9758103 0.8915259
1.1602 0.9999731
0.986887 0.9854169
1.128996 0.9119347
0.9610854 1.009676
1.017973 0.9294714
1.040972 1.031576
1.079838 1.064239
0.9385577 1.010724
1.067381 1.165302
0.993421 1.229737
1.096171 1.057676
0.9935867 1.08724
1.01848 0.7544324
1.128961 0.7868417
1.048945 0.7621518
1.061044 0.9651676
0.9572064 1.212251
1.096824 1.043685
1.032138 1.17217
1.034953 1.150254
1.176976 1.27538
1.005908 1.016938
1.036818 0.9085909
1.240963 1.127106
0.9801211 1.000744
1.19761 1.24381
1.103707 1.825966
0.7876892 2.018167
0.9909849 2.022655
0.8740361 1.469716
0.968328 1.460556
1.064227 1.24405
1.12342 1.222102
1.065004 1.203762
1.067965 1.259817
1.169697 1.263835
1.059016 1.28914
0.8797131 1.560898
1.183579 1.145456
0.9335604 1.122517
1.104178 1.254997
1.119368 1.241996
1.012473 1.361889
1.048148 1.578047
1.052677 1.416114
0.9722284 1.420799
1.002655 1.421049
0.9884624 0.9526572
0.9727245 0.9096974
1.048859 1.194762
1.06829 1.322174
0.9394385 1.409645
1.019975 1.320749
1.160636 1.268935
1.028586 1.297861
0.786565 1.306018
1.02586 1.161457
1.141695 1.366408
0.8740215 1.322809
1.124677 1.289937
0.9183935 1.242594
1.216282 1.104598
1.043268 1.127875
1.072164 1.013683
1.062315 0.9132345
0.9130074 1.154291
0.8019914 1.436879
0.9711552 1.148539
0.9225299 1.064134
1.069188 0.8143053
1.060505 1.06131
1.017488 1.073052
0.9739298 1.617371
1.006666 1.575752
1.078888 1.515527
0.9959271 1.509418
1.204888 1.316186
1.154789 1.68895
1.076937 1.49979
0.9708047 1.429709
0.9962326 1.296747
1.121405 1.271044
0.9565669 1.438336
1.059712 1.319936
1.111593 1.442514
1.04277 1.399738
1.046045 1.147416
1.018605 1.393221
0.9974541 1.22252
1.067947 0.9425316
1.075504 0.9057761
0.9579629 0.9147325
1.009739 1.270029
1.111845 1.161437
0.9748903 1.629126
1.027869 1.595863
0.9919923 1.461405
0.9309873 1.299613
0.9121119 1.288447
1.058367 1.125893
1.070589 0.9373592
1.102998 0.911193
1.04395 1.284729
1.066603 1.186132
1.008035 1.459767
1.096651 1.120982
1.02296 1.352528
1.040472 1.568812
1.054645 1.329818
0.9941185 1.250843
1.160222 1.255136
1.124395 1.182649
1.03855 1.280181
0.9289391 1.199961
1.034834 1.208908
1.175067 1.262569
1.145944 1.275885
1.08509 1.341895
0.9410166 1.258948
1.010873 1.204648
1.080089 1.287957
1.077951 1.097019
1.056528 1.295351
1.038741 1.493746
1.012875 1.350173
1.137477 1.281167
1.218889 1.295459
0.9526668 1.376372
0.9739384 1.329988
1.024376 1.121968
1.150501 1.111293
1.029269 0.8520177
0.9992152 0.8298524
1.103957 1.009403
0.9702066 0.9662416
0.9385037 0.9351634
0.9343859 1.204116
0.9276675 1.107084
0.9802865 0.9871524
1.049976 1.168256
1.060069 0.9607172
1.080669 1.081079
0.9769987 1.224265
0.9493271 1.237911
0.9657103 1.125908
0.8914043 1.219674
1.06846 1.216384
0.9655676 1.053529
1.015553 1.150792
0.9533404 0.8291002
0.9667283 0.895485
0.9544408 0.9798621
0.8971162 0.9794794
1.017277 1.006575
1.076666 0.8482614
1.031457 0.9116943
1.026472 1.064886
1.073795 1.303217
1.063075 1.012283
1.173983 0.9583806
1.089346 1.063355
0.9538026 1.432912
0.9820317 1.286883
0.9876825 1.365506
1.164336 1.163532
1.012366 1.179602
1.182164 1.381176
1.095086 1.209401
1.284051 1.137308
1.179976 1.21983
1.033942 1.254483
1.098642 1.324992
1.004138 0.9442672
0.9978848 0.939996
1.124801 0.9119166
1.243387 1.124287
0.977072 1.32152
0.9876778 1.173705
1.180194 1.341382
0.9125433 1.135208
0.9766821 0.9933043
0.992014 1.117001
1.171961 1.090186
1.102535 1.060163
1.081126 0.9481661
1.008038 1.026455
1.055249 1.111789
0.9580105 1.459256
0.9678688 1.257358
1.01314 1.355712
0.9091874 0.9976295
1.068655 1.098664
0.937254 1.239613
1.085553 1.170236
1.062114 0.9779288
1.028123 1.392742
0.9978372 1.541879
1.032873 1.399913
0.9054795 1.238068
0.7980954 1.507322
0.9114806 1.871675
0.9045232 1.257767
1.043248 1.349035
0.9949756 1.108657
0.9709054 0.9265687
1.174041 0.9426609
1.099685 1.135513
0.8752454 1.228793
0.90898 1.185839
1.14707 1.19906
1.004793 1.198281
0.9690951 1.373353
1.102649 1.101009
1.012758 1.111423
1.156942 1.209035
1.015273 1.366542
0.9509194 1.458762
0.8958568 1.074683
1.098225 1.131692
0.972966 1.031867
1.131888 1.113819
0.9356539 1.2059
0.9283124 0.9117542
0.8928603 1.100292
0.9183121 1.070614
1.171419 1.068626
1.095949 1.124279
1.047185 1.233283
1.045665 0.9701251
0.9947557 0.9558245
0.958837 1.024866
1.015442 1.03517
0.9531587 1.1248
1.28102 1.230378
0.9676075 1.50108
0.9519923 1.202536
0.9818185 1.00236
1.018081 1.072964
1.029366 1.155105
0.8880903 1.288407
0.9970962 1.109229
0.9292496 0.9509281
1.19836 0.960645
1.137832 1.1968
1.133411 1.263459
0.902791 1.332702
1.113197 1.467248
1.26064 1.28936
1.064873 1.254198
0.9355191 1.102796
1.128622 1.077364
1.099326 1.396185
1.010804 1.070601
0.9852679 1.042568
0.9583291 0.9642023
0.9403077 1.028899
0.9758813 1.187049
1.124822 1.047228
1.010871 1.047811
1.048926 1.120903
0.9843811 0.9822742
1.128183 1.141606
0.8723745 1.218339
0.9791404 1.608686
0.8805492 1.742436
0.8841567 1.435449
0.9513511 1.764397
1.022498 1.606925
0.9748228 1.297254
1.009305 1.531963
1.130227 1.052295
0.912599 1.104502
0.8868805 1.039115
1.006725 0.9425086
0.8797879 1.341077
0.9226933 1.597791
0.9754516 1.000302
0.982311 1.101134
1.047284 0.9299528
1.163698 1.056599
1.044927 0.8670211
1.037161 0.9606457
1.10777 0.956526
0.8628978 1.130336
0.9973701 1.131441
1.006678 1.188072
1.083633 1.120116
1.169139 1.232076
0.9577996 1.362805
1.02202 1.367423
0.9891109 1.207838
1.002564 0.9793341
1.308381 1.00983
1.10538 0.9668719
1.073561 0.8402298
1.033776 1.015944
1.009579 0.9801517
1.179501 1.000219
1.118891 1.0388
1.208951 1.436993
1.107694 1.259692
0.9334282 1.440497
1.097362 1.230467
1.086507 1.212534
0.9873089 1.416678
0.9644066 1.658951
0.9018064 1.773362
1.019485 1.640292
1.117777 1.314817
1.055885 1.500105
0.9781578 1.493021
1.027921 1.330456
0.9207825 1.744378
1.019422 1.323935
1.215232 1.31502
1.017772 1.284839
1.021936 1.282919
0.9540145 1.619338
1.078568 1.841414
1.084964 1.548663
1.080306 1.577467
0.9412229 1.389046
