"u.bar" "t.bar"
0.9669336 1.150709
0.9700567 1.159654
0.9658744 1.126615
0.9777978 1.149825
0.9622012 1.174686
1.00605 1.1868
0.9888109 1.143282
0.9718754 1.15259
1.015894 1.11795
0.9763315 1.11111
1.040434 1.059381
1.015469 1.084057
1.000064 1.062131
0.9670224 1.103571
0.9775329 1.116584
1.06204 1.02929
0.9937814 1.063466
1.015575 1.052908
1.053036 1.081183
0.9876832 1.06407
1.008084 1.103149
0.9713918 1.114111
1.01929 1.136188
1.066776 1.109889
0.9837994 1.084296
1.007729 1.079245
1.033384 1.068265
1.007043 1.064718
1.022109 1.106831
1.026232 1.114489
1.031141 1.091246
1.002358 1.139013
0.9935121 1.135353
0.9897725 1.119615
0.9835973 1.125628
0.9702527 1.193707
0.9686043 1.144992
0.9640424 1.20597
0.9766353 1.194994
0.9749302 1.171911
1.002778 1.204155
0.9683507 1.147442
0.990204 1.11802
1.015676 1.136618
0.9854276 1.105967
0.9959337 1.136776
0.9792201 1.193976
0.9859875 1.166986
1.028612 1.147838
1.020269 1.129727
0.9679601 1.082876
1.016172 1.103429
1.027275 1.105895
1.000279 1.093902
0.9799281 1.116883
1.010617 1.090711
0.9958631 1.065335
0.9795205 1.075019
1.001708 1.060675
1.009455 1.054485
1.001948 1.037922
0.9919666 1.04491
0.9690985 1.054373
1.059094 1.061609
1.008898 1.121313
1.007922 1.047511
1.042258 1.035164
0.997479 1.05934
1.010102 1.066371
1.005559 1.081381
1.040979 1.086029
0.967967 1.162537
1.011953 1.127932
0.9610951 1.137546
1.044842 1.128019
1.020462 1.170464
1.046615 1.149573
0.9777195 1.134458
0.9731558 1.150773
0.9587342 1.110065
1.047966 1.123568
0.9907233 1.053095
0.9928087 1.102564
1.039413 1.111959
0.9878856 1.065302
0.9877961 1.063244
1.031702 1.047268
0.9539008 1.085112
1.008566 1.076497
0.9792188 1.084701
1.045815 1.052429
1.06251 1.058619
0.9919962 1.111491
1.020968 1.095801
1.00304 1.168337
0.979116 1.088149
1.025308 1.060993
1.035452 1.013663
1.023462 1.055501
1.050691 1.044996
1.003201 1.069419
1.033228 1.050454
0.9936027 1.0585
1.030859 1.10937
0.9824864 1.132571
1.015551 1.144506
0.9976957 1.119192
0.9654414 1.119853
1.005326 1.151692
0.9644076 1.13624
1.026702 1.127885
0.9947181 1.083561
1.050113 1.111676
0.9800018 1.04885
1.000062 1.026613
1.008383 1.050088
0.9609535 1.075045
0.9991182 1.104862
1.056161 1.151727
0.9921113 1.139313
0.957259 1.102397
0.9881566 1.095623
1.007502 1.117848
0.9600888 1.072613
0.9843543 1.169371
0.9936522 1.135816
1.053925 1.152081
1.026262 1.14718
0.995689 1.137244
0.9994985 1.111125
0.9747332 1.121676
0.9561314 1.148304
0.9832198 1.083098
0.9999616 1.083004
1.018617 1.127445
1.013582 1.037039
0.9719144 1.084165
1.016249 1.031109
0.9949479 1.062839
0.998548 1.074038
1.042755 1.079364
0.9874625 1.137702
0.94324 1.165454
0.9997993 1.125536
0.9738855 1.078989
1.019953 1.054174
1.018868 1.105638
0.9802817 1.125447
0.9521096 1.103615
1.008782 1.157259
1.003415 1.096559
1.038345 1.114404
0.9698425 1.15137
0.9916757 1.150205
0.9910167 1.186551
1.003709 1.139216
0.9851193 1.081933
1.028947 1.102774
1.012584 1.084004
1.01388 1.101129
0.985324 1.120115
1.010129 1.115488
0.996189 1.115617
1.027038 1.07891
0.9886375 1.134304
0.9869583 1.179889
1.0241 1.157326
1.01106 1.1322
1.009588 1.10394
0.9663571 1.147022
0.9975888 1.022888
0.9952298 1.06602
1.009979 1.025404
1.050492 1.048148
1.046166 1.016323
1.0173 1.005127
1.013473 0.9913642
1.011301 1.053451
0.9934106 1.065824
0.9555252 1.07448
1.005229 1.03945
1.029044 1.065081
1.00059 1.131347
1.010113 1.082735
0.9621304 1.075776
1.018697 1.084121
0.9868455 1.004385
1.035818 1.037782
0.9740008 1.070489
1.01257 1.090974
1.01026 1.124171
0.9739232 1.095639
0.967207 1.121935
0.9817021 1.121502
0.9542988 1.105672
0.979001 1.069924
1.018907 1.054514
0.9828852 1.078409
0.9802312 1.088745
1.015095 1.119058
0.9835234 1.129432
1.020088 1.159912
0.9670884 1.214157
0.9559555 1.195366
1.002017 1.187259
1.015772 1.099622
0.9810536 1.100561
0.9568549 1.144993
0.9827291 1.167296
0.9839203 1.220501
1.010954 1.150345
1.01758 1.109683
0.9174801 1.125923
0.9978319 1.112865
0.9844185 1.144611
1.042354 1.109142
1.01166 1.131303
0.9859247 1.078052
1.002042 1.083523
1.006286 1.099799
0.9944175 1.131804
0.9567613 1.052348
1.019695 1.051278
1.007039 1.101468
0.9946814 1.083028
0.9872718 1.166806
1.050994 1.180008
0.9714972 1.113615
0.9807213 1.12719
0.9850517 1.117644
0.9869705 1.059783
1.000189 1.063948
1.020306 1.03867
0.9994711 1.06028
0.9973902 1.09004
0.9946361 1.078366
1.008137 1.050328
1.015302 1.081529
1.010105 1.070112
1.000353 1.107668
0.9737132 1.080228
1.021916 1.077555
0.9948462 1.098026
1.036423 1.068498
1.011863 1.017327
0.9818605 1.028856
1.004989 1.041995
0.9979243 1.010751
0.9650668 1.041895
1.011632 1.068289
1.018501 1.065143
0.9814018 1.061545
0.9882566 1.078957
1.002917 1.065586
0.9637338 1.091604
1.022532 1.105596
1.017529 1.12442
0.9881624 1.081555
1.050024 1.045069
1.015171 1.007885
1.002919 1.057663
0.9916979 1.032849
1.030992 1.038986
1.055616 0.9936208
1.018236 0.9659067
1.011282 1.004982
1.025637 0.9894908
0.9839747 1.044807
1.03579 0.9894584
1.0522 1.012154
0.9857961 1.043117
1.033166 1.006303
1.029863 1.037225
0.9853581 1.049989
0.9752743 1.087782
1.007016 1.134669
1.032168 1.175755
0.9771148 1.151391
0.9849146 1.234483
1.011406 1.174923
0.9866563 1.150679
0.9824416 1.130729
1.043391 1.151772
0.9811822 1.11305
0.9780233 1.111609
0.9877938 1.171307
0.9767563 1.139066
0.9748932 1.124365
1.037097 1.045775
0.988932 1.032749
0.9998797 1.011208
0.9761079 1.070961
0.9961582 1.048225
1.031369 1.054184
1.005259 1.007723
0.9777338 1.039482
1.035145 1.016089
1.032661 0.9932958
0.9901593 1.007591
1.030936 1.05701
1.01506 1.057851
1.028586 1.062613
0.9997151 1.085047
1.018517 1.067773
1.013227 1.07554
1.020094 1.062714
1.016057 1.048143
1.005742 1.076489
1.007535 1.04933
1.014329 1.106427
0.9986947 1.078808
1.038578 1.105632
1.028924 1.209196
1.057711 1.099695
1.028575 1.09417
1.005196 1.058704
0.9861708 1.094193
1.037452 1.055959
0.9974429 1.067503
1.035751 1.098604
0.9648463 1.127901
1.010404 1.071439
0.9524687 1.098602
0.9716872 1.130866
0.9887515 1.134293
1.015722 1.126507
0.9803364 1.174822
0.9872968 1.194721
1.040939 1.139147
0.9638339 1.123133
1.067559 1.143645
1.025159 1.12755
0.9946245 1.118282
0.9777265 1.092473
1.012354 1.08922
1.013067 1.095717
1.0365 1.099111
1.002176 1.081993
1.050611 1.025145
0.9900887 1.076222
1.003265 1.053019
0.9792263 1.085079
0.9914952 1.067329
0.9899151 1.097678
0.9883813 1.082589
1.038184 1.055014
1.022791 1.031243
0.9912642 1.056322
1.032967 1.048483
0.9689516 1.058279
0.9687011 1.146677
1.025114 1.109948
1.008444 1.080991
1.034674 1.07093
1.063426 1.025256
1.02042 1.031711
1.00446 1.066579
0.9920642 1.060028
0.9884372 1.070715
1.020389 1.068301
0.9897454 1.033366
1.030404 1.115265
0.9862115 1.074952
0.9903603 1.053361
0.9837885 1.079339
1.008896 1.090177
0.9646812 1.101278
1.005488 1.062099
0.9875484 1.090711
1.027154 1.107195
0.9992494 1.097107
1.041662 1.08529
1.04084 1.15782
0.9867965 1.170673
0.9961664 1.148064
0.9771056 1.165262
1.015982 1.101836
1.020038 1.145923
0.9811531 1.109016
1.039861 1.098069
1.009134 1.067535
1.047962 1.089474
0.9594138 1.078276
0.9969403 1.076053
1.024982 1.085546
1.007278 1.095004
0.9828501 1.114075
1.00298 1.138067
0.9897551 1.12914
1.041901 1.119769
0.9710118 1.147579
0.982416 1.16164
0.952006 1.151215
1.026018 1.141614
0.988426 1.079595
1.010411 1.11318
1.011019 1.10909
1.020603 1.132577
0.9603915 1.07014
0.9875816 1.070844
1.040047 1.061212
1.025405 1.054939
0.9886654 1.054612
1.007948 0.9962423
1.004826 0.9860431
1.018328 1.057008
1.008447 1.077409
0.9765173 1.102071
0.9836074 1.077806
1.061983 1.120284
0.9864293 1.058829
1.013459 1.14171
1.066959 1.094665
0.9960247 1.074185
1.018776 1.139605
1.041955 1.144721
0.949765 1.138728
1.059928 1.132955
0.9833705 1.162104
0.9809281 1.171744
0.9745947 1.131185
0.9945833 1.063188
0.9883097 1.05442
0.9756785 1.077359
1.012016 1.065747
1.00015 1.092036
1.004668 1.082421
1.041295 1.099837
1.05553 1.058713
0.9644266 1.045786
0.9582274 1.086009
1.021922 1.08553
1.017239 1.078054
0.9859592 1.080104
1.030445 1.08294
1.002608 1.106675
0.9875248 1.120741
0.9991391 1.122232
0.986002 1.06855
1.037731 1.056321
1.016174 1.090087
1.010831 1.052058
1.003556 1.057082
1.012515 1.032844
1.08726 1.057847
0.9825228 1.103636
1.036663 1.121496
1.004089 1.118373
1.026629 1.104467
1.04415 1.115847
1.025256 1.073932
1.000459 1.111271
1.031112 1.057835
1.01974 1.062266
1.016924 1.113108
1.025331 1.123066
1.02461 1.041785
1.012037 1.075967
1.041124 1.095271
1.011912 1.112034
1.005444 1.072943
0.9668616 1.055103
1.071813 1.042865
1.060494 1.07568
0.9800508 1.126117
1.004857 1.113239
0.9963206 1.080888
1.005099 1.067503
0.9611657 1.099018
1.008598 1.041064
1.012188 1.045961
1.042192 1.018461
1.004015 1.004783
1.005172 1.039806
0.973242 1.074251
1.003241 1.10799
1.005709 1.069566
0.9902265 1.067281
0.9943647 1.127855
0.9655843 1.123677
0.9869901 1.165492
0.9967603 1.177153
1.02487 1.100118
0.9528351 1.140103
0.9663082 1.124946
0.9740331 1.123189
1.00562 1.126823
1.034443 1.066678
1.022989 1.086189
0.9805453 1.12757
1.048098 1.101646
0.9727049 1.085682
1.019872 1.097441
1.017512 1.134317
1.006285 1.117683
0.9710029 1.092487
0.9889139 1.123142
1.012797 1.181029
0.9779417 1.188361
0.9947095 1.201599
1.028406 1.193866
0.9946699 1.168535
1.007115 1.131611
1.022123 1.147448
0.9669399 1.096444
1.016065 1.149012
1.001166 1.130171
0.9932408 1.114273
0.9955368 1.17259
0.9734413 1.175264
1.052824 1.192724
0.9782479 1.182128
1.012994 1.174792
1.036175 1.141262
0.9914483 1.147245
0.9833654 1.184995
1.023848 1.111637
0.980313 1.106662
1.008938 1.092299
0.9827106 1.087374
0.9928999 1.158945
1.005868 1.154846
0.9646623 1.178474
0.9957299 1.140012
0.9837631 1.228155
0.9928353 1.163328
1.037534 1.140815
1.027954 1.133856
1.019226 1.066443
0.9831205 1.146394
0.9639593 1.204388
1.009358 1.189378
0.9847668 1.233683
0.9969807 1.12148
1.005107 1.098364
0.9954665 1.10869
1.026593 1.129958
0.9844541 1.108134
0.979784 1.14034
0.9674481 1.156518
1.013083 1.184143
1.052029 1.164633
1.026919 1.113195
1.018005 1.040927
1.026276 1.031168
1.015069 1.044089
1.002184 1.016491
0.9894359 1.087571
1.021541 1.042999
1.036248 1.01732
0.9795499 1.041559
1.068021 0.9959282
0.9991126 1.013033
1.010819 1.018953
1.047183 1.032276
1.005157 1.005266
1.00002 1.040246
1.011352 1.005471
1.082571 1.002486
1.013121 0.9986923
0.9723088 1.017922
1.042418 1.053185
1.002846 1.070875
1.054294 1.065376
1.046242 1.084458
1.018848 1.080003
0.9553133 1.107661
1.007674 1.09301
0.9924497 1.125901
1.031472 1.151954
0.9775129 1.13704
0.9731563 1.138221
0.9526772 1.133097
1.002184 1.095614
0.9986411 1.089381
1.018312 1.112722
0.9979723 1.113792
0.9878368 1.119763
1.018537 1.176207
0.9928845 1.128686
0.9569797 1.072459
0.9716118 1.079476
1.010622 1.101564
0.9973635 1.106276
0.9701348 1.117094
0.9757112 1.090811
1.003333 1.062652
1.02155 1.080987
0.9787843 1.122785
1.019075 1.092349
0.9645224 1.097838
1.027671 1.113585
1.028235 1.086625
1.006717 1.102017
0.9796308 1.080734
0.956347 1.069961
1.015762 1.051949
0.9899769 1.113414
1.026089 1.210235
0.9908187 1.141816
1.045036 1.106252
0.9686835 1.02625
1.011138 1.071131
1.015022 1.051957
1.046365 1.058501
1.000813 1.074058
0.9706782 1.133591
1.011488 1.134772
1.000594 1.108491
0.9761698 1.123791
0.9862198 1.076604
1.001804 1.089997
0.9844468 1.080858
1.020349 1.105824
1.000868 1.134485
0.9937289 1.119074
1.043705 1.14404
0.9971713 1.165666
1.017245 1.177598
1.017298 1.125453
1.039064 1.138869
0.9899922 1.189655
1.001577 1.17555
0.990263 1.096304
1.035816 1.110949
1.008502 1.121545
1.025366 1.120948
0.9526983 1.128483
0.9945409 1.120596
1.013431 1.115451
0.9907863 1.089926
0.9822788 1.156395
1.019357 1.168857
1.023023 1.126858
1.02124 1.143679
0.995408 1.063307
1.001845 1.033449
1.011293 0.9976839
0.9894026 1.053029
0.9853798 1.089729
0.9943477 1.0747
0.9907573 1.090531
0.9882007 1.093498
0.9987155 1.055568
1.021638 1.055991
1.010583 1.063503
1.047859 1.04613
1.009477 1.117644
0.9408229 1.122848
0.9907576 1.113964
1.043295 1.131049
1.028645 1.112167
1.043906 1.148541
0.9622071 1.126561
0.984539 1.099121
1.011266 1.099101
0.9780853 1.120951
0.9942167 1.123955
1.023689 1.080108
0.9852268 1.07592
0.9624503 1.142454
0.9953378 1.126699
1.03581 1.119437
1.012115 1.101888
1.023599 1.091899
0.9863422 1.083007
0.9861421 1.059553
1.016043 1.049397
1.01561 1.034356
1.014255 1.022729
1.021406 1.038476
0.9804685 0.9843088
1.030758 1.033814
1.071549 1.016188
1.007838 1.006124
0.9808815 1.014984
1.007458 1.055961
0.9856974 1.098662
1.015944 1.08122
1.023702 1.071738
1.014715 1.053285
1.040338 1.067448
1.017523 1.094376
1.017216 1.064015
1.032378 1.119273
1.000776 1.130475
0.9987453 1.169812
1.033048 1.176193
0.9418242 1.177083
0.988014 1.175297
1.004875 1.135392
1.005154 1.100794
0.9844414 1.189271
1.004562 1.089316
1.007777 1.078523
1.023688 1.13728
0.9939479 1.115986
1.048671 1.16852
1.006024 1.16166
0.9960353 1.111269
1.023128 1.092755
1.042401 1.027818
0.961836 1.081566
1.020925 1.088744
1.016972 1.141972
1.044469 1.095367
1.004879 1.074991
0.983702 1.102947
0.9885111 1.148284
0.9944326 1.117045
1.005735 1.141933
0.9728546 1.154587
0.9777946 1.155283
0.9963803 1.092984
1.04308 1.085062
0.9714066 1.068743
1.014604 1.064765
1.030614 1.095352
1.001663 1.106508
1.002688 1.141439
0.9868377 1.104192
0.9929691 1.101883
1.005484 1.066154
1.028653 1.097198
0.9575594 1.091546
0.9986052 1.08121
0.9864816 1.115334
1.050987 1.076347
1.027442 1.061603
1.029625 1.022555
0.9629903 1.015969
1.004964 1.040259
1.025853 1.022245
1.031456 1.034339
1.041328 1.051303
0.9971824 1.103927
1.042066 1.068567
1.019353 1.079805
1.007675 1.086434
1.064606 1.058145
1.002419 1.083295
1.068345 1.074767
1.003888 1.135259
1.026581 1.133287
1.02365 1.124608
1.027157 1.0845
1.024863 1.104727
1.006009 1.130563
1.010723 1.158154
0.9240344 1.139919
1.015176 1.147067
0.996141 1.166924
0.9682211 1.098817
0.9965371 1.095248
1.013939 1.049796
1.007455 1.052633
1.034939 1.084665
0.9998442 1.077228
0.9879447 1.087168
0.9830295 1.10448
1.032686 1.055804
1.025575 1.100919
1.010179 1.154999
1.026554 1.128148
1.015944 1.067018
0.9602873 1.119664
1.031012 1.05773
1.02233 1.110934
0.9631044 1.092585
1.006065 1.167621
0.981807 1.141235
0.9484381 1.157168
0.9938611 1.091728
0.9822808 1.161202
0.9856884 1.095131
0.9909016 1.208587
0.9938578 1.096325
1.029708 1.11179
1.010604 1.091733
1.014904 1.069218
1.044635 1.035668
1.038913 1.053201
1.032958 1.058857
0.9952681 1.043932
1.068001 1.046467
1.033508 1.035379
0.9835363 1.043567
1.030086 1.024842
1.008541 1.101488
1.000382 1.141033
1.014108 1.102346
0.9730532 1.08876
1.006717 1.109296
1.033225 1.106711
0.9755359 1.118968
1.007349 1.147719
1.009601 1.184136
0.991758 1.1998
0.9952108 1.179811
1.048243 1.123297
0.9891831 1.1612
0.9581409 1.170984
0.9597471 1.184538
1.028207 1.102676
1.028675 1.135633
1.014545 1.140735
0.9849546 1.09374
0.991665 1.079697
1.02136 1.133727
1.035009 1.146329
0.9798713 1.137847
1.005197 1.128661
0.9901238 1.142758
1.028859 1.098422
1.015048 1.119384
0.972401 1.099465
1.010062 1.09942
1.03035 1.131153
1.020776 1.111686
0.9812938 1.154933
1.035479 1.167939
0.9389444 1.165197
0.9954439 1.063569
1.027174 1.068328
1.044062 1.05007
0.9886033 1.056001
0.9670828 1.081658
1.042972 1.044976
1.023818 1.092593
1.077211 1.085498
1.005965 1.075293
1.01915 1.15412
0.9790978 1.162608
0.9767925 1.183858
1.027341 1.159601
0.9829786 1.226122
0.9595797 1.197198
0.9831908 1.171214
1.040293 1.211759
1.028356 1.175097
1.032278 1.158337
0.9905548 1.160785
1.022627 1.077694
0.9906006 1.074361
1.015469 1.126787
1.002563 1.191216
1.036409 1.151552
0.964904 1.20077
0.9601448 1.205596
1.028847 1.138021
0.994506 1.140605
0.981325 1.177728
0.984756 1.170678
1.001737 1.165381
0.9715355 1.192833
1.027648 1.174782
0.9904885 1.192314
0.9756132 1.205092
1.035155 1.161635
1.018794 1.151033
0.974856 1.173391
1.004827 1.123707
1.025059 1.178966
1.033685 1.117633
1.002178 1.168863
1.013544 1.15186
1.023517 1.10597
1.027921 1.13012
1.017926 1.140642
0.9813732 1.110394
1.030265 1.108118
1.017656 1.030978
1.053397 1.029469
1.017254 1.06156
0.9775125 1.104553
1.034703 1.093419
0.9938717 1.053108
0.9738416 1.069271
0.9913865 1.079881
1.029903 1.147085
1.071364 1.1551
1.032955 1.109652
0.9632706 1.111729
0.96776 1.133798
0.9873322 1.138491
0.9835679 1.101861
1.004921 1.086404
1.004466 1.059883
1.034402 1.076094
0.9658953 1.120524
1.013121 1.169565
0.9931188 1.150498
1.011727 1.179895
0.9664048 1.20015
0.9776563 1.149217
1.008071 1.252692
0.9899894 1.128646
0.996815 1.119223
0.9698956 1.148028
0.9842229 1.150785
0.9539229 1.216569
1.015919 1.169995
0.9553931 1.214604
0.970424 1.190621
0.9965738 1.20197
1.006446 1.175837
1.001036 1.202254
0.9854715 1.127509
0.9868064 1.108622
0.9998614 1.110369
0.979294 1.08907
0.9983756 1.177025
0.9867395 1.14846
1.026642 1.161701
1.041173 1.140663
1.011809 1.153352
1.001746 1.106508
0.96863 1.111681
0.9810403 1.08882
0.9978335 1.065015
0.9635997 1.109184
0.9716884 1.130785
1.001851 1.092608
1.037956 1.112653
0.9726117 1.076993
1.0075 1.055364
0.9888036 1.112484
1.018352 1.084801
1.021326 1.070292
1.020442 1.095009
1.01664 1.071645
1.025942 1.105125
0.9995231 1.157337
0.9925476 1.102824
1.004748 1.233675
1.028673 1.098941
1.029481 1.112156
1.000307 1.106731
1.018821 1.079713
0.9745003 1.083904
1.001542 1.090385
0.98418 1.092236
0.9841331 1.12275
0.9897659 1.130385
0.9855087 1.135238
0.9735628 1.07664
0.9936256 1.076799
0.9992916 1.12391
1.000595 1.090215
1.008016 1.076664
1.001511 1.090175
0.9729774 1.120316
0.9927064 1.097733
1.021148 1.10064
1.060557 1.100304
1.005533 1.13745
1.006938 1.097522
0.9609211 1.09568
0.9821711 1.142428
0.9933048 1.139262
0.9963478 1.162719
0.990386 1.165909
0.9780732 1.139588
1.020457 1.154217
1.016311 1.198376
1.016774 1.144155
1.000754 1.103353
1.010307 1.107408
0.9555232 1.182637
1.021409 1.11607
0.9710217 1.178287
0.9774933 1.175791
1.014246 1.145807
0.9608337 1.124534
0.9855496 1.173659
0.9965521 1.150123
0.9971278 1.240148
1.009942 1.190849
1.004832 1.165756
1.021906 1.171568
0.9576692 1.194086
0.9868341 1.151315
1.00818 1.081274
0.9999552 1.129992
0.9613195 1.135187
1.05587 1.114646
0.9826329 1.099144
0.9852725 1.071156
1.012716 1.127165
1.032995 1.174004
1.002159 1.149895
0.9797558 1.121911
0.9684696 1.138793
1.012693 1.108087
1.008453 1.069022
0.9686797 1.144532
0.9737018 1.140959
1.008873 1.153608
1.006294 1.168901
1.018752 1.094777
1.002069 1.097141
0.9863265 1.126723
1.009489 1.110075
1.022386 1.101243
0.9940391 1.103283
0.9804887 1.126621
1.004159 1.073713
1.034668 1.099356
1.085212 1.109144
1.001268 1.112369
1.006736 1.134931
0.9730224 1.180682
1.027858 1.155441
0.9861112 1.205953
0.9932749 1.132887
0.9749136 1.133096
0.9731421 1.166801
0.9650829 1.195114
0.9735339 1.170619
1.019858 1.128444
1.054382 1.131757
1.003808 1.106437
0.9742516 1.090957
1.008606 1.0705
1.031155 1.036337
0.9968336 1.075152
0.9920618 1.149385
1.028183 1.112505
0.9788836 1.034893
1.017717 1.010269
0.9750765 1.030207
1.052294 1.044274
1.009724 1.059951
1.053722 1.042979
1.005038 1.031035
1.022857 1.052395
1.017486 1.068253
1.066458 1.024294
1.036615 1.032347
1.00125 1.044446
1.043422 1.045857
0.9625394 1.020401
1.021685 1.043875
1.018017 1.071825
0.9813344 1.090289
0.9353826 1.110822
0.9620533 1.164611
1.064944 1.211585
1.02398 1.089833
1.077736 1.060705
1.024552 1.059029
1.006595 1.148539
0.9785247 1.096066
1.028702 1.130018
0.9950818 1.127002
0.9961148 1.054617
1.047926 1.148734
0.9997328 1.147623
1.007778 1.159695
1.008435 1.168669
1.002169 1.066149
0.9646971 1.092671
0.9916338 1.12248
1.031781 1.12389
0.9901954 1.154569
0.9797809 1.182342
1.023324 1.169575
1.015379 1.173567
0.9683037 1.2724
0.995619 1.167159
0.978577 1.199375
0.9760681 1.179185
1.031531 1.1822
1.008497 1.15712
1.008165 1.143518
0.9763826 1.145208
0.9736746 1.153371
0.9382804 1.244051
0.9972318 1.195969
1.033398 1.238256
0.956944 1.17812
0.947649 1.211221
0.9442512 1.161541
0.9986879 1.137272
0.9795604 1.148859
1.026476 1.158269
0.973889 1.138705
1.011629 1.13686
1.003257 1.147274
0.9592141 1.142503
1.011171 1.085119
1.037908 1.038648
0.9962704 0.9770003
1.04693 0.9951348
1.024694 0.9757853
1.001787 0.9841132
0.9786041 1.017739
0.997611 1.038214
1.010922 1.088989
0.9935986 1.073063
1.006747 1.123345
0.9990186 1.098664
0.9959031 1.077611
1.009042 1.113851
0.990232 1.091051
1.002437 1.111179
1.033192 1.102435
1.012428 1.08597
0.9671793 1.100848
0.9884124 1.075868
1.047382 1.052298
1.001524 1.07376
1.024266 1.124446
1.000469 1.164523
0.9982318 1.129757
1.028106 1.083219
1.022965 1.095635
0.993716 1.104444
0.993382 1.095749
1.009644 1.078792
0.9872092 1.095898
1.005168 1.101423
0.9981389 1.064326
0.9748571 1.079507
0.9825917 1.079756
1.003177 1.126425
0.9991634 1.086585
0.9848323 1.116607
1.003649 1.084228
0.9577518 1.145726
1.024203 1.079418
0.996002 1.103272
1.002963 1.075243
1.004273 1.05748
1.018083 1.042073
1.049782 1.041603
0.9940408 1.0624
1.017496 1.072804
1.031132 1.056909
1.020741 1.082268
1.001136 1.111975
1.008411 1.123204
0.9861484 1.085847
0.9986223 1.117055
0.9975099 1.124423
0.9927176 1.190857
0.9700755 1.120468
1.008705 1.155224
0.9632248 1.132978
1.010216 1.15744
1.001175 1.182679
1.01809 1.123729
1.022413 1.103767
0.9963094 1.145637
0.9970048 1.116262
0.997099 1.109916
0.9645267 1.119343
1.021362 1.082132
1.004517 1.048053
0.9801413 1.105389
1.004286 1.1628
1.020406 1.092925
0.9950961 1.122119
0.9831827 1.060084
1.025287 1.04708
1.025329 1.079005
0.9827752 1.097621
0.9963991 1.097184
0.9889082 1.138518
0.9467233 1.151222
0.9650566 1.148882
0.9909379 1.138596
1.00963 1.205128
0.9263619 1.193093
0.9726864 1.203923
0.9771148 1.213006
0.9709268 1.201603
0.9705517 1.173679
1.010668 1.187328
0.9943397 1.151463
0.9787364 1.150058
0.9828759 1.088815
0.9934417 1.082083
1.011494 1.075263
1.009218 1.048671
0.9992859 1.100312
0.9904855 1.121841
0.9562714 1.108343
0.9713757 1.119482
0.9939538 1.083871
1.006478 1.07172
0.9766888 1.082051
1.016058 1.1035
1.026948 1.106855
0.9852542 1.116285
0.999046 1.105637
1.023723 1.081664
1.050522 1.087071
1.001476 1.132466
1.00334 1.050288
0.9806253 1.092742
1.017588 1.089728
0.9601663 1.07268
0.9898199 1.116312
0.981382 1.149209
1.013986 1.094828
0.9763859 1.098298
1.028343 1.12163
0.9794043 1.095613
1.048263 1.040882
0.9904589 1.061791
0.9841998 1.018545
0.964881 1.152335
0.9940373 1.090297
1.015138 1.05257
1.021829 1.10454
0.9875844 1.16465
1.013805 1.125687
0.9752748 1.143764
0.9804552 1.100492
0.9703671 1.094624
0.9773752 1.117218
1.010846 1.144296
1.013588 1.077764
1.000101 1.104513
1.008771 1.065751
1.036519 1.022689
1.00296 1.044663
1.070276 1.046358
1.011138 1.056169
0.9881399 1.025903
1.052324 1.001203
1.032303 1.004338
1.033157 1.039665
1.061547 1.068852
1.015245 1.117005
1.018862 1.139479
0.9933804 1.130945
1.000572 1.089657
1.002531 1.121969
1.017242 1.139814
0.9766477 1.136571
1.014841 1.066679
1.01858 1.062294
1.013057 1.080254
0.9906469 1.081136
0.9937138 1.061151
1.003202 1.053266
0.9823499 1.098819
1.010534 0.9992756
0.9977655 1.00518
1.013317 1.010536
1.047764 1.020575
1.04767 1.044093
1.007004 1.080653
1.012969 1.107837
0.9448473 1.194541
1.033364 1.157397
0.9794598 1.131495
1.041747 1.143318
0.991617 1.125308
1.039889 1.06167
1.051586 1.109283
0.9966983 1.146823
1.002029 1.189262
0.9426672 1.199449
0.9736166 1.169291
0.9744352 1.125915
1.03608 1.215232
0.947829 1.222804
0.9956964 1.174318
0.9662745 1.125898
0.972108 1.172972
0.9713408 1.146077
0.9641645 1.108664
0.9934906 1.078117
1.036226 1.098315
1.005297 1.073272
1.037039 1.102506
0.9822083 1.121354
1.009744 1.064093
1.016556 1.153623
1.032083 1.077415
0.9622545 1.101778
0.9742326 1.111877
0.9894883 1.159789
1.051701 1.070724
0.9790857 1.10139
1.044807 1.053972
1.026854 1.0386
1.040118 1.083015
0.9921229 1.067637
0.9797636 1.09075
1.034719 1.117692
1.030215 1.103473
0.996276 1.075462
0.9581461 1.116478
0.9950499 1.063592
0.9485363 1.139443
1.020979 1.131689
0.9808195 1.12935
1.012312 1.085051
0.9825908 1.098729
0.9913781 1.109308
1.020662 1.087199
1.03034 1.071455
1.009074 1.062941
0.9788693 1.06808
1.041505 1.064765
1.036381 1.035927
1.01009 1.042429
1.005059 1.082761
0.9657956 1.116012
1.016895 1.079274
1.025516 1.05621
1.054131 1.081666
1.001074 1.054035
0.9991677 1.073058
0.9837028 1.099581
0.9540355 1.089281
1.057154 1.082649
0.9969082 1.115689
0.999847 1.100202
1.02431 1.075438
1.018384 1.087078
0.9968426 1.123502
1.01699 1.148566
0.9767756 1.142213
0.9484358 1.140752
0.9749052 1.10892
0.9673603 1.079737
0.9979654 1.083758
1.012772 1.015715
1.007938 1.058407
1.00973 1.090644
1.046254 1.074818
0.9725707 1.085745
1.008308 1.061205
1.062234 1.110231
0.9843493 1.112924
0.9871723 1.123986
1.027845 1.142211
0.9623292 1.185577
1.026662 1.066279
0.9711334 1.181216
0.9680557 1.143293
1.002653 1.095987
1.001304 1.085913
0.9911467 1.065339
0.9731609 1.059345
1.00144 1.137596
0.970454 1.127209
1.02795 1.078576
1.019825 1.106112
1.040435 1.08953
0.9719777 1.088746
0.999782 1.121796
0.9584712 1.108181
1.045238 1.108321
0.9782959 1.128353
1.001251 1.104068
0.9889928 1.094051
0.9657764 1.090664
0.9467006 1.141841
1.051184 1.125789
0.9882912 1.102357
0.9620585 1.099349
1.016629 1.09089
1.017229 1.095923
1.010444 1.063801
0.9721675 1.111831
0.9848721 1.163075
1.001912 1.138052
0.9779649 1.149517
0.9779711 1.150314
0.9811683 1.185355
0.9966066 1.199672
0.9804801 1.155586
1.029229 1.175082
0.9424891 1.196306
0.9843383 1.180713
0.9738788 1.203661
1.019276 1.151541
0.9967674 1.148215
0.9938471 1.119986
0.9709574 1.110794
1.00232 1.080851
1.021317 1.080994
1.034843 1.113025
0.960318 1.111466
0.9718769 1.141944
1.032549 1.115454
0.9786449 1.192199
1.037085 1.200123
0.9958345 1.189732
1.018754 1.158918
1.001925 1.200514
0.9800683 1.133409
0.9834194 1.150153
0.9867414 1.117015
0.9841406 1.115145
1.052275 1.067322
0.991109 1.05605
1.027356 1.107299
1.00113 1.067945
1.045836 1.046428
1.016647 1.103119
0.9756035 1.059055
1.020251 1.101098
0.9945257 1.136959
0.9794381 1.103348
1.004308 1.143322
0.9756072 1.109967
1.014209 1.131769
1.016893 1.094387
1.047989 1.089332
0.9908433 1.095082
0.9899603 1.076604
1.001424 1.085822
0.9716861 1.100485
0.9957034 1.129479
0.9626578 1.085625
0.9985576 1.158827
0.9908765 1.150619
1.062225 1.081351
1.027659 1.091873
1.000956 1.113325
1.012516 1.087993
0.9852276 1.11039
0.9852737 1.061247
1.002024 1.079102
0.9688092 1.113793
0.9913026 1.121062
0.9885714 1.104817
1.014444 1.072574
0.9758402 1.053837
1.009834 1.082647
0.9909949 1.052089
0.9968411 1.057567
1.00345 1.030393
1.029648 1.025051
1.020469 1.074561
0.9862923 1.127313
0.9865802 1.072808
1.023959 1.034403
1.008862 1.07588
0.9944058 1.083371
0.9989668 1.100908
0.9968567 1.060859
0.996674 1.036603
0.9780099 1.054812
0.9873604 1.084936
1.004393 1.116569
1.019014 1.082456
0.9970037 1.069709
0.9976868 1.109531
0.9281141 1.091672
1.03313 1.099566
1.004237 1.129248
0.9801866 1.129448
0.9760927 1.113913
0.9938067 1.109565
0.9817927 1.072277
1.022377 1.075859
1.033878 1.078333
1.039014 1.072222
1.018708 1.043942
1.069739 1.025915
1.019416 1.112432
1.01927 1.13203
0.9969079 1.105385
1.026714 1.088462
0.9819625 1.102904
0.9943534 1.02956
0.9729157 1.068386
1.013109 1.060833
0.9799512 1.09561
0.9810224 1.141011
1.061946 1.104441
0.9926923 1.157902
0.9623299 1.154457
1.015931 1.136743
0.9906536 1.176389
0.9932083 1.129851
0.9753223 1.122143
0.9725871 1.13789
1.000884 1.133102
0.9858108 1.144869
0.9513682 1.174087
1.009815 1.145546
0.9791426 1.121443
0.9758182 1.158017
0.9615081 1.159722
0.9892327 1.203766
1.004654 1.138757
1.00442 1.134617
0.9922757 1.133662
0.9614 1.139542
1.042871 1.137837
1.009597 1.120192
0.9805238 1.092025
0.9943483 1.055905
0.9832 1.069307
0.9821056 1.058487
1.002945 1.094003
1.004692 1.025293
1.01407 1.031945
0.9847689 1.02257
0.9848618 1.013978
1.011431 0.9949959
1.047793 1.02982
1.025964 1.083601
0.9842423 1.033478
1.008905 1.038017
0.9989943 1.062868
1.030787 1.049234
0.9923344 1.075488
0.9880504 1.132818
1.002548 1.14928
0.9896049 1.1144
0.9662201 1.145499
0.9860504 1.144342
0.9710876 1.129293
1.02827 1.107525
1.002201 1.107254
0.9797683 1.075472
1.02303 1.077635
0.9900215 1.095587
0.9932976 1.071798
1.059702 1.063123
1.038737 1.027228
1.013385 1.084108
0.9922674 1.138953
1.003037 1.115654
0.9497454 1.178829
0.9905154 1.126794
1.013389 1.096892
1.042226 1.080181
1.012388 1.061822
1.00991 1.069335
0.991272 1.112582
1.020479 1.066798
0.9480906 1.130185
0.9801362 1.092157
1.035823 1.051704
0.9858691 1.089447
1.003934 1.129494
0.9769688 1.117803
0.9652806 1.142217
0.9906088 1.135325
1.038283 1.097774
0.983503 1.154338
0.9543503 1.170294
1.025388 1.190916
0.9850482 1.20234
0.979913 1.207885
1.002044 1.155955
0.9845839 1.181414
0.9931122 1.142899
1.015363 1.140256
1.034436 1.075598
1.022084 1.052832
1.002505 1.084823
1.004513 1.088246
1.034459 1.111496
0.9345347 1.069414
1.005023 1.090891
1.014868 1.099506
0.9979859 1.105419
1.021135 1.122964
0.9790408 1.193273
0.9835001 1.179154
0.9583104 1.145989
1.003916 1.1382
1.01515 1.094756
0.9631485 1.162562
0.9870588 1.141805
0.964394 1.099614
0.9913578 1.072433
1.01784 1.111598
0.9722327 1.15933
0.9905461 1.158701
1.001809 1.142652
0.9805178 1.222423
0.9230622 1.172918
0.9811887 1.121254
1.032429 1.101068
0.9932998 1.138743
0.9712165 1.104995
0.9962825 1.102655
1.014109 1.098705
1.005793 1.061445
1.050927 1.060861
1.034751 1.049395
1.002862 1.090826
1.016012 1.037082
1.033849 1.070445
0.9879229 1.099899
0.9922946 1.083405
1.0238 1.040103
0.9752405 1.067121
1.041375 1.053365
0.9892068 1.089658
1.001643 1.050858
1.016662 1.096996
1.043342 1.080172
0.9938313 1.062049
0.991588 1.093138
1.007876 1.10808
0.9950656 1.133956
1.014124 1.141945
0.9900088 1.109208
0.9681403 1.0836
0.9807592 1.087893
0.9730162 1.136923
1.014526 1.08857
0.9879626 1.124282
1.014218 1.144132
1.006745 1.161569
0.9693165 1.151017
0.9733161 1.112175
1.00762 1.128139
1.041759 1.152762
0.9661528 1.097076
1.069726 1.058648
0.9963645 1.15654
1.004686 1.144123
0.9992773 1.158175
0.9861157 1.203786
0.991321 1.250272
0.9766306 1.183526
0.9623138 1.226074
1.014754 1.216931
0.9339522 1.117321
0.9793294 1.112708
0.9879206 1.155729
0.9902593 1.157751
1.015089 1.137317
0.9853425 1.107685
1.052216 1.142524
1.011452 1.117642
0.961416 1.134035
1.002153 1.126504
1.030457 1.102096
1.019663 1.083784
1.002532 1.144161
1.048612 1.121254
0.9940476 1.132665
0.9902939 1.061964
1.01991 1.067092
0.9696782 1.055246
0.9644079 1.093127
1.053585 1.073035
1.045117 1.061761
1.03229 1.126051
0.9795961 1.111064
1.061359 1.033627
1.016068 1.059713
1.003888 1.102271
1.026775 1.064612
1.020532 1.092908
0.9960789 1.099166
0.9797766 1.116402
1.035851 1.128981
1.015474 1.100887
0.9907072 1.136175
1.025412 1.11284
1.015668 1.093282
0.9896426 1.070646
0.9781493 1.028616
1.030748 0.9969082
0.9938684 1.067348
1.054255 1.037587
1.046534 0.9903495
1.010195 1.005518
0.9686069 0.9974957
1.009853 1.051548
0.9903036 1.097339
1.045783 1.096974
0.9922438 1.158741
1.014982 1.138909
0.9702666 1.152556
0.9915759 1.16267
0.9811613 1.148933
1.050108 1.113956
1.030177 1.10393
1.049233 1.055771
0.9785945 1.110494
1.048576 1.136966
0.9752746 1.14463
0.950908 1.13959
1.020134 1.141949
1.004331 1.082904
1.013148 1.073107
1.013396 1.097219
1.017594 1.140176
0.9983655 1.139305
0.9958279 1.102275
0.9992712 1.139127
0.9822297 1.105364
0.9824126 1.148263
0.9722515 1.218165
1.032843 1.141081
1.00822 1.13325
0.9816996 1.168112
1.039931 1.074986
1.03377 1.065579
0.9783724 1.080465
1.012331 1.078057
1.020361 1.072546
1.012217 1.072373
1.007205 1.070379
1.030919 1.073469
1.025311 1.084394
1.061083 1.06672
1.036434 1.070361
0.9864599 1.078587
1.01962 1.015966
1.00951 1.014775
1.0003 1.051872
0.9974516 1.073393
0.9743654 1.088931
1.004705 1.137281
0.993382 1.101941
1.03405 1.063501
1.006394 1.101958
0.9808177 1.158371
1.007923 1.119682
1.008233 1.077389
1.039724 1.133212
1.010701 1.118046
1.006401 1.134212
1.001479 1.129686
1.0508 1.134284
1.008926 1.121428
1.023433 1.094624
1.001375 1.163334
1.029513 1.061633
1.022239 1.085508
1.011687 1.074475
0.9845373 1.077726
0.9716725 1.082136
1.018124 1.078161
1.005626 1.077081
1.014362 1.071627
1.038342 1.050621
1.009577 1.019217
1.005166 1.010772
1.001403 0.9941645
0.9953198 1.034575
1.044739 1.051426
1.028513 1.048604
1.014361 1.026658
0.9552692 1.07565
1.002298 1.092046
1.002258 1.047376
0.9961664 1.101552
0.9919136 1.11852
1.037546 1.129395
1.008438 1.079216
1.058174 1.068737
0.9990985 1.071849
1.014941 1.108812
1.010321 1.082551
0.9773774 1.103309
1.015409 1.106769
0.9800563 1.061024
0.9883242 1.040213
1.001046 1.04878
0.9983298 1.038566
0.9738337 1.067371
0.9833113 1.127176
0.9917389 1.096636
1.025373 1.067831
1.022643 1.148188
0.9712052 1.112358
1.012258 1.077328
1.003429 1.090853
0.986965 1.106347
1.01799 1.07531
0.9925812 1.132268
0.9982937 1.098142
0.969205 1.013969
1.01521 1.041916
1.002255 1.035556
1.026696 1.122982
1.003261 1.141083
0.9864415 1.084401
1.035951 1.056036
1.008456 1.074635
0.9904051 1.118251
1.004835 1.122747
1.003799 1.108874
1.019762 1.073829
1.00009 1.121145
0.9944112 1.088152
1.019721 1.070859
1.005916 1.05711
0.9982452 1.061143
1.062613 1.047521
0.9800179 1.078669
0.983836 1.091082
0.9836726 1.085259
1.01027 1.123199
1.02806 1.136784
1.04514 1.101883
1.04806 1.095685
1.00839 1.114075
1.058672 1.063579
1.017506 1.071843
1.036806 1.085831
1.008485 1.083788
0.99276 1.115256
0.9950288 1.024783
1.037832 1.133974
1.003483 1.097034
1.011699 1.070913
1.001278 1.06467
1.010882 1.071781
1.053194 1.047752
0.9819932 1.087004
0.9886935 1.06549
1.049478 1.039552
1.0325 1.039948
1.000671 1.074159
0.989661 1.100327
0.9853888 1.109159
1.05866 1.138158
0.9746107 1.107276
1.001139 1.104479
1.022176 1.092933
1.009409 1.080193
1.018743 1.115182
1.036531 1.137032
1.017435 1.107049
0.9785478 1.052362
1.002373 1.115118
1.063234 1.058459
0.9954893 1.140831
1.01445 1.0872
1.039614 1.116504
0.9703112 1.104313
1.028956 1.10026
1.01944 1.091306
0.9886765 1.103291
1.017227 1.115636
0.9642578 1.12708
0.9767349 1.086808
1.013875 1.067044
0.9589849 1.095612
1.013075 1.076072
1.058332 1.082518
1.028724 1.090349
1.004741 1.088635
1.030449 1.072296
0.9895662 1.090437
1.00919 1.134692
0.9697257 1.139524
0.9329376 1.156802
0.9887795 1.153599
1.00747 1.126988
1.001122 1.091376
0.9686038 1.115357
1.02107 1.096802
0.9668981 1.06895
1.011814 1.073278
0.9739926 1.129995
1.011567 1.09962
1.006849 1.073559
1.012154 1.081263
1.021272 1.107372
1.027107 1.100815
0.9905036 1.119209
1.0263 1.057955
0.9957963 1.032832
0.9845189 1.100492
1.008089 1.089016
0.9833434 1.07558
1.061336 1.045851
1.047874 1.005734
1.006632 0.9871245
1.020133 0.9856882
1.033581 1.023928
1.043425 1.046927
1.009503 1.107696
0.968809 1.081237
1.054743 1.047145
0.9873197 1.112773
0.9734543 1.143923
1.00474 1.148509
1.012822 1.160317
0.9823636 1.239055
0.9558865 1.146537
1.046038 1.145427
1.007252 1.064725
1.014974 1.053258
0.9828931 1.074406
0.9872982 1.10999
1.012982 1.043101
0.9908532 1.044807
1.039321 1.03124
0.9731884 1.084195
0.9927241 1.084304
0.9973807 1.07907
0.9896023 1.09205
0.96704 1.120152
1.031482 1.120855
1.014637 1.129289
1.017602 1.093494
1.01697 1.09362
0.9780449 1.126337
1.008066 1.125893
0.9763669 1.104492
0.9357527 1.110344
1.030027 1.077465
0.9931314 1.093227
0.9992353 1.078178
1.040493 1.106972
0.9565322 1.119536
0.9977738 1.148354
1.026316 1.145444
0.9868745 1.201923
1.048976 1.215841
0.9746389 1.203337
1.005762 1.136826
1.02721 1.172796
0.9790648 1.12202
1.004846 1.176827
1.003472 1.216711
0.9891963 1.148921
0.9784173 1.196714
1.030763 1.204424
1.006033 1.161973
0.9809515 1.179507
0.977614 1.189737
0.9890715 1.17139
0.9685411 1.204645
1.042237 1.056666
1.008204 1.130196
0.9910522 1.114199
1.014448 1.104111
0.9941434 1.066987
1.011844 1.072523
0.9861564 1.116404
1.001732 1.081439
1.039199 1.11026
0.9740058 1.110338
1.022966 1.093555
1.009293 1.152234
1.004219 1.207562
0.9693943 1.185628
1.025936 1.146438
0.9808699 1.155405
0.9657196 1.227862
0.9699052 1.184745
0.9850091 1.195024
0.9888105 1.149437
1.010158 1.182639
1.001433 1.198654
1.021502 1.183338
1.012125 1.191796
1.011393 1.160132
1.022222 1.106505
0.9903474 1.098786
1.048345 1.067781
1.012513 1.034383
1.032051 1.032749
1.025622 1.064134
0.9910724 1.071116
1.004062 1.104315
0.983756 1.07664
0.9829183 1.117381
1.011505 1.092169
1.012658 1.087614
1.012306 1.067109
1.04313 1.015991
1.009078 1.021713
0.9749953 1.036637
0.971862 1.035587
1.010643 1.041264
0.9934287 1.058123
0.9728646 1.027421
1.056462 1.046772
0.9868168 1.027482
0.9556294 1.078923
1.013862 1.091624
0.9756631 1.090709
1.034321 1.104945
0.9996502 1.07141
1.011003 1.053241
1.030556 1.078438
0.9557172 1.122844
1.004363 1.120877
1.044206 1.131283
0.9945277 1.074805
0.9853053 1.112568
1.053125 1.075966
1.008963 1.08413
0.997987 1.12217
0.997459 1.130057
0.9840723 1.094889
0.9741992 1.075295
0.9902006 1.101273
1.00656 1.058357
0.9785199 1.082052
0.9897524 1.07711
0.9868362 1.073561
1.029313 1.092786
1.014796 1.017989
0.9558283 1.043483
1.029827 1.06207
0.9939545 1.035913
0.9996674 1.05298
1.027858 1.057732
1.035303 1.062626
1.03679 1.090513
1.034698 1.081081
1.025582 1.134714
0.9645516 1.15358
1.049124 1.159393
0.9720628 1.173441
0.9981799 1.14813
0.9828979 1.185187
1.010084 1.153641
0.9468005 1.130316
0.9600074 1.124183
0.9883934 1.176035
0.9556043 1.151933
0.9724553 1.130498
0.9740625 1.146435
0.9927568 1.157304
0.9748439 1.170421
1.049101 1.168297
1.002054 1.099771
1.013617 1.091783
0.9928545 1.017419
0.9988918 1.017906
1.004003 1.077385
1.068141 1.090995
1.023288 1.080649
0.9732646 1.128231
0.9965015 1.080932
1.004356 1.111414
0.9589443 1.113399
1.063532 1.178694
1.007672 1.15788
0.9573995 1.112175
1.006585 1.129264
0.9806831 1.162308
1.022386 1.160837
1.022057 1.115415
1.01426 1.075679
0.9734225 1.072468
0.9989531 1.090696
1.022079 1.130131
0.9957845 1.162195
1.005124 1.170928
0.9790063 1.203159
0.9877721 1.18545
0.990392 1.130676
0.9553112 1.149503
1.001452 1.198421
0.9630761 1.210508
0.9966817 1.153683
1.000248 1.153867
1.019671 1.145851
0.9790951 1.194725
0.9923909 1.175836
0.9624038 1.150588
0.9803277 1.14829
0.975482 1.122052
1.024032 1.134114
1.011498 1.110483
0.9980219 1.088867
1.036354 1.095785
0.9833797 1.060413
1.004905 1.052974
1.025888 1.046587
1.053457 1.020714
1.02632 1.01979
1.015821 0.9909211
0.9966218 1.005802
1.048277 1.069297
1.017649 1.070013
0.978302 1.085101
0.9490118 1.146397
0.9901935 1.094224
1.010351 1.095778
1.020792 1.069799
1.02109 1.045395
0.9942926 1.089019
1.005359 1.068613
1.00943 1.097078
0.9768335 1.093629
1.005852 1.001398
1.033531 1.002319
1.017864 1.050494
1.007859 1.050181
1.042434 1.037027
1.036953 1.054315
0.9755536 1.116631
0.990572 1.159349
0.9869452 1.179873
1.030843 1.197149
0.9909444 1.138425
1.019251 1.128961
1.04859 1.096637
1.011969 1.083332
1.006999 1.093294
1.022499 1.147455
1.015687 1.167569
1.028119 1.0952
0.995641 1.099464
0.9985697 1.104982
0.9992737 1.172053
0.9659636 1.172902
0.9990759 1.138572
0.986443 1.174335
0.9403429 1.19638
0.9584758 1.134055
0.9951451 1.161369
1.009046 1.181991
1.01463 1.14871
0.9673353 1.161737
0.97354 1.139029
1.005194 1.102454
1.007411 1.056271
0.9948001 1.050107
0.9980832 1.109929
1.001203 1.17492
0.9667116 1.136352
0.9845936 1.157612
1.008538 1.139789
1.007901 1.195886
1.005781 1.155411
1.005356 1.200728
0.9846168 1.203311
0.9783831 1.186426
1.020395 1.156682
0.9891722 1.153364
1.030137 1.222107
0.9400981 1.186112
1.006137 1.224343
0.9832204 1.142642
0.986 1.137372
0.9561824 1.122116
1.005575 1.087229
1.051582 1.081115
1.002122 1.071275
0.99099 1.057767
1.02792 1.078781
1.031726 1.080943
0.9997968 1.041482
1.03642 1.110981
0.9746284 1.118442
1.011416 1.10977
0.9982751 1.163893
1.02893 1.100373
1.000025 1.173434
0.9893713 1.215306
1.00997 1.229393
1.001645 1.174305
0.9740538 1.136886
1.004061 1.107947
1.01773 1.140936
0.9752536 1.147151
0.9922183 1.196998
0.9730134 1.208721
0.9479043 1.218393
0.99609 1.125719
0.9794298 1.12568
0.9874351 1.141262
1.00717 1.15216
1.032433 1.101911
0.9830208 1.089704
1.010781 1.108215
0.9656664 1.097356
1.001418 1.069195
1.021371 1.074645
0.9649952 1.08088
1.054623 1.03049
1.03904 1.041043
1.011284 1.096269
0.9838876 1.084936
1.022589 1.072182
1.020306 1.10351
1.017547 1.075361
1.00077 1.088142
1.0157 1.132038
1.035554 1.078553
1.027711 1.079603
1.013096 1.117749
1.018735 1.052493
1.004478 1.06417
1.0301 1.064738
1.01367 1.048421
1.021055 1.115463
1.003143 1.121787
0.9722992 1.104601
0.970645 1.094758
0.9908624 1.080379
1.015829 1.120119
1.020243 1.130781
1.002791 1.088658
1.022332 1.0961
1.031296 1.098906
0.9868175 1.101027
1.010481 1.118969
1.032273 1.106043
1.047303 1.101686
0.9905842 1.133262
1.008957 1.155466
0.992647 1.19562
1.04203 1.154867
1.025074 1.154708
1.017404 1.123088
1.000585 1.137378
0.99026 1.117957
0.9914978 1.133912
0.9826973 1.181745
1.047237 1.157246
1.049209 1.068428
1.015938 1.088791
1.015364 1.117446
1.003571 1.126039
0.9934671 1.124378
1.003085 1.12865
0.991605 1.177849
0.9823175 1.216513
0.9714571 1.18194
0.9778685 1.161466
0.9782341 1.175904
0.9657347 1.163283
0.9805576 1.176153
0.9776705 1.151166
1.019708 1.096949
0.99312 1.072957
0.9971068 1.110861
1.022668 1.121181
1.043777 1.116714
1.014511 1.09872
0.9799846 1.172618
0.9892518 1.129381
1.028764 1.129457
1.024878 1.125841
1.024901 1.056354
0.9887567 1.071234
1.00222 1.076376
1.044633 1.039908
1.022407 1.030987
1.020649 1.092597
0.9922039 1.043255
0.9994887 1.054758
1.008904 1.073489
1.002418 1.071893
0.965638 1.099672
1.010971 1.092145
1.023604 1.163409
0.9723131 1.167575
1.025557 1.207721
1.008676 1.215098
0.963593 1.160233
0.9929924 1.14191
0.9925672 1.162347
1.026272 1.111157
0.9946285 1.119748
1.056608 1.12705
0.9830395 1.158242
0.9694764 1.155165
1.045646 1.107958
0.9739315 1.13161
0.9810109 1.198839
1.014263 1.154669
1.001649 1.130335
0.9214432 1.160165
1.015142 1.179901
1.042376 1.110914
0.9870794 1.138321
0.9913473 1.084366
1.023176 1.097039
0.977313 1.114617
1.031105 1.149389
1.044854 1.087806
1.040308 1.09292
1.032496 1.073592
0.9682984 1.10128
0.992866 1.052635
1.026613 1.019021
1.002144 1.023308
0.9894301 1.063704
0.9929198 1.054036
0.9743953 1.087199
0.983793 1.104495
1.009992 1.108515
1.003137 1.083963
1.005437 1.135282
0.9875879 1.206381
1.028054 1.160573
0.990651 1.136554
1.037431 1.143605
0.9752504 1.166573
0.9859634 1.157987
1.008081 1.155797
1.016047 1.165166
0.9914576 1.168068
1.022941 1.123974
0.9882854 1.100383
1.017227 1.082969
1.017134 1.034271
1.02641 1.040365
1.017608 1.158317
1.018999 1.143751
1.00104 1.099672
0.9773061 1.082785
0.9873713 1.112481
0.974217 1.102082
0.9925695 1.129233
1.009795 1.116801
0.9995958 1.06192
0.9885687 1.081326
1.032815 1.077343
0.9789646 1.061043
1.032838 1.056971
0.992342 1.071278
0.9826597 1.093948
0.9599487 1.121806
1.025897 1.114785
1.029176 1.133021
1.001348 1.13927
0.9924073 1.155465
1.00621 1.142165
1.032381 1.095517
1.029108 1.113363
0.9916002 1.15123
1.008917 1.120188
1.002923 1.119509
1.035351 1.100688
1.027366 1.048977
0.9552416 1.078135
1.023831 1.096615
0.9894752 1.124633
1.053063 1.093722
0.9912299 1.111747
0.9988615 1.101561
1.016443 1.159408
0.9976459 1.181711
0.9983769 1.166773
0.9557552 1.171358
1.028027 1.163726
1.059867 1.173934
0.977601 1.153003
1.022242 1.116786
1.021753 1.127399
1.017396 1.174123
0.9893028 1.1752
1.006283 1.118791
1.033834 1.092228
1.002108 1.118893
0.9920747 1.096649
0.9618368 1.140173
1.018971 1.167145
1.032829 1.158986
0.96772 1.150558
0.958358 1.170886
0.9718378 1.194456
1.048142 1.186381
0.9412089 1.206138
1.011162 1.175005
0.9646636 1.166541
0.9685577 1.205761
1.016915 1.176577
1.006595 1.116251
0.972876 1.081514
1.010749 1.098711
0.9942524 1.125063
1.044638 1.127713
0.9845607 1.109012
1.024382 1.131816
0.9762241 1.145475
1.020123 1.123169
1.029633 1.097244
0.9679685 1.063657
1.022702 1.072069
1.001353 1.057823
1.0274 1.041393
1.027088 1.026912
1.005524 1.082623
0.999472 1.077839
1.002302 1.080131
0.9989339 1.088872
0.9583857 1.154272
0.9648025 1.222322
1.006621 1.15835
0.9973001 1.106879
1.044658 1.072592
1.010951 1.093145
0.9856885 1.116568
0.9777618 1.140052
1.003836 1.106149
0.988857 1.13647
1.041378 1.141902
1.021951 1.166026
0.9703505 1.09192
0.9740191 1.04792
1.015871 1.090743
0.9602373 1.099724
0.9253537 1.117059
0.9944805 1.086841
1.018436 1.097249
1.038236 1.102766
1.012892 1.114845
0.9820581 1.142972
1.024774 1.12756
1.008119 1.148855
1.020088 1.068501
1.025415 1.100527
1.018512 1.092805
0.9963614 1.1393
1.007353 1.105627
1.033052 1.169051
1.015214 1.178649
0.9874922 1.11324
0.9970289 1.138052
0.99903 1.119735
0.9731109 1.166473
0.9942471 1.193108
0.9961516 1.184775
1.051002 1.156907
1.020236 1.041938
1.027985 1.052148
0.9828567 1.048006
1.03854 1.045784
1.012433 1.05731
1.050893 1.079181
0.9913185 1.11022
0.960809 1.114408
0.9957682 1.18751
0.959079 1.184269
0.9868837 1.194663
0.9984676 1.161421
0.9725868 1.129376
0.951517 1.181636
0.9429408 1.128513
0.9847678 1.158048
0.9891987 1.172072
0.9847778 1.140759
0.9962801 1.139385
0.9902208 1.128593
1.012711 1.108375
1.008187 1.084268
0.9864679 1.069209
0.9842976 1.05207
0.9968096 1.100148
1.021447 1.084332
0.9828143 1.176839
1.004012 1.124038
0.9706483 1.135284
1.015682 1.178191
0.9661348 1.242474
0.9494205 1.228547
0.991272 1.197857
0.9911395 1.235555
0.9987534 1.15226
1.023354 1.132691
0.9854868 1.083911
1.044851 1.077615
0.9927623 1.082207
1.006524 1.043337
0.9906426 1.147217
1.003511 1.173701
1.042254 1.08697
1.043529 1.070203
1.021376 1.044904
1.025313 1.015315
1.021949 1.02159
1.055529 1.046915
0.9710874 1.061518
1.016686 1.077954
0.9979344 1.081732
0.9903736 1.099138
1.00444 1.077
1.014794 1.083699
1.027841 1.078286
1.000544 1.06462
1.029009 1.08704
1.024681 1.059376
1.033579 1.098476
0.9441334 1.126653
0.994012 1.095171
0.999724 1.125147
1.007324 1.133855
1.023491 1.123288
0.9992805 1.132193
1.020641 1.104702
0.9927632 1.082536
1.002979 1.106186
0.9947448 1.118211
0.9768402 1.10183
0.9610336 1.115558
0.9984021 1.128504
1.021062 1.110232
1.004541 1.127907
1.064613 1.103095
1.004768 1.082626
1.024837 1.088255
0.9879657 1.096691
0.9746842 1.103857
1.009051 1.172931
0.9867675 1.081695
1.003973 1.122147
0.9865391 1.087748
1.018991 1.14506
0.9715093 1.200317
0.952977 1.1861
1.012895 1.162963
0.9726982 1.163061
1.003969 1.152791
1.007658 1.126
1.027255 1.1493
0.9968429 1.156103
1.002639 1.117634
1.038827 1.135931
1.003892 1.142575
1.06351 1.046943
1.012098 1.089405
1.016914 1.103207
0.975518 1.101242
1.037609 1.073985
0.974629 1.110918
1.035143 1.105084
1.03479 1.078839
0.998904 1.069122
1.030362 1.073778
1.013357 1.064471
1.001127 1.039127
0.98329 1.022008
1.014044 1.032876
1.036453 1.037175
1.048904 1.023282
0.9973857 1.027946
0.927919 1.086188
1.005085 1.163235
0.9922611 1.223877
0.9737536 1.170538
0.997058 1.208328
0.9715163 1.206198
0.9706586 1.228703
0.9918048 1.246587
0.9671364 1.219406
0.9945211 1.188773
0.9665431 1.168375
1.019336 1.212089
0.9203804 1.16919
0.9968751 1.112166
0.970737 1.086415
1.000241 1.105673
0.9607075 1.09311
1.035733 1.108451
0.9890852 1.14717
1.045023 1.114638
0.9989151 1.091617
0.9970042 1.13529
0.985325 1.087322
1.008162 1.120781
0.9804236 1.070074
1.025672 1.085414
1.017015 1.040723
1.011488 1.008445
1.064187 0.9810737
1.028307 0.9885725
1.034143 0.9975156
1.037846 1.010264
1.018237 1.059279
0.989376 1.036167
1.012375 1.064014
1.012893 1.109385
0.9854708 1.085159
1.02181 1.086115
0.9900123 1.059358
1.037576 1.06955
1.046334 1.072699
1.026815 1.035635
1.024833 1.109206
0.9626125 1.081397
1.030337 1.102393
1.035498 1.079492
0.9973199 1.104193
0.9987761 1.050698
0.9828124 1.074948
1.012645 1.044719
1.063236 1.060072
1.019143 1.069651
1.021053 1.08904
1.011949 1.070535
1.018026 1.10698
1.037705 1.060979
1.017734 1.115811
0.9835514 1.065153
1.006243 1.051953
0.9985097 1.092531
1.013577 1.133122
0.9846916 1.140839
1.011718 1.147125
1.033717 1.203017
0.9904038 1.112897
1.022916 1.069361
1.003322 1.075697
0.9989011 1.096229
0.9933358 1.096028
1.000657 1.114712
1.007961 1.108981
0.9891834 1.140176
1.000348 1.142272
0.9824264 1.107754
0.9992748 1.11437
0.9923922 1.089648
1.006677 1.095403
0.9967061 1.091293
0.9855966 1.135777
0.9743175 1.155813
0.9626012 1.205968
0.966545 1.188468
0.9973316 1.172073
0.967486 1.113329
1.009034 1.120264
0.9837733 1.141584
1.005797 1.105139
1.016362 1.075329
0.9847002 1.086588
1.002442 1.072528
1.01251 1.110087
1.011205 1.117943
0.9869674 1.173438
1.003748 1.192858
0.965026 1.130922
0.9884568 1.111217
1.020934 1.086295
1.011979 1.076013
1.014442 1.063599
0.9952147 1.069509
1.050442 1.088822
1.035049 1.086986
0.9877755 1.094515
0.9928528 1.097394
1.013458 1.0876
1.01069 1.078901
1.018843 1.045982
0.9948009 1.063656
0.9664631 1.114479
0.9801473 1.096131
1.009743 1.057816
0.9826908 1.023301
0.9827898 0.9660579
1.015783 0.9891325
1.03789 1.064254
1.043754 1.079923
1.017684 1.077628
1.002905 1.061995
1.018716 1.045142
1.016905 1.06693
0.9906563 0.9942741
1.051932 1.007726
0.9954926 1.056783
0.9941961 1.028749
1.024507 1.10804
1.027637 1.135368
1.033191 1.104058
0.9819838 1.08646
0.9968974 1.074727
0.9894257 1.148978
0.9665616 1.21415
0.9883888 1.184546
0.9931353 1.205074
0.9897167 1.129674
0.9758333 1.116615
1.036178 1.160619
1.040932 1.102978
1.038984 1.075547
1.022817 1.089501
0.9787388 1.095282
0.9917118 1.141009
1.030458 1.154831
1.000405 1.135411
0.9991467 1.129703
1.029802 1.056456
1.019411 1.047537
1.027324 1.082497
1.069788 1.065308
0.9714089 1.06084
0.9852608 1.100038
0.9951373 1.071922
0.9570104 1.104405
1.052277 1.089257
0.9920897 1.099993
0.9867355 1.108155
1.008041 1.081792
0.9588812 1.079391
0.9879841 1.10783
0.9791069 1.150889
0.9981254 1.108234
1.01446 1.127675
1.007321 1.140816
1.024061 1.089134
1.038933 1.03483
1.008535 1.055158
1.014073 1.102056
0.9960495 1.146988
1.021248 1.169456
1.07645 1.088507
0.9708588 1.099978
0.979669 1.10825
0.9693833 1.111519
0.9741096 1.163858
0.9792786 1.155659
1.018919 1.15474
0.9740698 1.131811
1.043151 1.114142
0.9951941 1.07846
0.9925617 1.103923
1.026651 1.111156
0.9670586 1.119843
0.9668488 1.067777
1.01497 1.095515
0.9842999 1.11723
1.060732 1.056764
1.017236 1.084261
1.030803 1.086079
0.9866275 1.049141
1.026677 1.043583
0.9915352 1.10648
1.027212 1.082817
0.9703422 1.104598
1.078699 1.078436
0.9789095 1.150809
0.9979187 1.144408
0.9833414 1.132549
0.9952793 1.153762
1.000398 1.150447
0.9618582 1.148725
1.003804 1.146525
0.9585107 1.171575
0.9958087 1.19545
0.9473525 1.234293
0.9665102 1.194812
1.008633 1.225534
0.9862414 1.145547
1.006037 1.109099
0.9980587 1.125663
0.9834288 1.219589
1.012495 1.205614
0.9929711 1.146635
0.9744833 1.148866
1.037903 1.085945
1.032995 1.095978
0.9951449 1.150951
1.008701 1.132267
0.9879814 1.147311
1.065766 1.154419
0.9945171 1.090865
1.052866 1.114175
1.025553 1.157924
1.010528 1.10744
0.9923807 1.117501
1.034604 1.131209
1.025753 1.092239
0.9920876 1.122173
0.9780486 1.098218
1.086809 1.099022
0.9965939 1.092231
1.02733 1.160834
0.9487092 1.149181
0.989853 1.119517
0.9837365 1.098397
0.9613436 1.101078
0.9809094 1.084269
0.9818406 1.084934
0.9770996 1.102248
1.045363 1.08347
0.9882144 1.077584
0.992993 1.122472
1.03318 1.092462
0.97506 1.103024
1.041004 1.117214
1.021697 1.153778
0.9854491 1.14434
0.9729959 1.125738
0.9998198 1.114257
1.006675 1.200825
1.003055 1.169166
1.011258 1.171476
0.9648443 1.215286
0.9958741 1.257662
1.003067 1.207725
0.980802 1.181946
1.035522 1.125578
0.992507 1.153584
1.025797 1.133405
1.015384 1.117598
0.9966587 1.12503
1.026277 1.104844
0.9888988 1.128857
1.055254 1.061483
1.001028 1.101845
1.021643 1.091716
1.013422 1.121848
1.01613 1.084129
1.029505 1.121588
0.9936363 1.139642
0.9731571 1.122837
1.023127 1.134364
0.9907482 1.143886
1.016339 1.150004
0.987389 1.144241
1.008773 1.088439
0.9851098 1.122991
0.9859798 1.114044
0.9403598 1.132633
1.005817 1.138019
0.9781896 1.153738
0.9891488 1.163611
0.9637731 1.157595
1.021351 1.093507
1.023536 1.124146
0.9857961 1.129794
1.026313 1.157491
0.9908112 1.154328
1.001164 1.120611
1.021133 1.0749
0.9832358 1.076793
0.9741925 1.082153
0.9654606 1.078071
0.9789575 1.083973
0.9726819 1.08839
1.010928 1.119405
0.9751652 1.138437
1.005561 1.134474
1.032934 1.147602
0.9578636 1.135379
0.9448392 1.123771
0.9868895 1.136146
1.00451 1.110814
1.045995 1.149187
0.9892546 1.156716
0.9685216 1.174004
0.9970713 1.114434
0.9838468 1.142508
1.022218 1.143129
0.9832899 1.155874
1.039872 1.146714
1.043192 1.188838
0.9998976 1.116976
1.023718 1.14793
1.013772 1.116726
0.9926985 1.129402
0.9746579 1.098337
0.9972531 1.036493
0.9989046 1.095486
1.024984 1.065976
1.008623 1.083181
0.9711514 1.084858
1.022034 1.086476
0.9759151 1.06992
0.965063 1.105378
0.9934057 1.132953
0.9371088 1.105528
1.002258 1.107724
0.9416114 1.146353
0.9887641 1.103596
0.9898196 1.10499
0.9915546 1.148127
1.004547 1.136568
0.992882 1.130894
0.9839815 1.119486
1.021065 1.110907
0.9521789 1.128077
0.9999383 1.084438
1.023856 1.07306
1.019801 1.04695
1.010496 1.073277
1.021449 1.071431
0.9580153 1.150324
0.9970111 1.12625
0.9641858 1.157692
0.9980912 1.132731
0.9911292 1.100422
1.007792 1.099929
1.003868 1.144805
1.002854 1.103296
0.980762 1.04915
0.983901 1.101121
1.006441 1.060313
0.9749032 1.047644
0.999093 1.086917
1.065885 1.03925
1.031458 1.084201
1.037334 1.027968
1.088024 1.003569
0.9961023 1.038179
1.033238 1.047873
0.9975784 1.097036
0.989467 1.074385
0.9924325 1.06894
1.01931 1.070371
0.9600854 1.115363
1.001732 1.138492
1.001964 1.104041
1.012499 1.138609
1.029964 1.066627
1.016586 1.09405
1.052197 1.070436
1.005229 1.065792
0.9857097 1.054045
0.9866144 1.094474
0.9874063 1.094634
0.9687137 1.121371
1.033633 1.124844
0.9565606 1.162313
0.9886409 1.147881
1.004324 1.072382
1.03738 1.048143
1.008686 1.041071
0.9991708 1.081358
1.000222 1.110211
1.022175 1.083745
1.02367 1.039667
0.9803043 1.090776
1.004069 1.015173
1.022325 1.040788
0.9832627 1.025189
1.019939 1.083634
0.9941753 1.113684
1.036326 1.072119
0.9929927 1.140549
1.017398 1.187747
0.9850449 1.196595
0.9495581 1.159858
0.9414217 1.145689
1.023943 1.175305
0.9777228 1.149944
1.031353 1.1249
0.9821497 1.130061
1.005128 1.135973
0.9944443 1.104251
0.9614385 1.117178
1.021808 1.096798
1.002557 1.098245
1.064191 1.061198
1.029476 1.092474
1.076906 1.085276
0.9649697 1.096432
0.9520285 1.140122
1.015257 1.136021
1.001208 1.103021
1.004528 1.114002
0.9730616 1.10862
0.9830141 1.136896
0.9574074 1.149622
0.9633767 1.126048
0.9815607 1.114209
1.018282 1.112786
1.055936 1.085913
1.025987 1.04449
1.019249 1.054614
1.045076 1.051397
1.006788 1.057208
0.9934595 1.100707
0.9830823 1.10199
0.9929774 1.124009
0.9823407 1.116191
1.015567 1.103333
0.9840846 1.068283
0.9941614 1.100977
1.014087 1.091062
1.036922 1.103037
1.019049 1.105879
0.9734218 1.214884
0.9645449 1.192069
1.019004 1.149148
1.008998 1.104449
1.023983 1.102922
1.046081 1.116496
1.014753 1.099031
0.9977952 1.152153
1.020412 1.109703
1.008681 1.09658
0.9979406 1.161624
0.9427708 1.108699
1.032419 1.073743
1.026954 1.099177
1.036184 1.153789
1.005231 1.165255
1.02321 1.165229
0.9654544 1.143168
1.048632 1.116545
1.023552 1.100674
0.981252 1.144447
1.003525 1.177596
1.056934 1.135122
0.9919789 1.180352
1.012405 1.12399
0.978133 1.110814
1.021739 1.127827
0.9833826 1.184843
0.9993255 1.14854
0.99053 1.173862
0.9556894 1.157174
0.9481044 1.166283
0.9739811 1.116728
1.009889 1.154061
1.034317 1.111889
0.994815 1.118599
0.9933431 1.09449
1.034285 1.125271
1.044185 1.139459
0.9772957 1.146279
0.9860846 1.136679
1.023932 1.134712
1.032293 1.137475
1.002564 1.112814
0.9739022 1.107703
0.98634 1.144584
0.9619188 1.13954
1.030172 1.139617
1.051351 1.107145
0.982556 1.098404
0.9550546 1.133617
1.028288 1.108961
1.003743 1.135999
1.005794 1.062129
0.9709058 1.115153
1.016564 1.03317
1.002557 1.01794
0.9933583 1.023591
1.038362 1.003065
0.9939567 1.07948
0.9932833 1.075951
1.025387 1.067095
0.9996917 1.021594
0.9896747 1.065103
0.9448693 1.085196
0.9757028 1.106054
1.018974 1.084934
1.007854 1.054597
1.018202 1.157085
1.002818 1.102382
1.060911 1.136753
1.01536 1.136612
0.9643777 1.045688
0.9787918 1.08035
1.055833 1.051602
0.9903424 1.072876
1.010465 1.01065
0.9834581 1.037259
1.029749 1.034511
1.064508 1.021685
1.011955 1.113692
0.9850537 1.133655
1.000768 1.097905
0.9976679 1.086709
0.9964788 1.072473
1.004771 1.08258
1.044748 1.039691
1.03973 1.045075
0.9768139 1.106282
1.024347 1.076993
1.017647 1.055571
0.9996038 1.112895
1.00316 1.091828
1.05308 1.13439
1.013302 1.143485
0.9744821 1.106939
1.022841 1.137824
1.015068 1.13094
0.9911423 1.146205
1.025162 1.143212
0.9729632 1.14311
1.045124 1.167042
1.001651 1.183747
0.9961873 1.136043
0.9428825 1.12127
1.002005 1.155241
0.995553 1.130857
0.971871 1.104804
1.02913 1.156126
0.9921866 1.100931
1.010028 1.05943
1.003018 1.043332
1.074744 1.064558
0.9605978 1.047132
0.9902657 1.058459
0.9985538 1.067901
0.9985276 1.060996
0.9883237 1.063505
1.061827 1.102825
0.9648821 1.106068
0.997713 1.108649
1.03286 1.072179
0.9945848 1.057801
1.001601 1.047059
1.047019 1.063712
1.062353 1.035625
1.065435 1.025202
1.025256 1.022034
1.028574 1.057274
1.006922 1.107079
1.00525 1.042173
0.9936835 1.054412
1.016167 0.9980203
1.014939 1.04395
1.006207 1.088529
0.999357 1.085428
0.9509667 1.148278
0.97385 1.102362
1.001164 1.089331
0.9958117 1.063589
1.006461 1.112761
0.9979968 1.093938
0.9791616 1.109345
1.047671 1.065743
0.9906998 1.103238
1.022587 1.098076
1.022473 1.047463
0.9813443 1.122409
0.9787477 1.085628
1.001783 1.100935
0.9844531 1.071022
1.0091 1.076597
1.007805 1.155834
1.011835 1.176103
0.9558785 1.156022
1.018855 1.121548
0.9812103 1.159245
0.9871921 1.160605
0.9779063 1.195666
1.011265 1.185504
0.9802565 1.142606
1.012994 1.132362
0.9443549 1.167048
1.003039 1.173778
0.961006 1.126695
0.9849811 1.101896
1.010689 1.114176
1.003103 1.168529
1.017877 1.120554
1.024137 1.039819
1.00771 1.025311
1.017976 1.052525
1.043185 1.050308
1.002918 1.06518
1.008479 1.13248
1.011853 1.108916
1.035999 1.070924
1.007613 1.043828
1.041557 1.050834
1.00895 1.081409
1.036199 1.110659
1.02482 1.063933
1.022044 1.071158
0.994607 1.124001
1.026721 1.111906
0.9979166 1.069951
0.9771277 1.067175
0.9813212 1.085968
0.9773817 1.1425
0.9699479 1.100136
0.9862444 1.110649
1.007684 1.088633
1.012978 1.07405
1.010228 1.114722
1.044775 1.057659
1.02371 1.041216
1.01265 1.100494
0.9708374 1.13453
1.032726 1.160225
1.019139 1.191939
1.011403 1.162318
0.9357674 1.21659
0.9778968 1.146074
0.9800817 1.150841
0.9727998 1.158578
1.002899 1.148298
0.9916066 1.136503
0.9855411 1.1833
0.995811 1.183786
1.018973 1.18901
0.992128 1.203731
0.9975338 1.176625
0.9687322 1.147702
0.9826902 1.231653
0.965659 1.199348
1.007946 1.116267
0.9545258 1.144686
0.9777761 1.089043
0.9890705 1.127455
1.025639 1.122025
0.9950658 1.159917
1.026762 1.122435
0.9866816 1.168797
0.9941652 1.198568
0.9668309 1.142154
1.019127 1.148051
1.007891 1.126061
1.024406 1.073927
1.035649 1.076173
1.011632 1.111135
1.009434 1.178546
0.9905415 1.127526
0.9676047 1.139141
1.040447 1.172128
0.9572093 1.161067
0.9920947 1.095364
1.004683 1.140599
0.9875983 1.155398
0.9962471 1.177728
0.9779656 1.150294
1.028999 1.138765
1.015368 1.1071
1.033252 1.114176
0.9667788 1.145745
0.9556537 1.154577
0.9933325 1.165229
0.9905021 1.139503
0.9776315 1.140391
0.9790384 1.143816
1.02275 1.093394
0.994318 1.083518
1.031442 1.067675
1.028747 1.085324
1.006652 1.050739
1.009521 1.083601
1.022288 1.160603
0.9897371 1.200894
1.001108 1.163432
0.9901989 1.208682
0.9666498 1.208515
0.970402 1.170654
0.9971665 1.150844
0.9961211 1.131728
0.9952396 1.098212
0.9750717 1.107859
1.005356 1.097429
0.9848627 1.201932
1.047273 1.143217
0.9929886 1.12783
1.008251 1.105467
1.02846 1.114994
0.9573466 1.177242
1.011962 1.106519
0.9879744 1.164483
1.009696 1.154685
1.024071 1.146686
0.9636483 1.162008
1.01122 1.171187
0.9774338 1.130807
0.9792425 1.156259
1.004611 1.139592
0.9998156 1.196515
0.9751204 1.141256
0.9982229 1.10455
0.9953897 1.140945
0.9760089 1.076392
1.026767 1.148648
1.017823 1.132303
0.9887544 1.138914
1.019019 1.128002
1.012592 1.13518
1.015937 1.13996
0.9982835 1.068937
1.055565 1.0897
1.049039 1.095545
1.011173 1.057525
1.007719 1.083444
0.9969725 1.064517
1.022543 1.075511
0.9970613 1.090443
1.013174 1.089949
0.9870472 1.104611
1.060496 1.085552
1.027006 1.021125
1.047979 1.021887
1.016537 0.9990206
1.079761 1.054582
1.019758 1.051264
0.9934142 1.081799
1.017945 1.115217
1.02439 1.086925
0.9701497 1.110542
0.977857 1.145233
1.025044 1.085679
1.036228 1.072607
1.025857 1.076345
0.9949865 1.108408
0.9721759 1.112464
0.9804732 1.116988
0.978939 1.137648
0.9900141 1.071558
0.9805886 1.074406
0.9725448 1.071416
0.9914181 1.129289
0.9493035 1.13503
1.001906 1.132927
0.9758417 1.079203
1.006774 1.069935
0.9786772 1.115709
1.021575 1.040884
1.011023 1.014483
1.013749 1.070579
1.000388 1.096894
1.015885 1.051309
1.021451 1.098012
1.033595 1.070738
0.9908511 1.098761
1.029729 1.045409
1.011653 1.101039
1.024803 1.085632
0.983269 1.132926
0.9727693 1.134047
1.013288 1.128088
1.020834 1.16453
0.9680565 1.125019
0.9925179 1.177716
1.035487 1.14489
1.007034 1.215362
0.9841839 1.263182
1.018575 1.29481
1.033294 1.212652
0.9838468 1.193384
0.9440904 1.176202
0.9739672 1.179344
0.9663492 1.125903
0.9826063 1.1757
1.002161 1.124594
0.9976257 1.117023
0.9982712 1.126017
0.9673834 1.153234
1.001914 1.090374
1.077012 1.083308
0.9975649 1.100899
1.015845 1.068222
1.032156 1.111009
0.9910934 1.096053
0.9633395 1.109869
1.039594 1.105179
0.9947889 1.136048
1.021889 1.084941
1.005541 1.05164
1.011042 1.020685
1.017082 1.03565
1.027133 1.047482
0.9721854 1.076723
0.9606233 1.109209
0.9717385 1.108971
1.013704 1.093517
1.037962 1.100946
0.9830678 1.071645
1.057868 1.046597
1.026429 1.023415
0.9564733 1.047655
1.006116 1.035165
1.03805 1.096144
0.9864432 1.110807
1.013598 1.10002
0.9428223 1.131865
0.9720816 1.10364
1.007553 1.085902
1.019296 1.063102
1.028265 1.105503
0.9916218 1.141681
1.046816 1.115546
1.041936 1.100964
1.015175 1.102742
1.0454 1.071883
1.029234 1.106241
0.9981635 1.160864
0.9652868 1.157802
1.019181 1.183209
0.9953045 1.113286
1.022973 1.146837
0.9866473 1.161462
1.024388 1.153035
0.9859135 1.17149
1.001468 1.151233
0.9995849 1.110679
1.048776 1.091249
0.9604062 1.183675
1.032325 1.1957
0.9941121 1.156292
0.9642824 1.128838
0.9608045 1.078916
1.022351 1.021504
1.054789 1.013766
1.00185 1.103012
1.024976 1.054945
1.027217 1.116461
0.9825749 1.149002
0.9660783 1.19241
1.036046 1.111404
1.012422 1.110189
1.025151 1.070647
0.970267 1.063742
0.9922329 1.097711
0.9613832 1.104629
0.9834093 1.093208
0.9980954 1.098453
1.008532 1.130266
0.9644887 1.153822
1.017281 1.21561
1.021015 1.199984
0.9448249 1.174714
1.024214 1.11636
0.9940357 1.188459
0.9883226 1.106605
0.9731065 1.156911
1.003285 1.18383
0.9702628 1.103554
0.9978293 1.141999
1.02823 1.116646
1.038748 1.122734
1.007811 1.06997
1.020543 1.045188
0.9904056 1.079541
1.093254 1.090384
0.9941457 1.130802
0.9943979 1.111043
0.9555491 1.123248
1.034205 1.119485
1.011765 1.069458
1.055713 1.057776
1.040574 1.100525
0.9880835 1.051895
1.016705 1.036016
0.9975427 1.089767
1.001632 1.062203
0.998544 1.064095
1.007566 1.102515
1.005519 1.104915
0.9727921 1.078822
0.9999765 1.085487
0.959073 1.165179
0.9662756 1.137701
0.9941571 1.150307
0.9717848 1.095125
0.9929873 1.104061
1.003316 1.126648
0.9864908 1.125741
1.007801 1.157874
0.9767571 1.107963
1.005582 1.101931
1.029396 1.070799
1.051199 1.022908
1.024021 0.995601
1.009214 1.079806
0.9713232 1.071135
0.9804052 1.109288
0.994188 1.089195
0.9882958 1.092669
0.9502291 1.068621
1.034016 1.03448
0.9933283 1.045531
1.019459 1.030198
1.037903 1.049874
1.038398 1.07735
0.9779397 1.078277
1.020049 1.069733
1.007186 1.141732
1.007148 1.134747
0.9898588 1.129765
1.00827 1.129397
1.004257 1.132248
0.9835987 1.118097
0.9861519 1.166345
0.994892 1.148949
0.9931808 1.202048
0.9683909 1.188033
0.9778774 1.135922
0.9842888 1.105416
1.025383 1.11899
0.989602 1.114632
1.039599 1.132758
0.9760286 1.128332
0.9800459 1.142209
1.022535 1.082931
1.029027 1.113868
0.9977272 1.115624
0.9870139 1.116556
1.014849 1.114514
1.023358 1.138048
0.9536166 1.063233
1.046429 1.065162
0.9842388 1.039734
1.017295 1.048885
0.9839018 1.05885
0.9680525 1.074153
1.02622 1.065414
0.9836988 1.119762
1.032891 1.170146
1.007775 1.111232
1.018622 1.107969
1.00921 1.099202
1.018233 1.149104
1.038219 1.109394
0.9943239 1.111299
1.044538 1.086013
0.9680596 1.081834
1.041831 1.110459
0.9965509 1.116989
1.016593 1.108116
1.017541 1.118379
1.004077 1.140387
1.032448 1.090289
1.017981 1.091848
1.050794 1.055188
1.012862 1.069841
1.061814 1.084771
0.9861263 1.079892
1.000156 1.082444
1.016918 1.101943
0.9951571 1.153999
0.9749962 1.157157
1.04447 1.143968
0.9844635 1.129139
1.007244 1.079503
0.9922329 1.125352
0.940728 1.126793
0.9917507 1.140514
1.008383 1.136598
1.007227 1.117987
1.049915 1.070563
1.012484 1.121121
0.969121 1.099846
0.9959723 1.109156
1.073597 1.0562
0.9762416 1.100556
0.9827547 1.108443
1.009207 1.08788
0.9588845 1.096524
1.034029 1.092582
1.034202 1.076354
1.019127 1.016237
1.015524 1.023418
1.021358 1.019852
1.044809 1.007532
1.035535 1.016145
0.9860962 1.028086
1.053505 1.016237
0.9923055 1.051246
1.012311 1.029851
0.9733129 1.089082
0.973448 1.101515
1.008381 1.125972
0.9982406 1.115928
1.019736 1.117234
1.005998 1.15383
0.9998386 1.112857
0.9750449 1.092542
1.022295 1.099863
1.004196 1.074626
1.004404 1.118781
0.9696915 1.13574
1.037389 1.142589
0.982122 1.170047
0.9906295 1.192139
0.9896186 1.154789
0.9817312 1.077194
0.9991712 1.07883
1.034074 1.059116
1.03704 1.069974
0.9791203 1.084793
1.020012 1.074067
1.01662 1.078886
0.9844909 1.04198
1.03072 1.034563
0.9829424 1.087949
0.9999461 1.092313
0.9811363 1.156018
0.9681236 1.183303
0.9784297 1.231086
1.005275 1.213414
0.9612351 1.152458
0.9850114 1.139065
1.005507 1.092985
0.9723057 1.126816
0.9974225 1.142974
1.029044 1.192262
1.010952 1.218741
0.9765853 1.239826
0.935979 1.231575
1.023841 1.174139
0.9996314 1.183471
1.000696 1.17249
1.023831 1.092686
1.0258 1.1554
1.001793 1.075786
1.02274 1.059886
0.9928343 1.073683
1.031217 1.087632
0.9766101 1.058507
0.9904767 1.115744
1.003752 1.071521
0.9800013 1.086319
0.9969759 1.052181
1.035882 1.048006
1.0359 0.9883893
1.005781 0.9909399
0.97315 1.054889
1.015414 1.090764
0.9849934 1.101468
1.046235 1.097955
0.9930868 1.149398
1.008456 1.1553
0.9555852 1.175226
1.000614 1.171852
1.011827 1.149124
0.9847859 1.135367
1.015111 1.113272
1.039971 1.084275
1.036008 1.050597
1.035249 1.078292
1.034815 1.112564
0.989001 1.145051
0.9894216 1.208918
0.9657455 1.181726
0.9615247 1.22175
1.009971 1.251067
0.9957187 1.155871
0.9897564 1.188366
1.011886 1.152949
1.009344 1.132595
0.9894244 1.104607
0.9959058 1.085294
1.006086 1.066554
1.008047 1.073024
1.024616 1.096901
0.9982318 1.055129
1.003959 1.084916
1.002713 1.105104
1.011059 1.054178
1.035998 1.107924
1.020529 1.09969
1.032386 1.087415
1.012733 1.096269
1.01712 1.088909
1.052541 1.075004
0.991876 1.170499
0.9987091 1.13928
0.9992894 1.149063
0.9628133 1.11916
0.9932545 1.201454
0.9845583 1.217661
1.003637 1.136021
0.9958456 1.127118
0.989747 1.119132
1.014593 1.20026
1.035473 1.102584
1.007865 1.145087
0.9941634 1.085635
1.024932 1.085006
0.9930109 1.090768
0.9907085 1.043493
1.025262 1.11889
0.9956522 1.052837
0.9861588 1.095174
1.018027 1.101812
1.001613 1.051684
1.017665 1.030561
1.004559 1.029513
0.9974752 1.055149
1.015622 1.095973
1.015706 1.126037
0.9666144 1.125002
0.9818254 1.04743
0.9946353 1.078062
1.029334 1.108044
1.017621 1.120145
0.982703 1.098258
0.988469 1.12026
1.056247 1.085788
1.030393 1.072692
0.9921769 1.114852
0.9911353 1.082649
1.028245 1.097443
0.9913248 1.153987
1.005614 1.134889
0.9990143 1.095153
1.01407 1.188073
0.9856398 1.191273
1.02805 1.200532
0.9881457 1.313606
0.9969391 1.291514
1.006462 1.301861
1.022769 1.215335
0.987819 1.100416
0.9853203 1.198322
1.017101 1.194553
0.989966 1.211168
1.015041 1.148185
0.9939336 1.113982
1.017704 1.093165
0.9898442 1.033006
0.9828052 1.085788
1.000077 1.068364
0.9949379 1.104064
0.9676167 1.098695
1.027873 1.08268
1.009015 1.116997
0.9945533 1.113638
0.9958486 1.124009
1.001378 1.134525
1.026085 1.135668
1.048453 1.151205
0.976012 1.14596
1.039415 1.10841
1.023966 1.094506
1.018782 1.012622
1.025074 1.09433
0.9753785 1.097935
1.002928 1.086395
1.009066 1.052711
0.9913199 1.071493
1.022516 1.101525
1.022286 1.076633
0.9914299 1.091587
1.017736 1.104283
1.021919 1.09304
1.000851 1.116034
0.9984704 1.077907
1.032706 1.076232
0.9902484 1.041095
1.0191 1.063504
0.9756607 1.08549
0.9957504 1.083885
1.039058 1.052855
0.9700604 1.113613
0.9866712 1.109596
1.016105 1.098811
1.037175 1.058175
0.9645718 1.076531
1.035912 1.055607
0.9725531 1.082701
0.9971715 1.115326
1.017339 1.043696
0.9771325 1.099079
1.031258 1.111064
1.025956 1.083494
1.020318 1.106291
0.9661566 1.116212
1.000023 1.107516
0.9663974 1.047506
0.9779935 1.057895
1.074586 1.038236
1.026332 1.05586
0.9972857 1.081848
0.9764177 1.085031
0.9925762 1.086639
0.9702254 1.107392
1.029389 1.14322
0.9452439 1.155569
0.9904147 1.103444
0.9504991 1.104396
1.023224 1.064423
1.004898 1.088629
1.010533 1.025489
0.9675373 1.038122
0.9524392 1.054779
1.029707 1.130097
1.001529 1.115109
0.9822643 1.108459
1.022522 1.103302
1.019665 1.128346
0.9825263 1.118589
0.9829182 1.137049
0.9995999 1.116611
1.004602 1.1218
0.9898726 1.117253
1.010711 1.064812
0.98733 1.054054
1.013607 1.025064
1.00372 1.03232
0.9750428 1.073567
0.9885422 1.080656
1.04333 1.100339
0.9771008 1.040941
1.028323 1.061387
0.9947998 1.06655
0.9949478 1.084562
0.978582 1.068706
1.030224 1.077196
1.046179 1.005231
1.025004 1.00967
0.9772506 0.9933231
1.02079 1.056649
1.013171 1.044174
1.00842 1.106019
1.020843 1.120296
0.9762302 1.071066
1.017327 1.088752
0.9648316 1.081667
1.051813 1.090572
1.004173 1.108757
0.9778425 1.153262
0.977816 1.176655
1.007863 1.140257
0.9660611 1.145085
0.9668224 1.145262
1.005606 1.161738
0.9726194 1.14199
0.9992078 1.148975
0.984162 1.166466
0.98916 1.176473
1.020856 1.122717
1.016534 1.086706
1.008233 1.112649
0.9836268 1.129902
0.9679968 1.108546
0.9727495 1.111201
0.986165 1.201988
1.026658 1.21364
0.9181998 1.176368
0.9718282 1.170911
0.9908816 1.179037
0.99968 1.16104
0.9835509 1.110693
1.011533 1.124804
1.012113 1.10265
0.9923233 1.093984
0.9349055 1.13838
0.9900294 1.088245
1.008477 1.159754
0.9684312 1.036124
1.018527 1.066185
1.036909 1.017774
1.030554 1.035489
1.042606 1.068267
1.033818 1.069799
1.024657 1.028809
0.9971281 1.028515
1.016025 0.9899354
1.01255 1.068071
0.9960003 1.067943
1.017368 1.015636
1.030291 1.034811
0.9880029 1.048567
1.012052 0.9916205
1.040039 1.068856
0.9875757 1.075538
0.9966391 1.069772
0.9815416 1.031488
1.004971 1.089057
0.9915528 1.088331
0.973998 1.115079
1.023795 1.054554
1.008226 1.063295
1.021574 1.036746
1.053114 1.05788
1.012543 1.069556
0.9737841 1.129509
0.9988513 1.104338
0.9814564 1.115931
1.009933 1.14082
1.020291 1.10441
0.997159 1.096021
0.9717677 1.095766
1.020083 1.031648
1.010821 1.049906
0.9964881 1.109018
1.003317 1.066393
1.019395 1.023066
1.016778 0.9824683
0.9668628 1.013667
1.043715 1.010629
0.980904 1.059593
1.035434 0.9966163
0.9776499 1.057487
1.012406 1.039428
0.9954611 1.027225
1.024609 1.088961
0.9853171 1.052047
0.9770368 1.091836
1.023769 1.148458
1.006622 1.090631
0.9903029 1.120345
1.003613 1.143276
1.002609 1.075793
1.058943 1.099474
0.9885694 1.157562
0.9625634 1.151063
0.989994 1.134399
1.008415 1.083742
1.021 1.094417
0.964963 1.102137
1.020046 1.14457
1.0132 1.102861
1.03929 1.095114
1.003881 1.057197
0.9950222 1.043983
1.002526 1.110149
1.008992 1.060188
1.009123 1.054923
1.012573 1.090382
0.9722047 1.085305
1.002513 1.096272
0.9722206 1.089708
1.021867 1.048459
1.00932 1.106632
0.9695581 1.179379
0.9723627 1.17579
0.974529 1.163858
1.002882 1.197251
0.9721 1.230361
1.007327 1.187914
0.9891317 1.128717
0.9765555 1.126381
1.02993 1.102155
0.99631 1.152545
1.013874 1.17297
1.030377 1.149683
0.9944619 1.157696
0.9817016 1.169963
1.01052 1.152152
0.9568426 1.219701
0.9745027 1.176225
0.9965918 1.160278
1.034592 1.167059
1.006115 1.150029
0.9859636 1.099514
0.9888263 1.084307
1.01638 1.083219
1.010949 1.080979
0.9968273 1.016655
0.9848126 1.119397
0.9923645 1.14146
0.9874851 1.171873
0.9622819 1.158729
0.9939787 1.171009
0.9913664 1.161105
0.9948051 1.15626
0.9716514 1.132174
1.010422 1.085873
0.9859149 1.031107
1.056209 1.051206
0.9908743 1.021272
1.000017 0.9967895
1.01933 0.9773278
1.048292 0.9676858
0.9782954 1.031151
1.049614 1.030658
1.019032 1.070489
0.9884763 1.062155
1.031366 1.056196
1.026634 1.034089
1.009796 1.071846
1.001587 1.076693
1.013355 1.050873
1.032108 1.094654
0.9978038 1.11795
1.038438 1.030753
1.011097 1.060518
1.011492 1.061844
1.006798 1.057384
0.978941 1.021532
1.004082 0.9669708
1.006399 0.9794097
1.035444 0.970145
1.012333 0.9817726
1.03408 1.020316
0.9858438 1.043826
0.9717533 1.048669
1.017025 1.093935
1.028832 1.099784
0.9831896 1.104103
1.007149 1.074214
1.042894 1.081232
1.007452 1.055621
0.9885541 1.071802
1.028462 1.101979
1.022878 1.070366
1.032605 1.082934
0.9913897 1.130567
0.9752749 1.133193
0.9954778 1.158161
0.994259 1.13941
1.01089 1.110185
1.011506 1.119465
1.046222 1.123723
1.005052 1.112148
1.01845 1.145498
1.017416 1.166533
0.9868922 1.121882
0.9944439 1.11931
1.024046 1.082478
1.03228 1.080999
0.9936532 1.100564
1.006429 1.1114
1.008058 1.08074
1.036738 1.122268
0.9663026 1.154584
0.9827227 1.107672
0.9781695 1.194754
1.021141 1.20112
0.9919637 1.199384
0.9840941 1.187568
0.970439 1.131976
1.017395 1.111385
1.028359 1.09414
0.9796096 1.109458
1.00574 1.10225
1.04795 1.066818
1.004918 1.096638
0.9597458 1.170984
0.9747522 1.112241
0.9971737 1.114759
1.008018 1.162542
1.030845 1.095344
1.032073 1.09649
0.996146 1.058233
1.010485 1.037941
1.037607 1.006238
1.027432 1.036657
0.9907435 1.115023
1.017595 1.104839
1.043224 1.040408
0.9818057 1.127745
0.9829454 1.156917
1.041019 1.075212
0.9791402 1.108858
0.9626148 1.148364
0.9592539 1.123576
1.010728 1.126083
0.9873287 1.075648
1.010464 1.043541
1.041139 1.027757
0.9973725 1.061198
1.028006 1.059789
0.9584675 1.051646
1.037269 1.087877
1.000508 1.079496
1.009447 1.084842
1.047613 1.087235
1.006052 1.078789
1.013461 1.071874
1.0068 1.080795
1.017264 1.104439
1.037178 1.104064
0.9852124 1.084881
0.9961245 1.127406
1.025932 1.145635
1.065873 1.11413
1.015717 1.076168
0.996461 1.126495
0.9850247 1.086811
1.009905 1.100787
1.044196 1.098093
0.9835292 1.108082
0.9852143 1.122986
0.9724854 1.088647
1.015302 1.162393
1.0447 1.152699
1.012277 1.162756
1.039177 1.119535
1.001028 1.134396
1.033336 1.167864
1.034533 1.125937
1.036323 1.088564
1.012188 1.212687
1.013873 1.216082
0.9942803 1.15682
0.9380861 1.191299
1.044049 1.17788
1.027411 1.173923
1.006761 1.145697
1.014429 1.136743
0.9778952 1.128662
1.00003 1.177246
1.008975 1.150933
0.9815475 1.128163
1.016136 1.113522
1.025432 1.103269
1.001931 1.114995
1.01501 1.141776
1.030244 1.144061
0.9639752 1.186432
1.035976 1.123682
1.016722 1.192193
1.009172 1.145504
0.9956903 1.089729
1.044741 1.05757
1.022996 1.047929
1.033324 1.100975
1.000238 1.060835
1.045527 1.042884
0.9815894 1.018465
1.017663 1.072307
0.9870772 1.069495
0.9503827 1.096449
1.048131 1.09956
0.9727947 1.117921
1.025376 1.074771
1.034115 1.09808
0.9419378 1.14637
1.015438 1.121436
1.007612 1.147309
0.9932282 1.147825
0.938001 1.144021
0.9652476 1.110284
0.9851102 1.096888
0.9822942 1.093388
0.9965274 1.078939
1.048737 1.097111
0.9924174 1.125969
0.9904701 1.062822
1.042246 1.028904
1.02243 1.081948
1.017065 1.113535
1.004396 1.053881
0.9787303 1.098045
0.982149 1.151666
0.9539686 1.201298
0.9573321 1.238258
1.00166 1.214215
0.9565736 1.239175
0.9823956 1.234344
1.005169 1.214943
0.9428757 1.203868
1.025202 1.147193
1.032846 1.153809
0.9928726 1.17047
0.9651011 1.196212
1.015887 1.218486
0.9920307 1.142717
0.9683297 1.113574
0.9486413 1.121757
0.9899333 1.123384
1.009335 1.094254
1.023288 1.149223
1.008549 1.196227
1.009915 1.104752
1.033401 1.150044
0.998957 1.15245
0.9808054 1.162065
0.9917928 1.163905
0.9866694 1.153486
1.0034 1.17185
0.9870078 1.112781
0.990595 1.110818
0.9699062 1.143185
0.9625237 1.123133
0.9845282 1.118383
1.01973 1.070544
0.9950501 1.110898
0.9454204 1.084255
1.012014 1.118915
0.9885351 1.090169
0.9882238 1.145681
1.010163 1.113753
1.039957 1.068365
0.9817622 1.064788
1.021628 1.060327
1.020091 1.034509
1.017979 1.066371
1.007462 1.038455
1.019103 1.04158
1.007459 1.044415
0.9864282 1.012752
0.9841336 1.020557
1.002654 1.024296
1.019517 1.038179
1.008427 1.076085
1.040783 1.077969
1.040159 1.018331
0.9748048 1.063015
1.046198 1.185375
0.9838576 1.192826
1.034632 1.091537
1.015737 1.133785
1.015423 1.089947
0.9914893 1.082154
1.021677 1.065235
0.9960811 1.088148
1.020478 1.11252
1.007561 1.079548
0.9813645 1.130789
1.026033 1.130164
1.033342 1.137628
0.9572724 1.116558
1.003003 1.107161
0.995969 1.085655
1.00338 1.073388
0.9811165 1.093424
0.9743737 1.091906
0.9871228 1.061035
0.9666787 1.100635
1.00354 1.050559
1.038665 1.078545
1.028067 1.115874
0.9846999 1.071801
0.9742242 1.137994
0.990536 1.183488
1.007115 1.1286
1.052785 1.08629
1.013399 1.069902
1.019824 1.090103
1.025851 1.030889
1.028413 1.014001
0.9861741 1.035589
1.019139 1.044634
1.031963 1.011562
0.9914435 1.047553
1.048665 0.9734078
1.042202 1.007228
1.019095 1.003736
1.042432 1.02157
0.9957618 1.019754
0.9893056 1.025687
0.9828744 0.9940766
1.028054 1.045905
1.006375 1.028765
1.010702 1.027801
1.035528 1.028756
1.013932 1.045577
1.004561 1.07665
1.005045 1.112827
1.031135 1.100236
1.017046 1.121267
0.972128 1.145225
0.9962296 1.123727
1.002693 1.125795
1.002988 1.087763
0.9888128 1.094865
0.9902196 1.108598
0.974751 1.131877
1.024883 1.069676
1.041722 1.110325
1.045844 1.174428
0.9963297 1.123873
1.019145 1.102336
1.002403 1.061647
1.038459 1.074375
1.038246 1.071447
0.9924824 1.055353
1.014006 1.040858
1.019425 1.016468
1.040737 1.076552
0.9978211 1.102508
0.9896999 1.133063
1.004294 1.102149
0.9940225 1.153383
0.9818413 1.103069
1.030281 1.084605
1.019818 1.058483
1.01899 1.05024
1.030722 1.045577
0.9856236 1.073677
1.028734 1.065121
0.9507695 1.038273
0.9867542 1.076393
0.9601617 1.102899
1.011951 1.149801
1.001051 1.100654
0.9768108 1.086581
0.9844248 1.182751
1.031581 1.108848
1.008545 1.118812
0.9688999 1.147336
0.9956371 1.110835
1.023733 1.179689
1.040895 1.122653
0.9758621 1.131659
1.020928 1.114785
0.9921658 1.115792
1.012386 1.070479
1.036142 1.071057
1.051933 1.049375
0.9983686 1.065108
1.000135 1.08802
0.9961937 1.068557
1.024674 1.055647
1.024427 1.084913
0.9854366 1.0986
1.03658 1.101834
1.018491 1.130026
1.003521 1.104284
1.001492 1.087096
1.017998 1.06329
0.9835168 1.020513
1.009408 1.026945
1.030217 1.020265
0.9870338 1.028676
1.015342 1.020598
1.004956 1.010445
1.002293 1.01314
1.014696 1.034055
1.038837 1.058041
1.025855 1.061885
1.01309 1.090982
0.9865961 1.081028
1.01848 1.076754
0.9912008 1.073885
1.017135 1.064568
0.9710574 1.084335
1.004881 1.126365
0.9860069 1.10373
0.9700315 1.139196
1.038901 1.172916
1.0023 1.155516
1.009778 1.113859
0.9444625 1.125732
0.96833 1.101471
0.9960968 1.096518
0.9731445 1.108821
0.9922621 1.052801
0.9776713 1.021056
0.9969143 1.030488
1.003216 1.04627
1.038151 1.072012
0.9934427 1.113861
0.9908198 1.091615
0.9900275 1.130247
0.9978542 1.131618
0.9761776 1.129319
1.002257 1.150726
1.018153 1.161122
0.9704362 1.225053
0.9471794 1.210217
0.9924192 1.195299
0.9991476 1.11374
1.008918 1.070708
1.05613 1.08965
0.984755 1.140425
1.033172 1.147541
1.031535 1.131573
0.9748046 1.130703
0.9774779 1.090652
0.9911702 1.092201
0.9631323 1.045887
1.032714 1.065266
0.9865006 1.025467
1.055867 1.020166
0.9862259 1.025052
1.00322 1.037294
1.014976 1.013703
1.057431 0.9956935
1.019808 1.001381
1.035672 1.018671
0.9761752 1.029025
1.070854 1.00919
1.000622 1.04013
1.006193 1.055261
1.009139 1.186057
0.9990851 1.159194
1.00283 1.19481
0.9548076 1.142521
0.9600021 1.209698
0.9871756 1.200953
0.9503564 1.244517
1.031522 1.171881
1.000888 1.177503
0.9961339 1.114646
0.9833701 1.096241
0.9946388 1.100498
1.04947 1.049927
1.001356 1.070039
0.9803114 1.044727
0.9753881 1.109754
1.027465 1.056028
1.048887 1.090971
1.056929 1.106541
1.054014 1.072761
1.035425 1.034401
0.9965679 1.052218
0.9980543 1.051029
0.9979928 1.059038
1.018825 1.023366
1.050918 1.02548
1.009538 1.048254
1.004379 1.068793
1.016147 1.093114
1.006784 1.112111
1.022118 1.13531
1.015885 1.114335
0.9826657 1.160534
1.021638 1.151523
0.9536552 1.141815
1.010736 1.139175
0.9950722 1.096927
1.01579 1.114499
0.9750654 1.15879
0.998851 1.134245
1.03173 1.071747
0.9737275 1.077984
0.9793711 1.089934
0.9783006 1.137042
0.992128 1.121527
0.9969523 1.188894
0.9447734 1.124425
1.009055 1.148756
0.9669801 1.136101
0.9961953 1.117337
1.011295 1.107881
1.01986 1.11659
1.017313 1.104701
0.9810863 1.094404
1.023603 1.221292
1.00951 1.199894
0.9824769 1.174704
0.9554488 1.137761
0.978159 1.191957
0.9856644 1.129201
0.991691 1.164994
1.006659 1.105061
1.009637 1.153681
0.9824583 1.089219
1.033526 1.083046
0.994741 1.047381
1.033899 1.042287
0.9745225 1.10541
1.050131 1.078645
1.004803 1.047035
1.032506 1.115956
0.9973798 1.122922
0.955268 1.167389
1.005959 1.089973
1.014313 1.12368
0.980526 1.145189
0.9587462 1.127762
1.000791 1.052025
1.010186 1.048122
0.983856 1.06626
0.9522606 1.036296
1.030628 1.028406
0.9969799 1.013106
1.03788 1.0164
1.023177 1.029171
1.028173 1.045787
1.025044 1.047563
0.9995111 1.105727
0.9678928 1.090296
1.04048 1.084712
0.9944581 1.079275
0.9700568 1.041517
1.011235 1.066112
0.9971004 1.048758
0.9903743 1.040655
1.005683 1.107683
0.9921419 1.150343
0.9998937 1.156272
0.9922056 1.123862
1.028063 1.101051
1.013431 1.130825
0.9966148 1.184487
0.9779428 1.137417
1.037436 1.140408
1.017999 1.140508
0.9856246 1.210727
1.00493 1.113055
0.9433614 1.145689
1.021819 1.179994
0.9642422 1.121103
1.009971 1.154189
0.9639124 1.123437
0.9858958 1.167896
0.9927548 1.102249
1.043137 1.100868
1.005828 1.092825
0.9945682 1.06347
1.068401 1.087546
0.9965337 1.062806
1.014288 1.154557
0.9779114 1.140856
1.022786 1.178495
0.985865 1.161762
0.9829867 1.166725
1.016094 1.055857
1.061154 1.038973
1.049206 1.02427
1.013733 1.091779
1.016219 1.104146
1.021846 1.090845
0.9744196 1.085737
0.9905123 1.073738
1.022862 1.078856
0.9870044 1.036032
1.03548 1.079144
1.015558 1.073761
1.032654 1.07716
0.9854035 1.076069
1.00063 1.110969
0.9963368 1.110074
0.9695758 1.091604
1.052229 1.070763
0.9864065 1.064298
1.034254 1.006125
1.024753 1.031307
0.9597136 1.058121
0.983039 1.055727
1.027802 1.082076
0.9768382 1.159311
0.9688899 1.128441
1.035859 1.111298
1.032297 1.087991
1.02515 1.052692
1.014895 1.042153
1.011317 1.071876
1.000831 1.062923
1.031162 1.040935
0.9930095 1.055679
1.005225 1.034051
1.062664 1.047053
1.015246 1.049478
1.014088 1.065145
1.037149 1.07132
0.9699572 1.025687
0.9764568 1.02997
1.037798 1.078875
1.026433 1.073662
1.016194 1.074834
1.032244 1.078876
1.057833 1.123937
1.007697 1.1441
1.000583 1.098991
0.9979635 1.12861
1.00843 1.110162
1.004856 1.152133
0.9903248 1.191357
0.9947777 1.227233
0.9787504 1.188366
0.9706165 1.114471
0.9497778 1.159829
0.9831716 1.150437
0.9916587 1.123507
0.9234924 1.169493
1.009051 1.109245
1.016732 1.17149
0.9525305 1.12977
1.006563 1.115621
0.9532359 1.117469
1.001735 1.116458
0.9786044 1.118553
1.013635 1.104885
1.016044 1.066737
0.9945966 1.085563
1.037602 1.096541
0.9770066 1.081955
0.9823098 1.110004
0.9717215 1.11492
0.9846539 1.08873
0.965081 1.141628
0.9941723 1.16368
0.9895674 1.147999
1.026445 1.114282
1.031332 1.068271
0.9774662 1.104994
1.004782 1.087392
0.9868271 1.092779
1.009895 1.118125
1.009893 1.140614
1.062676 1.130103
1.004797 1.06953
0.9899721 1.111687
0.9911668 1.149508
0.9948667 1.142358
0.9962749 1.168604
0.9777126 1.112563
1.021751 1.086236
0.9788654 1.121013
1.009638 1.077435
1.016195 1.10572
0.9963657 1.130151
1.004827 1.10579
1.014266 1.113809
0.9717331 1.124439
1.037425 1.075982
1.011012 1.093119
1.034185 1.090594
1.02557 1.018276
0.9756454 1.042148
1.01322 1.034355
0.9795923 1.061527
0.9637086 1.088623
1.043974 1.067043
0.9957148 1.080718
1.01536 1.081655
0.9565024 1.072398
1.021745 1.075694
1.019045 1.114341
1.002173 1.066847
1.035096 1.043438
0.974475 1.077922
1.026219 1.062757
1.027363 1.039264
1.038077 1.040092
1.020333 1.056738
1.012662 1.072449
1.012764 1.119682
0.9949648 1.096608
1.029676 1.057411
0.9633338 1.025761
1.003996 1.043002
0.9656013 1.08901
1.019846 1.05242
0.9906852 1.006579
0.9690367 1.013921
0.9833821 1.005609
0.9724851 1.010846
1.022917 1.004729
1.022465 1.044276
1.023041 1.061967
1.010444 1.061552
1.033701 1.060052
0.9496028 1.05398
1.017296 1.086123
1.02138 1.076871
0.9733768 1.117864
1.006795 1.094245
1.006084 1.090395
1.047556 1.059067
0.9856736 1.059718
1.058532 1.077965
0.9604895 1.098839
1.038565 1.144164
0.9857234 1.118492
0.9827888 1.060428
1.025232 1.016814
1.036465 1.101799
1.001913 1.105484
1.041591 1.093792
0.9848568 1.085408
0.9557753 1.083489
0.9721612 1.117894
0.9970677 1.078333
1.020167 1.11647
0.9842998 1.15084
1.0288 1.131825
1.015838 1.138325
0.9726676 1.12018
0.9492301 1.138873
1.003642 1.137722
1.006084 1.173878
1.02734 1.161076
1.012497 1.122494
1.015188 1.148332
0.9705023 1.096143
1.004693 1.089122
0.9895329 1.091345
1.037644 1.063875
1.031559 1.052547
1.029539 1.054828
0.9986961 1.136138
0.9898563 1.091566
0.9901225 1.078774
1.024976 1.107726
1.010955 1.090761
0.9584916 1.141842
1.006751 1.102815
1.011135 1.072781
1.052884 0.988458
0.9978568 1.053381
0.9716481 1.066333
0.988658 1.061572
0.9995539 1.037587
1.054162 1.020973
0.9822812 1.011506
0.9910532 1.054363
1.003316 1.047542
1.021652 1.036787
1.006579 1.096983
1.024012 1.12951
1.027916 1.15261
0.9902932 1.128903
0.975676 1.20829
1.027779 1.18881
0.9904439 1.200938
0.9998316 1.178572
0.9668284 1.195703
0.9361826 1.206685
0.9934263 1.172935
1.04194 1.184423
1.026438 1.18465
0.9770395 1.131332
1.003579 1.141451
1.025143 1.138102
0.9571424 1.172369
0.9632328 1.158309
0.9541457 1.191209
0.9986859 1.198709
0.9530402 1.112663
0.9820629 1.149512
0.9755189 1.111988
1.052395 1.052182
1.014021 1.039042
0.9895926 1.063015
0.9709125 1.128434
1.001975 1.113256
1.011312 1.110056
0.9947908 1.051887
0.9770533 1.084306
1.031808 1.058687
0.9741357 1.053329
1.049818 1.063441
1.043818 1.079776
1.029728 1.091521
1.014744 1.043822
1.070006 1.057665
0.9693645 1.097007
1.066665 1.131741
0.9918548 1.081277
1.008206 1.077088
1.018081 1.045991
0.9796196 1.005087
1.044646 1.018007
1.028794 1.014234
1.00362 1.05321
0.9388738 1.111479
0.9736535 1.141683
1.009866 1.125019
1.022526 1.087461
0.9646968 1.070276
1.021176 1.042942
1.000727 1.061051
1.048517 1.106208
1.029715 1.080291
0.9838379 1.084059
0.9773992 1.085113
1.046798 1.105626
1.002461 1.092297
0.996226 1.098435
1.008413 1.117173
0.9753279 1.112325
0.9926853 1.170865
0.9839731 1.154014
0.9794292 1.224673
1.012557 1.186692
1.003642 1.113938
1.028718 1.130568
0.999213 1.12081
1.03529 1.091372
1.005942 1.08461
1.003436 1.07883
0.9941384 1.100706
0.9875325 1.066963
0.9919715 1.162577
0.9826627 1.113553
1.035886 1.075238
1.015158 1.074915
1.037743 1.122749
0.9863663 1.13675
0.9530345 1.154655
1.024354 1.131122
0.9950889 1.076682
1.005301 1.080539
1.038275 1.121224
0.991952 1.128917
1.011214 1.154693
0.9776098 1.192338
0.9462662 1.179796
0.9671095 1.209412
1.00936 1.177344
0.9640809 1.180437
1.044887 1.131325
0.92914 1.127256
0.9940584 1.125747
1.003871 1.149267
0.9880076 1.163755
1.008706 1.147268
1.002691 1.119984
0.986263 1.103625
0.9459186 1.15536
1.000284 1.196039
0.965434 1.178979
0.9429176 1.175831
0.9109715 1.171739
0.9831625 1.193578
0.9561838 1.17281
1.018553 1.155135
0.9581228 1.168825
1.010848 1.085332
1.008527 1.11322
0.9718768 1.160626
0.9856587 1.164177
0.9893794 1.131123
0.9837355 1.136569
0.9839901 1.123542
1.039532 1.063271
0.9928731 1.061489
1.006028 1.085711
1.013087 1.108073
1.022376 1.103578
1.014787 1.094192
1.032026 1.124453
0.9815248 1.170229
1.00732 1.141945
1.019554 1.126229
1.039539 1.168037
0.9460809 1.270087
1.038312 1.213233
0.9884519 1.222143
0.9775098 1.196544
1.018748 1.11225
0.9656271 1.181233
0.9637552 1.136063
1.012524 1.081437
1.001223 1.12042
0.9480929 1.156743
0.9993945 1.17947
0.9348496 1.218732
0.9531671 1.201697
0.9912037 1.145996
1.000298 1.115119
1.019283 1.137751
1.015844 1.098047
1.013704 1.083413
0.9822179 1.098963
0.9923307 1.112858
1.018522 1.072478
0.970261 1.058782
1.056058 1.040997
1.045139 1.023096
1.04758 1.020257
1.041436 1.000712
0.9765884 1.044706
0.9716046 1.008183
0.977023 1.044023
0.9572692 1.03458
1.002051 1.077358
0.9844096 1.088757
0.9811975 1.093362
1.006415 1.042247
1.045212 1.057286
0.9753746 1.130962
1.015187 1.116739
1.003288 1.089892
0.9895097 1.130709
0.9884126 1.125788
1.023295 1.097733
1.02387 1.074858
1.012978 1.106371
1.026779 1.121436
0.9934902 1.080957
1.040509 1.110912
1.001694 1.080529
1.017408 0.9934691
1.040259 1.036164
1.021739 1.048337
1.014275 1.057469
0.9297904 1.059308
1.015461 1.027616
1.079824 1.009567
0.9689509 1.036615
1.010987 1.034428
1.012613 1.059392
0.991768 1.10338
1.019709 1.145718
1.019922 1.109674
0.974105 1.163005
1.037228 1.144954
0.9845656 1.131426
0.9645759 1.10216
1.025831 1.107817
1.004855 1.084319
0.9579058 1.123437
1.004856 1.078039
0.9816454 1.073206
0.9823705 1.119914
1.028433 1.101586
0.9848544 1.075674
1.017624 1.135039
1.022981 1.137978
0.9862764 1.107575
0.9647155 1.137411
0.9965058 1.095233
0.9998019 1.083984
1.051435 1.076195
0.9897089 1.053367
1.03591 1.118036
0.9705183 1.090917
1.017975 1.073736
1.008381 1.050334
1.029242 1.075107
1.015193 1.05165
1.00989 1.052704
0.9769895 1.089617
1.046818 1.061378
1.017852 1.012565
1.013348 1.048881
0.9950122 1.060339
1.005725 0.9918172
0.9983833 1.053312
0.9815129 1.055742
1.028028 1.032752
1.037981 1.05671
1.002415 1.044589
1.015266 1.03096
0.9954874 1.106338
1.006426 1.077674
0.9632159 1.123556
1.001824 1.106146
0.9997298 1.088494
1.016224 1.117702
1.01244 1.105701
1.029291 1.099693
1.014529 1.089
0.9762844 1.103014
