"nu" "alpha"
3.415406 0.4613755
3.2126 0.1810423
2.917216 0.06109681
2.648896 0.3281083
2.523985 0.272217
2.816242 0.3412466
2.807058 0.2559396
2.753116 0.3200623
2.764648 0.2631374
3.341803 0.4181754
3.401757 0.3221406
2.861969 0.3311072
3.113765 0.4599556
3.055948 0.1506073
3.516299 0.3027984
2.958667 0.4575267
2.949891 0.1820733
4.111459 0.1777857
3.185733 0.4071866
3.15623 0.3968244
2.883363 0.166711
3.443452 0.380792
3.104034 0.4447211
3.158761 0.1170509
3.391775 0.1984993
3.411181 0.1283046
3.011298 0.3618039
3.123537 0.2881856
3.129865 0.04410717
3.174236 0.05951633
2.998606 0.3285323
3.680032 0.3275273
3.262159 0.4280482
3.193429 0.2247356
2.7097 0.3519329
2.580944 0.1882638
2.815487 0.08442926
3.45941 0.3322134
3.009722 0.3219423
2.566123 0.3268806
2.849836 0.2779939
3.215676 0.3468118
3.295611 0.1939292
3.83946 0.3852441
3.391744 0.2305015
4.246885 0.1044385
4.263856 0.2356957
6.004719 0.3909519
3.48901 0.3890359
3.352238 0.3388644
4.101276 0.1888039
3.91198 0.3369523
3.760463 0.4940503
3.275482 0.1258065
3.478864 0.2609471
3.68894 0.2279272
2.745443 0.3908427
3.583289 0.07888529
2.923278 0.3247021
3.303207 0.4028241
2.980707 0.3804698
2.783717 0.4258752
2.831269 0.2833132
2.580044 0.05456964
2.579105 0.09469969
3.67846 0.2457226
3.748018 0.06393044
2.637403 0.4286005
2.843436 0.3532128
2.680927 0.1725608
3.51359 0.08953141
3.46031 0.3688279
4.356406 0.2541864
4.663623 0.1701481
3.843923 0.1337978
7.439763 0.427602
3.545394 0.1902587
3.272148 0.09961822
4.632235 0.4105633
3.084242 0.1947334
3.108871 0.1788912
2.864182 0.4996495
2.910438 0.06255421
3.362369 0.06419228
2.735157 0.1496332
2.420934 0.3500531
3.940941 0.1891417
3.023241 0.1260439
2.99345 0.4953524
2.872033 0.2963774
2.473627 0.02650382
2.819549 0.3617978
2.963648 0.3240578
3.300089 0.4161087
2.906339 0.4934272
2.922928 0.2722025
3.140767 0.2878107
3.209628 0.4856167
2.529494 0.3726518
2.496122 0.3323252
2.485724 0.3229494
2.627492 0.141029
3.50723 0.2718871
2.650108 0.4369643
3.346818 0.1313654
2.877901 0.3605962
3.325511 0.2754248
2.553202 0.1283505
2.505329 0.2158778
2.666472 0.4233632
2.589953 0.3087388
2.375499 0.3153876
2.64247 0.3971929
2.761708 0.4874108
2.607512 0.4865233
3.356522 0.4483521
4.077946 0.2754746
3.103384 0.287665
3.671851 0.3464816
2.917015 0.1704611
2.734047 0.2930485
3.400919 0.2125666
2.596722 0.2387097
2.986975 0.08011147
3.170753 0.4742115
3.281275 0.35294
3.175531 0.2097718
2.637795 0.4580053
2.93971 0.1932698
3.277281 0.188138
2.714201 0.3284627
2.748816 0.3276635
2.823634 0.2754052
3.135066 0.1423996
3.058046 0.3555643
2.999212 0.09690924
2.935937 0.3466502
2.813551 0.4037693
3.093047 0.157134
3.371354 0.2881188
3.281954 0.4222395
3.42856 0.4344665
2.705332 0.4642482
2.464064 0.3425443
2.512659 0.4440818
2.543496 0.2849779
2.694538 0.1264456
2.487721 0.1267937
2.597158 0.31447
3.320511 0.2868075
3.900236 0.4719137
2.922267 0.3896724
3.237391 0.07450947
3.229298 0.4999399
4.42852 0.1906997
3.200803 0.06984356
2.886023 0.2454979
3.152546 0.1744219
3.63438 0.4110142
3.645637 0.2595786
2.833729 0.4584254
2.980239 0.1134404
3.078194 0.2172055
2.365892 0.4561859
3.217997 0.4569829
3.023649 0.4137319
2.866637 0.4189157
3.082956 0.2403676
3.339032 0.4540449
3.884338 0.1621407
3.576021 0.159484
3.457981 0.1641303
3.876788 0.2139773
3.128125 0.4403177
3.720891 0.4515247
4.44875 0.1342639
4.269179 0.1069474
3.489598 0.09252829
3.172948 0.08905084
3.196595 0.3386775
3.978702 0.4778552
2.951292 0.3731308
3.367541 0.3409078
3.643866 0.1102641
3.245171 0.252769
3.905144 0.2114864
4.027926 0.4885402
4.523067 0.1273401
3.54976 0.1271727
3.330343 0.4105348
2.61274 0.3948569
3.57377 0.2981259
2.941537 0.323277
3.311853 0.1424501
2.67254 0.3465563
2.641525 0.3911375
3.553959 0.3478339
3.504276 0.2428942
3.286728 0.2348868
2.936398 0.4739707
3.422111 0.4781037
2.908074 0.4800563
3.085823 0.4960901
3.396871 0.02804102
2.802051 0.2085623
3.235326 0.3927648
3.291644 0.381093
4.433981 0.3976122
2.903521 0.3415662
3.699392 0.2476343
3.192966 0.2024404
3.188922 0.4739168
3.42673 0.1318452
4.644071 0.1994833
3.635808 0.2563785
3.344867 0.2143464
3.355172 0.2792182
3.161428 0.2376272
3.359319 0.2975681
3.803939 0.1821487
2.588373 0.2461454
2.63209 0.1056561
3.028066 0.3529303
2.87863 0.3451891
2.914318 0.2700457
3.113052 0.4445288
3.059861 0.2295153
3.608413 0.2828543
4.026268 0.1419104
3.92062 0.4930052
2.798179 0.3236606
3.535402 0.4268489
3.488622 0.4643292
3.405848 0.2831161
3.504333 0.3055349
3.343521 0.2168925
3.536957 0.4382393
2.976619 0.1131015
2.905701 0.3852234
3.061194 0.4469683
2.787049 0.06173176
3.079696 0.280775
2.94458 0.4830127
3.069519 0.216414
3.098434 0.3894677
2.824741 0.2440074
2.421829 0.2220876
2.622579 0.3618161
2.983972 0.2320784
2.89673 0.3017687
2.662179 0.1923302
3.390758 0.1043418
3.230557 0.1129966
2.86849 0.3714431
3.016602 0.2512792
3.325505 0.2208097
2.786801 0.3545206
3.330991 0.1505019
2.754703 0.2845391
2.590413 0.2078056
2.897379 0.1730569
2.712322 0.1042562
2.832842 0.3687377
2.765028 0.249352
3.392454 0.1577121
2.881666 0.2578882
3.304345 0.4585357
3.487649 0.1629491
3.481582 0.3543399
2.712161 0.05571932
3.039022 0.190691
3.01933 0.2027917
3.252688 0.3834642
3.808773 0.1678804
2.90454 0.2607803
3.177671 0.1306767
3.096076 0.2882189
3.484479 0.1141561
2.810954 0.4627328
3.225579 0.3028093
2.900655 0.2248527
3.277677 0.07787902
2.831671 0.2294593
2.830546 0.1353399
3.119929 0.4515983
3.354444 0.4044479
3.232181 0.1433073
3.011003 0.4495976
3.57129 0.3598614
2.758077 0.3412698
2.729588 0.3914408
2.896463 0.4353081
3.489237 0.3972742
3.091723 0.2666213
2.785002 0.05695714
2.944307 0.266477
2.992718 0.09112076
3.854681 0.2002723
3.209766 0.1305056
3.217983 0.1883535
3.648473 0.4891399
2.964755 0.441695
6.867183 0.2795168
4.319298 0.4157158
3.520703 0.3698893
3.327294 0.1577416
3.470746 0.1245304
2.770656 0.2495619
2.789195 0.3793657
2.618608 0.1430316
3.239853 0.4197992
2.812767 0.1903116
3.23472 0.4875517
2.407347 0.1639249
3.167956 0.3761155
3.326251 0.4085879
2.930426 0.1096661
2.912244 0.2427267
2.824682 0.2166701
2.607273 0.06710262
2.475679 0.4875381
2.267025 0.287643
2.650954 0.4709163
2.70012 0.4035477
2.758092 0.449432
2.550577 0.3575733
2.486564 0.2995113
3.221182 0.4740353
3.366016 0.3996932
2.834484 0.2053954
3.120749 0.4661099
2.705611 0.09923063
2.882078 0.4695358
3.550377 0.2403223
3.742778 0.1159048
3.646367 0.4931565
2.499159 0.3744551
2.981917 0.2501259
2.780428 0.4081566
2.81718 0.3750802
3.122112 0.1716333
2.940114 0.1826317
2.958969 0.1780984
4.037559 0.3192065
3.342409 0.4603936
3.246579 0.3452682
3.18042 0.3063657
3.351491 0.2769294
3.305084 0.08673396
2.869113 0.3989169
3.477426 0.4771884
3.231982 0.2902565
3.284882 0.4316471
2.953649 0.4788433
3.481707 0.1547122
3.056036 0.3527109
2.88672 0.4108821
2.587152 0.2329825
2.556633 0.4019604
2.474376 0.4126792
3.356375 0.04175913
3.180087 0.3590915
3.645464 0.4926164
3.164334 0.3717245
3.084982 0.3119342
3.807642 0.4836305
3.417695 0.2848299
2.928134 0.1339261
3.331566 0.2530124
2.765625 0.4610035
3.03823 0.2601695
2.675412 0.2060159
2.512519 0.1753362
2.698787 0.216574
2.989666 0.1659664
2.677254 0.362863
3.278153 0.06839118
3.723845 0.2469196
3.473518 0.1666015
3.880745 0.2268425
3.895329 0.2974242
3.590132 0.4442589
3.391208 0.2625653
3.370204 0.4704112
4.771027 0.1571342
3.569594 0.1767107
3.748241 0.2041826
4.150712 0.2478321
3.421341 0.09083217
3.833775 0.4178126
3.330997 0.3278075
3.324656 0.2165428
3.88628 0.425108
2.845197 0.3872908
3.595733 0.07834154
3.414147 0.1894753
3.248909 0.08339558
2.893107 0.2477742
2.64434 0.315567
2.875259 0.3324204
3.021156 0.03586574
2.637487 0.3624407
2.942583 0.451629
3.046312 0.1950405
3.415078 0.2195937
2.883327 0.2962169
3.745375 0.3252849
2.809175 0.3045058
3.51578 0.02134364
3.397931 0.4203938
3.618334 0.2474578
3.200104 0.1217957
3.168786 0.4598399
3.009301 0.4096165
2.786366 0.3806049
2.910543 0.3257675
2.656861 0.3869372
2.747018 0.3228077
3.175696 0.3387545
2.691815 0.3557627
3.241437 0.2127115
3.032914 0.4102789
3.092231 0.2546686
4.115472 0.3658003
3.556168 0.3005815
3.604799 0.07699762
3.297716 0.4544206
3.395248 0.4139518
3.298724 0.08597437
3.610487 0.04789575
3.145595 0.1968861
3.486789 0.1825399
2.802404 0.4646465
2.971292 0.1687459
3.332943 0.4309412
2.768868 0.281129
4.265952 0.140609
3.116326 0.2791011
3.354177 0.09348961
2.684073 0.4864467
2.637074 0.2517503
3.096771 0.3077414
3.028761 0.2097195
3.362372 0.1452762
2.911469 0.1937081
2.542205 0.3808485
2.754107 0.1212079
2.955488 0.4831824
2.811253 0.3808772
3.010212 0.3677926
3.708559 0.06316836
3.035238 0.3233319
3.404297 0.1637451
3.126227 0.2383208
2.527821 0.484662
2.555517 0.1274221
2.548297 0.1520457
3.067243 0.4773085
3.613241 0.2839663
3.280728 0.3312081
3.398139 0.4206178
3.063385 0.06531032
2.89699 0.2204217
4.176926 0.03786157
2.708516 0.2623305
3.136576 0.3092944
3.091301 0.2976534
2.373519 0.2859575
2.466356 0.3626562
2.425221 0.05764436
2.427199 0.1890724
2.586776 0.1625607
2.622484 0.2819358
3.003718 0.3404868
2.623019 0.204405
2.597782 0.2052868
2.652798 0.2260884
2.906796 0.07967093
3.531469 0.1435758
3.319554 0.2595721
3.559796 0.08349331
3.35906 0.2934298
3.437372 0.2319006
3.074319 0.1355134
3.360951 0.253207
3.200463 0.2190188
3.478935 0.2087697
2.717961 0.4572558
3.569352 0.40289
3.709388 0.3105867
4.40614 0.227517
4.044293 0.2590356
3.809714 0.2384723
3.426709 0.4914111
3.134762 0.3874802
3.189931 0.4022194
6.788258 0.4069761
5.078946 0.3369041
5.425696 0.1415583
3.366964 0.1013441
3.2957 0.4170226
3.191889 0.1671945
2.712916 0.4907784
3.137385 0.1757889
2.834459 0.2891938
3.114152 0.3331643
3.283565 0.2670154
3.240463 0.3920861
3.337734 0.2555682
3.059671 0.1336649
3.026893 0.4859017
3.424458 0.4397738
2.866958 0.1397279
2.914069 0.3319586
2.899817 0.1578596
3.042584 0.3010519
2.613025 0.4488819
3.390947 0.2987341
3.462402 0.2324822
3.31031 0.1679434
3.243691 0.3298871
3.463307 0.3628071
4.469043 0.2167444
4.109557 0.09584857
3.618659 0.4494195
3.368209 0.4874004
5.24326 0.04587934
3.274238 0.2364276
4.319478 0.2249655
3.053792 0.2020892
3.093538 0.1435421
2.758438 0.3137532
2.878089 0.4881294
3.10035 0.497458
3.349611 0.06415564
3.427183 0.2535312
3.752749 0.3961478
3.638341 0.3814551
3.779012 0.146354
4.007472 0.2606033
4.020454 0.3678957
3.397299 0.2774417
3.442412 0.256289
3.4085 0.466774
3.37511 0.0660148
4.928507 0.2603071
4.059557 0.278466
8.248618 0.08143474
3.115738 0.41241
3.041769 0.4837423
2.65588 0.09550172
3.305409 0.2907635
3.254917 0.2295728
3.648575 0.498602
3.208316 0.1609217
2.665104 0.4346951
2.689059 0.3939737
3.271335 0.2776836
2.627758 0.315023
3.375992 0.3674934
3.059127 0.3018509
3.437492 0.09499758
3.092106 0.4708755
3.284802 0.1051645
4.204587 0.2750631
2.620903 0.3864316
2.525744 0.3209415
2.56481 0.06302348
2.40695 0.1958032
3.060214 0.2806915
3.44895 0.116046
2.353361 0.054921
2.703545 0.2336261
3.417979 0.2086347
3.217467 0.4660235
2.717016 0.1039802
2.564738 0.4471541
2.602651 0.4360258
2.856588 0.4093359
3.023109 0.2216293
3.128126 0.172342
2.913626 0.3862436
3.853221 0.3386985
4.143023 0.04516616
2.954235 0.4140391
3.845628 0.1492361
3.707041 0.135814
4.171507 0.2397009
4.151787 0.3621214
3.323075 0.1702987
4.307658 0.2613151
3.692135 0.4285758
4.188532 0.4167089
3.386555 0.03298275
3.705297 0.2115128
3.601218 0.4364009
3.011141 0.3518589
3.244234 0.2722713
2.993647 0.2539767
2.993218 0.4123134
3.186901 0.1778828
3.110091 0.2271318
3.616668 0.4686502
2.999662 0.459006
2.928896 0.3337988
3.303095 0.4986737
2.811972 0.3858536
2.704476 0.1428266
2.993587 0.2348253
2.626316 0.4062972
3.06058 0.3606481
3.065364 0.4159533
3.090336 0.4629904
2.861809 0.3458842
2.594426 0.2325682
3.274057 0.2486601
3.285377 0.2885396
3.800036 0.3259658
2.952523 0.3185671
3.286943 0.3366164
3.375679 0.3445722
4.238506 0.08840325
2.888232 0.2951793
3.390838 0.1285401
3.529113 0.4734523
3.403723 0.1188268
3.102495 0.313986
3.12007 0.3936401
3.070434 0.3257143
4.544837 0.275883
2.625332 0.4715392
2.937863 0.4185221
3.456594 0.4619329
2.99959 0.142407
3.272777 0.2522511
4.155626 0.3439504
3.224146 0.3337577
2.767461 0.391295
2.763772 0.4285059
3.474902 0.3028208
3.242402 0.2319414
3.618596 0.2463261
3.577014 0.05844618
3.294114 0.4670946
3.340299 0.2276283
3.985828 0.2773732
3.825071 0.2671733
3.082527 0.3507364
2.91621 0.08911164
3.763218 0.2393876
3.470688 0.4816981
3.194344 0.3017295
3.488217 0.2307087
3.24033 0.4747194
2.910506 0.3603574
3.068515 0.4126928
2.92749 0.08567725
3.093772 0.4621967
3.264695 0.05870365
2.915217 0.2133237
2.622002 0.1294963
3.058308 0.2989226
2.776617 0.3504579
2.859293 0.1391978
2.898583 0.4576183
2.783019 0.452948
2.526747 0.1932119
2.690461 0.2730241
3.427242 0.3963929
3.219096 0.3375968
3.300962 0.2094675
3.377345 0.4146321
3.279857 0.2139075
3.037554 0.4710252
3.125002 0.2296972
4.057534 0.4475859
2.671255 0.2324912
3.16991 0.2561393
2.852177 0.4551894
2.587588 0.1703545
2.879938 0.2221048
3.418677 0.2832411
2.989576 0.1518597
2.825958 0.2096279
2.72185 0.3549145
2.864113 0.3100081
3.306842 0.4704575
2.857344 0.3699072
3.6204 0.1304146
3.940549 0.2105221
3.085497 0.02805951
3.377987 0.2046608
3.558081 0.2601057
3.492033 0.09438045
3.524058 0.07988413
3.48758 0.1168153
3.847608 0.4183324
4.195736 0.1627067
3.226963 0.1890912
2.396823 0.3399942
2.611901 0.3219482
2.865277 0.03065684
3.015847 0.3017877
2.605714 0.2237937
3.718841 0.1181254
2.921629 0.184557
3.356084 0.2695678
2.771212 0.3919237
3.067755 0.1442379
3.756024 0.1608587
3.117589 0.2751726
3.259845 0.199326
4.190347 0.3082506
3.21251 0.1067001
3.818682 0.09887366
3.044338 0.1758002
3.094309 0.3191987
2.887728 0.1649372
3.204691 0.08827159
2.7051 0.1704938
3.878804 0.2423662
3.285249 0.2219208
3.128911 0.1614265
3.59187 0.3092812
3.284992 0.4005846
3.454218 0.2913067
3.458769 0.3987926
2.90476 0.4369944
3.546443 0.3562683
3.021157 0.3731392
2.860458 0.1701436
3.746548 0.2196969
5.610955 0.4407929
2.966337 0.2563982
3.823001 0.352127
4.591745 0.3425152
4.802351 0.05927696
3.142348 0.1404309
4.374205 0.1597697
3.327505 0.1664864
3.190377 0.1506223
3.117671 0.2533574
2.92087 0.4829028
3.612521 0.1393747
3.716451 0.2844789
3.769436 0.2128147
3.852746 0.1656271
4.31014 0.288488
7.052496 0.2117581
4.157172 0.4385864
3.771136 0.4724509
3.669543 0.2388723
2.984703 0.1707779
3.512227 0.1221689
3.480775 0.07863586
3.031007 0.2131364
3.23823 0.4731323
3.472189 0.188356
3.541864 0.4039733
2.818004 0.4367753
2.96155 0.03954685
3.099817 0.1129505
3.248419 0.2640752
3.732113 0.2624821
2.881522 0.4142877
2.749572 0.2632588
2.998578 0.4121915
2.929231 0.4964317
2.804483 0.277388
3.221127 0.109591
3.642453 0.252645
3.82656 0.2317559
3.527888 0.3695577
3.524407 0.2176022
2.955631 0.3538053
4.025073 0.2862827
3.130694 0.2030834
3.249988 0.286541
3.817878 0.3704178
3.08595 0.4500051
3.724993 0.3300294
4.125996 0.2068737
2.893882 0.1834408
2.677895 0.2934242
3.017791 0.2852419
2.81139 0.2506848
3.210815 0.2124876
2.761833 0.2478528
3.314857 0.3636276
2.539454 0.4712569
2.896703 0.3005658
2.627343 0.4231371
2.777172 0.1657427
2.852941 0.4645099
2.61312 0.2810097
2.613381 0.1036507
3.189787 0.4927987
2.783118 0.3201967
3.095198 0.1567386
3.398929 0.3469067
3.990713 0.1194405
2.978036 0.242463
4.355443 0.08683975
3.245668 0.2962325
3.434596 0.3869746
3.173057 0.04735311
3.535453 0.358485
3.556162 0.2718917
3.253065 0.1680491
5.557719 0.4787725
3.076615 0.1960418
3.881835 0.1235407
3.216189 0.1597943
3.031149 0.2725523
3.028625 0.08480305
3.322802 0.4402001
3.395716 0.2949127
3.028135 0.2051127
3.987412 0.3909582
3.326701 0.3134021
3.236285 0.4214147
3.393865 0.06393855
3.080198 0.3496434
4.143942 0.3907696
3.703735 0.4191842
3.361645 0.1631713
3.463494 0.2736363
3.372358 0.03933301
6.428495 0.2034592
3.302532 0.2526129
3.266791 0.222936
3.241959 0.3193432
3.155687 0.1709162
3.298663 0.3916283
3.192192 0.2462
3.394511 0.4873206
4.472851 0.2679445
3.262697 0.2433613
3.157296 0.4033179
3.843864 0.4830164
3.377792 0.2937668
3.537844 0.1858335
3.332309 0.4184514
3.821472 0.087007
5.140673 0.2961479
3.614024 0.4661155
3.818252 0.2342183
4.982799 0.3054955
2.955166 0.4219275
2.736754 0.1067393
3.499357 0.1587703
2.677033 0.4772959
3.433219 0.2229744
3.632225 0.4314833
4.011998 0.1682942
3.794128 0.0654019
3.16215 0.21188
3.396521 0.2753463
3.059145 0.248487
3.099668 0.1304411
2.788019 0.3033498
3.601344 0.2345189
2.892478 0.3867625
3.378614 0.05621411
3.771701 0.4889734
3.754675 0.09523676
3.54443 0.4930246
3.299133 0.3814806
3.262046 0.1500172
3.300473 0.04526804
4.882919 0.428885
3.525027 0.1220565
2.994555 0.1695087
3.89785 0.3738701
3.414211 0.3095716
2.869893 0.3188401
2.964368 0.2616142
2.78182 0.1687789
2.471348 0.1406256
2.676602 0.3210741
2.872558 0.1830724
2.880063 0.3118345
2.909806 0.4354438
2.69866 0.1328001
3.142945 0.3028451
3.006383 0.1019306
3.023784 0.4949452
3.601453 0.2296442
3.962342 0.3731482
3.06153 0.3105128
3.745937 0.4307995
3.950948 0.3987181
2.970331 0.2595933
2.708694 0.3706109
3.372009 0.1246183
3.027616 0.1904905
2.753766 0.4549376
2.776261 0.2908279
3.071076 0.2459929
2.909939 0.3461082
2.744524 0.1622123
3.285137 0.4881017
7.975652 0.4640308
3.583529 0.4407344
3.761801 0.2368964
3.912418 0.3718979
3.860015 0.4912304
10.3104 0.1722325
3.693401 0.336248
3.229363 0.491832
3.030583 0.4105734
4.177936 0.3975867
2.97039 0.1335484
3.077634 0.4615037
3.54933 0.07248378
3.805798 0.08838105
3.06006 0.08291773
4.121824 0.3746922
3.710296 0.2295441
3.32283 0.1932995
2.732779 0.4936744
2.32236 0.273574
3.956699 0.4007374
2.815016 0.2574391
3.429102 0.4345386
3.25878 0.3293735
3.048281 0.3593271
3.309002 0.3367344
3.551713 0.1015452
3.061868 0.3595933
2.986131 0.4959616
3.42927 0.4219135
3.515672 0.3062484
3.362009 0.1700781
3.39567 0.2625957
3.385065 0.4863872
3.197137 0.3166272
4.168654 0.4926987
3.572526 0.246889
3.870672 0.1517035
3.637038 0.183072
4.761243 0.3149814
3.427927 0.2435163
3.727562 0.1862862
3.413938 0.1853743
3.507706 0.2126364
3.217348 0.4965454
3.795148 0.2791084
4.267573 0.2158156
2.971511 0.4841065
3.926587 0.2552478
3.539598 0.1647016
3.829815 0.4017922
3.507838 0.09180935
3.646054 0.03214679
4.077402 0.3430992
4.508522 0.3061081
4.424266 0.3236257
4.423018 0.4923264
2.811847 0.3521966
3.168015 0.4152545
3.607633 0.3876099
3.928083 0.1005579
3.440981 0.4212106
3.178251 0.2319442
3.777407 0.1061168
3.229302 0.1080235
3.375376 0.4093395
3.59711 0.0860203
3.132899 0.4729413
4.398122 0.1709214
6.220189 0.3556348
4.677103 0.4673059
3.99259 0.2849956
3.761037 0.3281534
5.840734 0.3082567
4.916687 0.1240407
3.565809 0.4463963
3.207242 0.3828333
3.912322 0.3331195
3.314752 0.3579825
4.238035 0.1315285
4.848917 0.298642
4.280623 0.1007629
3.589119 0.2712017
4.711621 0.4282497
2.710645 0.4285766
2.784531 0.2646282
3.35346 0.3347225
2.998095 0.1003244
3.671356 0.4230002
3.477777 0.2996484
5.038853 0.288291
4.34751 0.06700832
3.488024 0.4553546
3.428757 0.1129127
4.479499 0.4092809
3.744943 0.3124832
3.488613 0.4457227
3.458257 0.4328591
2.975224 0.4831949
2.610308 0.06800118
2.876769 0.4743587
2.856311 0.3167451
2.930401 0.298904
2.715335 0.2293062
2.584785 0.1809775
3.125608 0.328116
3.96908 0.2379325
2.911787 0.4224225
3.136296 0.2217449
4.269876 0.3295704
2.959845 0.4926765
3.284906 0.4470218
3.222842 0.358779
3.285071 0.4159926
3.23873 0.4311186
3.734725 0.4037853
3.725162 0.2924782
2.968243 0.2455566
3.774118 0.4482864
2.895354 0.1421612
3.314157 0.1921365
3.354592 0.1220904
4.587006 0.1378026
2.949651 0.1609898
3.180925 0.4579365
3.554097 0.1987892
3.271876 0.2788883
3.408861 0.2994478
3.190564 0.1256663
3.167774 0.2556845
3.872283 0.1769821
3.029104 0.2166136
3.387255 0.3599611
3.677539 0.04020225
3.238616 0.1713907
3.305821 0.2765802
3.49535 0.3641572
2.765086 0.03930672
3.394025 0.4647257
2.984684 0.1870652
3.904817 0.3015955
2.837949 0.2145485
3.081549 0.440131
3.331142 0.2352723
3.285421 0.3351944
2.943952 0.1687347
3.915601 0.2712076
2.737317 0.1839473
2.868499 0.2255392
4.425154 0.3840173
3.763916 0.4550771
3.666014 0.2563807
2.743114 0.2852108
3.272143 0.2624457
2.522167 0.173089
3.249506 0.2997947
2.875673 0.3015292
2.914124 0.2408497
3.070216 0.3779434
2.989662 0.2097083
3.651651 0.30103
4.299412 0.1559731
3.163541 0.3256452
2.790941 0.4316219
3.512535 0.3884921
3.653172 0.3402241
4.83946 0.1962777
3.0563 0.1645879
3.860922 0.2755741
4.491686 0.3932602
3.506685 0.4545463
3.430067 0.1699303
3.464453 0.137889
5.099525 0.2998927
3.623939 0.4686192
4.017323 0.2392945
3.827907 0.2906833
3.490757 0.2851298
3.614899 0.4694177
4.099293 0.2052636
3.690971 0.3739783
3.081155 0.3059827
2.938012 0.418667
3.037758 0.1083816
3.521226 0.3472143
3.409656 0.1941616
3.356247 0.3213235
2.900005 0.09231955
3.431952 0.3345582
3.340366 0.1760024
3.001909 0.365914
3.060896 0.3957052
3.093323 0.4100327
2.799659 0.4746682
2.519693 0.2475705
3.275231 0.2285729
3.237621 0.1546609
3.327615 0.07645478
3.646135 0.2461898
4.348459 0.2557778
3.131176 0.2507577
2.938526 0.4044555
3.334526 0.4340435
3.632704 0.4202894
3.138429 0.3912887
3.185063 0.2503237
3.478073 0.2752704
3.014428 0.2774973
3.13864 0.1934575
3.107222 0.2047211
3.323459 0.313092
3.917077 0.4100704
3.130129 0.1993746
3.120085 0.1806243
3.458392 0.3190848
3.177892 0.411039
3.364027 0.3054703
3.296672 0.2345968
3.002038 0.3820999
3.043364 0.3782485
3.788059 0.4494501
3.62989 0.2204596
3.592492 0.4734787
3.030469 0.1462484
3.618389 0.3828673
3.087276 0.2802428
2.911717 0.2251607
3.148145 0.3299761
3.554079 0.3494453
3.430353 0.4069112
4.393502 0.07652432
3.611448 0.3689451
3.274454 0.2044301
3.327258 0.3289941
3.539103 0.2937891
3.286027 0.4954573
2.716627 0.3549749
2.783379 0.46153
3.114927 0.3429812
2.093706 0.4990642
2.695672 0.3017674
2.959411 0.3089989
2.55352 0.3107822
2.857903 0.2543784
2.835653 0.2003921
3.091223 0.448266
3.298989 0.4139409
2.408366 0.3678787
3.227385 0.4065412
3.03278 0.114352
2.891724 0.0586887
3.281348 0.4665566
3.775341 0.389894
4.096477 0.4794669
4.489709 0.354531
3.391111 0.1240776
4.047771 0.2503934
5.078122 0.4260688
5.155231 0.2108709
4.324387 0.3667653
3.891249 0.2434178
3.057576 0.3682444
3.185769 0.2751944
3.020291 0.2776207
3.507251 0.1988656
3.354817 0.2245388
3.560583 0.0793729
3.40245 0.2543282
3.874231 0.443296
2.766837 0.1860112
2.483843 0.3510833
2.993971 0.2272214
2.966476 0.3799515
2.904383 0.3291317
2.986098 0.3177027
3.004723 0.4406223
2.744203 0.1682938
2.88031 0.385701
2.630679 0.2161911
2.772683 0.4634284
2.713306 0.1237447
2.99025 0.1363156
3.120358 0.2101442
3.433477 0.3089098
3.613998 0.4197756
2.927348 0.224728
4.736238 0.1664483
3.384977 0.4928123
2.806253 0.2816746
2.995495 0.279848
2.852838 0.3420408
2.578351 0.2003505
3.07299 0.4703347
2.65159 0.1681991
3.318627 0.386033
2.981193 0.2562089
2.88867 0.3933398
3.036548 0.374712
2.614648 0.3391087
2.680482 0.09374375
3.153507 0.4309059
3.682936 0.4663672
3.329774 0.2848968
3.010579 0.1403907
2.826069 0.1471249
2.672751 0.4141691
2.547558 0.3256674
2.648191 0.3312535
2.921618 0.3225353
3.026715 0.3200459
2.849811 0.3460526
3.631935 0.1266299
2.969016 0.428266
3.500479 0.0779828
2.809136 0.4224023
3.117093 0.4531681
4.48826 0.4558667
2.946535 0.4907548
2.846921 0.4078281
3.276584 0.3216595
3.213284 0.4805467
3.434153 0.4737253
3.234147 0.1820861
3.524062 0.4006719
3.951418 0.04820722
3.524134 0.3325208
4.113897 0.4556143
3.539048 0.4138993
3.054544 0.4527348
2.881156 0.3785162
3.282696 0.3858734
3.459381 0.4250648
2.857563 0.1553711
2.461331 0.2244018
3.110709 0.4031281
2.858663 0.2170893
2.942153 0.2277905
3.09256 0.3482933
3.302264 0.1586173
3.266835 0.2014376
2.779402 0.3654549
3.159664 0.1353331
3.878105 0.1454617
3.630959 0.0666384
3.770129 0.2102826
3.232539 0.3659665
3.048711 0.4034368
3.190063 0.2638143
3.823865 0.225819
3.206689 0.3820194
3.072376 0.1527233
3.767212 0.2791736
2.911666 0.2813575
2.735522 0.3858997
3.023488 0.1148617
3.081028 0.1451487
3.319323 0.4043451
2.82976 0.3951742
2.968087 0.1933311
3.452644 0.2093158
2.963728 0.138171
3.397766 0.1743241
3.125845 0.4104269
2.792669 0.07468646
3.036945 0.3388364
2.68479 0.4070388
3.518046 0.3764796
2.729378 0.09057938
2.6654 0.2026233
3.326993 0.2126839
2.841155 0.1269989
3.295017 0.339794
3.302736 0.1433988
3.063249 0.216799
2.973808 0.1279744
2.808719 0.4640421
2.985155 0.4167564
3.154934 0.3435884
3.395299 0.4200502
4.012772 0.1522627
2.899172 0.3757189
3.621127 0.2528879
3.604541 0.1717251
2.855232 0.3543223
3.611054 0.273024
3.340019 0.14504
3.375281 0.161959
3.043644 0.3508216
3.39849 0.1456733
2.951388 0.07475245
3.574682 0.3477672
3.006666 0.06193468
3.403167 0.330321
3.144988 0.39748
3.166578 0.3327743
3.317473 0.412824
3.657825 0.2077075
2.455583 0.3727046
3.329988 0.2988369
3.763147 0.1171475
3.895917 0.07224247
3.36742 0.3540967
3.665596 0.2931061
3.63991 0.1410613
4.695351 0.2769579
4.601853 0.07707718
3.676717 0.3737991
3.222285 0.4472703
3.116123 0.4517002
3.17115 0.274104
2.62469 0.3341939
2.653205 0.3600448
2.808624 0.2366767
3.377694 0.4820126
3.745679 0.2896181
3.659304 0.1986615
2.616481 0.2034396
3.303148 0.4090957
3.525679 0.4000659
3.871334 0.3112613
4.071558 0.4459957
3.682628 0.2665487
3.472057 0.4081913
6.025941 0.3882116
9.470104 0.2948513
3.556995 0.318312
3.261207 0.2605069
3.832187 0.4441685
3.301426 0.4778188
3.260003 0.2519714
4.426655 0.3552588
3.825444 0.3638876
3.926518 0.477044
3.914081 0.09508554
3.099187 0.2913189
3.220506 0.1018215
3.269454 0.221239
3.137627 0.2435994
2.985783 0.4634694
2.95076 0.404596
3.328613 0.4313946
2.984872 0.2840008
2.769513 0.1975471
2.916369 0.2388884
2.690867 0.4765543
3.463357 0.3447844
3.320316 0.3557874
3.340711 0.3056776
3.450464 0.08244513
3.307729 0.4619553
4.05928 0.2628559
4.09426 0.168953
3.362285 0.4982656
4.196494 0.3374794
3.194798 0.2420541
3.53242 0.2835324
3.694888 0.1327105
3.9044 0.344129
5.446452 0.1157974
3.559461 0.304152
3.54923 0.2110394
4.279233 0.4441952
3.313976 0.4289743
5.206619 0.2435941
4.374127 0.3436526
3.498081 0.4512097
3.492914 0.09912595
3.986773 0.443137
3.17425 0.3602377
3.881144 0.2493577
3.455492 0.3902978
4.257553 0.07418056
3.82946 0.4681865
3.670221 0.2990552
3.181332 0.06865696
3.008047 0.4458595
4.174002 0.3776733
2.748738 0.141452
3.169268 0.1509737
3.988284 0.4182251
4.035862 0.1571931
3.924995 0.1062757
3.667124 0.4455093
3.284176 0.2921665
3.74673 0.2263077
3.22325 0.08887191
3.012087 0.3219558
3.024104 0.2445829
2.815611 0.3921917
3.021146 0.1930439
3.207407 0.4351253
3.421628 0.2094028
3.043075 0.2861293
2.947694 0.4339332
3.35522 0.2553644
3.015517 0.1694995
2.984773 0.03508497
3.620903 0.09149957
3.441503 0.2071723
3.196634 0.4271581
3.848284 0.2133058
3.55069 0.1111242
3.327082 0.314052
3.809023 0.2015964
2.580568 0.3244398
3.374407 0.4396396
3.06336 0.1655216
3.614848 0.4688655
2.774227 0.2764125
2.877964 0.08529209
2.670221 0.4503402
3.171586 0.4289573
2.925143 0.2176554
3.092783 0.4545597
2.860616 0.4280685
3.178467 0.2264873
3.345851 0.4210342
3.650429 0.207001
3.620488 0.1169384
3.281774 0.3599386
2.962158 0.369873
3.142685 0.07379046
3.873141 0.05546812
3.223659 0.1375423
3.665279 0.1067927
3.771111 0.2659552
2.905306 0.1903685
2.538091 0.1803055
2.573478 0.4132475
2.407602 0.4080512
2.221375 0.4818784
2.914575 0.2962149
3.812602 0.214955
2.934285 0.4995611
3.214917 0.12124
3.89127 0.3751757
3.854346 0.4542984
3.644274 0.4301294
2.684774 0.335293
3.674622 0.2420556
4.318931 0.2338863
3.15282 0.3119874
3.763991 0.166127
3.870437 0.3383753
3.550432 0.1854674
2.867212 0.254602
3.412799 0.2788841
4.179663 0.3311671
3.346981 0.1121646
3.904238 0.3389783
3.555603 0.4049722
4.300365 0.4575617
2.632806 0.2576214
2.379249 0.2793553
2.888023 0.3049285
2.847753 0.2103653
3.273872 0.4509038
2.639682 0.419481
3.384605 0.4726205
3.238782 0.1614051
3.871897 0.1746325
3.546897 0.4279677
3.563446 0.2345261
3.064456 0.388519
3.513799 0.4678929
2.782816 0.0805981
3.548916 0.3558766
4.072732 0.4327432
3.939144 0.3180281
3.835373 0.2695068
3.670354 0.4153717
3.846506 0.4866963
3.785567 0.3341667
3.740231 0.2742458
2.58987 0.2009474
3.432859 0.3821268
4.625649 0.2304728
3.477201 0.3010658
3.835661 0.1734729
2.997822 0.145231
2.387571 0.3028848
3.209139 0.4793085
3.503303 0.4693949
3.868823 0.03733748
3.081274 0.3493154
2.588731 0.2100692
3.16129 0.4292967
3.504951 0.09514072
3.112388 0.174583
3.542757 0.3646876
3.728785 0.1071243
3.310331 0.3811962
4.053047 0.4603446
2.719002 0.2307841
3.911633 0.40079
2.730551 0.4873803
3.095536 0.1892846
2.356987 0.4269885
2.590299 0.1202718
2.709674 0.4295315
2.804558 0.4979765
2.869841 0.4102395
3.420462 0.4965373
3.165288 0.08137782
2.816089 0.412336
2.864547 0.3296257
3.13822 0.2304269
2.969386 0.2533207
3.232346 0.3978166
3.043041 0.3182483
2.917388 0.3195321
3.073902 0.3269066
3.84859 0.1556986
3.879054 0.475447
3.181542 0.09391488
3.33629 0.3806719
3.45749 0.1858933
3.245784 0.1673046
2.861457 0.3263507
3.314146 0.2927936
4.388689 0.1610619
3.508632 0.3308002
3.854835 0.2163435
3.152775 0.2094202
3.294618 0.120584
3.444677 0.200629
3.435191 0.3042687
3.447008 0.4484363
3.17851 0.3249054
2.909046 0.2603345
3.622243 0.3161033
2.866791 0.3658788
3.472225 0.02950098
3.286459 0.3695543
3.205158 0.2862195
3.117204 0.4470223
3.414675 0.4806321
4.047221 0.1310816
3.096549 0.2140793
3.083252 0.4203801
3.216208 0.3610664
2.849272 0.2043509
3.14776 0.125789
3.696915 0.2648537
3.372887 0.1693268
3.079539 0.3921057
4.072598 0.1243511
4.249813 0.449425
3.529954 0.1064818
3.370171 0.183733
4.678792 0.4035428
3.035093 0.2643721
3.999215 0.154199
3.126952 0.4176756
3.156683 0.06442367
3.122163 0.0537543
3.41234 0.2133908
2.991868 0.4225217
2.913291 0.3751667
3.520292 0.1212188
2.888318 0.4755658
3.754804 0.3538972
2.975248 0.1177272
2.764728 0.3309531
2.752336 0.3081201
3.281786 0.4491635
2.656008 0.4053697
3.23595 0.395067
2.965629 0.2163683
2.988483 0.3972124
3.868333 0.3315961
3.243568 0.2992728
3.349516 0.3563672
3.196362 0.2800547
2.84833 0.4458428
3.203135 0.2517691
3.404288 0.4544919
2.721145 0.3521693
3.003145 0.4916362
3.155989 0.3576429
3.106546 0.1300619
3.028851 0.1053939
3.261622 0.3784127
3.700448 0.2757272
2.67049 0.2069241
3.184188 0.2067522
2.86556 0.1574264
3.43692 0.1078635
3.507697 0.2609109
2.753735 0.4541828
3.837664 0.1399951
4.895174 0.06027801
3.570438 0.4403669
3.569534 0.2975151
3.417386 0.2884888
2.939715 0.3576112
2.970034 0.4082334
3.780374 0.4034149
4.642846 0.2117162
3.716002 0.4725663
3.247849 0.3072278
3.151322 0.3876841
4.010864 0.2883915
2.914141 0.3619608
2.802972 0.0600996
2.852986 0.4457249
3.372524 0.1608726
3.056502 0.3266111
3.201474 0.3830597
2.938849 0.3951973
3.437904 0.4966688
3.717588 0.2465255
3.281799 0.4800222
3.798569 0.2640791
3.102156 0.243216
3.530148 0.1770602
2.953991 0.09413912
3.239173 0.3294117
3.475186 0.15704
3.343616 0.3148775
3.492135 0.1629332
3.051268 0.4759391
3.996437 0.4976028
3.427909 0.278516
2.51501 0.4653786
3.06354 0.1022856
2.808873 0.244046
3.7099 0.0882949
3.088882 0.2938497
3.192657 0.3128481
3.996646 0.1369481
3.281385 0.1715033
2.802806 0.4520993
2.893566 0.2161063
2.918161 0.4476121
3.255198 0.1278616
3.575899 0.2414683
2.900631 0.3735039
3.969147 0.2362333
3.394823 0.2358848
3.312584 0.4561399
4.619566 0.4803177
3.04724 0.4199666
3.852902 0.2617361
3.170846 0.1515383
2.675919 0.399399
2.673568 0.1384084
2.815407 0.4663065
3.38356 0.1441856
3.17248 0.1596504
3.450248 0.2204014
3.139106 0.30656
3.450129 0.4260066
3.064532 0.3797475
3.052909 0.253458
3.104885 0.08508607
2.900484 0.1606348
3.35879 0.06001507
3.310072 0.4459908
3.12284 0.1032668
4.047306 0.162813
3.31295 0.3287877
3.512928 0.2732455
4.280191 0.252061
3.41868 0.3199544
2.551646 0.4231017
3.400498 0.4051751
3.723091 0.1283796
2.860133 0.2414024
3.417492 0.3511743
2.635093 0.4276344
3.079741 0.364655
3.451619 0.2344342
4.982664 0.08778866
6.681319 0.2752536
7.945472 0.155137
7.360142 0.4872052
3.150144 0.2633164
3.496178 0.1360103
3.550968 0.2587474
4.163926 0.3839466
3.222042 0.1253741
3.25471 0.1839521
3.909005 0.3431982
3.517472 0.1971555
7.425889 0.10383
8.863847 0.1097787
7.240199 0.1953214
3.657612 0.1183482
3.536992 0.4206867
3.470764 0.4842244
5.02867 0.3615956
4.165784 0.4408815
5.281987 0.1933628
4.508171 0.3118727
3.456655 0.1611877
3.485456 0.1213555
3.428693 0.236385
3.782316 0.2435243
3.485569 0.3581283
3.85374 0.2016363
3.35858 0.2600535
3.665132 0.2642266
3.359752 0.3393947
2.994769 0.2355877
3.03346 0.4916543
2.5988 0.4247405
2.710613 0.3341844
3.370026 0.2312422
2.633399 0.2288804
3.187218 0.203534
3.391371 0.3152685
3.239627 0.1339624
2.887968 0.207847
2.743077 0.3615013
3.074762 0.2945088
2.787453 0.309567
2.716164 0.2968344
3.333697 0.2708677
2.796499 0.1774134
2.930721 0.08130129
3.766075 0.1419128
3.02262 0.2898921
2.761577 0.3808934
3.855263 0.257083
2.843455 0.2253937
3.322228 0.2205805
3.371234 0.4050596
3.732629 0.1605491
3.132633 0.3075155
2.750645 0.3447973
3.354172 0.4059551
3.105742 0.1393601
3.45771 0.4559631
3.528331 0.1242056
3.523713 0.2632181
4.477368 0.2596049
2.981701 0.105018
2.68366 0.4121815
2.973653 0.1126018
2.675237 0.4190963
2.892219 0.2645283
3.242756 0.1877118
3.055372 0.2836174
3.182278 0.1867347
3.000136 0.2612487
3.39171 0.1962254
3.645108 0.4868879
3.596716 0.09201292
3.213697 0.4208006
3.44203 0.3386998
3.125132 0.1213934
3.378306 0.3735679
3.16799 0.08143049
3.675604 0.1263614
3.891688 0.1613785
3.461037 0.3971203
4.1274 0.03625446
3.04803 0.1367501
3.194937 0.2599771
3.724257 0.3814559
3.046414 0.377877
4.198033 0.4068137
3.498054 0.2013123
3.582426 0.4363736
3.891078 0.08346586
3.258991 0.3623006
3.075716 0.4090938
3.359073 0.2103164
3.519135 0.3307391
2.901199 0.2630844
3.031708 0.187731
3.310802 0.04095887
3.438203 0.3399975
4.858804 0.4837982
3.145026 0.4311817
3.363248 0.2693865
3.283081 0.08629796
3.287102 0.07790666
3.35402 0.126277
3.680737 0.2707447
3.443613 0.2663155
2.912602 0.3363493
3.633317 0.4833626
4.205251 0.1516412
2.966968 0.3212463
4.696385 0.3818828
3.268919 0.3534183
2.917422 0.3508065
2.729987 0.3077773
3.455524 0.1712671
3.657787 0.393276
3.356215 0.4210485
3.294509 0.1534502
2.947029 0.4132197
2.682053 0.3213607
2.802389 0.3058959
3.017175 0.3466569
2.952741 0.02135256
3.401341 0.4180723
2.970668 0.04019701
3.471139 0.3490627
3.05381 0.2290601
3.391848 0.3951561
2.75067 0.3340237
3.094008 0.2403089
3.553146 0.4223308
2.671929 0.3918068
2.87817 0.4466669
2.956695 0.3715062
3.149672 0.4301487
2.576046 0.2212697
2.556013 0.4007703
3.109115 0.3079103
2.985641 0.3676923
2.898488 0.2923955
3.273849 0.1620586
3.352197 0.2252661
3.383001 0.1058102
3.212838 0.329551
2.383434 0.2608951
3.121844 0.08987941
2.557126 0.3235844
2.698272 0.4880114
2.898301 0.3589274
3.164484 0.1230754
2.759566 0.404697
3.429763 0.323735
3.568696 0.4738441
3.211681 0.1260435
3.458531 0.2048744
3.654091 0.2636929
3.918256 0.2491794
3.235347 0.4148765
3.188006 0.07598709
3.080846 0.3692907
2.93659 0.4515689
3.82311 0.4986558
3.406021 0.2609626
3.674268 0.1071352
3.492806 0.4232608
3.356444 0.4650639
2.743237 0.3444788
2.609823 0.2884203
2.989915 0.2530776
3.025867 0.370362
2.894468 0.4955039
2.813301 0.3026724
2.816903 0.4240396
3.243348 0.2994113
3.364609 0.1592668
3.276161 0.4630018
2.958079 0.408915
3.842313 0.2855554
3.631951 0.422753
3.863994 0.4956393
3.689092 0.2698418
3.388511 0.1246618
3.5605 0.2225754
6.040637 0.2012622
4.851163 0.2767422
2.94709 0.4502837
7.053178 0.0690824
3.764713 0.2726368
3.497735 0.4053379
3.223303 0.4833543
3.069608 0.2243002
2.684037 0.4397035
3.533173 0.2771499
2.730563 0.1369333
3.178376 0.4072396
2.886463 0.4878193
3.120587 0.3515633
3.957225 0.2506846
3.494023 0.4110909
2.781847 0.1026129
2.687569 0.1439458
3.111806 0.1064256
3.544194 0.3425962
3.5261 0.246737
3.700376 0.2421011
3.514957 0.4769614
3.733304 0.24136
3.4375 0.2580346
3.865596 0.477981
3.804407 0.1722007
3.260518 0.1650453
3.682504 0.4049057
3.492411 0.4146127
3.899848 0.2864349
4.938518 0.08895277
6.52567 0.08442484
5.116164 0.1979403
5.064678 0.1373399
3.655957 0.1818613
2.919993 0.2282341
3.511693 0.4174959
3.105563 0.07689582
3.326679 0.4241501
3.348693 0.3194961
3.72848 0.4558624
3.945228 0.2530238
5.724455 0.2306083
5.567797 0.3071598
3.828847 0.4473338
4.014371 0.3078095
2.902077 0.1357533
3.135201 0.09612166
2.530985 0.093981
2.669146 0.4594207
2.78612 0.281778
2.772409 0.3049382
3.952182 0.2815482
3.617181 0.3177629
4.696171 0.3468464
4.234346 0.3193835
3.178451 0.1572362
3.531735 0.4145272
4.051878 0.1918014
3.898918 0.3915129
4.934727 0.1690915
4.366197 0.1356896
5.462206 0.3061221
3.327628 0.3408422
3.657296 0.3229951
3.331714 0.2140854
3.487601 0.2842836
3.387506 0.3951085
2.825548 0.2080473
2.696085 0.3718846
3.223365 0.2864852
2.650855 0.3052017
2.643385 0.4136331
2.887058 0.3626263
2.733052 0.4988698
2.898994 0.1896914
3.222277 0.1026231
3.114815 0.4948821
3.737177 0.4882075
3.114307 0.339765
3.13175 0.07855492
2.795712 0.1860225
2.850933 0.1895506
3.180583 0.1491306
2.952651 0.0641938
2.808331 0.3741032
2.792039 0.3207221
2.812153 0.140248
3.644496 0.2543957
3.002829 0.4555038
3.013145 0.2094558
2.822728 0.3944106
2.724196 0.1874151
3.42379 0.07806554
2.705969 0.3602019
3.897613 0.2959383
2.772004 0.2677682
2.385128 0.2133917
2.864318 0.2521779
2.341514 0.3333115
2.706435 0.3803957
2.923184 0.1132467
3.633457 0.08766712
3.677137 0.3098316
3.635056 0.343838
2.613813 0.3273942
2.987753 0.3408579
3.005627 0.3188488
3.63154 0.4911625
3.074988 0.452086
3.029023 0.1018812
3.607893 0.2206181
4.500087 0.3837921
3.644554 0.4899307
4.836377 0.4010121
3.364476 0.2499382
3.187214 0.2138361
3.272119 0.071718
3.434496 0.4994199
3.582379 0.3006972
5.482144 0.3696033
3.85678 0.1405967
5.586321 0.3362541
4.577117 0.4072997
3.137474 0.2119712
2.989575 0.4078815
3.218644 0.3306552
6.183714 0.1413665
5.652084 0.2932597
4.033548 0.2682833
5.114071 0.1470685
3.392943 0.2102499
4.090684 0.3568459
3.872476 0.4297738
3.666431 0.37419
3.393749 0.409848
3.520817 0.2906563
3.498233 0.1288753
4.63337 0.3550391
3.136004 0.3423676
4.92543 0.2051824
4.845619 0.2792585
5.572184 0.4274627
5.140903 0.2464817
4.414331 0.2746822
3.47847 0.359896
2.804292 0.134591
3.413445 0.1559937
2.8508 0.4748872
3.149621 0.3370166
3.026454 0.2404268
3.887251 0.33697
4.64578 0.09308264
3.719185 0.05530326
4.246905 0.08704043
3.502268 0.1977024
2.979177 0.05702395
3.605668 0.09670295
3.361937 0.1378161
3.140938 0.4325434
3.033529 0.2131453
3.06464 0.2065926
3.378404 0.2123894
3.245635 0.442643
2.988989 0.2556665
3.624469 0.3546379
3.824669 0.2267113
3.322586 0.2622522
3.061432 0.1615136
4.306895 0.2426341
3.627325 0.09129189
3.35405 0.2063689
3.283132 0.2073947
3.631743 0.03632956
3.425063 0.1789458
3.079868 0.2307702
2.979078 0.06967837
2.590296 0.4250712
2.671209 0.4123599
2.773457 0.3313286
2.902096 0.2139618
2.861233 0.458207
2.65181 0.3809241
4.2211 0.360155
3.602378 0.3306915
3.207144 0.372047
2.920663 0.3372998
3.038062 0.2341195
3.826186 0.4496491
3.475439 0.4373836
3.279275 0.3702163
2.625995 0.2503982
3.444262 0.2150168
3.906562 0.4637369
3.742263 0.2998383
2.959936 0.4334146
3.805072 0.4694113
3.630035 0.2913435
3.152527 0.2074928
3.770016 0.07372123
3.610665 0.2986451
3.35464 0.2803735
3.254567 0.2650841
3.570032 0.4312997
4.241053 0.3036098
3.352014 0.1487612
2.515426 0.0888839
2.592059 0.1980686
2.949612 0.3796104
2.729889 0.1692149
2.732626 0.3168387
3.539395 0.4312527
3.180089 0.3828084
3.21711 0.1787039
3.220494 0.3686453
2.405525 0.1947928
3.394802 0.1884382
3.055103 0.3826557
2.491372 0.3955497
2.494009 0.3099168
2.503364 0.2908628
2.097784 0.4865914
2.736449 0.31699
2.574266 0.3177671
2.699382 0.3297537
2.490488 0.3045171
2.93796 0.2991688
2.968986 0.3051644
3.014479 0.1878697
4.133871 0.2942501
3.946347 0.4016099
3.300539 0.4633396
2.810284 0.1337906
2.799849 0.3594589
2.925635 0.4381163
3.215181 0.2591087
3.062654 0.1816668
3.662148 0.4067656
3.141973 0.3134132
3.75719 0.400322
3.939189 0.2077394
2.762368 0.2034011
2.980944 0.4561427
3.690414 0.1579991
3.320872 0.3919748
3.189796 0.4993561
3.317273 0.162083
3.129868 0.1884098
4.849089 0.1542561
5.630921 0.3733091
4.521071 0.2092441
4.127611 0.3933487
3.366193 0.2673635
4.049298 0.4854342
3.877396 0.2294948
3.053266 0.2678673
3.917023 0.3648581
3.218691 0.2792439
4.082207 0.3269507
3.074537 0.09855226
3.11576 0.494186
3.456554 0.2827781
2.797756 0.3752943
3.393357 0.114466
2.735355 0.425469
3.140536 0.3504394
2.621257 0.4624938
2.765524 0.4740455
3.207691 0.2578458
2.592955 0.168878
2.612148 0.1790158
3.711074 0.4338864
3.869319 0.2655318
3.923114 0.4480928
3.449738 0.3546772
3.60479 0.3623306
3.563653 0.3777378
3.71745 0.4749962
4.022018 0.3680117
3.951876 0.2945671
3.789521 0.1866991
3.18187 0.4914802
3.204366 0.2191486
3.239724 0.2177411
3.38718 0.3673009
3.627209 0.2023824
4.225808 0.1735043
4.519212 0.2123731
3.553588 0.2527883
4.275382 0.2432529
3.822212 0.3283281
3.150169 0.2767971
3.320537 0.2288833
2.957718 0.4708936
4.978499 0.3816509
3.395107 0.2770928
3.101475 0.04868721
3.309142 0.4534291
2.890079 0.2056405
3.625852 0.03019619
2.906631 0.1632228
3.113032 0.470125
2.732256 0.1403804
3.118393 0.08543449
3.006009 0.3408677
3.374454 0.2242812
3.367504 0.3602916
3.007624 0.3033395
3.079324 0.2170338
3.929861 0.1457491
3.628657 0.2328355
3.01128 0.417665
3.235371 0.3930863
2.850986 0.1249227
3.130737 0.2699289
3.613849 0.1289148
2.810609 0.2031178
4.100736 0.167658
3.275729 0.1070315
3.303587 0.06282797
4.032286 0.1498569
3.609258 0.2309958
4.644823 0.4293766
4.383756 0.3513738
3.522949 0.1494337
3.106149 0.2433789
2.976787 0.3664744
3.251763 0.210258
3.039962 0.2754493
2.719658 0.3912492
3.429318 0.3395428
3.180624 0.4249546
2.834173 0.4567298
2.856924 0.2869515
2.473476 0.4636513
3.342708 0.3345222
2.66529 0.06088602
3.026399 0.4943798
2.876047 0.4462427
3.025708 0.2716786
3.055309 0.2163159
3.136033 0.3105968
3.277878 0.4259294
3.454947 0.164988
3.517056 0.0950048
3.960289 0.2247623
2.871077 0.0897714
3.649885 0.401376
2.942073 0.4179153
3.038766 0.3569
3.66138 0.1074183
3.370407 0.3833514
3.442108 0.324831
3.338771 0.1148812
4.21994 0.4882591
3.91711 0.4584683
2.571351 0.2976896
4.028199 0.09965206
3.041153 0.1937228
3.198341 0.08326344
4.422818 0.3551466
4.964128 0.4696634
3.304495 0.4688909
2.756517 0.3656689
3.080825 0.3438037
3.237528 0.3937137
3.082626 0.2018529
2.94162 0.4026612
3.662904 0.1634444
3.362533 0.2242445
2.86387 0.2470707
3.134657 0.4097975
3.203863 0.3516161
3.076173 0.4218479
3.467462 0.1476697
3.07564 0.4695097
3.607074 0.3347416
3.350325 0.08969588
2.947392 0.4814894
2.561302 0.1491159
3.525456 0.2479579
2.682683 0.2324554
3.303351 0.1239223
3.054015 0.437579
4.401574 0.2343099
3.510512 0.1122147
3.48458 0.2255512
4.249962 0.1912295
4.263662 0.224528
4.287133 0.2630073
3.975521 0.2242702
3.769409 0.3940162
3.810881 0.1856775
3.239835 0.1012998
3.872224 0.175259
2.958268 0.05116246
2.831622 0.4808191
3.405517 0.180046
4.270836 0.4711526
3.400607 0.3480672
3.014214 0.2381491
3.668116 0.3709637
3.924294 0.2426494
3.609153 0.441058
3.738293 0.355919
3.796996 0.07449567
3.876519 0.2325342
3.557787 0.3562505
3.153795 0.2380663
3.291505 0.0679133
2.799982 0.4718579
2.851418 0.1454023
2.654277 0.4602521
2.762163 0.3904212
3.014178 0.4991867
2.815454 0.4093765
3.564384 0.3444904
2.91921 0.4535566
3.474847 0.1266172
2.834419 0.2742225
2.959672 0.3573226
3.428143 0.3829153
2.961886 0.4628171
2.994882 0.4853652
3.031691 0.2954697
3.231002 0.3068411
4.246268 0.2825989
3.859925 0.2251055
3.249492 0.1228427
3.857383 0.3632017
3.109675 0.3537289
2.61472 0.373759
3.660261 0.3083131
3.73014 0.155611
3.632348 0.2869845
3.138344 0.4992691
3.368553 0.4489301
3.328511 0.2064412
3.249197 0.3220032
3.241981 0.09042203
3.233622 0.3751886
3.134327 0.265292
3.623299 0.03447635
3.300493 0.08915051
4.442744 0.3501832
3.723813 0.3202969
2.85252 0.4234262
3.422422 0.4470915
3.153475 0.1950747
3.301672 0.3731195
3.477534 0.2971442
3.884975 0.2306799
3.068867 0.3451068
3.751202 0.3786718
3.497651 0.1032452
2.954019 0.3504646
2.796083 0.469594
3.116067 0.1699649
3.473394 0.2505569
3.047066 0.2159653
3.230523 0.4802463
3.208629 0.09319794
3.251851 0.3724696
3.428197 0.1348367
2.789232 0.4703482
2.819828 0.1073938
3.13518 0.1897574
3.404174 0.2174291
2.764726 0.3175977
2.673353 0.3319201
3.123144 0.4252758
2.720058 0.1626748
3.072441 0.09342133
2.777278 0.3821241
2.755169 0.0958413
3.504702 0.1090456
3.482659 0.1206253
3.254623 0.2586627
3.800153 0.2407746
2.954062 0.1554508
2.998643 0.1477881
3.193619 0.09581169
3.107769 0.2757845
3.623788 0.2204307
3.075741 0.4924359
2.707332 0.2762048
3.302743 0.360054
3.189942 0.2760338
2.581268 0.179266
2.62626 0.3816326
3.206665 0.1090919
3.111379 0.4121374
3.322307 0.4265173
3.160405 0.107431
2.803775 0.4060747
2.710726 0.429622
2.725806 0.2926127
3.22269 0.4233062
3.780503 0.1167714
3.954929 0.1364438
2.921856 0.4194665
3.012562 0.189901
2.86656 0.4768512
2.868047 0.1398813
2.537615 0.4821759
2.647951 0.3849344
2.722802 0.422764
2.749486 0.3830812
3.007522 0.06028111
2.956584 0.4234579
2.426095 0.1859415
2.556717 0.4577667
3.021934 0.3491281
3.033654 0.3394612
3.108487 0.3415828
3.484518 0.484421
3.162615 0.2840959
4.455472 0.1853477
3.776633 0.3763155
3.689555 0.2407257
4.407242 0.06814539
3.263575 0.195079
3.448823 0.2146433
5.616214 0.1102467
6.7197 0.4688131
4.074159 0.4800613
3.547014 0.2519857
3.425225 0.2139024
3.652209 0.1765047
3.83933 0.3360431
3.507706 0.1297764
3.875621 0.07281326
2.615275 0.3469957
3.319992 0.1479972
3.179572 0.4336196
3.93671 0.3731872
3.929242 0.4272918
3.297929 0.3583514
3.140315 0.2200113
2.99179 0.1331717
3.454921 0.2121171
3.30818 0.3805305
3.340291 0.2085726
4.11079 0.1576501
4.319622 0.2315141
3.332148 0.3485311
3.511036 0.4406001
3.315101 0.1372191
3.108589 0.4969543
2.634674 0.1388401
2.750956 0.188705
2.575255 0.2411706
3.642353 0.3633772
3.11984 0.232467
3.258112 0.4230046
2.800292 0.436319
3.070133 0.4780873
3.372473 0.1751347
2.648895 0.1913149
2.732756 0.3109323
2.936948 0.4977447
2.781087 0.1828032
2.807158 0.3266684
2.93392 0.4671535
3.71209 0.4706461
3.12912 0.2139611
3.232078 0.3908964
3.358329 0.2191054
3.284874 0.4145887
3.217031 0.3423023
2.933033 0.2159546
3.694017 0.4912887
3.821556 0.4597412
3.80616 0.1366346
3.475098 0.4057249
3.562038 0.2590807
4.3801 0.3515107
3.266043 0.4330824
2.904986 0.3440888
3.113687 0.4000228
3.719107 0.1964375
3.272769 0.1991631
2.933205 0.3099701
3.3116 0.08244426
3.020848 0.4789638
3.050914 0.4399844
3.689871 0.2382926
3.095887 0.1451423
3.863891 0.2322474
4.033445 0.2450315
3.299362 0.3873065
3.034816 0.07726561
3.206048 0.4410487
3.176713 0.4836559
3.192606 0.18145
3.18868 0.1483
3.105544 0.4477101
3.072512 0.4413348
2.847924 0.4576548
2.865116 0.2007378
2.837821 0.2628071
3.311009 0.3595697
3.451615 0.2371809
3.452794 0.4446921
3.561948 0.3590477
2.966971 0.3243993
2.919979 0.1706795
3.12409 0.377015
3.987555 0.4503186
3.743521 0.4747351
4.617933 0.08083522
2.972256 0.4360242
3.098012 0.4905228
2.624759 0.3642483
2.95455 0.3191458
2.699102 0.3817392
3.793088 0.3396135
2.796223 0.4343978
3.177552 0.3740236
3.775828 0.2124906
3.221453 0.2237789
3.447652 0.332046
2.747134 0.3604196
2.966663 0.3716583
2.885457 0.4998501
2.603321 0.206548
3.76816 0.2932153
3.64676 0.3508745
3.336796 0.09515501
3.328573 0.2768831
2.821409 0.4239508
3.403129 0.4549777
3.151881 0.3692691
3.454447 0.2192188
3.588755 0.08033218
3.431614 0.45634
3.320451 0.3816353
2.969444 0.2721994
3.365719 0.252565
3.791378 0.3663486
3.618596 0.09405885
2.978982 0.2985185
2.9049 0.4915153
2.847481 0.1271991
3.162337 0.1543744
3.20735 0.399163
3.444853 0.2231807
3.874791 0.1714595
3.735811 0.1003146
2.929473 0.3481384
2.881266 0.2759967
3.479996 0.1413599
3.262676 0.1211308
3.711674 0.1847616
3.185237 0.2859093
2.873406 0.1173959
3.321625 0.3988603
2.955376 0.2101371
3.192681 0.1546422
3.118808 0.1666286
3.593365 0.3796314
3.738924 0.1734814
3.588087 0.3751914
3.475092 0.3736956
3.822132 0.2625593
3.451637 0.2298354
3.683215 0.1451861
3.644396 0.07465659
4.326291 0.1514702
6.250267 0.3347929
3.382369 0.226886
3.375498 0.4850207
3.829397 0.255541
3.736576 0.08662877
3.764936 0.324238
2.877398 0.4703813
2.941733 0.2143582
2.5186 0.4604952
3.01694 0.08022976
2.785916 0.1363394
2.735368 0.182876
3.435439 0.4972331
2.792982 0.4697402
3.468485 0.353756
2.994066 0.4544038
3.469048 0.4094039
3.497963 0.2868283
2.995605 0.4672394
3.663361 0.3655635
3.374704 0.1061318
3.804731 0.1970072
3.517883 0.1063121
3.463277 0.1967504
3.226088 0.254751
3.092872 0.2840768
3.592212 0.3120457
2.830336 0.4710223
3.137851 0.3113237
3.179416 0.201521
2.654213 0.1934897
3.235777 0.381924
3.059009 0.3572891
4.105745 0.1504294
3.167353 0.3368979
3.24674 0.3815884
3.659269 0.3717004
3.094258 0.4020187
2.8221 0.06264711
3.095714 0.3316143
3.342789 0.4985872
3.704346 0.207766
3.474118 0.1027614
3.500417 0.1171
2.427583 0.3911689
4.569828 0.3347334
4.453884 0.201672
2.52741 0.4410107
2.567162 0.4558614
3.174237 0.1799482
3.050359 0.4560841
2.631616 0.2823371
2.733544 0.1748949
2.789962 0.2852588
3.001736 0.472542
4.959583 0.1069574
2.953934 0.387392
3.806362 0.3497465
3.200551 0.440356
3.740862 0.1531114
3.186759 0.1440636
2.802355 0.3545812
2.978145 0.437359
3.153056 0.2885544
3.242728 0.2419196
2.411041 0.3034082
2.920502 0.3713848
3.141763 0.1349063
2.923845 0.1038693
3.553622 0.1189895
3.303967 0.3780372
3.8037 0.4751091
3.105567 0.1245466
4.319967 0.1734695
6.373791 0.3807804
4.373215 0.3841048
3.691582 0.3622648
3.021959 0.3374905
3.341858 0.142859
3.136751 0.1849719
3.235808 0.4640442
2.998402 0.2875352
2.774302 0.3308311
3.330749 0.1790392
3.132415 0.1892425
2.547623 0.1054194
2.585882 0.3824137
2.615445 0.3511679
3.864039 0.347953
3.068661 0.4974629
2.998059 0.3030443
5.579884 0.3105873
3.111732 0.4321487
3.111955 0.2645369
2.701551 0.1258448
3.438239 0.2496885
3.207443 0.1882673
3.768295 0.4681017
3.005213 0.2075308
3.331106 0.2805229
3.916165 0.3670062
3.273941 0.2547522
3.740117 0.1711001
2.953629 0.1605713
2.823139 0.289278
2.994576 0.484407
2.662508 0.1042965
2.611597 0.3748264
2.96203 0.2892378
3.528676 0.4223433
2.93706 0.2537799
3.260282 0.1541339
3.338216 0.05190882
3.314953 0.4917543
3.664706 0.4904295
3.407327 0.2952284
3.348098 0.3607747
3.428186 0.2305266
2.968313 0.1749396
4.47838 0.3202524
2.913049 0.2913686
3.473428 0.4758862
3.355296 0.1806464
3.01339 0.4903056
3.156581 0.4445967
3.096391 0.4721429
2.730037 0.1045199
3.059268 0.1990257
2.680975 0.202489
2.864023 0.454481
4.598754 0.4838096
4.382269 0.4546572
3.181794 0.2935669
3.026803 0.2008844
3.080881 0.4986317
3.702023 0.4394914
3.487764 0.0554028
2.613051 0.4218932
3.211028 0.373185
3.516153 0.493813
3.307543 0.2627503
3.642785 0.1450086
3.59223 0.1395393
3.764793 0.4963233
3.547392 0.4617792
3.732726 0.332659
3.167694 0.4791811
3.027677 0.4251027
2.982462 0.1939416
2.917887 0.3457624
2.8818 0.2764437
3.276546 0.4942951
2.819534 0.2159889
3.363452 0.2865949
3.171233 0.06657226
3.184222 0.0315929
3.296662 0.2799397
2.860587 0.1832652
2.741918 0.3706681
3.35469 0.4634485
2.75329 0.219132
2.826809 0.08568232
3.139269 0.07555913
3.678026 0.4284224
3.599771 0.09189508
3.03985 0.09148586
2.802322 0.4402097
4.169854 0.2704998
3.018588 0.4182105
3.029 0.3460862
3.399382 0.2673713
2.809832 0.4202502
3.674261 0.2330398
3.209452 0.1454183
2.812323 0.4109074
4.000704 0.4430776
3.884404 0.4583817
3.430552 0.1302886
3.356545 0.2998083
3.183928 0.384349
2.662449 0.1933856
2.719509 0.3955988
3.038492 0.1236282
3.281446 0.1504288
2.854399 0.2903065
3.068334 0.309846
3.237427 0.2454976
3.354973 0.2870069
3.263342 0.195012
3.226161 0.3720739
3.611497 0.1537877
3.387523 0.02297798
4.091757 0.3598606
3.778668 0.2344791
2.9338 0.2214882
3.477663 0.1676183
3.9087 0.3142829
2.951712 0.460185
3.156672 0.1212346
3.258009 0.1664995
2.871399 0.2702618
3.542582 0.1626215
3.596963 0.1694976
3.298605 0.1527266
3.667512 0.3333547
3.051067 0.09542254
3.071487 0.4347119
2.853466 0.239166
3.539706 0.2623684
2.791245 0.2450602
2.890857 0.3125424
3.511443 0.485641
3.508687 0.2624579
3.485814 0.05566179
3.438405 0.2006245
3.771551 0.4203708
3.12815 0.4397
3.51837 0.3909075
3.55347 0.1816939
2.941753 0.3482839
3.865426 0.1773785
3.275481 0.1787314
2.598763 0.1054177
2.827087 0.3988551
3.060118 0.2757588
3.393572 0.2871304
3.209049 0.3865497
3.373021 0.1762565
3.817982 0.07244812
3.080364 0.122435
2.827409 0.4821063
2.858656 0.4810746
2.568048 0.3924684
2.622854 0.1651611
2.868992 0.4732929
2.413936 0.4694222
2.442415 0.2491948
2.984227 0.1840652
2.943149 0.4883337
2.750779 0.3945308
3.458707 0.3617189
3.277071 0.4646952
2.760923 0.2521495
3.12796 0.2717703
2.770446 0.2011862
3.001334 0.3576606
3.087127 0.2515591
3.174903 0.2209548
3.42207 0.298917
3.004975 0.08166164
3.681792 0.2145891
2.851627 0.228937
2.636824 0.3202244
3.04564 0.1207219
2.899834 0.274063
3.199407 0.1029319
3.163254 0.4449582
3.417238 0.04564725
2.667303 0.3220432
2.923647 0.4740918
3.315964 0.08667735
3.068294 0.2253009
3.027259 0.1096418
2.978776 0.2661715
2.983436 0.4979532
3.02128 0.3409599
3.289982 0.2025268
3.598641 0.2390725
3.631724 0.4185034
3.566564 0.4122116
2.722742 0.08653381
3.97144 0.05949536
3.965801 0.4315061
3.91626 0.2687849
3.394845 0.2482026
3.834336 0.2382997
3.600183 0.4071059
3.186179 0.2890946
3.382198 0.2584208
3.306142 0.4194004
3.125534 0.2847481
3.308925 0.4867456
4.060389 0.2881068
2.741847 0.1096555
4.317825 0.1937513
3.932023 0.3863983
4.017228 0.2899055
3.924098 0.07745078
3.155725 0.1008739
3.702802 0.1934741
3.639902 0.4838767
3.40085 0.2577605
3.311077 0.180746
3.647877 0.3732315
3.992847 0.1920808
3.766097 0.4989028
4.393488 0.28789
8.537292 0.4002929
9.597302 0.05401045
3.058383 0.3236255
3.784736 0.3985759
4.090147 0.08832364
3.60042 0.1805351
2.911115 0.4851752
2.949269 0.3978611
3.270774 0.3097358
3.463189 0.1362506
3.646255 0.06348426
3.120728 0.370331
2.942632 0.2078638
4.149675 0.2552675
3.623847 0.4625852
3.804312 0.1924959
3.343321 0.3465314
3.385976 0.4672441
3.091744 0.2558272
3.276404 0.2138942
3.15876 0.4963657
3.419097 0.1057179
3.123778 0.2977275
3.377249 0.1063084
3.685405 0.1360579
4.002841 0.0465619
3.313871 0.3842458
2.852998 0.04120409
3.139724 0.1638932
3.021637 0.3772851
3.17214 0.366061
3.155812 0.2210378
2.980412 0.4166441
2.915543 0.1637832
3.924821 0.3431128
4.483264 0.1752704
3.931905 0.3384708
3.320177 0.2163538
3.298059 0.05617021
3.803234 0.236261
4.141829 0.2737317
2.956599 0.4210112
2.864249 0.4216537
5.376685 0.1400038
2.837566 0.2607423
4.494462 0.1963032
4.032983 0.1049583
4.269344 0.08294246
3.150093 0.2920782
3.297019 0.063249
3.256251 0.3188681
2.719666 0.3243863
3.837951 0.3040125
3.709014 0.410951
3.060298 0.2451875
3.378284 0.3020473
4.10874 0.1073337
3.659656 0.3634339
5.394325 0.427778
3.49885 0.381782
3.56167 0.4117728
3.173306 0.4393984
3.263267 0.066316
2.996234 0.4801567
3.370495 0.305145
3.08576 0.246112
3.758492 0.4451854
3.323528 0.2820731
4.274691 0.07214775
2.479936 0.3912737
3.065668 0.1758451
3.289518 0.2406348
2.891683 0.3033074
3.000061 0.2497627
3.1488 0.2741634
3.125377 0.4122343
3.243159 0.2104168
2.927214 0.2652523
3.23199 0.1769068
2.845292 0.3116081
3.225351 0.1951225
3.369145 0.3412377
3.153196 0.3206461
3.368736 0.06825615
3.527351 0.0421422
3.714455 0.1766562
3.473803 0.3146462
2.848158 0.3198339
3.378443 0.139926
2.708552 0.4796238
3.904268 0.2880452
3.587686 0.204118
3.599375 0.3332258
3.383539 0.3743324
3.730175 0.2667883
3.408723 0.3520052
3.308472 0.4370929
2.933839 0.2608743
3.516005 0.03036757
3.094692 0.4335789
2.840831 0.4172419
2.757018 0.2466548
3.152592 0.2344185
3.167336 0.3688133
3.418492 0.4830959
3.061515 0.1391338
3.728968 0.2236966
3.240104 0.4593329
3.357948 0.4934664
3.30115 0.44844
4.555634 0.0280528
3.078452 0.2909181
3.145052 0.2547553
3.542342 0.1923618
3.032729 0.2874248
3.128191 0.3097504
3.368617 0.2369711
3.930721 0.3817173
3.483995 0.3695482
3.12369 0.168949
3.741945 0.4415231
2.520287 0.4283155
2.923421 0.2013783
3.270193 0.4056577
4.640317 0.3230134
2.868268 0.1129787
3.770353 0.3177526
2.748442 0.1156648
4.000341 0.3366628
3.156245 0.103008
2.184026 0.4166309
3.204245 0.4113432
3.613383 0.461593
3.34889 0.1132287
2.913571 0.2255576
3.392425 0.3818257
3.216112 0.3066588
2.587533 0.2797228
2.871834 0.2635801
2.742353 0.2772995
3.092268 0.2204838
3.475088 0.06034477
3.5241 0.4571083
3.395382 0.4134726
3.582302 0.4613382
3.758901 0.07300058
3.531725 0.2390533
2.956534 0.3792881
3.417493 0.450067
3.481042 0.2309201
3.279872 0.2205987
4.154396 0.2836402
3.480843 0.2209436
3.245156 0.2518899
3.380546 0.4726648
4.168019 0.04847843
2.990491 0.4960724
4.184181 0.1391492
3.649191 0.08307228
3.011101 0.2888675
3.242591 0.4988675
3.284821 0.1227422
3.372263 0.1460604
3.236038 0.4744947
3.664859 0.4198483
4.342067 0.4733791
3.299992 0.2142794
4.036075 0.3605738
3.87834 0.3784648
4.049538 0.4207865
4.595984 0.2996688
3.960495 0.269244
3.95021 0.08618286
2.722038 0.197065
3.324503 0.146339
2.999112 0.4841317
2.710405 0.317806
3.069284 0.4547816
3.034015 0.3239686
3.056698 0.09330856
3.228102 0.2407767
3.425399 0.1925652
4.883769 0.1389454
3.105712 0.3908626
3.36722 0.2958065
4.081991 0.1365494
3.297461 0.3318609
2.799349 0.3557106
2.773187 0.2539561
3.152643 0.4663024
3.839079 0.1192426
2.864354 0.2246021
3.632106 0.1316377
3.074043 0.2406716
2.787261 0.1491896
3.623968 0.4216861
4.403548 0.4212434
3.979665 0.1359615
4.156883 0.3786684
2.792938 0.3839949
3.280744 0.3250581
3.358092 0.2524469
2.65807 0.3358981
2.778458 0.3626492
2.920722 0.3387511
2.655252 0.1068347
3.037769 0.4408863
3.481236 0.04778096
3.535852 0.3340807
3.546729 0.1664697
3.195551 0.2514212
3.372221 0.2414974
3.22599 0.0706701
3.211945 0.1993904
3.430799 0.2194618
2.75242 0.3752402
4.106706 0.3860205
4.030649 0.3907269
3.724397 0.1454669
3.437007 0.1877472
3.51287 0.2162354
2.567493 0.2259289
2.792905 0.1378051
4.02847 0.3536221
3.049516 0.4847212
3.09963 0.1878002
3.396316 0.2706729
2.851494 0.23477
2.942851 0.3773339
2.612451 0.2328422
2.94319 0.3237617
2.985931 0.4291298
2.844161 0.134777
3.823742 0.1629416
3.777472 0.241249
4.322846 0.1191259
3.348516 0.2133662
3.625845 0.3313152
3.114739 0.3266579
4.319064 0.1398757
2.665223 0.4946826
3.080468 0.2351586
3.260396 0.3026928
3.598244 0.2719224
3.268688 0.04903957
2.821662 0.2869582
3.552308 0.04537137
2.975937 0.3028048
2.968217 0.3770813
2.663892 0.4968163
3.662384 0.2096028
2.642726 0.2026447
2.435024 0.4267139
2.890432 0.1693497
3.812992 0.09259395
4.280292 0.4852962
3.525021 0.3485054
4.280319 0.4429755
3.227355 0.3902404
3.257554 0.4142746
3.655189 0.2222041
3.578068 0.384783
3.179261 0.1719144
4.025582 0.09796381
3.068647 0.350547
3.25313 0.0702529
3.526904 0.4518016
3.994031 0.3914272
3.633818 0.2984854
3.966211 0.07976274
3.242743 0.1492669
3.4653 0.1427982
3.150847 0.3380375
3.723236 0.3365261
4.052861 0.1972909
3.728514 0.06572018
3.018112 0.1854586
3.008381 0.2850418
3.034484 0.1841627
2.954128 0.4718311
3.548006 0.2973222
3.296763 0.1996965
2.792134 0.4082726
3.484456 0.289237
4.469616 0.1220981
3.262775 0.1352696
3.432634 0.3127552
3.930698 0.3478677
3.174948 0.1325613
3.335066 0.1857411
3.829636 0.2464377
4.080016 0.2671475
4.366924 0.08578981
4.279583 0.2026936
4.104347 0.49015
3.44535 0.2259568
3.597589 0.4176297
3.302933 0.1460318
3.814654 0.1988021
3.522747 0.1331889
3.222293 0.3080667
3.825771 0.2644699
3.4699 0.4323112
4.565019 0.1612821
3.434929 0.274972
2.930077 0.3724773
2.900653 0.2535514
3.076768 0.2173285
2.752292 0.3567311
2.944344 0.2697276
3.220091 0.07456773
2.951479 0.3443075
3.344397 0.342219
2.879474 0.2021512
3.436401 0.3501917
4.765397 0.3956558
3.178076 0.3192711
3.033175 0.2673589
3.375544 0.4075282
3.264754 0.1867052
3.292269 0.1632985
3.074952 0.3680452
4.346196 0.1644988
3.508683 0.3566404
3.501492 0.2337013
3.64835 0.3896755
3.575498 0.2557751
3.094677 0.3340026
2.783312 0.3955213
4.03155 0.2450406
3.878222 0.1014163
3.585793 0.06667197
3.219174 0.3537635
3.884813 0.1884073
3.158869 0.03701634
3.203798 0.3203173
3.1897 0.09251047
2.763684 0.06263963
3.415314 0.3892954
3.200581 0.1597151
3.208998 0.1429007
3.306533 0.2034189
3.318732 0.499546
3.134634 0.1226881
3.497924 0.3607584
3.20509 0.1295814
3.204347 0.06777987
2.73074 0.3575833
3.110572 0.2550278
2.787579 0.2303737
2.958667 0.3177077
2.703951 0.2255552
2.825684 0.3904552
3.394528 0.4895951
3.576917 0.3299407
3.167769 0.09404765
2.906889 0.06785551
2.852955 0.241209
3.155567 0.4944483
2.705977 0.3460552
3.029507 0.181638
3.598332 0.391869
3.069873 0.1976482
2.993692 0.2894759
3.490681 0.2813495
3.498355 0.3596558
2.994693 0.2129439
2.834263 0.13346
3.552006 0.2914672
2.735546 0.2364608
2.86426 0.4811079
2.693791 0.3562402
2.892011 0.2437959
2.779185 0.3222127
2.997653 0.3881594
2.832525 0.07837794
2.862362 0.2048173
2.627708 0.133967
2.851854 0.3687558
3.411352 0.4813092
2.914601 0.3277736
2.978797 0.2788169
2.705533 0.4277107
2.692543 0.2089912
2.416044 0.1203031
3.075152 0.1589043
2.815253 0.4185792
3.26639 0.3276084
2.72395 0.4147928
2.539594 0.1851441
3.609015 0.1151531
3.010025 0.3868867
2.728044 0.481263
3.428187 0.0868507
4.198896 0.1568892
4.273706 0.4712573
4.338329 0.3724266
3.80239 0.4525572
4.112655 0.3234935
2.808166 0.4672924
3.263508 0.3013389
4.105127 0.3039003
3.760782 0.1706011
4.543365 0.4286909
3.934272 0.1681848
2.953348 0.1559678
4.371354 0.3466572
3.651401 0.3451951
4.21011 0.4099788
4.013539 0.2728442
3.728501 0.4432239
4.401939 0.09283765
4.032278 0.258221
3.211195 0.2209053
3.32665 0.4014443
4.190104 0.452925
4.175861 0.423485
3.833994 0.1417372
3.507365 0.3560467
3.239644 0.1919769
3.784972 0.4048745
3.257727 0.07900661
3.497008 0.2053763
3.359453 0.3414085
3.379493 0.3062595
3.361302 0.499732
4.172035 0.2431378
3.186731 0.3258732
3.109429 0.1296712
3.229081 0.2260073
3.451113 0.2405071
3.383774 0.1031347
2.95652 0.2449204
3.560273 0.107427
2.621985 0.2117054
3.472339 0.173549
3.64137 0.1653126
3.728276 0.3897244
2.947647 0.1338581
4.426977 0.2596739
3.649521 0.2379047
3.655233 0.1790581
6.272207 0.3673147
4.459503 0.4074537
3.555477 0.2138609
3.085007 0.372084
2.863356 0.1902573
3.119576 0.3535948
2.852583 0.1847666
2.960864 0.07222634
2.634288 0.4862818
2.92912 0.401838
3.373239 0.3909034
2.685149 0.2974836
2.599986 0.3446357
3.166666 0.09494609
3.016318 0.4384137
2.693966 0.43603
2.769289 0.03913513
2.70739 0.3184509
2.922972 0.339595
3.05986 0.2874217
2.989785 0.1995387
3.082421 0.4611998
2.972172 0.1477927
3.040947 0.3178733
3.478479 0.491523
2.878091 0.4211567
3.584942 0.1676175
2.876494 0.343209
3.102004 0.3711716
3.110174 0.3346145
2.94747 0.04391725
2.652641 0.2918324
2.603068 0.4559696
2.861701 0.1760887
2.638359 0.3072946
2.621395 0.4135581
2.646265 0.261338
2.829542 0.4386579
3.471231 0.2379668
3.435704 0.460679
3.11854 0.2815652
2.945817 0.4661707
2.984432 0.06633845
3.266723 0.1814695
3.142572 0.443456
3.059514 0.1765998
3.300829 0.3443592
3.061923 0.2325061
2.848675 0.1966913
3.544055 0.3193614
3.123832 0.4126965
3.03165 0.2999788
3.833765 0.3767884
2.711044 0.3121814
2.804821 0.1266283
3.027814 0.4796673
4.125505 0.494039
3.99207 0.08729276
3.173119 0.2740933
2.796139 0.2965977
2.715206 0.06581224
3.07607 0.2107867
2.875622 0.4225701
3.095788 0.1445275
2.993712 0.06625857
2.969261 0.1283767
3.182627 0.141515
3.276642 0.3791187
3.200559 0.174068
3.343104 0.2522476
3.826495 0.462792
3.259115 0.40377
3.841613 0.117622
3.29504 0.4143745
3.108343 0.2894085
3.049304 0.4704449
3.372252 0.2819731
2.758847 0.433806
2.678983 0.1683219
2.340144 0.05561568
3.435241 0.3382429
2.67173 0.4016954
3.237192 0.4667363
2.934446 0.3390215
3.595103 0.4639091
3.050923 0.3509118
3.010155 0.3376748
3.271675 0.2181776
3.839084 0.3578796
2.858798 0.4755193
3.739426 0.2379667
3.452857 0.1650862
3.714384 0.2443213
3.414707 0.3621646
2.856437 0.2494908
4.109722 0.1718938
4.075558 0.1253898
3.56652 0.4621955
3.408198 0.4703777
3.414894 0.05703067
4.222804 0.2121116
4.607956 0.2309008
3.538336 0.09472851
3.411634 0.2850492
3.888276 0.3245021
4.360007 0.3149072
3.071411 0.2125084
3.512352 0.3641273
3.891243 0.4999569
3.490385 0.3419083
3.570101 0.3247952
3.481921 0.413661
3.613713 0.2734164
3.102125 0.1416481
3.137926 0.4452512
3.831604 0.3115504
3.818995 0.1127316
3.274903 0.4309939
2.664395 0.1497425
3.009742 0.120194
2.932127 0.2888564
3.283127 0.2997944
2.751181 0.4698582
3.825291 0.1838105
3.050963 0.3937486
3.160384 0.3500051
3.137992 0.1754767
3.288828 0.4801832
3.299034 0.4349858
3.969212 0.4648498
3.313237 0.3564483
3.981214 0.3558409
3.986112 0.327739
3.647882 0.202052
3.495802 0.3884014
3.044393 0.06016684
3.201215 0.174542
3.497875 0.2119805
4.19876 0.0383464
3.205189 0.4127328
3.031525 0.1885087
3.139988 0.2712933
3.252246 0.4011563
6.049922 0.1810817
2.927981 0.3723183
2.520256 0.2835835
3.367342 0.1986768
3.373191 0.4373515
3.617346 0.2402171
3.012332 0.1187885
3.072772 0.1078644
3.352836 0.2526149
2.490506 0.2733236
2.870897 0.4439036
2.832856 0.2369518
2.803189 0.402974
3.879097 0.3402716
2.773045 0.4620923
3.201245 0.2725506
3.43811 0.07196583
3.089058 0.1198183
3.250956 0.2320752
3.182114 0.06975196
3.65617 0.1356918
3.201236 0.3150263
2.788632 0.4032432
3.43997 0.2307425
2.691411 0.3385186
3.599362 0.300329
3.162412 0.419983
3.728103 0.1368502
2.471767 0.235244
3.977457 0.455009
3.775855 0.2169755
3.557384 0.1935702
2.838125 0.1695241
3.376941 0.4285744
2.984629 0.4977318
2.9736 0.2055862
3.002733 0.06753067
2.888931 0.08515068
3.952508 0.4923277
3.816486 0.4899289
2.796727 0.4736448
3.252921 0.429159
3.137201 0.4370295
4.051314 0.2041863
3.73161 0.2431723
3.928978 0.1909833
3.352699 0.1886561
3.141691 0.3479772
3.320992 0.4003393
3.737481 0.04701335
5.582246 0.3044352
3.489339 0.3979412
3.503788 0.2822002
4.126706 0.4483449
3.584611 0.04991424
2.464587 0.1546435
2.774323 0.2908278
3.018948 0.4504534
3.022362 0.128439
3.574386 0.1436323
2.965247 0.3536035
3.286156 0.2176483
3.266082 0.4530684
2.848837 0.4424101
3.517349 0.4388957
3.234621 0.2851969
3.123161 0.4847769
2.868161 0.4903631
2.885047 0.09815024
3.18932 0.06163556
3.910551 0.4812742
3.751145 0.4750796
3.041191 0.1953407
3.399153 0.1193283
3.626248 0.2838374
2.734219 0.3728624
3.382028 0.38618
3.702042 0.4467158
4.112681 0.1591748
6.51918 0.2248791
3.616749 0.1842889
3.377978 0.2062398
3.859244 0.3230523
4.07285 0.232424
3.28098 0.2524353
3.938006 0.1725863
3.517796 0.255494
2.835481 0.3695816
4.016924 0.2164625
3.532558 0.2614728
3.395068 0.2496378
2.674292 0.1166752
3.00067 0.4216311
3.692453 0.4638492
3.093652 0.274755
3.504198 0.4200725
3.110689 0.415727
3.434839 0.2383641
2.971517 0.3221371
2.753378 0.483073
2.751337 0.1529297
2.649878 0.4861021
2.969337 0.1191582
2.53566 0.3621358
3.202892 0.4554183
2.811783 0.02246572
3.793647 0.1063106
3.724727 0.499639
4.303559 0.3832291
3.133345 0.435211
3.488252 0.4737248
3.171104 0.2078646
3.150487 0.4209901
3.23118 0.4888612
3.040794 0.3795744
3.701934 0.3960909
3.139892 0.2954421
3.70098 0.3205872
2.954113 0.3020337
4.488839 0.2052867
4.234205 0.4179681
3.868755 0.3147764
4.285523 0.2097949
3.071444 0.488972
3.926632 0.1785242
3.403362 0.2512562
3.762592 0.431694
3.102644 0.08078126
3.309423 0.4670085
2.913529 0.4454182
3.405 0.3480719
3.091297 0.3184009
3.564084 0.4773478
3.168422 0.4177758
3.000596 0.1975916
2.99474 0.09231696
2.837045 0.2592745
3.165554 0.2004522
3.970213 0.3520984
3.843729 0.4441362
3.24211 0.1812278
3.587127 0.269052
3.283925 0.2901621
3.488487 0.09134615
3.26553 0.3606157
3.432568 0.4286714
3.394888 0.1358184
3.548137 0.213199
3.244028 0.3477943
3.750254 0.3924382
2.871587 0.1337532
2.857602 0.2834359
3.085088 0.3724573
3.878881 0.3378957
4.658284 0.2174694
3.905381 0.09640932
2.819384 0.2710372
3.637021 0.45478
3.378716 0.4453592
3.224726 0.3583255
3.072778 0.1660538
3.263064 0.3259027
3.001508 0.2043399
3.032897 0.1928116
2.945895 0.4832828
4.882851 0.3586424
3.091461 0.2383299
3.502915 0.3692792
3.156301 0.2616042
3.126251 0.2484424
3.530244 0.4533449
4.594099 0.167801
3.351984 0.2197072
3.448309 0.1942601
3.096757 0.09717782
3.131386 0.3006951
2.872752 0.3943736
3.251883 0.4211111
3.56586 0.244618
3.346957 0.4697879
3.782247 0.3725358
3.457826 0.4691367
3.332587 0.1181876
3.031819 0.2686241
3.231469 0.03918635
4.175147 0.4189011
3.454282 0.1622086
3.298882 0.3029784
3.667161 0.1044707
2.956732 0.1341355
3.457389 0.4099613
3.902616 0.2087547
3.715804 0.3502881
3.805709 0.4084648
3.372707 0.3077755
3.338466 0.03769628
3.741286 0.4232675
3.422784 0.405343
3.167884 0.3237045
3.229229 0.2269651
3.412738 0.4872739
3.022732 0.1264401
3.383028 0.3562866
2.769601 0.3795679
2.961068 0.3077178
3.301011 0.2614681
3.073186 0.1950614
3.388154 0.1586641
3.8765 0.1518872
3.732437 0.1282289
3.065229 0.3315559
2.820154 0.2366975
2.65611 0.2416352
2.242321 0.1662465
3.111205 0.1326491
3.261229 0.1197128
3.105648 0.2149636
2.934629 0.03016504
2.980286 0.2271193
3.331388 0.4282528
3.899205 0.3301326
3.301838 0.315719
2.980382 0.1565511
2.840329 0.416712
2.934546 0.4848546
3.022718 0.4016053
3.5204 0.2858411
3.461968 0.3125582
3.680515 0.1040939
3.514983 0.3298986
3.272597 0.329548
4.197988 0.4046532
5.068696 0.1057576
4.041465 0.3078581
3.596379 0.1653611
3.73749 0.02504747
3.578171 0.2068234
3.507023 0.1143522
3.236496 0.2090159
4.032957 0.08326744
4.200307 0.1683998
4.153754 0.2752697
2.885973 0.2705503
3.071737 0.3605608
3.638938 0.4178085
3.879736 0.1799646
3.523989 0.1705719
4.046917 0.3919225
5.500424 0.3813783
4.181787 0.2256535
4.42248 0.2518989
3.48155 0.1856716
3.799875 0.1572528
2.625151 0.06547468
2.257034 0.4058053
2.766982 0.2183242
3.503625 0.321069
2.750013 0.313191
3.001564 0.3591677
2.966022 0.3817586
3.761469 0.3623297
2.924222 0.06321124
3.509384 0.2504703
3.753445 0.03703424
3.291771 0.3564845
3.154194 0.1287822
4.784743 0.3870391
3.386839 0.3888854
3.715522 0.1472589
3.029153 0.4638458
6.489944 0.4631992
5.536103 0.2313612
9.436566 0.04829153
4.015174 0.2026666
3.153593 0.4095813
2.567342 0.4715034
3.839571 0.3221719
3.975442 0.1959723
3.824784 0.2445735
3.64213 0.4198602
3.567667 0.2273195
3.429942 0.3088905
3.529712 0.2074871
3.130361 0.2871291
3.995233 0.1489555
3.089715 0.1046368
6.332889 0.4537919
3.280679 0.4005488
3.663053 0.207349
4.127847 0.3877634
3.617864 0.270913
3.129976 0.2826226
3.122541 0.2769117
3.166623 0.2754919
4.019164 0.2793561
3.594099 0.4352733
2.876014 0.4453569
3.112976 0.3724304
2.753846 0.2636443
3.241438 0.2068754
2.621649 0.4388339
2.845545 0.2125656
2.686095 0.2693095
3.029216 0.1130757
3.119868 0.3653996
3.038121 0.2121678
2.82143 0.3330767
2.998517 0.2752383
2.866831 0.403368
3.125666 0.184853
2.934461 0.2979174
3.115909 0.2366604
3.195561 0.4108319
2.877893 0.3235048
3.251496 0.4257072
3.266199 0.4538694
3.216176 0.4786986
3.460808 0.3264153
3.001116 0.05098431
2.574401 0.2007892
3.004939 0.1668112
2.969263 0.2789452
3.513563 0.1931118
3.849787 0.1832418
3.703385 0.4309914
4.301328 0.4730407
3.600888 0.2356038
3.3353 0.2793934
5.035622 0.465924
3.50214 0.4635553
3.554983 0.1898235
3.055941 0.3766232
3.559359 0.1093435
2.921082 0.3823072
3.216901 0.3626705
2.844054 0.3512011
2.556782 0.3844665
2.636962 0.4051337
2.375348 0.4418623
2.818358 0.4960847
3.08202 0.2974701
2.874226 0.1551206
2.618499 0.4399906
3.60178 0.05266899
3.050954 0.1811999
3.463168 0.3706421
2.725081 0.3873399
3.281055 0.3836473
3.292407 0.06298441
3.72767 0.2828483
3.33932 0.318907
3.096019 0.2112452
3.021739 0.1650828
4.070601 0.1833481
3.110844 0.3761235
2.747289 0.4087871
3.447893 0.09288609
3.653247 0.4490741
3.70283 0.3926539
3.474502 0.4018239
3.201042 0.2345074
2.883691 0.20384
3.390242 0.3107403
4.467394 0.4921999
2.991045 0.341481
2.8776 0.4524789
3.254643 0.2307624
2.878777 0.4821417
3.026682 0.2847319
4.943604 0.456059
3.911206 0.4499518
3.663037 0.2268215
3.801875 0.3378082
3.229065 0.4142833
2.764334 0.2270126
2.986477 0.4183503
3.223257 0.1612829
3.324041 0.1942426
2.963017 0.3066127
3.166187 0.4930404
3.447052 0.205904
2.862565 0.3323662
2.883739 0.2876243
2.605312 0.3632959
3.620443 0.4679105
3.096826 0.4569656
2.796281 0.4188301
2.821128 0.2031367
2.999847 0.2476392
2.757932 0.1963007
2.983005 0.4577253
2.838243 0.2732157
2.790622 0.1500988
2.315607 0.09506594
3.705532 0.1610667
3.151997 0.3960732
2.70495 0.4104307
3.044688 0.1809034
3.090037 0.08681537
3.047711 0.2050251
2.790749 0.09009325
3.688713 0.1593464
2.941253 0.327775
3.115842 0.1780975
3.86001 0.4042197
3.504759 0.1507721
3.849665 0.4053589
4.964343 0.2525009
5.785351 0.2522333
4.562308 0.1719438
4.059733 0.168544
4.403017 0.1700489
3.812269 0.2438881
4.641789 0.311991
3.795614 0.2782698
3.912496 0.3378408
2.982993 0.3295509
3.481031 0.3308507
4.137029 0.4012205
3.319 0.3520589
4.391174 0.3050951
3.192961 0.3360768
2.875742 0.4850676
2.934629 0.4043522
3.559066 0.2947072
4.077397 0.05648263
3.807644 0.1622547
4.063687 0.05152023
4.449031 0.1683595
3.494823 0.3194753
4.607826 0.2373198
4.255631 0.245656
3.287806 0.3414373
3.344639 0.289175
3.339236 0.1664737
3.072284 0.3727369
3.514976 0.2521554
3.592863 0.2787361
2.960685 0.2344084
3.15418 0.2600392
3.056595 0.4582134
3.007327 0.06621599
3.184634 0.1343232
2.38597 0.4523212
2.856198 0.4318114
3.442475 0.45953
2.850168 0.3245778
2.905713 0.4187092
3.087366 0.3553446
3.302165 0.3360501
3.024618 0.092152
2.755178 0.385598
3.0666 0.1319142
3.168126 0.2952535
3.399978 0.3220853
3.397278 0.147243
3.203726 0.3828491
3.754927 0.288245
2.766007 0.2152067
3.22297 0.4385027
3.396876 0.4525669
3.134474 0.2297539
3.520491 0.2383886
6.554829 0.26772
4.19347 0.2565866
6.392226 0.3797627
3.794112 0.4146022
3.616189 0.4020886
4.506622 0.2979103
3.605667 0.07735189
3.626029 0.3054742
3.187505 0.2853963
3.318275 0.1803031
4.187872 0.4062195
3.381483 0.0511187
3.407569 0.1715724
2.741276 0.3288426
3.026266 0.3729812
4.468036 0.2814223
3.927982 0.1538122
3.274761 0.1048431
2.948027 0.270672
2.879844 0.2466547
3.648218 0.2149992
2.91004 0.2979981
2.781782 0.3366591
2.793365 0.07915181
3.156867 0.1732968
3.049399 0.486448
3.673379 0.3935763
3.481388 0.3352085
2.981338 0.3540183
3.26085 0.3794606
3.51867 0.4052587
4.39083 0.3253416
2.714793 0.1388321
2.869801 0.2065596
4.01841 0.3348096
3.630869 0.1469996
2.955227 0.2473487
3.270651 0.1904563
2.772909 0.4402012
2.960563 0.1265907
2.904356 0.1870239
4.044574 0.289767
3.507068 0.3966867
3.595514 0.1869088
3.376352 0.11862
2.445341 0.4966806
3.068026 0.2478003
2.932358 0.4348286
2.376648 0.3212205
3.208002 0.2170401
2.718087 0.3200746
2.541999 0.2682979
2.860331 0.1360909
3.046889 0.3482737
3.664024 0.4804482
3.456178 0.1737917
2.456824 0.4176581
2.717408 0.3684437
3.12027 0.4775701
2.677884 0.2315782
2.788004 0.4635419
2.773988 0.1766941
3.707956 0.4919632
3.722013 0.2172146
2.995519 0.2828567
3.427133 0.1455766
4.807628 0.4948716
3.078199 0.2597503
3.709294 0.3127404
3.335822 0.1805908
2.73585 0.1470818
3.135264 0.4750468
3.263979 0.1683319
3.261676 0.4936685
3.410347 0.2984967
3.032798 0.1319587
3.03201 0.2296113
2.950334 0.1344815
3.973927 0.05498637
3.289149 0.1296107
3.225175 0.4331409
3.234473 0.4325608
2.761663 0.3669575
2.703363 0.3715578
2.75778 0.4487005
3.064322 0.4478649
2.751338 0.312368
2.656959 0.2365607
3.434138 0.3544173
4.325423 0.1968882
3.826776 0.2916461
3.109571 0.174207
2.767166 0.3916713
3.97517 0.1758937
3.579555 0.1501713
3.538576 0.4843734
3.48967 0.3738397
2.925835 0.2326989
3.550956 0.4992759
2.651855 0.3473095
3.214409 0.3551109
3.356188 0.1848979
3.3876 0.05938913
2.947617 0.3331062
3.017504 0.2713049
3.037545 0.4659649
2.941628 0.1229117
2.410838 0.4885256
2.911422 0.2190148
2.527546 0.1299004
3.37282 0.3460902
2.996717 0.4733171
3.353639 0.1799502
3.011423 0.4633182
2.771085 0.1444711
3.028193 0.1782202
2.967237 0.2210545
3.618477 0.1476685
3.422605 0.09411847
2.979173 0.1828747
2.937801 0.4509545
3.253054 0.3177332
3.175295 0.1938563
3.015202 0.08049336
2.821184 0.2292654
2.991211 0.3144539
3.639643 0.2916889
4.141018 0.08933897
3.119823 0.06979579
2.969843 0.2109936
3.42325 0.3174811
3.204086 0.1262338
2.612358 0.1130011
3.50773 0.2612453
5.028199 0.08142864
3.196992 0.482436
3.972829 0.2718419
2.646248 0.2878515
3.022639 0.3789522
3.064287 0.1996052
2.839508 0.4847332
3.463208 0.209582
3.032928 0.3322119
4.094366 0.2397494
3.406637 0.3256248
3.5765 0.0827273
2.843838 0.3218274
4.24265 0.1191809
3.697212 0.4151903
3.054845 0.295777
4.755905 0.145161
4.784766 0.1773916
4.848647 0.3833235
3.066997 0.3526413
2.65602 0.1925067
2.994958 0.470772
3.272493 0.213909
3.075215 0.1374798
3.286255 0.4140093
3.184988 0.1729177
3.061766 0.3174165
2.963523 0.1879011
3.522811 0.1191705
3.957793 0.2452208
3.942528 0.3759193
4.415905 0.06018394
3.754611 0.2831305
3.411268 0.2361503
3.200617 0.4726699
2.980905 0.3418309
2.850508 0.1122941
3.018152 0.07250921
2.958672 0.1357543
2.753178 0.1532624
2.852083 0.3389708
2.67917 0.1692165
2.488121 0.4044399
2.504474 0.4266239
2.506846 0.4512943
3.441012 0.4336163
2.74094 0.2105859
3.909505 0.4816043
3.688591 0.3113523
3.04847 0.3960879
2.395662 0.3432066
2.874547 0.3290121
2.759284 0.4217627
2.482619 0.3316825
2.591413 0.4426696
2.582231 0.1672719
2.658185 0.4246052
3.081817 0.1583646
3.190385 0.4109288
3.22045 0.07154043
3.662733 0.1127969
3.404122 0.1269137
2.812214 0.2367844
2.650905 0.06877847
3.249177 0.3927544
2.759408 0.4827526
2.928601 0.3062784
3.980405 0.1438058
2.939457 0.1235139
3.664309 0.1211895
2.890393 0.1306105
3.102827 0.4720169
2.816488 0.338401
2.757472 0.4781134
3.118787 0.4154119
2.643571 0.1290465
3.000519 0.4078881
2.971493 0.4567626
2.826705 0.2042278
2.601304 0.4195585
3.476184 0.0579089
2.947572 0.2477981
3.368539 0.3594153
2.916976 0.2222269
2.564579 0.321084
3.134472 0.2001854
2.562159 0.2230376
3.486961 0.4597292
2.841683 0.4206709
2.779323 0.4698284
3.439256 0.1030392
3.470261 0.3023042
3.462375 0.4989285
2.758785 0.3681117
2.872915 0.4501327
2.77905 0.3655297
2.459148 0.1826958
3.146227 0.3981249
2.416055 0.3850178
2.780012 0.2293363
2.986787 0.2149829
2.763661 0.3586549
2.575537 0.1964858
2.746216 0.1217381
3.117784 0.1001866
3.307843 0.1514623
3.645965 0.2730444
3.318192 0.4650879
3.386939 0.1723865
3.92162 0.3998811
3.472878 0.1557633
4.191077 0.06076384
3.827131 0.34939
2.873901 0.3145927
3.085864 0.2061349
2.657543 0.4110146
2.768226 0.1622509
3.286493 0.03837627
2.944041 0.2974181
3.280739 0.1784626
2.705175 0.3082217
4.370857 0.3694924
4.267455 0.3743811
6.096512 0.293681
3.580617 0.4603964
3.080695 0.2158631
3.412977 0.4441103
3.248601 0.06121373
3.118414 0.2613134
2.710162 0.4125364
3.197507 0.3717861
3.452164 0.4575544
2.7844 0.4173412
3.214807 0.355615
2.634758 0.3963292
2.878888 0.2322371
2.382681 0.4556754
2.623311 0.4190889
2.9316 0.1620279
3.427851 0.1290334
3.19422 0.3787048
2.441903 0.3880255
3.164508 0.2531473
3.156065 0.2766816
2.798574 0.3763642
3.07644 0.3644104
3.062486 0.100409
3.035583 0.4683372
2.846904 0.1127081
3.384439 0.1565185
3.299688 0.212648
3.636368 0.2192342
3.653658 0.1611036
4.123896 0.4159127
4.892183 0.2729173
4.646253 0.3697779
4.086465 0.07711009
3.847882 0.2868045
4.814784 0.1669168
3.496128 0.1078434
3.279182 0.353898
3.209032 0.3786028
3.196208 0.2987164
3.409074 0.3928971
3.606657 0.4512168
3.060477 0.3000306
2.916987 0.3556539
2.922453 0.2092654
3.106255 0.3843061
2.598586 0.0657256
3.032438 0.4948962
3.133144 0.07913571
3.570731 0.06558665
3.306707 0.4121502
2.637873 0.4640813
3.642696 0.3763842
3.129737 0.2759732
3.27347 0.09195145
2.821572 0.4757907
2.93705 0.3230703
3.473519 0.09790818
3.05932 0.4400043
3.428541 0.402681
3.101761 0.3333052
2.920949 0.3486657
2.686384 0.07290978
3.777341 0.08076469
2.989237 0.3572979
3.167637 0.2540085
3.94796 0.1802736
3.112166 0.3922082
3.279651 0.3883637
2.83553 0.2109072
3.354244 0.1515437
2.945823 0.3367169
3.580637 0.3675425
3.97174 0.3674378
4.00527 0.4636558
3.089625 0.3915613
3.0211 0.4747845
2.805407 0.4512863
2.885048 0.3434169
2.865445 0.1878194
3.147589 0.3771186
2.809993 0.4880882
3.417887 0.3526946
3.165526 0.2806786
3.48211 0.0892023
3.676239 0.1562432
4.498649 0.06672375
3.824821 0.4557688
3.485867 0.2377491
4.413359 0.4413647
3.34715 0.4745938
3.86013 0.2066512
4.25896 0.3041554
3.493867 0.1591887
2.992658 0.2418121
3.160187 0.3878933
2.546681 0.2857715
2.757309 0.2191381
3.099426 0.4627495
3.131962 0.2581094
2.662072 0.2711695
3.088322 0.1261096
3.302867 0.3493894
3.697826 0.2955893
3.31033 0.4178893
4.906484 0.3738477
3.304123 0.1727052
3.139641 0.40629
4.22404 0.3418265
2.990255 0.3550367
3.095389 0.2409153
2.57572 0.3105022
3.854194 0.2423178
3.843298 0.3039437
3.669092 0.140596
2.85309 0.4155737
3.520035 0.1553552
3.161063 0.09657875
3.239203 0.2031621
3.691887 0.387138
3.176037 0.2223642
3.006932 0.4573201
2.937068 0.3971751
2.870311 0.1413158
3.320014 0.3513937
3.014026 0.4793492
2.488511 0.2302307
2.74441 0.3895162
2.737809 0.4121097
3.132854 0.2115564
3.379235 0.2838558
3.707105 0.07342249
4.130606 0.386329
3.282269 0.2302724
3.402635 0.351952
3.255632 0.1072086
3.165691 0.4088647
3.398539 0.3102019
2.813911 0.3980015
3.144555 0.350176
4.265014 0.4454793
3.94127 0.1704715
2.814537 0.2191526
3.496799 0.4902321
3.281922 0.4903326
4.116083 0.4223421
3.319631 0.09455777
4.137518 0.4299961
3.765394 0.101403
3.827119 0.2154508
3.92036 0.4183087
3.052213 0.3449128
3.102526 0.4299096
3.28756 0.4825416
3.033179 0.0284418
2.520633 0.432116
2.510071 0.4216837
2.711473 0.437291
2.283194 0.2886204
4.120697 0.4498413
4.938259 0.4695678
3.35731 0.161013
3.252449 0.4297932
2.931149 0.4639177
3.937381 0.2961075
3.44251 0.2556058
3.120779 0.152577
2.908791 0.0586871
2.551439 0.2151126
3.066558 0.4455994
2.797154 0.2374161
2.78656 0.4205464
2.681838 0.2746237
3.468556 0.412929
2.794846 0.2956428
3.006718 0.45603
3.144548 0.3482554
3.032499 0.3952584
3.18248 0.3798353
2.606213 0.4014466
2.958806 0.2724035
3.21873 0.2275752
2.827784 0.2931606
2.26351 0.2811697
3.229674 0.3506652
2.386897 0.2125836
4.177949 0.03384449
3.014396 0.2182911
4.004442 0.4416792
3.834711 0.2971596
3.676154 0.4621348
3.078914 0.1839465
3.762285 0.2302777
3.008375 0.2099702
3.610848 0.2935386
3.213389 0.2579471
3.836766 0.3488557
2.74273 0.2066416
3.123601 0.1951895
2.748683 0.363119
2.779318 0.3885003
2.649489 0.2484403
3.006652 0.1123663
3.090215 0.1780805
3.019447 0.2681833
3.180376 0.1782855
2.339998 0.1484618
2.847743 0.3434095
3.013381 0.4143815
3.670529 0.2464475
3.030661 0.3987389
3.059116 0.227992
2.465156 0.15108
2.701671 0.2706356
3.027326 0.4297263
2.758761 0.2163795
2.653838 0.4380124
2.65719 0.3447979
3.068961 0.06925553
2.955879 0.2057305
3.099668 0.3770819
2.381046 0.3990199
2.633223 0.3128069
2.650478 0.4782333
3.00647 0.366251
3.358931 0.4621363
3.407542 0.04506862
2.669234 0.2481331
3.030106 0.4812182
2.982895 0.1971243
3.084921 0.1498237
4.21422 0.297314
3.200228 0.4809022
3.339731 0.09454588
3.602988 0.3951636
3.673935 0.4106334
3.364706 0.4792528
3.202993 0.2609146
2.79618 0.3914297
2.740309 0.4830076
3.077422 0.4539132
3.170358 0.4289781
2.976713 0.3650211
2.924006 0.2360636
2.59935 0.05963728
2.923065 0.1019458
3.499737 0.2467684
3.192018 0.3416702
3.226091 0.335861
3.097261 0.2935811
3.052734 0.1880023
2.685886 0.2314866
3.023147 0.1961288
3.274465 0.4182117
2.808661 0.4678402
2.545901 0.4231953
3.070075 0.3907087
3.15754 0.2146012
2.850864 0.4954847
3.039903 0.4908972
3.125671 0.3530867
3.348616 0.3835859
2.770795 0.4957847
2.440418 0.2820592
2.214465 0.3857263
2.512703 0.2452695
2.674731 0.4987706
2.890061 0.4358992
2.914609 0.3224236
3.10615 0.3773841
3.233565 0.3688271
2.539297 0.4285346
3.603699 0.4578022
3.887515 0.3072109
4.671487 0.2433697
3.990494 0.363937
3.088678 0.3462302
2.64722 0.1409251
2.787116 0.4646198
2.363293 0.102884
2.932023 0.1810043
2.94367 0.3429132
2.686119 0.02763897
2.807904 0.4062176
2.861007 0.3628867
3.941761 0.03789334
2.785223 0.1082426
2.858035 0.4508562
2.778406 0.1215696
2.507315 0.1637722
2.877151 0.4877817
2.469815 0.4878846
2.474869 0.1873686
2.500283 0.3954601
2.909544 0.1832491
2.962027 0.3959807
3.143659 0.03258716
3.539721 0.4465947
3.269987 0.4612136
2.679222 0.2361705
3.612137 0.2982402
2.971388 0.2498528
3.372794 0.1716861
3.124624 0.3500833
3.20584 0.3534021
2.893571 0.3341475
2.870192 0.2719496
3.699 0.2745351
4.295682 0.1082867
3.57494 0.1234629
3.998008 0.4851703
3.325023 0.04640664
4.242731 0.2267499
3.374689 0.1487116
2.99558 0.2000866
2.665001 0.3167308
3.618215 0.4065154
4.296486 0.04704321
3.358034 0.1742729
3.066632 0.1904061
3.264437 0.2553867
3.187786 0.1767489
3.028569 0.09168983
3.083531 0.4544753
3.229409 0.3856832
2.768967 0.2224946
3.586163 0.402967
3.184857 0.432052
3.459055 0.1825103
2.812913 0.4007439
2.934526 0.2777771
3.774026 0.40947
3.263723 0.2705608
3.276914 0.4842893
3.422686 0.08072551
2.892131 0.23717
2.889483 0.1572413
3.383416 0.4418156
3.407083 0.3950392
3.470101 0.4943811
2.864212 0.4553259
2.305434 0.06982119
2.96985 0.3169724
3.555297 0.3566635
3.108774 0.3758133
2.793544 0.3012475
2.844024 0.336732
2.419966 0.2427447
3.0713 0.3200336
2.828075 0.1520595
3.204136 0.3143015
3.0307 0.339517
3.210732 0.1589237
2.844576 0.4903043
3.243348 0.125809
2.517981 0.38709
2.688353 0.1395712
2.396654 0.4880793
2.045929 0.382432
3.092469 0.1434873
2.760128 0.1564491
2.821727 0.3614942
3.22369 0.06980003
3.355315 0.1090943
3.332972 0.2849147
2.902397 0.318918
2.636254 0.3016378
3.559726 0.1223967
3.564975 0.2323075
2.987263 0.4672875
3.521708 0.2539803
3.124226 0.4933451
3.342719 0.3282532
3.358701 0.2439469
3.042944 0.2483604
2.602336 0.4921307
2.946822 0.133706
3.483531 0.2235412
3.176349 0.3850666
3.321716 0.3688801
3.138164 0.3086593
3.030407 0.176585
3.162469 0.2745846
2.944661 0.4621186
3.186308 0.4047407
5.96101 0.1615812
3.050917 0.3721695
2.669275 0.05038562
3.912515 0.1425052
3.492388 0.4260588
3.185781 0.1372912
3.610966 0.3508949
3.628742 0.2249552
3.149331 0.4171126
2.613093 0.1715772
3.689887 0.1136979
3.368513 0.224182
4.4339 0.1555643
3.003105 0.4753322
3.018853 0.4018992
3.258354 0.318218
3.081711 0.449164
3.396389 0.2305862
2.551026 0.3619984
2.970212 0.05341019
2.466282 0.2698713
3.025315 0.2949375
3.742915 0.04021842
4.749863 0.315753
3.097913 0.4071546
3.537108 0.4602679
3.390737 0.0993528
3.095975 0.3364717
3.309795 0.3612852
3.646811 0.312642
3.209407 0.3658962
3.249503 0.1836058
3.042953 0.4405873
3.554501 0.2057787
3.108299 0.3870083
2.750682 0.1563585
3.321879 0.1934449
2.667154 0.1101117
3.002622 0.2643878
2.894392 0.09662655
3.064931 0.2688641
2.937606 0.4540147
2.964492 0.1882777
3.358289 0.1571872
3.12311 0.4093869
2.768603 0.4929791
2.95902 0.3354438
2.639386 0.2598443
3.834745 0.09964006
3.277274 0.3415691
3.938975 0.1856109
3.270263 0.4516844
3.096372 0.3606819
2.870384 0.2061447
2.755253 0.2429242
2.934582 0.3206426
2.539263 0.1652552
3.066093 0.08316072
2.926113 0.3354692
3.090514 0.133517
2.481349 0.1727878
3.224678 0.1368477
3.128127 0.3210085
3.250875 0.483463
3.740605 0.1105118
3.062971 0.3666098
3.069857 0.05556052
2.846995 0.4669642
2.808463 0.4798203
2.819487 0.178768
2.343092 0.2418816
2.533549 0.2784856
2.675426 0.3266295
3.668319 0.1347058
3.437729 0.2291848
3.206213 0.2905856
2.973527 0.1335803
2.845179 0.2682066
3.867318 0.3267137
3.068425 0.4792095
3.07239 0.1796751
3.020801 0.02226077
3.274715 0.3807112
2.980382 0.4294648
3.293528 0.2125826
2.839456 0.2753019
2.67397 0.1794871
3.443581 0.07174225
3.717801 0.1696844
3.222703 0.2459206
2.929299 0.3524521
2.927504 0.2859771
3.069534 0.2494584
3.768826 0.1860508
2.734635 0.09445125
3.162938 0.4935882
3.089897 0.4380685
3.287911 0.344338
2.763944 0.2552356
3.087905 0.3062511
3.182906 0.3645609
2.698424 0.237297
2.932893 0.2802128
3.100704 0.1823159
3.090713 0.3495271
3.034569 0.2752567
3.775314 0.2236466
2.823518 0.4390761
3.062063 0.3666805
2.832014 0.4129841
2.90701 0.3046129
3.365337 0.1876463
3.026779 0.320417
2.974146 0.2169729
3.157267 0.4810924
3.798016 0.2690472
2.908285 0.240593
2.816407 0.4990413
2.637067 0.1757926
2.796094 0.077365
2.796582 0.08100015
2.848054 0.4483216
3.311177 0.1958861
4.533016 0.3074158
2.948586 0.05469127
3.475306 0.3073952
3.223663 0.07471108
3.4269 0.06264171
3.240394 0.301052
3.797037 0.3374378
2.599678 0.1170577
3.430168 0.1657274
3.29947 0.2884006
4.487932 0.1713023
3.989659 0.2366605
3.918631 0.4446293
3.565926 0.4666166
3.779745 0.3332836
2.804488 0.2924
2.756494 0.3633857
2.650755 0.3681764
3.503157 0.284597
4.074355 0.4727773
2.766874 0.3456533
3.456037 0.3771564
2.998228 0.3826866
3.224534 0.1755696
3.446015 0.1723887
2.939274 0.1696057
3.027547 0.4208967
2.869016 0.412234
3.135583 0.2282664
2.909903 0.1642306
2.753402 0.4786799
2.667147 0.1838421
3.740401 0.1818538
3.307231 0.06600443
4.10446 0.2849821
3.36387 0.340221
3.349557 0.06686468
3.237282 0.04304313
3.046004 0.3866901
3.05311 0.06767532
2.863742 0.225142
3.003454 0.1160839
3.13349 0.1178647
2.937734 0.2405603
2.798323 0.4772868
2.393572 0.08269861
2.742695 0.4442104
2.77859 0.3619824
3.276487 0.1078454
3.382761 0.1481736
3.790864 0.1042839
3.274627 0.2498041
2.772821 0.4406505
2.73219 0.08178589
2.850697 0.4944464
2.415316 0.3809165
2.798711 0.07531235
2.820684 0.4116333
2.774614 0.3784549
3.081849 0.3645601
2.97911 0.09499154
3.347261 0.2151667
2.550195 0.4294515
2.783509 0.3722633
2.758476 0.4197481
3.026779 0.09642123
2.781407 0.4707165
3.152623 0.4915019
3.040479 0.2009702
2.989199 0.47893
2.80601 0.1358651
2.858261 0.1388543
2.671488 0.4486035
2.633236 0.2105952
2.47815 0.357932
2.764244 0.2431366
3.138814 0.2052583
3.113733 0.1808804
2.800811 0.1648702
2.899572 0.231119
2.875819 0.08076151
2.906417 0.2895067
3.068596 0.1825534
2.72113 0.253587
3.706264 0.1550433
3.099342 0.1547302
3.44512 0.1220224
3.264321 0.2594003
3.340209 0.3113298
2.861278 0.1483841
3.504737 0.3234894
3.61046 0.281213
3.194813 0.07919628
5.662912 0.2579728
3.9386 0.2976305
3.198126 0.1518247
3.240292 0.3749098
5.80953 0.08725164
3.734504 0.3080053
4.251103 0.1955039
3.607499 0.06893484
3.435231 0.1275499
3.476079 0.1854758
2.766005 0.04186133
3.592822 0.2573988
3.378362 0.3378868
4.727103 0.3836316
3.386638 0.1406953
3.199276 0.3565165
3.346719 0.2684499
3.495455 0.482058
2.816634 0.1789428
3.587311 0.2180298
2.743497 0.1881974
2.828735 0.03560126
3.45888 0.2239351
3.753862 0.1746696
3.005415 0.3749172
3.298192 0.4959479
3.543943 0.2188736
3.510131 0.08170439
3.096376 0.3196668
2.568803 0.346632
3.255848 0.2552902
2.704232 0.4274092
3.698162 0.1062613
3.096186 0.2493459
3.570835 0.4115697
2.949337 0.2429725
3.363601 0.4401877
3.029756 0.1954492
3.774081 0.2870034
4.121771 0.1437691
2.83696 0.3440354
3.357125 0.3870551
3.146445 0.3951043
2.942343 0.2468471
3.264272 0.2946335
3.287362 0.09848405
3.840644 0.2521289
2.607436 0.4082492
3.058494 0.1953254
3.068137 0.2143685
2.848222 0.3954753
3.102473 0.2470054
3.629093 0.418294
3.338471 0.1831807
5.717917 0.08289477
3.237785 0.2815203
3.933436 0.4314282
2.93281 0.174146
2.979095 0.3681064
3.305403 0.4796701
3.345679 0.2649417
3.375732 0.2741585
2.908358 0.4443913
2.70968 0.05869229
3.293246 0.4587015
3.685179 0.4724311
3.102381 0.4771151
3.13644 0.3047009
2.869672 0.1174226
3.053959 0.08844195
3.122936 0.3521024
2.930056 0.2440144
3.90776 0.338751
3.582956 0.2862111
3.738054 0.3957131
3.040562 0.2285161
3.213284 0.4031521
3.386495 0.2926215
3.092638 0.4946342
3.466351 0.4220106
3.057895 0.2408213
3.589723 0.1355853
3.495007 0.2798536
3.06827 0.4484794
3.496466 0.2176911
2.783045 0.2169779
3.167353 0.2634556
3.95803 0.4938306
3.409551 0.04914681
2.868592 0.2938274
2.588773 0.3126455
3.204601 0.2548605
3.228612 0.1148858
3.043383 0.3599233
2.969253 0.3493546
2.824872 0.4932466
3.113996 0.3704862
3.401331 0.03765613
3.137481 0.4002077
3.154167 0.3033781
3.01623 0.2553528
2.39305 0.228638
2.949501 0.1046288
2.694934 0.3287763
2.823772 0.3432607
2.790544 0.03425807
3.183079 0.2589951
3.081557 0.08913788
3.178718 0.1746089
2.798837 0.4521562
2.93152 0.2503459
3.167468 0.2190258
3.414214 0.4208333
3.111232 0.2227909
3.11081 0.1422481
3.046088 0.3515054
3.056781 0.2670715
3.394142 0.1217736
3.868687 0.1802516
3.528643 0.4750987
3.46809 0.3048763
3.109942 0.2181324
2.988506 0.4395995
3.089004 0.2893306
3.552174 0.1986401
3.317621 0.07433665
2.993296 0.2639855
3.820976 0.08376698
3.027059 0.4823886
2.804852 0.1745739
2.831283 0.4526072
2.822059 0.1101195
3.148078 0.3501113
2.82663 0.4965683
2.568007 0.2043036
3.085547 0.2928304
2.981545 0.4503754
2.557891 0.2078701
2.574524 0.3042305
3.273632 0.2210442
3.626895 0.3842284
3.694443 0.2024315
3.407072 0.2562313
3.936109 0.06504426
3.109721 0.1751049
3.368254 0.3506675
2.863318 0.4494106
3.53776 0.184144
3.460342 0.05622738
3.00401 0.3463576
3.283593 0.1392965
3.111433 0.1733202
2.98357 0.4516335
3.262298 0.2497313
2.928381 0.368138
3.388584 0.2744919
2.322256 0.09359135
3.750475 0.2278602
3.62909 0.3068254
2.687496 0.1252483
3.1051 0.1612457
3.069952 0.2657856
3.287507 0.1574942
3.395632 0.2976008
3.005285 0.1146151
3.159338 0.4549757
3.733077 0.2451199
