"p_1" "p_2"
0.6543996 0.3456004
0.7288295 0.2711705
0.6834246 0.3165754
0.6507885 0.3492115
0.6574969 0.3425031
0.7369342 0.2630658
0.7188677 0.2811323
0.708056 0.291944
0.6045655 0.3954345
0.6325354 0.3674646
0.7247763 0.2752237
0.7152588 0.2847412
0.7061976 0.2938024
0.6714649 0.3285351
0.6187604 0.3812396
0.7413905 0.2586095
0.6870462 0.3129538
0.6903271 0.3096729
0.7345138 0.2654862
0.7808137 0.2191863
0.7710814 0.2289186
0.644629 0.355371
0.7350314 0.2649686
0.7348379 0.2651621
0.7510106 0.2489894
0.6740037 0.3259963
0.6516182 0.3483818
0.7765399 0.2234601
0.7231626 0.2768374
0.7134839 0.2865161
0.7874227 0.2125773
0.7242244 0.2757756
0.6315953 0.3684047
0.7430859 0.2569141
0.6420587 0.3579413
0.7807809 0.2192191
0.6871781 0.3128219
0.6281399 0.3718601
0.7194498 0.2805502
0.6827019 0.3172981
0.743613 0.256387
0.7605779 0.2394221
0.6478483 0.3521517
0.6422712 0.3577288
0.6770589 0.3229411
0.6264011 0.3735989
0.7988049 0.2011951
0.7241901 0.2758099
0.6783915 0.3216085
0.6784967 0.3215033
0.6708183 0.3291817
0.6152974 0.3847026
0.7470783 0.2529217
0.6840772 0.3159228
0.6510211 0.3489789
0.7343478 0.2656522
0.6708399 0.3291601
0.6502664 0.3497336
0.6480904 0.3519096
0.6297484 0.3702516
0.7207641 0.2792359
0.6955388 0.3044612
0.6641684 0.3358316
0.7390216 0.2609784
0.7294311 0.2705689
0.7242986 0.2757014
0.634865 0.365135
0.7130409 0.2869591
0.6756241 0.3243759
0.6246873 0.3753127
0.7381724 0.2618276
0.6939122 0.3060878
0.7322494 0.2677506
0.690058 0.309942
0.6862376 0.3137624
0.7055976 0.2944024
0.6119699 0.3880301
0.6571217 0.3428783
0.6434422 0.3565578
0.7635734 0.2364266
0.6464207 0.3535793
0.7154554 0.2845446
0.7217555 0.2782445
0.7128277 0.2871723
0.5983358 0.4016642
0.6909013 0.3090987
0.6725745 0.3274255
0.6895713 0.3104287
0.7025199 0.2974801
0.6804891 0.3195109
0.7354301 0.2645699
0.6420946 0.3579054
0.7382643 0.2617357
0.7227662 0.2772338
0.7235638 0.2764362
0.623683 0.376317
0.6763328 0.3236672
0.7225718 0.2774282
0.6476666 0.3523334
0.6583625 0.3416375
0.6581814 0.3418186
0.7602866 0.2397134
0.7883142 0.2116858
0.6738011 0.3261989
0.6764222 0.3235778
0.7136502 0.2863498
0.7428352 0.2571648
0.6838003 0.3161997
0.6937336 0.3062664
0.67381 0.32619
0.7553916 0.2446084
0.6469294 0.3530706
0.6518237 0.3481763
0.7705402 0.2294598
0.616296 0.383704
0.7122387 0.2877613
0.6139866 0.3860134
0.7083911 0.2916089
0.6296096 0.3703904
0.6374246 0.3625754
0.7237586 0.2762414
0.7378126 0.2621874
0.7430787 0.2569213
0.8156289 0.1843711
0.6744323 0.3255677
0.5741234 0.4258766
0.6907808 0.3092192
0.7513955 0.2486045
0.6363697 0.3636303
0.7209213 0.2790787
0.6774043 0.3225957
0.6836338 0.3163662
0.7683607 0.2316393
0.6567968 0.3432032
0.7608092 0.2391908
0.7422458 0.2577542
0.6960892 0.3039108
0.6880116 0.3119884
0.6843481 0.3156519
0.7603917 0.2396083
0.7350699 0.2649301
0.7571573 0.2428427
0.7623629 0.2376371
0.7737375 0.2262625
0.7275126 0.2724874
0.6520989 0.3479011
0.7286697 0.2713303
0.6978128 0.3021872
0.6914811 0.3085189
0.6830831 0.3169169
0.7058181 0.2941819
0.6406247 0.3593753
0.792941 0.207059
0.6881455 0.3118545
0.7311234 0.2688766
0.6864318 0.3135682
0.6647331 0.3352669
0.6977181 0.3022819
0.646387 0.353613
0.6651666 0.3348334
0.6570437 0.3429563
0.6411129 0.3588871
0.636952 0.363048
0.6961939 0.3038061
0.6843241 0.3156759
0.5922379 0.4077621
0.6508235 0.3491765
0.6017408 0.3982592
0.722721 0.277279
0.6837135 0.3162865
0.7157451 0.2842549
0.7324518 0.2675482
0.6942341 0.3057659
0.6199839 0.3800161
0.6044577 0.3955423
0.6744798 0.3255202
0.7192023 0.2807977
0.7583432 0.2416568
0.7162109 0.2837891
0.7001631 0.2998369
0.6315311 0.3684689
0.6973118 0.3026882
0.6593034 0.3406966
0.7543293 0.2456707
0.7499947 0.2500053
0.7354912 0.2645088
0.6538741 0.3461259
0.6781013 0.3218987
0.6508523 0.3491477
0.7434097 0.2565903
0.6734653 0.3265347
0.7411754 0.2588246
0.6891944 0.3108056
0.6794263 0.3205737
0.6788819 0.3211181
0.6273481 0.3726519
0.7611529 0.2388471
0.6305698 0.3694302
0.7282156 0.2717844
0.7706051 0.2293949
0.7016247 0.2983753
0.6883068 0.3116932
0.6370222 0.3629778
0.6492178 0.3507822
0.6838556 0.3161444
0.7052791 0.2947209
0.7388499 0.2611501
0.7549518 0.2450482
0.7392906 0.2607094
0.6608219 0.3391781
0.6887576 0.3112424
0.6537602 0.3462398
0.7808603 0.2191397
0.7160285 0.2839715
0.6497117 0.3502883
0.7443388 0.2556612
0.7239034 0.2760966
0.7118068 0.2881932
0.7223446 0.2776554
0.6787925 0.3212075
0.7104037 0.2895963
0.6821289 0.3178711
0.6965849 0.3034151
0.7222471 0.2777529
0.7991565 0.2008435
0.6008862 0.3991138
0.7685921 0.2314079
0.6630357 0.3369643
0.6502175 0.3497825
0.6516324 0.3483676
0.6465504 0.3534496
0.5814338 0.4185662
0.6363227 0.3636773
0.6265341 0.3734659
0.7335193 0.2664807
0.698814 0.301186
0.7089931 0.2910069
0.669217 0.330783
0.7002892 0.2997108
0.6701278 0.3298722
0.7449807 0.2550193
0.6915621 0.3084379
0.6629138 0.3370862
0.6482929 0.3517071
0.7217491 0.2782509
0.6650199 0.3349801
0.7063196 0.2936804
0.7061452 0.2938548
0.7368565 0.2631435
0.720034 0.279966
0.6504575 0.3495425
0.7566696 0.2433304
0.7028751 0.2971249
0.7379738 0.2620262
0.7355183 0.2644817
0.7280004 0.2719996
0.7232738 0.2767262
0.6257286 0.3742714
0.7007764 0.2992236
0.6838848 0.3161152
0.6507421 0.3492579
0.6791604 0.3208396
0.6714309 0.3285691
0.7007679 0.2992321
0.6774171 0.3225829
0.7239064 0.2760936
0.6548298 0.3451702
0.6322415 0.3677585
0.7210119 0.2789881
0.6715017 0.3284983
0.7008671 0.2991329
0.6894971 0.3105029
0.6950029 0.3049971
0.6781776 0.3218224
0.7359095 0.2640905
0.5983206 0.4016794
0.6203485 0.3796515
0.6399474 0.3600526
0.6508228 0.3491772
0.7058083 0.2941917
0.6969436 0.3030564
0.6737573 0.3262427
0.6774084 0.3225916
0.6759225 0.3240775
0.6908109 0.3091891
0.7411029 0.2588971
0.7155059 0.2844941
0.7208819 0.2791181
0.737594 0.262406
0.5599447 0.4400553
0.7139812 0.2860188
0.7463266 0.2536734
0.7528066 0.2471934
0.7071452 0.2928548
0.6974128 0.3025872
0.6208254 0.3791746
0.7547093 0.2452907
0.6978925 0.3021075
0.6968994 0.3031006
0.7019954 0.2980046
0.7790629 0.2209371
0.7698747 0.2301253
0.6563662 0.3436338
0.6744135 0.3255865
0.7442191 0.2557809
0.7441179 0.2558821
0.7141579 0.2858421
0.6949019 0.3050981
0.6367624 0.3632376
0.6855147 0.3144853
0.6973227 0.3026773
0.7083515 0.2916485
0.6473085 0.3526915
0.7013754 0.2986246
0.6548042 0.3451958
0.6938282 0.3061718
0.6965826 0.3034174
0.780553 0.219447
0.6481489 0.3518511
0.645414 0.354586
0.7611128 0.2388872
0.6926406 0.3073594
0.6706292 0.3293708
0.5702503 0.4297497
0.7857107 0.2142893
0.7282071 0.2717929
0.6654265 0.3345735
0.6945957 0.3054043
0.7189344 0.2810656
0.7820616 0.2179384
0.6892282 0.3107718
0.6612812 0.3387188
0.678739 0.321261
0.7546398 0.2453602
0.8547 0.1453
0.7713945 0.2286055
0.5967369 0.4032631
0.5897194 0.4102806
0.7379027 0.2620973
0.6569264 0.3430736
0.7585761 0.2414239
0.6701423 0.3298577
0.727075 0.272925
0.7449377 0.2550623
0.6853028 0.3146972
0.669934 0.330066
0.8143305 0.1856695
0.7266744 0.2733256
0.6655562 0.3344438
0.7472238 0.2527762
0.5649263 0.4350737
0.6514461 0.3485539
0.6567526 0.3432474
0.6999209 0.3000791
0.7659752 0.2340248
0.6606545 0.3393455
0.7486934 0.2513066
0.724665 0.275335
0.6550254 0.3449746
0.606835 0.393165
0.6156927 0.3843073
0.7716774 0.2283226
0.6039945 0.3960055
0.7617457 0.2382543
0.7119427 0.2880573
0.6874465 0.3125535
0.6926373 0.3073627
0.7239666 0.2760334
0.6203291 0.3796709
0.7180304 0.2819696
0.7704051 0.2295949
0.6936368 0.3063632
0.684151 0.315849
0.7143057 0.2856943
0.5949204 0.4050796
0.7038181 0.2961819
0.7346325 0.2653675
0.6665975 0.3334025
0.6988378 0.3011622
0.7552411 0.2447589
0.7056183 0.2943817
0.6391194 0.3608806
0.7091077 0.2908923
0.7119114 0.2880886
0.7977482 0.2022518
0.7558282 0.2441718
0.7162398 0.2837602
0.6514271 0.3485729
0.757659 0.242341
0.7190237 0.2809763
0.6848128 0.3151872
0.6986829 0.3013171
0.6919471 0.3080529
0.7321255 0.2678745
0.6924685 0.3075315
0.7135371 0.2864629
0.7578284 0.2421716
0.6727385 0.3272615
0.676085 0.323915
0.6932395 0.3067605
0.68644 0.31356
0.7078393 0.2921607
0.6680455 0.3319545
0.6699746 0.3300254
0.6243858 0.3756142
0.6261325 0.3738675
0.7831501 0.2168499
0.6573284 0.3426716
0.7590867 0.2409133
0.7542467 0.2457533
0.6972861 0.3027139
0.7414232 0.2585768
0.7572097 0.2427903
0.7212983 0.2787017
0.6653687 0.3346313
0.6998606 0.3001394
0.7253036 0.2746964
0.7343862 0.2656138
0.7325038 0.2674962
0.7298922 0.2701078
0.6347705 0.3652295
0.7272546 0.2727454
0.7464827 0.2535173
0.6369118 0.3630882
0.5955115 0.4044885
0.5986126 0.4013874
0.7366104 0.2633896
0.7770146 0.2229854
0.7115981 0.2884019
0.6204495 0.3795505
0.7725293 0.2274707
0.7068141 0.2931859
0.7306608 0.2693392
0.7246813 0.2753187
0.776031 0.223969
0.7057193 0.2942807
0.6740521 0.3259479
0.6810329 0.3189671
0.638042 0.361958
0.6591244 0.3408756
0.646259 0.353741
0.5987681 0.4012319
0.6401044 0.3598956
0.6699171 0.3300829
0.7074711 0.2925289
0.6182986 0.3817014
0.7471441 0.2528559
0.7060699 0.2939301
0.6595034 0.3404966
0.6718118 0.3281882
0.6437029 0.3562971
0.7103772 0.2896228
0.6580926 0.3419074
0.6335617 0.3664383
0.5835436 0.4164564
0.6387197 0.3612803
0.7368951 0.2631049
0.7107448 0.2892552
0.6574721 0.3425279
0.7096965 0.2903035
0.7056766 0.2943234
0.7378567 0.2621433
0.7322949 0.2677051
0.6563748 0.3436252
0.6106127 0.3893873
0.6448392 0.3551608
0.5572668 0.4427332
0.6534484 0.3465516
0.6272238 0.3727762
0.7514526 0.2485474
0.7520083 0.2479917
0.5378285 0.4621715
0.7101717 0.2898283
0.7880133 0.2119867
0.6289618 0.3710382
0.6603552 0.3396448
0.7061889 0.2938111
0.7598512 0.2401488
0.746713 0.253287
0.7653122 0.2346878
0.6172674 0.3827326
0.6309557 0.3690443
0.7440616 0.2559384
0.727456 0.272544
0.7078876 0.2921124
0.7784818 0.2215182
0.6560904 0.3439096
0.7993223 0.2006777
0.719193 0.280807
0.7729544 0.2270456
0.6698744 0.3301256
0.715094 0.284906
0.6992024 0.3007976
0.7005325 0.2994675
0.7514391 0.2485609
0.6212246 0.3787754
0.6278041 0.3721959
0.7312903 0.2687097
0.7144517 0.2855483
0.6724481 0.3275519
0.6808118 0.3191882
0.5169495 0.4830505
0.6345456 0.3654544
0.6600689 0.3399311
0.746624 0.253376
0.6517059 0.3482941
0.685471 0.314529
0.6366603 0.3633397
0.7229363 0.2770637
0.6653067 0.3346933
0.7310779 0.2689221
0.7154313 0.2845687
0.6335131 0.3664869
0.7499981 0.2500019
0.7739526 0.2260474
0.7150782 0.2849218
0.7493948 0.2506052
0.7197592 0.2802408
0.6458409 0.3541591
0.671464 0.328536
0.7486487 0.2513513
0.769761 0.230239
0.734688 0.265312
0.7064546 0.2935454
0.6368536 0.3631464
0.8320748 0.1679252
0.7598824 0.2401176
0.6855781 0.3144219
0.6982527 0.3017473
0.6673409 0.3326591
0.6769535 0.3230465
0.7336101 0.2663899
0.7225871 0.2774129
0.7538598 0.2461402
0.8205398 0.1794602
0.6192734 0.3807266
0.5678745 0.4321255
0.692658 0.307342
0.6809481 0.3190519
0.6552281 0.3447719
0.6557553 0.3442447
0.6847978 0.3152022
0.7102251 0.2897749
0.7475191 0.2524809
0.7518359 0.2481641
0.7536361 0.2463639
0.6697055 0.3302945
0.7309856 0.2690144
0.7463882 0.2536118
0.6736054 0.3263946
0.7783031 0.2216969
0.6648111 0.3351889
0.6674307 0.3325693
0.6763758 0.3236242
0.7749967 0.2250033
0.6875724 0.3124276
0.6831322 0.3168678
0.6079328 0.3920672
0.7454514 0.2545486
0.6681164 0.3318836
0.6306195 0.3693805
0.7346883 0.2653117
0.674956 0.325044
0.7497351 0.2502649
0.6254735 0.3745265
0.6423717 0.3576283
0.7483718 0.2516282
0.7631307 0.2368693
0.6719206 0.3280794
0.6290903 0.3709097
0.738644 0.261356
0.686334 0.313666
0.7580686 0.2419314
0.7705697 0.2294303
0.7098614 0.2901386
0.7407777 0.2592223
0.6902649 0.3097351
0.7853127 0.2146873
0.650848 0.349152
0.6853741 0.3146259
0.6973383 0.3026617
0.6029059 0.3970941
0.6928203 0.3071797
0.7279982 0.2720018
0.6637215 0.3362785
0.7179146 0.2820854
0.6818829 0.3181171
0.7351975 0.2648025
0.7949431 0.2050569
0.6791546 0.3208454
0.6850111 0.3149889
0.7184259 0.2815741
0.6916616 0.3083384
0.7251798 0.2748202
0.616684 0.383316
0.8229879 0.1770121
0.7033591 0.2966409
0.7227066 0.2772934
0.7226456 0.2773544
0.674106 0.325894
0.7163886 0.2836114
0.6994688 0.3005312
0.6553284 0.3446716
0.6712815 0.3287185
0.688854 0.311146
0.6552331 0.3447669
0.6238971 0.3761029
0.7004217 0.2995783
0.7358288 0.2641712
0.7331754 0.2668246
0.685063 0.314937
0.7281642 0.2718358
0.7081298 0.2918702
0.7440885 0.2559115
0.6684845 0.3315155
0.5965308 0.4034692
0.655461 0.344539
0.7188963 0.2811037
0.7098749 0.2901251
0.7203366 0.2796634
0.7013791 0.2986209
0.7186898 0.2813102
0.5986961 0.4013039
0.7100609 0.2899391
0.6628118 0.3371882
0.6655899 0.3344101
0.7409061 0.2590939
0.7072229 0.2927771
0.5713395 0.4286605
0.7315507 0.2684493
0.6895984 0.3104016
0.7498375 0.2501625
0.7558956 0.2441044
0.7392238 0.2607762
0.7732471 0.2267529
0.7066284 0.2933716
0.6139676 0.3860324
0.7149867 0.2850133
0.7448864 0.2551136
0.7355528 0.2644472
0.7420624 0.2579376
0.7161163 0.2838837
0.7071064 0.2928936
0.7098509 0.2901491
0.6537232 0.3462768
0.779 0.221
0.7570166 0.2429834
0.7833334 0.2166666
0.7016486 0.2983514
0.6260922 0.3739078
0.6952314 0.3047686
0.6944101 0.3055899
0.7359518 0.2640482
0.6729113 0.3270887
0.752555 0.247445
0.7400271 0.2599729
0.7008859 0.2991141
0.7347185 0.2652815
0.7303711 0.2696289
0.7240905 0.2759095
0.5910797 0.4089203
0.6615137 0.3384863
0.6523393 0.3476607
0.7327004 0.2672996
0.5907732 0.4092268
0.6710671 0.3289329
0.8236216 0.1763784
0.7894187 0.2105813
0.7556239 0.2443761
0.6984409 0.3015591
0.7378675 0.2621325
0.7546358 0.2453642
0.7448872 0.2551128
0.725911 0.274089
0.7152918 0.2847082
0.7202702 0.2797298
0.6953552 0.3046448
0.8031172 0.1968828
0.6922282 0.3077718
0.6014535 0.3985465
0.6561329 0.3438671
0.7747256 0.2252744
0.7825271 0.2174729
0.6472951 0.3527049
0.7000455 0.2999545
0.6737329 0.3262671
0.7529937 0.2470063
0.6506334 0.3493666
0.7605757 0.2394243
0.6494278 0.3505722
0.6018338 0.3981662
0.7113521 0.2886479
0.6434211 0.3565789
0.671573 0.328427
0.6228314 0.3771686
0.7133921 0.2866079
0.7498235 0.2501765
0.7441555 0.2558445
0.702862 0.297138
0.6838024 0.3161976
0.6900953 0.3099047
0.77109 0.22891
0.7051231 0.2948769
0.7410889 0.2589111
0.7853228 0.2146772
0.7040525 0.2959475
0.6821427 0.3178573
0.6534258 0.3465742
0.7548537 0.2451463
0.6111073 0.3888927
0.7438929 0.2561071
0.6666513 0.3333487
0.6929519 0.3070481
0.7587571 0.2412429
0.6782395 0.3217605
0.5843735 0.4156265
0.7897621 0.2102379
0.6998184 0.3001816
0.7292931 0.2707069
0.591805 0.408195
0.7080077 0.2919923
0.695607 0.304393
0.6667559 0.3332441
0.7334765 0.2665235
0.7085491 0.2914509
0.6925649 0.3074351
0.7561001 0.2438999
0.6886256 0.3113744
0.7575824 0.2424176
0.8062616 0.1937384
0.5870916 0.4129084
0.6632761 0.3367239
0.6198064 0.3801936
0.6298273 0.3701727
0.5544297 0.4455703
0.7496389 0.2503611
0.6816975 0.3183025
0.7568378 0.2431622
0.7040853 0.2959147
0.7016434 0.2983566
0.661652 0.338348
0.6579357 0.3420643
0.5935686 0.4064314
0.5863921 0.4136079
0.6854832 0.3145168
0.7166399 0.2833601
0.6961247 0.3038753
0.6469559 0.3530441
0.8040052 0.1959948
0.7426523 0.2573477
0.6425565 0.3574435
0.5951015 0.4048985
0.6124442 0.3875558
0.6616009 0.3383991
0.7635344 0.2364656
0.628468 0.371532
0.6594844 0.3405156
0.6327551 0.3672449
0.6915945 0.3084055
0.7076408 0.2923592
0.6941831 0.3058169
0.7876537 0.2123463
0.6889773 0.3110227
0.7376115 0.2623885
0.7456586 0.2543414
0.7536258 0.2463742
0.7613616 0.2386384
0.7099814 0.2900186
0.6519436 0.3480564
0.6989547 0.3010453
0.6200277 0.3799723
0.7321848 0.2678152
0.717158 0.282842
0.6940838 0.3059162
0.6865862 0.3134138
0.6908677 0.3091323
0.7676843 0.2323157
0.7245084 0.2754916
0.7003173 0.2996827
0.7401518 0.2598482
0.6121622 0.3878378
0.6028153 0.3971847
0.6896149 0.3103851
0.7257436 0.2742564
0.6307831 0.3692169
0.6967991 0.3032009
0.7557001 0.2442999
0.7544874 0.2455126
0.7328507 0.2671493
0.6163449 0.3836551
0.6417052 0.3582948
0.6686861 0.3313139
0.5597268 0.4402732
0.7204497 0.2795503
0.6750715 0.3249285
0.7239849 0.2760151
0.7272033 0.2727967
0.685549 0.314451
0.6543083 0.3456917
0.6700032 0.3299968
0.6241667 0.3758333
0.7152263 0.2847737
0.6963127 0.3036873
0.6825144 0.3174856
0.7259026 0.2740974
0.744315 0.255685
0.758895 0.241105
0.6662897 0.3337103
0.7944456 0.2055544
0.6846456 0.3153544
0.7325273 0.2674727
0.6704973 0.3295027
0.5827805 0.4172195
0.6559145 0.3440855
0.6499535 0.3500465
0.6275 0.3725
0.6833766 0.3166234
0.6066834 0.3933166
0.7508451 0.2491549
0.6408995 0.3591005
0.6817499 0.3182501
0.6236552 0.3763448
0.7013569 0.2986431
0.7362372 0.2637628
0.6169749 0.3830251
0.5843258 0.4156742
0.7044774 0.2955226
0.6735859 0.3264141
0.654015 0.345985
0.6349033 0.3650967
0.7119794 0.2880206
0.6771057 0.3228943
0.6494123 0.3505877
0.7051377 0.2948623
0.6300406 0.3699594
0.6996529 0.3003471
0.6140159 0.3859841
0.5983042 0.4016958
0.7105034 0.2894966
0.598828 0.401172
0.723912 0.276088
0.7815454 0.2184546
0.6437622 0.3562378
0.7402764 0.2597236
0.6911411 0.3088589
0.6673364 0.3326636
0.7869725 0.2130275
0.6935297 0.3064703
0.7363897 0.2636103
0.7037105 0.2962895
0.6997542 0.3002458
0.6574175 0.3425825
0.613354 0.386646
0.6798283 0.3201717
0.7844128 0.2155872
0.6798234 0.3201766
0.7080158 0.2919842
0.7481153 0.2518847
0.6897173 0.3102827
0.7940438 0.2059562
0.7144342 0.2855658
0.7336135 0.2663865
0.6264159 0.3735841
0.7105454 0.2894546
0.6756917 0.3243083
0.7175299 0.2824701
0.7196595 0.2803405
0.7188523 0.2811477
0.6419582 0.3580418
0.6819542 0.3180458
0.7299389 0.2700611
0.6141688 0.3858312
0.7591742 0.2408258
0.7412992 0.2587008
0.7663639 0.2336361
0.6309921 0.3690079
0.7397944 0.2602056
0.6993563 0.3006437
0.7143258 0.2856742
0.6641346 0.3358654
0.6511705 0.3488295
0.7580307 0.2419693
0.7240421 0.2759579
0.7489386 0.2510614
0.6303838 0.3696162
0.7711717 0.2288283
0.6269128 0.3730872
0.7542586 0.2457414
0.544667 0.455333
0.6337425 0.3662575
0.665291 0.334709
0.6554726 0.3445274
0.6698825 0.3301175
0.7132235 0.2867765
0.6940611 0.3059389
0.6784119 0.3215881
0.7060911 0.2939089
0.6493085 0.3506915
0.6410058 0.3589942
0.6189195 0.3810805
0.6991945 0.3008055
0.6428361 0.3571639
0.7811645 0.2188355
0.7032739 0.2967261
0.729407 0.270593
0.6470222 0.3529778
0.7465727 0.2534273
0.7869204 0.2130796
0.7010128 0.2989872
0.6284235 0.3715765
0.7099748 0.2900252
0.7164681 0.2835319
0.6694606 0.3305394
0.834548 0.165452
0.6994527 0.3005473
0.7059349 0.2940651
0.6930943 0.3069057
0.6879715 0.3120285
0.7410156 0.2589844
0.7133544 0.2866456
0.7840719 0.2159281
0.6972538 0.3027462
0.7242698 0.2757302
0.6728358 0.3271642
0.6989479 0.3010521
0.7080874 0.2919126
0.6424982 0.3575018
0.7275962 0.2724038
0.7278371 0.2721629
0.6339428 0.3660572
0.7121517 0.2878483
0.6775629 0.3224371
0.6576777 0.3423223
0.6600984 0.3399016
0.720073 0.279927
0.6400029 0.3599971
0.6882764 0.3117236
0.7046298 0.2953702
0.6654624 0.3345376
0.6470512 0.3529488
0.7087559 0.2912441
0.6789907 0.3210093
0.7186882 0.2813118
0.7575612 0.2424388
0.7127718 0.2872282
0.8076265 0.1923735
0.6417774 0.3582226
0.613942 0.386058
0.738434 0.261566
0.6692092 0.3307908
0.7580575 0.2419425
0.709156 0.290844
0.760113 0.239887
0.6759149 0.3240851
0.7499528 0.2500472
0.7520342 0.2479658
0.7316602 0.2683398
0.7289392 0.2710608
0.7119067 0.2880933
0.7350879 0.2649121
0.6061877 0.3938123
0.7202975 0.2797025
0.6623168 0.3376832
0.6562015 0.3437985
0.7096482 0.2903518
0.6717134 0.3282866
0.7900828 0.2099172
0.7232766 0.2767234
0.6307238 0.3692762
0.7119121 0.2880879
0.5897135 0.4102865
0.7113551 0.2886449
0.6620019 0.3379981
0.5812484 0.4187516
0.7414755 0.2585245
0.6464506 0.3535494
0.6833439 0.3166561
0.6925765 0.3074235
0.6643225 0.3356775
0.7230702 0.2769298
0.8543656 0.1456344
0.6786655 0.3213345
0.7153229 0.2846771
0.7894472 0.2105528
0.7121401 0.2878599
0.6913068 0.3086932
0.6366563 0.3633437
0.6725521 0.3274479
0.7140808 0.2859192
0.7218789 0.2781211
0.6760204 0.3239796
0.6353215 0.3646785
0.7075012 0.2924988
0.6983849 0.3016151
0.5885866 0.4114134
0.7462137 0.2537863
0.6918398 0.3081602
0.7087369 0.2912631
0.6500296 0.3499704
0.6998871 0.3001129
0.7158156 0.2841844
0.7316619 0.2683381
0.6785466 0.3214534
0.7205127 0.2794873
0.7215009 0.2784991
0.6591566 0.3408434
0.7020919 0.2979081
0.6722427 0.3277573
0.6550274 0.3449726
0.6919684 0.3080316
0.6788542 0.3211458
0.7134506 0.2865494
0.7324635 0.2675365
0.68504 0.31496
0.7137872 0.2862128
0.6955033 0.3044967
0.7489572 0.2510428
0.7739741 0.2260259
0.639382 0.360618
0.5844841 0.4155159
0.7231456 0.2768544
0.7027201 0.2972799
0.716943 0.283057
0.6325312 0.3674688
0.5424142 0.4575858
0.6112778 0.3887222
0.5520383 0.4479617
0.6434875 0.3565125
0.7134246 0.2865754
0.7220032 0.2779968
0.732876 0.267124
0.6945211 0.3054789
0.6663045 0.3336955
0.6585856 0.3414144
0.6687318 0.3312682
0.7691191 0.2308809
0.6702275 0.3297725
0.6822928 0.3177072
0.6656838 0.3343162
0.6111042 0.3888958
0.6406585 0.3593415
0.7149998 0.2850002
0.7070642 0.2929358
0.6014254 0.3985746
0.7763073 0.2236927
0.6676128 0.3323872
0.6970168 0.3029832
0.5923525 0.4076475
0.6307224 0.3692776
0.608083 0.391917
0.7605264 0.2394736
0.6879283 0.3120717
0.6513461 0.3486539
0.7192953 0.2807047
0.7411162 0.2588838
0.6925681 0.3074319
0.6128597 0.3871403
0.7632408 0.2367592
0.6892832 0.3107168
0.717876 0.282124
0.7125896 0.2874104
0.6940192 0.3059808
0.7191754 0.2808246
0.6887873 0.3112127
0.6008437 0.3991563
0.653756 0.346244
0.6598664 0.3401336
0.5572403 0.4427597
0.7312568 0.2687432
0.693974 0.306026
0.8130315 0.1869685
0.6932238 0.3067762
0.7665329 0.2334671
0.7116332 0.2883668
0.7364979 0.2635021
0.6471112 0.3528888
0.6160455 0.3839545
0.742822 0.257178
0.7304746 0.2695254
0.7425179 0.2574821
0.7698501 0.2301499
0.7949419 0.2050581
0.6419124 0.3580876
0.6126228 0.3873772
0.7149148 0.2850852
0.7365135 0.2634865
0.7413385 0.2586615
0.6259425 0.3740575
0.7176027 0.2823973
0.7139181 0.2860819
0.7585884 0.2414116
0.7219485 0.2780515
0.6333841 0.3666159
0.6971702 0.3028298
0.7060356 0.2939644
0.7179886 0.2820114
0.6806856 0.3193144
0.6654629 0.3345371
0.7863425 0.2136575
0.7142742 0.2857258
0.772217 0.227783
0.6780735 0.3219265
0.7336831 0.2663169
0.7447819 0.2552181
0.6607612 0.3392388
0.7326034 0.2673966
0.6603224 0.3396776
0.6283407 0.3716593
0.575831 0.424169
0.7393841 0.2606159
0.7011011 0.2988989
0.6903467 0.3096533
0.6520534 0.3479466
0.6464903 0.3535097
0.7133313 0.2866687
0.7309272 0.2690728
0.7531875 0.2468125
0.6788315 0.3211685
0.712805 0.287195
0.7903121 0.2096879
0.6786194 0.3213806
0.8073168 0.1926832
0.6691292 0.3308708
0.7010496 0.2989504
0.5666716 0.4333284
0.6962753 0.3037247
0.6894392 0.3105608
0.7473065 0.2526935
0.6178215 0.3821785
0.7582378 0.2417622
0.6862349 0.3137651
0.7128004 0.2871996
0.6823065 0.3176935
0.7013631 0.2986369
0.6388694 0.3611306
0.6746428 0.3253572
0.6774875 0.3225125
0.6542311 0.3457689
0.6606139 0.3393861
0.6352061 0.3647939
0.6655659 0.3344341
0.7524247 0.2475753
0.6926044 0.3073956
0.6553844 0.3446156
0.6431676 0.3568324
0.6850612 0.3149388
0.6108407 0.3891593
0.7381819 0.2618181
0.660519 0.339481
0.6593078 0.3406922
0.6993534 0.3006466
0.7637082 0.2362918
0.7814178 0.2185822
0.7563286 0.2436714
0.6980471 0.3019529
0.6346385 0.3653615
0.691594 0.308406
0.7335908 0.2664092
0.7497777 0.2502223
0.6263967 0.3736033
0.7116304 0.2883696
0.719518 0.280482
0.6624791 0.3375209
0.6620836 0.3379164
0.8053602 0.1946398
0.6882868 0.3117132
0.6455806 0.3544194
0.7230781 0.2769219
0.6142459 0.3857541
0.7498723 0.2501277
0.7500011 0.2499989
0.645092 0.354908
0.6999798 0.3000202
0.5938495 0.4061505
0.714032 0.285968
0.7361825 0.2638175
0.6405852 0.3594148
0.7063994 0.2936006
0.7713484 0.2286516
0.7023876 0.2976124
0.7426562 0.2573438
0.7437749 0.2562251
0.6942505 0.3057495
0.6969768 0.3030232
0.7031377 0.2968623
0.6619913 0.3380087
0.7530086 0.2469914
0.7526314 0.2473686
0.6848327 0.3151673
0.7685332 0.2314668
0.7467925 0.2532075
0.6734047 0.3265953
0.7160554 0.2839446
0.6988221 0.3011779
0.7260914 0.2739086
0.7420815 0.2579185
0.7995959 0.2004041
0.7563626 0.2436374
0.6867138 0.3132862
0.7690854 0.2309146
0.6968042 0.3031958
0.6907271 0.3092729
0.642158 0.357842
0.5676438 0.4323562
0.7289595 0.2710405
0.6456293 0.3543707
0.7450665 0.2549335
0.6585547 0.3414453
0.7120713 0.2879287
0.6914781 0.3085219
0.6124884 0.3875116
0.8162854 0.1837146
0.6531818 0.3468182
0.6237315 0.3762685
0.7098524 0.2901476
0.6413526 0.3586474
0.6885765 0.3114235
0.6700637 0.3299363
0.6940447 0.3059553
0.6717921 0.3282079
0.6999281 0.3000719
0.7242974 0.2757026
0.6412196 0.3587804
0.6710402 0.3289598
0.6651063 0.3348937
0.7786463 0.2213537
0.6877776 0.3122224
0.7310088 0.2689912
0.6575548 0.3424452
0.7217091 0.2782909
0.6897494 0.3102506
0.6809167 0.3190833
0.6879287 0.3120713
0.5974285 0.4025715
0.718581 0.281419
0.6838137 0.3161863
0.5655874 0.4344126
0.73066 0.26934
0.740995 0.259005
0.7248898 0.2751102
0.6794072 0.3205928
0.7493641 0.2506359
0.7981512 0.2018488
0.741852 0.258148
0.7561984 0.2438016
0.6820239 0.3179761
0.6516119 0.3483881
0.6707819 0.3292181
0.7926496 0.2073504
0.7051913 0.2948087
0.7150795 0.2849205
0.6080272 0.3919728
0.6682207 0.3317793
0.7239546 0.2760454
0.7339556 0.2660444
0.5791123 0.4208877
0.6508036 0.3491964
0.6964397 0.3035603
0.7908424 0.2091576
0.8336505 0.1663495
0.7220373 0.2779627
0.7844543 0.2155457
0.8102136 0.1897864
0.8119047 0.1880953
0.7203577 0.2796423
0.7059807 0.2940193
0.7050095 0.2949905
0.7193956 0.2806044
0.6494506 0.3505494
0.706292 0.293708
0.711606 0.288394
0.701784 0.298216
0.7378708 0.2621292
0.7043372 0.2956628
0.6308306 0.3691694
0.7371744 0.2628256
0.6352604 0.3647396
0.8208395 0.1791605
0.6202047 0.3797953
0.7177773 0.2822227
0.7300892 0.2699108
0.6300638 0.3699362
0.5943253 0.4056747
0.7087842 0.2912158
0.7290718 0.2709282
0.7089912 0.2910088
0.7874307 0.2125693
0.6165162 0.3834838
0.7776581 0.2223419
0.6755362 0.3244638
0.7607793 0.2392207
0.7608582 0.2391418
0.7331759 0.2668241
0.6279449 0.3720551
0.7107818 0.2892182
0.6594462 0.3405538
0.6700349 0.3299651
0.721684 0.278316
0.6870225 0.3129775
0.7040135 0.2959865
0.7122072 0.2877928
0.7291717 0.2708283
0.6380903 0.3619097
0.6897255 0.3102745
0.7104324 0.2895676
0.7444972 0.2555028
0.723158 0.276842
0.75914 0.24086
0.7049922 0.2950078
0.691219 0.308781
0.7087114 0.2912886
0.6999315 0.3000685
0.6144525 0.3855475
0.6506 0.3494
0.7306477 0.2693523
0.7086138 0.2913862
0.6057288 0.3942712
0.6720946 0.3279054
0.716576 0.283424
0.7213053 0.2786947
0.6393232 0.3606768
0.7050275 0.2949725
0.6859921 0.3140079
0.7077693 0.2922307
0.7099175 0.2900825
0.7563017 0.2436983
0.7416945 0.2583055
0.6492872 0.3507128
0.7354654 0.2645346
0.7318472 0.2681528
0.6722183 0.3277817
0.6374578 0.3625422
0.7663701 0.2336299
0.6868674 0.3131326
0.7169464 0.2830536
0.674397 0.325603
0.7545112 0.2454888
0.7648902 0.2351098
0.6798673 0.3201327
0.7519191 0.2480809
0.7777366 0.2222634
0.6951909 0.3048091
0.6498379 0.3501621
0.7194477 0.2805523
0.6591772 0.3408228
0.7216806 0.2783194
0.7768982 0.2231018
0.5854066 0.4145934
0.6501813 0.3498187
0.6626091 0.3373909
0.7740393 0.2259607
0.761836 0.238164
0.7096776 0.2903224
0.7693355 0.2306645
0.7636116 0.2363884
0.6480032 0.3519968
0.6799816 0.3200184
0.5859103 0.4140897
0.680189 0.319811
0.6713809 0.3286191
0.7289748 0.2710252
0.6748106 0.3251894
0.6486331 0.3513669
0.6851156 0.3148844
0.6423612 0.3576388
0.6486403 0.3513597
0.6912042 0.3087958
0.5992157 0.4007843
0.6514546 0.3485454
0.7006872 0.2993128
0.6394813 0.3605187
0.7512723 0.2487277
0.6935064 0.3064936
0.6857615 0.3142385
0.6065529 0.3934471
0.7963954 0.2036046
0.7553954 0.2446046
0.7804647 0.2195353
0.7878939 0.2121061
0.7289243 0.2710757
0.7176837 0.2823163
0.7585676 0.2414324
0.753512 0.246488
0.7176748 0.2823252
0.7131868 0.2868132
0.6883991 0.3116009
0.6544031 0.3455969
0.5130169 0.4869831
0.6952749 0.3047251
0.7241886 0.2758114
0.7071753 0.2928247
0.7540612 0.2459388
0.6581843 0.3418157
0.5655928 0.4344072
0.6706521 0.3293479
0.6669196 0.3330804
0.6627928 0.3372072
0.738406 0.261594
0.6866244 0.3133756
0.8066504 0.1933496
0.6652571 0.3347429
0.7497299 0.2502701
0.6904843 0.3095157
0.6907225 0.3092775
0.8049401 0.1950599
0.6358373 0.3641627
0.5965441 0.4034559
0.7100215 0.2899785
0.6162061 0.3837939
0.7066301 0.2933699
0.6645548 0.3354452
0.7044913 0.2955087
0.6412899 0.3587101
0.7064004 0.2935996
0.6413039 0.3586961
0.6313392 0.3686608
0.7351488 0.2648512
0.7518243 0.2481757
0.7070614 0.2929386
0.6629661 0.3370339
0.5886056 0.4113944
0.6110466 0.3889534
0.6161473 0.3838527
0.6241376 0.3758624
0.6790215 0.3209785
0.6853772 0.3146228
0.7092117 0.2907883
0.5602762 0.4397238
0.6912884 0.3087116
0.6842394 0.3157606
0.7178993 0.2821007
0.6324132 0.3675868
0.6760209 0.3239791
0.691664 0.308336
0.7206286 0.2793714
0.7205393 0.2794607
0.7384935 0.2615065
0.6898678 0.3101322
0.6908068 0.3091932
0.7046079 0.2953921
0.7818098 0.2181902
0.6688251 0.3311749
0.6797597 0.3202403
0.7690578 0.2309422
0.6492446 0.3507554
0.6681407 0.3318593
0.6350162 0.3649838
0.6662372 0.3337628
0.6686468 0.3313532
0.7263477 0.2736523
0.7672923 0.2327077
0.7419017 0.2580983
0.7263335 0.2736665
0.7758426 0.2241574
0.705252 0.294748
0.6763506 0.3236494
0.6927351 0.3072649
0.6567305 0.3432695
0.740146 0.259854
0.7164789 0.2835211
0.703602 0.296398
0.740833 0.259167
0.6767284 0.3232716
0.7630994 0.2369006
0.7564611 0.2435389
0.7058037 0.2941963
0.6729012 0.3270988
0.7556314 0.2443686
0.8158138 0.1841862
0.6646542 0.3353458
0.653474 0.346526
0.6994029 0.3005971
0.7742108 0.2257892
0.7109375 0.2890625
0.6182596 0.3817404
0.7528599 0.2471401
0.6774047 0.3225953
0.6594576 0.3405424
0.7046326 0.2953674
0.7630464 0.2369536
0.6556018 0.3443982
0.6928147 0.3071853
0.6191014 0.3808986
0.6812236 0.3187764
0.738677 0.261323
0.7051198 0.2948802
0.7167297 0.2832703
0.671827 0.328173
0.705482 0.294518
0.6446087 0.3553913
0.7639692 0.2360308
0.7100169 0.2899831
0.6968885 0.3031115
0.7249433 0.2750567
0.6748567 0.3251433
0.6702874 0.3297126
0.7077263 0.2922737
0.7501435 0.2498565
0.7263484 0.2736516
0.6620746 0.3379254
0.6757462 0.3242538
0.7175976 0.2824024
0.6950685 0.3049315
0.6550904 0.3449096
0.7514624 0.2485376
0.7071417 0.2928583
0.6017442 0.3982558
0.7787077 0.2212923
0.7049821 0.2950179
0.774881 0.225119
0.7182046 0.2817954
0.6694156 0.3305844
0.7043648 0.2956352
0.7735614 0.2264386
0.6518882 0.3481118
0.6609253 0.3390747
0.6840348 0.3159652
0.6853225 0.3146775
0.7380113 0.2619887
0.7111267 0.2888733
0.720328 0.279672
0.6474907 0.3525093
0.7297652 0.2702348
0.6765122 0.3234878
0.6874349 0.3125651
0.8441622 0.1558378
0.6832142 0.3167858
0.6446541 0.3553459
0.6984364 0.3015636
0.7705277 0.2294723
0.7059389 0.2940611
0.7008387 0.2991613
0.7486203 0.2513797
0.639358 0.360642
0.7644535 0.2355465
0.7409792 0.2590208
0.6496373 0.3503627
0.6662948 0.3337052
0.7251115 0.2748885
0.6698706 0.3301294
0.7650016 0.2349984
0.7656472 0.2343528
0.7066995 0.2933005
0.7389928 0.2610072
0.7705728 0.2294272
0.7832464 0.2167536
0.6193742 0.3806258
0.7856756 0.2143244
0.6689626 0.3310374
0.5617811 0.4382189
0.6964286 0.3035714
0.7291066 0.2708934
0.7001728 0.2998272
0.6882719 0.3117281
0.6617836 0.3382164
0.6735897 0.3264103
0.7661628 0.2338372
0.7383562 0.2616438
0.6145031 0.3854969
0.6773335 0.3226665
0.7171706 0.2828294
0.7054864 0.2945136
0.7118201 0.2881799
0.5981051 0.4018949
0.7872342 0.2127658
0.6072596 0.3927404
0.7638822 0.2361178
0.7458408 0.2541592
0.70572 0.29428
0.7217244 0.2782756
0.6788848 0.3211152
0.7396092 0.2603908
0.7379454 0.2620546
0.6790061 0.3209939
0.7273826 0.2726174
0.7078825 0.2921175
0.6741578 0.3258422
0.6754128 0.3245872
0.7046717 0.2953283
0.6955443 0.3044557
0.7180248 0.2819752
0.7011288 0.2988712
0.68557 0.31443
0.6765026 0.3234974
0.7183707 0.2816293
0.6697508 0.3302492
0.7576076 0.2423924
0.6843697 0.3156303
0.651991 0.348009
0.6419393 0.3580607
0.677624 0.322376
0.7327012 0.2672988
0.7876319 0.2123681
0.6932535 0.3067465
0.6646652 0.3353348
0.7043774 0.2956226
0.6577283 0.3422717
0.6599935 0.3400065
0.725937 0.274063
0.7878525 0.2121475
0.7335866 0.2664134
0.681854 0.318146
0.7786485 0.2213515
0.7230561 0.2769439
0.7035005 0.2964995
0.6721568 0.3278432
0.7443914 0.2556086
0.6404184 0.3595816
0.6778622 0.3221378
0.6588053 0.3411947
0.7226966 0.2773034
0.6742156 0.3257844
0.7204233 0.2795767
0.7071773 0.2928227
0.7757286 0.2242714
0.6548242 0.3451758
0.7546315 0.2453685
0.7276968 0.2723032
0.5989506 0.4010494
0.7826608 0.2173392
0.7003702 0.2996298
0.6130337 0.3869663
0.5884111 0.4115889
0.6912544 0.3087456
0.6223777 0.3776223
0.6404419 0.3595581
0.6478901 0.3521099
0.6868419 0.3131581
0.6881318 0.3118682
0.6797289 0.3202711
0.719768 0.280232
0.5666993 0.4333007
0.7293833 0.2706167
0.6446427 0.3553573
0.7091236 0.2908764
0.6144441 0.3855559
0.6005191 0.3994809
0.6770127 0.3229873
0.699327 0.300673
0.5971022 0.4028978
0.750197 0.249803
0.6854643 0.3145357
0.7056818 0.2943182
0.6451762 0.3548238
0.729682 0.270318
0.6786171 0.3213829
0.7101504 0.2898496
0.717573 0.282427
0.6595132 0.3404868
0.7133494 0.2866506
0.6111687 0.3888313
0.7541894 0.2458106
0.6984776 0.3015224
0.6715618 0.3284382
0.7382839 0.2617161
0.7450439 0.2549561
0.7174445 0.2825555
0.6216903 0.3783097
0.7471948 0.2528052
0.795648 0.204352
0.6907617 0.3092383
0.6849474 0.3150526
0.7134706 0.2865294
0.6705767 0.3294233
0.6880967 0.3119033
0.7148726 0.2851274
0.6872015 0.3127985
0.7120452 0.2879548
0.7207152 0.2792848
0.7007009 0.2992991
0.661906 0.338094
0.6813925 0.3186075
0.7082745 0.2917255
0.6864496 0.3135504
0.6426691 0.3573309
0.5956405 0.4043595
0.6827963 0.3172037
0.6003979 0.3996021
0.5947749 0.4052251
0.7568707 0.2431293
0.6727697 0.3272303
0.7096606 0.2903394
0.705463 0.294537
0.6692018 0.3307982
0.6562319 0.3437681
0.6259716 0.3740284
0.5805869 0.4194131
0.6497877 0.3502123
0.6586849 0.3413151
0.6231776 0.3768224
0.696241 0.303759
0.7651495 0.2348505
0.651662 0.348338
0.6423725 0.3576275
0.6433886 0.3566114
0.7285142 0.2714858
0.6577313 0.3422687
0.6567087 0.3432913
0.6007186 0.3992814
0.7529575 0.2470425
0.7380415 0.2619585
0.6635565 0.3364435
0.6529425 0.3470575
0.6896725 0.3103275
0.6606238 0.3393762
0.6799314 0.3200686
0.61406 0.38594
0.7235202 0.2764798
0.7027004 0.2972996
0.6624986 0.3375014
0.6936478 0.3063522
0.6515092 0.3484908
0.8023497 0.1976503
0.6026035 0.3973965
0.8061371 0.1938629
0.691995 0.308005
0.5476363 0.4523637
0.7278067 0.2721933
0.6867631 0.3132369
0.7115738 0.2884262
0.7598074 0.2401926
0.701645 0.298355
0.748673 0.251327
0.7121686 0.2878314
0.7123344 0.2876656
0.6864314 0.3135686
0.679968 0.320032
0.7190833 0.2809167
0.6163357 0.3836643
0.6690235 0.3309765
0.6846437 0.3153563
0.6770833 0.3229167
0.7045826 0.2954174
0.731873 0.268127
0.6407512 0.3592488
0.587705 0.412295
0.6808053 0.3191947
0.7464086 0.2535914
0.5947686 0.4052314
0.6769663 0.3230337
0.660928 0.339072
0.6298657 0.3701343
0.7002656 0.2997344
0.735021 0.264979
0.8439493 0.1560507
0.741846 0.258154
0.7012972 0.2987028
0.7026642 0.2973358
0.7792861 0.2207139
0.8042648 0.1957352
0.6599514 0.3400486
0.6387439 0.3612561
0.7405351 0.2594649
0.6472299 0.3527701
0.7477373 0.2522627
0.6824944 0.3175056
0.7399697 0.2600303
0.7157102 0.2842898
0.648287 0.351713
0.6659679 0.3340321
0.6450805 0.3549195
0.7421343 0.2578657
0.7320105 0.2679895
0.7004283 0.2995717
0.675564 0.324436
0.746917 0.253083
0.7859154 0.2140846
0.7709228 0.2290772
0.7068752 0.2931248
0.7485546 0.2514454
0.6371738 0.3628262
0.7482654 0.2517346
0.7668174 0.2331826
0.6744011 0.3255989
0.6066458 0.3933542
0.7195569 0.2804431
0.6477198 0.3522802
0.6619577 0.3380423
0.6253116 0.3746884
0.6133931 0.3866069
0.7750742 0.2249258
0.6667073 0.3332927
0.6288676 0.3711324
0.6807563 0.3192437
0.7676491 0.2323509
0.7142924 0.2857076
0.76012 0.23988
0.7384457 0.2615543
0.7122337 0.2877663
0.7015417 0.2984583
0.577212 0.422788
0.6854232 0.3145768
0.6790999 0.3209001
0.7234619 0.2765381
0.6913852 0.3086148
0.5867337 0.4132663
0.6921118 0.3078882
0.7815522 0.2184478
0.6870241 0.3129759
0.7726038 0.2273962
0.6802642 0.3197358
0.7338697 0.2661303
0.7156146 0.2843854
0.71593 0.28407
0.6962306 0.3037694
0.6454498 0.3545502
0.6261956 0.3738044
0.6777777 0.3222223
0.6481943 0.3518057
0.6945863 0.3054137
0.6528903 0.3471097
0.6680606 0.3319394
0.666078 0.333922
0.7034661 0.2965339
0.6551221 0.3448779
0.7089235 0.2910765
0.6371086 0.3628914
0.612685 0.387315
0.6786021 0.3213979
0.723029 0.276971
0.7092266 0.2907734
0.7037073 0.2962927
0.6952088 0.3047912
0.6637293 0.3362707
0.7227689 0.2772311
0.7499 0.2501
0.7617921 0.2382079
0.635875 0.364125
0.672651 0.327349
0.7286604 0.2713396
0.7061966 0.2938034
0.636709 0.363291
0.7718912 0.2281088
0.7694042 0.2305958
0.6983236 0.3016764
0.6623448 0.3376552
0.6960949 0.3039051
0.675457 0.324543
0.7519688 0.2480312
0.6663255 0.3336745
0.7041442 0.2958558
0.7251905 0.2748095
0.7294652 0.2705348
0.7957812 0.2042188
0.6168285 0.3831715
0.7026501 0.2973499
0.6821089 0.3178911
0.5410448 0.4589552
0.6383737 0.3616263
0.6672003 0.3327997
0.7062253 0.2937747
0.5990267 0.4009733
0.705123 0.294877
0.694893 0.305107
0.8406955 0.1593045
0.6775731 0.3224269
0.7219926 0.2780074
0.637044 0.362956
0.7704141 0.2295859
0.7213096 0.2786904
0.6856788 0.3143212
0.7494277 0.2505723
0.7078964 0.2921036
0.7050603 0.2949397
0.6721308 0.3278692
0.6673747 0.3326253
0.7624011 0.2375989
0.6896936 0.3103064
0.6877541 0.3122459
0.7035604 0.2964396
0.7374413 0.2625587
0.6629045 0.3370955
0.6607982 0.3392018
0.7859802 0.2140198
0.6098578 0.3901422
0.7266821 0.2733179
0.6788164 0.3211836
0.7123095 0.2876905
0.6724585 0.3275415
0.5624349 0.4375651
0.6588423 0.3411577
0.7502498 0.2497502
0.6964031 0.3035969
0.738766 0.261234
0.6790259 0.3209741
0.5877749 0.4122251
0.6186581 0.3813419
0.6545944 0.3454056
0.6506644 0.3493356
0.6226079 0.3773921
0.7166477 0.2833523
0.7047213 0.2952787
0.7218337 0.2781663
0.7080316 0.2919684
0.7696453 0.2303547
0.6726564 0.3273436
0.7850499 0.2149501
0.7355119 0.2644881
0.6882576 0.3117424
0.6077289 0.3922711
0.6482467 0.3517533
0.6729911 0.3270089
0.6487663 0.3512337
0.6663789 0.3336211
0.7228364 0.2771636
0.7140792 0.2859208
0.6559652 0.3440348
0.7669064 0.2330936
0.5833399 0.4166601
0.6339232 0.3660768
0.7003296 0.2996704
0.6788854 0.3211146
0.7027485 0.2972515
0.7337289 0.2662711
0.6122844 0.3877156
0.7360582 0.2639418
0.7085576 0.2914424
0.7439806 0.2560194
0.7628631 0.2371369
0.7388664 0.2611336
0.746414 0.253586
0.7320039 0.2679961
0.7268378 0.2731622
0.6142192 0.3857808
0.6274118 0.3725882
0.7960383 0.2039617
0.705735 0.294265
0.6836966 0.3163034
0.7955485 0.2044515
0.6900668 0.3099332
0.7331703 0.2668297
0.6533595 0.3466405
0.6849897 0.3150103
0.7429227 0.2570773
0.6618067 0.3381933
0.708335 0.291665
0.7288905 0.2711095
0.5646068 0.4353932
0.7071659 0.2928341
0.7894409 0.2105591
0.7097823 0.2902177
0.6674587 0.3325413
0.7002748 0.2997252
0.6991196 0.3008804
0.8019862 0.1980138
0.7160445 0.2839555
0.5100621 0.4899379
0.6935358 0.3064642
0.6678493 0.3321507
0.7158711 0.2841289
0.6788272 0.3211728
0.7242542 0.2757458
0.7713378 0.2286622
0.6865152 0.3134848
0.7119162 0.2880838
0.6446515 0.3553485
0.7023767 0.2976233
0.6883298 0.3116702
0.7189968 0.2810032
0.6412779 0.3587221
0.6722001 0.3277999
0.6969932 0.3030068
0.5615861 0.4384139
0.6713414 0.3286586
0.7942291 0.2057709
0.7022965 0.2977035
0.7047337 0.2952663
0.7341739 0.2658261
0.7116908 0.2883092
0.7334558 0.2665442
0.5985313 0.4014687
0.6326882 0.3673118
0.7651955 0.2348045
0.7601166 0.2398834
0.667046 0.332954
0.7281889 0.2718111
0.7047527 0.2952473
0.6748085 0.3251915
0.7696439 0.2303561
0.6191629 0.3808371
0.7099957 0.2900043
0.7080507 0.2919493
0.6999341 0.3000659
0.6313098 0.3686902
0.7951939 0.2048061
0.7576492 0.2423508
0.7112052 0.2887948
0.700519 0.299481
0.7306489 0.2693511
0.6753712 0.3246288
0.6425169 0.3574831
0.6925993 0.3074007
0.7528937 0.2471063
0.6571394 0.3428606
0.7195753 0.2804247
0.6522804 0.3477196
0.7455459 0.2544541
0.762013 0.237987
0.6534739 0.3465261
0.7204282 0.2795718
0.7324711 0.2675289
0.6429033 0.3570967
0.6927968 0.3072032
0.6999158 0.3000842
0.6989329 0.3010671
0.6857549 0.3142451
0.7465579 0.2534421
0.6767511 0.3232489
0.7495248 0.2504752
0.6694294 0.3305706
0.8064911 0.1935089
0.7076756 0.2923244
0.7525636 0.2474364
0.704929 0.295071
0.6848774 0.3151226
0.7304791 0.2695209
0.7470474 0.2529526
0.7575057 0.2424943
0.6682534 0.3317466
0.6557014 0.3442986
0.6279091 0.3720909
0.7824843 0.2175157
0.7476175 0.2523825
0.6161339 0.3838661
0.6137619 0.3862381
0.6754672 0.3245328
0.6698149 0.3301851
0.6683752 0.3316248
0.7720323 0.2279677
0.7095067 0.2904933
0.7262096 0.2737904
0.6573687 0.3426313
0.7031015 0.2968985
0.8304653 0.1695347
0.7046293 0.2953707
0.6607887 0.3392113
0.6610815 0.3389185
0.7147987 0.2852013
0.6732546 0.3267454
0.6882862 0.3117138
0.6191829 0.3808171
0.789737 0.210263
0.605904 0.394096
0.7760337 0.2239663
0.703989 0.296011
0.7498334 0.2501666
0.7274148 0.2725852
0.7566692 0.2433308
0.6233006 0.3766994
0.6786115 0.3213885
0.6028405 0.3971595
0.7545044 0.2454956
0.6741627 0.3258373
0.702947 0.297053
0.6984133 0.3015867
0.7290592 0.2709408
0.6394045 0.3605955
0.6841422 0.3158578
0.7194149 0.2805851
0.668535 0.331465
0.7104064 0.2895936
0.6737013 0.3262987
0.65737 0.34263
0.6948138 0.3051862
0.6092429 0.3907571
0.7341305 0.2658695
0.7097123 0.2902877
0.661408 0.338592
0.7067092 0.2932908
0.5983274 0.4016726
0.7387241 0.2612759
0.6804098 0.3195902
0.7604773 0.2395227
0.8429669 0.1570331
0.7507916 0.2492084
0.7076034 0.2923966
0.5439416 0.4560584
0.6872549 0.3127451
0.6412891 0.3587109
0.695218 0.304782
0.7366916 0.2633084
0.6500609 0.3499391
0.770328 0.229672
0.6696974 0.3303026
0.7779025 0.2220975
0.6644759 0.3355241
0.7304208 0.2695792
0.7432837 0.2567163
0.7711957 0.2288043
0.7707861 0.2292139
0.7219963 0.2780037
0.7062056 0.2937944
0.6477819 0.3522181
0.661792 0.338208
0.7079334 0.2920666
0.660996 0.339004
0.7025573 0.2974427
0.6352408 0.3647592
0.6644882 0.3355118
0.6847097 0.3152903
0.7916032 0.2083968
0.7283149 0.2716851
0.6651708 0.3348292
0.7538751 0.2461249
0.6682208 0.3317792
0.7193707 0.2806293
0.6923107 0.3076893
0.6739672 0.3260328
0.6859429 0.3140571
0.625759 0.374241
0.6736487 0.3263513
0.6545839 0.3454161
0.6712211 0.3287789
0.6319393 0.3680607
0.7114182 0.2885818
0.6756812 0.3243188
0.7219436 0.2780564
0.7111267 0.2888733
0.7831645 0.2168355
0.7358956 0.2641044
0.6157926 0.3842074
0.6928514 0.3071486
0.6793386 0.3206614
0.7425126 0.2574874
0.613941 0.386059
0.69982 0.30018
0.738695 0.261305
0.7348829 0.2651171
0.6858871 0.3141129
0.6449578 0.3550422
0.7596213 0.2403787
0.7663709 0.2336291
0.7129181 0.2870819
0.6976635 0.3023365
0.6587545 0.3412455
0.7410581 0.2589419
0.7656436 0.2343564
0.6802642 0.3197358
0.7159809 0.2840191
0.569123 0.430877
0.7861407 0.2138593
0.6851966 0.3148034
0.7300262 0.2699738
0.6735181 0.3264819
0.5731154 0.4268846
0.7357026 0.2642974
0.7230505 0.2769495
0.704837 0.295163
0.6837066 0.3162934
0.7134411 0.2865589
0.7570028 0.2429972
0.6249613 0.3750387
0.6839628 0.3160372
0.7030007 0.2969993
0.7528693 0.2471307
0.750704 0.249296
0.702332 0.297668
0.7044367 0.2955633
0.7391243 0.2608757
0.711475 0.288525
0.7292439 0.2707561
0.6289424 0.3710576
0.7107075 0.2892925
0.7255269 0.2744731
0.6660818 0.3339182
0.7562961 0.2437039
0.7204867 0.2795133
0.7107514 0.2892486
0.7329612 0.2670388
0.7160416 0.2839584
0.7960693 0.2039307
0.7928492 0.2071508
0.7385508 0.2614492
0.7850038 0.2149962
0.6765933 0.3234067
0.6996832 0.3003168
0.7487356 0.2512644
0.7071807 0.2928193
0.6850418 0.3149582
0.7507813 0.2492187
0.7495179 0.2504821
0.7123068 0.2876932
0.7322838 0.2677162
0.7211393 0.2788607
0.7298657 0.2701343
0.7204316 0.2795684
0.692151 0.307849
0.7026633 0.2973367
0.667171 0.332829
0.7691996 0.2308004
0.7337993 0.2662007
0.7204635 0.2795365
0.6812815 0.3187185
0.6080652 0.3919348
0.7041467 0.2958533
0.6874516 0.3125484
0.689378 0.310622
0.7374404 0.2625596
0.6750673 0.3249327
0.6994568 0.3005432
0.7643181 0.2356819
0.7345452 0.2654548
0.6681823 0.3318177
0.6709272 0.3290728
0.7446739 0.2553261
0.7244035 0.2755965
0.5932393 0.4067607
0.776279 0.223721
0.6806761 0.3193239
0.5437423 0.4562577
0.6559807 0.3440193
0.6884673 0.3115327
0.6388686 0.3611314
0.7866644 0.2133356
0.6405527 0.3594473
0.755541 0.244459
0.6586865 0.3413135
0.7090674 0.2909326
0.6271192 0.3728808
0.7046652 0.2953348
0.6431401 0.3568599
0.6143959 0.3856041
0.6323317 0.3676683
0.6238254 0.3761746
0.7540734 0.2459266
0.7545203 0.2454797
0.7805514 0.2194486
0.6858652 0.3141348
0.7032642 0.2967358
0.7049319 0.2950681
0.6568668 0.3431332
0.7156144 0.2843856
0.6741113 0.3258887
0.6579051 0.3420949
0.6164071 0.3835929
0.6619905 0.3380095
0.7059332 0.2940668
0.7381751 0.2618249
0.7645473 0.2354527
0.7478663 0.2521337
0.7612531 0.2387469
0.6454182 0.3545818
0.7260214 0.2739786
0.7177417 0.2822583
0.7485016 0.2514984
0.6351644 0.3648356
0.6670908 0.3329092
0.6515471 0.3484529
0.7270615 0.2729385
0.6287309 0.3712691
0.8109156 0.1890844
0.6463945 0.3536055
0.5805094 0.4194906
0.7867776 0.2132224
0.7148887 0.2851113
0.6270666 0.3729334
0.7281563 0.2718437
0.6934757 0.3065243
0.7449708 0.2550292
0.6833256 0.3166744
0.6173909 0.3826091
0.6062283 0.3937717
0.7182161 0.2817839
0.7405996 0.2594004
0.7563411 0.2436589
0.6049973 0.3950027
0.6573981 0.3426019
0.5471081 0.4528919
0.6927998 0.3072002
0.7241048 0.2758952
0.7181486 0.2818514
0.7837241 0.2162759
0.7208653 0.2791347
0.7519911 0.2480089
0.7252941 0.2747059
0.734217 0.265783
0.6610185 0.3389815
0.6217673 0.3782327
0.7270074 0.2729926
0.7156496 0.2843504
0.6793023 0.3206977
0.7134624 0.2865376
0.6702328 0.3297672
0.7578351 0.2421649
0.7133208 0.2866792
0.7342556 0.2657444
0.7032321 0.2967679
0.7287406 0.2712594
0.8264164 0.1735836
0.7479858 0.2520142
0.7437135 0.2562865
0.6472913 0.3527087
0.6662278 0.3337722
0.6978071 0.3021929
0.6838909 0.3161091
0.7367583 0.2632417
0.5895868 0.4104132
0.719814 0.280186
0.6587541 0.3412459
0.7251229 0.2748771
0.7102249 0.2897751
0.7082154 0.2917846
0.7036112 0.2963888
0.6688789 0.3311211
0.7612075 0.2387925
0.5470492 0.4529508
0.7188713 0.2811287
0.6300025 0.3699975
0.6976664 0.3023336
0.7371427 0.2628573
0.6745264 0.3254736
0.65758 0.34242
0.6478933 0.3521067
0.7561334 0.2438666
0.7229576 0.2770424
0.7117079 0.2882921
0.7438933 0.2561067
0.7520119 0.2479881
0.7380378 0.2619622
0.6776429 0.3223571
0.7373766 0.2626234
0.7138269 0.2861731
0.7360976 0.2639024
0.6589517 0.3410483
0.7234865 0.2765135
0.6973072 0.3026928
0.6578601 0.3421399
0.7016356 0.2983644
0.7281018 0.2718982
0.770164 0.229836
0.7331027 0.2668973
0.6293915 0.3706085
0.6692437 0.3307563
0.701685 0.298315
0.7445956 0.2554044
0.7890288 0.2109712
0.6380711 0.3619289
0.6516353 0.3483647
0.5944546 0.4055454
0.6834938 0.3165062
0.7958722 0.2041278
0.67912 0.32088
0.739106 0.260894
0.7304592 0.2695408
0.6458724 0.3541276
0.5428456 0.4571544
0.6884252 0.3115748
0.7452358 0.2547642
0.658708 0.341292
0.7367108 0.2632892
0.6430479 0.3569521
0.662961 0.337039
0.6039399 0.3960601
0.6100371 0.3899629
0.7264626 0.2735374
0.7416016 0.2583984
0.7647596 0.2352404
0.7614604 0.2385396
0.7140285 0.2859715
0.6910198 0.3089802
0.6736201 0.3263799
0.7363315 0.2636685
0.724034 0.275966
0.7216227 0.2783773
0.6739597 0.3260403
0.7346917 0.2653083
0.7306406 0.2693594
0.699875 0.300125
0.7409975 0.2590025
0.6815306 0.3184694
0.7350205 0.2649795
0.7409679 0.2590321
0.6937883 0.3062117
0.694544 0.305456
0.6800661 0.3199339
0.646051 0.353949
0.6996973 0.3003027
0.7461997 0.2538003
0.659448 0.340552
0.6269518 0.3730482
0.7622065 0.2377935
0.7090916 0.2909084
0.6990814 0.3009186
0.7141815 0.2858185
0.7958561 0.2041439
0.704237 0.295763
0.7676864 0.2323136
0.7106637 0.2893363
0.6882728 0.3117272
0.6036754 0.3963246
0.7200895 0.2799105
0.7536628 0.2463372
0.7160809 0.2839191
0.6597136 0.3402864
0.6244834 0.3755166
0.6971349 0.3028651
0.6968594 0.3031406
0.6578808 0.3421192
0.7402063 0.2597937
0.6338562 0.3661438
0.7065715 0.2934285
0.6343866 0.3656134
0.6877969 0.3122031
0.6266687 0.3733313
0.7214338 0.2785662
0.7528509 0.2471491
0.6849458 0.3150542
0.7351894 0.2648106
0.6712124 0.3287876
0.709304 0.290696
0.6898846 0.3101154
0.7147386 0.2852614
0.6843969 0.3156031
0.7159171 0.2840829
0.6800152 0.3199848
0.70175 0.29825
0.7383527 0.2616473
0.7619139 0.2380861
0.7710894 0.2289106
0.6866752 0.3133248
0.7393737 0.2606263
0.7253122 0.2746878
0.6360936 0.3639064
0.7090112 0.2909888
0.704 0.296
0.6704829 0.3295171
0.6985142 0.3014858
0.6669579 0.3330421
0.6829313 0.3170687
0.639767 0.360233
0.6136036 0.3863964
0.7011599 0.2988401
0.6646153 0.3353847
0.7135327 0.2864673
0.7028982 0.2971018
0.6626585 0.3373415
0.708829 0.291171
0.6770667 0.3229333
0.7841805 0.2158195
0.6917885 0.3082115
0.739445 0.260555
0.7164546 0.2835454
0.7772212 0.2227788
0.6851554 0.3148446
0.7070343 0.2929657
0.6402698 0.3597302
0.5982475 0.4017525
0.6867134 0.3132866
0.7288512 0.2711488
0.6862122 0.3137878
0.6485448 0.3514552
0.6041803 0.3958197
0.6959757 0.3040243
0.7948251 0.2051749
0.7383333 0.2616667
0.745693 0.254307
0.7466352 0.2533648
0.7253969 0.2746031
0.7824706 0.2175294
0.734125 0.265875
0.6051116 0.3948884
0.7263876 0.2736124
0.7467461 0.2532539
0.698649 0.301351
0.7378102 0.2621898
0.6824164 0.3175836
0.7128511 0.2871489
0.6967544 0.3032456
0.719798 0.280202
0.5359236 0.4640764
0.6101939 0.3898061
0.6562679 0.3437321
0.7475984 0.2524016
0.7038976 0.2961024
0.7333813 0.2666187
0.7264283 0.2735717
0.7045458 0.2954542
0.7115758 0.2884242
0.7620474 0.2379526
0.7148859 0.2851141
0.7765166 0.2234834
0.7669563 0.2330437
0.7247616 0.2752384
0.6855547 0.3144453
0.7022124 0.2977876
0.5512498 0.4487502
0.6232138 0.3767862
0.720982 0.279018
0.6654185 0.3345815
0.6467969 0.3532031
0.7265529 0.2734471
0.7549944 0.2450056
0.7665737 0.2334263
0.6953595 0.3046405
0.6879076 0.3120924
0.7146181 0.2853819
0.6026575 0.3973425
0.558681 0.441319
0.7467419 0.2532581
0.7622748 0.2377252
0.7459499 0.2540501
0.751368 0.248632
0.6707274 0.3292726
0.6410968 0.3589032
0.6906048 0.3093952
0.6384013 0.3615987
0.7660882 0.2339118
0.5891306 0.4108694
0.6674063 0.3325937
0.7479931 0.2520069
0.7798638 0.2201362
0.7441058 0.2558942
0.6735063 0.3264937
0.660498 0.339502
0.7065119 0.2934881
0.7194124 0.2805876
0.7941411 0.2058589
0.6910754 0.3089246
0.6964975 0.3035025
0.6434096 0.3565904
0.7247425 0.2752575
0.744917 0.255083
0.6979484 0.3020516
0.6442547 0.3557453
0.6656583 0.3343417
0.735819 0.264181
0.7675986 0.2324014
0.6898611 0.3101389
0.7058104 0.2941896
0.7373578 0.2626422
0.7734455 0.2265545
0.753689 0.246311
0.7515521 0.2484479
0.6647917 0.3352083
0.733551 0.266449
0.5580311 0.4419689
0.7169126 0.2830874
0.6926735 0.3073265
0.6713568 0.3286432
0.6647618 0.3352382
0.6190829 0.3809171
0.651346 0.348654
0.6323723 0.3676277
0.7417723 0.2582277
0.7273999 0.2726001
0.7091467 0.2908533
0.6362209 0.3637791
0.6730413 0.3269587
0.780017 0.219983
0.6387856 0.3612144
0.7085158 0.2914842
0.6887603 0.3112397
0.6761885 0.3238115
0.6744558 0.3255442
0.6573645 0.3426355
0.7084086 0.2915914
0.757703 0.242297
0.6943164 0.3056836
0.619402 0.380598
0.7031921 0.2968079
0.6497702 0.3502298
0.7400475 0.2599525
0.6332359 0.3667641
0.7295727 0.2704273
0.722207 0.277793
0.7492762 0.2507238
0.7082447 0.2917553
0.7146856 0.2853144
0.7338866 0.2661134
0.7947511 0.2052489
0.7570536 0.2429464
0.7527814 0.2472186
0.6621928 0.3378072
0.5803416 0.4196584
0.6996359 0.3003641
0.7427118 0.2572882
0.6612738 0.3387262
0.7020661 0.2979339
0.5811396 0.4188604
0.7404853 0.2595147
0.658085 0.341915
0.6695276 0.3304724
0.6966999 0.3033001
0.6767453 0.3232547
0.6682687 0.3317313
0.6495568 0.3504432
0.7502798 0.2497202
0.6633079 0.3366921
0.6511878 0.3488122
0.7260342 0.2739658
0.7214039 0.2785961
0.6525912 0.3474088
0.81431 0.18569
0.6174507 0.3825493
0.7534538 0.2465462
0.7002203 0.2997797
0.6305875 0.3694125
0.7842427 0.2157573
0.7210896 0.2789104
0.6511038 0.3488962
0.7690349 0.2309651
0.7732267 0.2267733
0.7361665 0.2638335
0.7594719 0.2405281
0.6162365 0.3837635
0.753564 0.246436
0.5824864 0.4175136
0.6533683 0.3466317
0.6712552 0.3287448
0.7403215 0.2596785
0.742306 0.257694
0.7717776 0.2282224
0.7047297 0.2952703
0.7652552 0.2347448
0.6606294 0.3393706
0.7358035 0.2641965
0.6751376 0.3248624
0.6747153 0.3252847
0.7023353 0.2976647
0.7024689 0.2975311
0.7957676 0.2042324
0.6935709 0.3064291
0.7057019 0.2942981
0.5771753 0.4228247
0.6375831 0.3624169
0.7325384 0.2674616
0.6831064 0.3168936
0.7297463 0.2702537
0.7446973 0.2553027
0.6936585 0.3063415
0.6460268 0.3539732
0.7184071 0.2815929
0.75424 0.24576
0.713793 0.286207
0.7188247 0.2811753
0.6963288 0.3036712
0.7428884 0.2571116
0.6376036 0.3623964
0.6336114 0.3663886
0.6904554 0.3095446
0.6703975 0.3296025
0.7059107 0.2940893
0.5994337 0.4005663
0.6709828 0.3290172
0.6617417 0.3382583
0.7301202 0.2698798
0.757049 0.242951
0.6750169 0.3249831
0.6669082 0.3330918
0.634981 0.365019
0.6899074 0.3100926
0.6813067 0.3186933
0.688949 0.311051
0.7728227 0.2271773
0.6869834 0.3130166
0.7050226 0.2949774
0.6144724 0.3855276
0.7189933 0.2810067
0.6561529 0.3438471
0.7615378 0.2384622
0.6621416 0.3378584
0.5874506 0.4125494
0.6514312 0.3485688
0.7645161 0.2354839
0.6659967 0.3340033
0.6954917 0.3045083
0.6035238 0.3964762
0.7564947 0.2435053
0.7038924 0.2961076
0.812159 0.187841
0.6323024 0.3676976
0.7091319 0.2908681
0.6728198 0.3271802
0.6485065 0.3514935
0.6191612 0.3808388
0.6636086 0.3363914
0.7302522 0.2697478
0.6535524 0.3464476
0.685877 0.314123
0.8036383 0.1963617
0.7405738 0.2594262
0.6481556 0.3518444
0.7011654 0.2988346
0.698884 0.301116
0.6695629 0.3304371
0.765272 0.234728
0.6777343 0.3222657
0.6848009 0.3151991
0.6578678 0.3421322
0.6968848 0.3031152
0.7759705 0.2240295
0.7166886 0.2833114
0.6068212 0.3931788
0.7149828 0.2850172
0.7150117 0.2849883
0.7003291 0.2996709
0.7363338 0.2636662
0.738655 0.261345
0.5542533 0.4457467
0.7823978 0.2176022
0.6673227 0.3326773
0.6497246 0.3502754
0.7541331 0.2458669
0.7547214 0.2452786
0.7462301 0.2537699
0.655677 0.344323
0.7398969 0.2601031
0.61104 0.38896
0.7196215 0.2803785
0.7631669 0.2368331
0.6719857 0.3280143
0.7145834 0.2854166
0.6538341 0.3461659
0.6564125 0.3435875
0.5849648 0.4150352
0.6336196 0.3663804
0.6489193 0.3510807
0.6559142 0.3440858
0.6800253 0.3199747
0.6060704 0.3939296
0.7457873 0.2542127
0.7179293 0.2820707
0.6369465 0.3630535
0.7966604 0.2033396
0.7203448 0.2796552
0.5905683 0.4094317
0.7318281 0.2681719
0.6951729 0.3048271
0.7595148 0.2404852
0.7256091 0.2743909
0.5713736 0.4286264
0.7059941 0.2940059
0.7627098 0.2372902
0.6488889 0.3511111
0.6203764 0.3796236
0.520097 0.479903
0.7560442 0.2439558
0.6953922 0.3046078
0.7037687 0.2962313
0.681255 0.318745
0.6298381 0.3701619
0.6506326 0.3493674
0.7285184 0.2714816
0.7439747 0.2560253
0.6818597 0.3181403
0.618566 0.381434
0.7363581 0.2636419
0.7141424 0.2858576
0.6463243 0.3536757
0.7172876 0.2827124
0.6761431 0.3238569
0.6263459 0.3736541
0.6286164 0.3713836
0.6158249 0.3841751
0.673592 0.326408
0.6476874 0.3523126
0.7213749 0.2786251
0.6338755 0.3661245
0.6272828 0.3727172
0.651512 0.348488
0.7533316 0.2466684
0.6613405 0.3386595
0.634326 0.365674
0.7286976 0.2713024
0.6811392 0.3188608
0.7133869 0.2866131
0.745509 0.254491
0.6870402 0.3129598
0.7360734 0.2639266
0.7086833 0.2913167
0.6436081 0.3563919
0.7253479 0.2746521
0.6635916 0.3364084
0.6942328 0.3057672
0.7880378 0.2119622
0.7359289 0.2640711
0.7262346 0.2737654
0.6526868 0.3473132
0.6897586 0.3102414
0.7183353 0.2816647
0.6871773 0.3128227
0.7278036 0.2721964
0.7281818 0.2718182
0.7820938 0.2179062
0.5882381 0.4117619
0.7423226 0.2576774
0.6130496 0.3869504
0.7108149 0.2891851
0.6985109 0.3014891
0.6447374 0.3552626
0.6622725 0.3377275
0.6339107 0.3660893
0.7383476 0.2616524
0.6762295 0.3237705
0.6936255 0.3063745
0.7783609 0.2216391
0.7023362 0.2976638
0.660179 0.339821
0.7195913 0.2804087
0.6834126 0.3165874
0.7162185 0.2837815
0.7113961 0.2886039
0.7246254 0.2753746
0.5470687 0.4529313
0.6031568 0.3968432
0.7561716 0.2438284
0.7404383 0.2595617
0.650289 0.349711
0.5912251 0.4087749
0.6462474 0.3537526
0.7232323 0.2767677
0.6546103 0.3453897
0.7134852 0.2865148
0.7321872 0.2678128
0.6832111 0.3167889
0.7829635 0.2170365
0.7295281 0.2704719
0.7062292 0.2937708
0.6700253 0.3299747
0.7776859 0.2223141
0.7450278 0.2549722
0.6133041 0.3866959
0.7385144 0.2614856
0.7282724 0.2717276
0.6761259 0.3238741
0.6535757 0.3464243
0.7318364 0.2681636
0.7101664 0.2898336
0.7603211 0.2396789
0.5716634 0.4283366
0.6968203 0.3031797
0.6677624 0.3322376
0.6793597 0.3206403
0.7381304 0.2618696
0.6495201 0.3504799
0.4916634 0.5083366
0.6817834 0.3182166
0.6467949 0.3532051
0.7045599 0.2954401
0.6850645 0.3149355
0.6756148 0.3243852
0.7526554 0.2473446
0.6913321 0.3086679
0.6386986 0.3613014
0.7161158 0.2838842
0.6223737 0.3776263
0.7521181 0.2478819
0.7053659 0.2946341
0.7275455 0.2724545
0.7016082 0.2983918
0.6558179 0.3441821
0.701724 0.298276
0.6556682 0.3443318
0.6805218 0.3194782
0.5916542 0.4083458
0.808024 0.191976
0.6366479 0.3633521
0.6021387 0.3978613
0.6570982 0.3429018
0.8066316 0.1933684
0.7258668 0.2741332
0.7038551 0.2961449
0.6212382 0.3787618
0.7278085 0.2721915
0.7483752 0.2516248
0.7306084 0.2693916
0.6338257 0.3661743
0.7635078 0.2364922
0.6673626 0.3326374
0.7313774 0.2686226
0.6755225 0.3244775
0.655799 0.344201
0.6840371 0.3159629
0.8053003 0.1946997
0.7175857 0.2824143
0.6204487 0.3795513
0.7204029 0.2795971
0.7278122 0.2721878
0.6183625 0.3816375
0.6679717 0.3320283
0.7156693 0.2843307
0.6871883 0.3128117
0.6681353 0.3318647
0.6705412 0.3294588
0.7284286 0.2715714
0.6635772 0.3364228
0.6250934 0.3749066
0.6898418 0.3101582
0.7298872 0.2701128
0.6904936 0.3095064
0.7913005 0.2086995
0.7186222 0.2813778
0.6682339 0.3317661
0.6081143 0.3918857
0.7172617 0.2827383
0.6528945 0.3471055
0.6520202 0.3479798
0.718555 0.281445
0.7341352 0.2658648
0.7088787 0.2911213
0.6675253 0.3324747
0.6842644 0.3157356
0.6322242 0.3677758
0.7480585 0.2519415
0.6829868 0.3170132
0.6810247 0.3189753
0.74698 0.25302
0.6180122 0.3819878
0.7082368 0.2917632
0.6715099 0.3284901
0.7410412 0.2589588
0.6968485 0.3031515
0.7436708 0.2563292
0.6726986 0.3273014
0.6643321 0.3356679
0.7058304 0.2941696
0.7135535 0.2864465
0.6172979 0.3827021
0.724296 0.275704
0.5736092 0.4263908
0.6240847 0.3759153
0.6647395 0.3352605
0.7557745 0.2442255
0.7211898 0.2788102
0.559265 0.440735
0.7627161 0.2372839
0.7655461 0.2344539
0.7279776 0.2720224
0.8192738 0.1807262
0.6719742 0.3280258
0.7047519 0.2952481
0.7186073 0.2813927
0.6662122 0.3337878
0.7279152 0.2720848
0.7379579 0.2620421
0.6752627 0.3247373
0.6619497 0.3380503
0.5853047 0.4146953
0.7955484 0.2044516
0.6729317 0.3270683
0.6844923 0.3155077
0.6849478 0.3150522
0.6941376 0.3058624
0.6853631 0.3146369
0.6347297 0.3652703
0.7036146 0.2963854
0.6906675 0.3093325
0.7140111 0.2859889
0.7073387 0.2926613
0.5783779 0.4216221
0.6577504 0.3422496
0.6159592 0.3840408
0.6668715 0.3331285
0.6227751 0.3772249
0.7233812 0.2766188
0.7348313 0.2651687
0.7317691 0.2682309
0.7149011 0.2850989
0.737839 0.262161
0.6631246 0.3368754
0.6842264 0.3157736
0.7728895 0.2271105
0.6552713 0.3447287
0.7023904 0.2976096
0.5878889 0.4121111
0.6944032 0.3055968
0.726548 0.273452
0.7051949 0.2948051
0.6739582 0.3260418
0.6754193 0.3245807
0.6613532 0.3386468
0.6940148 0.3059852
0.7504875 0.2495125
0.7451647 0.2548353
0.6902882 0.3097118
0.7449535 0.2550465
0.7385191 0.2614809
0.7081991 0.2918009
0.7210602 0.2789398
0.6368396 0.3631604
0.6986065 0.3013935
0.6906919 0.3093081
0.7843972 0.2156028
0.6282397 0.3717603
0.6332952 0.3667048
0.7388697 0.2611303
0.7652831 0.2347169
0.609821 0.390179
0.6233572 0.3766428
0.692088 0.307912
0.6926917 0.3073083
0.6502613 0.3497387
0.7775704 0.2224296
0.6796244 0.3203756
0.6263636 0.3736364
0.6068629 0.3931371
0.779703 0.220297
0.7445795 0.2554205
0.6796004 0.3203996
0.7023433 0.2976567
0.6560579 0.3439421
0.6217454 0.3782546
0.6881047 0.3118953
0.6422542 0.3577458
0.6890166 0.3109834
0.6921487 0.3078513
0.6504533 0.3495467
0.7045129 0.2954871
0.7814292 0.2185708
0.7415693 0.2584307
0.694511 0.305489
0.6726321 0.3273679
0.7620724 0.2379276
0.6717514 0.3282486
0.7545536 0.2454464
0.7141473 0.2858527
0.5992815 0.4007185
0.6396298 0.3603702
0.5746098 0.4253902
0.6697323 0.3302677
0.7105461 0.2894539
0.6981937 0.3018063
0.725381 0.274619
0.7380792 0.2619208
0.7371288 0.2628712
0.6778255 0.3221745
0.6783461 0.3216539
0.6897869 0.3102131
0.6490324 0.3509676
0.7763907 0.2236093
0.7378091 0.2621909
0.6959025 0.3040975
0.7119409 0.2880591
0.6412694 0.3587306
0.6808989 0.3191011
0.5910508 0.4089492
0.7397152 0.2602848
0.7169728 0.2830272
0.6635348 0.3364652
0.6952903 0.3047097
0.6911118 0.3088882
0.7039563 0.2960437
0.6748685 0.3251315
0.690207 0.309793
0.7100054 0.2899946
0.7391249 0.2608751
0.664422 0.335578
0.6884483 0.3115517
0.7204381 0.2795619
0.6178703 0.3821297
0.7181505 0.2818495
0.697233 0.302767
0.6566861 0.3433139
0.6475777 0.3524223
0.7451357 0.2548643
0.7176405 0.2823595
0.6930658 0.3069342
0.7187056 0.2812944
0.6889867 0.3110133
0.7546231 0.2453769
0.7703476 0.2296524
0.6919983 0.3080017
0.6318798 0.3681202
0.6663059 0.3336941
0.6864145 0.3135855
0.7755933 0.2244067
0.634531 0.365469
0.6241145 0.3758855
0.7349425 0.2650575
0.6850834 0.3149166
0.7686889 0.2313111
0.6602464 0.3397536
0.6436361 0.3563639
0.6607081 0.3392919
0.6232118 0.3767882
0.6723517 0.3276483
0.6994164 0.3005836
0.7645396 0.2354604
0.685736 0.314264
0.7520561 0.2479439
0.6453998 0.3546002
0.7064065 0.2935935
0.6334809 0.3665191
0.6363871 0.3636129
0.6707438 0.3292562
0.6906655 0.3093345
0.6912436 0.3087564
0.757168 0.242832
0.6968816 0.3031184
0.6949764 0.3050236
0.795269 0.204731
0.6821715 0.3178285
0.8028957 0.1971043
0.662138 0.337862
0.6959012 0.3040988
0.793581 0.206419
0.7143998 0.2856002
0.7537376 0.2462624
0.659936 0.340064
0.6333984 0.3666016
0.7725163 0.2274837
0.6618062 0.3381938
0.6959755 0.3040245
0.6878495 0.3121505
0.6591247 0.3408753
0.7337405 0.2662595
0.7250066 0.2749934
0.7344316 0.2655684
0.6363782 0.3636218
0.691738 0.308262
0.6937842 0.3062158
0.6910471 0.3089529
0.7863617 0.2136383
0.6923862 0.3076138
0.5984504 0.4015496
0.6273164 0.3726836
0.6152466 0.3847534
0.7718774 0.2281226
0.6965419 0.3034581
0.6159437 0.3840563
0.7269451 0.2730549
0.7038039 0.2961961
0.6094429 0.3905571
0.7305386 0.2694614
0.6420296 0.3579704
0.6735314 0.3264686
0.6877016 0.3122984
0.6911765 0.3088235
0.6472201 0.3527799
0.737542 0.262458
0.6941508 0.3058492
0.6295395 0.3704605
0.7271317 0.2728683
0.7360378 0.2639622
0.6829768 0.3170232
0.7868405 0.2131595
0.7143534 0.2856466
0.6674501 0.3325499
0.8130549 0.1869451
0.5831727 0.4168273
0.7384162 0.2615838
0.7179301 0.2820699
0.5463304 0.4536696
0.6360489 0.3639511
0.5866176 0.4133824
0.5765892 0.4234108
0.662434 0.337566
0.7053395 0.2946605
0.5618551 0.4381449
0.6651668 0.3348332
0.7641844 0.2358156
0.7390947 0.2609053
0.7066558 0.2933442
0.7855919 0.2144081
0.5939688 0.4060312
0.6650788 0.3349212
0.6497686 0.3502314
0.7585129 0.2414871
0.6984754 0.3015246
0.6560543 0.3439457
0.6698562 0.3301438
0.7379058 0.2620942
0.6662114 0.3337886
0.6950575 0.3049425
0.7278248 0.2721752
0.6858715 0.3141285
0.7544546 0.2455454
0.6668174 0.3331826
0.5656776 0.4343224
0.6163679 0.3836321
0.6167935 0.3832065
0.6651468 0.3348532
0.656989 0.343011
0.5966228 0.4033772
0.7368166 0.2631834
0.7516048 0.2483952
0.6538913 0.3461087
0.6272132 0.3727868
0.721848 0.278152
0.804846 0.195154
0.7352415 0.2647585
0.7435476 0.2564524
0.7789202 0.2210798
0.6803829 0.3196171
0.7305484 0.2694516
0.7203429 0.2796571
0.7403015 0.2596985
0.6830987 0.3169013
0.7492619 0.2507381
0.7200304 0.2799696
0.6831772 0.3168228
0.6377255 0.3622745
0.6287199 0.3712801
0.6497788 0.3502212
0.7325526 0.2674474
0.6576733 0.3423267
0.7724381 0.2275619
0.6044484 0.3955516
0.6894081 0.3105919
0.790693 0.209307
0.7822627 0.2177373
0.6790377 0.3209623
0.6442848 0.3557152
0.6913253 0.3086747
0.6901582 0.3098418
0.6500639 0.3499361
0.7290644 0.2709356
0.7236067 0.2763933
0.7226956 0.2773044
0.7232624 0.2767376
0.7043658 0.2956342
0.7638697 0.2361303
0.6607372 0.3392628
0.7066299 0.2933701
0.7416849 0.2583151
0.6444626 0.3555374
0.6907273 0.3092727
0.7331111 0.2668889
0.7278144 0.2721856
0.6848237 0.3151763
0.6893239 0.3106761
0.6036199 0.3963801
0.6893393 0.3106607
0.7169362 0.2830638
0.6795526 0.3204474
0.6740276 0.3259724
0.7379601 0.2620399
0.6365849 0.3634151
0.6531748 0.3468252
0.6551562 0.3448438
0.5824879 0.4175121
0.7251571 0.2748429
0.7587404 0.2412596
0.7225398 0.2774602
0.7368077 0.2631923
0.6982102 0.3017898
0.7004072 0.2995928
0.6004359 0.3995641
0.7626328 0.2373672
0.7166868 0.2833132
0.6489258 0.3510742
0.7661378 0.2338622
0.7210811 0.2789189
0.7661921 0.2338079
0.711473 0.288527
0.7170998 0.2829002
0.6862543 0.3137457
0.711412 0.288588
0.7400398 0.2599602
0.614519 0.385481
0.7752442 0.2247558
0.6886822 0.3113178
0.623475 0.376525
0.7661672 0.2338328
0.7412698 0.2587302
0.6998423 0.3001577
0.5350989 0.4649011
0.7383658 0.2616342
0.7686928 0.2313072
0.7817847 0.2182153
0.6174174 0.3825826
0.7187897 0.2812103
0.690984 0.309016
0.7059208 0.2940792
0.706897 0.293103
0.6585959 0.3414041
0.7525685 0.2474315
0.6613134 0.3386866
0.6754642 0.3245358
0.6778459 0.3221541
0.6891512 0.3108488
0.6519898 0.3480102
0.7433934 0.2566066
0.6809515 0.3190485
0.6907601 0.3092399
0.7243561 0.2756439
0.7082429 0.2917571
0.6731415 0.3268585
0.7021715 0.2978285
0.6709126 0.3290874
0.7854819 0.2145181
0.7830098 0.2169902
0.7972877 0.2027123
0.6495345 0.3504655
0.7168683 0.2831317
0.7063054 0.2936946
0.6856267 0.3143733
0.7219192 0.2780808
0.5881233 0.4118767
0.666521 0.333479
0.6385701 0.3614299
0.7266718 0.2733282
0.6680847 0.3319153
0.6924946 0.3075054
0.6529111 0.3470889
0.6797789 0.3202211
0.6941319 0.3058681
0.7690939 0.2309061
0.7653543 0.2346457
0.6505769 0.3494231
0.704379 0.295621
0.6867865 0.3132135
0.7037781 0.2962219
0.6338497 0.3661503
0.6881999 0.3118001
0.7636267 0.2363733
0.7231493 0.2768507
0.7244927 0.2755073
0.6925908 0.3074092
0.7543674 0.2456326
0.6221502 0.3778498
0.7536676 0.2463324
0.8091678 0.1908322
0.7433532 0.2566468
0.7502476 0.2497524
0.5240748 0.4759252
0.7525664 0.2474336
0.7256934 0.2743066
0.6710379 0.3289621
0.685322 0.314678
0.6777952 0.3222048
0.7642314 0.2357686
0.6449233 0.3550767
0.6862571 0.3137429
0.7614433 0.2385567
0.7332492 0.2667508
0.7157471 0.2842529
0.7348868 0.2651132
0.7282748 0.2717252
0.6805159 0.3194841
0.7362723 0.2637277
0.6438655 0.3561345
0.7570155 0.2429845
0.709091 0.290909
0.730778 0.269222
0.7118372 0.2881628
0.69206 0.30794
0.728703 0.271297
0.756281 0.243719
0.6971465 0.3028535
0.7327355 0.2672645
0.7184763 0.2815237
0.5998855 0.4001145
0.6748447 0.3251553
0.697218 0.302782
0.7285084 0.2714916
0.7497548 0.2502452
0.6830532 0.3169468
0.7559862 0.2440138
0.7434808 0.2565192
0.6987226 0.3012774
0.7690074 0.2309926
0.663363 0.336637
0.7208516 0.2791484
0.7316743 0.2683257
0.5838954 0.4161046
0.6398511 0.3601489
0.7346174 0.2653826
0.650571 0.349429
0.7178687 0.2821313
0.7461529 0.2538471
0.6816049 0.3183951
0.7738916 0.2261084
0.6586994 0.3413006
0.7586455 0.2413545
0.7373807 0.2626193
0.7901583 0.2098417
0.6358533 0.3641467
0.6872559 0.3127441
0.587352 0.412648
0.6727377 0.3272623
0.7213766 0.2786234
0.7668622 0.2331378
0.5808474 0.4191526
0.7516565 0.2483435
0.6534114 0.3465886
0.7644127 0.2355873
0.7936942 0.2063058
0.6617928 0.3382072
0.6896142 0.3103858
0.6949475 0.3050525
0.7022744 0.2977256
0.682312 0.317688
0.6290632 0.3709368
0.7118589 0.2881411
0.7896247 0.2103753
0.6521159 0.3478841
0.7931515 0.2068485
0.7518752 0.2481248
0.7056973 0.2943027
0.7010767 0.2989233
0.7159852 0.2840148
0.6993629 0.3006371
0.7247152 0.2752848
0.744223 0.255777
0.7372846 0.2627154
0.5980815 0.4019185
0.7091924 0.2908076
0.7423383 0.2576617
0.8142924 0.1857076
0.6676581 0.3323419
0.6899566 0.3100434
0.710546 0.289454
0.7343985 0.2656015
0.7467396 0.2532604
0.7184096 0.2815904
0.6425788 0.3574212
0.6153327 0.3846673
0.712198 0.287802
0.791937 0.208063
0.7166602 0.2833398
0.7043481 0.2956519
0.7159793 0.2840207
0.7338393 0.2661607
0.656835 0.343165
0.7586715 0.2413285
0.7907179 0.2092821
0.6289471 0.3710529
0.686175 0.313825
0.6367067 0.3632933
0.7115589 0.2884411
0.8221851 0.1778149
0.6656857 0.3343143
0.6737566 0.3262434
0.6060044 0.3939956
0.6582787 0.3417213
0.7361859 0.2638141
0.7237728 0.2762272
0.7400331 0.2599669
0.7055644 0.2944356
0.6505761 0.3494239
0.6338015 0.3661985
0.8291069 0.1708931
0.7410947 0.2589053
0.7356772 0.2643228
0.7439023 0.2560977
0.6760628 0.3239372
0.7824036 0.2175964
0.7488527 0.2511473
0.7537571 0.2462429
0.7120278 0.2879722
0.792935 0.207065
0.6791513 0.3208487
0.7926619 0.2073381
0.6225726 0.3774274
0.6760597 0.3239403
0.7079151 0.2920849
0.7218972 0.2781028
0.6629434 0.3370566
0.7657011 0.2342989
0.7413408 0.2586592
0.7489735 0.2510265
0.579374 0.420626
0.6533886 0.3466114
0.6280865 0.3719135
0.6822183 0.3177817
0.5920583 0.4079417
0.5719312 0.4280688
0.5558999 0.4441001
0.6662979 0.3337021
0.6996146 0.3003854
0.6858411 0.3141589
0.5939754 0.4060246
0.7187128 0.2812872
0.6554907 0.3445093
0.6224874 0.3775126
0.6477135 0.3522865
0.7453222 0.2546778
0.6688576 0.3311424
0.6707375 0.3292625
0.684533 0.315467
0.801827 0.198173
0.7077892 0.2922108
0.6627759 0.3372241
0.6698583 0.3301417
0.7600643 0.2399357
0.6550154 0.3449846
0.722797 0.277203
0.6851111 0.3148889
0.6257292 0.3742708
0.6121693 0.3878307
0.7209155 0.2790845
0.7137011 0.2862989
0.6938712 0.3061288
0.6690713 0.3309287
0.6778538 0.3221462
0.674999 0.325001
0.7220681 0.2779319
0.768936 0.231064
0.7276121 0.2723879
0.7653622 0.2346378
0.6651211 0.3348789
0.7426587 0.2573413
0.7738006 0.2261994
0.5888614 0.4111386
0.7235484 0.2764516
0.7509041 0.2490959
0.6887443 0.3112557
0.6631732 0.3368268
0.5552077 0.4447923
0.7531903 0.2468097
0.7579828 0.2420172
0.7184404 0.2815596
0.7048123 0.2951877
0.7269231 0.2730769
0.7684285 0.2315715
0.677124 0.322876
0.7053992 0.2946008
0.6830644 0.3169356
0.6961965 0.3038035
0.7219172 0.2780828
0.7173156 0.2826844
0.6212991 0.3787009
0.743811 0.256189
0.6924276 0.3075724
0.7263324 0.2736676
0.7892872 0.2107128
0.6793955 0.3206045
0.6124573 0.3875427
0.5667842 0.4332158
0.6132946 0.3867054
0.6027609 0.3972391
0.7651487 0.2348513
0.7599208 0.2400792
0.6972344 0.3027656
0.6022527 0.3977473
0.6334514 0.3665486
0.6476498 0.3523502
0.6864669 0.3135331
0.6878781 0.3121219
0.6497789 0.3502211
0.7232911 0.2767089
0.7218123 0.2781877
0.7482198 0.2517802
0.752528 0.247472
0.6571942 0.3428058
0.6920363 0.3079637
0.7431042 0.2568958
0.6230597 0.3769403
0.6782352 0.3217648
0.6911338 0.3088662
0.728295 0.271705
0.7759955 0.2240045
0.6894949 0.3105051
0.6547424 0.3452576
0.6845426 0.3154574
0.7840852 0.2159148
0.7335182 0.2664818
0.6574468 0.3425532
0.730489 0.269511
0.7485413 0.2514587
0.7425672 0.2574328
0.6509715 0.3490285
0.6183695 0.3816305
0.6957088 0.3042912
0.6073424 0.3926576
0.749547 0.250453
0.6687847 0.3312153
0.6875018 0.3124982
0.750021 0.249979
0.6653609 0.3346391
0.6139054 0.3860946
0.7442419 0.2557581
0.716691 0.283309
0.672355 0.327645
0.6870246 0.3129754
0.6975527 0.3024473
0.6832066 0.3167934
0.6818765 0.3181235
0.6979989 0.3020011
0.6711438 0.3288562
0.6582015 0.3417985
0.7148123 0.2851877
0.7971406 0.2028594
0.6592433 0.3407567
0.756698 0.243302
0.6679695 0.3320305
0.6775724 0.3224276
0.763797 0.236203
0.7663681 0.2336319
0.7142944 0.2857056
0.7329351 0.2670649
0.6417391 0.3582609
0.7233519 0.2766481
0.7223615 0.2776385
0.7152402 0.2847598
0.6963511 0.3036489
0.7780254 0.2219746
0.6744504 0.3255496
0.7544242 0.2455758
0.6958826 0.3041174
0.6471729 0.3528271
0.6918791 0.3081209
0.7100174 0.2899826
0.5653033 0.4346967
0.70926 0.29074
0.7442561 0.2557439
0.682694 0.317306
0.6994298 0.3005702
0.8228449 0.1771551
0.6079777 0.3920223
0.6417456 0.3582544
0.6641956 0.3358044
0.6433542 0.3566458
0.6566779 0.3433221
0.6397572 0.3602428
0.6690328 0.3309672
0.5999355 0.4000645
0.6535193 0.3464807
0.6617256 0.3382744
0.6747954 0.3252046
0.7480917 0.2519083
0.7690651 0.2309349
0.6822314 0.3177686
0.6819456 0.3180544
0.690113 0.309887
0.7064149 0.2935851
0.7394341 0.2605659
0.7340136 0.2659864
0.7027299 0.2972701
0.6037276 0.3962724
0.6813433 0.3186567
0.6846939 0.3153061
0.7767284 0.2232716
0.6862078 0.3137922
0.7061396 0.2938604
0.756298 0.243702
0.6186028 0.3813972
0.6240134 0.3759866
0.718099 0.281901
0.6655425 0.3344575
0.7628306 0.2371694
0.6826932 0.3173068
0.7178555 0.2821445
0.6233756 0.3766244
0.7536214 0.2463786
0.7010499 0.2989501
0.7088014 0.2911986
0.6522159 0.3477841
0.6563338 0.3436662
0.7292199 0.2707801
0.7147701 0.2852299
0.5942237 0.4057763
0.7460214 0.2539786
0.7599433 0.2400567
0.7698602 0.2301398
0.675556 0.324444
0.6803388 0.3196612
0.6688905 0.3311095
0.6882035 0.3117965
0.7369769 0.2630231
0.7815565 0.2184435
0.6635465 0.3364535
0.6360237 0.3639763
0.7563077 0.2436923
0.630901 0.369099
0.696592 0.303408
0.7677294 0.2322706
0.6786127 0.3213873
0.7164989 0.2835011
0.7427505 0.2572495
0.6113998 0.3886002
0.6037945 0.3962055
0.6938891 0.3061109
0.7630396 0.2369604
0.6794457 0.3205543
0.7416223 0.2583777
0.6939894 0.3060106
0.6813565 0.3186435
0.6631827 0.3368173
0.6481585 0.3518415
0.6371785 0.3628215
0.7120078 0.2879922
0.7708918 0.2291082
0.6067152 0.3932848
0.723041 0.276959
0.6814595 0.3185405
0.7310753 0.2689247
0.6605266 0.3394734
0.6040263 0.3959737
0.6902015 0.3097985
0.7545829 0.2454171
0.719552 0.280448
0.6413995 0.3586005
0.6661041 0.3338959
0.700958 0.299042
0.6280425 0.3719575
0.6133236 0.3866764
0.6747161 0.3252839
0.7179598 0.2820402
0.672491 0.327509
0.7385909 0.2614091
0.6673367 0.3326633
0.6051907 0.3948093
0.708785 0.291215
0.7654932 0.2345068
0.8252746 0.1747254
0.7795367 0.2204633
0.7559232 0.2440768
0.7172646 0.2827354
0.6127505 0.3872495
0.6463334 0.3536666
0.6190952 0.3809048
0.7405749 0.2594251
0.7185334 0.2814666
0.702219 0.297781
0.6645477 0.3354523
0.6048376 0.3951624
0.7489122 0.2510878
0.7457435 0.2542565
0.7238221 0.2761779
0.6948977 0.3051023
0.7622219 0.2377781
0.7001941 0.2998059
0.6525276 0.3474724
0.6531426 0.3468574
0.6516552 0.3483448
0.7061665 0.2938335
0.7104444 0.2895556
0.6309314 0.3690686
0.7064729 0.2935271
0.6983454 0.3016546
0.7376846 0.2623154
0.6415123 0.3584877
0.6964372 0.3035628
0.6838726 0.3161274
0.6641639 0.3358361
0.6506215 0.3493785
0.7076794 0.2923206
0.5592778 0.4407222
0.6261957 0.3738043
0.8087836 0.1912164
0.7105967 0.2894033
0.6182964 0.3817036
0.7333107 0.2666893
0.6606227 0.3393773
0.6836474 0.3163526
0.7430331 0.2569669
0.6988451 0.3011549
0.6975304 0.3024696
0.6662635 0.3337365
0.7095208 0.2904792
0.6531125 0.3468875
0.6399269 0.3600731
0.6822988 0.3177012
0.7003635 0.2996365
0.7385539 0.2614461
0.6091865 0.3908135
0.7418288 0.2581712
0.6596993 0.3403007
0.7118142 0.2881858
0.6815039 0.3184961
0.6555742 0.3444258
0.6174613 0.3825387
0.7246665 0.2753335
0.8031129 0.1968871
0.6496243 0.3503757
0.7401532 0.2598468
0.6855489 0.3144511
0.6807738 0.3192262
0.7149531 0.2850469
0.6918241 0.3081759
0.6905566 0.3094434
0.6938367 0.3061633
0.7881266 0.2118734
0.7215728 0.2784272
0.7861194 0.2138806
0.6509557 0.3490443
0.7134643 0.2865357
0.7266973 0.2733027
0.7102172 0.2897828
0.6737445 0.3262555
0.6731504 0.3268496
0.7036501 0.2963499
0.7129057 0.2870943
0.7019995 0.2980005
0.7725922 0.2274078
0.6958756 0.3041244
0.7503566 0.2496434
0.7854748 0.2145252
0.7288574 0.2711426
0.7007948 0.2992052
0.7028153 0.2971847
0.6966004 0.3033996
0.6422908 0.3577092
0.6946109 0.3053891
0.7389401 0.2610599
0.7085028 0.2914972
0.6690577 0.3309423
0.6844698 0.3155302
0.7486781 0.2513219
0.6711552 0.3288448
0.7241174 0.2758826
0.7487179 0.2512821
0.7267051 0.2732949
0.7692055 0.2307945
0.567213 0.432787
0.6637247 0.3362753
0.7731737 0.2268263
0.6427022 0.3572978
0.574799 0.425201
0.6614006 0.3385994
0.6880103 0.3119897
0.6785392 0.3214608
0.660584 0.339416
0.6971782 0.3028218
0.6365458 0.3634542
0.6280071 0.3719929
0.7515917 0.2484083
0.7712295 0.2287705
0.6832742 0.3167258
0.7833548 0.2166452
0.8029902 0.1970098
0.7273891 0.2726109
0.735927 0.264073
0.7056757 0.2943243
0.6779303 0.3220697
0.683654 0.316346
0.7275702 0.2724298
0.6677122 0.3322878
0.6424711 0.3575289
0.7233255 0.2766745
0.5652593 0.4347407
0.7544672 0.2455328
0.6614747 0.3385253
0.7183857 0.2816143
0.6506453 0.3493547
0.7121859 0.2878141
0.7567354 0.2432646
0.7389555 0.2610445
0.7857805 0.2142195
0.7113473 0.2886527
0.8234001 0.1765999
0.7291883 0.2708117
0.7410271 0.2589729
0.6562867 0.3437133
0.6875533 0.3124467
0.6147629 0.3852371
0.7488 0.2512
0.6578235 0.3421765
0.7342466 0.2657534
0.676431 0.323569
0.6015391 0.3984609
0.6964594 0.3035406
0.716824 0.283176
0.7325364 0.2674636
0.7282108 0.2717892
0.7258626 0.2741374
0.6246634 0.3753366
0.6296321 0.3703679
0.6835264 0.3164736
0.6721821 0.3278179
0.7087984 0.2912016
0.6968595 0.3031405
0.671923 0.328077
0.5913189 0.4086811
0.7116951 0.2883049
0.666599 0.333401
0.7400114 0.2599886
0.6539637 0.3460363
0.6484721 0.3515279
0.6101107 0.3898893
0.6148639 0.3851361
0.6574559 0.3425441
0.8136088 0.1863912
0.6359236 0.3640764
0.7186453 0.2813547
0.6187343 0.3812657
0.7289044 0.2710956
0.6995094 0.3004906
0.6786105 0.3213895
0.693761 0.306239
0.6047392 0.3952608
0.6868104 0.3131896
0.6813391 0.3186609
0.6279741 0.3720259
0.6899556 0.3100444
0.6541755 0.3458245
0.6726087 0.3273913
0.6889148 0.3110852
0.6961986 0.3038014
0.6794956 0.3205044
0.7377034 0.2622966
0.6974049 0.3025951
0.6832914 0.3167086
0.6927506 0.3072494
0.6485878 0.3514122
0.7404361 0.2595639
0.7292519 0.2707481
0.729425 0.270575
0.6562478 0.3437522
0.7078491 0.2921509
0.6773442 0.3226558
0.6407037 0.3592963
0.6488092 0.3511908
0.6472018 0.3527982
0.7233509 0.2766491
0.6328225 0.3671775
0.6750734 0.3249266
0.7425856 0.2574144
0.6521645 0.3478355
0.6975919 0.3024081
0.6365415 0.3634585
0.658042 0.341958
0.6637671 0.3362329
0.6878573 0.3121427
0.6482 0.3518
0.6977886 0.3022114
0.6500093 0.3499907
0.6463355 0.3536645
0.6503816 0.3496184
0.7429456 0.2570544
0.7273262 0.2726738
0.8135679 0.1864321
0.7580592 0.2419408
0.774351 0.225649
0.5933776 0.4066224
0.6713212 0.3286788
0.6677955 0.3322045
0.6709175 0.3290825
0.7046062 0.2953938
0.7041034 0.2958966
0.7097723 0.2902277
0.7113879 0.2886121
0.6733783 0.3266217
0.7569976 0.2430024
0.7521362 0.2478638
0.7211404 0.2788596
0.6465673 0.3534327
0.7293303 0.2706697
0.756826 0.243174
0.6726745 0.3273255
0.6916954 0.3083046
0.7340519 0.2659481
0.6372117 0.3627883
0.7468436 0.2531564
0.6540981 0.3459019
0.6534986 0.3465014
0.7228753 0.2771247
0.6399317 0.3600683
0.7214334 0.2785666
0.6749118 0.3250882
0.6109499 0.3890501
0.7396226 0.2603774
0.7334784 0.2665216
0.6793272 0.3206728
0.7376729 0.2623271
0.76373 0.23627
0.6697109 0.3302891
0.6402146 0.3597854
0.6637669 0.3362331
0.7550157 0.2449843
0.7073772 0.2926228
0.6922574 0.3077426
0.6686443 0.3313557
0.8010134 0.1989866
0.6405444 0.3594556
0.7297684 0.2702316
0.6565779 0.3434221
0.7515486 0.2484514
0.7255299 0.2744701
0.7426211 0.2573789
0.5942343 0.4057657
0.6175747 0.3824253
0.6778147 0.3221853
0.7087557 0.2912443
0.7247162 0.2752838
0.6271265 0.3728735
0.634114 0.365886
0.6132612 0.3867388
0.7631813 0.2368187
0.7051825 0.2948175
0.6298629 0.3701371
0.630322 0.369678
0.7222884 0.2777116
0.7485774 0.2514226
0.6783542 0.3216458
0.7243718 0.2756282
0.6863994 0.3136006
0.649493 0.350507
0.6173763 0.3826237
0.7208552 0.2791448
0.6928166 0.3071834
0.6776478 0.3223522
0.6339651 0.3660349
0.6022488 0.3977512
0.688047 0.311953
0.6782075 0.3217925
0.7333085 0.2666915
0.68143 0.31857
0.6615189 0.3384811
0.7055755 0.2944245
0.7074731 0.2925269
0.6991972 0.3008028
0.6110267 0.3889733
0.7836962 0.2163038
0.7671434 0.2328566
0.8033478 0.1966522
0.7141744 0.2858256
0.7960018 0.2039982
0.7445294 0.2554706
0.7128038 0.2871962
0.7057244 0.2942756
0.7885286 0.2114714
0.7428372 0.2571628
0.7634867 0.2365133
0.7581818 0.2418182
0.6797061 0.3202939
0.605471 0.394529
0.6956304 0.3043696
0.6127633 0.3872367
0.7603983 0.2396017
0.5922567 0.4077433
0.6623066 0.3376934
0.7079017 0.2920983
0.693025 0.306975
0.7266763 0.2733237
0.6467316 0.3532684
0.7324717 0.2675283
0.7195523 0.2804477
0.6994501 0.3005499
0.6805391 0.3194609
0.7396757 0.2603243
0.6472294 0.3527706
0.7432458 0.2567542
0.715874 0.284126
0.6940508 0.3059492
0.6321177 0.3678823
0.7486901 0.2513099
0.704385 0.295615
0.6866092 0.3133908
0.7476874 0.2523126
0.6592203 0.3407797
0.6924842 0.3075158
0.667681 0.332319
0.6584245 0.3415755
0.6568782 0.3431218
0.7062272 0.2937728
0.673465 0.326535
0.7757381 0.2242619
0.6405804 0.3594196
0.8008071 0.1991929
0.6163978 0.3836022
0.6797634 0.3202366
0.6842764 0.3157236
0.6386247 0.3613753
0.6742741 0.3257259
0.6914029 0.3085971
0.7004512 0.2995488
0.7110532 0.2889468
0.7425177 0.2574823
0.7659509 0.2340491
0.6642523 0.3357477
0.6190142 0.3809858
0.7529871 0.2470129
0.7129973 0.2870027
0.6624925 0.3375075
0.7297623 0.2702377
0.6664866 0.3335134
0.7095758 0.2904242
0.6699551 0.3300449
0.7398882 0.2601118
0.6868831 0.3131169
0.6877053 0.3122947
0.6695924 0.3304076
0.6421757 0.3578243
0.5321255 0.4678745
0.7066464 0.2933536
0.6087001 0.3912999
0.6360899 0.3639101
0.7787725 0.2212275
0.7274145 0.2725855
0.652135 0.347865
0.6764939 0.3235061
0.6881693 0.3118307
0.7636428 0.2363572
0.6393012 0.3606988
0.6968913 0.3031087
0.6602024 0.3397976
0.6050744 0.3949256
0.6856654 0.3143346
0.7296531 0.2703469
0.6898212 0.3101788
0.6924808 0.3075192
0.7115478 0.2884522
0.6921081 0.3078919
0.722927 0.277073
0.7278692 0.2721308
0.7031294 0.2968706
0.6568229 0.3431771
0.6992732 0.3007268
0.7524998 0.2475002
0.6639936 0.3360064
0.724296 0.275704
0.7105865 0.2894135
0.7111048 0.2888952
0.7086045 0.2913955
0.7359379 0.2640621
0.6795144 0.3204856
0.7445722 0.2554278
0.649952 0.350048
0.6427374 0.3572626
0.5658467 0.4341533
0.6797836 0.3202164
0.635075 0.364925
0.7206905 0.2793095
0.7063346 0.2936654
0.6316571 0.3683429
0.7769097 0.2230903
0.6137765 0.3862235
0.6760603 0.3239397
0.6376141 0.3623859
0.7514434 0.2485566
0.7270742 0.2729258
0.7235346 0.2764654
0.6822257 0.3177743
0.691721 0.308279
0.6772377 0.3227623
0.6622225 0.3377775
0.4777575 0.5222425
0.7328923 0.2671077
0.7028099 0.2971901
0.5925861 0.4074139
0.7022576 0.2977424
0.7549559 0.2450441
0.7023885 0.2976115
0.6420968 0.3579032
0.7086785 0.2913215
0.7853658 0.2146342
0.7967472 0.2032528
0.7000408 0.2999592
0.6297396 0.3702604
0.7196672 0.2803328
0.6400403 0.3599597
0.6511631 0.3488369
0.7029248 0.2970752
0.7221544 0.2778456
0.7023538 0.2976462
0.7644784 0.2355216
0.6946331 0.3053669
0.694346 0.305654
0.6154996 0.3845004
0.6245421 0.3754579
0.7130737 0.2869263
0.5813584 0.4186416
0.6301961 0.3698039
0.7433802 0.2566198
0.7036822 0.2963178
0.734304 0.265696
0.7529089 0.2470911
0.756813 0.243187
0.730106 0.269894
0.732884 0.267116
0.7119981 0.2880019
0.6447891 0.3552109
0.7352338 0.2647662
0.6900319 0.3099681
0.714908 0.285092
0.6549773 0.3450227
0.6626338 0.3373662
0.7267251 0.2732749
0.6791967 0.3208033
0.6502183 0.3497817
0.7176805 0.2823195
0.7532064 0.2467936
0.6381711 0.3618289
0.6694226 0.3305774
0.7973424 0.2026576
0.6201592 0.3798408
0.6371836 0.3628164
0.6429464 0.3570536
0.7062302 0.2937698
0.6794229 0.3205771
0.5736699 0.4263301
0.6377357 0.3622643
0.6150692 0.3849308
0.7230108 0.2769892
0.7418292 0.2581708
0.7200442 0.2799558
0.7832407 0.2167593
0.6515126 0.3484874
0.7177557 0.2822443
0.7066066 0.2933934
0.6872882 0.3127118
0.7111956 0.2888044
0.636986 0.363014
0.6822926 0.3177074
0.7138898 0.2861102
0.6931462 0.3068538
0.6869907 0.3130093
0.7020896 0.2979104
0.6955266 0.3044734
0.6387 0.3613
0.6577369 0.3422631
0.631279 0.368721
0.6806085 0.3193915
0.7073714 0.2926286
0.6829455 0.3170545
0.7561706 0.2438294
0.6873988 0.3126012
0.746729 0.253271
0.7709204 0.2290796
0.6923989 0.3076011
0.6739202 0.3260798
0.7577768 0.2422232
0.8015774 0.1984226
0.6937447 0.3062553
0.6822732 0.3177268
0.6676619 0.3323381
0.6993149 0.3006851
0.5988547 0.4011453
0.7799997 0.2200003
0.5921954 0.4078046
0.7095221 0.2904779
0.6987915 0.3012085
0.6856583 0.3143417
0.6382258 0.3617742
0.7483768 0.2516232
0.679717 0.320283
0.7034818 0.2965182
0.6762991 0.3237009
0.7229942 0.2770058
0.7126935 0.2873065
0.678251 0.321749
0.6168016 0.3831984
0.7595315 0.2404685
0.7404611 0.2595389
0.7673755 0.2326245
0.753082 0.246918
0.7117489 0.2882511
0.6519002 0.3480998
0.6851408 0.3148592
0.7702221 0.2297779
0.7335886 0.2664114
0.633913 0.366087
0.6536636 0.3463364
0.7029729 0.2970271
0.6006133 0.3993867
0.7381549 0.2618451
0.6784629 0.3215371
0.6617946 0.3382054
0.6429619 0.3570381
0.7073916 0.2926084
0.7365524 0.2634476
0.666294 0.333706
0.6858837 0.3141163
0.7477327 0.2522673
0.6495879 0.3504121
0.6400098 0.3599902
0.7681547 0.2318453
0.7611697 0.2388303
0.7184613 0.2815387
0.6919128 0.3080872
0.6644122 0.3355878
0.7381632 0.2618368
0.5961436 0.4038564
0.6724164 0.3275836
0.6022178 0.3977822
0.6088269 0.3911731
0.690603 0.309397
0.6347749 0.3652251
0.7649143 0.2350857
0.6980777 0.3019223
0.691758 0.308242
0.5991727 0.4008273
0.7806063 0.2193937
0.6815368 0.3184632
0.7321697 0.2678303
0.7764972 0.2235028
0.6820364 0.3179636
0.7091476 0.2908524
0.7297547 0.2702453
0.7118429 0.2881571
0.685517 0.314483
0.6712269 0.3287731
0.5545404 0.4454596
0.7155795 0.2844205
0.7146874 0.2853126
0.6874693 0.3125307
0.6300623 0.3699377
0.6400617 0.3599383
0.7019878 0.2980122
0.6896437 0.3103563
0.6492934 0.3507066
0.7911897 0.2088103
0.7562204 0.2437796
0.744766 0.255234
0.6255551 0.3744449
0.6995628 0.3004372
0.7032822 0.2967178
0.6877376 0.3122624
0.783132 0.216868
0.7101407 0.2898593
0.6332558 0.3667442
0.7395733 0.2604267
0.6709559 0.3290441
0.7378426 0.2621574
0.7442945 0.2557055
0.7434638 0.2565362
0.777727 0.222273
0.6786797 0.3213203
0.7526232 0.2473768
0.6696265 0.3303735
0.8158833 0.1841167
0.6419954 0.3580046
0.7226704 0.2773296
0.6369547 0.3630453
0.6618503 0.3381497
0.6473829 0.3526171
0.6334578 0.3665422
0.6980913 0.3019087
0.6654578 0.3345422
0.7848963 0.2151037
0.6633787 0.3366213
0.7261898 0.2738102
0.7089426 0.2910574
0.8250217 0.1749783
0.6227455 0.3772545
0.7101887 0.2898113
0.6393498 0.3606502
0.7406668 0.2593332
0.7527873 0.2472127
0.6214337 0.3785663
0.7165106 0.2834894
0.7015094 0.2984906
0.6963231 0.3036769
0.668961 0.331039
0.6825458 0.3174542
0.6386446 0.3613554
0.8412323 0.1587677
0.6712689 0.3287311
0.6810215 0.3189785
0.7022327 0.2977673
0.6747801 0.3252199
0.7405337 0.2594663
0.73502 0.26498
0.8098383 0.1901617
0.753811 0.246189
0.7351959 0.2648041
0.6707735 0.3292265
0.694161 0.305839
0.7162771 0.2837229
0.6712657 0.3287343
0.6819211 0.3180789
0.691028 0.308972
0.7603426 0.2396574
0.7147517 0.2852483
0.6582925 0.3417075
0.6746425 0.3253575
0.7306665 0.2693335
0.6661378 0.3338622
0.600532 0.399468
0.7617148 0.2382852
0.6828967 0.3171033
0.677654 0.322346
0.7518334 0.2481666
0.6303113 0.3696887
0.7001009 0.2998991
0.6966848 0.3033152
0.7395423 0.2604577
0.6990854 0.3009146
0.6283485 0.3716515
0.7351031 0.2648969
0.6663079 0.3336921
0.7519259 0.2480741
0.681228 0.318772
0.7157978 0.2842022
0.6576259 0.3423741
0.7205449 0.2794551
0.7238879 0.2761121
0.7029949 0.2970051
0.6116061 0.3883939
0.7150734 0.2849266
0.7145763 0.2854237
0.6448537 0.3551463
0.6804502 0.3195498
0.6375656 0.3624344
0.6469489 0.3530511
0.7882686 0.2117314
0.6797088 0.3202912
0.6617742 0.3382258
0.6661067 0.3338933
0.7285551 0.2714449
0.6660721 0.3339279
0.8145324 0.1854676
0.6461744 0.3538256
0.6394887 0.3605113
0.6529881 0.3470119
0.6304954 0.3695046
0.6136968 0.3863032
0.7272923 0.2727077
0.6799198 0.3200802
0.7116562 0.2883438
0.7235504 0.2764496
0.6718058 0.3281942
0.7080587 0.2919413
0.6810434 0.3189566
0.7109467 0.2890533
0.7067887 0.2932113
0.6841051 0.3158949
0.7321301 0.2678699
0.6409147 0.3590853
0.6173515 0.3826485
0.6612157 0.3387843
0.6113065 0.3886935
0.6689948 0.3310052
0.7511778 0.2488222
0.7555885 0.2444115
0.6964915 0.3035085
0.6166285 0.3833715
0.7344013 0.2655987
0.6527528 0.3472472
0.788524 0.211476
0.6673771 0.3326229
0.6719369 0.3280631
0.7206467 0.2793533
0.7224649 0.2775351
0.6691842 0.3308158
0.7513753 0.2486247
0.6456133 0.3543867
0.7583058 0.2416942
0.7387919 0.2612081
0.6623338 0.3376662
0.6966218 0.3033782
0.6206402 0.3793598
0.7839578 0.2160422
0.6126133 0.3873867
0.7055631 0.2944369
0.6424313 0.3575687
0.7546449 0.2453551
0.6966049 0.3033951
0.6388809 0.3611191
0.6917648 0.3082352
0.6338926 0.3661074
0.5819164 0.4180836
0.7671715 0.2328285
0.5602988 0.4397012
0.6917118 0.3082882
0.6468192 0.3531808
0.7335306 0.2664694
0.7120933 0.2879067
0.7532701 0.2467299
0.7304928 0.2695072
0.7461211 0.2538789
0.7214281 0.2785719
0.6509788 0.3490212
0.6721519 0.3278481
0.5649218 0.4350782
0.6934973 0.3065027
0.7134446 0.2865554
0.6849171 0.3150829
0.6597917 0.3402083
0.6964555 0.3035445
0.5916364 0.4083636
0.6935143 0.3064857
0.776023 0.223977
0.7722566 0.2277434
0.7323668 0.2676332
0.7179264 0.2820736
0.716322 0.283678
0.7641996 0.2358004
0.7188795 0.2811205
0.7169777 0.2830223
0.7186321 0.2813679
0.8024116 0.1975884
0.7613723 0.2386277
0.6987492 0.3012508
0.7218968 0.2781032
0.6119146 0.3880854
0.6246871 0.3753129
0.6635152 0.3364848
0.7017866 0.2982134
0.6582699 0.3417301
0.6165301 0.3834699
0.7148777 0.2851223
0.7681277 0.2318723
0.7165323 0.2834677
0.6627881 0.3372119
0.7960971 0.2039029
0.7174982 0.2825018
0.6221442 0.3778558
0.7409422 0.2590578
0.7485396 0.2514604
0.6534715 0.3465285
0.6987171 0.3012829
0.7630751 0.2369249
0.6317676 0.3682324
0.7066118 0.2933882
0.7161796 0.2838204
0.716292 0.283708
0.6547937 0.3452063
0.6995401 0.3004599
0.7771994 0.2228006
0.7581322 0.2418678
0.5965679 0.4034321
0.7378049 0.2621951
0.6705893 0.3294107
0.619534 0.380466
0.5998624 0.4001376
0.7681365 0.2318635
0.7403417 0.2596583
0.6689316 0.3310684
0.6758445 0.3241555
0.6858108 0.3141892
0.6823935 0.3176065
0.7236168 0.2763832
0.7095747 0.2904253
0.711967 0.288033
0.6698531 0.3301469
0.7104944 0.2895056
0.6256866 0.3743134
0.7322341 0.2677659
0.6940322 0.3059678
0.7953623 0.2046377
0.7178347 0.2821653
0.6537235 0.3462765
0.6895038 0.3104962
0.6741563 0.3258437
0.592266 0.407734
0.6536322 0.3463678
0.700627 0.299373
0.6176593 0.3823407
0.6208553 0.3791447
0.7683755 0.2316245
0.6897776 0.3102224
0.7388403 0.2611597
0.7027243 0.2972757
0.7351305 0.2648695
0.7379007 0.2620993
0.6911516 0.3088484
0.6880296 0.3119704
0.7284454 0.2715546
0.7165356 0.2834644
0.6580312 0.3419688
0.6320162 0.3679838
0.7064903 0.2935097
0.7617942 0.2382058
0.7603407 0.2396593
0.7509885 0.2490115
0.7988578 0.2011422
0.7104729 0.2895271
0.6680443 0.3319557
0.6814948 0.3185052
0.6849005 0.3150995
0.7601551 0.2398449
0.7105514 0.2894486
0.7264113 0.2735887
0.6605466 0.3394534
0.6857932 0.3142068
0.6896923 0.3103077
0.6625926 0.3374074
0.6688451 0.3311549
0.7028539 0.2971461
0.718291 0.281709
0.7171123 0.2828877
0.7073806 0.2926194
0.6868112 0.3131888
0.7234567 0.2765433
0.6524334 0.3475666
0.7082992 0.2917008
0.5867479 0.4132521
0.6886703 0.3113297
0.6449052 0.3550948
0.697233 0.302767
0.7144931 0.2855069
0.7228481 0.2771519
0.6416057 0.3583943
0.658769 0.341231
0.6253315 0.3746685
0.6407049 0.3592951
0.7344548 0.2655452
0.7035416 0.2964584
0.7572646 0.2427354
0.737946 0.262054
0.7476566 0.2523434
0.7036268 0.2963732
0.6871415 0.3128585
0.7109759 0.2890241
0.6999402 0.3000598
0.7029552 0.2970448
0.8193847 0.1806153
0.683724 0.316276
0.6864473 0.3135527
0.7273914 0.2726086
0.7338645 0.2661355
0.7505165 0.2494835
0.6090139 0.3909861
0.8339459 0.1660541
0.6514396 0.3485604
0.7391306 0.2608694
0.7506862 0.2493138
0.7038598 0.2961402
0.7184827 0.2815173
0.713329 0.286671
0.7054576 0.2945424
0.6268634 0.3731366
0.7247041 0.2752959
0.7000242 0.2999758
0.6607729 0.3392271
0.7424334 0.2575666
0.7244418 0.2755582
0.7710237 0.2289763
0.6816864 0.3183136
0.6863225 0.3136775
0.7272025 0.2727975
0.7260425 0.2739575
0.6191574 0.3808426
0.7617276 0.2382724
0.664898 0.335102
0.7051503 0.2948497
0.6828588 0.3171412
0.6588172 0.3411828
0.7685011 0.2314989
0.7000218 0.2999782
0.6753355 0.3246645
0.7489846 0.2510154
0.6721111 0.3278889
0.6855021 0.3144979
0.6975284 0.3024716
0.6876771 0.3123229
0.6400886 0.3599114
0.6130457 0.3869543
0.5419103 0.4580897
0.6102157 0.3897843
0.742718 0.257282
0.6240637 0.3759363
0.6884555 0.3115445
0.7871194 0.2128806
0.6833929 0.3166071
0.7281204 0.2718796
0.7143899 0.2856101
0.70354 0.29646
0.6973047 0.3026953
0.6602173 0.3397827
0.7016599 0.2983401
0.714508 0.285492
0.6005678 0.3994322
0.7491257 0.2508743
0.6626332 0.3373668
0.6605044 0.3394956
0.7045003 0.2954997
0.6967731 0.3032269
0.6698523 0.3301477
0.7299726 0.2700274
0.6622639 0.3377361
0.7323914 0.2676086
0.7249097 0.2750903
0.6978366 0.3021634
0.6404164 0.3595836
0.8094057 0.1905943
0.6951655 0.3048345
0.723695 0.276305
0.6418066 0.3581934
0.7147343 0.2852657
0.6782668 0.3217332
0.6407345 0.3592655
0.7103538 0.2896462
0.7179411 0.2820589
0.8045054 0.1954946
0.667413 0.332587
0.6943836 0.3056164
0.7198701 0.2801299
0.6890589 0.3109411
0.6108728 0.3891272
0.7159076 0.2840924
0.6257406 0.3742594
0.6913597 0.3086403
0.5710075 0.4289925
0.7560592 0.2439408
0.7796421 0.2203579
0.7467412 0.2532588
0.730311 0.269689
0.7722658 0.2277342
0.7542559 0.2457441
0.7261827 0.2738173
0.7668132 0.2331868
0.7334774 0.2665226
0.7262929 0.2737071
0.6674523 0.3325477
0.6647155 0.3352845
0.628661 0.371339
0.6974399 0.3025601
0.7084248 0.2915752
0.6887617 0.3112383
0.6729721 0.3270279
0.718154 0.281846
0.7158959 0.2841041
0.7984195 0.2015805
0.604506 0.395494
0.6891037 0.3108963
0.6310725 0.3689275
0.5488952 0.4511048
0.7244174 0.2755826
0.5935868 0.4064132
0.6553744 0.3446256
0.720335 0.279665
0.727346 0.272654
0.7168927 0.2831073
0.7525977 0.2474023
0.766599 0.233401
0.781808 0.218192
0.7493246 0.2506754
0.7680858 0.2319142
0.6985482 0.3014518
0.6775382 0.3224618
0.6643269 0.3356731
0.7487314 0.2512686
0.6019011 0.3980989
0.738426 0.261574
0.6905944 0.3094056
0.6249659 0.3750341
0.6935908 0.3064092
0.6731545 0.3268455
0.6633716 0.3366284
0.6088823 0.3911177
0.6950096 0.3049904
0.7446759 0.2553241
0.7478338 0.2521662
0.6848613 0.3151387
0.7122834 0.2877166
0.6648802 0.3351198
0.5412439 0.4587561
0.6201303 0.3798697
0.7885091 0.2114909
0.741967 0.258033
0.6929424 0.3070576
0.7582655 0.2417345
0.5947619 0.4052381
0.7378677 0.2621323
0.568457 0.431543
0.7116451 0.2883549
0.6214688 0.3785312
0.7238345 0.2761655
0.6871515 0.3128485
0.5142246 0.4857754
0.7702611 0.2297389
0.7595559 0.2404441
0.7519001 0.2480999
0.7716015 0.2283985
0.6474543 0.3525457
0.6882435 0.3117565
0.6886787 0.3113213
0.5779655 0.4220345
0.6994121 0.3005879
0.7132677 0.2867323
0.7161468 0.2838532
0.6348555 0.3651445
0.743516 0.256484
0.7083332 0.2916668
0.6785073 0.3214927
0.6653067 0.3346933
0.6793398 0.3206602
0.6378319 0.3621681
0.6545566 0.3454434
0.649659 0.350341
0.6810712 0.3189288
0.6857161 0.3142839
0.6390552 0.3609448
0.6232342 0.3767658
0.6723707 0.3276293
0.6706204 0.3293796
0.7055008 0.2944992
0.8378 0.1622
0.8009788 0.1990212
0.685476 0.314524
0.6410909 0.3589091
0.6383371 0.3616629
0.7731081 0.2268919
0.6350214 0.3649786
0.7433013 0.2566987
0.6669236 0.3330764
0.6937383 0.3062617
0.7068838 0.2931162
0.748628 0.251372
0.720166 0.279834
0.6890525 0.3109475
0.6735464 0.3264536
0.5877288 0.4122712
0.6521156 0.3478844
0.7375169 0.2624831
0.6913281 0.3086719
0.7212085 0.2787915
0.7346224 0.2653776
0.7860352 0.2139648
0.7439663 0.2560337
0.7022828 0.2977172
0.7650743 0.2349257
0.7082918 0.2917082
0.6783249 0.3216751
0.7487138 0.2512862
0.7445144 0.2554856
0.7121348 0.2878652
0.6691052 0.3308948
0.7307693 0.2692307
0.6696422 0.3303578
0.8004386 0.1995614
0.6133254 0.3866746
0.7503021 0.2496979
0.6070986 0.3929014
0.7190409 0.2809591
0.7128723 0.2871277
0.7405716 0.2594284
0.7431556 0.2568444
0.7696575 0.2303425
0.7631378 0.2368622
0.752053 0.247947
0.7120014 0.2879986
0.7719126 0.2280874
0.6950028 0.3049972
0.6428342 0.3571658
0.7331552 0.2668448
0.6842351 0.3157649
0.7892317 0.2107683
0.7259924 0.2740076
0.7018742 0.2981258
0.7436612 0.2563388
0.7286663 0.2713337
0.7541643 0.2458357
0.6252099 0.3747901
0.5304172 0.4695828
0.7369275 0.2630725
0.7846714 0.2153286
0.6690422 0.3309578
0.6943854 0.3056146
0.7400214 0.2599786
0.6280896 0.3719104
0.7322369 0.2677631
0.6419084 0.3580916
0.6601715 0.3398285
0.7280895 0.2719105
0.7858123 0.2141877
0.6518822 0.3481178
0.7691906 0.2308094
0.6805117 0.3194883
0.7711421 0.2288579
0.6403903 0.3596097
0.6648571 0.3351429
0.7413685 0.2586315
0.7029398 0.2970602
0.7029639 0.2970361
0.7224674 0.2775326
0.6801092 0.3198908
0.7200313 0.2799687
0.7562893 0.2437107
0.752533 0.247467
0.6716286 0.3283714
0.7140302 0.2859698
0.7925501 0.2074499
0.6998095 0.3001905
0.7589205 0.2410795
0.7186449 0.2813551
0.7501814 0.2498186
0.7549994 0.2450006
0.6394488 0.3605512
0.6947918 0.3052082
0.6962822 0.3037178
0.6201513 0.3798487
0.7375713 0.2624287
0.7325313 0.2674687
0.6257263 0.3742737
0.6964603 0.3035397
0.7639008 0.2360992
0.687082 0.312918
0.6502199 0.3497801
0.6680384 0.3319616
0.7702724 0.2297276
0.7170733 0.2829267
0.6935428 0.3064572
0.7586326 0.2413674
0.6563331 0.3436669
0.6644687 0.3355313
0.6819554 0.3180446
0.6849019 0.3150981
0.729051 0.270949
0.6227163 0.3772837
0.6562435 0.3437565
0.7222946 0.2777054
0.7086135 0.2913865
0.7206155 0.2793845
0.7160813 0.2839187
0.7418434 0.2581566
0.7580544 0.2419456
0.6029379 0.3970621
0.7563801 0.2436199
0.6273558 0.3726442
0.7293561 0.2706439
0.6294829 0.3705171
0.7627807 0.2372193
0.7004592 0.2995408
0.6943259 0.3056741
0.5624467 0.4375533
0.6663753 0.3336247
0.7690442 0.2309558
0.6247972 0.3752028
0.7305971 0.2694029
0.6757938 0.3242062
0.7592335 0.2407665
0.802342 0.197658
0.7693553 0.2306447
0.5801354 0.4198646
0.6574749 0.3425251
0.7158817 0.2841183
0.6437752 0.3562248
0.6473641 0.3526359
0.6901853 0.3098147
0.6200236 0.3799764
0.6749694 0.3250306
0.6719127 0.3280873
0.6824141 0.3175859
0.6757027 0.3242973
0.7000062 0.2999938
0.7032775 0.2967225
0.7098877 0.2901123
0.6847231 0.3152769
0.6818073 0.3181927
0.6197188 0.3802812
0.7401655 0.2598345
0.6215728 0.3784272
0.6609031 0.3390969
0.6406792 0.3593208
0.655682 0.344318
0.6311704 0.3688296
0.6358281 0.3641719
0.6135091 0.3864909
0.7868053 0.2131947
0.7516365 0.2483635
0.7049662 0.2950338
0.6545732 0.3454268
0.7005879 0.2994121
0.6635058 0.3364942
0.7146168 0.2853832
0.7446513 0.2553487
0.71891 0.28109
0.7014752 0.2985248
0.756183 0.243817
0.6077271 0.3922729
0.7397908 0.2602092
0.6670899 0.3329101
0.6803714 0.3196286
0.7486717 0.2513283
0.6691788 0.3308212
0.7265568 0.2734432
0.683852 0.316148
0.6679279 0.3320721
0.7017546 0.2982454
0.7446842 0.2553158
0.8047434 0.1952566
0.7392044 0.2607956
0.7418581 0.2581419
0.6540995 0.3459005
0.7378758 0.2621242
0.7177406 0.2822594
0.7078763 0.2921237
0.7645794 0.2354206
0.658443 0.341557
0.6294949 0.3705051
0.6541287 0.3458713
0.7153716 0.2846284
0.7085445 0.2914555
0.7108082 0.2891918
0.7113243 0.2886757
0.7303426 0.2696574
0.683584 0.316416
0.6609207 0.3390793
0.6303145 0.3696855
0.5791177 0.4208823
0.5984326 0.4015674
0.6918223 0.3081777
0.6802376 0.3197624
0.772618 0.227382
0.6805389 0.3194611
0.7267964 0.2732036
0.690987 0.309013
0.6365435 0.3634565
0.6566498 0.3433502
0.6456856 0.3543144
0.6924537 0.3075463
0.683466 0.316534
0.7734506 0.2265494
0.7183433 0.2816567
0.744794 0.255206
0.6581354 0.3418646
0.7171175 0.2828825
0.7050814 0.2949186
0.8285994 0.1714006
0.7456069 0.2543931
0.8255262 0.1744738
0.7234683 0.2765317
0.7251784 0.2748216
0.6378119 0.3621881
0.6889862 0.3110138
0.6856488 0.3143512
0.7193056 0.2806944
0.6872757 0.3127243
0.712859 0.287141
0.7178157 0.2821843
0.7384089 0.2615911
0.5272419 0.4727581
0.7257544 0.2742456
0.7057868 0.2942132
