"nu" "alpha"
1.381298 0.308996
1.642782 0.1385856
1.822431 0.4037768
1.437745 0.187067
1.798554 0.289508
1.576111 0.2209909
2.810019 0.2515101
2.846312 0.3601058
3.538378 0.3004903
1.896109 0.2569302
4.47994 0.257258
3.368296 0.04620661
2.613229 0.2781197
2.408196 0.2899208
4.0787 0.3755568
4.43651 0.3085965
15.03083 0.04760272
9.177934 0.2296959
26.29587 0.1137349
9.79537 0.1229993
6.062909 0.4723763
11.12489 0.1485076
4.54631 0.3845484
1.71448 0.4203194
3.426916 0.498689
3.886183 0.3356418
8.277364 0.3876951
5.137602 0.4847785
3.023118 0.4378689
2.960471 0.4114765
5.226129 0.331223
2.512511 0.16268
2.81773 0.470309
2.442038 0.194409
6.441281 0.1253585
2.715868 0.4605904
3.243672 0.3828189
2.974352 0.2315622
3.034667 0.4651117
2.742446 0.2976646
1.615636 0.2354332
2.377991 0.342957
1.624243 0.4637844
2.746897 0.1921627
1.71237 0.2645545
1.71347 0.3786993
1.677019 0.4119151
2.030373 0.3028784
2.834138 0.345114
2.065534 0.4187729
2.357505 0.2725896
1.712998 0.2628541
4.108314 0.06845642
1.852811 0.2455989
2.916204 0.4292651
2.346271 0.4796962
1.963145 0.4225063
2.372673 0.4942556
1.761172 0.4893413
2.018694 0.3935398
1.259253 0.2360657
2.942979 0.4783126
1.575842 0.1447165
3.33013 0.204468
1.844797 0.3609101
2.65314 0.235933
2.837245 0.3086668
2.831549 0.1901911
2.989352 0.2919303
1.852949 0.2908349
2.006013 0.4745162
2.206927 0.4416237
2.549218 0.4032958
2.691545 0.3728275
2.439012 0.3467137
2.452024 0.2844481
7.071881 0.2923666
19.00649 0.2362846
4.019034 0.08759664
3.267662 0.2614541
6.783828 0.2967119
3.776774 0.3846375
2.270083 0.2424751
5.641935 0.06054195
3.336587 0.1040588
2.616142 0.3080387
2.83147 0.3078243
2.045043 0.4701465
2.89894 0.3442563
2.948138 0.4652548
3.979357 0.194425
2.397528 0.1100339
1.823712 0.4375038
1.23579 0.4816004
1.556578 0.2953283
1.617833 0.1825669
3.304507 0.4946954
3.818147 0.2288628
1.993737 0.36277
3.286747 0.3303247
2.773415 0.317556
5.40993 0.3600623
2.922991 0.4382211
7.994751 0.3631418
19.20067 0.1590579
3.789379 0.468351
2.463201 0.3140943
4.282656 0.4755675
3.817737 0.1773759
2.23145 0.445285
3.136072 0.3627896
2.755613 0.3998974
1.961451 0.1232068
1.988093 0.4607391
1.858099 0.4158965
1.780162 0.05306492
3.016466 0.4667545
2.804269 0.1335681
2.931419 0.2424507
1.833272 0.3625439
3.161106 0.1444499
2.664486 0.4110766
4.217396 0.1948356
2.538008 0.1436169
2.091937 0.362741
2.453568 0.1281134
2.189596 0.4606103
2.001188 0.2833194
2.619871 0.4932676
3.093213 0.2947431
2.759671 0.1058511
2.441742 0.4420597
1.147822 0.380697
1.526693 0.4808981
1.708855 0.4208008
3.759711 0.3088026
3.808587 0.3654495
3.796041 0.3767483
2.351694 0.1028896
2.601487 0.4456716
2.745269 0.2865911
6.67797 0.2253276
3.563541 0.4552977
1.770925 0.2420394
2.325078 0.2669131
3.16167 0.482773
1.498442 0.2150258
1.876341 0.1800751
2.020146 0.02492095
1.516788 0.4972376
3.471556 0.2715878
1.906519 0.1353918
1.825581 0.1061858
1.741941 0.108901
2.504065 0.2800958
2.854709 0.4907048
2.124045 0.4984219
2.424532 0.4874496
3.618156 0.3401539
3.923976 0.1660696
2.675663 0.1897995
2.305298 0.1750172
3.476067 0.3197636
4.556627 0.2420368
2.702003 0.3830717
2.510932 0.3847472
5.48103 0.4583572
4.003545 0.4278802
3.881811 0.1270635
1.506211 0.2951148
1.505533 0.3505381
3.243234 0.2939448
2.287278 0.4383151
2.589475 0.2924141
2.420774 0.4736909
4.0694 0.2595186
2.25886 0.4097895
1.477829 0.321557
2.036535 0.2904749
2.732114 0.3057871
3.807815 0.3667361
1.89346 0.07434737
1.647584 0.1711563
2.055561 0.2209189
1.444267 0.4989863
1.518874 0.1631268
2.377534 0.3751026
2.620177 0.3232114
2.677258 0.4522001
2.417413 0.3448191
1.662636 0.3113898
2.477451 0.3046881
1.507049 0.2733157
1.589866 0.4324184
1.605574 0.3816511
1.939045 0.4108336
2.315347 0.3180117
2.083762 0.4964974
2.029417 0.2114095
1.959289 0.2839578
1.639754 0.1501147
1.924378 0.3777909
2.209007 0.3135747
1.869048 0.2908121
2.133479 0.4334228
2.518008 0.1052384
2.356614 0.2971764
2.335345 0.1159301
1.623413 0.1488489
1.422524 0.245874
1.822569 0.4655607
2.669931 0.1736884
2.596554 0.4571131
2.869947 0.4324263
2.606246 0.4248751
1.730289 0.2143944
2.506938 0.4604083
3.108354 0.2261901
2.632173 0.1057287
2.949112 0.2444119
1.776475 0.4187457
2.487454 0.478038
1.989081 0.0600986
2.86348 0.2582156
2.684891 0.4442638
2.106049 0.2628654
2.194211 0.3403505
2.099503 0.4474167
2.354912 0.2410965
1.584606 0.2857792
1.432608 0.4644712
1.923982 0.3525012
2.560385 0.2788133
1.500274 0.2363097
2.064778 0.2752396
1.717139 0.1288551
2.724432 0.4349493
3.114121 0.3384206
4.768616 0.02800055
3.519965 0.1122837
3.199749 0.4590378
2.308427 0.3897862
3.495366 0.2231535
4.750415 0.3017863
1.935449 0.233515
2.092021 0.2268609
2.135895 0.4051717
1.554939 0.3564662
3.708209 0.1109795
2.735578 0.4320732
4.11208 0.1360849
1.966358 0.2914124
1.869948 0.3368147
2.577091 0.4232811
8.122786 0.3070951
4.307063 0.1774448
3.934379 0.3785119
3.933286 0.3701441
1.457723 0.1385388
4.502267 0.3153345
2.039054 0.3055569
1.594815 0.1594982
5.725513 0.02412101
2.731965 0.2836253
2.032311 0.3264815
6.166022 0.1196424
6.775241 0.3551758
3.746133 0.1222315
5.49982 0.3815457
3.038932 0.3116255
1.775965 0.4468479
4.791786 0.3491406
2.291569 0.3344282
4.116813 0.1973808
4.773843 0.3275918
1.925685 0.1482114
3.005773 0.1453815
4.181555 0.4535845
8.235166 0.0986623
4.485431 0.2283966
3.196422 0.3883742
2.787125 0.08631218
7.505666 0.2321588
11.71298 0.3128613
6.49718 0.1212507
3.888526 0.382448
5.714447 0.4334454
9.538317 0.1902982
3.435719 0.3003597
2.850063 0.3617184
3.117632 0.4018934
5.995754 0.4668593
3.435019 0.2009238
4.407058 0.2601044
1.959047 0.1596398
3.482597 0.09529731
4.263928 0.1812647
2.530995 0.2964858
3.684891 0.4756263
3.004584 0.2247429
3.442526 0.05291441
2.398158 0.2625168
1.881616 0.4836158
1.661355 0.4054533
2.122122 0.146597
2.001107 0.07096774
1.826522 0.3541376
2.3358 0.3955221
1.525298 0.2602608
1.601723 0.4521231
1.33355 0.05566876
1.48297 0.03690004
1.593288 0.4004049
1.247277 0.3732071
1.137891 0.1336654
2.173774 0.3655432
1.777043 0.1114259
4.304896 0.08305427
2.185788 0.4349157
2.306331 0.3157799
1.601113 0.4916646
2.036363 0.3256063
1.878223 0.1568325
2.428227 0.1423323
3.930565 0.3342743
6.302097 0.497497
2.49733 0.3440284
1.738769 0.3131689
2.001166 0.1569848
2.02455 0.1503354
1.457924 0.3146259
2.638848 0.4268605
2.04105 0.377427
3.752935 0.2678718
2.207138 0.4873058
3.517852 0.3591349
2.503598 0.4650896
2.749998 0.3707811
3.387301 0.4931359
4.990049 0.2039888
3.226601 0.1843139
4.050738 0.167088
3.202055 0.4136355
4.229153 0.1459975
1.810631 0.4189124
2.162436 0.2958356
2.117397 0.106893
2.067814 0.1198566
2.647348 0.2802594
4.015774 0.3266536
4.887418 0.1737792
7.405455 0.4314941
18.31995 0.1229062
4.418655 0.4854369
8.027035 0.367471
11.86398 0.121852
3.926693 0.2681106
11.40517 0.3530285
10.86006 0.1327191
6.735397 0.1312531
8.068955 0.3974127
11.30652 0.02611409
4.787093 0.05377636
2.491641 0.1771319
4.704828 0.4729978
3.717117 0.1836183
4.038018 0.1853766
2.220547 0.4798944
2.978616 0.2343807
2.68401 0.4625083
2.460894 0.4940406
2.348523 0.1776028
1.524378 0.2722307
2.669045 0.3009229
2.509512 0.03465508
1.278421 0.2954632
1.697844 0.2612601
1.845761 0.09591525
2.613851 0.4714581
3.197455 0.4878293
2.000782 0.4443905
2.666295 0.2657994
2.294921 0.4087326
1.755383 0.4329729
2.082294 0.07293865
2.744329 0.4876407
3.52602 0.1632951
3.874272 0.3739141
1.507385 0.3184129
1.94208 0.4885121
2.270339 0.3706919
2.105777 0.4399873
2.466075 0.2407247
1.834705 0.3840191
1.371666 0.1934561
2.822902 0.2000904
1.933401 0.2815268
2.941711 0.4392052
2.740566 0.1063924
4.278266 0.4869606
2.22725 0.2992084
3.305278 0.3141569
5.396622 0.1033245
2.471713 0.4970413
4.640837 0.3268223
2.533081 0.3208071
2.664064 0.4407444
3.443437 0.3523812
2.787096 0.416441
2.162487 0.2458559
4.774148 0.4778273
1.850133 0.3835027
2.615294 0.189663
2.154227 0.3317157
7.377226 0.3383155
2.824773 0.04874931
2.60463 0.4411021
3.638389 0.1004569
1.752389 0.442293
1.330079 0.2001423
2.996841 0.09452065
2.597741 0.2084872
2.382412 0.3132831
2.488085 0.1545699
2.506087 0.1919397
2.475947 0.291985
2.755366 0.3316158
16.54034 0.122481
3.733245 0.3072821
3.549157 0.2507596
2.914286 0.1131859
8.431082 0.3150124
6.185021 0.2809944
2.773714 0.485642
3.821068 0.481041
3.336748 0.03255289
8.267546 0.3757864
5.667355 0.07435158
45.25695 0.03265867
6.41387 0.2566218
2.083381 0.18244
5.407119 0.254233
1.884346 0.4313325
4.951191 0.2539245
2.456735 0.2527721
3.600659 0.3112614
2.701814 0.1002754
1.718144 0.1431936
1.864827 0.4566085
2.616304 0.4101312
1.956059 0.1385784
3.632393 0.2508782
2.248693 0.1444626
2.137285 0.4638157
1.662306 0.4966859
1.59511 0.3734681
1.81677 0.3440547
3.960601 0.2195976
1.823985 0.4515247
1.724623 0.4415144
2.04455 0.4115205
2.202503 0.21429
3.177197 0.1884377
3.041939 0.2429111
4.362803 0.06295607
2.708183 0.358455
6.452861 0.2432677
4.081265 0.3829952
2.332915 0.2304097
3.503894 0.3674281
2.033161 0.4279927
2.804555 0.4966651
2.436448 0.4925599
1.345815 0.1649466
2.216933 0.2972475
2.132062 0.2754651
2.233266 0.05650154
2.057486 0.1563491
2.901595 0.4139581
1.763999 0.4824407
3.510195 0.3965898
2.565675 0.2737709
1.653741 0.245556
4.579811 0.4020295
4.265583 0.2485954
6.504823 0.1718458
5.33086 0.3588859
4.120296 0.05288081
3.156502 0.4911993
2.435656 0.4329943
1.800683 0.1462418
2.317239 0.4181383
1.845215 0.4379839
1.347116 0.2296311
1.86463 0.4735797
2.903269 0.4269999
3.460477 0.1104124
4.939743 0.2624181
7.237645 0.1876433
5.280036 0.3269752
5.629572 0.1116791
6.312357 0.1174577
4.4653 0.1083219
7.333795 0.1482861
3.319137 0.4586745
2.718638 0.1646918
4.399515 0.07339782
2.989403 0.3980221
3.402508 0.2024676
3.079559 0.1459627
5.65487 0.1527384
2.868232 0.3668889
5.145177 0.2793338
11.41028 0.1352103
5.222247 0.4125195
3.956796 0.03006964
4.268473 0.3766203
2.631976 0.3774221
4.463858 0.2552709
3.61993 0.2283622
1.545803 0.3957112
3.699979 0.4679528
2.978823 0.1133326
2.643636 0.3901291
4.235817 0.3243116
2.487154 0.3076254
3.013949 0.3257254
2.892991 0.4951624
2.20982 0.3650131
3.571856 0.3306131
2.725995 0.1678392
4.283998 0.03802401
3.056882 0.3039442
3.368958 0.2317297
6.1026 0.2598334
3.840277 0.1626409
3.280896 0.363016
1.862553 0.4429128
3.327378 0.3913403
5.497305 0.4617746
12.69182 0.2132137
6.82531 0.3877776
2.800801 0.142605
3.599209 0.2765243
2.945703 0.2575343
2.202535 0.3580558
2.479074 0.02091637
3.494155 0.3461747
3.338047 0.4271944
2.99323 0.2927711
4.257573 0.3824844
3.248674 0.1918312
4.952588 0.4902946
9.562867 0.4689456
10.49754 0.03954346
2.859593 0.2677184
3.501532 0.4421342
2.139267 0.2573691
2.753501 0.2943145
1.916906 0.4089408
2.006476 0.4102512
1.227228 0.1530439
1.946765 0.4852606
4.915743 0.4113989
2.647741 0.4894879
2.757667 0.4572195
2.862252 0.4842832
3.727528 0.231359
4.77363 0.4803378
6.773436 0.1421941
3.293639 0.4702534
4.379643 0.4300973
3.532139 0.2819121
4.779131 0.156922
2.49928 0.3583916
2.447803 0.0586235
2.229953 0.2678302
1.39743 0.202353
2.438583 0.3853992
2.764234 0.1919773
2.542948 0.1937346
2.541689 0.2325409
2.159895 0.2118332
2.950326 0.4880078
2.724793 0.3068553
2.306173 0.0985931
2.999136 0.2394119
1.881875 0.3463602
2.785827 0.1279804
2.896946 0.4816396
3.269151 0.03442883
2.174656 0.3973087
3.493273 0.1407783
2.017798 0.2239339
2.483504 0.4402544
2.831716 0.09651913
3.579524 0.02821612
2.298174 0.2224012
5.067028 0.4093657
2.396302 0.2255817
2.154215 0.1372138
2.559815 0.2567731
3.747927 0.4200324
3.570247 0.374834
1.802423 0.3703794
2.084349 0.2513035
1.77716 0.4402724
2.361309 0.2525096
2.041903 0.4265126
1.872959 0.4638691
2.02515 0.1942791
2.007641 0.1786163
2.643614 0.2111215
2.453059 0.04037208
2.89552 0.3686732
5.002512 0.4452673
1.795119 0.4106227
2.427347 0.2192037
2.947835 0.4522532
3.035757 0.2685964
1.28625 0.1137184
1.39878 0.480177
1.693671 0.2666549
1.547082 0.3710644
1.984541 0.4085035
1.818654 0.4948746
1.846167 0.208648
2.469024 0.2645336
6.194469 0.3089046
3.649143 0.3185906
2.830989 0.2731524
1.841272 0.4655149
2.311263 0.3628569
3.784955 0.4159983
1.701723 0.3327201
4.480052 0.3046069
2.867537 0.1316723
4.173973 0.04965711
3.584196 0.367438
1.905926 0.2125638
3.286319 0.09493755
2.38715 0.2325494
2.885787 0.2768624
2.074073 0.0929496
3.812096 0.1209368
2.466868 0.4642792
2.170613 0.3839777
1.381295 0.342019
3.386133 0.4230784
2.234209 0.3615226
1.708486 0.3030427
2.919744 0.304048
4.158268 0.2941914
2.825403 0.2371758
2.121766 0.2982391
2.553068 0.438421
3.515559 0.4370877
2.122616 0.3084359
3.334079 0.2633962
3.876281 0.3845212
2.084051 0.1402021
6.678238 0.2922363
3.67091 0.1474493
4.610181 0.03362904
2.07204 0.2486759
1.314501 0.1713956
1.623658 0.4544308
4.949053 0.02550528
2.829436 0.4308325
2.540294 0.4314662
2.588103 0.2450648
1.849536 0.2225857
1.65922 0.0704867
1.821078 0.1831575
2.717326 0.3538794
3.165009 0.4708741
1.134748 0.4802153
4.436567 0.05182042
4.28902 0.1790602
2.178587 0.3392404
2.802158 0.3623055
2.638974 0.2761588
1.976447 0.3622548
2.069173 0.1534016
3.111147 0.4899456
1.494469 0.4086689
2.331031 0.08588414
2.050886 0.1452032
3.000983 0.216848
2.167398 0.143123
2.692878 0.3822051
3.11748 0.1306196
2.329204 0.2110416
2.355196 0.19329
3.012071 0.21335
2.3827 0.2654815
1.456015 0.2980187
1.462603 0.28355
3.922864 0.3313377
5.206449 0.1276601
2.190861 0.1189235
2.244098 0.1311306
2.261425 0.2701517
2.560912 0.1005238
2.618719 0.3626839
3.726294 0.3107673
6.036864 0.3191367
5.85762 0.1188124
7.111947 0.1220272
5.209536 0.0629519
3.157779 0.1727255
3.032708 0.4634536
2.043773 0.3964387
2.280542 0.4438408
4.232414 0.20042
3.394628 0.2826518
3.02158 0.1898881
3.963046 0.0214844
1.856084 0.246481
1.713933 0.3950512
1.7268 0.252992
1.483586 0.2415948
2.004446 0.3652996
1.956031 0.3626125
1.551415 0.2985115
3.370575 0.3198927
4.339017 0.3326815
3.317261 0.1215303
3.643103 0.3629593
3.828413 0.467826
2.168968 0.4130927
2.803247 0.09616039
1.634699 0.09855159
1.684563 0.235004
1.533137 0.3687711
2.021862 0.3614077
2.236382 0.3266281
2.538288 0.4862566
3.120316 0.1926275
4.071603 0.166793
2.774927 0.2423614
2.273998 0.3172538
1.244411 0.2696885
1.649355 0.4524675
2.30538 0.2833503
2.587773 0.4221629
1.733276 0.1722205
3.152343 0.2285249
3.229488 0.2284787
1.932603 0.4380071
2.240366 0.2225429
3.484272 0.4982088
2.69262 0.347422
2.219523 0.4420646
2.360305 0.07599704
2.461974 0.2606262
1.712683 0.2288939
2.823242 0.2807887
1.704677 0.4890708
3.136616 0.312239
8.511118 0.135639
3.066141 0.3703891
2.87024 0.4141259
2.797598 0.1575712
6.635712 0.29953
2.541972 0.4992336
6.24935 0.3385039
2.632097 0.3191555
2.840901 0.4042539
2.346875 0.3892549
1.812007 0.4211599
1.938119 0.2920955
3.072168 0.2144313
2.40813 0.1667731
2.941031 0.318523
3.165269 0.1360009
1.823586 0.4478597
1.267931 0.1558359
2.026524 0.3816836
2.719446 0.2017585
2.544279 0.3468389
3.242759 0.1113016
3.378786 0.3868952
1.747001 0.2748816
1.739871 0.4022597
2.686171 0.4966455
1.745521 0.09294274
1.857695 0.1814493
2.778802 0.4431355
2.283137 0.186119
1.609506 0.444961
3.383902 0.3767949
3.003795 0.3408274
2.350634 0.3842473
2.439984 0.1987082
1.459321 0.496535
1.578917 0.2774775
2.615041 0.3992427
2.6688 0.4823594
3.295949 0.09591874
1.545018 0.279236
1.87526 0.2260414
5.60787 0.3779361
3.965879 0.1889057
3.533438 0.1700786
1.968773 0.2876531
1.83114 0.2922908
1.398576 0.3451625
1.432399 0.1663221
1.519147 0.3652651
2.750391 0.4509292
1.599784 0.4145008
2.265882 0.3611814
2.376357 0.4791573
1.939265 0.1307373
9.00978 0.2751475
3.629451 0.1546393
2.274887 0.2888636
2.260769 0.3625881
2.356837 0.4059987
2.045302 0.2291092
2.37701 0.258134
1.708811 0.4397888
1.897063 0.4836738
1.652521 0.1786267
1.749931 0.2575057
1.847074 0.4322711
3.003898 0.4914839
2.866709 0.2349846
2.824316 0.0640348
3.492083 0.1601623
2.323702 0.4250244
2.547298 0.4126158
1.667331 0.3301892
3.341005 0.1154756
3.781359 0.3664581
2.432807 0.3129315
2.073662 0.2568774
1.487015 0.4267477
2.532878 0.07968916
1.58791 0.1558604
1.948674 0.1880887
1.557269 0.4709009
2.539725 0.3995403
2.333673 0.4492672
2.098972 0.4750894
1.930604 0.4968526
1.709898 0.4575247
3.743339 0.4743475
2.166988 0.2106451
1.496578 0.2242031
2.880258 0.1907309
2.238461 0.1335951
1.895013 0.2783886
2.472786 0.2669636
2.053343 0.3240732
1.212666 0.41021
1.831209 0.2870914
2.418338 0.2019665
2.555135 0.3002447
3.049451 0.209188
1.986802 0.349632
1.709163 0.2414481
1.811858 0.4305807
2.30015 0.4497489
1.611018 0.4710493
2.127837 0.2037374
1.588051 0.1302558
3.023368 0.2955501
1.4084 0.307138
2.188246 0.3780829
3.048362 0.3974358
3.286204 0.3457065
1.656379 0.2891262
4.345851 0.1899109
3.037601 0.4921622
2.39362 0.370361
2.685917 0.1641583
2.61493 0.4941765
1.986085 0.1455553
3.154879 0.4552922
3.605297 0.2145556
2.250061 0.1854351
2.316714 0.486841
2.281759 0.2259087
1.708836 0.1764096
2.074075 0.4223188
1.939331 0.09557254
1.050267 0.3182604
1.978149 0.151886
1.383232 0.300782
1.407453 0.4396704
2.243903 0.2745214
1.590044 0.226213
1.735335 0.379532
2.100488 0.1293186
4.654481 0.2799964
2.249512 0.4449709
2.15081 0.2080733
2.405358 0.2108984
1.247534 0.2824092
2.090769 0.4785566
1.974722 0.2506584
3.798955 0.08075746
6.463894 0.2707512
4.018066 0.1282107
3.506095 0.3961035
11.46907 0.1272836
3.411542 0.3227625
2.085254 0.4242288
3.850499 0.368833
3.978205 0.3605637
4.390842 0.3116985
2.535539 0.3569383
7.700186 0.07702325
3.636576 0.3303166
2.758885 0.3734841
2.593043 0.3816126
1.519934 0.4090842
3.083518 0.3112162
2.790207 0.3972002
2.017832 0.3106142
3.101102 0.1737848
2.813729 0.4210579
3.014414 0.1944711
3.102048 0.3554045
4.183561 0.277092
3.161244 0.2797873
2.003632 0.4308336
1.774957 0.2678794
2.05468 0.1040415
2.46646 0.2500921
2.275126 0.3662162
2.155203 0.4924658
3.03659 0.4521664
1.877005 0.1932919
2.422429 0.4592526
2.614661 0.03178271
2.374117 0.4194049
3.742172 0.1411338
2.120875 0.03397706
3.376492 0.03291856
1.922681 0.427539
2.619943 0.2098286
4.793341 0.3835438
4.436508 0.2747261
2.182314 0.1746278
3.054836 0.4043237
2.535727 0.1331135
3.856887 0.1813975
2.492748 0.1966499
2.127973 0.1652313
2.387343 0.1732426
3.633688 0.1083353
2.201506 0.3435946
4.384639 0.2200001
2.786684 0.02989391
2.230738 0.252869
1.784955 0.4712103
4.173753 0.1239542
2.504604 0.2277126
2.620646 0.4800996
2.29941 0.2887178
1.88309 0.4499501
2.653459 0.4173611
2.918101 0.3098579
3.507128 0.4583232
3.878496 0.3618403
3.148429 0.3657601
3.02067 0.3312869
3.848597 0.4054493
2.46577 0.4977552
2.308029 0.3446762
3.005558 0.1739154
1.925231 0.3176141
1.681166 0.3656258
2.51032 0.2137449
1.587827 0.2372126
1.774767 0.4785278
2.120015 0.4607246
1.634768 0.2682754
1.621538 0.3342044
1.256762 0.3028636
1.320436 0.4734443
1.584262 0.4719858
1.359104 0.4890163
2.01759 0.4360783
5.409022 0.1716526
1.844609 0.3689537
3.172442 0.3252707
1.428965 0.2870836
2.053193 0.1943785
1.719306 0.2002622
2.545234 0.1699127
2.411468 0.4194861
1.654715 0.3860805
2.361772 0.450297
9.74028 0.09416051
3.802892 0.1373311
1.724978 0.4917524
2.509571 0.08487943
1.294624 0.3741648
1.742151 0.2366089
2.015834 0.4770465
1.761124 0.3816143
1.713316 0.3985224
2.040472 0.2434549
2.075098 0.1243226
1.890929 0.2329604
3.104315 0.2316208
2.233784 0.4412308
2.137139 0.3554144
1.170389 0.3752683
3.614126 0.1162805
2.08179 0.2768176
1.891202 0.435646
3.197075 0.1639414
2.527239 0.2583758
3.036532 0.2109663
1.683007 0.06386224
2.974161 0.4923681
1.489818 0.2659016
3.111873 0.188408
3.145389 0.2466844
1.971038 0.2607076
1.510558 0.2366499
2.791613 0.1413682
2.180807 0.4444299
2.660687 0.367636
2.099272 0.3657959
2.148331 0.4682226
3.120908 0.2852488
2.841678 0.2984215
4.280835 0.08392035
2.569498 0.3898637
2.873812 0.4751328
3.869958 0.4711959
2.565031 0.2925295
1.662984 0.1426042
1.221548 0.3103582
1.514218 0.432493
1.895405 0.3830278
2.117077 0.4074253
2.611348 0.2076022
1.994947 0.4693409
2.313437 0.1364786
1.902167 0.2489606
2.950534 0.2772949
2.152194 0.1694316
1.610492 0.2637933
2.851718 0.1882218
2.701363 0.08414263
3.966125 0.2653716
3.537737 0.1823705
6.290299 0.4951251
3.081421 0.4703628
1.608561 0.2791063
2.001823 0.3684581
1.96611 0.2934984
2.806863 0.2982593
1.809797 0.4317143
2.765966 0.171602
2.052201 0.2692976
1.733862 0.4343234
3.527898 0.3308276
5.46433 0.2718662
2.419509 0.3157083
2.631446 0.1858004
2.352044 0.1655031
2.82718 0.2409783
3.636766 0.294708
2.280976 0.1111599
4.301228 0.1917787
14.26775 0.06344465
27.681 0.1517562
5.135513 0.09647535
2.756299 0.4000571
4.600548 0.09550102
5.21276 0.2076254
3.071544 0.2783578
4.162487 0.3424001
4.066585 0.3949376
5.183684 0.357764
3.08125 0.2391055
2.979548 0.4251045
1.364153 0.3735958
5.876534 0.2328479
2.483657 0.3634563
2.105997 0.3664597
3.512099 0.09979948
4.660851 0.2238256
2.996367 0.05769061
2.395381 0.1164053
1.776884 0.4751794
3.023222 0.3933613
2.830864 0.4168742
2.746398 0.06579884
1.296145 0.391368
2.590588 0.169897
2.88202 0.3381444
2.144327 0.2165257
4.346675 0.06549997
3.293517 0.2979533
3.312795 0.3432956
8.462878 0.1099053
3.543675 0.4653279
4.25932 0.2727453
3.463727 0.4077806
1.88355 0.4955495
1.71639 0.1098209
2.088058 0.4670705
1.681586 0.06827347
2.037353 0.2662435
1.382959 0.2816935
2.261164 0.3838185
3.917258 0.1198766
1.854719 0.4136871
2.984187 0.3323368
7.431747 0.498464
2.73974 0.06358159
3.884767 0.2654072
2.038894 0.3800153
3.86078 0.3905639
2.187226 0.4680014
1.795053 0.1572596
2.930162 0.284409
5.293603 0.4460721
2.074973 0.4898364
2.013435 0.04592275
3.231254 0.4602066
1.828308 0.3928049
5.525775 0.1579776
5.926648 0.2977861
3.727553 0.4648432
8.36101 0.1136093
3.546611 0.1131627
12.74293 0.08479791
18.7434 0.1815555
16.64152 0.1720793
5.982394 0.3710692
7.94538 0.1036355
1.336539 0.303609
2.461405 0.2340568
1.785502 0.4365684
1.982029 0.3659121
2.779262 0.4147736
3.524912 0.4788478
4.180163 0.3029643
2.93722 0.2318849
2.409624 0.2640673
3.465629 0.2753323
5.868962 0.3648073
9.191909 0.1165602
6.240238 0.3631783
7.997558 0.03193333
6.279177 0.4193852
6.875581 0.1605487
2.858553 0.1068977
5.4593 0.2394036
21.65044 0.1054836
9.901911 0.2365199
4.582761 0.09217004
4.143968 0.2407045
3.729734 0.4339597
1.767561 0.3913807
2.918489 0.3688748
2.830814 0.3036426
2.679989 0.1770232
6.549365 0.3820828
2.147288 0.07540343
2.849169 0.3022199
1.913402 0.1105151
1.849316 0.2570708
2.727069 0.3676408
3.073172 0.1510813
2.864814 0.1181088
1.959399 0.2583504
2.216422 0.3300224
1.372963 0.1073703
2.591856 0.1699021
11.00152 0.0246356
3.906787 0.389712
7.437204 0.1579523
2.992425 0.2810377
2.424819 0.1470894
2.195378 0.3694794
2.764737 0.2337883
3.957984 0.2312485
3.22356 0.2663241
3.466619 0.303236
1.958059 0.2524399
3.351818 0.3626318
2.180345 0.4556501
2.383136 0.1969852
2.524984 0.458522
2.102234 0.4491079
1.565205 0.2018814
1.295623 0.2049173
1.240501 0.2904626
1.411186 0.4078457
2.482914 0.0744427
2.432803 0.3252342
2.144027 0.4269508
3.078461 0.07089612
2.49993 0.0436654
4.17931 0.3465572
15.23693 0.2248215
4.030895 0.2039731
4.04353 0.3961548
4.386508 0.2634957
3.395062 0.1201126
2.193529 0.224163
2.357203 0.1604732
3.246727 0.4547458
3.162435 0.3767095
2.778505 0.26993
2.579298 0.2487323
2.328171 0.4548077
2.018481 0.4174188
5.426786 0.2256658
6.269136 0.3065432
8.762221 0.07688565
5.479825 0.2986341
8.721199 0.4860164
3.018651 0.47662
2.153169 0.2325323
1.803229 0.2870411
3.549539 0.2540043
3.336423 0.196866
3.692098 0.2622255
3.775563 0.4500315
9.583168 0.2688411
4.274848 0.2943334
6.159285 0.1543571
3.397729 0.4600678
5.794787 0.2008144
4.4756 0.1371819
3.341515 0.4102389
3.850157 0.04505709
3.269905 0.3473561
2.031767 0.3203577
5.148208 0.2209022
2.627117 0.2262923
1.927815 0.2122464
3.90537 0.1051085
3.262032 0.4471326
2.161424 0.493794
3.397258 0.05777932
4.749896 0.3991558
3.299714 0.1927898
2.352419 0.240112
2.427512 0.4092423
2.25525 0.4136335
2.558268 0.3521797
8.705192 0.3617825
3.750409 0.3392903
2.971355 0.3991364
1.793049 0.2939536
2.155267 0.272346
2.420307 0.1180466
1.4179 0.4368152
1.349748 0.4028796
2.800243 0.2679551
2.77984 0.3300658
2.161453 0.1121638
3.51529 0.05950821
3.194188 0.2591609
2.487698 0.1946031
1.513358 0.2854827
2.730379 0.2633066
2.096654 0.2855143
1.943504 0.2212313
1.640575 0.07132092
2.169969 0.4222689
2.877106 0.1338503
1.910768 0.3303427
1.933662 0.1675845
2.437709 0.06132473
5.917526 0.1198419
2.204146 0.3251691
2.318029 0.2597191
2.684268 0.2438103
2.5563 0.2949163
2.448536 0.3052439
2.753273 0.2100213
5.768185 0.1523111
4.068025 0.4384861
3.502721 0.1078034
3.476946 0.3053475
2.9279 0.1981924
1.845096 0.4490024
2.758483 0.1260258
5.595159 0.3072555
3.114197 0.1597451
3.049448 0.3923248
1.778581 0.1557974
2.653328 0.2525446
2.958992 0.4926253
2.035931 0.1256096
1.910233 0.1643567
2.559714 0.1277248
4.324235 0.4080615
8.499842 0.08662102
8.963791 0.4858554
8.020823 0.1810187
5.740673 0.08323565
3.363869 0.4854059
7.038654 0.1494939
5.403364 0.2619622
2.887965 0.2075921
4.272278 0.1975214
1.970583 0.4650966
2.280098 0.07279647
6.927208 0.3986746
2.34585 0.4349261
3.829738 0.3020761
2.50623 0.4686132
1.970063 0.4238483
1.233367 0.3410719
3.838572 0.4663153
2.394336 0.1398543
4.037622 0.3097731
2.610554 0.427656
2.615069 0.264088
4.074257 0.2170947
2.505636 0.1113153
4.476574 0.3324546
2.166813 0.1249263
2.969038 0.2346164
5.137676 0.3207451
3.401678 0.1772388
2.427669 0.3195397
4.968664 0.1520036
2.285493 0.3512606
2.161172 0.2102919
1.726739 0.4955369
2.363531 0.4625936
2.800566 0.4509819
2.186336 0.218825
2.743747 0.4969166
3.736903 0.3721323
2.783972 0.3862061
2.427271 0.168782
2.201337 0.4399118
3.753223 0.1851318
5.372631 0.3109679
4.494556 0.4304346
2.595158 0.3433072
1.271167 0.07470159
1.834182 0.3345446
2.012283 0.4987367
3.251839 0.3121315
2.619239 0.180588
1.472255 0.4864472
1.671996 0.4513447
1.569962 0.3656336
2.965969 0.4323491
2.546872 0.2436794
1.551857 0.4525035
2.303285 0.1440252
1.686798 0.3456522
1.85172 0.3377908
2.099418 0.4984548
3.189267 0.1727731
3.318201 0.2847629
3.135764 0.378867
2.159865 0.1998328
3.480959 0.1425838
1.838065 0.2940682
2.181358 0.139595
2.00599 0.3598554
1.576393 0.3792121
1.384598 0.2544663
2.679793 0.4914147
4.435711 0.2362509
2.571836 0.3351771
5.627852 0.3692029
3.847998 0.2849758
2.307564 0.1731585
2.199682 0.3598645
1.961207 0.4316319
1.886235 0.4155736
2.865028 0.3214915
1.688333 0.4163999
3.863003 0.4549858
3.695445 0.2487834
2.649522 0.05409094
2.7131 0.3820329
6.884572 0.1134929
2.836892 0.2281902
4.906909 0.1813359
1.529379 0.1185198
3.310513 0.3296513
2.375089 0.2651114
3.156441 0.2424396
1.841143 0.114663
2.539192 0.4391244
1.37624 0.4754701
4.206926 0.3827013
4.576115 0.08933344
2.777586 0.285454
3.442834 0.465347
1.884362 0.2106075
2.68643 0.1790819
2.66271 0.164272
3.132688 0.1706617
4.075538 0.3752595
2.377978 0.4398
1.749224 0.3747453
2.75741 0.2560416
2.373861 0.1799673
2.683898 0.3180763
2.314204 0.1821244
1.907957 0.1762967
2.169684 0.1298793
2.001887 0.3089955
2.017786 0.1734295
3.094447 0.3867288
7.127684 0.07631702
4.003546 0.4303342
4.132248 0.2470666
3.233821 0.1223555
3.942795 0.3019872
2.140077 0.1385694
2.535646 0.4342814
5.594669 0.1879958
1.812166 0.2784146
2.461082 0.2529808
1.827185 0.3575546
2.540345 0.2452827
3.121829 0.2088986
3.037488 0.4989984
2.327331 0.3457277
3.309374 0.2321511
2.531222 0.4752794
1.515689 0.4759968
2.796334 0.09475089
1.624817 0.45479
1.797534 0.05042962
2.088262 0.4472585
1.76775 0.2110458
1.740257 0.3799256
3.088055 0.2400262
2.728465 0.1370404
3.165573 0.2030918
7.168065 0.02279457
3.451761 0.2352815
3.743403 0.4882166
2.077526 0.1659753
2.82885 0.4084867
2.354443 0.3773659
2.494527 0.06003426
3.629615 0.1959394
5.764398 0.3047302
2.936889 0.3060445
3.411551 0.2920893
5.175898 0.05000801
5.271351 0.1601766
8.032694 0.2550102
11.86541 0.1278697
2.449965 0.3211302
2.715674 0.08987581
2.73218 0.4319011
2.683355 0.4684062
2.572841 0.4474982
2.28546 0.2418876
1.703727 0.202431
1.565503 0.2826563
1.126847 0.3551216
1.61911 0.3763042
1.215243 0.2293723
1.441539 0.2504842
1.923462 0.1368365
2.727999 0.07630402
4.569586 0.4956884
2.257758 0.3701399
1.618046 0.3756841
3.791183 0.2505317
2.738496 0.2027302
3.174031 0.3830189
2.868899 0.2422027
2.311154 0.1027185
2.576296 0.4129643
1.613975 0.3398423
1.641123 0.3320825
2.314394 0.0925944
2.962179 0.289253
3.126307 0.1640879
2.804871 0.448902
2.605775 0.4986927
2.312348 0.3877392
2.057112 0.4328366
5.887454 0.4442907
1.798286 0.4776041
1.888216 0.3113705
3.307523 0.4857894
8.085443 0.207687
4.828897 0.4430947
2.53359 0.4026904
2.578064 0.3182211
2.441084 0.3554148
1.818942 0.1283415
3.247825 0.3375217
4.566432 0.184562
3.095087 0.3564757
3.145646 0.4678002
2.805687 0.1619761
1.879681 0.3018977
2.47995 0.1352507
1.640634 0.437506
2.39002 0.3475598
9.37854 0.3249025
5.487941 0.1642909
4.538164 0.1246708
3.785713 0.4034543
2.530854 0.349007
2.175457 0.3099408
2.891868 0.2626868
1.955977 0.141934
1.457018 0.3339685
2.350795 0.1243047
2.266147 0.3209865
1.838339 0.462333
2.506812 0.2975627
2.295147 0.4201689
1.547045 0.2606822
1.645272 0.4949198
1.94274 0.3451738
2.02233 0.34487
1.503766 0.1935581
1.615201 0.2198793
1.98003 0.3430017
2.158357 0.2250768
1.901655 0.2460085
1.613273 0.135925
1.553254 0.3249887
1.211069 0.06738985
2.725877 0.4286478
2.47878 0.2184667
2.116628 0.4153763
2.071315 0.06225506
2.84741 0.1080787
1.904922 0.3381825
1.938347 0.1846524
1.896049 0.1532383
2.333526 0.2293747
1.649008 0.3936244
1.568554 0.4988425
3.102515 0.2952441
2.212489 0.4868051
2.716681 0.2852547
3.213867 0.2462793
3.720281 0.4705157
2.139083 0.1970118
4.416126 0.1083482
3.534188 0.2006844
2.125673 0.3801108
2.53507 0.1402796
2.472437 0.2768322
3.894559 0.06865601
3.696052 0.4538203
2.907234 0.3818769
1.649503 0.1959119
2.377199 0.369291
4.358133 0.1262835
2.757738 0.4230841
1.445919 0.4859656
1.672105 0.2852053
2.411297 0.4302062
2.739747 0.2083425
3.196444 0.3119551
1.599813 0.4996348
1.280558 0.1312205
2.238538 0.3208897
2.063955 0.07906011
2.084681 0.3251005
2.938731 0.02898923
3.306275 0.09793952
3.369788 0.2610417
2.651669 0.4676308
3.342512 0.3205626
2.61961 0.4189406
2.861155 0.2248951
3.453319 0.2197746
3.372319 0.1993869
2.355859 0.4456454
4.020239 0.2755036
4.61687 0.2367614
4.962743 0.09848294
4.942209 0.1925774
3.213542 0.4831689
1.744311 0.2748727
1.63066 0.1617741
2.596365 0.04274894
2.199371 0.1820928
2.954068 0.4497575
3.165353 0.3792202
2.611316 0.386562
2.996459 0.3685963
4.132655 0.0944966
3.327976 0.4022701
2.408078 0.4370058
2.326026 0.2468099
1.687356 0.05842349
2.142535 0.2951873
1.545496 0.2215122
2.0998 0.3197375
2.210317 0.4586061
2.09313 0.4080709
2.834794 0.3101598
2.54965 0.1739355
2.764249 0.06837825
3.469549 0.4905679
2.559203 0.3784859
2.722544 0.1318051
2.133169 0.2005427
2.66417 0.3813014
2.538934 0.4907825
5.648365 0.462784
4.609913 0.2619787
2.933186 0.4021963
3.357541 0.1400815
2.500799 0.2212391
2.374769 0.2308972
1.981286 0.3878758
2.05304 0.1165742
2.343457 0.349917
3.054765 0.2244318
3.075808 0.1760129
3.567987 0.07851876
3.715336 0.3644413
3.989332 0.1070425
4.456904 0.2264041
2.260003 0.2694487
1.896353 0.277296
2.002053 0.3878173
1.326936 0.3806545
1.972218 0.3936686
1.103541 0.2888306
3.416874 0.2582291
2.304089 0.2890119
3.561421 0.1354381
6.948192 0.4489262
2.665274 0.4200347
2.284322 0.3728744
2.152402 0.1459997
2.003198 0.09151178
2.059911 0.06517834
2.533282 0.3965593
2.972791 0.2782028
2.399337 0.4731071
4.191354 0.08039569
2.780288 0.3408954
2.221824 0.1044478
1.664343 0.3524368
1.67089 0.2738732
1.732896 0.3450469
2.077511 0.3982651
1.597462 0.3262131
2.431277 0.4384625
2.917431 0.2652464
2.545636 0.373494
1.420018 0.2670801
2.284441 0.05650433
1.900931 0.06442879
3.278473 0.3124768
2.27774 0.4743069
2.173359 0.4688176
2.708719 0.4923527
1.996263 0.05657481
1.716015 0.1118565
1.20392 0.356572
1.874735 0.3984468
2.18642 0.2135861
2.633496 0.4359098
2.339286 0.3484706
2.683338 0.1530962
4.884285 0.3490787
2.144411 0.4319739
2.719517 0.4379816
5.149996 0.1947393
5.535041 0.355173
4.063648 0.4153036
4.009059 0.1083282
3.001235 0.2644502
2.647789 0.2545107
3.190463 0.478609
1.940086 0.391676
2.096306 0.2786466
3.966206 0.3727128
1.581719 0.1127159
1.879679 0.2193229
1.472783 0.1556632
1.99243 0.3218048
2.005027 0.3417078
1.099764 0.2112079
1.382529 0.2272085
2.659075 0.2669715
2.418605 0.2527226
2.198242 0.436775
2.466027 0.3504247
1.863111 0.195456
2.35689 0.1558881
2.077823 0.4889031
2.102719 0.1914242
1.754304 0.2916385
3.902019 0.1452979
2.250791 0.2801157
3.564647 0.2911765
2.446996 0.1293877
2.410763 0.4435828
2.623224 0.09852753
3.18228 0.3937416
2.654946 0.1661634
2.576882 0.4437208
1.851019 0.3996226
1.132791 0.3473149
1.951419 0.1876231
2.18441 0.3676764
2.934035 0.3366412
5.342036 0.2339505
2.766465 0.3360051
15.05985 0.1104705
5.091779 0.2961656
3.417288 0.2873884
1.917886 0.08355955
3.610604 0.1777336
3.044782 0.4942976
4.794267 0.07773357
2.064338 0.3920208
2.799925 0.2775292
2.69371 0.2053001
3.528274 0.4847775
2.939968 0.1816116
1.640613 0.2973888
2.291375 0.3823813
1.250091 0.4869657
1.991825 0.4316138
6.315973 0.1636166
2.839076 0.4583926
3.529223 0.4076431
2.137121 0.3424907
2.312652 0.3390076
2.350917 0.20661
4.932332 0.2783179
6.056076 0.09973684
6.551825 0.08067942
2.128859 0.2652843
2.793679 0.2915877
5.087915 0.4452164
4.432419 0.3945446
7.954598 0.03179136
8.364046 0.3004075
2.822425 0.3156788
1.944225 0.283675
3.177982 0.4703546
3.476072 0.3510896
1.602715 0.4193301
1.888678 0.4140913
1.566603 0.3940427
1.804352 0.3600847
1.346302 0.1938039
1.312813 0.3477814
1.082472 0.2997526
1.739397 0.4649564
2.735455 0.114317
2.554566 0.3204827
2.266439 0.1850384
3.233554 0.1114194
4.278301 0.2840835
3.405041 0.1834863
2.613158 0.2225784
2.771314 0.2144804
3.64753 0.335093
4.476337 0.2795046
4.897159 0.1745793
4.707698 0.4591438
3.654232 0.2562746
4.668356 0.1408366
3.305742 0.4225363
2.466748 0.4663833
2.94017 0.18742
8.416004 0.4751448
4.235942 0.2573351
3.881481 0.1388363
2.940484 0.1990049
3.259041 0.33719
2.259085 0.4356566
2.566232 0.1099916
2.079904 0.09221242
1.871948 0.184578
1.539736 0.1963727
3.351734 0.4022348
3.86046 0.1508151
1.535652 0.1287982
2.080506 0.4697746
3.468492 0.2979018
2.401879 0.4023591
2.800945 0.3012267
1.470742 0.3455752
2.251531 0.1423196
3.089385 0.273702
1.531099 0.3301093
4.208676 0.2990404
2.592189 0.3148161
2.762997 0.1792836
2.461303 0.2993609
2.412973 0.05760349
1.674641 0.4342917
2.106926 0.484828
2.51849 0.1806832
2.67188 0.03579667
3.229658 0.4524227
1.616568 0.3010783
3.372169 0.3980013
2.185897 0.4482642
2.426814 0.3945845
2.578753 0.3019216
3.703471 0.2895339
1.809407 0.4144753
2.182272 0.305569
2.280571 0.4796203
4.687343 0.2026758
3.590644 0.4936707
3.210689 0.4837186
4.419262 0.1631012
4.893357 0.2976113
2.386923 0.4387025
2.533001 0.2866225
1.625571 0.4553719
2.641241 0.1133702
6.938317 0.07105362
3.936386 0.3377036
3.431531 0.1790718
2.315305 0.4755575
2.408741 0.3810658
2.709212 0.3636639
2.534738 0.4317399
3.469788 0.3246768
2.266255 0.4531522
3.730208 0.2513012
4.252939 0.439538
2.192014 0.0580096
2.062203 0.03262697
2.52352 0.2022037
2.216758 0.477086
1.610185 0.277632
1.345451 0.105802
1.828329 0.4985944
2.118237 0.3638044
1.787998 0.3775514
1.539162 0.07326994
1.431433 0.3365724
2.100897 0.1619155
1.913313 0.2483441
2.608436 0.1967333
1.60907 0.4910085
2.441926 0.3265199
1.663053 0.4440654
1.727101 0.4466383
2.050518 0.3108664
2.665752 0.4081223
3.343339 0.4531495
1.928209 0.4701721
1.908401 0.4474654
2.12815 0.1376733
1.364801 0.3272714
1.444638 0.3710985
1.191932 0.3280293
1.566225 0.3204122
1.464573 0.3670266
1.888266 0.2533706
2.056919 0.2764932
2.753057 0.4687123
1.711038 0.4645905
2.747134 0.3906882
1.787759 0.3859667
2.19032 0.3790172
1.91576 0.3917811
2.537655 0.3386018
2.353861 0.4668212
2.514399 0.488588
1.798954 0.09651758
1.300598 0.4677355
1.909354 0.09690855
1.697382 0.2853116
2.488279 0.09899916
1.543305 0.02200505
1.469953 0.3407535
1.259095 0.2815661
2.124191 0.09581129
2.196085 0.4616814
1.767774 0.4842227
3.509629 0.3008273
1.595596 0.304655
2.873739 0.4219823
2.889905 0.3898422
2.399485 0.09996061
1.330672 0.1315062
1.875685 0.4191198
1.669545 0.1726192
2.437638 0.4292165
1.404441 0.3256121
1.752961 0.480422
2.018531 0.1604664
1.293015 0.1456858
2.162474 0.3325447
2.275148 0.129108
2.847173 0.296938
2.004398 0.3407935
1.521415 0.4436379
2.470112 0.2072595
3.478224 0.3104675
1.966038 0.3429265
2.295441 0.1832788
2.203224 0.2187676
2.914144 0.2469952
2.769535 0.07089422
3.600241 0.2555687
1.654642 0.1451046
2.467512 0.3829961
2.47687 0.1169921
4.763709 0.2493853
2.54262 0.2634854
4.454934 0.3973369
3.208083 0.3285179
2.281021 0.08058256
1.721183 0.3537022
2.566018 0.1307312
1.861707 0.2694576
8.716463 0.2043773
4.16755 0.4322052
2.949562 0.4238434
3.262436 0.05595667
4.239825 0.2267915
1.511152 0.2118016
1.686634 0.4733052
1.453848 0.3998371
1.865431 0.4234696
2.373108 0.2983856
1.578244 0.3194402
2.590013 0.343178
4.418898 0.2531625
2.992472 0.3923265
4.037168 0.2168314
3.446193 0.2987718
41.00336 0.1013388
4.065024 0.1515855
2.042435 0.4478402
1.92042 0.2002021
1.858136 0.1177436
2.359422 0.3422232
3.577831 0.4158196
3.756461 0.3442713
4.6903 0.09996969
4.950259 0.4481049
4.202212 0.3293289
7.228653 0.4750963
2.925782 0.4673434
6.42631 0.1932322
2.372939 0.4176351
4.18669 0.234442
2.910613 0.19874
2.435455 0.4802621
3.581561 0.2617378
3.822237 0.356824
2.542649 0.4643912
5.418973 0.1705787
2.91017 0.3469808
4.025953 0.1384143
4.343815 0.490708
2.37086 0.1703983
4.929323 0.4218946
2.370306 0.2834721
2.450678 0.167313
1.604089 0.3657408
2.259022 0.2323866
2.783533 0.1669852
2.16798 0.3573025
2.977308 0.1796795
2.326793 0.1280466
2.902755 0.2746716
6.906007 0.200528
10.07746 0.1565346
9.954003 0.4611608
8.756991 0.1357146
11.9627 0.2172434
2.979169 0.2106599
2.300682 0.0584499
2.121137 0.1670178
1.739349 0.237073
2.577503 0.2096441
2.249503 0.2172099
1.899576 0.3492714
3.246355 0.21515
3.8722 0.109521
3.180753 0.3340316
5.791311 0.1745126
11.82685 0.1062259
7.239855 0.2391343
3.242282 0.112728
3.43542 0.4080212
16.64456 0.03348566
3.927254 0.4808602
4.561072 0.1311067
2.602226 0.3278566
2.842127 0.4774098
2.309207 0.4526207
3.043619 0.2815401
2.9611 0.05226793
1.951153 0.4811679
2.625525 0.4440327
2.931601 0.3385752
3.780502 0.4121555
2.310172 0.2780616
2.092065 0.4578934
1.521154 0.154366
2.057488 0.4591686
3.241299 0.334501
2.551503 0.2881058
4.970579 0.1010122
4.340848 0.2116833
5.405649 0.1512287
1.769517 0.1364708
2.789709 0.276766
4.95867 0.1542237
5.456931 0.1565235
4.423091 0.07249089
2.559661 0.4594082
1.781817 0.4291425
3.428489 0.1813081
10.27655 0.102313
2.454073 0.4491277
3.338629 0.1400607
2.066644 0.4666683
2.367101 0.4792762
3.440031 0.225197
2.979358 0.1546494
2.532443 0.3046735
3.125155 0.2487812
2.718365 0.1860659
3.883135 0.4492789
1.629812 0.3870457
3.577134 0.1655693
3.111706 0.4628655
1.594637 0.4688429
1.882014 0.3853416
2.672457 0.3957813
2.723599 0.4212329
2.067881 0.3636774
2.887173 0.3269197
2.404603 0.1412312
1.361991 0.435206
1.468821 0.08646641
1.339168 0.3884027
1.216001 0.1939254
1.901852 0.4923892
4.318328 0.3376977
3.242667 0.3819108
1.58891 0.4421078
1.442997 0.4699318
1.39045 0.3214984
3.37064 0.3676016
3.803263 0.2367876
2.271711 0.4077992
2.240731 0.4340854
2.174205 0.2699176
4.245374 0.1074733
3.707559 0.2800909
2.88756 0.3057533
3.049731 0.3499588
2.522716 0.286124
2.485967 0.452953
2.543614 0.3290147
1.957742 0.2306173
2.21671 0.4385045
1.872997 0.4318563
2.53437 0.19189
2.076446 0.3946584
1.697495 0.2922972
1.616934 0.2242907
3.379965 0.2802884
2.16571 0.4230407
7.494799 0.3529841
4.061891 0.1659139
2.574441 0.4793667
2.704441 0.4242142
5.340931 0.2999624
1.976941 0.3528017
2.366379 0.3488352
2.596832 0.2501529
3.100191 0.4039311
1.772906 0.2524192
1.959174 0.3404169
2.744822 0.4667995
2.068388 0.4688997
2.035029 0.1128048
4.448428 0.192538
2.535543 0.3812508
2.028057 0.395364
2.31969 0.3322196
2.551912 0.2431214
2.418675 0.1225097
2.809266 0.4439849
2.737616 0.1315749
2.924162 0.1902925
1.781325 0.2945198
6.142837 0.2253879
2.65616 0.2424277
3.403603 0.2864442
2.944157 0.3248132
1.6222 0.2923896
2.790074 0.4007546
4.728903 0.09089901
3.855531 0.3022621
17.53749 0.04438358
10.74565 0.1492441
10.58765 0.469336
3.188624 0.2202846
3.757961 0.1850024
3.112226 0.277997
5.083643 0.2037081
4.187977 0.1358122
3.349105 0.3670878
2.911462 0.2053412
2.568319 0.4576846
1.695779 0.3212192
1.681336 0.2702222
2.691743 0.1011252
4.497583 0.2404882
1.408136 0.3301728
2.657126 0.2986475
2.460582 0.1064172
6.014191 0.2609213
9.733081 0.03326449
3.728765 0.2516377
2.855734 0.4105564
1.718626 0.2312333
2.782718 0.3534545
2.870158 0.491795
2.833936 0.05896007
4.332923 0.09000225
13.2607 0.1090303
4.042439 0.1154397
2.457051 0.3996401
2.757275 0.3649322
2.262947 0.05700574
1.966772 0.2224611
2.211238 0.4260535
1.760334 0.0270126
2.02553 0.4349656
4.393161 0.02129713
2.721595 0.1430404
2.376542 0.1970872
3.136639 0.09161324
2.51055 0.318024
1.209086 0.3822028
3.110916 0.1904699
2.692158 0.2628457
1.637194 0.4901459
1.90832 0.4248425
2.064148 0.4018252
2.168503 0.08073711
2.168784 0.2992244
3.513172 0.2320741
2.803972 0.1478573
1.636083 0.4301754
1.7704 0.1708724
2.874199 0.02500271
1.469938 0.07352295
1.861383 0.3032
2.141184 0.4874003
1.421828 0.311394
3.417941 0.1733847
2.431687 0.251071
1.584709 0.4584039
1.660421 0.3921315
2.436514 0.2908869
2.810919 0.1783195
3.968981 0.2473199
4.103515 0.4718906
2.158395 0.400753
1.669063 0.2624879
3.262687 0.1439203
2.371783 0.2122947
2.456247 0.4268934
2.079693 0.4294785
3.771057 0.1024329
2.13471 0.3700959
2.061774 0.4132258
2.299622 0.3825223
2.677514 0.3175419
2.276348 0.4652068
2.218637 0.0795871
3.598413 0.4975482
2.325487 0.3130924
3.164861 0.2224382
3.335266 0.2269026
1.750963 0.3754042
2.663138 0.2621145
2.288174 0.2429168
2.415344 0.2960449
1.400557 0.3106733
3.434497 0.04979058
2.140594 0.2137316
2.079698 0.223431
3.5242 0.3626896
4.138068 0.4013797
4.206309 0.4796323
4.247917 0.4968437
3.933976 0.365429
3.350415 0.3922811
5.377411 0.1199362
4.312796 0.2642106
2.651207 0.4309844
3.336969 0.425055
2.991734 0.4475874
2.693827 0.4115762
2.286691 0.1403776
2.006292 0.1193739
2.12026 0.3780665
2.259132 0.2170048
2.561545 0.2410463
1.63929 0.2135602
1.54635 0.2468616
1.69237 0.4036378
1.775515 0.04509206
1.4409 0.4801491
1.692926 0.08187102
1.577152 0.1129583
1.626712 0.1815124
2.291735 0.2590853
1.765169 0.2554998
2.493131 0.4794473
2.312697 0.2425921
2.608734 0.4683901
2.257804 0.2321569
2.490156 0.2892723
2.265548 0.3003252
3.859045 0.3472184
3.516502 0.4018399
3.752723 0.1994862
2.418343 0.3749888
5.34796 0.06929692
2.401315 0.1004873
2.759087 0.3615059
4.100039 0.3628742
2.691869 0.2651715
3.724762 0.3077652
2.802793 0.03262385
2.322113 0.2600186
2.599036 0.4763558
3.446698 0.3362633
3.364907 0.1761765
2.664317 0.4237895
2.4134 0.164749
2.010648 0.3980945
2.275397 0.4732957
3.184151 0.2850378
2.543471 0.273204
3.437574 0.06117079
2.845987 0.4034099
5.682648 0.3257226
2.841429 0.3880036
2.572233 0.3658335
5.033948 0.4017874
3.476716 0.2956452
2.367098 0.4442412
1.467916 0.3634847
1.401791 0.4575409
1.179453 0.2757481
1.427947 0.06453019
1.253165 0.3840011
1.861125 0.368643
2.780814 0.349626
3.908378 0.09439365
1.551773 0.3023028
7.83295 0.02865995
2.941075 0.2495502
3.070872 0.1162439
2.290926 0.2115643
2.181508 0.3354628
2.923713 0.1718245
2.152016 0.2793407
2.384453 0.09354513
2.85974 0.4888839
3.660048 0.3039039
2.672916 0.2746534
2.863452 0.3194302
3.472404 0.1632029
2.504539 0.3474064
3.053943 0.124882
2.453991 0.4474585
2.56426 0.2342925
1.787568 0.451221
1.740974 0.2136792
3.840614 0.2497061
3.074368 0.1618101
3.291528 0.2069807
4.303185 0.2969809
2.887739 0.1034688
3.031455 0.1949874
2.26464 0.1805503
3.529123 0.3418409
2.176198 0.2089029
1.922999 0.2179764
2.369642 0.1164702
6.858259 0.4172117
2.806414 0.1303833
2.667464 0.06735022
1.464425 0.1161372
2.042204 0.4230041
2.435153 0.2357684
2.193659 0.2814744
2.295219 0.3147123
3.096207 0.3881408
4.185922 0.09719982
2.083923 0.1487163
2.624944 0.2067318
2.283335 0.3677853
2.526654 0.2912676
1.677783 0.3957913
2.264958 0.08636932
2.287479 0.3587884
1.709041 0.1216785
2.673225 0.2291352
2.179479 0.3719624
1.875784 0.4136597
2.189 0.4896055
2.097265 0.4715129
2.031932 0.2219879
2.539683 0.3586026
1.618073 0.3131094
1.547858 0.1663074
2.360428 0.09183754
3.929654 0.327177
2.929994 0.3645702
2.541186 0.2258123
2.793127 0.4205323
2.222686 0.4548541
2.024584 0.375013
3.090504 0.4713347
4.682966 0.1817225
3.885824 0.3002376
4.500272 0.1274049
5.200688 0.4001968
5.198085 0.47699
3.299305 0.2049349
2.432209 0.3262579
2.1368 0.2129028
1.714633 0.4051574
3.007154 0.4054741
2.667834 0.06036731
1.491736 0.3454156
3.939911 0.1599463
2.825118 0.1542528
3.170677 0.3443305
2.730063 0.4594852
2.06868 0.325927
2.817433 0.201488
1.440726 0.2496487
1.643126 0.3953645
1.657219 0.2820932
2.207587 0.2344183
2.714097 0.2712104
2.878233 0.3214514
3.719307 0.08964865
3.192405 0.06693677
2.194367 0.3127096
2.850616 0.2235466
3.19811 0.2796087
1.923626 0.1338057
2.237426 0.2689745
2.039489 0.3828635
3.22068 0.1422539
1.714243 0.2860161
2.464738 0.4157174
2.908768 0.1699432
3.032243 0.1387125
1.558148 0.04035133
2.887216 0.239692
2.79837 0.4402552
3.546585 0.1163691
3.482721 0.1952366
2.894582 0.2762186
1.635553 0.1830924
1.840674 0.272309
1.25941 0.4375811
1.305871 0.4292622
1.352761 0.1871047
1.062369 0.3552449
1.461597 0.4722807
1.520705 0.04071098
2.334446 0.1092209
3.16294 0.1886138
1.960404 0.3855147
2.095752 0.4437001
2.065567 0.3242491
1.468338 0.3750433
3.839188 0.4460435
3.459683 0.3444224
1.796912 0.4822646
2.75297 0.1838494
2.090334 0.4533831
2.118298 0.4871207
2.463317 0.4707334
10.20763 0.1058067
3.509443 0.4603336
3.772014 0.2984077
2.597718 0.2189313
2.948144 0.3914787
2.685308 0.1550293
14.02187 0.05764581
3.410577 0.4690649
3.36195 0.244627
4.482617 0.3900278
3.006866 0.3971725
2.045466 0.4818826
2.186677 0.05633351
2.689628 0.3935423
3.714135 0.4318462
3.343859 0.3827294
2.815193 0.3504298
2.347908 0.4024164
5.044166 0.04225281
3.337058 0.2144131
2.385848 0.289351
2.676541 0.1668056
2.210969 0.4047565
2.118777 0.1704588
1.556439 0.1978461
2.8554 0.2679181
3.384003 0.3900443
2.032735 0.3058602
2.032468 0.3365052
1.697325 0.241913
2.506561 0.1931084
4.160603 0.2474423
3.374911 0.3678133
1.647896 0.3576764
1.662295 0.4521735
3.654784 0.4920924
5.598547 0.2749654
2.158126 0.1813809
1.893346 0.4333052
3.993528 0.1691624
15.37688 0.06443014
8.32879 0.212572
3.98493 0.2071046
3.818612 0.2541949
2.461729 0.383165
4.317991 0.05636221
1.482032 0.3293996
2.529913 0.3966952
3.624134 0.1870481
2.382561 0.3388467
2.234186 0.4205194
2.80941 0.1545488
2.654432 0.4770514
2.84499 0.2898217
1.291395 0.120362
2.10578 0.3243339
3.914484 0.2366181
5.533997 0.1097835
2.88939 0.3342947
2.007213 0.3541385
2.191442 0.07257213
2.112389 0.4044498
3.382041 0.3722494
3.703379 0.1581529
2.58985 0.3299506
1.925762 0.0688288
2.452109 0.1734606
1.873645 0.2078156
2.052781 0.4506073
2.124026 0.2653686
2.450818 0.3670222
1.778151 0.09696361
2.041279 0.4845083
2.779993 0.462926
1.768217 0.4571478
2.057563 0.393287
4.3275 0.03976974
1.975176 0.2879359
2.387689 0.4138685
2.596935 0.393161
2.419922 0.1387445
2.769668 0.3801166
3.268879 0.2629375
1.843085 0.2843358
2.581833 0.2884423
2.016887 0.4794064
1.11557 0.4884627
1.752935 0.1245809
1.937039 0.4364533
1.547913 0.2612566
2.317371 0.2673587
1.84927 0.3272369
2.1972 0.4611673
2.114033 0.3366169
2.466074 0.2011389
3.6612 0.335205
5.696505 0.1965875
18.20563 0.04889882
2.973432 0.3726994
2.006607 0.4610171
2.116185 0.0486781
2.444494 0.3604317
2.934906 0.1416369
2.532774 0.2232127
3.3743 0.2411251
4.390008 0.4172586
2.164362 0.2966726
1.320958 0.3177527
2.53643 0.3804761
2.458611 0.4685184
2.573207 0.227974
1.472763 0.4811025
1.51577 0.4186249
1.439451 0.3709741
1.968491 0.2173794
1.860743 0.1977647
2.507079 0.12722
3.397617 0.4193335
3.904005 0.3658802
3.261796 0.418268
2.220855 0.2217468
3.497987 0.226164
2.309959 0.05426854
3.650758 0.2521111
3.53477 0.2192575
3.00267 0.1573827
2.369594 0.4515008
3.685596 0.2905967
2.180993 0.4760729
2.08842 0.365546
1.488101 0.253195
1.53118 0.4082478
2.909694 0.352615
2.955426 0.3934088
2.648755 0.3717147
1.450449 0.3211062
2.10352 0.2002246
2.789789 0.2771789
2.525363 0.3446354
3.318551 0.3551989
3.803917 0.4731335
4.863188 0.4477191
5.389553 0.3697443
10.4107 0.2117388
2.005571 0.3614412
2.788345 0.3071286
2.034846 0.1330562
1.627383 0.3776013
1.082592 0.3178181
1.420822 0.06290225
2.379867 0.4715758
1.936079 0.223088
2.014781 0.2533332
2.182034 0.0976075
1.881406 0.4493416
1.80427 0.03394708
2.04756 0.1378991
1.716171 0.2639177
2.544346 0.3127689
2.673207 0.3568853
5.591747 0.2527604
2.485219 0.2199381
5.108138 0.1622362
6.312262 0.2011593
2.703076 0.4326407
3.389972 0.3095024
5.336466 0.2288767
3.53765 0.2378508
41.39984 0.08257619
2.121484 0.4609513
4.55979 0.365215
3.739635 0.3664904
1.92 0.2835225
1.501549 0.4644171
2.127216 0.2554615
1.568053 0.1665395
1.622715 0.4303028
2.709141 0.3021655
1.752721 0.1738477
2.985478 0.1449449
4.810797 0.2166976
2.144951 0.4035334
5.162518 0.1349442
4.594431 0.3394298
3.795434 0.2375783
11.81148 0.3848037
3.517925 0.4503947
1.897201 0.4379423
2.685429 0.4626182
1.63276 0.47689
2.091943 0.1913724
1.618726 0.4610607
2.408761 0.307126
2.744202 0.2015764
2.168391 0.121256
2.887404 0.4868427
3.839849 0.2629374
3.284217 0.03111874
2.599808 0.1400555
2.701809 0.3656449
4.992013 0.3109768
2.287941 0.3945348
2.995906 0.1966072
3.038943 0.2198486
2.731684 0.3265046
1.841783 0.07922336
6.105898 0.152972
2.870168 0.2628716
2.190144 0.3129261
2.345489 0.3696325
2.43718 0.4328749
1.514568 0.2273586
1.632846 0.4509906
1.679479 0.2484464
1.750066 0.2544857
2.427081 0.3398533
2.533196 0.3180748
3.070899 0.3767159
1.991248 0.1532024
2.354015 0.4394228
2.241104 0.1770755
1.726236 0.2924339
1.783504 0.3975769
1.802342 0.4619869
2.405858 0.4157619
3.575251 0.2842562
3.003785 0.4462961
4.383677 0.3812284
3.662998 0.4136838
1.723026 0.3958705
2.646716 0.28512
2.600327 0.2302149
2.512346 0.3527226
2.123003 0.2968594
1.363288 0.3101561
1.774933 0.2570662
1.911342 0.1925973
2.613979 0.3892498
1.257031 0.3606395
1.662237 0.1909053
1.991415 0.4506319
1.40784 0.4733735
2.112252 0.2785074
4.234283 0.3524227
1.688811 0.3874106
2.479943 0.1417356
2.752327 0.3967622
3.299961 0.3231242
2.559126 0.4360737
2.819384 0.3434501
1.395977 0.4624457
1.976269 0.07588602
2.102704 0.4691584
1.387202 0.1906408
1.088859 0.4835554
2.866624 0.231468
1.619873 0.1729781
2.235422 0.2498313
1.426028 0.3958326
2.698207 0.1579699
2.590545 0.1632608
2.744323 0.2639967
4.263288 0.1545768
3.15394 0.4903453
3.015282 0.4341225
5.763605 0.3238015
5.594417 0.223794
4.066257 0.2518945
2.244482 0.05558272
3.548638 0.1704909
2.361635 0.2950249
3.42891 0.2331791
2.320686 0.3037966
2.041578 0.3606862
2.908445 0.4301259
3.345222 0.4935785
4.379062 0.11141
2.114911 0.3753069
1.986096 0.2254969
1.567956 0.1276139
2.394017 0.3655649
4.065567 0.1988352
2.752266 0.3669154
2.034901 0.3312236
1.727256 0.2405708
2.317421 0.3983975
2.792675 0.3169547
1.726804 0.3369673
2.633394 0.2654598
1.813704 0.2859538
2.409603 0.3444145
2.22799 0.0913716
2.297651 0.3910555
1.614933 0.3366114
2.944996 0.1270287
1.182924 0.4969639
1.631152 0.3207819
2.372288 0.2602635
3.806101 0.3742909
3.347891 0.09977279
3.553121 0.4536956
3.045389 0.229866
3.80962 0.2759925
2.682051 0.2243558
1.517222 0.2446428
1.171921 0.3233334
1.330343 0.3442557
1.093792 0.1461877
2.158778 0.3505787
1.582546 0.4064866
2.225696 0.3013156
1.694255 0.387082
2.201045 0.3788045
2.557832 0.4706385
2.057274 0.3895322
2.284573 0.3943788
2.645113 0.1291644
3.023058 0.05475633
2.457554 0.3166944
2.814725 0.4693436
4.165431 0.4449477
1.514505 0.240894
8.277165 0.4186035
2.886187 0.3563983
2.881642 0.4923768
2.068256 0.160108
1.675035 0.3816773
1.976813 0.4561655
1.995326 0.2656894
3.10011 0.2829158
4.142291 0.4173533
3.736306 0.2435231
2.923579 0.4606826
2.153697 0.3128754
1.700917 0.204813
2.099349 0.4366882
1.714035 0.4390161
2.358977 0.4483637
2.429823 0.400182
2.981225 0.166768
6.546853 0.1414421
4.247185 0.3043162
2.452928 0.4497425
2.166305 0.4201211
2.64274 0.4827845
8.649939 0.08039546
1.944701 0.4719664
1.557422 0.3994126
2.399168 0.2882009
1.401803 0.08702241
3.175162 0.2423012
2.003214 0.3398276
4.800714 0.1425361
1.751782 0.1186048
2.547799 0.3800018
1.788491 0.2385109
1.732586 0.2613084
2.351713 0.3120067
1.217134 0.1643434
1.319365 0.1049328
1.518618 0.361407
2.10829 0.3484122
2.064671 0.4411002
3.097854 0.4406521
2.966872 0.2989695
1.839275 0.3833438
2.119978 0.1372987
2.264227 0.3539111
5.895553 0.04598429
4.220491 0.3552639
5.113598 0.3510014
5.696041 0.09439769
2.756748 0.1373908
2.300203 0.1894632
2.509042 0.3513848
2.349294 0.4794198
2.159447 0.3201254
1.839236 0.3498794
4.207138 0.3643697
4.145818 0.4455668
1.746642 0.3455024
3.82917 0.1155191
2.576115 0.4883233
1.723877 0.3461036
1.4753 0.487828
1.071809 0.04636071
1.875095 0.318582
1.532347 0.2878791
1.609288 0.4553798
2.367981 0.375664
1.685436 0.3397744
2.298074 0.4748409
1.887217 0.2778929
1.54817 0.4303941
1.456911 0.1384498
3.005428 0.4903063
3.678473 0.3186931
1.92942 0.4358109
3.391696 0.06438552
2.684822 0.08374724
2.478466 0.3141918
3.119626 0.3351263
3.064839 0.4095751
3.000161 0.2604869
3.221601 0.3991896
2.962958 0.19502
3.835983 0.3250913
5.614879 0.3787683
3.261973 0.3143118
1.933925 0.4036305
1.761528 0.3018443
1.759587 0.1943876
1.777 0.2946932
1.870056 0.08346965
2.511936 0.3501513
1.765147 0.1966256
4.878373 0.1045479
3.904494 0.3332269
6.701505 0.4644312
3.560454 0.2015637
3.662791 0.08144254
3.405417 0.2496813
3.966038 0.4269566
2.380423 0.1235553
1.685999 0.3749169
1.728978 0.2542133
2.675024 0.2329226
3.403472 0.3885377
3.184438 0.1619422
2.276814 0.1713947
2.667171 0.1290593
3.572475 0.08673674
2.168907 0.307671
1.895552 0.2631964
2.106739 0.4323956
1.90416 0.4057207
2.857414 0.487566
2.780392 0.3173075
2.893869 0.4545066
2.004701 0.1675412
1.265263 0.465099
2.088749 0.4662002
1.403709 0.3182274
2.016198 0.4748489
2.419 0.4872122
2.280636 0.1457218
3.644423 0.09568609
2.170966 0.2966668
2.122123 0.2508618
2.822535 0.1951391
3.380076 0.194347
3.007335 0.393422
2.377013 0.3815614
2.941232 0.3921597
2.048526 0.1822093
2.399701 0.2258664
2.539496 0.440884
1.934979 0.2483544
2.414251 0.2464292
2.351942 0.1481711
1.837032 0.4995474
3.866209 0.398957
3.392392 0.07813205
2.562145 0.287329
2.210804 0.1104928
2.089664 0.4712637
1.806437 0.334161
4.790908 0.4830079
4.088622 0.06246901
3.276392 0.1394748
3.524305 0.1866909
2.759906 0.0659372
2.421258 0.07356379
2.889783 0.3461764
2.305634 0.1004525
3.927726 0.4203464
3.111 0.4160958
2.459816 0.1394697
2.505982 0.4866624
2.429584 0.06111528
2.219664 0.3639132
1.971445 0.1531009
2.183936 0.4209152
2.138811 0.2880088
1.806333 0.3727426
2.508329 0.446095
1.936652 0.4037752
2.412586 0.3741497
1.897543 0.2869588
2.42165 0.438579
1.973963 0.09594159
2.596779 0.163263
3.752989 0.03223101
2.47496 0.4876382
2.617659 0.3167044
2.26913 0.4819888
3.486707 0.1639979
2.92836 0.4841252
2.457636 0.376849
3.205093 0.318878
3.599482 0.07239994
4.40106 0.2950806
2.833088 0.4952027
2.822537 0.08272235
4.066399 0.200768
2.193958 0.272992
1.389052 0.3364508
1.189407 0.09972733
2.151079 0.1025993
2.562539 0.2024602
2.095633 0.4911311
1.628536 0.453176
1.710531 0.3221922
2.198058 0.4966803
2.167273 0.4770936
2.181696 0.2401658
1.778078 0.477818
1.403223 0.4439703
4.543815 0.2288027
2.467528 0.2372227
1.292342 0.4423926
2.303158 0.2361985
1.239937 0.3277739
1.704188 0.2433772
1.699493 0.2056396
1.756448 0.3984733
2.330763 0.427527
1.638254 0.4836496
1.823641 0.1406701
1.205921 0.341889
1.821071 0.4043964
1.840576 0.175696
2.475165 0.1507833
2.95407 0.27205
4.161789 0.430007
2.386518 0.2744641
2.469505 0.2222767
3.52344 0.1393006
2.168217 0.4308871
2.28088 0.2301186
2.576064 0.4950977
2.503403 0.06606344
1.770769 0.427124
2.074806 0.1673179
2.197897 0.3493278
2.104358 0.3086982
1.615784 0.4468475
2.08415 0.4369103
1.84601 0.1606677
2.073501 0.2770407
1.658498 0.3528314
2.833813 0.1030764
2.901441 0.2635694
2.828246 0.2886875
2.834482 0.05421153
2.414695 0.3259509
3.366517 0.098674
2.596343 0.3932822
2.262724 0.3651633
1.607153 0.480698
1.466913 0.2530863
2.888232 0.4455066
1.423698 0.1008727
3.757896 0.4553091
2.016356 0.4888707
2.432772 0.38036
1.881924 0.252448
3.79144 0.2176846
2.839472 0.4981615
2.079093 0.275908
2.409034 0.3227128
2.734087 0.1810323
1.940356 0.1432228
3.172331 0.3352026
3.024729 0.3991445
2.102973 0.3414366
2.432275 0.3371413
1.751348 0.4038507
1.995304 0.1710056
2.658529 0.1899501
3.475976 0.3461799
5.090643 0.3023041
4.298534 0.3091151
4.256984 0.2310718
2.807932 0.1238489
3.819843 0.3222215
3.075723 0.1900564
2.711547 0.06316535
2.899289 0.1558024
4.052388 0.07796855
7.255958 0.1473227
3.807719 0.04817994
3.792097 0.2218393
5.152401 0.2800262
7.102729 0.2539029
12.0909 0.1300995
3.633994 0.143111
2.358937 0.3029377
2.704097 0.3590882
5.493117 0.2784026
2.660253 0.1839219
2.534198 0.4690446
2.470658 0.2827615
2.596857 0.3303842
1.740274 0.4512197
2.832208 0.496643
3.004798 0.2527552
3.514596 0.1600906
3.550371 0.211879
2.525945 0.3527199
3.334248 0.4199187
1.92099 0.446795
1.884299 0.3078487
2.251861 0.1957819
2.363058 0.4659801
5.230769 0.2256132
2.634531 0.3914162
2.974573 0.3858559
4.078752 0.3361969
5.171881 0.1286051
2.408772 0.3496556
1.737822 0.4798548
2.151442 0.3995132
1.622243 0.3563053
1.419492 0.4872278
2.250989 0.2663724
1.788189 0.4211636
1.913264 0.3720254
2.996937 0.3748976
2.2713 0.4976215
2.105266 0.4815191
2.477891 0.1358272
2.927279 0.1659079
2.067022 0.1954617
2.012992 0.4327972
1.784148 0.03688
1.31764 0.381132
1.097876 0.4474197
1.942478 0.2440133
3.695865 0.2762082
2.220631 0.4308757
2.818978 0.218137
1.940745 0.2300921
12.04193 0.04956632
22.7018 0.09902116
2.392645 0.2815768
4.714204 0.4922839
4.032981 0.2232417
2.165717 0.3245487
2.078827 0.4068745
3.26044 0.07279254
3.209966 0.2735007
2.565754 0.3391572
2.632695 0.4516401
1.689008 0.1944107
2.005527 0.2564813
7.516287 0.1146262
4.855823 0.3355933
1.931484 0.4909179
1.911441 0.1738977
2.36344 0.3186788
1.586894 0.375667
1.278834 0.08253953
1.06173 0.2779887
2.024668 0.2613402
3.459399 0.4929377
2.474238 0.4997128
1.951604 0.4916336
1.839599 0.2448772
2.536463 0.3135
1.61972 0.2867483
1.797884 0.2867418
1.792637 0.4988362
1.579545 0.4136391
2.384474 0.4220006
1.705343 0.1647693
2.868867 0.09989269
2.140254 0.1393043
2.906495 0.348168
1.789505 0.2912339
2.631579 0.1097523
1.831423 0.3650552
2.253168 0.3284393
2.427411 0.4583581
1.76407 0.420432
2.278624 0.4652784
2.78063 0.3562464
3.149499 0.3624001
3.73939 0.2550822
4.829221 0.2407886
2.863069 0.4778597
1.837369 0.2517577
2.199208 0.2650752
1.806464 0.3092385
2.041048 0.4686393
2.156127 0.3169871
1.867195 0.3360165
2.529656 0.117181
3.927035 0.1392531
2.770451 0.1054107
2.476151 0.3481196
2.508596 0.4333499
1.861256 0.2836883
1.861605 0.2566628
4.038713 0.2530284
3.883015 0.4197575
2.404382 0.1580939
1.820254 0.2521952
2.207834 0.3476972
1.913788 0.4290444
1.97753 0.2660364
3.300426 0.3138621
1.702892 0.1971124
1.92782 0.1860067
1.56952 0.2786729
1.727679 0.2379317
1.953425 0.3678342
2.422533 0.4696112
2.775664 0.405384
1.570946 0.2774131
2.505849 0.3006057
4.017949 0.4957742
2.562877 0.4939416
1.402744 0.1249605
2.12163 0.388494
2.402014 0.1894906
2.725794 0.4229639
1.9523 0.04333224
2.830007 0.4038501
2.955751 0.1685091
2.981104 0.3181039
2.657446 0.2457262
3.538597 0.2499279
2.986689 0.2990611
5.763656 0.3505339
3.532753 0.05315882
14.8466 0.07316577
2.870151 0.1277638
1.559475 0.3986305
2.010021 0.4266701
1.284634 0.2706535
1.553554 0.2516791
3.291041 0.2860031
2.304549 0.4764817
1.713831 0.2642835
2.287671 0.2427918
1.698284 0.08977861
1.911375 0.2146288
2.064147 0.1118891
1.605963 0.3430996
2.05427 0.1926303
2.223454 0.2865892
4.517975 0.2461472
2.299154 0.1191786
2.320483 0.1687615
1.842406 0.2818477
2.264665 0.4323713
1.521862 0.1439354
3.029094 0.3516913
2.227329 0.4441391
2.245271 0.2621194
2.380998 0.2572232
3.085893 0.4211594
3.341632 0.4226681
2.986804 0.4643014
3.020555 0.3112356
3.169242 0.4306367
1.947229 0.3387247
2.507329 0.1762203
2.459778 0.270534
2.520111 0.09580775
4.421571 0.2982037
2.98451 0.4395904
2.924404 0.4063053
3.05632 0.3876887
3.519293 0.05237193
1.762381 0.2303092
1.381402 0.4276017
2.344343 0.3347917
3.170564 0.3397076
2.232719 0.3845276
2.183546 0.106091
1.754282 0.4874423
2.31247 0.4351288
2.030492 0.182641
3.108959 0.08431965
2.053006 0.3374775
1.392779 0.4270701
2.674631 0.3899624
2.502198 0.2625324
2.430884 0.1987567
3.517553 0.08823214
1.850609 0.46677
2.311385 0.4417274
1.749861 0.3680633
1.663602 0.4574148
2.638089 0.1822588
2.153085 0.1485911
1.797184 0.4385144
4.262982 0.3428601
9.236176 0.1623547
3.777127 0.3205797
2.946577 0.3009083
5.337398 0.3774145
4.102568 0.4888992
4.18472 0.3720176
2.316334 0.3488508
1.512545 0.1725491
4.274653 0.2634478
4.514464 0.3166393
6.299993 0.05800112
3.711997 0.3211808
3.899913 0.2521122
3.927295 0.1317474
3.612616 0.1754822
3.336798 0.42741
2.331338 0.2332485
3.975981 0.07657685
3.575928 0.4234635
2.73822 0.2282929
1.620598 0.1844651
1.462644 0.1623867
2.043577 0.4504404
2.792584 0.2063761
2.296758 0.3938657
2.059661 0.2573767
1.987936 0.3902248
2.600429 0.3895463
1.796674 0.09517794
2.516267 0.2894721
3.601425 0.2962534
3.294324 0.07844734
3.596556 0.3757647
4.68903 0.1253446
2.188026 0.4981901
2.215193 0.2179717
2.110486 0.4983834
1.981727 0.1429238
2.500075 0.2190336
2.856186 0.4298927
1.76092 0.2178447
3.873763 0.2986248
3.090426 0.3472199
5.407707 0.2852496
4.112296 0.2318098
4.281852 0.3726096
3.98914 0.2608004
3.834087 0.2181919
2.708411 0.4987272
4.704969 0.4312267
4.336695 0.05504608
1.838467 0.2912272
2.713511 0.4907066
3.263177 0.4001053
3.547864 0.2625691
1.740581 0.3850935
3.097445 0.2154054
2.922801 0.3052746
2.472723 0.4661735
2.338953 0.3130978
2.868231 0.2914814
2.028446 0.3378004
1.904746 0.4056862
3.8635 0.4980408
3.377757 0.4393138
3.89234 0.03429
4.600262 0.3292581
3.150072 0.3174265
2.56619 0.1726011
3.379126 0.1436726
2.472151 0.08315241
1.934158 0.2910441
2.292182 0.2847781
2.227199 0.3774333
2.803623 0.4326146
5.927542 0.03656124
2.389244 0.4022349
3.164623 0.2587141
2.378374 0.3815576
2.255742 0.4642131
3.111037 0.06435724
3.089075 0.05580478
2.075287 0.4587025
5.363798 0.1477683
3.072528 0.2926368
3.65748 0.1406364
5.411 0.05247267
3.628027 0.3422823
1.691289 0.3560889
2.518234 0.4646118
3.446488 0.249833
2.400114 0.2983788
2.055024 0.4336213
3.543653 0.2881336
2.486346 0.1754395
1.895476 0.4715947
1.940191 0.09128087
2.572792 0.4381944
1.712647 0.1197113
3.376066 0.1969177
2.762101 0.1087561
2.901884 0.2627418
1.977187 0.4461694
1.488378 0.2731406
2.404812 0.4724206
2.315514 0.2110729
2.612585 0.476308
1.626513 0.481981
3.507084 0.1469682
1.712948 0.44401
1.762816 0.4881483
2.037054 0.3854515
2.170687 0.4959706
2.080401 0.202796
3.728142 0.3969283
2.651885 0.2860519
3.342234 0.04636054
3.184647 0.4499217
3.401523 0.3747641
2.927554 0.2362129
4.553845 0.2100275
3.930132 0.1651857
2.482405 0.3180509
2.632562 0.3568813
3.175848 0.3535369
3.008885 0.4550752
3.574307 0.2110884
3.057885 0.3797767
2.896467 0.06683605
5.196367 0.1301164
3.732615 0.1292075
2.236205 0.4931799
2.674285 0.1025458
4.558712 0.04710168
3.246796 0.3436015
2.009156 0.4053368
2.374615 0.2562462
1.714159 0.2093097
2.313481 0.2822181
3.549213 0.4445363
1.796292 0.3360933
2.198433 0.04960688
3.07082 0.3058647
2.196496 0.2970918
2.536574 0.4365002
2.946392 0.3270449
3.985825 0.3769966
2.43456 0.4658509
1.618122 0.4587301
2.083969 0.3108518
3.318754 0.4310791
4.389075 0.3085851
2.138062 0.2021334
2.224892 0.4607664
1.614502 0.2880701
2.317998 0.2469701
1.937418 0.453486
2.176455 0.2113369
2.601969 0.2701013
3.899381 0.238981
3.19328 0.4948021
4.790213 0.2595204
3.432047 0.468985
3.721157 0.1000905
3.03055 0.30113
2.089801 0.2224424
4.028254 0.3989369
3.341539 0.2156272
3.691766 0.2387479
2.46224 0.405463
3.12706 0.4595323
2.316978 0.1762055
2.622709 0.1906834
3.050692 0.1180522
2.142077 0.297976
1.680972 0.4451994
1.374888 0.3097285
1.694448 0.2665678
1.446205 0.08941212
1.865275 0.4092067
1.402659 0.3364145
3.669411 0.339899
3.686757 0.2734676
11.27912 0.230454
2.020244 0.3173422
2.817326 0.3522622
3.141564 0.1749747
3.945715 0.4969768
2.439886 0.376445
2.066713 0.3612093
1.829661 0.2950743
5.222985 0.1203665
2.173779 0.3223669
2.183756 0.4816073
4.202168 0.2789988
3.608408 0.2272249
2.963888 0.4874385
1.954938 0.1771738
3.604668 0.3500553
3.533464 0.395079
2.67848 0.110911
2.518122 0.3338233
3.734068 0.02499205
5.135791 0.1835375
2.189829 0.3996945
2.669492 0.3285248
4.006526 0.1615521
3.334646 0.3036123
6.099522 0.1045398
3.386209 0.2913668
1.987745 0.3001399
3.131551 0.4095363
3.097173 0.265543
6.034988 0.1258541
5.285527 0.2968167
2.582218 0.3585247
2.218283 0.2073679
2.265631 0.2070797
2.608677 0.3667805
2.43403 0.4055789
2.47275 0.3651136
1.3993 0.3672553
2.07373 0.1070469
1.953333 0.2035985
2.424135 0.2627818
3.657724 0.287757
4.655058 0.03635609
3.176741 0.3842458
2.784331 0.4688387
1.873921 0.1543322
2.114115 0.1613341
3.816703 0.4843941
3.253928 0.4476891
2.873457 0.3397571
3.70079 0.3972546
2.849092 0.4481908
4.323807 0.3510427
4.349953 0.3532685
1.817724 0.4073458
2.352178 0.4207591
1.79053 0.4823855
1.899915 0.1952373
4.606501 0.4954599
2.171125 0.03902792
2.963205 0.1696603
3.911351 0.2774234
2.239062 0.4945876
3.770688 0.4865601
3.322322 0.1217782
2.878728 0.3702582
2.136028 0.3167666
2.949986 0.2662614
2.561367 0.2518215
3.841516 0.3945328
3.274087 0.05138885
4.430641 0.05342407
8.18049 0.05940569
4.472925 0.4605933
5.661477 0.1762642
2.130371 0.2345793
2.707086 0.1176387
2.155959 0.4105242
5.644142 0.2583214
8.472057 0.0656319
2.188951 0.4094703
2.133499 0.04471129
2.770342 0.3249379
1.500977 0.2363037
2.041348 0.4902234
1.462183 0.3211095
1.244192 0.244913
1.914856 0.3136054
2.309755 0.3378166
3.48518 0.2409358
1.861665 0.4786343
1.804835 0.1788353
2.793169 0.2919674
2.051152 0.453603
1.697272 0.3299831
2.717989 0.3999385
2.905924 0.345892
7.216321 0.2519473
4.734959 0.06622057
3.65452 0.1870862
4.880308 0.3768719
2.306553 0.2074279
2.624328 0.4268457
2.095452 0.3162125
1.789949 0.3047915
1.949502 0.1317492
2.260794 0.3837174
1.702692 0.3704307
3.602704 0.3081287
5.158867 0.1563973
3.093034 0.4366221
1.673173 0.4898303
2.048228 0.165735
2.530806 0.2292326
1.618522 0.2854303
2.621518 0.4819225
3.539914 0.170645
3.417663 0.2189116
2.709172 0.1201626
1.526088 0.1962979
1.885316 0.2668451
1.775718 0.2182898
1.944343 0.3969595
2.426684 0.3483932
2.195632 0.4492787
5.051904 0.1573641
6.314013 0.1452974
3.460383 0.1720945
3.341966 0.3485065
8.005782 0.05310226
1.985858 0.3880871
1.931141 0.3265041
2.02006 0.1994095
2.786486 0.1148536
1.536918 0.4804256
1.95442 0.1578334
2.964235 0.1437903
3.042401 0.09576166
1.864702 0.03842511
2.779623 0.2916088
3.598652 0.1024749
4.196751 0.1143045
11.12963 0.2366159
2.248111 0.08684694
2.851561 0.23353
4.764876 0.2158869
2.394747 0.3530592
3.210156 0.2730319
9.148579 0.2161245
12.92268 0.1471818
4.731987 0.3514805
9.572984 0.4738919
17.61079 0.0273136
4.073838 0.2584044
2.222837 0.3285068
1.986431 0.3977163
2.852467 0.4749296
3.052404 0.1967615
2.214716 0.2397339
2.226377 0.410129
1.726582 0.4987448
1.576533 0.4516944
2.166808 0.248447
2.797273 0.4402926
2.124693 0.164216
1.775821 0.3790319
3.622647 0.1992103
3.222777 0.2100382
4.629765 0.1007346
4.197845 0.4567232
3.492636 0.2692528
3.900136 0.08204247
2.665071 0.3247725
1.880666 0.2444786
3.195456 0.2552479
2.412456 0.3811322
3.06511 0.4508834
4.055527 0.2015955
2.672607 0.3503345
4.431032 0.4265579
2.892416 0.4557321
4.001965 0.2256523
4.04236 0.2067454
2.369555 0.1154463
1.595689 0.3850752
1.946579 0.4743852
1.775546 0.3260264
1.543195 0.3400718
1.719215 0.3292701
2.19052 0.4674795
2.019015 0.08879757
2.180091 0.3266298
2.017514 0.1659163
1.971397 0.1279267
1.384148 0.4412714
1.820977 0.1953164
1.757566 0.1795078
2.113145 0.3592638
5.488399 0.3822963
2.680749 0.3304386
7.782399 0.08117843
2.163242 0.2952189
2.142191 0.4970879
3.371816 0.1993925
3.706205 0.2220773
3.031847 0.2097938
4.328071 0.3568319
4.910358 0.09876547
1.781067 0.1151237
3.326201 0.2344341
2.903807 0.3116033
1.566765 0.1988615
2.880957 0.435744
2.440678 0.4129213
3.527213 0.2572443
2.121573 0.4644638
3.209028 0.3605898
2.09149 0.4452649
1.642632 0.4306724
1.499845 0.2817775
2.200284 0.1095747
1.977092 0.4124943
3.596927 0.2185553
2.563316 0.4752867
4.324387 0.2009134
2.157099 0.2332879
2.083443 0.1905779
2.326469 0.4397729
2.310687 0.2616374
3.148896 0.3819401
4.146143 0.2880478
2.975983 0.07387026
5.676725 0.482482
3.479732 0.3517776
3.678907 0.2249555
1.892191 0.226109
1.990652 0.4905377
2.851244 0.2150907
2.184855 0.1533012
1.944262 0.07442606
1.875253 0.1264586
2.072139 0.1696553
1.584578 0.05258132
2.284434 0.1739853
3.495642 0.1588311
3.069793 0.3461342
3.512464 0.06237989
6.275095 0.06228412
4.610781 0.4329678
8.962496 0.06153379
4.798158 0.1075689
3.364626 0.3918534
7.637581 0.2093527
6.645046 0.3053426
5.504767 0.1717314
3.227745 0.03190185
1.685115 0.2279676
1.133522 0.4499169
1.33335 0.3351482
3.54011 0.3579456
3.344635 0.3720068
2.390698 0.3686523
1.796087 0.2272438
2.380219 0.3416267
4.549904 0.4626387
2.195098 0.2998451
1.652495 0.1655789
2.228772 0.140078
2.055929 0.06487075
2.303899 0.1750345
4.684519 0.266904
2.680518 0.23895
4.359123 0.3673893
2.725384 0.4406183
6.794213 0.03823026
7.505542 0.2212651
3.366111 0.3785218
2.13207 0.08151814
1.99847 0.2062678
1.41986 0.3301615
2.254635 0.3925575
2.688429 0.2411893
2.801195 0.3481493
2.911292 0.04784151
3.374858 0.1299002
4.573763 0.2980854
5.05941 0.2614464
5.953978 0.3131909
5.430345 0.162242
3.356286 0.2059675
2.72161 0.3206992
2.194117 0.1329573
3.701793 0.4643726
4.527257 0.3544139
2.365686 0.2658852
4.452305 0.1703371
3.605508 0.4428698
2.631678 0.4268078
4.37558 0.4194694
2.867623 0.2947373
3.09995 0.2120917
2.024657 0.1124866
1.824087 0.3437275
3.634648 0.2091292
4.653931 0.4272113
2.748079 0.2153349
7.097088 0.4429107
4.816184 0.4594419
2.841546 0.4151983
1.707337 0.4918557
2.091657 0.04756417
1.831635 0.1596837
1.537695 0.1410819
2.289071 0.2365168
2.188853 0.3708583
2.397694 0.09259752
1.587127 0.4691032
2.595007 0.1308931
3.553228 0.2517344
1.943578 0.03038819
1.747099 0.444263
2.56308 0.03662757
2.35006 0.3546875
2.609035 0.2317547
3.276848 0.2071924
4.084623 0.2236509
3.708798 0.4561325
2.349067 0.3082705
1.676576 0.1365759
1.919839 0.1083111
1.440148 0.2885729
1.295727 0.2100496
1.504601 0.3038608
1.672079 0.1571473
2.005695 0.1855113
1.244122 0.2521513
1.284054 0.3999954
1.7954 0.2078522
4.5633 0.4776723
2.566992 0.3536106
1.694307 0.2729465
2.772256 0.06906753
4.581445 0.1107286
4.155708 0.1063241
2.769375 0.3377599
5.382167 0.05716663
3.327678 0.04542963
6.252853 0.3803316
2.467255 0.2828628
2.448662 0.08711509
1.888106 0.2844569
2.140076 0.3907946
3.007795 0.04610645
2.643923 0.2748014
2.573915 0.468218
2.099051 0.1305034
2.507684 0.1736563
2.668716 0.1377141
2.985161 0.1773192
3.609444 0.498183
3.445114 0.4683329
2.646743 0.3300141
3.663225 0.3806762
4.742005 0.06960854
2.147199 0.4356508
3.609173 0.208318
3.33254 0.3933737
2.949721 0.449293
3.905885 0.09031758
2.696452 0.269909
1.813276 0.4560981
1.617845 0.3415344
2.420128 0.2715478
2.286715 0.1913564
2.046487 0.3926289
3.48813 0.4445249
3.336188 0.2632269
4.797283 0.4021922
3.93066 0.3266707
2.523597 0.2116293
2.099228 0.2052037
2.555572 0.1583418
4.205161 0.4916607
15.08942 0.1327406
4.465147 0.1936316
1.899043 0.4359264
2.453832 0.4839446
2.867851 0.438668
5.465201 0.4254168
3.509807 0.310432
2.86374 0.09944315
4.967992 0.1701748
7.99062 0.3183073
2.990172 0.4907286
31.73295 0.04080889
7.277841 0.3203904
8.854717 0.0344996
1.960038 0.3809038
1.273436 0.26449
3.098484 0.4199239
2.181664 0.4909633
4.431302 0.2751099
2.668111 0.02111398
2.544717 0.4110315
4.147536 0.3679843
5.649736 0.2671364
3.445682 0.05067359
2.619415 0.1078654
3.634802 0.04872958
3.375779 0.4262253
2.626626 0.3437335
3.63265 0.2287016
3.595363 0.1335473
1.435913 0.2839793
1.881499 0.2181616
2.547785 0.1964113
1.448012 0.3693001
1.37615 0.4024746
1.71244 0.2689316
1.769086 0.1869975
1.528773 0.09631594
2.462356 0.4279182
2.222984 0.08508342
4.509709 0.1299848
8.313065 0.4519702
3.748098 0.1841149
2.207577 0.4085002
1.372461 0.3396164
2.678011 0.2080077
2.027545 0.1551665
2.253857 0.3947665
3.506202 0.2058554
2.513447 0.0402797
2.931717 0.3483439
3.107983 0.1391319
1.331838 0.1924716
1.921816 0.1576312
1.344239 0.1712979
1.847291 0.3551373
3.687549 0.4209924
2.778747 0.4692264
4.349988 0.4080147
2.807254 0.348445
2.101279 0.2988386
2.783981 0.2580077
3.660279 0.2568429
2.483191 0.3728093
1.21494 0.3578416
2.83165 0.2200348
2.23556 0.366152
2.411742 0.09318413
2.914936 0.3822562
3.927215 0.4224325
4.08039 0.3178524
2.825516 0.1732442
3.507333 0.1013582
3.218613 0.06685422
2.611055 0.217375
2.70309 0.08413103
2.733392 0.2038744
1.987032 0.2900838
1.801147 0.3859188
2.330605 0.342003
4.26773 0.1937054
2.586184 0.4738648
2.207497 0.0299009
1.85751 0.1420174
3.495448 0.2144498
2.39545 0.3853875
3.36084 0.1000259
1.895274 0.3243962
2.06365 0.2765027
3.900917 0.1186325
2.359592 0.267201
2.531177 0.3886021
1.998595 0.4568135
1.411407 0.3251704
2.929839 0.05835667
3.102955 0.1876106
2.616767 0.2255759
4.154713 0.1795493
6.206465 0.2457171
4.380261 0.1064615
2.528157 0.2260856
4.516332 0.3371606
11.45965 0.1127156
5.186686 0.2895738
7.196381 0.1909484
4.064441 0.2270616
4.413566 0.2100658
1.783768 0.1653463
1.170503 0.29532
3.537408 0.2071842
3.3349 0.1397791
3.30602 0.2481351
2.286759 0.2049465
4.660426 0.4175089
1.869648 0.4178181
1.937732 0.345434
2.022696 0.1227041
2.490567 0.3911184
2.566089 0.3125889
2.464875 0.49153
3.82777 0.4821178
2.294932 0.1351062
3.610343 0.4707218
2.50817 0.2836274
1.585418 0.4436902
5.494895 0.4785649
8.489255 0.04472035
4.450706 0.2345907
5.939975 0.2231656
3.557986 0.4515106
3.123772 0.06986613
2.317992 0.2269499
2.900455 0.2519109
2.234898 0.4624058
3.500069 0.3815354
2.212819 0.4373911
2.27835 0.2458108
2.493823 0.1837799
2.63753 0.2501237
2.381991 0.3240281
2.41412 0.4248845
2.863017 0.3130674
2.489484 0.2762495
4.247072 0.4084256
2.728713 0.2601351
2.325715 0.2280024
1.898556 0.3941227
2.310491 0.1430141
2.246946 0.3099323
3.227587 0.2403618
2.787657 0.3943841
3.29651 0.0951043
3.266535 0.3831417
5.692843 0.1716335
3.482391 0.2938673
2.876788 0.1242706
6.045281 0.03537749
3.823493 0.2460584
2.273316 0.3448799
2.530735 0.1009077
3.124236 0.4985217
2.394103 0.4873799
2.703801 0.07341977
1.804784 0.4383808
2.81329 0.4012058
3.24032 0.480881
3.413364 0.2044113
1.485552 0.4708003
3.070501 0.1570944
3.060184 0.4089886
2.86841 0.1670365
3.509101 0.3464127
2.125802 0.4583363
3.357369 0.1502134
2.679838 0.07308668
4.024849 0.1480838
2.990638 0.1995541
2.29336 0.4277687
4.447592 0.1699871
3.440002 0.2748556
3.055376 0.2279476
4.150438 0.2009476
3.993425 0.1757315
3.549967 0.4911477
2.940846 0.2256077
3.139676 0.157919
2.385773 0.2413075
1.88942 0.3517292
3.632699 0.244365
3.294997 0.2618845
3.679649 0.2220373
1.503915 0.09672994
1.530893 0.4272224
1.601167 0.4386269
3.610161 0.4503131
2.159775 0.4434999
2.156407 0.3931161
3.714898 0.3105926
2.506242 0.1516776
1.989561 0.4390659
2.260311 0.3208235
2.570479 0.3000598
1.777561 0.2220867
2.07593 0.3520514
2.717431 0.2910526
3.470793 0.1074473
2.890744 0.3544213
1.811309 0.2603417
3.843412 0.1114561
4.064753 0.1553986
1.956407 0.2823735
2.327817 0.4336689
2.815432 0.1181408
1.736226 0.4471809
2.163055 0.2871525
2.465853 0.4468356
2.845954 0.1236368
3.22113 0.2729535
2.193176 0.32774
2.115982 0.3134201
3.381235 0.05761404
7.395317 0.2093794
5.370501 0.2998579
4.801742 0.3801306
3.457556 0.1270401
2.280207 0.2189765
3.688112 0.1881989
4.483373 0.2869432
3.917245 0.1198095
2.85351 0.4034845
3.464263 0.1276945
2.750684 0.08758139
4.419679 0.09156273
3.197762 0.09281587
3.616946 0.2817638
3.809229 0.2051154
3.733182 0.4526526
3.314044 0.4984845
2.501405 0.08504574
2.574835 0.4311912
3.13764 0.1518815
4.65906 0.2765421
6.720635 0.3059396
6.720203 0.03698207
5.158356 0.382707
3.769233 0.2793401
2.593877 0.3612304
3.019948 0.4358171
2.591694 0.238341
2.229185 0.3331701
1.540362 0.2518816
2.031525 0.4610724
2.163213 0.4123909
2.016961 0.4134352
2.924175 0.4004442
1.470581 0.1317097
2.680785 0.4759054
1.946891 0.1559172
2.236593 0.3917907
2.371839 0.379328
2.483149 0.1857124
1.574636 0.4505714
2.778322 0.1603726
2.200192 0.04181627
2.170151 0.38888
2.036234 0.4422568
1.7864 0.2729023
1.71232 0.355656
1.665601 0.284852
1.827015 0.4764148
3.325588 0.3010212
2.63348 0.3431303
4.264305 0.4405296
3.438261 0.1494574
8.645344 0.1807054
2.796036 0.3890684
1.933287 0.04627601
1.886068 0.3503793
2.797222 0.08643227
3.955239 0.1706231
3.644887 0.4043198
3.201942 0.3084954
1.92819 0.2516596
1.966009 0.2521131
1.727367 0.405186
2.216121 0.331944
2.146929 0.3044735
1.832834 0.3363329
1.227841 0.3707852
2.461042 0.1766766
1.907633 0.1376197
1.394271 0.4912148
1.893119 0.231733
1.94328 0.3898857
2.430645 0.1641489
3.131178 0.2268219
4.660331 0.2861935
3.003338 0.125137
4.170209 0.3292655
1.585078 0.2769908
1.219309 0.289553
2.496937 0.3649456
13.99649 0.02337086
6.722058 0.1731497
4.783744 0.3627522
2.362507 0.1958485
2.088736 0.3934259
3.655542 0.2887101
2.762011 0.3265476
4.221922 0.3728058
3.126647 0.2598728
4.294716 0.1654459
5.226342 0.1456517
3.07936 0.188239
4.311012 0.06907924
3.053484 0.4764015
4.874444 0.1827751
3.790686 0.2351827
1.297192 0.4849498
2.440066 0.3836759
2.04921 0.3853343
5.402371 0.4825079
4.423025 0.295856
2.576614 0.2234361
2.454415 0.2008886
1.819159 0.4708846
2.970671 0.3657501
3.117055 0.4450975
3.285942 0.3843241
2.968035 0.3446547
2.286133 0.4214428
1.655734 0.2483159
1.898938 0.1665779
2.799677 0.3069656
3.202707 0.1214179
2.069494 0.3713597
3.306829 0.1390392
3.879112 0.3996288
2.997829 0.462553
3.254922 0.3466784
1.816578 0.1857751
1.690213 0.3385637
1.2375 0.1099431
2.651212 0.2097661
2.902216 0.2974923
3.317387 0.02708351
2.660511 0.3786459
2.280342 0.4327387
4.990664 0.1937132
3.000048 0.2545424
2.79056 0.4278202
2.054929 0.151525
2.748435 0.333696
1.943704 0.4576788
2.837406 0.1050011
2.41461 0.1732986
1.96618 0.1583581
2.625148 0.4756664
2.630887 0.2311008
2.573075 0.2350892
2.924534 0.2648009
2.039739 0.4431196
3.304069 0.1075145
4.870722 0.06017606
4.72597 0.3055501
4.262246 0.1268514
3.5373 0.1995514
1.825823 0.3997826
2.180321 0.2803801
1.180346 0.3872945
1.395707 0.1273408
1.797864 0.2646594
1.230944 0.4043604
1.394708 0.1650967
1.408513 0.2550238
1.845337 0.2546511
2.22407 0.2899083
1.465414 0.4755578
2.537019 0.1380823
2.341998 0.3500891
3.224233 0.0717708
2.925561 0.2458822
2.398957 0.1888043
2.333466 0.1561993
2.586149 0.3675129
1.646163 0.4557864
3.947113 0.313074
4.157019 0.2248515
1.937505 0.366086
3.019387 0.4130855
2.236137 0.105225
2.591908 0.4172566
2.257557 0.4926358
2.484495 0.4584676
2.086174 0.4264037
1.705784 0.2341928
2.835143 0.4647976
2.234705 0.3982901
2.477998 0.3647454
3.196286 0.462434
4.048104 0.1553704
1.92888 0.3064616
2.113811 0.4984175
2.819944 0.4151344
2.594886 0.1344837
4.119095 0.1028375
3.040644 0.1483306
2.006577 0.328463
2.17959 0.3049506
2.076836 0.4147832
2.600553 0.120648
3.738178 0.1914397
2.604948 0.3323148
1.540672 0.2498935
3.248706 0.3475721
3.471027 0.4283454
3.529655 0.4457708
3.18775 0.4719257
2.61798 0.222509
1.770689 0.2328806
1.494322 0.2081345
1.712893 0.4849738
1.816646 0.2997895
1.667103 0.4056087
4.572254 0.4499525
2.774225 0.3126591
2.5365 0.1800552
2.813246 0.4190694
2.687229 0.4870625
5.027209 0.1400495
5.220561 0.4483176
4.424063 0.09893972
2.903442 0.1643884
3.008382 0.1446213
1.808076 0.4468234
1.932315 0.1123414
3.297989 0.2574557
2.998958 0.4683501
2.011576 0.4685704
2.058218 0.3184465
5.185355 0.1889932
1.516472 0.4982409
2.055989 0.2109482
2.571222 0.03596748
4.18948 0.02691416
2.456489 0.4046452
2.189632 0.2982204
4.811588 0.4277734
3.248739 0.4032567
2.863211 0.2601856
2.411867 0.148481
2.687075 0.4069362
2.771779 0.4525704
1.888695 0.3398567
2.031436 0.233786
5.396369 0.3627981
3.094266 0.07390405
2.72249 0.3254255
2.703605 0.4109095
3.968853 0.298181
3.723181 0.4430867
2.130474 0.2819753
1.713364 0.2315847
2.529056 0.4969608
2.246254 0.3015848
2.217844 0.06667272
2.558399 0.2303762
2.998105 0.2628761
2.576059 0.4999524
3.080085 0.1063855
1.987825 0.2178813
3.02625 0.4144279
7.112513 0.3121139
2.705469 0.4245338
1.542511 0.2958804
2.327583 0.4057687
2.811814 0.1353088
2.153642 0.4510713
1.736002 0.08581667
2.986705 0.2021251
1.498387 0.4600944
3.218489 0.3783986
3.47948 0.4068682
4.867218 0.4257496
2.32382 0.4529162
3.362592 0.4829937
2.421669 0.3078868
4.452958 0.1938267
2.705557 0.3600201
1.915821 0.2798444
1.56632 0.2283663
2.512262 0.215408
2.156459 0.3483763
2.537405 0.07482273
3.818391 0.2609828
5.622085 0.3691659
3.624752 0.2514279
15.94804 0.3345195
15.18388 0.09590284
5.807611 0.1540245
5.744619 0.08758335
2.706543 0.4029376
7.114995 0.4934391
2.767458 0.3983905
2.666401 0.2889884
4.178738 0.4949902
4.080538 0.1313439
3.016987 0.2556684
3.239891 0.365824
3.994742 0.1648403
3.13541 0.356616
3.407082 0.4264712
3.174031 0.3437317
2.958975 0.2115931
2.603217 0.2086899
2.101939 0.4087827
3.214009 0.1427505
2.688741 0.2319303
3.249014 0.1607966
2.441153 0.2582982
2.448448 0.2717423
4.131934 0.4305149
2.533998 0.4453291
3.043773 0.4740135
2.488455 0.4915052
1.580283 0.1976533
2.059332 0.1515818
2.384513 0.3857657
1.733436 0.2173105
2.725866 0.4027437
3.979247 0.3305808
1.735374 0.2654202
2.981062 0.4220162
3.854944 0.2993404
3.54809 0.3348249
3.167229 0.3189096
2.077049 0.1365984
2.638186 0.4334715
2.507786 0.4057653
2.780448 0.2089634
1.848487 0.1757965
3.711846 0.3095943
2.68289 0.4606892
2.814332 0.1647306
3.906741 0.2503615
3.279795 0.1645106
5.597743 0.1898607
3.019059 0.02672823
2.280099 0.4006773
3.384933 0.4436496
1.647344 0.05362658
2.366728 0.2668745
2.432554 0.3181973
