"u.bar" "t.bar"
1.055697 1.841221
1.014563 1.703795
0.9232524 1.594238
1.239255 1.524873
1.153035 1.216211
1.107637 1.323532
0.9870541 1.188999
0.9374146 1.148665
0.9678304 0.9830148
0.7053578 1.522727
1.073039 1.263625
1.026161 1.134372
1.173159 0.9937393
1.018089 1.1649
0.9668854 0.9608574
0.9614398 0.8935492
0.9609296 0.7482696
1.026749 0.8044126
1.025112 0.7901836
1.103433 0.8971518
0.9690004 0.7777221
0.9350726 0.7737332
0.9860866 0.8881367
1.212419 1.117436
1.048381 0.8476819
1.021343 0.9450088
1.081359 0.7311506
1.00489 1.118824
1.058247 1.189058
1.148947 1.021103
0.9742042 1.034381
0.9793194 1.056361
1.045258 1.080476
1.035951 0.8420945
1.05491 0.8692181
0.9708431 1.102835
0.9491222 0.9706337
1.10014 0.9583204
1.055113 0.9674647
1.156984 1.185069
1.064324 1.396653
0.833428 1.469785
1.011187 1.553573
0.8672547 1.383937
1.061387 1.572316
1.101407 1.635413
1.213713 1.105198
1.137968 1.07219
1.057426 1.212925
0.9904969 1.188756
1.037444 1.244339
1.351049 1.300953
1.025277 1.146396
0.9588985 1.446293
1.003682 1.055528
1.037684 1.2135
1.015661 1.172132
1.047831 1.012494
1.066359 1.539948
0.8394401 1.460238
1.031122 1.768691
0.8380308 1.258056
1.050788 1.382205
1.014995 1.249926
0.9737455 1.682191
1.128443 1.282687
1.095056 1.214366
0.9738584 1.137952
0.9587725 1.152884
1.053453 1.096413
0.8775192 1.675967
1.159788 1.273394
1.038531 1.336403
1.148574 0.9343461
1.018534 1.019608
1.090884 0.990471
1.000941 0.7479311
0.9925635 0.823391
1.143681 0.8242367
1.04254 0.920319
1.024991 0.8721206
1.078166 0.9483022
0.980324 0.988457
0.9692266 1.069709
1.049833 0.9166177
0.9809333 0.9694428
1.149354 1.059532
0.9887591 1.229832
1.155985 1.082188
0.947407 0.9342222
0.880791 1.10076
0.9235586 1.631165
1.029938 1.665452
0.7714497 1.865281
0.9706073 1.942099
1.100856 1.290123
0.8752846 1.044223
1.054572 0.9346797
1.05321 1.018879
1.006308 0.9874163
0.9721002 1.198676
0.9960174 0.9090068
0.9932791 0.9426364
1.008225 0.8364561
1.016865 0.9574064
0.8838244 1.098223
1.19174 0.9786999
0.9842374 1.039938
1.081991 1.154971
1.120982 1.093346
1.009453 1.088272
1.089893 1.11844
0.978113 1.330331
0.9415262 1.281574
1.057153 1.333145
1.054413 1.091418
0.9895949 1.257424
0.9219941 1.068032
1.023866 1.262839
0.9726958 1.190656
0.9043073 1.128756
1.207172 1.073777
0.9802433 1.32637
1.113813 1.367122
0.9302243 1.566857
1.01457 1.21558
0.9337001 1.326881
0.9489257 1.360803
0.9752049 1.271107
1.056246 1.219235
1.0727 1.230511
1.080327 1.400084
1.001425 1.560868
0.8061079 1.444516
0.9702357 1.60145
1.010559 1.038289
1.005786 1.112623
0.964673 1.057273
1.034954 1.172013
1.197978 1.318496
1.136099 1.019122
1.003077 0.8830768
1.165208 1.049477
1.070816 1.087242
0.9102097 1.236098
0.8860509 1.272299
1.093591 1.37752
0.8329754 1.412888
0.9940992 1.172592
0.8141738 1.301791
1.014597 1.251162
1.07783 1.236996
1.13949 1.292396
1.008303 1.428303
0.9621943 1.332837
1.131606 1.101519
1.139039 1.45507
0.9505258 1.1817
0.965156 1.079612
0.920634 0.927092
0.9879341 0.9723046
1.062333 0.9469745
1.023344 0.9490708
1.106304 0.8341766
1.024202 1.287063
1.081513 1.141807
0.9557067 0.8993788
0.9996804 1.188478
0.9769713 1.120012
1.154461 1.599788
1.046806 1.260622
0.9896332 1.249956
1.092957 1.143393
0.9890717 1.128993
1.254131 1.091787
1.079529 0.800913
0.9752475 1.090259
1.08082 1.27824
0.9685436 1.054304
1.083608 1.140289
1.049284 0.8937791
1.36323 0.9484196
1.095746 1.330811
1.148819 1.578873
1.037298 1.602361
1.148401 1.373205
0.919887 1.074372
1.232297 1.320594
1.069035 1.074787
0.9280138 1.41637
0.8445576 1.317604
1.165462 1.286918
0.8785243 1.274288
0.9891128 1.349388
1.158592 1.358044
0.7978703 1.494501
0.9656781 1.16303
1.133206 1.1225
1.080487 1.285114
0.9233752 1.399997
0.9601301 1.38272
0.9923334 2.336111
0.9748828 1.424268
0.8988601 1.664745
1.168213 1.24151
1.120266 1.028963
1.023059 1.311164
1.132223 1.353083
1.044081 1.661733
0.9234492 1.737431
0.9667527 1.67913
1.075216 1.212857
0.9856054 1.210848
1.037165 1.178166
1.041642 1.326737
1.024742 1.516296
1.043323 1.301808
0.9855387 1.183059
1.016869 1.228236
0.9589949 1.068322
0.965129 1.09351
1.090145 1.111465
0.9924093 1.508767
1.102835 1.137562
1.005312 1.225673
1.033157 1.357533
1.074265 1.238961
1.122428 1.198732
0.9879044 1.356008
1.102884 1.422319
0.9217268 1.518652
0.8946308 1.588448
1.006237 1.256681
1.030419 2.02904
1.175134 0.9580505
1.098146 1.249122
0.9281405 1.144697
1.145172 0.9946799
0.9676499 1.142845
1.088525 1.034073
0.9792239 0.9761872
0.9924007 1.114961
1.047004 0.9528774
0.956666 1.030615
1.074572 1.056773
0.9910911 1.332989
0.8234898 1.419863
1.093836 1.367368
1.044686 1.145475
1.357466 1.015025
0.9514054 0.9212136
1.166135 1.143057
0.957115 1.286041
1.044997 1.003948
0.9167983 1.006141
1.003318 0.8936174
1.080638 0.9919117
0.9685488 1.061287
1.02858 1.254932
1.097436 0.9142255
1.105047 1.03615
1.281488 1.135697
0.9547266 1.029652
1.075094 0.9698138
1.274778 1.047041
1.059196 1.073708
0.9919122 0.790745
1.100733 0.7941634
0.9909143 1.029044
0.9200415 1.15299
0.8850481 1.276073
0.9477638 1.01223
1.162594 1.112747
0.98711 0.9842644
1.002553 1.036556
1.021568 1.303357
0.9842774 0.9569786
1.09574 0.892559
0.9846373 0.8642584
1.017758 0.7189805
1.104841 0.9660178
1.044222 1.22217
1.160972 0.7230776
1.057661 0.7932725
1.023943 0.8536884
1.123014 0.8310092
1.033197 0.7740094
0.9409557 0.9202148
1.070223 0.9449729
1.050475 0.963665
1.041366 0.9899554
0.9980239 0.9674475
1.038395 0.937115
1.07309 1.035113
1.170145 1.1981
0.9428369 1.24219
1.056089 0.8479847
1.129236 1.183175
1.067882 1.012528
1.014177 0.8872593
0.9722252 0.9652615
1.035585 1.400911
1.115995 1.276589
0.9474431 1.416476
1.016217 1.707724
0.9535192 1.475196
0.84117 1.301487
0.9953551 1.336961
0.9103943 1.763701
0.9018622 1.599391
0.8514569 1.663017
0.9301298 1.730343
1.036378 1.855918
0.9347574 2.181278
0.8606511 1.889534
1.093681 1.426302
0.8983131 1.502007
0.9709637 1.032463
0.9114213 1.22361
0.9182841 1.351112
0.8645902 1.80959
1.154769 1.269071
1.067618 1.315122
0.9594566 1.157644
1.034191 0.9743476
0.9703394 1.005109
1.007248 1.179256
0.9381743 1.583939
1.034279 1.3144
0.7786408 1.523563
1.097888 1.426203
1.123058 1.051607
0.9112604 1.47088
1.035298 1.068463
0.8696435 1.081529
1.134674 1.049847
0.8949521 1.1618
1.03982 1.17538
0.8998681 1.193659
1.017586 1.128075
0.9718677 0.959529
0.9657094 0.9280766
1.097929 0.8665511
0.9394935 1.027021
1.053231 1.458599
1.094268 1.367793
1.058105 1.136858
1.002197 1.290522
0.8905999 1.319318
1.021189 1.346496
0.961625 1.024078
0.9617567 0.9131354
1.042101 0.8978866
0.8959636 1.028295
1.109758 0.7510112
1.018445 0.7706405
1.083828 0.7974279
1.033591 0.7274824
0.9153316 0.83363
1.017758 0.7715027
1.015024 0.8170091
0.9872563 0.7359169
1.120326 0.9885857
1.145751 1.048465
0.9949037 0.9764179
0.9760943 0.8331012
1.069022 1.225189
1.225906 1.392238
0.949743 1.256711
0.9110426 1.273142
1.080642 1.419492
0.9669419 1.442048
1.083747 1.297957
1.044934 1.262006
0.98158 1.570994
1.066304 1.538548
1.030642 1.43783
0.8595452 1.457553
1.066103 1.555097
1.012503 1.253931
1.144368 1.100379
1.006877 1.231496
1.109682 1.463451
0.8395962 1.42728
0.9274511 1.528954
0.9985934 1.271727
1.019564 1.177535
1.002483 1.20881
1.0391 1.338936
1.021107 1.425612
0.9421682 1.12641
0.9080964 1.254699
1.17537 1.17887
0.8243142 1.23694
1.068197 1.419605
1.068664 1.262091
1.106715 1.280256
1.184071 1.127349
1.007499 1.147904
0.9332831 1.101501
0.9499433 0.9899569
0.9560596 1.020971
1.044649 0.9632706
1.075634 0.9917377
0.9976917 0.8619076
1.003824 1.063157
1.169876 1.093273
1.004818 1.187198
0.9496009 1.607812
1.091889 1.23346
0.9726855 1.064132
1.036096 1.219319
1.012668 1.100443
0.8915251 1.200013
0.9580619 0.9362681
1.099545 0.8767699
1.010408 1.052205
1.11356 0.9951719
0.9334336 1.337579
1.125057 1.408369
0.9866441 1.023248
1.051881 1.047952
1.016981 1.286493
1.098267 1.272665
1.013843 1.222495
1.105797 1.008656
0.9348814 1.026908
0.9774535 0.8360126
1.021887 0.9574677
0.9820104 1.148187
0.9210472 1.083926
0.9730047 0.8818291
1.104562 0.9352602
1.08991 1.039312
0.9678895 1.198723
1.054461 0.8355924
1.008808 0.8567109
1.014404 0.7319817
1.018857 0.8446718
1.024457 0.7762136
0.9416081 1.070707
0.9770892 0.9837479
1.017001 1.024503
0.9527086 1.098734
0.9081461 1.255279
1.136243 0.9919494
0.9860458 1.186115
0.9022404 1.390593
0.883862 1.437334
1.005374 1.435608
1.007211 1.373688
0.9940886 1.133113
1.065894 1.350783
1.108055 1.212275
0.9442319 1.783912
0.8620832 2.025366
0.8979227 1.696443
0.9691884 1.048639
0.9555141 1.275279
0.9833568 1.370758
0.9944019 1.440835
0.975314 1.299473
1.147977 1.169764
0.8668707 1.327809
1.052727 1.087083
1.191352 1.014947
1.063593 1.034332
1.010214 1.099868
0.941895 0.969303
0.9665161 1.187972
0.9427655 1.284357
1.024699 1.081947
1.048004 1.386292
1.065557 1.652271
0.9312684 1.578853
1.040026 1.224134
0.9875089 1.217345
1.033241 1.265258
0.8519773 1.223617
1.161086 1.350272
0.9904537 1.257755
1.003225 1.31101
0.9569547 1.032371
0.9336879 0.9016471
0.9626621 0.9770124
0.9467428 0.9296858
0.9120147 0.7704556
1.074568 1.037907
0.9579763 1.057558
0.9890993 1.336522
0.9162845 1.263083
0.891229 1.444313
0.9585 1.679563
1.122906 1.297528
1.097995 1.243695
1.111845 1.157688
1.106994 1.048633
1.036277 0.929553
0.970741 0.9509096
1.120325 0.8476853
1.059986 0.8445271
1.030214 0.9040419
1.128233 0.8312616
1.031383 0.8106038
1.012486 1.071096
1.062285 1.089288
0.9403496 0.9345784
1.031707 0.9945447
1.001401 0.8850142
1.014612 1.055183
0.9706084 1.136803
1.099437 0.8716504
1.005771 0.854217
1.048723 0.8263808
0.9657334 0.8503117
0.9798372 1.041408
1.063842 1.05258
0.925654 0.8863766
1.12423 1.167165
0.9779569 1.021759
1.341014 1.016904
1.240124 0.9291954
1.036963 0.9958141
0.868506 1.095848
1.023436 1.142306
0.9806918 1.027727
1.061474 1.109585
1.197127 0.980169
1.224756 1.24448
1.082529 1.15662
1.051386 1.158762
1.015898 1.006025
1.004444 1.042026
1.016301 0.9795681
1.11597 1.165391
1.060423 1.144248
1.055188 1.064099
0.9850107 1.057694
0.9812442 0.9179286
1.032982 0.8966612
0.9884432 0.7546142
0.9184106 0.9633896
1.032916 1.031727
1.116816 0.880203
1.017309 1.251513
0.9741631 1.306966
1.093857 0.9819424
1.024421 1.113654
0.972845 1.075075
0.8150484 1.166609
0.933782 0.9666489
1.016815 0.8201268
1.051586 0.8760461
1.012114 0.9139687
1.015829 0.7949368
0.8399592 1.073831
0.9573622 0.9899374
0.9866512 1.117564
0.9933115 1.17384
1.092601 1.213814
0.9328318 1.341603
1.163565 1.753184
0.9462885 1.158009
0.9950066 1.000679
0.9690892 1.01491
0.9738497 1.109386
1.078615 1.086186
1.097637 1.115381
0.9853765 0.9864841
1.010261 1.004766
1.00249 1.166222
1.032455 0.8983596
1.111331 1.003518
0.9662725 1.005666
1.139704 1.088458
0.9635733 1.085177
1.018743 1.261588
1.056423 1.437231
1.043293 1.236035
1.09921 1.188818
1.029029 1.123253
1.053694 1.14199
1.084137 0.9110829
0.9865903 1.120938
0.8741596 1.107292
0.9592777 1.329385
0.9422723 1.379169
0.8957838 1.341618
0.9783215 1.207776
0.9276774 1.303608
1.236917 1.048021
1.058866 0.9606774
1.015465 1.177515
1.02071 1.265886
0.9159092 1.133816
1.013491 1.089345
1.01736 1.184407
0.9546285 1.04805
0.8810767 0.9337225
0.971688 1.168463
0.9641396 1.306279
0.9278263 1.073504
1.029604 1.111451
1.013347 1.134847
0.9800655 1.382375
1.07772 1.188443
1.156219 1.40023
1.047457 1.222724
0.9122817 1.286362
0.9503864 1.337611
1.061526 1.291356
1.056895 1.266995
0.9445786 1.327029
0.9606842 1.35505
0.9897576 1.205364
0.9893758 1.141027
0.9900787 1.178056
0.9745588 1.278943
0.9045383 1.359094
0.9195722 1.234747
0.8556814 1.623151
1.027203 1.611822
0.9620463 1.472114
1.151125 1.480977
1.052071 1.386192
0.9188976 1.36699
0.9881773 1.394773
1.165567 1.294064
0.9728316 0.9140065
1.032575 0.9406866
1.073721 0.9517576
0.9804248 1.359071
1.140445 1.232151
0.9722384 1.064619
1.097015 1.163463
1.022098 1.081877
1.024575 1.010446
1.094896 0.9540814
1.014208 1.207257
1.015599 1.459499
1.113864 1.243963
1.171782 1.433339
0.9633336 1.136164
0.8846771 1.202414
1.066504 0.9484034
1.067781 1.05772
1.150732 1.476368
0.8843978 1.273844
0.9549505 1.255268
0.9335038 1.742826
0.9389333 1.490277
0.9409352 0.96474
1.079507 1.039442
1.199957 1.013898
1.008908 1.088107
1.140997 1.087103
1.100375 1.045185
1.156611 1.194233
1.192966 1.172918
1.002782 0.9832433
1.085718 1.204839
1.044677 0.9400463
1.143486 1.012293
0.9674661 0.9302239
1.029033 1.350757
0.9250475 1.71722
1.103508 1.477269
1.011577 0.9872319
0.976571 1.109458
1.055294 1.272119
1.079086 1.122708
1.084067 1.578908
0.9761341 1.699229
1.067349 1.42907
1.05343 1.442349
0.9510657 1.391165
0.969847 1.83522
1.076017 1.111185
0.9952794 1.040033
1.082206 1.402094
0.8090039 1.3515
0.9893986 1.474196
1.191608 1.109968
1.043589 1.401899
0.9721583 1.330068
0.8762555 1.477218
1.017359 1.170617
1.063396 1.132628
1.097771 1.103835
1.053257 1.186472
1.030388 1.205811
1.12453 1.492119
1.028988 1.426302
0.955175 1.107528
1.026518 1.002466
0.977004 1.178277
1.009971 1.642376
1.068431 1.692484
1.097522 1.163721
0.9622224 1.088134
0.9898706 1.17035
0.9101048 1.307531
1.038742 1.613575
0.928881 1.29844
0.9985239 1.219964
0.9399358 1.163969
1.228999 0.968014
1.150488 0.9143724
0.9892175 0.9207958
0.9806315 0.8958514
0.9556922 0.9896561
1.034772 1.075027
0.8791069 1.228989
1.098622 1.214793
1.120732 0.963905
1.038232 0.9543431
0.930079 1.114772
1.126291 1.047144
0.8689196 1.463218
0.8730631 1.570928
0.8368966 1.493717
0.7972248 1.565181
0.9588674 1.586116
0.8918074 1.619085
0.9940432 1.600008
0.8544296 1.194383
1.048553 1.01832
1.20925 1.014079
1.058294 0.9755845
0.9938116 1.147584
1.036322 1.160755
1.094467 1.15913
1.276596 1.312566
1.041479 1.477789
0.8835549 1.611748
0.9588469 1.459411
1.202507 1.345237
0.9909275 1.029683
1.040566 0.9257853
0.9119865 0.935466
0.8623284 1.249581
1.097345 1.507158
1.16056 1.573008
0.9554902 1.534457
0.9148894 1.1763
0.8497134 1.189924
0.9666909 1.300458
1.052147 1.266055
0.9618758 1.233973
1.007511 1.696196
1.043352 1.53688
1.095419 1.14485
0.8532092 1.225158
1.065794 1.180296
0.9270777 1.290861
0.9997244 1.269532
1.178427 1.279198
1.128068 1.21428
0.937308 1.128616
0.8915393 1.364991
1.038191 0.9691867
1.09867 0.9709039
1.088674 1.121652
1.081157 1.069144
0.992143 1.035646
1.088099 1.017012
1.138798 0.901417
1.072588 0.9495802
1.048475 1.036397
1.022042 0.971113
1.116159 0.9850392
0.9916754 1.367432
0.9011303 1.459068
1.095861 1.043873
0.9891547 1.090785
0.941633 1.118763
0.9625244 1.455419
0.8761161 1.470096
1.086444 1.4834
0.8959877 1.203924
0.962441 1.535533
0.9161757 1.157234
1.078898 1.232246
0.9633427 1.186883
0.9957799 1.287456
1.037877 1.310072
0.9790797 1.202643
1.054439 1.548057
1.016338 1.425884
0.8283909 1.497007
0.8797728 1.454526
1.11289 1.047282
1.058919 1.130553
0.9077551 1.116165
0.9337772 1.216144
1.086682 1.400554
1.037319 1.637668
0.9003558 1.289035
1.098731 1.149922
0.9334656 1.28744
1.181842 1.253241
1.106126 1.276219
0.9925131 1.014333
0.9741934 0.9887105
1.138408 0.8720014
1.103429 1.208163
1.128196 1.174805
0.9178189 1.419793
0.971908 1.552757
0.8874044 1.42699
0.956946 1.457652
1.232219 1.564938
1.006026 1.445134
1.137318 1.303466
0.9968364 1.458525
1.007316 0.9860501
1.068083 1.000191
0.9395651 1.05482
1.040159 1.147973
1.07828 1.357576
0.9069076 1.769368
0.9105053 1.41542
0.9096136 1.766153
0.9105784 1.463135
0.975771 1.523736
1.042314 1.493536
0.9665034 1.316324
1.01507 1.19529
1.123003 0.8668091
0.9798102 0.9923
1.099677 1.126438
0.973821 1.222594
1.120414 1.263741
1.121696 1.26071
0.9077335 1.330291
0.9127874 1.028818
1.029441 1.146146
1.035759 1.298057
1.239793 1.185001
0.9859202 0.9583918
1.03425 1.053463
0.9773898 1.506539
1.046262 1.173126
1.01795 1.304779
0.9176106 1.275084
0.9151505 1.055937
0.9851987 1.485192
0.8900145 1.284762
0.9350362 1.32785
1.167923 1.155019
1.328044 1.362516
1.019605 1.530273
1.190622 1.321151
0.9076237 1.388774
0.9799408 1.254754
1.092294 1.336154
1.077836 1.40489
1.011864 1.44381
0.87469 1.342726
1.134655 1.250089
1.108845 1.152355
1.049616 1.387634
1.011979 1.381444
1.044652 1.730628
0.9439148 1.377702
1.066004 1.533962
1.210686 1.685514
0.9828008 1.647525
1.038601 1.271101
1.165819 1.321123
0.9856573 1.260547
1.149195 0.9522738
1.017505 0.998996
1.192846 1.27528
1.013817 0.9983318
1.067403 1.097627
0.9126167 1.187718
1.03263 1.275523
0.915661 1.094115
1.140559 0.9822738
1.004718 1.019238
1.093381 1.051134
0.9144879 1.370245
0.8918455 1.534664
1.160516 1.307573
0.958266 1.234243
1.083551 1.29743
1.04553 1.28508
1.031724 1.817785
1.156277 1.812981
0.9717713 2.152975
0.9761855 1.623965
1.069521 1.533363
1.036759 1.374294
1.069585 1.08728
1.25096 1.187033
1.046793 1.208471
1.037461 1.227921
1.03659 1.173246
0.9250418 1.253446
0.9437475 1.781162
0.9785851 1.505568
1.133631 1.27225
0.918421 1.076814
1.043795 0.84864
1.076872 0.8736216
1.125734 1.013209
1.029963 0.9310153
1.166079 0.9614225
1.046173 0.9412236
1.084837 1.01554
1.07954 0.9357235
1.113317 1.028107
0.8926052 0.9618013
0.9815766 0.9089978
0.9531967 1.025806
0.9563317 1.125607
0.9142847 1.310222
0.9073323 1.71771
1.059145 1.288663
1.119321 1.215308
1.028129 1.17166
1.012803 1.191112
0.8917853 1.223181
1.015507 1.066935
1.074564 1.061086
0.9602935 0.9922165
1.117468 1.314365
0.8969168 1.161371
1.076508 1.292202
0.9773398 1.130342
1.024929 1.080507
1.074616 1.532519
0.9875341 1.168897
0.9386138 1.014035
1.177391 1.152218
1.108811 1.047163
0.8696126 1.152262
1.020214 1.106375
0.8337876 1.006362
0.9009442 1.239654
1.12718 1.159805
1.007748 1.521651
0.9305777 1.159912
0.9867075 1.013659
0.8900589 1.045242
1.112354 1.161148
0.8515113 1.146001
1.075868 1.463218
0.9720005 1.222472
0.9922611 1.360671
1.069347 1.159647
1.018103 1.093938
1.001431 0.9669556
0.9177131 1.066677
1.011518 1.242142
0.9814287 0.9903718
1.174389 1.209905
0.9177347 1.431831
1.036673 1.045051
1.121961 1.221464
1.044736 1.268266
1.085331 1.187518
0.963728 1.366436
0.9857462 1.032585
1.005256 1.075714
0.9128094 1.077397
0.9139103 0.9747067
1.059742 1.157707
1.199636 1.076128
1.088791 1.145873
0.98567 1.337208
1.006778 1.411773
1.038569 1.393735
1.203099 1.203483
1.165032 1.39466
0.9939105 1.285343
1.12821 1.727763
1.09918 1.916758
0.9733148 1.314384
1.109124 1.388299
0.9578156 1.721549
1.109728 1.658972
0.9430836 1.612444
1.019028 1.968574
1.130448 1.759576
0.9681353 1.475061
0.9419856 1.026711
1.197063 1.230484
1.021347 1.028557
1.071548 1.380007
1.008239 1.122848
1.07733 1.333628
1.130852 1.233303
0.9938868 1.314348
0.9510333 1.2398
1.05556 1.140163
1.007792 0.9410103
0.9958754 0.9584922
0.9305296 1.39687
0.8635617 1.33639
1.070639 1.691478
0.9937565 1.603014
0.9486378 1.589344
1.134956 1.2708
1.146668 1.228566
0.8490347 1.403317
0.9256462 1.202666
0.9070032 1.27266
1.057007 1.084163
1.043309 1.238768
0.9877609 1.513129
0.8979094 1.794835
1.040274 1.23163
0.9182913 1.203546
1.002002 1.472031
1.002972 1.191506
1.01408 1.167441
1.011192 1.030069
1.0942 1.14253
1.211536 1.054722
1.004977 1.351189
0.9690627 1.164074
1.011479 0.8946476
1.004428 1.23819
1.271425 1.202853
0.9631826 1.257622
1.068993 1.24316
0.9358657 1.17175
1.20741 1.117352
1.111034 1.091354
1.124627 0.9424926
1.202361 1.015876
0.9491377 1.106049
0.936058 1.24629
0.9889284 1.174333
1.060671 1.001725
1.114179 1.190828
1.099962 1.317873
1.20557 1.403872
1.054404 1.572929
1.245696 1.29585
1.142815 1.24995
1.043245 1.151885
1.031298 1.271658
0.9093213 1.641775
1.026445 1.348962
1.091879 1.204702
0.9066385 1.342958
1.196971 1.927248
1.026374 1.077057
1.0111 1.043868
1.002949 0.9695358
1.024364 0.943077
0.9985958 0.9062931
0.9055044 0.9975511
1.037003 1.41178
1.021565 1.394224
1.209931 1.250296
1.065322 1.124558
0.964403 1.21902
0.9825443 1.146973
1.047533 1.16918
1.115753 1.33577
0.9982274 1.110295
0.9743112 0.9343492
0.9980448 1.017355
1.081742 1.13186
1.270387 1.284712
0.9312182 1.114647
1.060303 1.170356
1.029638 1.110021
1.036753 0.8646735
1.046587 0.7670897
0.9925411 0.7389308
1.038664 0.9927218
1.019437 1.025995
0.9966922 0.9739899
0.9942737 0.9540312
1.034447 0.9251297
1.017572 0.9058375
1.036959 0.896292
0.9516634 1.023436
1.032055 1.136119
0.989069 1.088314
1.033763 1.364137
0.9669234 0.9516781
1.172063 1.179119
1.033062 1.062043
1.019577 1.036147
0.9241904 1.035235
1.039102 1.262096
1.024251 1.125587
1.071547 1.208624
1.13607 1.318244
1.018695 1.227292
0.9991459 1.108629
1.236621 1.518263
1.075678 1.184342
0.9725891 1.446604
0.9766204 1.527799
1.044271 1.033493
0.9144301 1.151989
1.062463 0.8324824
1.024619 0.8234776
0.8894303 1.033841
1.04396 1.132007
1.00419 1.133385
0.944397 1.887127
1.185212 1.381119
1.090238 1.43784
1.10954 2.022617
0.9688859 1.344689
1.256514 1.362831
0.9855126 1.550487
0.9988941 1.016836
0.9909267 1.193449
0.8909835 1.102588
1.071964 0.9595245
0.9643148 1.241479
1.031299 1.139322
1.009316 1.216532
1.092855 1.091296
1.046593 1.175354
1.153867 1.262017
0.9463044 1.136589
1.174953 0.8354713
0.9946463 1.073789
1.175363 1.202372
1.018691 0.9676074
0.9269163 1.183753
1.087048 0.8236594
1.049489 0.848526
1.061837 0.7292813
1.037547 0.739187
1.073306 0.9998753
1.012065 0.7470893
1.016421 0.733897
0.9575319 0.7973455
1.070271 0.7344217
1.099446 0.8873215
1.112109 1.196493
1.010443 1.123804
1.107005 1.1732
0.913339 1.200466
1.00862 1.135062
0.9932256 1.110488
0.9888375 0.9659439
1.02016 1.01765
1.06506 0.8852629
1.002687 1.120305
0.9690588 0.9799405
1.035195 0.8060644
0.9929466 0.9860549
1.054647 0.9597229
0.9642728 0.9328996
0.9973892 0.9475567
1.083134 0.9302448
1.025076 0.8804898
1.000628 0.7426952
1.116269 0.6744811
1.037382 0.8476923
1.060054 0.9176897
0.9328046 1.003808
1.05332 1.191656
1.127176 1.013986
1.021684 0.9076862
1.071044 1.145596
1.083216 0.9261121
1.116695 1.138808
1.104446 1.081871
1.088184 1.431361
1.01049 1.288329
0.8458253 1.086431
1.050973 1.050185
0.9998361 1.253295
0.9651048 1.482572
1.089646 1.708282
1.267224 1.463478
0.9992256 1.267095
1.07657 0.7880344
1.034287 0.963173
0.9973437 0.9689954
0.9138581 1.000849
0.9744122 1.259451
1.124047 1.116542
1.001934 1.081643
0.9059823 1.087478
1.001447 0.9292926
1.145944 1.149904
0.9161799 1.074036
0.8739067 1.156995
0.975047 1.050347
1.099021 1.252933
1.052483 1.449277
1.081221 1.265889
1.010974 1.609051
0.9823235 1.751506
1.020026 2.223423
0.8083513 1.547982
1.068866 1.350172
1.095165 1.269062
0.9814999 1.272209
0.8017701 1.164365
1.07317 1.006432
1.095908 0.7941174
1.025966 0.8530887
1.029477 1.100767
0.903182 0.854432
0.9783144 1.017894
1.112969 1.203545
1.058219 1.384232
1.029 1.214431
1.120309 1.023377
0.9942367 1.085523
0.9578604 1.125852
0.9402729 1.14147
1.171411 1.045106
0.961885 0.9877821
0.9703495 0.856095
1.027601 0.8207782
1.078074 0.8468429
0.9701223 0.8402029
0.9660586 0.8287782
1.012328 1.069472
1.045025 1.149222
1.148761 1.371445
1.179784 1.12529
1.080842 0.9406226
0.9898886 0.8464598
1.087068 0.9497272
1.03676 0.7810709
0.9483049 0.9207474
0.8672006 0.9794366
1.010428 1.280109
0.9110488 0.8428502
1.078098 0.8457902
0.9828552 0.9670564
1.182383 1.195648
1.092753 1.070677
0.9739467 1.233823
1.0254 0.9839349
1.072712 1.31195
0.9499619 1.307615
1.124871 1.059657
1.094927 1.050609
1.083014 1.295561
0.9523146 1.240073
0.991735 1.0296
1.174215 1.138665
0.835389 1.349287
1.011827 1.143417
1.037967 1.057831
1.152896 1.264889
1.010768 0.8427779
0.9915274 1.056414
0.9244511 1.109682
0.9259113 1.347183
1.036943 1.46438
0.9947188 1.538553
1.154561 1.392499
1.053513 1.487141
1.070914 1.193829
1.003507 1.467613
0.9389785 1.410399
1.010662 1.023199
1.023282 1.257845
0.8572783 1.546076
1.154428 1.330306
1.060392 1.174598
1.086631 1.426244
0.9377559 1.410136
1.05913 1.269143
0.9752048 1.312593
0.9547322 1.37154
0.8590582 1.517448
0.9660037 1.095097
1.062457 1.386801
1.040981 1.220725
0.8720608 1.247249
1.181234 1.103752
0.826851 1.51918
1.287663 1.050448
1.009749 1.062732
0.9821485 1.16248
0.9964442 0.9470394
1.093002 1.05093
1.215023 0.9842342
1.028414 1.088139
0.9890039 1.139733
1.127353 1.075159
1.149552 0.9862636
1.091395 0.8617847
1.079207 0.8681031
1.181417 0.9618254
1.207035 1.274402
1.148253 1.131296
0.9763932 1.162007
0.9334675 1.384052
0.9608237 1.310072
1.033257 1.153018
0.9118901 1.071352
1.042378 0.7245722
1.041204 0.7541759
1.03004 0.7898276
1.042374 0.8546616
1.125287 0.9252652
0.9336595 0.8172686
1.053403 0.9118505
1.04202 0.9241031
1.015831 1.018449
1.020094 1.454721
0.8268136 1.339345
0.9841698 0.9394139
1.145427 1.043951
1.125179 1.021203
1.212218 1.147937
1.113207 1.375085
1.185496 1.378089
0.9425546 1.151818
1.038912 1.206489
0.9542517 0.9951513
1.205144 0.9117575
1.080078 1.057872
1.060992 1.19197
1.123461 1.22184
1.073104 1.120141
1.049523 1.076587
0.9161368 1.005165
1.057986 0.8883078
0.9293589 1.230538
1.028739 1.133547
0.9805862 1.110239
0.9715287 1.233488
0.8074677 1.61564
0.9380063 1.519913
1.138155 1.07049
0.9775636 1.103632
0.9048957 1.236692
1.137569 1.015073
1.201804 1.131034
0.9251087 1.306017
1.064859 1.232068
1.104783 1.189325
0.9384996 1.017408
1.074628 0.8575084
0.9765002 1.073977
1.100982 1.179086
1.066856 1.232737
1.023573 1.320064
1.022137 1.411778
1.142593 1.092542
0.986922 1.160886
1.120828 1.709103
1.159991 1.485606
0.9656996 1.275269
0.9778399 1.254733
1.041612 1.461599
1.227861 1.523835
0.8754548 1.302336
1.168766 1.269972
1.05249 1.40628
1.165746 1.144995
1.022424 1.188244
1.016709 1.231788
1.037884 1.162029
1.106609 1.153257
0.960053 1.055654
1.106453 1.423959
1.054564 1.570803
0.9263311 1.373413
1.392767 1.429468
1.258801 1.215635
1.049671 1.073127
1.113906 0.8659699
1.122202 0.9549279
0.9932821 0.9418762
0.986514 1.120429
1.197327 1.188777
0.9160977 1.259078
0.9644958 1.253295
0.9004353 1.394454
1.132329 1.439253
1.112317 1.509897
0.9860932 1.026545
0.961253 1.374523
0.8699142 1.645589
0.8412835 1.143794
0.8781846 0.8649134
1.066773 0.9620594
0.8802572 1.038366
1.034568 1.248125
1.02848 1.213294
1.067085 1.129458
1.057852 1.024573
1.135662 1.011269
1.014633 1.245045
1.24345 1.168701
0.9602823 0.8819798
0.94759 1.069337
0.9665923 1.174815
0.9659769 1.435812
0.9766528 1.398741
1.102037 1.369161
1.065111 1.135711
1.09554 0.9465711
0.9906657 1.055207
0.9651508 1.210133
1.057774 1.442639
1.024513 1.094442
1.102592 1.269157
0.9581412 1.39333
1.150487 1.055006
1.105483 1.158003
1.064725 1.250899
1.037307 1.199889
0.9402249 1.173785
1.027117 1.1104
1.011512 0.866357
0.9835823 0.9558962
1.045245 0.889972
0.9615713 0.9204985
1.031303 1.182419
0.916666 1.152277
0.9739701 1.146772
0.9401827 0.9633535
1.010464 1.098825
0.921052 1.172204
1.167662 1.135536
1.000099 1.114008
0.9055511 1.189028
1.033459 1.171132
1.021136 1.09922
0.9294576 1.069281
0.8939926 1.185668
1.046515 1.493027
1.094827 1.51519
1.148366 1.319404
1.105725 1.336997
1.017277 1.722916
1.016235 1.601941
1.047084 1.325276
0.9886872 1.322948
0.9110065 1.102589
0.9821748 1.082381
1.086074 0.8780547
1.078361 1.012679
1.004258 0.9472384
1.190147 1.009974
0.924014 1.262524
1.077491 1.279512
0.991762 1.184402
1.134511 0.9882172
0.9884507 0.8344293
1.034741 1.175639
0.9707658 1.152984
0.9977029 0.8971995
1.017916 0.9195164
0.9686979 0.817545
1.009019 0.7623209
1.108334 1.110029
1.135061 1.156495
1.066201 1.2431
1.012322 1.301322
1.225195 1.323454
1.145062 1.246914
0.9927181 1.244109
1.085935 1.62929
0.8882341 2.160473
1.019098 1.763833
0.9506266 2.625244
1.011568 1.559244
0.8697314 1.761234
0.942278 1.155051
0.9371253 1.131166
1.027066 1.236231
0.9614687 1.378065
1.014372 0.9392542
1.108979 1.084527
0.9117309 1.072066
1.087197 0.9903977
0.8782664 1.11078
0.9921236 1.310189
1.061665 1.365229
1.046372 1.189518
1.124172 1.07673
1.001612 1.212197
0.8565971 1.161014
0.9657712 1.255721
1.081503 1.211821
1.008917 1.332704
0.935431 1.251807
0.9278609 0.8763424
0.9995392 1.37208
0.9272464 1.514175
1.149964 1.243668
0.9368552 0.8784118
1.127509 0.9944605
0.9673545 1.12141
0.8395369 1.230223
1.045393 1.364747
1.085102 1.291253
1.07038 1.234805
1.013381 0.9452915
1.120548 1.290707
0.8682156 1.312326
0.9986503 1.248273
1.014015 1.292109
1.049349 1.190035
1.070704 1.434465
0.9272706 1.3077
0.932825 0.9173871
1.105855 0.8824552
0.9853671 0.848666
1.086266 0.9800012
0.9767586 0.9349866
0.9453781 1.225956
0.9181966 1.203565
1.140512 1.395881
1.140362 1.184786
1.12729 1.237348
0.9108445 1.341359
1.201068 1.358808
0.9747331 1.385531
0.9985975 1.332432
0.9140697 1.437255
1.149862 1.184575
1.164029 1.370536
0.8971729 1.476137
0.9515941 1.394651
1.013673 1.365896
0.9975777 1.685761
1.097842 1.421496
0.9045552 1.754762
0.9944153 1.978798
1.00108 1.531253
0.8744963 2.120767
0.9197942 1.287186
1.030718 1.138191
1.179055 1.108067
0.9576834 1.334239
1.031589 1.13991
1.050567 1.189557
1.049721 1.226453
1.006873 1.469142
1.191853 1.399681
0.9480999 1.536094
1.096059 1.395365
0.9952823 1.512663
0.9570118 1.443827
1.077027 1.159337
1.043792 1.07775
1.102832 0.9842909
1.086473 1.057442
0.9800178 0.9965753
1.120125 1.157086
0.9688327 1.393954
1.010285 1.262052
1.029784 1.18692
1.01131 0.9523259
0.983808 1.110615
0.9595938 1.137961
0.9707578 1.21962
1.253602 0.9914827
1.042256 0.8121163
1.214932 0.9824295
1.039296 1.217162
0.9314248 1.436129
0.9098792 1.34827
1.058019 1.122843
1.136981 1.118469
0.8142011 1.344819
1.133964 1.452613
0.9581586 1.175189
1.116179 0.9650728
1.215988 1.072137
0.9351978 0.9998264
1.001793 0.8681599
0.9993093 0.8504517
1.120838 1.060538
1.1042 0.9309968
1.018099 1.185614
1.010835 1.084732
0.8204078 1.225204
0.8803867 1.136821
1.073567 1.196849
1.10135 1.14066
1.012932 1.159464
0.9396679 1.058909
1.038046 0.8952716
0.9069542 1.168735
1.193725 1.062267
1.127001 1.290917
1.008604 1.191043
1.04469 1.196728
1.023585 1.041751
1.200014 1.058779
1.046261 1.227092
1.002297 0.9648252
0.8533769 1.0459
0.9349825 1.022682
0.9892731 1.225455
1.0881 1.219629
1.235253 1.133271
1.112413 1.163506
0.8552512 1.558599
1.112562 1.231584
1.012249 1.341216
1.012745 1.284129
1.069137 1.298387
1.038767 1.042724
0.9670615 1.087818
1.186136 1.171755
0.9424672 1.229684
0.8978578 1.216005
1.063299 1.260864
1.002835 1.071262
0.945891 1.07962
1.047568 0.9551725
0.9820665 0.9952644
0.8968727 1.121927
1.052902 0.898238
1.018913 1.234861
0.947324 1.242555
1.011847 1.30771
0.8445259 1.350462
1.168077 1.347898
1.197771 1.235984
0.9405811 1.220276
1.069608 1.167599
1.10135 1.078534
1.071939 1.042277
0.9602801 1.045109
0.9800289 1.252643
1.067577 1.438399
0.9778697 1.516628
0.9668961 1.688944
0.8341954 1.620959
1.061526 1.73492
1.068386 1.460592
0.9683521 1.270921
0.9616019 1.069862
1.020422 0.9785792
1.273558 1.042784
0.8293972 1.381315
1.061807 1.178883
0.9609522 1.148495
1.087139 1.048811
1.046205 1.273253
1.133905 0.8625642
0.933369 1.264291
1.116846 1.045898
0.990685 1.12773
0.9902637 1.481158
0.9446704 1.56034
0.9612639 1.717406
0.9565385 1.388812
0.84236 1.243221
1.038783 1.498866
0.9757703 1.359554
1.003564 1.235364
0.9920296 1.342006
1.295782 1.477757
1.202079 1.276702
1.176056 1.178391
1.103722 1.079699
1.089134 1.170553
0.8600186 1.499569
1.185085 1.421473
0.8763931 1.888088
1.022205 1.418063
1.021165 1.597939
1.051978 1.360071
0.9197335 1.174586
0.9942788 1.089277
1.000495 1.414758
0.9517091 1.085575
0.9672558 1.069124
1.147159 1.017039
1.003555 1.217238
0.9489313 0.9827986
1.080302 0.8435694
1.050433 0.8906048
0.964704 1.034269
0.9903103 0.8964894
1.073896 1.131755
1.034225 1.114853
0.9022653 1.197925
0.9811097 1.309075
1.080258 1.058235
0.9154734 1.659341
1.122723 1.64465
0.8624545 2.089308
0.9371638 1.627287
0.9088334 1.930755
0.9464683 2.056271
0.9099708 1.627462
1.075622 1.375344
1.086166 1.107576
1.029735 1.066064
1.109952 1.087754
0.9893431 1.46696
0.927704 1.368522
1.16737 1.212747
1.195667 1.201883
1.229314 1.209624
1.025565 1.127423
1.121415 1.311898
0.9632204 1.186769
1.015393 1.053244
1.078359 1.414333
0.8811869 1.22688
0.9910488 1.249293
1.134698 1.128047
0.959292 1.259392
0.9527573 1.392118
0.9010206 1.847444
0.9322607 1.321783
1.013098 1.307877
1.041684 1.300987
0.9923844 0.92686
1.04195 0.8782584
1.023088 0.7300733
1.093472 0.7565443
0.9343629 1.07186
1.06206 1.104082
1.018714 1.075283
1.097206 0.9761619
1.037079 0.8286574
0.9858748 1.028457
0.995527 1.269506
1.016541 1.355041
1.002518 1.308441
1.057981 1.209774
1.125899 1.337893
0.8955793 1.197305
1.19431 1.122762
1.076373 1.230698
1.004896 1.055758
0.9532823 1.340518
0.8605864 1.224337
0.9165559 1.234147
1.112619 1.159901
1.037486 1.06813
1.105318 0.8297648
0.9915622 0.7804637
0.978718 0.9147221
1.071489 1.185156
1.031228 1.294377
0.9203316 1.026101
1.010708 0.8583195
0.971395 0.8146203
0.9033999 0.913836
0.9948954 1.069884
0.9474883 1.213549
1.157073 1.097338
1.001988 1.056433
0.9809401 1.128384
0.8651549 1.166936
1.174907 1.435699
0.9912707 2.102932
1.097708 1.796747
0.7804907 2.06039
0.7535443 2.130313
1.074009 1.451521
0.9447532 1.423883
1.018802 0.989738
0.9979333 0.9979584
1.046651 1.11684
0.9903665 1.16689
1.029766 1.349708
1.295076 1.082717
0.9793282 1.110679
1.141877 0.9800624
1.071878 0.8244404
1.055631 0.9581965
0.9759835 1.087495
0.9822351 1.076262
1.005021 0.9547013
0.9780488 0.8104724
1.072628 0.9489327
1.107844 0.9789448
1.008315 0.8323138
1.074778 0.8895486
1.017317 1.0071
1.133348 1.106633
1.021499 1.046136
1.035725 1.229994
0.9504 1.185665
0.9960216 1.948623
0.9378926 1.810077
1.124355 1.342339
0.9327838 1.130259
0.9672426 0.9982928
1.145412 1.248435
1.088224 1.414356
1.160028 0.9632384
1.014302 1.180074
0.9493799 1.166551
1.006305 1.491351
0.8652077 1.213898
0.9509928 1.142469
1.036113 1.32742
0.9829316 0.9950578
0.9139877 1.094161
1.019713 1.110418
1.092513 1.117081
0.848876 1.46653
1.10693 1.356177
1.041992 1.12407
1.070441 1.205829
1.04624 1.470458
0.8666823 1.203113
1.104838 1.44861
0.9403015 1.078846
0.9929842 1.313866
1.048608 1.106699
0.971418 1.105097
1.034132 1.231275
1.059081 1.526807
0.9639644 1.329163
0.8153182 1.44954
0.9465018 1.101113
0.9616593 0.9175706
1.032789 1.033999
1.130909 0.8990321
0.9874774 1.083846
1.080096 1.038943
1.314086 1.198066
1.133969 1.259065
1.009449 1.002796
1.030773 0.8947004
0.9962539 1.08719
1.100273 1.260686
1.011026 1.16296
1.138632 1.155269
1.106912 1.06739
0.9586568 1.167594
0.9509925 1.208664
1.084534 1.130475
0.9514136 1.095266
1.053996 1.108133
1.129901 1.359769
1.074158 1.385534
1.042303 1.126505
0.9118254 1.403774
0.9265956 1.325057
1.122381 1.751787
1.022115 1.41195
0.9801321 1.305539
1.024808 1.31007
0.8990139 1.535102
0.9432582 1.785371
0.8726682 1.704485
0.9191804 1.545223
1.08711 1.275923
1.13133 1.298529
1.067799 1.04735
1.12316 1.407585
0.9908175 1.239176
1.252351 1.314461
1.145031 1.164628
1.061484 1.032023
1.016337 1.327332
0.9365661 1.539845
0.9553439 1.550878
0.9832783 2.118129
1.191855 1.954362
1.19024 2.055512
0.7488432 1.888994
1.224434 1.274598
0.9651533 1.42125
1.060232 1.355628
0.9650773 1.219795
0.9053936 1.221703
0.9206995 1.069126
1.209887 1.052048
1.065295 1.200502
0.9958789 1.536224
0.8059744 1.269064
1.023429 1.497531
0.9639991 1.149502
1.001541 1.302331
1.210637 1.349477
0.8117536 1.457792
0.9576059 1.324384
1.068222 1.353995
1.128623 1.713988
0.9324747 2.662843
1.232559 1.555575
0.926977 1.628323
1.003745 1.555922
1.074486 1.423586
1.081611 1.432333
0.9915319 1.373022
1.032815 1.243853
0.9243668 1.381988
0.9977641 1.377444
0.9107572 2.233803
0.8923254 1.982226
0.9165215 1.785823
0.8079257 1.328642
0.7996298 1.788526
1.034179 1.239694
0.9862637 1.55201
0.8943731 1.583203
1.025995 1.488378
0.9457162 1.28952
1.065666 1.107625
1.022149 1.260589
0.9727015 1.366823
0.9978662 1.527434
0.8710733 1.04633
1.052099 1.269466
1.091121 1.251793
0.9668695 1.157264
0.9525139 1.3321
1.030614 1.215442
0.9729369 1.177816
1.089508 1.182923
1.021945 1.225747
1.022932 1.195402
0.9356433 1.067363
0.9922923 1.157741
1.007373 0.988264
0.82963 1.199167
0.9577454 1.263672
1.100118 1.336887
1.094645 1.103748
1.130582 0.9254566
1.01812 0.8370306
0.9885203 0.9126039
1.07912 0.9862535
1.135072 0.933657
1.065783 0.9179389
0.9997022 1.108143
0.9567255 1.195674
1.163062 1.577946
0.9230573 1.604302
1.132229 1.451438
1.257643 1.119417
0.9550218 1.325294
1.119694 0.9195049
1.003033 0.9954705
1.02812 1.025949
1.006739 0.9369443
1.019855 0.8722776
0.9622423 1.086799
1.060384 1.284317
1.035884 1.476899
1.010957 1.393448
0.9850986 1.049029
1.008573 0.8937227
1.051721 0.9181021
1.048467 0.9500465
1.166835 0.7673794
1.007151 0.8616725
1.056843 0.752536
1.070286 1.04754
0.9710621 0.9448991
1.118279 1.110496
1.054106 1.00831
1.063179 1.086631
1.068522 0.9804404
0.9546848 1.10482
0.9692673 1.157693
1.035753 1.045635
1.077666 0.8459469
1.071857 0.9484341
1.160449 0.9004334
0.8700726 1.134427
1.113578 1.174252
0.9822868 1.020904
0.9100915 1.31051
1.020728 1.151603
1.159866 1.55482
1.053227 1.429376
1.168843 1.080249
0.9491175 1.152683
1.202295 1.065203
0.9852968 1.063564
1.102579 1.054972
1.06484 0.9485434
1.023955 0.767307
0.9765498 0.8136865
1.01442 0.710735
0.9048471 1.056515
1.046978 1.257513
1.006947 1.361287
1.056904 1.37587
0.8117745 1.651223
1.010926 1.29332
1.054663 1.314034
1.04202 1.301388
0.9897022 1.071271
1.208515 0.9582177
1.079446 1.097879
0.9588543 0.9738746
1.018017 0.8929281
0.9995938 0.9080226
0.9284903 1.040403
0.9385575 1.072584
0.9855451 0.8460292
1.07423 0.8465625
1.127664 0.9019256
0.9896788 1.245233
0.9445232 1.242904
1.072205 1.220026
1.055829 1.192859
0.7508586 1.314383
1.144403 1.313521
1.034958 1.093095
1.088977 1.09096
1.0837 0.8463305
1.04017 1.459036
1.015598 1.256102
1.012977 1.390453
1.016286 1.327098
1.104265 1.272562
0.7919609 1.452112
0.9949269 0.8917974
1.01899 0.914508
1.046306 0.8544006
1.194117 1.028536
1.163446 0.8526369
0.9055983 1.009239
1.039527 0.8743927
1.119998 0.8456575
1.023236 1.256684
0.9807787 1.45097
0.978586 0.9431318
1.065632 0.942268
1.103862 0.9756593
0.954599 1.05084
0.9859031 1.404318
0.9310541 1.24309
1.145706 1.033745
1.081535 0.9280856
1.044464 0.9643649
1.14454 0.8927707
0.8918124 0.9977385
1.089256 0.9975963
1.011798 1.367987
1.032881 1.1172
1.048368 1.223936
0.8279212 1.642717
1.077586 1.284307
1.012451 1.263172
1.022315 1.298966
0.8575668 1.280872
1.057106 1.050544
1.037834 1.620822
0.9851379 1.72097
1.289794 1.490357
1.068273 1.731437
0.9909071 1.571752
1.068921 1.143925
1.072698 0.7988949
1.037109 1.047531
0.9114685 1.560749
1.057387 1.683287
1.288962 1.573583
0.84712 1.158256
1.25775 0.9841134
0.9280978 1.402413
0.9853979 1.003909
0.9558387 1.175339
0.9645965 1.080602
1.072765 1.029376
1.058419 0.9481877
1.132309 1.036261
1.031478 1.127575
1.046531 1.222561
0.8748709 1.212662
0.9998021 1.246625
1.201932 1.365759
1.047037 1.345091
1.091751 1.36348
1.040871 1.536585
0.9067505 1.9484
1.109188 1.524308
1.099936 1.322061
1.026458 1.012775
1.112107 1.016663
0.9435758 1.092936
1.027402 1.080461
0.9417369 1.365274
1.013994 1.138588
1.159919 1.255653
1.070509 1.159969
0.961249 1.173596
1.025264 1.143582
1.086813 1.209114
1.00363 1.304816
0.994497 1.260536
1.116491 1.187225
1.023866 1.342578
0.928078 1.182713
1.015087 1.150227
0.9494405 1.162786
1.188716 1.146525
1.093283 1.141586
0.9867076 1.157197
1.113878 1.238072
0.9685366 0.9710316
1.081572 0.9305788
1.142063 1.077773
1.017557 0.8769527
1.024494 1.007691
1.000244 1.052111
1.07791 1.228813
1.063334 1.107033
1.079687 0.9116829
1.087933 0.9342382
1.102083 0.8995415
0.9838471 0.7603919
1.000385 0.7656791
0.9862285 0.7207882
1.041888 1.016614
0.8744408 1.093682
1.021017 1.0353
0.9473457 1.081461
1.153794 0.8857918
1.139249 1.083688
0.9541548 1.215747
1.243561 0.9297445
1.192477 1.089845
1.118494 1.188382
1.068148 0.9311966
0.9465848 1.104072
1.101251 1.392322
1.026909 1.07513
1.153955 1.163651
1.110625 0.728105
1.004178 0.8149807
0.9480638 0.9342973
1.059601 1.01719
0.9700568 1.280162
1.003927 1.184072
1.021315 1.103409
1.011536 1.084831
1.063402 0.9286391
0.9998542 0.7766042
1.036757 0.9566524
0.9977285 1.117914
1.031405 1.020684
1.159982 1.010126
1.125496 1.21927
1.035249 1.329123
1.1829 1.170524
1.042998 1.031214
0.9248892 1.08091
1.046877 1.093138
1.015158 1.089185
0.9619705 0.9472849
1.019639 1.206383
1.038998 1.182748
0.9696729 1.233616
0.9446246 1.367616
0.8688945 1.527143
1.10699 1.367447
0.9648308 1.234474
1.036713 1.330854
0.9582186 1.059768
1.098448 0.9850061
0.9841214 1.021844
0.9139848 1.354164
1.0037 1.584197
0.8766019 1.566864
0.8919185 1.784545
1.007202 1.421525
0.8659354 1.371574
0.8494551 1.648834
0.9868823 1.506013
1.040073 1.288159
1.022625 1.434025
0.9431041 1.952112
1.017353 1.316431
1.009043 1.120136
1.039217 0.9507703
1.04189 1.085799
1.201281 1.077083
1.172447 1.402673
1.1658 1.02114
1.122093 1.087063
1.121692 1.315472
1.108212 1.144799
1.003927 0.9372843
0.9703243 1.451213
0.9998831 1.197126
1.045227 1.158034
1.011172 1.156256
1.257791 1.461392
0.9281309 1.302328
1.046842 1.060322
0.9438955 1.22008
1.042271 1.060843
0.947076 1.131091
0.9901696 1.252666
0.8976966 1.194477
1.006215 1.247592
1.123686 1.415678
1.214932 1.455636
1.022738 1.369682
0.9941559 1.351552
1.034914 1.344811
0.9901026 1.076253
0.9587574 1.11839
1.124557 1.022958
1.086324 1.109836
1.082619 1.216591
0.8556282 1.041255
1.087311 0.9971998
0.8186136 1.016347
0.9995302 1.26652
0.9681505 1.253635
0.9749028 1.061444
1.024437 0.9250781
1.265851 1.028073
1.047635 1.09499
1.103054 1.328102
0.9844899 1.544562
1.032105 1.073363
1.003766 1.499276
0.7993608 1.742201
0.7635647 2.064579
0.9700361 1.220436
1.032317 1.611663
1.046979 1.491113
0.9120683 1.434752
0.9975138 1.783401
1.0338 1.42814
1.110307 1.429882
0.9289897 1.251726
1.005462 1.285588
1.30519 1.219616
1.176808 1.283276
1.006842 1.19664
1.238776 1.138779
1.009328 1.033885
1.190883 0.9672794
0.9860764 0.9015039
1.089361 0.9536255
1.020059 0.9622107
1.088887 1.316508
1.053167 0.9719545
1.029579 1.012156
1.02094 1.193649
1.136999 1.124689
1.03646 1.185902
1.097351 1.060782
1.02389 1.087971
0.9905932 1.092492
0.972429 1.432612
1.089519 1.352966
0.9371484 1.422533
0.8973488 1.611609
1.102329 1.17638
0.9710545 0.941193
1.046735 1.111639
1.030924 1.068379
1.092774 1.193208
1.045177 0.8533033
0.9717671 0.9689935
1.240296 0.9623828
0.9699356 1.008428
1.055254 1.182531
0.9295883 1.215222
1.220611 1.224384
0.9913718 1.424036
1.094766 1.411366
1.091022 1.363289
1.022332 1.572476
1.014066 1.494508
0.9887777 1.000612
0.9795063 0.9422163
1.049845 1.107325
0.8811822 1.054535
1.059772 1.321584
1.150863 1.121758
0.97724 1.27953
1.117613 1.256126
1.084916 1.086737
1.058118 1.253749
0.9600391 1.14632
1.023374 1.06945
1.109934 1.123122
1.085038 1.073976
1.087511 1.040088
1.115197 1.014154
1.071125 0.9552952
0.9451154 1.452021
1.212181 1.233916
0.9166596 1.248501
0.9821245 1.368094
0.996854 1.372432
0.9692316 1.17297
1.027922 1.146004
0.9896513 1.135493
0.9919375 1.002431
1.02935 1.011194
1.096817 1.120329
1.065051 1.197058
1.021703 1.246223
1.056582 1.320509
1.002465 1.154646
1.08048 1.176745
1.007357 0.8844614
1.030806 0.961034
1.172715 1.151508
1.228515 1.372345
1.011028 1.516664
0.9740774 1.4048
1.302324 1.241552
1.091137 1.161208
0.9237822 1.032668
1.14246 1.070839
1.084859 1.200295
1.152073 1.113172
1.027907 1.172581
0.9647242 1.377665
0.9793882 1.773025
1.054424 1.501579
1.042591 1.532192
0.9473288 1.558531
1.042082 1.174648
1.05395 1.384708
0.9451865 1.389394
1.024903 1.380162
0.9698511 1.336595
1.092041 1.482648
1.021714 1.370849
1.085571 1.276164
1.115588 1.350207
0.9589519 1.253087
1.003649 1.129072
1.039412 1.172904
1.03356 1.066395
0.8763364 1.167443
1.055332 1.331132
1.003749 1.176965
1.052445 1.082882
1.076002 0.8059353
1.011889 0.9575168
1.064383 0.9144389
1.012056 1.052513
1.021137 0.9530727
1.025305 0.8851587
0.9073811 1.184301
1.203179 1.106156
1.077591 1.363742
0.9891068 1.195682
0.9071014 1.372854
1.131003 1.252964
0.998582 1.184736
1.023146 1.148311
1.014981 0.9999558
1.054859 1.162437
1.197511 0.9492572
1.087378 1.292474
1.228907 1.590576
1.016478 1.598746
0.8358746 1.652482
1.153388 1.373432
1.002732 1.218912
1.150728 1.118526
1.294283 0.9062481
1.092755 0.9286956
0.940721 1.049956
1.103679 0.9620732
0.9527434 1.146664
0.8755171 1.49281
0.9555175 1.680429
0.8084431 1.503687
0.9126928 1.288947
1.032112 1.570716
1.090995 1.379269
1.0102 1.255593
1.002057 0.9318763
1.157032 1.34979
1.058321 1.035001
1.051757 1.006002
0.9164394 1.145437
0.9914301 1.008015
1.189439 1.016545
1.176691 1.218282
0.8908537 1.542467
0.9670239 1.882373
1.081265 1.992952
0.8520404 2.026385
1.010422 1.914029
1.085862 1.747709
1.19788 1.428949
1.138852 1.192619
0.9727012 0.9855382
0.831099 1.344966
0.9274573 1.398101
1.122315 1.709262
0.9825582 1.900877
0.9672207 1.0682
0.9012368 1.217761
0.8830537 1.342219
1.07108 1.288406
0.8771305 1.122241
1.001904 1.294205
1.167913 1.033741
1.04482 0.8365838
1.110716 1.083094
1.102627 0.8771
0.9696632 1.064348
0.8816074 1.091504
1.071173 1.187331
0.9926345 0.9482563
1.076922 1.176002
1.017463 1.114807
0.9695709 1.058543
1.02253 1.110488
0.9326857 1.220163
0.9077342 1.123807
1.216691 1.096208
0.8938503 1.118942
1.08443 1.097952
1.138387 0.8709799
0.8995256 1.172551
1.007305 1.003436
0.9469106 1.263923
0.9401592 1.273313
1.070039 1.098458
1.106429 1.109584
1.054439 1.369835
0.9664439 1.562523
1.162256 1.046653
1.0246 1.086907
0.9225758 1.816322
0.8312768 1.42495
1.26966 1.24095
1.019144 1.109362
1.089465 0.9957309
0.9276511 0.9860549
0.9412603 1.514186
1.082129 1.285163
0.9622333 1.150377
0.965334 0.9688599
1.057026 1.429859
0.9594902 1.188707
1.11572 1.089561
0.9946676 0.8475041
1.003596 0.9022969
0.9965211 0.8920165
1.065999 1.149897
0.920311 1.198774
0.9689739 1.05125
1.026191 1.46961
1.065601 1.351368
0.9209515 1.12322
0.9421604 1.423384
1.199258 1.348716
0.9800578 1.10361
1.1279 1.291572
1.036788 1.289906
1.237606 1.41118
0.8986707 1.245609
1.076167 1.078944
0.9969536 0.9916351
0.8071928 1.197346
0.953087 1.340005
1.130527 1.051013
1.060603 1.415481
1.062394 0.9985273
1.111437 1.022718
1.027371 1.233573
1.034276 1.244749
0.9569849 1.255966
1.094102 1.258676
1.009653 1.256221
0.9187089 1.271518
0.9715548 1.256615
1.240989 1.166354
1.064444 1.144968
0.945995 1.261157
1.246987 1.412741
1.036298 1.315484
1.17347 1.11466
1.056918 1.263633
1.071148 1.40978
0.9823515 1.355322
1.066471 1.108966
1.014346 1.051899
1.039361 1.048923
1.037491 1.351204
0.9226434 1.198351
0.8970827 1.895102
0.9303528 1.826074
0.8313495 1.383896
1.101432 1.164557
1.013806 1.391773
0.9275166 1.294158
1.054019 1.232362
1.129997 1.023499
1.000519 1.128164
1.11761 1.381581
1.072633 0.9856887
1.07841 0.7866181
0.9934598 0.767181
1.04723 1.138914
1.051343 1.200044
1.100567 1.230889
0.998487 1.175281
1.101243 1.106615
1.027723 1.318168
1.026488 1.319575
1.04656 1.068107
1.079099 1.281358
1.242589 1.306456
1.147378 1.098814
1.220868 1.12964
1.139405 1.327524
1.168881 1.695432
1.152304 1.538626
0.9197233 1.466553
1.087722 1.30601
1.180291 1.25487
0.9535004 1.22718
0.9323513 1.052749
0.9693013 1.129256
0.9051957 1.456476
1.103433 1.177149
0.9070703 1.219218
1.013234 1.291763
1.055003 0.942522
0.970628 1.145371
1.090193 1.110981
1.049935 1.231833
0.937782 1.202214
1.057157 1.287818
1.232454 1.368155
1.050509 1.651682
1.128462 1.404422
0.9873464 1.174454
1.122223 1.072326
1.053746 1.161512
1.080287 1.586351
1.135876 1.180898
1.015158 1.106518
1.067127 1.227875
0.9867621 1.067552
1.082276 1.081365
1.012683 0.9458806
1.181035 0.807709
1.043087 0.871764
1.078704 0.8718103
1.008657 1.26325
0.8249882 1.565798
0.9332269 1.753912
1.052158 2.143211
1.269267 1.953188
0.9938793 1.545123
0.852807 1.307636
0.9835395 1.379644
1.031971 1.224196
0.9007702 1.372601
0.9892279 1.672586
1.07313 1.740654
1.036608 1.168109
1.061956 1.238829
1.014852 1.152416
1.147766 1.096619
1.040314 0.9752175
1.098403 0.8751289
1.080296 0.8743101
0.9990652 1.147027
1.192318 0.9643592
0.9718245 0.8050066
1.067101 0.8053483
1.023807 0.727316
1.02427 1.143955
1.030209 0.9995953
1.109504 1.026531
0.9018441 1.405654
0.9312769 1.521346
0.9933004 1.517599
1.018323 1.777801
1.093738 1.126034
1.065096 1.430067
0.9520875 1.559615
1.232546 1.070019
1.015749 1.081446
1.063643 1.02349
0.9874201 0.9143809
1.150449 0.8260536
1.105363 0.8935981
1.056631 0.7952087
0.9956676 1.162524
0.9879467 1.077991
1.069509 1.155489
1.107045 1.347626
0.9261002 1.451468
1.123004 1.205578
1.004323 1.230161
0.9748925 1.095739
1.005856 1.05175
1.085981 1.134698
0.9907052 1.081772
0.9218039 1.010614
0.8844455 1.310598
1.013705 1.068742
0.9391548 0.9115095
1.091181 0.9654014
1.233564 1.025435
1.212286 0.9870391
1.201089 1.324379
1.192096 1.215888
0.9874972 1.10359
0.8060052 1.226654
0.942628 1.452163
0.8701628 1.14756
0.9963394 1.121638
0.9549655 1.2988
0.9374619 1.462424
1.034575 1.585489
0.8281584 1.336999
1.054683 1.161077
1.032434 1.305076
1.022922 1.084735
1.086224 1.360399
1.052993 1.387374
0.9745636 1.324335
0.9257779 1.489272
1.024397 1.260845
0.8892645 1.416117
0.9978824 1.230454
0.985478 1.201162
1.079 1.017426
0.9414251 1.30057
1.078915 1.056062
1.015754 1.156629
1.052907 1.214302
0.9785095 1.192499
1.011587 1.267386
0.9531258 1.271343
0.9364265 1.517868
1.128258 1.320547
0.9564055 1.678762
0.7478333 1.557696
0.9694677 2.034802
0.9347282 1.732708
1.028917 1.240602
1.023432 1.369154
1.027408 1.32231
1.004867 1.322879
1.25101 1.105191
1.096154 1.05658
1.133327 1.048642
1.128013 1.040578
0.97453 1.156454
1.081716 1.065925
1.208943 1.559353
1.027294 1.477369
0.9272438 1.42284
1.041954 1.32519
1.22058 1.489651
1.107246 1.229298
0.8932864 1.269563
0.9284731 1.547661
0.961453 1.425655
1.113792 1.101098
0.9481391 1.080377
1.06287 1.078683
0.9950164 1.017362
0.995139 0.8572925
1.136435 0.9543094
1.090032 0.8903823
0.9447189 0.9545287
1.03168 0.8547451
1.034578 0.8727889
1.061301 0.9013151
1.155798 1.05865
1.060917 0.9870092
0.8971201 1.266095
1.01186 1.1305
1.032121 1.158329
1.112984 1.093956
0.9891303 1.131175
1.029874 1.267383
0.9375243 1.342062
1.11741 1.429375
0.8857406 1.652952
1.013432 1.065407
1.075012 1.085256
0.9221151 1.122134
1.230324 1.197004
0.9386815 1.350095
1.080106 1.238072
0.8633641 1.460449
1.229994 1.399918
0.9167345 1.495634
1.002319 1.300666
1.193675 1.237623
0.942577 1.295713
0.8630388 1.550996
0.9741791 1.30856
1.146601 1.360012
0.9707548 1.41818
0.8422762 1.261832
1.037316 0.9792583
0.9132068 1.087243
0.9973878 1.047531
1.021327 1.043898
1.093856 1.101305
0.9365711 1.526769
1.040293 1.645643
0.836143 1.889044
1.047114 2.104184
1.018306 2.324636
0.8776241 1.56623
0.9833471 1.37307
1.023596 1.188732
1.121242 1.225156
0.8892661 1.567925
1.119586 1.43171
1.122803 1.249109
0.9313256 1.313645
1.063242 0.9489147
0.9107099 1.066779
0.9834924 1.170825
0.8709823 1.192332
1.059191 1.050601
1.215727 1.136731
0.9904932 0.8202899
1.091202 1.372948
0.9105345 1.156988
1.027825 1.476099
1.120099 1.521022
1.060064 1.452509
1.066608 1.442552
1.157222 0.8347696
1.014374 1.013056
1.062517 0.9524063
1.132886 1.132916
1.048049 1.135911
1.022931 1.13717
1.144755 1.5015
0.9203927 1.385834
0.9369763 1.333934
0.9164133 1.452339
0.9979878 1.022401
1.009702 1.022304
1.012796 0.9367715
1.192969 1.227624
0.8986356 1.183573
0.9874428 1.046528
1.038493 0.8110108
0.9816533 1.287258
0.9429222 1.757994
1.099654 1.309017
1.020001 1.414596
1.064817 1.2595
1.22366 1.496005
1.077024 0.94717
1.247536 1.319586
0.9561586 1.467646
0.9134731 1.406616
1.111768 1.34666
0.9981808 1.699833
1.012033 1.967093
0.8874266 1.844898
1.027953 1.446003
0.987102 1.338406
0.9749535 1.179268
1.020559 1.275333
0.97779 1.109124
1.17293 1.277574
1.022885 1.191635
0.918753 1.339393
0.938548 1.195134
0.9122975 0.9978147
1.079994 0.9881575
0.9790076 0.9169282
0.9760338 1.038104
0.9442232 1.44128
0.8869207 1.408906
0.9574371 1.261631
0.920905 1.262128
0.9484395 1.293685
0.9921087 1.113766
1.073395 1.048822
1.242406 1.065994
1.021696 1.1207
1.014229 1.320338
1.267878 1.366065
1.007813 1.752338
1.182163 1.883154
0.9257673 1.529591
1.049258 1.330961
1.125853 1.471724
0.9894965 1.114652
0.895195 2.114652
1.107002 1.391446
0.9988615 1.416
0.9727999 1.405103
1.063329 1.479974
1.023266 1.263153
1.042435 0.9845652
1.149753 0.8934583
1.024138 0.8872077
1.134499 1.23476
0.9959264 1.156523
1.116541 1.110834
1.08472 1.090875
1.090543 0.9171806
0.9241587 1.089336
0.9436721 1.155814
1.07976 0.9979479
0.9180447 0.9854811
0.9928269 1.093985
1.067892 1.284208
1.180651 1.343282
1.010065 1.507324
0.9524423 1.386611
0.7707283 1.47639
1.000722 1.07368
1.197927 1.150722
0.9606269 1.037926
0.99397 1.034049
1.065759 0.8998441
0.9374177 1.042473
1.05368 0.9313731
1.211187 0.9881877
1.138558 0.8769291
0.9215412 1.263282
1.025847 1.274324
1.022775 1.550169
0.9989171 1.228455
0.9639413 1.173821
0.9975981 1.104897
1.223087 1.171721
1.057792 1.178819
0.9747416 1.125578
0.8428821 1.385244
1.178803 1.335815
1.04464 1.194547
1.098289 1.219769
0.9743938 1.372962
0.9032375 1.334777
1.152766 1.320398
0.9762672 1.400169
1.203099 1.435827
0.8797288 1.61124
1.233995 1.661974
0.927743 1.549123
1.107392 1.099907
1.19823 1.065864
0.9606351 1.059334
0.9390296 1.029939
0.9811869 1.174739
0.8832673 1.383597
0.9895883 1.057556
1.017316 1.112913
0.8979914 1.058292
1.027358 0.9856573
0.910798 1.132528
0.8942733 1.483423
1.011606 1.255288
1.248919 1.181844
1.122419 1.02667
0.8330641 1.360814
1.187647 1.27095
1.028946 1.249246
1.12522 1.095535
0.946795 1.277359
1.104234 1.364771
1.04071 1.345045
1.147723 1.9389
1.009774 0.8085115
1.019476 1.074745
0.9880892 0.9108415
1.264882 1.016176
1.04953 1.008826
1.073747 1.351262
1.015655 1.612453
1.085805 1.282955
0.8342002 1.113073
0.8827519 1.33932
1.088494 1.240555
1.068294 1.143425
1.032773 1.055304
0.977662 1.42255
0.9711828 1.275059
1.016446 1.140927
1.112578 1.200599
0.9400063 1.503405
1.060738 1.245127
1.155247 1.175385
1.055519 1.2496
1.164641 1.205439
1.117498 0.9904066
0.964064 1.360404
1.026078 1.323485
0.96755 1.017027
1.059587 1.110382
1.030073 1.088424
1.019079 1.107342
1.061791 1.072696
1.003265 1.195569
1.069071 0.9690478
0.9831546 1.051045
1.107781 0.9341893
0.9219016 0.977084
1.178997 1.094167
1.026583 1.16205
0.9678392 0.9955046
1.190187 1.095382
1.086363 1.23429
1.05799 1.362749
1.105106 1.069593
1.185624 1.268445
1.092183 1.217779
1.049024 1.293988
1.002916 1.510693
0.9606575 1.405438
0.9790796 1.597419
1.199539 1.253994
0.9766786 1.230492
1.122514 1.324489
1.059467 0.9803202
1.160207 1.222889
1.197409 1.430196
1.010203 1.299584
1.21572 1.388147
1.02592 1.475837
1.038214 1.498433
0.919772 1.31399
0.8938981 1.480647
1.110196 1.08585
1.145834 1.409672
0.9842265 1.564911
1.004363 1.398985
1.094221 1.259978
1.138319 1.047239
0.9518004 1.09661
1.052324 0.9800125
1.083103 1.014777
0.950109 1.23745
1.016307 1.061796
0.9095734 1.212089
1.073445 1.168984
0.9482766 1.14077
0.9694188 1.36736
0.9187034 1.358516
1.045049 1.293731
0.8775499 1.423841
1.10444 1.474602
1.071756 1.343465
1.298039 1.189655
1.08202 1.390057
0.9970009 1.610045
0.9455724 1.520191
0.9363216 1.378604
1.0035 1.40091
0.9748586 1.082597
1.005243 1.190641
1.240742 1.215416
1.062573 0.95569
1.03031 0.90495
0.9662504 1.051142
1.074556 1.290413
1.057224 1.409432
0.9693322 1.118395
1.096992 1.661766
0.9735081 1.043022
1.027117 1.273156
0.9186036 1.363356
1.162524 1.30796
0.8820968 1.178816
1.052752 1.234173
1.128809 1.180739
0.9883365 1.099433
1.054453 1.013008
0.9052047 1.391784
0.8657112 1.393158
1.097531 0.8970418
1.154062 1.075913
1.242406 1.059619
1.092738 1.453569
1.165561 1.174818
0.9354007 1.193745
0.9409583 1.195579
0.9642473 1.044854
1.095705 0.9184916
1.058015 0.9068607
0.9482399 0.9947482
1.045196 0.9519775
1.065199 1.08774
1.009327 1.280265
1.0475 0.9594781
1.03388 1.002072
1.002806 0.9811533
1.079422 0.8463864
0.9685022 0.9224841
1.014415 0.8597776
1.013545 0.9014657
1.007792 0.953914
0.914927 1.026754
1.203939 0.9982205
1.055947 1.256162
0.9428202 1.037438
1.044399 1.121178
0.9764559 1.177803
1.020091 1.178087
0.9938895 1.215813
1.1907 1.183794
0.9531934 1.32738
0.9147671 1.251435
1.086851 0.8090047
1.050253 1.073
1.172969 1.334711
1.059477 1.087313
1.050689 1.623812
1.012689 1.388639
1.002492 1.359056
0.900613 1.380965
0.9972565 1.185534
1.092822 1.029791
0.9899335 1.16973
1.041891 0.9721021
1.05426 0.9954213
0.9741416 1.120522
1.051326 1.378297
1.241734 1.169309
0.9661403 1.484661
0.9877921 1.619383
0.8118255 1.429339
1.187564 1.748996
0.9521091 1.513339
1.133015 1.193158
0.9090158 1.206489
1.053605 1.419146
1.027734 1.181552
1.18701 1.268549
0.9146251 1.360486
0.9686806 1.302245
1.085117 1.471112
1.041335 1.60949
0.7963048 1.871444
0.8872016 1.618521
1.145013 1.109932
1.197921 1.043875
1.142821 1.216046
1.070244 1.032277
1.132507 0.8669556
1.017497 0.7775408
1.196268 0.9907618
0.9363553 0.9503669
1.021431 1.009342
1.080452 1.181667
1.094742 1.20978
1.029337 1.079031
1.050733 0.9780651
0.9286746 1.160767
0.9942876 1.189456
0.9030608 1.50839
1.134284 1.270371
1.033396 1.093929
1.059538 1.056192
0.9259946 1.161114
1.030091 1.150981
1.016152 1.242659
1.108575 1.476053
0.914528 1.601388
0.7279184 2.1996
0.9451772 1.552762
0.9072792 1.206217
1.080735 1.376644
1.003451 1.648919
1.032163 1.360553
0.9381425 1.40839
1.095427 1.283976
1.015193 1.648687
1.095986 1.405161
1.071993 1.732976
0.8913145 1.643224
1.131459 1.300037
1.01278 1.402683
0.9667976 1.518364
1.005978 1.181751
0.8987273 1.438924
0.8817267 1.187702
0.962014 1.134035
1.026334 1.385208
1.033161 1.387024
1.30704 1.031395
0.9945141 0.974866
1.087831 1.045601
1.009495 1.046335
1.018538 0.9195398
0.963382 1.011836
1.126938 0.9942456
1.048023 1.339851
0.974435 1.24758
1.026384 1.347555
0.9343534 1.616126
1.142243 1.13468
0.9873327 1.150668
1.020931 1.254912
1.009293 1.09263
0.8867387 1.193197
0.986106 1.130199
1.058065 1.050727
1.178805 1.172828
1.039053 1.312704
0.9736439 0.9781071
0.9203054 0.8936889
0.9319029 1.409588
0.9315955 1.468935
0.9580991 1.562426
1.020369 1.353368
0.9192171 1.395263
0.9275368 1.091566
1.132116 1.540426
1.088789 1.382448
1.208225 1.460991
0.9459304 1.454789
0.9116772 1.51189
0.9313009 1.316153
0.9728416 1.214813
1.126005 1.128344
1.026159 0.9777678
1.144169 0.9446387
1.020467 1.22954
0.8517976 1.713672
1.148425 1.287395
1.112896 1.223218
0.9859636 1.009945
1.16247 1.06757
1.237854 1.034581
1.0624 1.101689
0.9451936 1.063729
0.9653552 1.011735
0.9460687 1.323222
1.142771 0.9734242
0.9925941 0.8193644
1.112926 0.8891996
0.9637685 0.8408473
1.124051 1.135107
0.8577836 1.483295
0.9903551 1.401998
1.00679 1.552988
0.9317563 1.39111
1.030547 1.232825
1.110004 1.322845
0.9115694 1.454
0.9671826 1.347183
1.041998 1.515129
1.032295 1.377131
0.9301519 1.439305
1.050736 1.528306
1.063111 1.320974
0.9696483 1.331315
1.019612 1.283116
1.012946 1.188349
0.9468122 1.272988
0.9162982 1.701364
1.049119 1.430605
1.307238 1.532395
1.018557 1.378767
0.8665713 1.36186
1.069898 1.130109
0.9271466 1.367016
1.074983 1.094998
0.9613608 1.141881
1.249781 0.8835402
1.049861 1.085316
0.9741798 1.179039
1.058057 1.331285
1.001931 1.21666
0.9762043 1.436396
0.9910881 1.258568
1.073536 1.065063
0.9117307 1.26851
1.300876 0.9054503
1.048774 1.064214
0.9551099 1.273024
1.060854 1.358324
0.9901151 1.41221
1.115854 1.127743
0.9285726 1.27693
0.8838168 1.213118
1.0587 1.379912
1.063057 1.562569
0.9043161 1.396403
1.044341 1.160729
1.026959 1.19848
1.104985 1.190034
1.227872 1.534223
1.047237 1.076958
1.015123 1.05414
0.8964089 0.9476023
1.030726 1.009168
0.9452816 1.306217
0.9740256 1.116545
0.7758246 1.548026
0.8924392 1.47016
0.9754645 1.396952
0.9527321 1.195691
0.8610916 1.347656
1.047407 1.186561
1.04159 0.7646463
0.9810234 1.046482
0.9534216 1.123066
1.050516 0.8792484
0.9658879 0.9814443
0.9033977 0.9222416
0.9970092 1.109327
0.9140143 1.514189
0.9837021 1.091095
0.9734622 0.9418936
1.070573 0.9058993
1.055551 0.9709695
1.102911 0.9896133
0.9969722 1.117808
1.106225 0.9663112
1.047417 1.010467
0.9899434 0.906579
1.187223 1.013868
1.093147 0.9633545
0.9515662 1.179955
1.16205 1.100117
0.9814777 1.473312
1.115673 1.235461
1.018399 1.135046
1.093384 1.214337
1.001464 1.430688
1.117561 1.245993
0.9715983 1.348472
1.028676 1.219026
0.9602009 1.039561
0.992385 0.9355386
1.070792 0.8971424
0.9964017 0.9225228
0.9621659 0.9147118
0.8681488 1.123873
1.114715 1.114708
1.06795 1.188025
1.041733 1.168172
1.111696 1.194123
1.018246 1.193866
1.060347 1.272955
0.9644053 0.9736117
1.083119 1.001802
1.025975 0.9635816
1.037339 1.049102
1.147317 0.9369991
0.9881468 1.187217
1.111777 1.10062
1.032417 1.140997
1.096102 0.8987613
0.9756249 1.046242
0.9381458 1.402715
0.8527901 1.105696
1.106857 0.9221965
1.078195 1.164977
1.064552 1.060953
1.098197 0.9195122
1.050857 1.101555
1.113283 0.9789102
1.117994 1.64808
0.9131631 1.113363
1.024236 1.057827
1.09533 1.204506
1.122677 1.250028
1.084165 0.9779607
0.9936289 0.9857621
1.094507 0.9999918
1.002432 1.133727
1.102624 1.039323
0.9376101 0.9345437
1.203741 1.21716
1.090833 1.40743
1.054326 1.231602
1.078739 1.288752
1.004626 1.03886
1.084262 0.9516349
1.022824 1.165021
1.167791 1.05919
0.9502297 1.238254
1.032572 1.357951
0.9988284 1.293348
1.00634 1.46844
0.9559765 1.171383
0.9822732 1.067023
1.034552 1.26506
1.190066 1.096546
0.9446638 1.012536
0.9573566 1.113515
0.8818322 1.171883
0.8423143 1.187983
1.075516 0.9542469
1.081435 1.110394
1.157207 1.134783
1.001164 1.136342
1.012885 1.152242
1.080418 1.382962
1.15812 1.239621
1.092851 1.199814
1.021468 1.193534
0.9630821 1.16313
0.9497162 1.432207
0.9799886 0.9999049
0.9548231 1.450181
1.004653 1.310704
1.033804 1.101228
0.9417841 1.167896
1.005121 1.001519
1.370208 1.161861
0.9687724 1.125198
0.9828965 1.526109
1.23772 1.390404
0.9122165 1.481596
0.9609984 1.463147
1.225662 1.13843
0.9718785 1.203632
1.201679 0.974714
1.104418 1.248068
0.861622 1.261729
0.9471703 1.090935
0.9617509 1.220763
1.013915 1.254645
1.095447 1.0452
0.9482913 1.262413
0.938356 1.14078
1.088565 0.9519491
1.096862 1.050029
0.9573069 1.095574
1.073478 1.114531
1.103155 1.056102
0.9313722 1.050497
0.9974785 0.9871077
0.927126 1.307614
1.037205 1.179896
0.9923082 1.061941
1.000443 1.117311
1.048061 1.053957
0.9694701 1.090273
1.105713 1.300658
0.9091128 1.256605
0.8873855 1.031709
1.264084 1.268546
1.010984 1.2348
0.9377952 1.183337
0.8978235 1.262865
0.8991897 1.327497
0.9054037 1.252984
0.987314 0.9501784
0.8945204 1.292164
0.9198525 1.441174
0.9848305 1.224328
1.013428 0.9953238
1.002416 1.079061
0.9709144 1.088362
0.9983628 1.048477
1.111374 1.55923
1.022352 1.253692
1.085617 1.289019
0.9780064 1.437698
0.8800195 1.169974
0.9865691 1.165459
1.072258 1.02689
1.085222 0.927844
1.086284 1.122264
1.041971 1.291562
1.010222 1.010232
1.043066 1.275123
0.9790264 1.016131
1.106261 1.208225
1.086618 0.9485208
1.026895 0.8572072
1.078473 0.9183421
1.062862 1.365944
1.230286 1.145575
0.9458044 1.04826
1.324197 1.336836
1.243586 1.374289
1.020569 1.782633
0.7430391 1.732417
0.8627697 1.792868
1.152452 1.658576
1.027603 1.368825
1.040198 0.944943
1.09995 1.036843
1.015645 0.8533474
1.193292 1.108795
1.020225 0.8944315
1.12411 1.10281
0.9257941 1.3072
1.002742 1.209205
1.145034 1.28033
0.9725936 1.345521
1.065826 0.7281256
1.049574 1.003599
1.079798 1.194324
1.018871 1.196502
0.9799619 1.1609
0.9528632 1.318843
1.081724 1.116271
0.9880708 0.9794726
1.141344 1.002752
1.035777 1.037545
1.015264 1.107619
1.081367 0.8333664
0.9866696 1.123188
1.066986 1.18296
1.158026 1.378699
1.152828 1.43174
1.003399 0.9759642
0.9813498 0.854943
1.128832 1.074275
1.151803 1.123966
0.8425419 1.012446
1.080325 1.042809
1.140682 0.8647087
0.9292129 1.069448
0.9585975 1.489664
0.8944692 1.457587
1.121153 1.434587
0.8073983 1.239452
0.8944098 1.277239
0.9233172 1.310366
1.08744 1.429287
1.026702 1.499784
1.237624 1.570656
1.124901 1.587986
0.9548357 1.118262
1.039458 0.9759992
1.021618 1.206207
1.066612 1.250372
1.042108 1.291382
0.9784421 1.023556
1.06544 0.8729737
0.9934219 0.969249
1.034682 0.9796727
1.04704 1.165228
1.032565 1.17428
1.053328 1.013899
0.9886223 0.9843816
1.014697 1.201781
1.010867 1.374739
0.9491508 1.602103
1.104054 1.425684
1.017608 1.105279
0.9377251 1.150045
1.177243 0.8937984
0.9492736 1.060382
1.062982 1.313308
0.9376371 0.9952957
1.11306 0.9246144
1.048378 1.050482
1.20204 1.073354
1.026981 1.196704
0.9243086 1.204856
0.940312 1.18981
0.9845215 1.080474
0.9794388 0.8604426
0.9730305 0.858013
0.9694528 1.031216
0.9957259 0.960236
1.017218 1.209395
1.200668 1.061033
1.063193 1.025242
0.9214604 0.8693757
1.009216 0.8481799
0.9970191 1.230493
1.053907 1.520304
1.196186 1.380971
1.07267 1.425502
0.9054108 1.347023
1.176221 1.477071
1.00777 1.968757
0.9974056 1.556282
0.9206042 1.209582
1.063037 1.189754
1.042889 1.29852
0.8138413 1.629945
1.066078 1.372522
1.070362 1.184084
0.9738893 1.439818
1.067775 1.252351
0.9396696 1.113557
0.9561857 0.9211435
1.024888 0.9444792
1.037066 0.939599
0.9434588 1.02122
0.9772969 1.036503
1.048007 1.052647
1.140113 1.12167
1.02516 1.676616
1.039864 1.416067
0.9231641 1.50538
1.117232 1.420703
1.116593 0.8113633
1.105988 0.7102252
1.065507 1.073027
1.181388 1.201243
0.8796316 1.523099
0.8529183 1.456382
1.005551 1.364684
0.9865413 1.316328
0.8358616 1.243365
0.9682297 1.055371
0.9131868 1.371657
1.181637 1.105804
0.9426061 1.4368
0.9051442 1.362901
1.111216 1.23606
1.065967 1.041681
1.161899 1.032412
1.0721 0.9731503
0.9796642 0.9854804
0.9773111 1.104122
0.9599372 0.9353294
1.0456 0.7816929
1.077455 1.30143
1.13597 1.082825
1.101067 1.3247
0.9771955 1.316041
0.9485547 1.583839
0.9581529 1.439289
1.012919 1.505824
1.008864 1.088625
1.187295 1.314713
1.002731 0.9743364
0.9254555 1.081545
0.83821 1.083068
0.9438143 0.9731084
0.9709848 1.25765
0.9580314 1.258724
0.9999993 1.015174
0.9979893 1.176931
1.06818 1.174688
1.092093 0.7710803
0.9694168 0.7889939
1.093123 0.7969738
1.015174 0.7379171
1.019041 0.8441386
0.975891 0.9742274
1.184605 1.005351
1.181863 1.161134
1.104198 1.020917
1.204673 1.04085
1.159299 1.174548
1.123843 1.063549
0.8384546 1.389018
1.170185 1.044883
1.227198 1.333321
0.854053 1.271114
1.060621 1.150761
0.9872934 1.073325
1.108767 0.9792678
0.8743406 1.058479
0.9686224 1.056333
1.05927 0.839504
0.9452087 1.35665
1.145574 0.8133965
1.088555 1.092967
1.073559 1.134404
1.020962 1.120967
1.028998 1.016881
1.023284 1.10403
0.9310306 0.9753019
0.981038 0.9246025
0.940605 1.040284
1.018997 1.017915
1.003197 1.066827
0.9865926 1.195007
1.06507 1.349035
1.094438 1.475027
0.8971957 1.468078
1.031772 1.478306
1.153234 1.37372
1.320665 1.119785
1.063024 1.120543
0.9371879 1.362416
0.9969705 1.362806
0.9827039 1.2996
0.9247424 1.515433
0.8456124 1.50871
1.067377 1.439595
1.21314 1.398976
1.006334 1.326617
1.00275 1.110894
0.9773323 1.034595
0.9667299 0.9465357
1.109016 1.197759
1.097535 1.016819
0.9896258 1.200966
1.07114 1.024756
0.984511 1.048398
0.9949287 0.8917226
1.013568 0.9505299
1.082529 1.303433
0.9195479 1.493715
0.9110279 1.311489
1.090827 1.53129
0.9134391 1.210855
0.8662437 1.219961
0.9843163 1.040259
1.207716 1.322195
1.077755 1.090227
0.9569897 1.018173
1.150064 1.222725
0.9482468 1.558663
1.078005 1.378143
1.097173 1.237033
1.120841 1.164255
1.170492 1.13288
0.9709477 1.024355
1.003638 1.353895
0.9672141 1.404745
0.9578293 1.20405
0.9963369 1.122055
1.126213 0.878058
1.033528 0.9532083
0.9417189 1.361784
0.9437499 0.9625133
0.9937567 1.077411
0.9717876 1.05898
1.08275 1.089738
1.110846 1.1731
1.001572 1.350207
1.012914 1.445248
0.8705604 1.3305
1.016716 1.484238
1.103122 1.337335
1.317365 1.461204
0.9846928 1.234259
1.109207 1.071747
1.101374 0.9346881
0.9564446 0.8591813
1.011886 0.8967161
1.043373 0.8229529
1.042171 0.7216654
1.042213 0.9269324
0.907286 0.9934095
1.025056 0.9218269
0.9505416 0.8506993
1.020354 0.8921012
1.018758 1.164484
1.128818 1.10152
1.017619 1.289816
0.9956893 1.336942
1.080875 1.13092
0.9821439 1.214306
0.9785206 1.557712
0.9475705 1.29437
0.9313887 1.146323
0.9323912 1.078613
1.039211 1.126318
0.9189317 1.680615
0.7990737 1.377658
1.079098 1.068064
0.9934177 1.209135
1.003862 0.9528794
1.120115 1.069614
1.080525 0.9341438
0.926765 1.261523
0.9876675 0.8870584
0.9436226 0.8942811
0.9378939 1.037754
1.0077 1.098919
1.183826 1.268606
1.095143 1.221141
1.044388 1.280278
1.03369 1.164239
0.9293939 1.205744
1.021685 1.129314
1.110817 1.16812
0.9842496 1.060589
1.105654 0.78968
1.054295 0.8047783
1.166173 0.9320423
0.8920865 0.9402036
1.116862 1.144786
0.8587582 1.263577
1.009922 1.1092
1.036634 0.886793
0.9740313 0.9946811
1.032349 0.8872447
0.9347159 0.949744
1.068932 1.02988
1.010593 1.162674
0.9920944 1.236083
0.9610037 1.187765
0.9373268 1.406426
1.013738 1.308646
1.042646 1.035596
0.9555188 0.885179
1.307854 0.9755236
1.00114 0.9266823
1.062529 0.9695999
0.9496934 1.387657
0.9074217 1.598379
1.103878 1.331185
0.942935 1.654964
1.172943 1.454394
1.010725 1.270485
1.093049 1.274375
0.9902285 1.418871
1.00848 1.229462
1.040718 1.165347
1.013061 1.075961
1.03626 1.140693
1.209975 1.242439
0.9560648 1.267829
1.153215 1.148282
1.088519 1.057395
1.088108 0.9183481
0.8988892 0.92236
0.8918606 1.20473
0.9217972 1.422518
1.135869 1.342446
0.992244 1.567002
0.9959798 1.582607
0.8847291 2.049517
1.05699 1.99557
0.9509806 1.56516
1.111109 1.49954
0.9217217 1.86531
1.026265 1.917409
1.035906 1.824508
0.9186646 0.9764899
1.030774 1.013512
1.054915 1.072144
1.129105 1.073476
1.007895 0.8994042
1.035 0.9251929
1.06852 1.09711
0.9478747 0.9985793
1.042639 0.9156352
0.9692973 0.8093505
1.02833 0.937719
1.084927 1.18955
1.217589 1.062501
0.9925987 1.203444
0.9474794 1.270539
0.9555397 1.046628
1.039029 1.171203
1.050577 1.065039
1.08424 1.087763
1.155168 1.194678
1.049032 1.210124
1.000705 1.126329
1.074666 1.126028
1.034421 1.110707
1.120025 1.114703
0.9650568 0.9903776
0.9312387 1.20803
1.038495 0.9888365
1.014743 0.9992863
0.9948464 1.034949
0.9566857 1.103331
0.9389993 1.247822
1.237611 1.234588
1.141556 1.4463
0.9277205 1.325064
1.045429 1.138229
1.026647 1.003553
0.9120602 0.9437102
1.107471 1.119996
1.036675 0.8448148
0.9033062 1.149172
0.9995973 1.206307
1.009401 1.12233
0.9026241 1.050346
1.028467 1.084735
1.085209 0.7225333
0.9657309 0.9097327
1.043849 1.051333
1.118406 0.8910445
1.121622 1.003429
0.8846739 1.003792
1.026248 0.9157311
1.138223 1.067217
1.056836 0.8355068
1.033393 1.003483
1.084285 0.9244734
1.03628 0.7260719
0.9994882 0.7332989
0.9522322 0.8505426
1.008668 1.418857
1.092412 1.623431
1.038036 1.399224
1.092417 1.179967
1.091346 0.9823047
1.061023 1.066837
1.034648 1.026782
1.077598 1.123418
1.065639 0.9023651
0.9815458 0.9797174
0.8742937 1.039707
1.105827 0.9505205
1.104237 1.037571
1.049289 1.169984
1.110072 0.9910168
1.02538 1.019113
1.008248 1.380955
1.019006 1.245166
0.7365276 1.874245
0.9408172 1.938119
0.9608257 2.20364
1.05032 1.658597
0.9472467 1.674565
1.142811 1.546736
0.8384288 1.262418
1.14057 1.185241
0.992465 1.008191
0.8945854 1.153497
0.8982711 1.191645
1.037282 1.200476
1.017278 1.135712
0.9134585 1.29085
1.06824 1.523163
0.9349925 1.238287
1.073495 1.154083
1.078615 0.9544128
0.9473366 1.117746
0.9276909 1.299945
1.085902 1.280933
1.022634 1.554776
1.195504 1.612838
1.152241 1.430442
1.038356 1.109166
1.067556 1.122223
1.070404 1.125406
0.9592172 1.22887
1.115005 1.231444
0.9699313 1.27663
1.044297 0.9519152
1.03687 0.9996895
1.046598 1.123389
1.152287 1.180613
1.030023 1.512401
0.9490952 1.305761
1.065117 1.070968
1.070246 1.001824
1.01107 0.9187341
1.043399 0.955474
1.005461 1.042098
1.080965 1.132713
1.055468 0.9212362
1.037597 0.8913219
1.101697 1.291616
0.97569 1.590306
1.018556 1.229849
0.9004507 1.246533
0.9356435 1.089659
1.022065 1.117609
1.038594 1.332338
0.972314 1.251632
1.027803 0.997904
1.020649 1.238139
1.027712 1.127453
1.186061 1.139111
1.088337 1.176972
1.01254 1.062516
0.977058 1.286295
1.051288 1.23909
0.9308201 1.391864
0.884913 1.769478
0.9767359 1.451916
0.8983351 1.245126
0.8890969 1.225754
0.961332 1.11426
1.098025 0.7998685
1.049314 1.129147
1.207111 0.8490175
1.092811 0.8086168
1.061009 0.8133683
1.09073 0.9161215
1.107733 0.8495348
1.043418 0.9039674
1.09033 1.050988
1.234666 1.185555
1.100679 1.516111
0.8515121 1.098917
0.9911602 1.060822
1.063494 1.155324
0.9523828 0.875636
0.9449785 0.8829584
1.051816 1.350595
1.009321 1.57544
1.028484 1.784142
1.015345 1.356828
1.156775 1.222471
1.025837 1.051013
1.11633 0.9977393
1.00965 1.22284
0.8909487 1.020453
0.78344 1.563111
1.048141 1.434251
0.8676512 0.9143672
0.9770939 0.8254221
1.232773 0.800734
0.9905076 0.9262332
1.01073 0.9244331
0.9479405 1.020594
1.045664 1.139266
0.9666915 1.302724
0.9344581 1.17722
1.040508 1.082156
1.112876 1.139618
0.8777614 1.504521
0.7751852 1.322307
0.950366 1.331693
1.076688 1.340153
0.9598255 1.314922
0.8821488 1.075177
1.143358 1.156472
0.9964726 1.044005
0.997233 1.118985
1.040321 1.307995
0.9740727 1.291833
0.9019867 1.314058
0.913402 1.276689
1.2213 0.94858
0.9898787 1.137336
0.8569895 1.022217
1.005748 1.163112
0.9709712 0.9241187
0.9959808 1.003289
0.9334112 1.142192
0.8845776 0.9067082
1.113198 0.9031155
0.9862997 0.9873193
1.059497 1.279915
1.045416 1.112975
1.04419 1.192526
1.010666 1.166903
1.121619 1.315806
1.136939 1.121251
0.9551384 1.033654
1.089361 0.9324334
1.102361 1.148299
0.9615042 1.146097
0.981566 1.134104
1.131009 1.068027
0.9734041 1.175138
1.092132 1.248227
1.054741 1.189168
1.010149 1.09919
1.040065 0.9681266
1.108905 0.9866777
1.038314 1.13583
1.10789 0.7318307
0.9820182 1.088759
1.192483 1.130351
1.010796 1.046398
1.029358 1.014248
1.061243 0.982355
0.9541579 1.086238
1.125806 1.000297
1.062925 1.061276
0.8113683 1.621953
0.923371 1.204948
0.8559626 1.096683
1.059412 1.178201
0.9874702 1.678923
0.9035499 1.320834
1.105774 1.30367
1.020075 1.07004
1.011114 1.049661
1.129514 0.9448279
0.9909092 1.020392
1.108583 1.248843
1.051892 1.263145
1.17099 1.101342
1.033192 1.165751
1.088128 1.301961
1.024291 1.268142
1.038729 1.078584
1.124574 0.8541277
1.076717 1.015841
1.163607 1.15676
1.05701 0.9554204
1.085432 1.004017
0.9766848 1.300602
0.9871302 1.141216
1.085758 1.155246
1.07839 1.049134
1.113715 1.252728
1.030592 1.041475
1.044869 1.082554
1.080356 0.9871696
0.9526001 1.216384
1.023019 1.038148
1.052111 1.205827
0.9986344 0.8156037
1.152549 0.8414735
0.9960633 0.9130121
1.162837 0.9438301
1.244213 1.089146
1.138855 1.0309
1.045292 0.8950412
1.039692 1.027804
1.28624 0.9751268
1.116349 1.113192
1.077434 1.168851
1.005517 0.8469341
1.031561 1.170766
1.089987 1.005481
1.142737 0.871258
1.026099 0.920747
0.9647517 1.089891
1.092833 1.18865
1.041946 1.26217
1.045317 1.197295
0.9710509 1.030688
0.9520531 0.8271601
1.01139 0.8084603
0.9482574 0.8935409
1.065337 0.9921584
1.052308 1.197408
0.9766576 1.303634
0.9760507 1.439765
1.005332 1.241003
0.8357832 1.728933
0.950735 1.395284
0.9045519 1.265885
0.9505973 1.393647
1.116226 1.304408
1.034626 1.398076
1.1488 1.151875
1.032074 1.366663
0.9784643 1.434628
0.9405238 1.23866
1.083493 1.230054
1.190447 1.505208
1.021142 1.095854
1.120586 1.242053
1.074818 1.317661
1.038211 1.417981
1.013896 1.470372
1.242601 1.166545
0.8309359 1.510685
1.065719 1.558032
0.9205694 1.298658
1.003762 1.173914
1.004092 0.9921849
1.019431 0.9829703
0.9897784 0.9085588
1.065799 0.9191762
0.9387891 1.202772
1.115389 0.9563108
1.164521 1.21593
1.020806 1.046248
1.034104 1.135841
0.9349674 1.26071
0.9818631 1.358016
1.019466 1.195014
1.177752 1.388886
1.020221 1.308285
0.9652785 1.327866
1.076117 1.374049
1.107681 1.626634
0.9313695 1.349322
1.075828 1.339864
1.035574 1.59662
0.8718905 1.231867
0.9453161 1.40717
0.9948409 1.206906
1.114066 1.173364
1.005388 0.8256337
1.111345 0.9714612
1.000334 1.214703
1.164453 1.118727
1.016782 1.414647
1.376075 1.023063
0.9911073 0.8548304
1.05646 0.8707681
1.003348 1.055621
1.213599 1.051895
1.094875 1.116097
1.103195 0.9770295
0.9470303 1.049319
1.013629 1.052593
0.9547714 0.9668246
0.9544002 0.9621617
0.9761831 0.9273501
1.031761 0.8907339
1.023366 0.9364696
0.9947796 1.029939
1.023739 0.9307681
1.067789 0.9066328
1.095852 1.09477
1.02181 1.30539
1.031819 1.237991
0.9947835 0.9227608
0.966399 0.9017594
0.9489426 1.002059
0.976207 1.29384
1.074924 1.365048
1.061509 1.143777
1.052834 1.066862
0.9780702 0.9319792
1.043705 1.088356
0.9926946 1.333325
1.014272 1.234908
0.9011674 1.176341
1.08922 1.135549
0.8601862 1.065942
1.032056 1.331157
0.9935351 1.084068
0.9399334 1.038482
1.045516 1.122726
1.033894 1.073885
1.1386 1.293808
1.016535 1.803553
1.099089 1.422384
1.063015 1.16196
1.014605 1.514227
0.9711128 1.037649
0.9990637 1.415998
1.10523 1.08398
0.9925302 1.094895
0.9297012 1.203801
0.9201382 1.234697
1.079831 1.146677
1.033196 1.079332
1.13083 1.110822
1.121815 1.33021
1.114446 1.298772
0.9339498 1.422903
0.9867247 1.191947
0.9284524 1.199482
1.04377 1.290608
0.9921833 1.118966
1.122145 1.240246
1.009218 1.214239
0.9885996 1.114348
1.046355 0.9499797
1.013031 0.9560207
1.060731 1.069633
1.217603 1.243773
0.8749548 1.66168
1.172657 1.855367
1.047613 2.222096
0.9067826 2.180614
0.6911036 1.952392
1.042693 1.713778
0.9673187 1.435754
0.9362645 1.636947
0.8523987 1.644013
0.8667205 1.431929
1.108716 1.284732
0.944862 1.176873
0.9602178 1.121139
1.040199 1.135741
1.044444 1.230237
1.015418 1.197023
1.068406 1.160722
1.096681 1.232644
1.049889 1.066441
1.025175 1.040238
1.087472 1.143242
1.117217 1.064156
1.057991 1.109735
1.104965 1.180749
0.9236321 1.133608
1.103954 1.301572
0.9934338 1.348163
1.02995 1.153561
1.110969 1.322011
0.9871305 1.230069
0.9476568 1.29566
0.926108 1.039477
0.994666 1.224645
0.9421174 1.363525
0.8946367 1.377657
1.078877 1.061206
1.065717 1.012126
0.9473645 1.184694
0.8831727 1.267644
0.9296428 1.4874
1.183869 1.523114
1.140772 1.230679
1.07446 1.204275
0.9899962 1.277137
1.134167 0.9943847
1.085286 0.9871117
0.9830561 0.9683253
1.081637 0.8913269
0.9988967 1.029133
0.9044849 1.2778
0.9657195 1.078103
1.090089 1.771208
1.09254 1.829747
0.9580666 1.635256
0.8722724 1.72138
1.011638 1.670424
1.065711 0.9868718
1.149003 1.136029
1.089456 1.112243
1.178482 1.180003
0.9169007 1.179999
1.137198 0.9679387
1.025561 0.8327338
0.9813775 0.970329
0.9927873 0.9685299
1.102393 1.252796
1.129064 1.34245
0.796908 1.156686
1.016449 1.090382
0.990267 1.408031
1.017356 1.336858
0.954431 1.333804
1.024242 0.9751179
1.136424 1.021446
1.022346 1.165672
0.9508106 1.007637
0.9302115 1.144705
1.037911 1.098227
1.130883 1.195721
1.140748 1.139513
1.104729 0.7994004
1.057249 1.004057
1.082074 1.16099
1.006224 1.217434
1.096492 1.26579
1.079838 1.262618
1.077245 1.133838
1.201343 0.892189
1.000404 1.116967
1.09127 1.148353
1.062428 1.069873
0.9443876 1.141798
1.273655 0.9198058
0.9602282 1.57751
1.095478 1.433185
1.065722 1.589762
1.081696 1.507384
1.073904 1.172034
1.134185 1.113387
0.9852757 1.163223
0.9847245 1.2398
1.022399 1.125075
0.957568 1.339386
1.039558 1.174755
0.984329 1.019677
1.084862 1.272136
1.145081 1.302732
1.122548 1.269339
0.928006 1.117576
1.145639 1.806402
0.9757937 1.662026
1.023228 1.309263
1.18491 1.27481
1.207687 1.011698
1.08022 0.9492472
1.009989 1.055525
1.135521 0.9831911
0.9696985 0.9282384
0.9966624 1.109079
0.9396776 1.019527
1.034245 1.282014
1.019593 1.074226
1.002009 1.486785
1.201468 1.141921
0.9577474 1.173998
0.9725478 1.261148
1.032959 1.256453
1.030674 1.089649
1.21196 0.9297423
0.9725348 0.7636834
0.9732709 0.8321143
1.075249 0.8224787
1.021117 0.9901346
1.00793 0.9995047
1.125712 0.8928649
0.8761501 1.079146
1.156524 1.070288
0.9867811 0.8648238
1.116325 0.8933509
1.000365 1.19528
1.037972 1.121685
1.006109 0.9403842
1.022315 1.166846
0.9426123 1.202761
1.07471 1.00775
0.9401027 1.15211
0.8857019 1.211021
0.9614997 1.311595
1.026143 1.278249
0.8682798 1.081789
1.0882 1.153984
1.007642 1.156701
1.032797 1.214424
0.9530959 1.126102
1.079442 1.047986
1.152659 1.303539
1.084994 1.160059
1.12839 1.258783
1.09589 1.319799
1.209324 1.216097
1.103248 1.253066
0.8791972 1.060763
1.028756 1.168235
0.9308317 1.257019
1.027266 1.255873
0.9198665 1.250371
0.9854716 1.148599
0.9722378 0.9553284
0.8693397 1.168474
1.030001 1.221946
1.060629 1.337819
0.9451567 1.245438
1.390777 1.017905
1.027527 1.021733
0.9232823 1.164649
1.029641 1.130744
0.9244362 0.8740683
1.08893 1.158031
0.8712803 1.090967
1.098435 1.064779
1.086269 1.059221
1.22126 1.182771
0.9049474 1.531197
0.9293982 1.300581
0.8787369 1.397496
