"Delta_1" "Delta_2"
-3.459364 10.9225
-3.435741 10.14237
-3.18406 10.12967
-3.244117 9.817416
-2.885591 9.912256
-3.232725 10.17044
-3.142992 11.10869
-3.485608 9.741689
-3.600974 10.54592
-3.27947 10.43591
-3.346823 10.9816
-3.394525 10.32735
-3.554235 11.4702
-3.417607 10.98738
-3.647563 10.41538
-3.384834 10.12514
-3.410094 10.91736
-3.396519 10.55577
-3.192892 10.3922
-3.361885 10.95536
-3.718704 9.927941
-3.418698 10.8043
-3.349836 9.949212
-3.050398 9.991371
-3.31813 10.12831
-3.274132 10.64669
-3.220047 10.81256
-3.219434 10.56865
-3.244364 10.76516
-3.00952 11.42533
-2.76322 10.21777
-3.071729 10.04172
-3.249868 10.34616
-3.240333 10.0249
-3.211761 10.57112
-3.669723 10.04691
-3.472265 11.3605
-3.469253 11.35392
-3.543096 10.20811
-3.15788 11.54356
-3.214217 10.27653
-3.402307 10.18617
-3.507623 11.36229
-3.392371 10.51751
-3.508537 11.38314
-3.405316 9.752841
-3.471421 10.48917
-3.345228 10.28012
-3.422733 10.57845
-3.488957 11.41948
-3.025448 10.45916
-3.072921 11.04562
-3.149163 10.77358
-3.370714 10.65988
-3.463258 10.3211
-3.794177 10.71045
-3.886595 10.70123
-3.768914 11.29993
-3.784587 10.69131
-3.364565 11.1316
-3.173233 10.8942
-3.40724 10.67809
-3.225324 10.68155
-3.146567 10.1916
-3.388537 10.39682
-3.215875 11.31412
-3.337467 10.98502
-3.374009 10.45877
-3.636687 10.54598
-3.496804 10.59282
-3.838876 10.712
-3.314142 11.55754
-3.753985 10.52208
-3.839798 10.74197
-3.834518 11.17644
-3.975324 11.36449
-3.973746 10.89886
-3.600604 11.08878
-3.564785 10.24098
-3.328948 9.796947
-3.381125 10.4489
-3.706174 11.12893
-3.541273 11.17784
-3.63416 11.46348
-3.447922 10.9177
-3.388349 11.51224
-3.540058 10.45931
-3.614804 10.79749
-3.566318 10.58772
-3.484665 10.20321
-3.174069 10.47
-3.263997 9.703689
-3.447145 11.19804
-3.173762 10.37543
-3.268873 10.45075
-3.076553 10.75752
-3.307614 11.01656
-3.370314 11.70139
-3.085042 10.29952
-3.151032 10.91008
-2.887318 10.85852
-3.290027 10.7062
-3.151928 10.71319
-3.278123 9.905877
-3.389661 10.59721
-3.358584 11.29436
-3.224066 10.81378
-3.383917 9.974954
-3.222138 10.35042
-3.573668 10.61766
-3.592097 10.75607
-3.444784 10.59683
-3.5517 11.79738
-3.289443 10.95801
-3.328662 10.41165
-3.363387 11.39908
-3.342626 10.73119
-3.382815 11.17556
-3.529066 10.69532
-3.679755 10.61555
-3.511238 10.66762
-3.903065 10.5844
-3.581781 10.89301
-3.654143 10.95608
-3.81585 10.09284
-3.550347 10.55966
-3.700305 10.27149
-3.587572 10.43618
-3.294582 10.2819
-3.808027 12.18941
-3.982458 11.46646
-3.817114 11.53548
-3.778946 10.84318
-3.470372 10.03778
-3.68444 11.00454
-3.283243 9.958888
-3.518879 10.29154
-3.332641 10.40469
-3.731855 10.83503
-3.367395 11.77509
-3.551952 11.39379
-3.708029 10.8293
-3.752593 11.46447
-3.599641 10.50587
-3.455934 10.77007
-3.41974 10.53192
-3.563655 10.16946
-3.724802 10.2261
-3.650966 10.62675
-3.333028 11.5725
-3.053031 10.98392
-3.020511 10.10859
-3.335308 11.16148
-3.385186 11.20335
-3.366995 10.70755
-3.327288 10.58804
-3.484486 10.58672
-3.606295 10.69733
-3.365843 10.13066
-3.409751 10.53866
-3.558073 10.98935
-3.469335 10.81378
-3.323073 10.08913
-3.382537 10.19056
-3.388811 11.10689
-3.614491 10.47869
-3.708078 10.73788
-3.554914 10.21184
-3.559115 10.16737
-3.325264 10.89124
-3.507024 10.83081
-3.598446 11.18597
-3.452079 10.91571
-3.191687 10.52575
-3.023661 10.30801
-3.140237 10.85934
-3.424096 10.80353
-3.385022 11.00563
-3.668388 11.0703
-3.40341 10.54769
-3.500399 9.991189
-3.464049 10.36283
-3.607276 10.48328
-3.535117 10.62521
-3.25067 10.3721
-3.141184 9.870687
-3.142417 10.93101
-3.302905 10.76779
-3.244314 10.73734
-3.207948 10.24433
-2.94005 9.374573
-3.36185 10.00682
-3.181972 10.97089
-3.095871 11.22411
-3.202877 10.41457
-3.162881 9.811812
-3.334312 10.82007
-3.702319 10.41098
-3.246437 11.09217
-3.479911 10.87948
-3.374962 10.68996
-3.165936 9.93549
-3.59435 10.59325
-3.312957 10.87885
-3.438408 10.9455
-3.373167 10.71641
-3.509417 10.5669
-3.594155 10.53646
-3.457902 10.39582
-3.42742 10.13215
-3.54792 10.34336
-3.606436 11.41312
-3.407522 9.962045
-3.34802 10.75067
-3.634345 10.98833
-3.455625 10.85866
-3.15691 10.89636
-3.278501 10.2037
-3.175791 9.307109
-3.262034 10.05768
-3.617825 10.80062
-3.190348 10.28814
-3.294849 10.70912
-3.185605 11.06715
-3.315439 10.82712
-3.353606 10.64601
-3.565375 9.99482
-3.530621 10.00493
-3.642305 10.5337
-3.573243 11.83668
-3.36955 10.64621
-3.371921 10.71179
-3.353661 10.79941
-3.411384 11.10976
-3.571054 10.56204
-3.356701 11.18187
-3.306914 10.8055
-3.280319 11.37458
-3.576414 11.01808
-3.635063 10.53851
-3.378495 10.59264
-3.187207 10.22035
-3.161038 10.95494
-3.284993 10.39463
-3.175097 11.12081
-3.348523 10.07501
-3.079084 10.4318
-3.252101 10.27426
-2.898741 10.08385
-3.193113 11.17023
-3.243487 10.95684
-3.475326 10.62749
-3.385822 10.6745
-3.418164 11.00528
-3.212721 10.02733
-3.53961 10.68694
-3.826537 11.00259
-3.951333 11.07321
-3.989936 9.883288
-3.815025 9.865066
-3.223898 10.49336
-3.491226 10.26906
-3.520423 10.94539
-3.210926 10.72624
-3.31421 11.17262
-3.55268 11.13552
-3.516389 10.3959
-3.262702 9.975313
-3.377942 10.17892
-3.345288 9.838453
-3.164714 10.22375
-3.141923 10.13396
-3.090462 11.10409
-3.204855 10.8027
-3.302048 10.47453
-3.56489 10.65478
-3.444504 10.95458
-3.592719 10.69744
-3.442716 11.38491
-3.551121 10.97953
-3.227848 11.25198
-2.838973 10.27136
-2.738477 9.936676
-3.129874 10.70294
-3.228489 10.06596
-3.215543 10.33627
-3.386864 10.89574
-3.453812 9.889705
-3.286129 9.89092
-3.404648 10.35406
-3.278443 10.44963
-3.260215 10.76258
-3.364077 10.38673
-2.993683 10.30645
-3.194718 10.65975
-3.409579 10.75814
-2.955815 10.63558
-3.259479 11.61047
-3.549596 11.45529
-3.714225 10.80483
-3.674934 11.06222
-3.669244 10.23962
-3.656253 10.88775
-3.651006 10.48526
-3.66769 10.36164
-3.178345 11.52517
-3.36059 10.9957
-3.456584 10.43988
-3.447808 11.25161
-3.589585 11.00417
-3.546 10.62615
-3.683107 11.20061
-3.388243 11.21619
-3.385898 10.237
-3.713821 10.4175
-3.676265 10.65744
-3.531578 10.7683
-3.6011 10.90129
-3.91642 10.80221
-3.694946 11.32658
-3.893428 11.30457
-3.941764 10.81753
-3.912862 11.12056
-3.79398 10.63182
-3.623669 11.43154
-3.370312 10.81727
-3.452403 10.74671
-3.440529 10.10747
-3.856374 10.17007
-3.411177 11.01065
-3.603195 10.04081
-3.540874 10.68944
-3.728204 10.48072
-3.943643 10.61072
-3.823871 10.63847
-3.773475 10.18685
-3.693491 10.14359
-3.380014 10.83969
-3.32934 10.78629
-3.532055 10.6305
-3.232972 10.83238
-3.261576 10.33702
-3.146439 10.91886
-3.005481 9.484743
-3.251921 11.22424
-3.641527 9.807473
-3.463796 11.22939
-3.746223 11.09921
-3.657611 10.24897
-3.405898 10.63167
-3.42603 10.079
-3.411074 10.50283
-3.235585 10.36301
-3.409962 10.82421
-3.171875 10.22383
-3.46672 10.61876
-3.269411 10.69945
-3.083707 11.02777
-3.149645 9.667294
-2.77932 10.43163
-3.084942 10.10088
-3.263716 10.56278
-3.201451 11.15686
-3.132738 10.61584
-2.99569 10.38068
-3.066534 9.170014
-3.216282 10.23625
-3.377061 9.980767
-3.473776 10.23678
-3.330343 11.35507
-3.358784 10.31803
-3.420991 9.746673
-3.60281 11.60782
-3.843985 10.75897
-3.57479 10.72422
-3.528894 10.65315
-3.369597 10.42429
-3.073477 10.35391
-3.406756 11.0472
-3.435181 10.53213
-3.489597 10.8396
-3.660504 10.9451
-3.469488 11.27443
-3.284887 9.949514
-3.544473 10.02007
-3.338076 10.62955
-3.215603 10.81785
-3.357482 10.62978
-3.403189 10.26038
-3.493001 10.83514
-3.438165 10.59324
-3.224919 10.98426
-3.294073 10.45616
-3.404431 10.98878
-3.696483 10.66402
-3.49638 10.16394
-3.461558 9.827146
-3.212978 10.05038
-3.138294 10.5375
-3.268441 9.99808
-2.942646 9.709341
-3.015126 9.997902
-3.301456 11.78875
-3.463205 10.84314
-3.629258 11.06443
-3.452572 11.16814
-3.639366 10.77392
-3.152547 10.02352
-3.1141 10.05895
-3.665401 10.895
-3.375898 10.76614
-3.600323 10.82791
-3.393464 11.47737
-3.315204 10.72347
-3.502863 10.1307
-3.429209 11.23622
-3.641656 10.2774
-3.894044 9.885401
-3.60478 10.00986
-3.861038 10.6845
-3.859307 10.63713
-3.841691 10.75772
-3.552219 10.31958
-3.768523 9.956303
-3.478077 11.31023
-3.645793 10.66776
-3.509082 10.80969
-3.539226 9.582393
-3.485754 10.08168
-3.510669 10.63971
-3.559303 10.49275
-3.625567 10.20658
-3.573929 10.72373
-3.458663 10.87349
-3.280187 11.23891
-3.590928 11.19216
-3.133506 10.23053
-3.164557 10.39767
-3.011626 10.72268
-3.793635 10.139
-3.47634 10.77476
-3.289576 10.48962
-3.656061 9.679128
-3.138751 9.734016
-3.245903 10.57847
-2.71405 10.06151
-2.977711 10.81898
-3.126738 9.948846
-3.186729 10.39254
-3.37014 10.46654
-3.556912 10.8206
-3.320054 9.447826
-3.246332 11.07383
-3.557251 10.16162
-3.684932 10.33796
-3.537391 10.70832
-3.219704 9.806497
-3.623542 10.41939
-3.660313 9.838493
-3.572543 10.85764
-3.055448 10.29395
-3.262381 10.96977
-3.505842 10.50496
-4.048881 10.82283
-3.352216 11.2336
-3.489888 10.68184
-3.494689 11.27638
-3.594181 9.997754
-3.379341 10.96201
-3.427289 10.58162
-3.363778 10.19768
-3.396203 11.31708
-3.519909 10.75026
-3.220861 12.05976
-3.305512 10.75746
-2.976857 10.30594
-3.129642 9.548157
-3.211735 10.99178
-3.298727 11.2338
-3.244232 9.733796
-3.029001 10.53946
-3.226273 9.95957
-3.357306 10.47707
-3.169452 10.44919
-3.143061 10.33039
-3.189502 10.14583
-3.18304 11.59642
-3.603526 10.95432
-3.756726 11.22702
-3.39283 9.855767
-3.586784 11.05548
-3.239641 9.776992
-3.309338 10.36114
-3.056123 10.31581
-2.987006 10.56082
-2.947683 9.950663
-2.634246 10.37708
-3.427361 9.898089
-3.28685 9.969804
-3.193022 9.75329
-3.286532 10.6697
-3.067718 11.40012
-2.998992 10.07933
-3.293491 9.955595
-3.173975 9.924823
-3.178211 10.6199
-3.379659 10.15492
-3.034528 10.97745
-3.212874 10.67051
-3.105028 10.20274
-3.517512 11.19733
-3.371871 10.89279
-3.531909 11.38547
-3.483819 10.0382
-3.403683 10.2871
-3.935116 11.32757
-3.56824 11.39784
-3.767489 11.25014
-3.186678 11.35308
-3.215375 10.51252
-3.345305 10.60528
-3.336405 10.14152
-3.610561 10.27097
-3.466076 10.25532
-3.235753 10.27997
-3.067642 10.44
-3.325807 10.12273
-3.399755 10.56132
-3.279078 10.52072
-3.254287 10.39347
-3.34845 10.43388
-3.673793 10.88247
-3.639082 10.55886
-3.429474 11.04437
-3.598005 10.61307
-3.652349 10.58494
-3.435578 10.89626
-3.349468 10.73412
-3.295682 11.12795
-3.595863 10.6085
-3.854395 10.93469
-3.540212 10.75419
-3.641983 10.17459
-3.811826 10.51921
-3.568666 11.70575
-3.680609 11.12958
-3.304925 10.86519
-3.13443 10.87578
-3.368705 11.64829
-3.202238 10.07249
-3.618367 10.18503
-3.545965 11.34956
-3.590547 10.49722
-3.749881 10.20996
-3.385258 10.66645
-3.198971 10.24267
-3.303562 9.915593
-3.503456 11.07635
-3.385181 9.914666
-3.299587 10.28425
-3.269562 9.814306
-2.862838 10.13658
-2.735419 9.78966
-2.908418 9.463254
-3.233273 11.08024
-3.163822 11.00223
-3.356478 10.38286
-3.443892 10.55064
-3.363565 10.54262
-3.281757 10.06967
-3.661299 10.68268
-3.587229 10.69785
-3.198369 10.29727
-3.387774 11.22529
-3.348814 10.58663
-3.364665 9.731338
-3.183735 10.10397
-3.219794 9.745679
-3.399673 10.44871
-3.074678 9.962904
-3.185759 10.50177
-3.308507 10.14292
-2.933388 9.852337
-3.43989 10.55793
-3.49207 10.37344
-3.272263 11.17414
-3.288225 10.71883
-3.218583 10.2558
-3.166448 10.32034
-2.986207 10.50264
-3.050437 10.65333
-3.217348 10.61762
-3.670082 11.65164
-3.67037 10.95311
-3.417702 10.56034
-3.372018 10.53632
-3.443008 11.25279
-3.360322 10.36739
-3.553856 10.84755
-3.707384 11.27703
-3.605751 10.89765
-3.398612 10.57124
-3.23106 10.60669
-3.274122 9.945618
-3.506666 10.20839
-3.598581 11.63579
-3.617638 10.88435
-3.714158 11.36894
-3.514684 10.86784
-3.165072 9.812293
-3.274504 10.79385
-3.238325 11.30478
-3.079632 10.38588
-3.258968 10.93203
-3.829841 11.03733
-3.343051 10.17194
-3.446368 11.13433
-3.660917 10.35812
-3.579189 9.682919
-3.631346 10.69833
-3.693378 11.25649
-3.450286 11.05343
-3.162892 10.73576
-3.048795 11.06618
-3.423032 10.40847
-3.459084 10.99469
-3.470538 10.26404
-3.586012 11.30943
-3.314536 11.02584
-3.431146 10.29142
-3.19461 10.66674
-3.584018 11.3131
-3.734764 11.06
-3.792208 10.74223
-3.273262 10.59786
-3.05984 10.51911
-3.414128 11.04641
-3.311611 10.11789
-3.192887 10.66248
-3.484813 11.09927
-3.296746 10.65603
-2.987693 11.26222
-3.292426 10.36605
-3.346874 11.15367
-3.588866 10.78557
-3.063143 10.99291
-3.280302 10.76499
-3.13076 10.23244
-3.026241 10.14807
-2.977612 10.51711
-3.024739 11.12796
-3.059511 10.31002
-3.159435 10.72958
-3.358336 11.70815
-3.678277 11.56137
-3.551637 10.8511
-3.729091 10.64269
-3.485734 10.45868
-3.274961 11.11719
-3.330466 10.60906
-3.271188 10.80489
-3.152569 10.61665
-3.583855 10.68518
-3.659674 11.62316
-3.997219 11.08257
-3.723287 11.37601
-3.380886 10.28389
-3.23102 9.7951
-3.01406 10.8222
-3.268188 10.93762
-3.492356 10.92441
-3.544504 11.37284
-3.688903 11.00296
-3.478406 10.35109
-3.514789 11.24286
-3.405622 10.9137
-3.225573 10.38273
-3.11964 10.09258
-3.363375 10.38872
-3.345794 10.90481
-3.280715 10.61859
-3.507377 10.48236
-3.323528 9.967492
-3.576304 10.19309
-3.430066 11.11761
-3.28774 11.73172
-3.133887 10.24833
-3.258231 10.58833
-3.25675 9.93989
-2.92122 10.68791
-3.118131 10.44089
-3.167604 11.16715
-3.487368 9.925846
-3.359123 10.16098
-3.289258 10.44227
-3.244097 10.12745
-3.173157 10.16298
-2.99887 10.31348
-3.111796 10.77799
-3.245317 10.65718
-3.184392 10.57476
-3.2444 10.35107
-3.366965 10.91065
-3.590395 10.84933
-3.649769 10.7093
-3.344849 10.60133
-3.249975 10.57992
-3.053795 10.45612
-3.484963 10.74875
-3.315469 10.57736
-3.592618 10.52831
-3.831811 11.17942
-3.497777 10.69126
-3.406613 11.05934
-3.512186 10.61949
-3.345531 10.09117
-3.904025 10.98182
-3.87808 11.52856
-3.577235 11.05486
-3.96464 11.28975
-3.591377 10.63826
-3.377034 10.39764
-3.539078 10.45808
-3.568836 10.43864
-3.526806 9.838911
-3.351121 10.63484
-3.3649 10.22422
-3.471036 10.37965
-3.172052 10.75582
-3.336384 10.61065
-3.245271 10.97576
-3.118087 10.39973
-3.110732 10.19301
-3.668316 10.21505
-3.37759 11.17173
-3.550816 11.28726
-3.253882 10.56752
-3.301967 10.33662
-3.390434 11.34839
-3.491933 10.9987
-3.172945 10.0495
-3.395233 10.26747
-3.431271 10.39936
-3.049137 10.39543
-3.399412 10.56873
-3.405643 10.32611
-3.134149 11.32468
-3.241396 11.25103
-3.207051 10.38856
-3.001273 10.4317
-3.014624 9.576248
-3.171622 10.87768
-3.373554 10.67029
-3.392743 11.341
-3.439494 10.7383
-3.126819 10.2378
-3.132534 9.914069
-2.973065 10.01047
-2.981857 10.00909
-2.869425 9.829921
-2.87947 10.27397
-3.089399 9.33907
-3.063952 9.351762
-3.244556 10.79171
-2.997683 10.90655
-3.153121 10.38185
-3.22157 9.276152
-3.101888 10.50251
-2.664211 11.21609
-3.295188 11.13256
-3.500643 10.76967
-3.420213 10.15468
-3.261101 10.72479
-3.279302 10.86366
-3.333347 10.71074
-3.104315 10.09048
-3.117413 10.37812
-3.098859 10.28692
-3.24987 10.45875
-3.156176 10.63939
-3.233647 9.93898
-3.280717 11.12458
-2.981978 10.26603
-3.277632 10.90898
-3.167895 11.53501
-3.068069 9.803932
-3.346273 10.40512
-3.256768 10.57718
-3.138607 10.65932
-3.224946 10.47016
-3.450006 11.32721
-3.191172 10.88279
-2.949117 11.28574
-3.10693 10.43352
-3.080145 10.08431
-3.231769 9.856957
-3.50043 11.45824
-3.471323 10.27502
-3.674538 10.93838
-3.567918 11.07353
-3.644732 10.87462
-3.714673 10.66907
-3.740553 10.84477
-3.602703 10.65779
-3.883192 11.08061
-3.705533 10.61818
-3.975014 11.07643
-4.048203 12.37905
-3.970635 11.03691
-3.7709 10.77876
-3.667641 11.679
-3.761709 10.69734
-3.818793 11.23546
-3.829779 10.29119
-3.679338 10.72604
-3.767906 10.82631
-3.433369 10.4593
-3.538028 11.0639
-3.6813 10.12911
-3.645724 10.49518
-3.54999 9.86555
-3.425216 10.75786
-3.182641 11.12772
-3.378023 10.50689
-3.475141 11.09689
-3.191037 10.82568
-3.263911 11.01862
-3.131252 11.09793
-3.097537 11.10395
-3.423303 11.09387
-3.663189 10.0928
-3.767233 10.90981
-3.599111 10.86683
-3.37541 10.96507
-3.470954 9.864649
-3.166641 10.62767
-3.273399 9.364513
-3.267814 10.50965
-3.391589 10.00638
-3.347768 10.30214
-3.652628 10.22742
-3.671747 10.66958
-3.483769 11.26242
-3.866297 10.71975
-3.447307 11.6635
-3.861655 11.06286
-3.620015 11.45712
-3.763017 10.1938
-3.785618 10.63753
-3.633905 10.7857
-3.361683 11.44802
-3.193379 10.38602
-3.562467 11.942
-3.865657 11.42568
-3.884091 11.8365
-3.531283 10.98175
-3.196224 11.07156
-3.192431 10.45473
-3.557911 11.2787
-3.415751 10.06444
-3.347639 10.26328
-2.969084 10.56898
-2.762186 10.23423
-3.435685 10.67101
-3.368955 9.673928
-3.266803 9.930271
-3.155509 10.38286
-3.40053 10.79271
-3.594435 11.33064
-3.479396 10.19061
-3.340173 10.94296
-3.221373 10.59227
-3.497028 10.63083
-3.804793 10.75965
-3.658687 10.35482
-3.625222 10.52562
-3.485076 10.34587
-3.037033 10.13347
-3.128843 10.81887
-3.13631 10.82703
-3.233618 10.56428
-3.280784 11.08365
-3.484461 11.22244
-3.209286 10.12583
-3.570815 10.43839
-3.558412 11.09385
-3.13423 10.49663
-3.220101 10.012
-3.332609 10.3904
-3.329883 9.720737
-3.503073 10.77575
-3.6111 10.15499
-3.665166 10.79546
-3.358259 10.90365
-3.040859 10.7242
-3.312846 9.996704
-3.028349 11.01118
-2.934025 10.71583
-2.829797 10.15045
-2.923227 10.2857
-3.217193 10.61707
-3.08517 10.70744
-3.374824 10.65714
-3.881249 11.55985
-3.426018 11.16906
-3.223481 10.25653
-3.236986 10.64709
-3.401099 10.9848
-3.439576 10.26249
-3.266418 10.60433
-3.204723 10.84599
-3.429144 11.20885
-3.286325 10.89868
-3.340786 10.19097
-3.283937 10.28593
-3.126772 9.959386
-3.389664 10.97991
-3.076808 10.98105
-3.084366 11.00781
-2.958452 10.94776
-3.099499 10.31522
-3.447399 10.33113
-3.664863 11.36135
-3.599329 11.11827
-3.751068 11.01236
-3.936425 10.33053
-4.126599 10.94265
-4.133215 11.49007
-3.836892 10.76164
-3.72338 10.59945
-3.890565 11.35445
-3.629241 10.93024
-3.480478 10.74443
-3.475088 10.74509
-3.436493 11.16287
-3.300115 9.825683
-2.887116 10.78849
-3.225879 10.54388
-3.072332 10.46333
-3.139975 10.12944
-3.366305 10.20399
-3.352293 11.38127
-3.791559 10.53166
-3.824732 10.72627
-3.93549 10.76335
-3.780247 10.2219
-3.569682 10.75206
-3.340812 10.61406
-3.655015 10.41582
-3.556823 11.59769
-3.640361 11.66194
-3.75881 11.68414
-3.425515 11.12072
-3.230406 10.38981
-3.452388 10.9748
-3.269268 10.32825
-3.264576 10.13093
-3.424524 10.27664
-3.51384 9.848392
-3.461789 10.27684
-3.272654 9.892768
-3.296364 10.61059
-3.365859 11.8214
-2.995473 11.46683
-3.474788 11.06837
-3.176976 10.68114
-3.117664 10.15537
-3.005583 9.864459
-3.328487 10.95511
-2.858105 9.771513
-3.372118 10.67415
-3.226187 10.63623
-3.079073 9.827642
-3.101608 10.4664
-3.139664 10.5605
-3.087482 10.09299
-3.163162 10.38577
-3.302334 9.989199
-3.162707 10.31698
-2.901467 9.968451
-2.998514 10.20782
-2.676992 10.49309
-2.877445 9.976266
-3.382795 10.57215
-3.33676 11.30785
-3.288627 11.26746
-3.080739 10.76259
-3.212514 10.79719
-3.392959 10.2643
-3.737747 9.143595
-4.270073 10.63612
-3.423333 10.65791
-3.042809 11.35752
-3.222412 11.23966
-3.675642 10.7436
-3.764297 10.86856
-3.595992 11.08068
-3.431612 11.4972
-3.524861 10.66474
-3.153245 10.9546
-3.329811 10.55879
-3.305 11.18845
-3.215337 10.73981
-3.181854 10.41063
-3.313081 10.52847
-3.126419 10.46746
-3.006876 10.36097
-3.234253 10.38052
-3.334615 10.76379
-3.140538 9.939589
-3.272091 11.10901
-3.225229 11.02949
-3.228428 10.30506
-3.212934 10.31272
-3.223187 9.88853
-3.416851 10.34282
-3.359443 10.74889
-3.326815 11.05961
-3.612839 10.49077
-3.607927 10.49697
-2.847141 10.5367
-3.076957 9.825494
-3.236709 10.71172
-3.446168 11.1256
-3.358366 10.32279
-3.516599 10.61299
-3.30358 10.68502
-2.847432 10.78432
-2.761024 11.12699
-3.125383 10.81544
-3.368478 10.32915
-3.120739 11.11726
-3.741122 11.29724
-4.156158 11.06213
-3.51524 10.80017
-3.527551 10.55243
-3.729862 10.41648
-3.637947 11.7346
-3.671655 11.07066
-3.497941 11.93228
-3.58042 10.65447
-3.568573 10.54052
-3.270934 9.818983
-3.18874 10.03942
-2.945511 10.33083
-3.175454 10.09457
-2.810052 10.44938
-2.897994 9.644153
-3.530828 11.24593
-3.431183 10.87753
-3.330834 10.76179
-3.616126 11.29924
-3.603837 10.60185
-3.207946 11.26189
-3.464392 10.82486
-3.70022 10.4585
-3.676668 11.05931
-3.526396 10.54106
-3.547553 10.5957
-3.384333 11.44794
-3.475395 10.50928
-3.496445 10.85537
-3.734022 11.21086
-4.121953 10.94883
-3.848851 10.83773
-3.85327 9.971587
-3.73012 11.00412
-3.38441 10.96006
-3.142507 10.04964
-3.239932 10.11149
-3.754389 10.03136
-3.370634 11.05482
-3.510098 10.05893
-3.134753 9.791498
-3.019212 11.0804
-3.040872 10.5757
-3.460142 11.25014
-3.358565 9.607483
-3.508264 10.16356
-3.372675 10.24436
-3.170999 11.18845
-2.92456 10.59299
-3.061149 10.26797
-2.908595 10.59222
-3.224592 11.01436
-3.329666 9.450255
-3.467961 10.45079
-3.359594 10.05407
-3.366478 10.82467
-3.37573 10.40614
-3.455133 10.82491
-3.572777 10.93809
-3.315164 11.09508
-3.274545 10.23542
-3.286559 11.04008
-3.661525 11.06081
-3.520244 10.34396
-3.273906 10.48511
-3.314544 10.96138
-3.234253 9.958734
-3.252136 10.42295
-3.333394 11.13732
-3.55945 10.72043
-4.104687 11.057
-3.467605 10.26801
-3.406457 10.95388
-3.521839 10.14063
-3.021191 10.84839
-3.023167 10.78558
-2.891464 10.39186
-3.263581 11.45027
-3.379131 11.47148
-3.572928 10.85582
-3.559449 10.55763
-3.183766 9.983247
-3.484213 10.31552
-3.277032 10.60367
-3.355965 9.936844
-3.921237 11.46141
-3.346644 10.26261
-3.414957 10.93798
-3.562476 11.28829
-3.480571 11.04057
-3.07232 10.77938
-2.954674 10.70103
-3.31246 10.12911
-3.209531 10.51673
-3.189119 10.14422
-3.128912 10.45635
-3.216691 11.00088
-3.473736 10.85211
-3.294712 10.51905
-3.432403 10.35203
-3.619108 10.77658
-3.914184 10.46681
-3.645758 10.96039
-3.420665 10.46863
-3.479823 11.32167
-3.282594 10.81797
-3.270839 10.68594
-3.476056 10.75368
-3.430837 10.99305
-3.607209 10.62592
-3.410568 10.29661
-3.246882 10.83921
-3.022402 10.05669
-3.228141 9.771542
-3.203338 10.02836
-3.151322 9.927549
-3.423402 10.33647
-3.545865 10.52569
-3.676351 10.76614
-3.155633 10.25802
-3.599656 10.79439
-3.71565 10.93717
-3.727259 10.8216
-3.325283 10.93226
-3.58578 10.63271
-3.786271 10.83149
-3.243278 9.98348
-3.397182 11.3617
-3.328444 10.34436
-3.474799 10.14176
-3.784824 11.58274
-3.746961 10.99826
-3.529444 10.64189
-3.445922 10.19399
-3.29816 10.73626
-2.809136 10.5138
-3.290825 11.02921
-3.280001 10.63406
-3.529439 10.48485
-3.594465 10.07712
-3.553549 10.69249
-3.871382 10.61211
-4.250146 10.82053
-4.053598 11.14748
-4.204091 10.83878
-3.818688 10.14658
-3.424715 11.35336
-3.346269 10.55236
-3.156309 10.27845
-3.048948 10.2396
-3.176003 10.5766
-3.366799 10.5667
-3.262034 11.47596
-3.149673 10.43617
-3.502942 9.712885
-3.190887 9.921705
-3.42779 11.01575
-3.813475 11.21452
-3.814374 11.56996
-3.501951 10.85562
-3.629426 10.43896
-3.401749 10.12587
-3.382476 10.44928
-3.456659 10.59746
-3.55151 9.317464
-3.617155 10.83495
-3.442665 10.90876
-3.147384 11.17171
-2.933497 10.89775
-3.411567 10.27849
-3.334457 10.29775
-3.638122 10.19716
-3.717421 10.5298
-3.599878 11.05777
-3.103269 11.26806
-3.464187 10.92681
-3.449075 10.22478
-3.138037 10.94074
-3.520717 10.31904
-3.138463 10.48234
-3.566961 11.03138
-3.655801 10.70268
-3.32863 10.77256
-2.961448 10.48781
-3.160511 11.6801
-3.185426 11.01327
-3.161201 10.01358
-3.369436 10.51253
-3.322904 10.46833
-3.076298 10.27083
-3.028781 10.53795
-2.87214 10.62347
-3.047503 9.906924
-2.782374 10.19722
-2.650267 9.654019
-3.144417 10.181
-2.975514 10.82327
-3.12835 10.43422
-3.243848 10.15682
-3.518847 10.17167
-3.354879 10.57326
-3.231823 10.71397
-3.176653 10.7169
-2.95747 10.68885
-3.625371 10.36694
-3.374653 11.24047
-3.638954 10.6774
-3.47932 11.12881
-3.35345 11.12051
-3.07207 10.38143
-3.278582 9.731516
-3.147486 10.26991
-3.092263 10.33406
-2.946345 10.72353
-3.507261 10.92129
-3.579487 10.13228
-3.425329 10.56355
-3.382626 10.96929
-3.283212 10.56499
-3.384805 10.6757
-3.395265 9.890637
-3.352959 9.930995
-3.409096 10.57858
-3.438485 10.55637
-3.658703 11.83908
-3.725456 10.36171
-3.829847 10.42273
-3.900086 11.07669
-3.757532 10.73737
-3.526441 10.87031
-3.304056 10.21812
-3.564351 10.0024
-3.716781 9.979553
-3.844933 10.67342
-3.59564 11.20525
-3.734158 10.45951
-3.621249 10.55471
-3.904136 10.55006
-4.072415 10.70424
-3.757096 11.31661
-3.65972 10.51967
-3.450182 10.13814
-3.460034 9.743869
-2.988891 10.29848
-2.920124 10.79928
-3.124601 9.770178
-3.27303 10.86052
-3.617507 10.64119
-3.704624 11.12121
-3.838728 10.6665
-3.302554 10.85141
-3.641848 10.81625
-3.41333 11.09302
-3.480095 10.22841
-3.31936 10.30383
-3.07194 10.83696
-3.391351 10.49748
-3.674704 11.00431
-3.690938 10.97563
-3.34302 10.56578
-3.184284 10.848
-2.916826 10.59596
-3.138069 10.57805
-3.137179 10.22734
-3.461392 11.19935
-3.763806 11.24704
-3.678465 10.51577
-4.041569 10.83273
-3.979098 11.82067
-3.467373 11.22947
-3.162581 10.61723
-3.315339 11.47922
-3.086595 11.36475
-3.135895 10.3372
-3.303814 10.8851
-3.560283 10.35227
-3.285898 10.2805
-3.198245 10.83414
-3.241021 11.37704
-3.927225 11.5336
-3.798158 11.1815
-3.465828 11.07996
-3.561302 9.909272
-3.773869 10.65162
-3.323981 11.03839
-3.396703 11.24754
-3.320348 10.76665
-3.277687 10.50313
-3.715895 10.8933
-3.411401 10.60955
-3.952848 10.69472
-3.886928 11.43846
-3.956006 10.71272
-4.184365 10.5489
-3.976252 10.80625
-3.802955 12.0981
-3.772054 10.75767
-3.429976 10.86749
-3.453003 10.99296
-3.611016 11.62868
-3.595435 10.92247
-3.737116 10.33716
-3.560393 11.78545
-3.686326 10.58536
-3.671577 11.14495
-3.156143 9.813099
-3.122058 10.17203
-3.186892 10.14936
-3.493758 10.2273
-3.448528 10.24164
-3.487256 10.74644
-3.363337 10.2224
-3.485564 9.921496
-3.665889 10.56699
-3.350427 10.30094
-3.749335 10.64302
-3.160093 11.47374
-3.52997 11.07006
-3.540029 11.95465
-3.430314 10.83561
-3.390505 11.62975
-3.465881 11.29999
-3.564245 10.43523
-3.601904 10.21775
-3.535738 10.13038
-3.524713 11.34607
-3.673804 10.43509
-3.399361 9.72929
-3.135114 10.22222
-3.131918 10.41057
-3.164825 9.991054
-2.92664 9.933641
-3.127034 11.38058
-3.218011 10.47446
-3.331903 10.73873
-3.433989 11.0541
-3.337276 10.03737
-3.55042 10.69052
-3.541935 10.33055
-3.692046 10.2521
-3.695238 10.29323
-3.295199 10.64269
-3.19037 10.98741
-3.222589 10.82706
-3.138939 9.412454
-3.11084 10.09665
-3.480816 10.47087
-3.190747 10.79441
-3.77693 10.12039
-3.378654 10.75812
-3.707088 9.906675
-3.837525 10.97939
-3.79237 10.33863
-3.884073 11.62964
-4.131967 11.3556
-3.932257 9.866128
-3.516262 10.10835
-3.312602 11.05481
-3.120011 10.44817
-3.310783 10.47564
-3.102454 9.708616
-3.147278 10.86793
-3.539829 10.02922
-3.772166 10.50555
-3.692962 9.924967
-3.468594 10.13514
-3.194988 10.79801
-3.433996 10.12802
-3.5241 11.80109
-3.845032 11.23784
-3.723787 10.02707
-3.779416 10.39038
-3.838124 10.80914
-3.985397 10.66236
-3.812381 11.19895
-3.885058 11.09938
-3.390772 10.45967
-3.312512 10.93233
-3.336862 10.50779
-3.191401 9.49539
-3.26886 10.05563
-3.615398 10.54239
-3.218662 11.40962
-3.353213 11.03881
-3.661939 10.71837
-3.568964 9.733084
-3.539143 10.52088
-3.579775 10.98514
-3.504819 10.39446
-3.728532 10.94475
-3.541133 10.74362
-3.657035 10.73381
-3.920557 10.57267
-3.546341 11.09834
-3.501889 10.29541
-3.633479 10.02087
-3.505536 10.16058
-3.618491 10.82485
-3.967068 11.03099
-3.732527 10.90288
-3.480049 11.0016
-3.198538 10.52281
-3.486448 11.07768
-3.555153 10.75894
-3.315695 10.73809
-3.279316 10.52708
-3.620359 11.42198
-3.47323 11.50026
-3.39676 11.10313
-3.352883 10.49964
-3.358061 9.937751
-3.279381 10.43231
-3.153106 9.599189
-3.197677 9.658449
-3.236742 10.36782
-2.971106 10.26941
-3.494922 10.56077
-3.787689 10.40744
-3.575571 10.87051
-3.196338 10.43898
-3.324324 10.70505
-3.367692 10.18679
-3.353434 10.65323
-3.384012 10.30998
-2.996037 10.10824
-3.205959 9.988502
-3.157702 11.08231
-3.032272 10.65113
-3.211433 10.22415
-3.29009 10.6432
-3.057562 10.40227
-3.034612 10.61947
-3.211503 9.777975
-3.113024 9.888994
-3.376655 10.68686
-3.440765 10.46181
-3.396823 9.860577
-3.445649 10.81874
-3.901957 11.11588
-4.11353 10.61815
-3.991187 10.88991
-3.762199 10.2628
-3.625293 10.42322
-3.93627 10.46938
-3.701824 10.26408
-3.296618 10.01355
-3.185627 10.5702
-3.306778 10.65993
-3.271869 11.08735
-3.55863 10.97315
-3.029919 11.15761
-3.616472 10.61891
-3.046819 10.47831
-3.71813 10.93339
-3.008708 11.42349
-3.355282 10.13523
-3.570566 11.13716
-3.700589 9.701987
-3.457313 10.85438
-3.296762 10.31906
-3.15087 11.41099
-3.126286 10.58185
-3.062536 10.61991
-3.038367 11.34164
-3.034129 9.556195
-3.111115 10.39977
-3.729411 11.04956
-3.520731 11.00206
-3.433848 10.74693
-3.363367 10.58
-3.105395 10.26748
-3.351468 10.85653
-3.283952 10.30641
-3.11252 10.64884
-3.317267 10.94292
-3.350778 10.96605
-3.011402 10.4423
-3.239795 10.6962
-3.184201 10.77111
-3.177135 11.02141
-3.806593 10.89069
-3.728896 10.57017
-3.765148 10.37586
-3.625424 11.23547
-3.474804 11.40196
-3.690931 10.24177
-3.15451 10.6611
-3.283004 10.42205
-3.510159 10.92674
-3.525585 11.26332
-3.586426 10.54041
-3.584118 11.15676
-3.406678 10.5458
-3.380802 10.55603
-3.296872 11.32104
-3.198248 10.42793
-3.256367 10.43544
-3.360783 10.38465
-3.397702 10.2537
-3.287176 10.27352
-3.546101 11.24711
-3.55091 11.43365
-3.604199 11.02712
-3.198307 10.30551
-2.999408 10.82291
-3.20758 10.58472
-3.064854 10.01646
-3.27454 10.61477
-2.982178 10.23214
-3.333636 9.319749
-3.015005 9.9954
-2.933105 9.929355
-3.328423 10.40513
-3.217421 10.38977
-3.34122 10.58819
-3.570799 10.60938
-3.402785 9.72842
-3.333592 10.71635
-3.416823 10.86041
-3.217801 10.86732
-3.14608 10.29504
-3.292053 10.14276
-2.926826 10.78649
-3.326278 10.52151
-3.390576 10.66978
-3.094464 10.27176
-3.122022 10.58381
-3.147302 10.87758
-2.975635 11.41538
-3.03482 11.21257
-3.316262 10.75093
-3.399488 11.15152
-3.83914 10.74587
-3.891569 11.23426
-3.961183 11.25964
-3.285199 10.71979
-3.337267 10.54267
-3.874559 10.9837
-3.599408 10.78354
-3.499679 10.89006
-3.424748 10.58406
-3.576058 11.0278
-3.719101 11.14842
-3.751553 11.53028
-3.63189 11.79964
-3.513611 10.59638
-3.634783 10.613
-3.633091 10.15123
-3.338963 11.49973
-3.10086 10.72327
-3.198352 10.00676
-3.447016 10.29108
-3.13143 9.580884
-3.072984 10.44756
-2.937122 10.6833
-2.967404 10.49755
-2.858247 11.4212
-3.137085 10.37697
-3.399744 10.7862
-3.176619 10.9168
-3.135135 10.43625
-3.187531 10.87572
-3.261186 11.51095
-3.135592 10.39451
-3.114671 10.98301
-3.168959 10.13914
-3.411663 9.693422
-3.128483 10.14049
-3.228132 10.84332
-3.243074 9.957349
-3.131048 10.91166
-3.152888 10.35198
-3.220308 10.54527
-3.204415 10.01723
-3.189226 10.40461
-3.193311 9.412766
-3.210626 10.46925
-3.371086 10.43687
-3.307273 10.38109
-3.339375 10.81982
-3.135453 10.73006
-3.232768 10.15046
-3.429345 10.48207
-3.419779 11.11771
-3.389561 10.39949
-3.349745 10.44071
-3.71492 10.97194
-3.636738 10.43695
-3.32759 10.62427
-3.168428 11.11558
-3.165246 10.05108
-3.173661 11.15056
-3.146399 9.651201
-3.134428 9.977727
-3.248592 11.24867
-3.321035 10.83371
-3.532777 10.816
-3.496492 10.32857
-3.163694 10.34898
-3.197365 10.8459
-2.846149 11.631
-3.141884 11.02162
-3.38718 9.925764
-3.353362 10.18264
-3.618065 10.61026
-3.490554 10.95474
-3.158203 10.30842
-3.375542 11.01726
-3.440982 10.63692
-3.31528 10.26712
-3.137428 9.572651
-3.293513 9.653638
-3.483204 10.26843
-3.111145 10.71596
-3.033347 10.30833
-3.003542 10.98426
-3.280501 9.815372
-3.367941 10.4367
-3.363138 10.40458
-3.455955 9.990134
-3.546038 10.19064
-3.654391 9.860538
-3.66927 10.73438
-3.741794 10.19041
-3.571241 11.22391
-3.560035 10.8363
-3.655675 10.56332
-3.421045 11.39398
-3.127474 10.22961
-3.25788 10.19247
-3.371659 10.52645
-3.282905 10.46663
-3.542672 10.80634
-3.578097 11.27448
-3.738541 11.1794
-3.656412 10.54358
-3.473682 10.28933
-3.183909 10.29367
-3.416282 11.60537
-3.414553 10.74484
-3.595901 10.37623
-3.654429 10.39712
-3.386519 10.37671
-3.761014 10.1968
-3.504897 11.14083
-3.471253 9.972791
-3.362628 10.50538
-3.231003 10.60842
-3.054556 10.49569
-3.540098 10.45916
-3.601756 10.66579
-3.288318 11.14193
-3.109806 9.809641
-3.249576 10.98223
-3.24706 10.50847
-3.003198 10.80087
-3.114945 10.21262
-3.205649 10.19019
-3.284555 10.15243
-3.451425 10.53448
-3.287748 11.53206
-3.254861 11.15878
-3.197653 9.956505
-3.571577 10.32881
-3.531188 10.43098
-3.301403 10.88949
-3.223198 9.700163
-3.113975 9.772223
-2.949898 10.47946
-3.09718 10.42462
-3.348026 10.25989
-3.358311 10.3607
-3.608385 10.48647
-3.472577 10.67232
-3.800785 10.24677
-3.368608 10.66022
-3.198108 10.53677
-3.227097 10.35077
-2.766625 10.26502
-3.041704 10.58804
-3.493239 11.00083
-3.389656 11.22309
-3.130109 10.91973
-3.274853 9.816144
-2.960353 10.21167
-3.230493 10.46514
-3.101878 9.702682
-3.214628 11.01492
-3.102916 9.681411
-3.381759 9.571609
-3.572894 10.61766
-3.433666 9.954292
-3.184632 10.52755
-3.103384 11.40331
-3.213219 10.46722
-3.009595 10.28626
-2.959533 9.676479
-3.102377 10.41112
-2.80259 10.31478
-3.019587 9.666408
-3.095906 10.47975
-3.005624 10.32916
-3.16857 10.43607
-3.374068 10.61934
-3.359449 11.15211
-3.622865 10.10946
-3.304589 10.57263
-3.585537 9.906526
-3.622257 11.03392
-3.14173 10.53125
-3.077916 10.63621
-3.259785 9.405644
-3.265607 10.40181
-3.299675 10.73019
-3.150857 10.68862
-3.334366 10.52573
-3.287215 10.35097
-3.228982 10.83889
-3.094476 10.4966
-3.458101 10.69375
-3.19695 10.34193
-3.040747 10.61447
-3.343047 10.49918
-3.173785 9.855545
-2.989085 10.84314
-3.187461 10.37105
-3.385132 10.70848
-3.036306 10.50679
-3.200575 10.77154
-3.604556 10.78769
-3.218314 10.58209
-3.245836 10.65557
-3.522138 11.23373
-3.337606 10.91267
-3.58626 10.80687
-3.485957 10.32301
-3.510251 10.69837
-3.912647 10.63759
-4.029864 11.66682
-4.043171 11.0214
-4.119539 11.11024
-4.05374 10.94067
-3.615372 11.64755
-3.465538 12.27085
-3.346973 10.88864
-3.282164 10.64267
-3.178069 10.55434
-3.302703 11.22971
-3.015013 11.02695
-3.300597 11.47501
-3.499302 10.14539
-3.42112 9.852265
-3.639185 11.01163
-3.505522 11.11571
-3.876463 10.82456
-4.008028 10.50946
-3.735167 11.43166
-3.419295 11.32653
-3.49569 10.34403
-3.459569 10.63621
-3.222682 11.03457
-3.029895 10.35506
-3.127395 10.76255
-3.180804 10.12537
-3.30892 10.3816
-3.282974 10.60874
-3.553553 10.13325
-3.539321 10.86389
-3.665862 10.8595
-3.850651 10.2759
-3.75953 11.69033
-3.740547 11.52615
-3.834816 11.1628
-3.784499 10.22139
-3.761262 10.5446
-3.589556 11.09815
-3.992882 10.57916
-3.837584 10.68668
-4.030093 10.88469
-3.902614 10.57536
-3.454386 11.3114
-3.636673 11.52165
-3.722405 10.0313
-3.746888 9.900409
-3.619534 11.64356
-3.49074 10.62801
-3.818815 10.62939
-3.64402 11.02042
-3.152633 11.18672
-3.373709 11.72962
-3.710174 10.80395
-3.642592 10.43296
-3.528176 11.18515
-3.527597 10.5544
-3.322574 10.32306
-3.381281 10.99216
-3.462966 10.56047
-3.590975 10.75437
-3.485212 10.71086
-3.091519 9.781458
-2.987417 10.2094
-3.167909 10.72582
-3.500711 10.2839
-3.002797 10.33954
-3.031312 9.600121
-2.825627 10.03343
-3.126702 9.876269
-3.207088 10.06437
-3.481195 10.35172
-3.444102 10.96124
-3.375417 10.76274
-3.637277 11.06038
-3.731412 10.97776
-3.774431 11.3293
-3.410189 10.58577
-3.267423 11.04652
-3.581492 9.869113
-3.44209 10.82926
-3.769688 11.36606
-3.601746 10.96979
-3.560329 10.59606
-3.630856 11.3626
-3.371689 11.2416
-3.474713 11.14943
-3.535249 10.6108
-3.491937 11.22111
-3.204995 11.52713
-3.387229 10.17505
-3.243144 10.83988
-3.381036 10.52317
-3.371627 10.68634
-3.226009 10.3736
-3.288421 11.07599
-3.457909 10.6152
-3.575161 11.1647
-3.466309 10.88513
-3.53734 10.52346
-3.758511 10.52916
-3.38399 10.82424
-3.621255 10.472
-3.53325 10.49973
-3.510574 11.58311
-3.754661 11.24435
-3.558887 10.75264
-3.331799 10.12449
-3.286222 10.3806
-3.326796 10.44611
-3.461186 10.56234
-3.202116 10.96863
-3.534632 11.61298
-3.050365 11.32058
-2.980278 10.33457
-3.052336 10.06543
-2.949162 10.51759
-3.362213 10.17222
-3.12519 9.595705
-3.493686 9.939211
-3.465937 10.92585
-3.497749 10.97781
-3.423593 10.56806
-3.231027 9.848389
-3.401202 10.85034
-3.311809 10.66341
-3.64639 11.20616
-3.118565 11.02136
-3.011641 10.05245
-3.374887 10.52267
-3.111744 9.39458
-3.269296 10.5346
-2.928232 10.10901
-3.042618 9.802678
-3.158829 10.4936
-3.093578 10.20324
-3.029056 10.61332
-3.303419 10.72281
-3.061064 10.67394
-3.384725 9.77243
-3.086428 11.0536
-3.403179 10.70029
-3.322149 10.80676
-3.581602 9.996006
-3.56391 11.08466
-3.491836 10.81966
-2.986839 10.83717
-3.380526 10.28086
-3.133382 9.829464
-3.119798 10.37102
-3.130467 10.81443
-3.380244 11.2786
-3.766875 10.8757
-3.777172 11.32322
-3.782883 10.59426
-3.69961 11.00375
-3.697339 10.3419
-3.634153 10.65047
-3.719814 10.36759
-3.570012 9.941663
-3.451596 9.95068
-3.370185 10.42062
-3.563756 10.88852
-3.307804 11.24236
-3.642641 10.16795
-3.795241 10.52621
-3.732395 10.89881
-3.471009 11.05188
-3.248056 10.46052
-3.226677 10.10348
-3.387751 11.02847
-3.138759 10.36289
-3.3066 10.61368
-3.416416 10.66248
-3.49832 9.768819
-3.535416 10.88773
-3.286213 10.81757
-3.464693 11.15442
-3.537986 9.671834
-3.267469 10.2212
-3.161789 10.07143
-3.058928 10.51439
-3.474493 10.1819
-3.157504 9.968481
-3.450372 10.41993
-3.424974 10.80799
-3.089301 10.27741
-3.238373 9.940073
-3.380366 10.27665
-3.109119 9.814364
-3.213632 10.30734
-3.142141 10.53741
-3.266077 10.62979
-3.444567 10.17131
-3.15121 9.955257
-3.12597 9.245243
-3.148515 10.27206
-3.302348 11.3706
-3.325091 10.79697
-3.256515 10.3013
-3.157045 10.51296
-3.368834 10.11315
-3.45223 10.09832
-3.453338 10.38733
-3.395847 11.04571
-3.585875 10.31879
-3.524783 11.68929
-3.559348 10.98124
-3.551296 11.00237
-3.515907 11.11283
-3.561893 11.04468
-3.387206 10.54695
-3.028936 10.19226
-3.027369 10.9444
-3.604074 10.74004
-3.968839 10.90067
-3.818243 11.15438
-3.48613 10.7361
-3.895587 11.67443
-4.269925 10.87788
-4.270539 10.93053
-4.066836 10.71865
-3.814347 10.83235
-3.464033 10.92675
-3.475728 11.25473
-3.582075 11.52939
-3.653218 10.94141
-3.693741 10.04631
-3.428674 10.2897
-3.222014 10.34923
-3.293143 9.890387
-3.311644 10.34476
-3.368297 10.59609
-3.398726 10.44528
-3.805645 11.61673
-3.839364 11.02115
-3.685436 10.68966
-3.647228 10.7212
-3.787088 10.79691
-3.503688 10.12269
-3.091786 10.44025
-3.063926 10.53576
-2.917363 10.05152
-3.297978 10.33893
-3.103624 10.68997
-3.775128 11.02301
-3.362233 10.5746
-3.61843 11.24284
-3.577244 10.64944
-3.52528 11.35635
-3.377692 10.3439
-3.406283 10.68295
-3.384087 10.79901
-3.666082 10.31886
-3.694652 10.21268
-3.723596 10.76197
-3.402933 11.55882
-3.669106 11.39311
-3.525849 10.95286
-3.715108 10.80918
-3.523385 10.792
-3.638272 10.24644
-3.441738 10.39532
-3.753391 10.1699
-3.629581 10.65031
-3.641052 10.4527
-3.746293 11.11395
-3.588883 11.48113
-3.634125 11.58811
-3.488729 11.06114
-3.313273 10.58897
-3.268832 10.90832
-2.858035 10.45183
-3.277748 10.6546
-3.180325 10.2282
-3.128768 10.82058
-3.202806 10.86204
-3.368588 11.34169
-3.229872 11.90891
-3.281369 10.63231
-3.372605 10.7061
-3.339631 9.803236
-3.356305 10.57698
-3.578486 11.11314
-3.79802 11.24101
-3.347267 10.55954
-3.503715 10.77152
-3.19641 10.17983
-3.109502 10.12167
-3.03283 10.28989
-2.840464 10.20062
-2.929009 10.79963
-3.050607 11.00045
-3.60028 10.84962
-3.235776 10.8835
-3.538792 10.67218
-3.496528 11.20716
-3.551318 10.83708
-3.58788 11.12915
-3.607707 10.65489
-3.325469 10.58475
-3.634619 9.525559
-3.335707 9.45219
-3.282383 10.67424
-3.325783 10.08836
-3.416411 10.53134
-3.532661 10.24963
-3.475831 10.82737
-3.365417 10.86274
-3.325956 10.92756
-3.145867 9.757886
-3.183983 11.14106
-3.393509 11.24364
-3.518008 10.62367
-3.612089 11.76923
-3.276299 10.30461
-3.345911 10.72044
-3.635402 11.07426
-3.797449 10.33843
-3.777104 10.61427
-3.6476 10.84811
-3.341607 9.867013
-3.28586 10.35382
-3.140758 10.39196
-3.197601 10.57434
-3.155749 10.47684
-3.212098 9.975212
-3.506586 10.33029
-3.727428 10.48596
-3.584621 10.20094
-3.352678 10.2695
-3.14595 10.68928
-3.157003 10.67451
-3.740662 11.03194
-3.691809 11.07818
-3.520416 11.33289
-3.82981 11.32691
-3.659415 11.5966
-3.265835 10.48713
-3.290394 10.65022
-3.332763 10.68804
-3.564909 10.33454
-3.140371 10.16017
-3.352971 9.913893
-3.218826 11.61587
-3.30547 10.03766
-3.347138 9.700074
-3.297462 9.897295
-3.379813 10.51384
-3.003769 10.38395
-3.410213 9.394002
-3.486572 9.866839
-3.182692 10.11034
-2.859013 10.36881
-2.661049 10.2284
-2.851689 11.02608
-3.186653 11.03379
-3.326685 10.28222
-3.341177 10.49392
-3.528661 10.45079
-3.435853 10.62568
-3.405963 11.39945
-3.456152 10.76947
-3.470958 11.30232
-3.452175 10.54958
-3.667593 11.4878
-3.330415 10.78997
-3.041632 11.11045
-2.931515 9.87086
-2.685719 10.08677
-3.027208 9.794219
-3.117971 11.05809
-2.969579 10.74353
-2.940937 10.34064
-3.078061 10.37816
-3.053131 9.613714
-3.357994 9.704618
-3.437242 10.26456
-3.234121 10.85135
-3.364117 10.44947
-3.337894 10.22763
-3.615951 10.75224
-3.421389 10.20705
-3.252005 10.0593
-3.383513 10.11954
-3.437822 10.52993
-2.984931 10.7794
-2.964811 11.4033
-3.071168 10.57928
-2.989957 10.09354
-3.23486 10.26797
-3.272733 10.4828
-3.289751 10.48508
-3.313929 10.64
-3.356398 10.42526
-3.252694 10.09332
-3.260615 9.655909
-3.17903 10.44458
-3.187296 10.48693
-3.45066 10.2787
-3.401916 11.24688
-3.561324 10.76501
-3.635606 11.80314
-3.529339 11.33988
-3.510578 10.73846
-3.277217 10.0897
-2.722812 10.17933
-3.335634 9.696151
-3.181554 11.12351
-3.602317 10.90124
-4.253404 10.7528
-3.43504 10.91077
-3.818374 11.15813
-3.220482 9.990914
-3.210553 10.37954
-3.407764 10.69964
-3.370406 11.03244
-3.362821 11.28809
-3.323388 11.41624
-3.279779 10.3161
-3.242967 10.73951
-3.588967 10.2425
-3.486764 11.01067
-3.588313 11.75283
-3.69674 10.16455
-3.395098 10.34932
-3.64263 10.12208
-3.220688 10.43849
-3.252078 10.64227
-3.256731 11.61857
-3.442675 10.27779
-2.837131 9.915763
-2.977286 9.99562
-2.988087 10.64522
-3.003568 9.95854
-3.364107 9.79193
-3.409906 10.19418
-3.405646 10.90251
-2.77807 10.12179
-3.160603 11.40353
-3.043676 11.2282
-3.041208 10.64161
-3.234562 10.65443
-3.149687 9.943531
-3.109043 10.415
-3.24769 10.55086
-3.289643 11.00556
-3.414974 11.43994
-3.299387 10.45797
-3.467252 10.79628
-3.444265 11.588
-3.556637 10.48117
-3.52847 11.12581
-3.62259 10.09425
-3.523648 10.42508
-3.563865 10.94244
-3.39831 11.00274
-3.436024 11.34645
-3.162558 10.95565
-2.900855 10.42975
-3.146018 10.08374
-3.408038 10.63035
-3.604636 10.27186
-3.57485 10.65928
-3.682627 11.03489
-3.668956 10.87844
-3.590527 10.89161
-3.291848 10.86736
-3.638284 11.33289
-3.481936 10.57991
-3.464901 10.73003
-3.324391 10.79304
-3.218544 10.65147
-3.297702 11.17975
-3.586392 10.30967
-3.619044 11.43063
-3.316312 9.471398
-3.205202 11.10224
-3.481176 10.5482
-3.36951 10.77178
-3.240186 9.927544
-3.06345 10.00851
-3.172413 10.90978
-3.591103 10.79382
-3.29347 11.84838
-3.447611 10.92847
-3.390345 11.17576
-2.982776 10.32234
-3.267485 10.33666
-2.94354 9.635836
-3.154534 10.77608
-3.318294 10.19822
-3.141218 10.61393
-3.470366 10.72299
-3.520832 10.65898
-3.880114 9.876085
-3.48085 10.09651
-3.233109 10.44745
-3.435138 11.16286
-3.42922 11.06966
-3.397914 9.795883
-3.542847 10.13768
-3.376233 11.0237
-3.511894 10.44996
-3.876274 10.53724
-3.771643 11.67181
-3.913784 10.98485
-3.944787 11.3891
-3.905459 10.72335
-3.710031 11.13035
-3.483939 10.47193
-3.397483 10.51291
-3.582649 11.0341
-3.537234 10.85022
-3.448453 10.82871
-3.714986 10.68247
-3.390917 10.72032
-3.540518 10.36229
-3.43898 10.1242
-3.516103 9.608848
-3.41184 10.32024
-3.420607 10.26289
-3.396879 10.71034
-3.200306 10.83434
-3.320793 11.11604
-3.335406 11.47891
-3.230434 9.924032
-3.630883 10.67022
-3.593026 10.52785
-3.4632 10.11249
-3.75768 10.94997
-3.377441 10.55427
-3.143332 10.46481
-3.461456 10.34067
-3.470096 11.23566
-3.584838 9.829125
-3.285808 10.29118
-3.208629 10.41117
-3.370291 11.00245
-3.304227 11.03316
-3.083714 9.964528
-3.137031 10.29936
-3.316019 10.58316
-3.428035 10.23464
-3.455681 10.25366
-3.30796 10.50586
-3.47641 10.46114
-3.141543 10.03028
-3.069203 10.77989
-3.45152 10.31306
-3.307216 10.55259
-3.042016 10.09774
-3.138063 10.3434
-3.417017 9.548642
-3.497911 10.51521
-3.003526 10.12549
-3.235111 10.45141
-3.013612 11.01568
-3.306289 10.17798
-3.521375 10.45506
-3.301597 11.19405
-3.041943 11.016
-3.345701 10.61295
-3.695842 10.9008
-3.261591 10.94747
-3.362429 11.41642
-3.804347 11.00559
-3.967871 10.95947
-3.843631 11.44066
-4.106089 10.44425
-4.036914 11.23488
-3.648007 10.87098
-3.54953 10.72849
-3.434625 10.58119
-3.291386 11.41026
-3.493049 10.08301
-3.425566 10.50331
-3.289744 10.36177
-3.094775 11.05596
-3.460295 10.44338
-3.093715 10.47923
-2.896191 10.62961
-3.348977 10.00043
-3.439253 11.37656
-3.819589 11.11445
-3.493776 10.6135
-3.772993 10.30713
-3.746688 10.65042
-3.230306 10.90442
-3.450786 11.1893
-3.229144 11.56886
-2.988267 10.91189
-3.143321 11.00146
-2.88247 11.11141
-3.202863 11.52542
-2.949053 10.54524
-2.912815 10.29376
-3.17216 11.14752
-3.3233 10.15824
-3.085106 9.912608
-2.918832 9.515049
-2.96921 10.53136
-2.990863 10.40687
-3.280408 10.09897
-3.491827 10.43671
-3.618569 10.61138
-3.847759 10.50646
-3.923267 9.794935
-3.512053 11.05432
-3.413953 10.09743
-3.22298 10.56765
-3.336483 10.67209
-3.26078 11.30505
-2.998911 9.504369
-3.264634 10.20697
-3.602521 10.61753
-3.598216 10.05405
-3.70738 9.880925
-3.77624 10.72715
-3.485612 11.16391
-3.577435 10.66498
-3.60675 10.58446
-3.43499 10.29375
-3.444431 10.56518
-3.167489 11.19128
-3.479864 9.548101
-3.538385 11.03102
-3.713183 10.3518
-3.506851 11.39644
-3.585474 10.99634
-3.658834 11.13043
-3.694233 10.92549
-3.615353 11.33362
-3.578189 11.0841
-3.185813 11.14251
-3.350842 10.5733
-3.794597 11.36038
-3.508931 10.98388
-3.429953 10.17531
-3.246241 10.85366
-3.330714 10.88295
-3.339189 10.31437
-3.290459 11.05909
-3.398718 10.85655
-3.281236 10.57177
-3.428805 10.79668
-3.166642 10.79224
-3.212413 10.49381
-3.790975 11.11053
-3.667124 10.1959
-3.748957 10.98205
-3.688972 10.86036
-3.563242 10.04373
-3.147979 9.545167
-3.362044 10.65564
-3.224163 11.33147
-3.412509 9.971356
-3.12096 10.59239
-3.531342 11.13435
-3.439638 10.67271
-3.215258 10.74479
-3.335432 10.51591
-3.939007 11.91921
-3.79492 10.72014
-3.347591 10.89347
-3.225239 10.50682
-2.992396 10.61354
-3.040202 10.66391
-3.377821 10.27091
-3.131158 10.77053
-3.320716 10.63176
-3.330104 10.67433
-3.338853 11.29884
-3.583083 10.51615
-3.544039 11.00463
-3.354282 10.98313
-3.612141 10.92466
-3.350737 11.10746
-3.160411 10.58111
-3.146888 10.02888
-3.390145 10.31149
-3.570796 11.0031
-3.575569 11.11351
-3.42032 9.677079
-3.465888 10.74858
-3.452704 10.48482
-3.344162 10.4585
-3.604146 9.958595
-3.644834 10.22477
-3.402411 9.918758
-3.6641 10.74885
-3.483347 10.40843
-3.633888 10.72448
-3.567803 10.95187
-3.313697 10.78574
-3.312061 10.35454
-3.489213 10.66029
-3.083851 10.09979
-3.249802 10.97057
-3.22 10.96323
-3.910253 10.93049
-3.464971 11.42743
-3.448152 10.45509
-3.689638 10.46169
-3.377985 10.30677
-3.115315 10.70968
-3.009396 10.07496
-3.084801 10.19382
-3.003689 9.736935
-3.259343 10.57756
-2.936587 10.52133
-3.112111 10.55093
-3.553339 11.11007
-3.537372 10.33886
-3.43129 10.69459
-3.5641 10.99683
-3.694782 10.49135
-3.062395 11.53968
-3.324256 10.93405
-3.101554 10.64698
-2.921781 10.19259
-3.336671 10.90917
-3.27724 10.49767
-3.384108 10.12479
-3.218241 10.85736
-3.348235 10.5727
-3.549122 11.46396
-3.521533 10.55206
-3.371168 10.81247
-3.33203 10.29855
-2.944167 10.68002
-2.730655 10.33202
-3.152123 10.57806
-3.201166 10.18706
-3.220461 10.14251
-3.476126 10.71947
-3.24102 9.82541
-3.067224 9.985878
-2.922219 10.00637
-3.028662 10.7678
-3.003696 10.32902
-3.200575 10.77741
-3.338952 11.44478
-3.307229 11.30104
-3.535619 10.86934
-3.492739 10.55666
-3.488061 11.10877
-3.49555 10.89094
-3.376092 10.44312
-3.304443 11.16932
-3.343844 10.9629
-3.367906 10.30023
-3.324756 10.94439
-3.132007 10.00651
-3.002173 10.42696
-3.506865 10.57561
-3.534541 9.657518
-3.669386 10.50368
-3.182079 10.69519
-3.22619 11.02573
-3.409889 10.32041
-3.087492 10.48736
-3.198632 9.806776
-3.135483 9.528383
-2.881015 10.88282
-2.990158 10.98038
-3.325844 10.2466
-3.26172 10.8242
-3.557564 10.37193
-3.286646 11.43446
-3.564284 11.02856
-3.092621 10.14431
-3.307693 10.83637
-3.16774 10.7844
-3.514553 10.85903
-3.497252 10.78136
-3.398553 10.09699
-3.283834 10.82723
-3.39003 10.55423
-3.274665 9.742463
-3.258303 10.72398
-3.413966 9.798989
-3.040162 11.00237
-3.260031 10.7679
-3.454448 9.778034
-3.671216 10.99259
-4.005454 10.69907
-3.746744 10.32615
-3.581044 10.30806
-3.352997 10.59599
-3.338011 10.9136
-3.202583 11.01671
-3.282683 10.61821
-3.477289 10.09987
-2.943471 10.28881
-3.217148 11.1531
-3.260126 11.13354
-3.24257 10.51859
-2.946679 10.68777
-3.233584 10.81722
-3.264175 11.14764
-3.278032 10.92401
-3.287208 10.49855
-3.655496 11.07195
-3.657357 10.52317
-3.590623 10.51285
-3.504255 10.66877
-3.363567 10.70592
-3.21782 10.5342
-3.21778 10.51983
-3.233775 11.25849
-3.03062 11.12404
-3.038752 10.0763
-3.206849 11.18716
-3.075478 10.42377
-3.228339 10.75766
-3.578979 10.05552
-3.760696 9.880344
-3.708904 10.44269
-3.906481 10.41661
-4.034126 11.00833
-3.550188 10.27638
-3.539462 11.80152
-3.453958 10.91001
-3.345349 10.52749
-3.057284 10.31809
-2.957914 10.46922
-3.110593 10.43929
-3.344064 10.42126
-3.551348 10.43457
-3.588365 10.03833
-3.530179 10.65165
-3.441145 11.15387
-3.562911 10.82687
-3.133874 10.75222
-3.301358 10.0368
-3.608689 11.16488
-3.404275 11.09928
-3.208859 11.11617
-3.22327 10.2734
-3.505508 11.27217
-3.005369 10.78398
-3.044826 10.38879
-2.972383 9.964181
-3.30495 10.6114
-3.190616 10.58214
-3.018721 10.14889
-3.162238 10.33447
-3.16562 10.83797
-3.063449 10.85564
-2.940589 10.41015
-3.02161 10.3518
-3.326812 10.87839
-3.522649 10.78203
-3.57454 10.50894
-3.170022 11.18109
-3.363798 11.06854
-3.476756 10.86987
-3.536999 10.90306
-3.520561 10.3364
-3.49343 10.96401
-3.611008 10.84399
-3.394882 10.17006
-3.846146 10.6692
-3.851289 10.9598
-3.607801 10.62104
-3.691156 11.18774
-3.620573 11.74692
-3.746652 9.958667
-3.549383 10.09956
-3.329703 10.65944
-3.394783 10.75509
-3.69852 11.19113
-3.306446 10.93789
-3.162784 10.18882
-3.189378 10.00515
-3.411214 10.67478
-3.056742 10.21519
-3.029008 10.09175
-3.358752 10.24246
-3.409119 10.5808
-3.527056 10.51082
-3.546192 10.81954
-3.571217 11.23467
-3.583271 10.96446
-3.530368 10.36136
-3.527597 11.34988
-3.392744 11.14764
-3.24691 10.76007
-3.127703 9.870003
-3.450413 10.56046
-3.550559 10.76623
-3.452932 11.07498
-3.470926 10.14441
-3.609181 11.17246
-3.781974 10.81144
-3.631837 11.41513
-3.631178 10.68969
-3.641638 10.65042
-3.323404 10.25595
-3.319215 10.61158
-3.599979 10.97584
-3.465886 10.56199
-3.093882 10.78116
-3.43153 10.15357
-3.5734 11.26813
-3.261839 11.04254
-3.291415 11.00963
-3.293991 10.9801
-2.903026 10.03905
-3.178825 10.40359
-3.144007 10.6513
-3.36739 10.46952
-3.177411 10.61041
-3.321089 10.15525
-3.830479 11.46969
-3.448667 10.10028
-3.047681 10.71245
-3.471575 11.02381
-3.507492 11.12644
-3.637526 11.15167
-3.530095 10.50024
-3.675773 11.52475
-3.749913 10.52681
-3.551724 10.88938
-3.536395 10.06321
-3.663955 10.98857
-3.576773 10.32983
-3.360855 10.78877
-3.581589 10.285
-3.566548 10.352
-3.376607 10.09391
-3.352691 10.33306
-3.065801 11.32406
-3.525193 10.73857
-3.503566 10.52687
-3.456698 10.84854
-3.217991 10.94562
-3.12983 10.89434
-3.364494 10.24434
-3.455069 9.640928
-3.359383 10.4741
-3.415295 10.45581
-3.213736 10.16172
-3.069335 10.10774
-3.183297 9.684269
-3.029708 9.66742
-2.975991 10.14574
-3.352774 10.28462
-3.43469 10.81666
-3.147491 10.51206
-3.699938 10.28116
-3.51214 10.38843
-3.561453 10.1618
-3.739441 9.872093
-3.722665 11.03507
-3.647372 10.76075
-3.713966 9.74189
-3.729329 11.13684
-3.57093 10.37557
-3.385751 11.40024
-3.628835 10.7464
-3.27118 10.76659
-3.321233 10.08274
-3.359956 11.06012
-3.631855 10.19205
-3.776764 9.989538
-3.697804 10.98214
-3.371955 10.00905
-3.391439 10.53237
-3.210619 10.26187
-3.396924 11.83752
-3.610437 10.442
-3.664291 10.82825
-3.390836 11.09811
-3.629711 12.05626
-3.462372 10.70001
-3.441118 10.03247
-3.474551 10.38026
-3.18167 10.2601
-3.270361 10.9376
-3.477106 10.56914
-3.368454 10.39198
-3.659661 11.57124
-3.741762 10.5364
-3.746637 11.53472
-3.638377 10.94486
-3.921472 10.36608
-3.713328 10.94712
-3.464698 10.66819
-3.368856 10.54273
-3.340161 10.57894
-3.863256 11.01648
-3.738204 11.00598
-3.697401 10.78547
-3.461741 10.70568
-3.307916 10.26882
-3.240553 11.41852
-3.27027 9.993702
-2.878051 10.31669
-2.959285 11.12683
-3.07436 10.10872
-3.244963 10.90922
-3.416061 10.85143
-3.455153 11.06529
-3.420272 9.957089
-3.219255 10.05732
-3.432144 10.43449
-2.933848 10.0484
-3.079783 10.46975
-2.903873 9.636817
-3.09478 10.86514
-3.136134 10.76104
-3.159696 10.46137
-3.488145 10.36077
-3.704466 10.31623
-3.790984 10.46457
-3.421259 10.49479
-3.299521 10.36372
-3.275164 10.28842
-3.527908 10.07481
-3.66416 11.12169
-3.70111 9.903671
-3.612375 10.26602
-3.908528 10.56853
-3.800418 10.18422
-3.77319 10.144
-3.452681 11.49536
-3.442462 10.88004
-3.495568 11.52828
-3.183369 10.67127
-3.758931 10.67471
-3.218217 11.0053
-3.006054 10.59455
-3.194738 11.2066
-3.189672 11.07063
-3.291745 11.29182
-3.25531 10.37666
-3.018429 11.39562
-2.91933 10.71024
-3.308395 10.31075
-3.34827 10.42138
-3.318827 10.43263
-3.695401 10.64645
-3.856113 10.66951
-3.585967 10.67366
-3.353058 11.09268
-3.327848 11.14376
-3.312729 9.991737
-3.50052 9.711341
-3.28712 10.98446
-3.013551 9.959085
-3.028059 10.29824
-3.15864 9.695292
-3.136924 10.4497
-3.583664 11.29354
-3.594441 10.71465
-3.316851 10.84512
-3.55975 10.65825
-3.780494 10.97334
-3.554727 11.80839
-3.430474 10.49557
-3.241323 10.52804
-3.306416 11.10938
-3.254832 10.12922
-3.093664 10.89629
-3.072425 10.65836
-3.089328 10.79424
-3.05571 11.17169
-2.982599 9.765017
-2.819 9.905854
-3.133248 10.24981
-3.00929 10.14357
-3.523769 10.42714
-3.408284 11.02293
-3.56737 9.792172
-3.490205 10.7812
-3.601039 10.88454
-3.63131 10.67664
-3.517791 10.10942
-3.893539 11.5622
-3.871099 11.71884
-3.596405 10.8867
-3.619354 10.80321
-3.435037 10.02918
-3.847912 10.56187
-3.858287 11.00407
-4.141427 11.13418
-4.294303 11.05978
-3.997758 10.60101
-3.708666 11.2489
-3.55199 10.6694
-3.326182 9.673431
-3.188342 10.50984
-3.234804 10.19715
-3.517377 9.78141
-3.144181 10.28816
-3.380611 10.4271
-3.565013 11.75412
-3.250893 11.1963
-3.534738 11.70828
-3.645342 10.91131
-3.210113 10.61899
-2.936565 10.33132
-3.366396 11.35158
-3.262365 11.41343
-3.346564 11.31679
-3.12449 10.57288
-3.209216 9.679242
-3.356338 10.22043
-3.358237 10.58028
-3.426555 11.15375
-3.593254 10.96867
-3.507534 10.87313
-3.597061 9.737929
-3.334131 10.69147
-3.47868 10.52213
-3.228616 12.32092
-3.479719 10.96886
-3.331234 11.3136
-3.767667 11.26201
-3.853407 10.6061
-3.561997 11.40651
-3.330248 9.774254
-3.602661 10.77203
-3.501643 10.66482
-3.321106 10.7437
-3.477905 11.12331
-3.285987 10.38397
-3.327838 10.93176
-3.592824 10.53692
-3.6218 11.11496
-3.460409 10.67391
-3.480744 10.17815
-3.58431 9.936707
-3.394219 10.64585
-3.214581 10.93587
-3.065342 10.7064
-3.293425 10.92453
-3.463102 10.01483
-3.294585 9.471628
-3.12112 11.31089
-3.344255 10.12897
-3.151036 10.69311
-3.146487 10.45129
-3.128244 10.30091
-3.247369 9.717095
-3.325108 10.51605
-3.422935 10.24854
-3.208427 11.47937
-3.75755 10.63211
-3.988062 10.6529
-4.139316 10.93518
-3.994283 10.85895
-3.583304 11.04256
-3.354037 10.22918
-3.004629 9.982934
-2.75275 9.642809
-3.154701 9.298552
-3.30016 11.16201
-3.6358 10.33674
-3.421658 10.28811
-3.570748 10.74873
-3.381565 11.06737
-3.428674 10.80123
-3.538452 10.26254
-3.49569 10.31024
-3.221006 10.4378
-3.032847 10.21492
-3.48534 11.17698
-3.315851 10.14624
-3.336424 11.44337
-3.349187 11.4404
-3.380621 11.48807
-3.247297 9.591787
-3.156122 10.91591
-3.117296 10.36303
-3.361007 10.83447
-3.134963 10.75053
-3.012314 9.735385
-3.095509 9.685877
-3.380296 9.690335
-3.209929 9.696374
-3.315837 11.00495
-3.217558 10.40405
-3.219297 11.103
-3.127039 10.58238
-3.400228 11.48113
-3.476048 11.3594
-3.751127 10.78157
-3.928359 10.38389
-3.860178 10.23372
-3.828585 11.07322
-3.818854 11.39555
-3.283823 11.11226
-3.350872 10.70225
-3.409435 10.63123
-3.384287 10.23759
-3.548535 10.54568
-3.194925 10.79361
-3.135737 10.7935
-3.314201 11.04693
-3.118403 10.2461
-3.203855 10.6583
-3.108849 10.38128
-3.078461 9.937788
-3.455747 9.693978
-3.220825 10.29353
-2.985551 9.640212
-3.127267 10.75456
-3.42172 10.92834
-3.532718 10.79555
-3.650077 11.11198
-3.814492 11.3232
-3.819311 10.80972
-3.715643 10.16984
-3.508889 10.84544
-3.63531 11.02615
-3.447158 10.08456
-3.260791 10.31028
-3.004641 10.7834
-3.407251 11.33296
-3.49427 10.75594
-3.505267 10.44474
-3.866692 10.6041
-3.612144 10.54794
-3.394218 11.43276
-3.723881 10.58468
-3.815997 10.49583
-3.632647 11.73055
-3.805999 10.80372
-3.992583 11.23559
-3.539644 10.58683
-3.33478 10.75773
-3.676314 10.60122
-3.456081 10.33357
-3.688965 10.40059
-3.876816 11.26104
-3.785302 10.92568
-3.755686 10.55407
-3.316162 10.58854
-3.407819 11.01577
-3.557333 11.18986
-3.441822 10.82212
-3.606405 10.772
-3.404278 10.176
-3.326222 10.94257
-3.764305 10.67591
-3.638534 10.2269
-3.390137 10.24647
-3.467587 10.49628
-3.74375 10.93971
-3.453305 10.31787
-3.490919 11.01017
-3.439589 11.29178
-3.530256 10.74516
-3.605948 10.84381
-3.367383 10.47538
-3.366322 10.18493
-3.438886 10.63525
-3.505913 10.93574
-3.554126 9.974577
-3.589245 10.41862
-3.625509 11.06757
-3.589834 10.89758
-3.426444 10.98841
-3.521649 11.15563
-3.554228 10.66551
-3.105681 9.640708
-3.118026 10.91473
-3.326163 10.17074
-3.5242 10.92181
-3.239686 10.26646
-3.134752 10.14084
-3.00641 10.18999
-3.150577 11.217
-3.213963 10.81989
-3.077986 10.72125
-3.232198 10.62316
-3.402061 10.20328
-3.49565 11.20655
-3.365027 10.68277
-3.596664 10.76487
-3.659117 10.7626
-3.525861 9.918538
-3.639699 11.31754
-3.342871 10.81634
-3.801487 10.60385
-3.39026 10.71436
-3.516338 10.60689
-3.124666 10.68359
-3.315522 10.83465
-3.094733 10.09743
-3.236368 10.74319
-3.151967 10.67995
-3.068388 10.59106
-3.470461 10.9782
-3.198169 10.54278
-3.360626 11.52189
-3.771197 10.09492
-3.651916 10.32631
-3.642648 11.81013
-3.716422 10.73295
-3.396759 11.10237
-3.489323 10.56635
-3.552446 11.24261
-3.607706 10.26329
-3.643205 10.82386
-3.554516 10.17695
-3.79454 10.86757
-3.938646 10.44899
-4.116594 10.05131
-4.339927 11.09203
-3.992739 11.14854
-3.688768 10.71156
-3.475059 10.82729
-3.49956 10.18674
-3.423111 11.0003
-3.333141 11.19052
-3.314974 10.1362
-3.523282 10.6401
-3.604076 9.300173
-3.526547 10.75673
-3.528572 10.80145
-3.443836 10.90199
-3.325972 10.77582
-3.239479 10.8392
-3.353551 10.68598
-3.408062 10.15991
-3.232261 9.708569
-3.327899 10.12045
-3.215325 10.66179
-3.427988 10.29815
-3.637267 11.28835
-3.561518 10.57923
-3.72524 10.11215
-3.108185 11.29342
-3.000152 10.39101
-3.148189 9.796691
-3.206456 10.54774
-3.016944 10.38173
-3.183538 10.019
-3.435632 10.27623
-3.551681 10.48961
-3.607666 10.68762
-3.291133 10.94165
-3.513251 11.37003
-3.650411 9.679094
-3.262819 10.11195
-3.317348 9.697747
-3.277592 10.034
-3.533457 10.73741
-3.68153 10.54079
-3.329816 10.77488
-3.116225 10.8938
-2.993674 10.6595
-3.63612 10.14948
-3.641805 10.50659
-3.6164 11.10199
-3.656852 10.96914
-3.624424 10.93608
-3.548211 11.09031
-3.285327 10.8383
-3.368368 10.44458
-3.295466 10.81356
-3.339468 10.389
-3.255183 11.14195
-3.393398 10.87901
-3.404493 10.3141
-3.30078 10.74752
-3.198807 10.60601
-3.375799 10.64855
-3.663628 10.61821
-3.642779 11.08218
-3.392756 10.32297
-3.380517 10.78219
-3.315255 10.5733
-3.203932 10.78274
-3.066003 10.22055
-3.301619 10.26706
-2.980989 10.35565
-3.160339 9.823757
-3.502444 10.53562
-3.371478 9.941452
-3.166133 9.88281
-3.333752 10.0898
-3.390624 10.34926
-3.384437 10.23637
-3.416235 9.744649
-3.370191 10.12309
-3.699799 10.7007
-3.920746 10.70062
-4.066709 11.23184
-3.645928 10.60278
-3.446734 10.50956
-3.200729 10.71377
-3.47641 10.1717
-3.256868 10.14316
-3.325042 10.98028
-3.296195 11.07307
-3.296768 10.84691
-3.086027 9.985272
-3.016521 10.61646
-3.083043 10.62261
-3.178099 11.02541
-3.406961 10.61104
-3.269279 10.59956
-3.739162 10.65853
-3.479056 9.933675
-3.479019 10.68351
-3.682465 10.25221
-3.424463 10.76873
-3.555274 11.34531
-3.520522 10.46545
-3.308973 10.51685
-3.207729 10.38961
-3.215313 10.04198
-3.068309 10.24745
-3.089759 10.46269
-3.118784 10.09387
-2.748684 8.789662
-2.79119 9.682165
-3.061412 9.778478
-3.307383 10.19733
-3.304006 10.42972
-3.158495 10.72679
-2.984568 10.34987
-3.105953 10.95805
-3.071098 11.20737
-3.478495 11.18733
-3.438287 10.86057
-3.929677 11.79903
-3.970135 11.30915
-3.658773 10.10362
-3.412233 9.849078
-3.425917 10.72126
-3.207882 10.79028
-3.174115 10.86849
-3.334117 9.76352
-3.445217 10.59989
-3.283869 10.32488
-3.184549 10.59318
-3.310557 9.644314
-2.968115 11.34394
-3.044291 10.0746
-3.147747 10.58403
-3.401821 9.669686
-2.874972 10.86134
-3.66183 11.71833
-3.469643 10.87683
-3.282451 10.24098
-3.284446 10.18342
-3.189471 10.71298
-3.115139 10.94409
-3.281066 10.47401
-3.660703 10.33949
-3.139922 10.38183
-3.260197 11.57888
-3.411177 10.83999
-3.059982 10.74076
-3.488454 10.71428
-3.615077 10.43378
-3.55811 11.87841
-3.978246 11.5646
-3.808913 11.58907
-3.820098 11.11776
-3.612205 10.89518
-3.414614 10.59216
-3.342382 9.656731
-3.245871 11.05837
-3.118521 10.77519
-2.931466 10.18833
-3.211665 10.29792
-3.082731 9.509505
-3.102759 10.18491
-3.519337 10.85077
-3.659362 10.77064
-3.461903 11.2075
-3.637182 10.28177
-3.26111 10.21847
-3.130676 11.13299
-3.381568 10.46056
-3.430629 10.50801
-3.162583 10.13027
-2.682907 11.12103
-3.250883 10.32779
-3.516387 11.3786
-3.54921 10.78647
-3.367161 10.89403
-3.300238 9.804604
-3.155377 10.35989
-2.91746 10.9845
-2.976475 10.81149
-3.259008 10.57715
-3.513376 10.53262
-3.282826 10.7593
-3.316835 10.46275
-3.036445 10.6791
-3.179779 10.66192
-3.288985 10.33885
-3.509284 10.43293
-3.477639 10.4442
-3.559901 11.29452
-3.122893 10.63635
-3.128112 10.50827
-3.22174 10.62661
-2.790776 9.656549
-2.986036 10.31251
-3.009112 10.38834
-3.142355 9.631094
-3.160948 11.04135
-3.264612 10.6043
-3.314148 10.38261
-3.172599 10.58662
-3.665635 11.2047
-3.265465 11.34038
-3.278744 10.78007
-3.539937 10.58642
-3.525747 10.91718
-3.5239 10.43542
-3.655911 10.40737
-3.650961 10.83035
-3.334346 10.99687
-3.203249 10.85496
-3.315478 9.625762
-3.282738 10.44618
-3.215946 11.23258
-3.606639 10.9153
-3.417897 10.43301
-3.682899 10.31083
-3.367014 10.81322
-3.316524 10.25887
-3.260856 11.20878
-3.1172 10.79304
-3.240854 10.81706
-3.435274 10.99138
-3.473865 10.21961
-3.563026 10.69764
-3.447372 10.90792
-3.557707 10.73432
-3.599084 11.2554
-3.384487 10.94769
-3.186562 10.38964
-3.240065 10.9718
-3.020407 10.24444
-3.384949 10.61515
-3.156162 10.30924
-3.257172 10.69258
-3.113901 11.14593
-3.245095 11.70928
-3.611684 10.55196
-3.469614 10.75512
-3.367535 11.24854
-3.58268 11.0922
-3.133606 9.537545
-3.544678 10.48382
-3.374622 9.799573
-3.475784 11.02872
-3.518023 11.00364
-3.499673 10.38172
-3.225126 10.32666
-3.365143 9.674141
-3.580819 9.943569
-3.602488 11.08833
-3.537377 10.52483
-3.878988 10.98047
-3.618483 11.02442
-3.582524 10.03684
-3.706245 10.56955
-3.308233 9.842864
-3.539559 11.02567
-3.408269 10.68871
-3.268951 10.91901
-3.374658 9.84062
-3.109709 9.84597
-2.753202 10.94826
-3.104285 10.00172
-3.229308 10.25455
-3.329024 10.51216
-3.52015 10.46248
-3.523493 10.26011
-3.505467 10.52072
-3.487296 11.59797
-3.281217 10.26406
-3.562937 10.62802
-3.489616 11.47979
-3.423508 10.39147
-3.028294 10.28295
-3.2462 10.23437
-3.307238 10.30663
-3.242753 10.31036
-3.419604 10.60562
-3.540877 10.92184
-3.307714 11.19306
-3.584916 10.89946
-3.527831 10.432
-3.466887 10.64762
-3.659904 10.32564
-3.64264 11.1543
-3.866581 10.80101
-3.6037 11.20423
-3.472277 11.08955
-3.83194 10.34919
-3.3279 10.46125
-3.368713 10.4908
-3.637864 10.78358
-3.844476 10.5535
-3.584033 10.8458
-3.45306 10.63812
-3.362578 10.63288
-3.224211 10.02125
-3.161324 10.86452
-3.098749 10.9197
-3.278215 10.10939
-3.430082 10.68942
-3.603363 10.37074
-3.65225 10.80841
-3.755681 10.92818
-3.831418 11.15276
-3.614289 10.72473
-3.343505 9.969938
-2.895396 10.23703
-3.083236 10.59183
-2.867773 10.22756
-2.807415 10.27154
-2.828909 10.58147
-3.487822 10.56903
-3.559136 10.68233
-3.646278 10.66
-3.342298 10.82306
-3.223729 10.07369
-3.303947 10.44284
-3.460874 9.473055
-3.421891 10.52601
-3.330766 10.79627
-3.063096 9.898077
-3.075321 10.25823
-3.234275 11.41296
-3.355848 11.07866
-3.47793 11.60377
-3.427125 10.77873
-3.424825 11.01717
-3.384324 10.48685
-3.164607 10.32718
-2.921315 10.75462
-3.134825 10.47832
-3.543353 9.763141
-3.272884 11.15791
-3.587784 10.32869
-3.018447 10.94425
-3.191052 10.70278
-3.331477 10.69039
-2.988831 10.04676
-3.234113 9.975958
-3.193065 9.463829
-3.33084 10.05468
-3.218751 9.588959
-3.517738 10.7146
-3.323366 9.808687
-3.433862 11.17393
-3.344064 10.58581
-2.991421 11.00868
-3.28105 11.15869
-3.130229 9.451113
-3.188715 9.46859
-3.089445 10.21203
-3.139777 10.33524
-3.303738 10.24179
-3.247475 10.13798
-3.437829 11.03349
-3.432483 10.60447
-3.886676 10.96069
-4.044218 10.70136
-4.090608 10.98653
-4.056605 10.98995
-3.877381 11.00802
-3.883921 10.15202
-3.845586 10.55516
-3.350609 10.1649
-3.059151 10.77679
-3.543958 10.74107
-3.311801 11.54111
-3.260369 10.94946
-3.511471 10.59948
-3.481694 10.3234
-3.570801 10.28475
-3.488108 10.47839
-3.405816 10.47687
-3.736084 9.875497
-3.450579 10.62715
-3.471309 10.77661
-3.381463 10.74401
-3.48769 10.87139
-3.583733 10.89091
-3.616354 11.1376
-3.053406 11.60079
-3.253981 10.73247
-3.198518 10.61632
-2.937114 10.96532
-2.738861 10.31827
-3.245994 11.18977
-3.138492 11.09828
-3.552721 10.45485
-3.426774 9.97087
-2.94675 10.52368
-3.529093 10.72177
-3.295966 11.17657
-3.271827 11.11327
-3.372735 11.7838
-3.303786 10.89781
-3.515547 10.2846
-3.301834 9.874291
-3.263435 10.74737
-3.178246 10.66685
-3.536532 11.04521
-3.529984 10.51603
-3.570773 10.99617
-3.582053 11.09136
-3.575773 10.82867
-3.902288 11.00589
-3.957087 11.33318
-3.572517 10.54354
-3.627202 12.04144
-3.407257 10.50603
-3.698141 11.80263
-3.673187 10.95434
-3.692913 10.60765
-3.391905 10.98445
-3.255014 11.17208
-3.302038 10.3552
-3.325897 10.37873
-3.701943 10.53863
-3.5084 10.65394
-3.467822 10.45092
-3.208597 9.825328
-3.175671 10.37305
-3.347786 10.98219
-3.548552 11.0104
-3.440159 10.92938
-3.412204 10.62482
-2.991709 9.754542
-3.197636 9.873451
-3.184154 11.50169
-3.33597 10.39428
-3.426311 11.3368
-3.474206 10.63013
-3.613495 10.45445
-3.732403 10.77247
-3.414959 10.04719
-3.390182 10.36757
-3.739431 11.1093
-3.68357 10.29754
-3.485369 10.69808
-3.224566 10.26224
-3.211912 10.22904
-3.172488 10.76801
-3.209691 11.09543
-3.323569 11.081
-3.41353 11.20444
-3.714808 10.41077
-3.633948 10.13496
-3.655004 10.69125
-3.437167 10.35799
-3.400029 11.16879
-3.510674 11.34992
-3.311458 9.895786
-3.455334 10.26713
-3.406267 10.9998
-3.413385 11.2757
-3.534722 10.1032
-3.651247 10.95931
-3.634183 10.70542
-3.61402 10.14017
-3.1649 10.761
-3.056325 10.62155
-3.516765 10.69081
-3.680891 10.74963
-3.30927 10.7021
-3.249891 10.72073
-3.274711 10.32056
-3.204388 10.79786
-3.19826 10.11826
-3.513851 10.66809
-3.527641 11.04094
-3.414323 10.5993
-3.174365 10.19399
-3.233472 10.90779
-2.968588 10.49621
-3.284873 10.32297
-3.571634 10.69719
-3.433527 10.69117
-3.491415 10.84567
-3.254601 11.01107
-3.036049 11.70014
-3.125122 10.82232
-3.300468 11.2384
-3.154984 11.29897
-3.194425 10.31675
-3.105773 9.514686
-3.316565 10.72369
-3.175 10.61991
-3.140257 10.48164
-3.171838 10.77133
-3.432912 10.28543
-3.242898 10.76007
-3.430126 10.11789
-3.533331 9.609577
-3.482437 10.35281
-3.286332 10.77904
-3.55704 11.37535
-3.481779 10.78633
-3.422576 9.759514
-3.2301 10.4837
-3.340254 10.10443
-3.397172 10.95359
-3.422054 10.5365
-3.157237 10.46289
-2.956242 10.60533
-3.32602 11.29606
-3.423618 10.38323
-3.446484 10.55224
-3.498564 11.3578
-3.405837 10.1315
-3.492069 11.08486
-3.40657 10.64132
-3.418007 11.13191
-3.245564 11.91932
-3.507891 9.856469
-3.521729 10.69863
-3.800266 10.59601
-3.574386 10.781
-3.340978 11.28833
-3.303292 11.17622
-3.316752 11.28963
-3.349183 10.76533
-3.264801 11.09735
-3.289053 11.68442
-3.177827 10.74219
-3.202166 11.03768
-3.057357 10.91175
-3.077244 10.94505
-3.069896 10.41132
-3.07594 10.19734
-3.358852 10.52197
-3.536608 9.860954
-3.600136 10.01093
-3.600418 10.45613
-3.440748 10.62077
-3.729119 10.22858
-3.455056 10.82402
-3.523455 11.09526
-3.462169 10.79628
-3.815849 11.03616
-3.72138 10.66123
-3.644291 10.8989
-3.756928 11.75639
-3.81565 10.83313
-3.9187 11.12929
-3.641507 10.74164
-3.707332 10.28485
-3.634927 11.20222
-3.842193 10.54834
-3.37611 10.75971
-3.549072 11.24499
-3.846439 10.45529
-3.699509 10.83311
-3.788888 10.33578
-3.602802 11.01182
-3.472527 10.25156
-3.241772 10.93068
-3.298562 10.90366
-3.089546 10.25952
-3.173592 11.364
-3.277474 10.53677
-3.148361 11.37632
-3.147773 10.67453
-3.408091 9.983229
-3.310672 10.79027
-3.504538 11.45494
-3.298276 10.8666
-3.24192 10.31979
-3.238245 10.64888
-3.304845 10.43291
-3.433855 10.04172
-3.257743 10.63975
-3.636248 11.0159
-3.681288 10.72529
-3.593602 10.6057
-3.884133 11.34946
-3.88915 10.61835
-3.389362 11.1896
-3.623036 11.17179
-3.395601 11.37174
-3.868528 10.64278
-3.479392 10.86844
-3.427926 11.28266
-3.277995 10.05099
-3.495396 10.57708
-3.277804 10.43183
-3.364271 11.00599
-3.190824 10.58455
-3.251908 9.950816
-3.797332 10.79142
-3.615704 10.55415
-3.301833 10.55873
-3.558405 11.35312
-3.718756 11.41141
-3.786442 10.67228
-3.566309 11.0208
-3.800313 10.60215
-3.844243 11.117
-3.418146 10.4222
-3.314878 9.914512
-3.577159 10.37208
-3.444399 10.24796
-3.464074 10.25956
-3.27328 10.58732
-3.585045 10.77991
-3.262235 9.663871
-3.099372 9.873647
-3.342227 11.06667
-3.314206 10.79506
-3.519855 11.005
-3.558481 10.80826
-3.25706 10.35829
-3.276465 10.56973
-3.540919 10.54974
-3.539214 10.69372
-3.469798 10.66895
-3.529026 10.69734
-3.355755 11.01365
-3.241084 10.79498
-3.152518 10.87993
-2.933478 10.75272
-3.319643 10.57629
-3.599743 11.02048
-3.666268 10.79037
-3.61451 11.05133
-3.348429 10.24648
-3.286662 11.22194
-3.282659 11.16529
-3.625831 11.61415
-3.540511 10.93174
-3.447766 11.55111
-3.534514 10.27388
-3.418575 10.81519
-3.109859 10.24075
-3.383099 9.300845
-3.489046 10.12972
-4.016011 10.22549
-3.794723 10.71027
-3.706596 11.3098
-3.490494 11.07094
-3.516931 10.9796
-3.397315 10.83064
-3.416475 10.8576
-3.132374 10.68793
-3.819628 10.8244
-3.474056 11.63228
-3.177528 11.11604
-3.445408 11.04486
-3.206351 11.25234
-3.115857 10.61238
-2.913014 10.41446
-3.330187 10.8716
-3.26802 10.87456
-3.301864 10.74201
-2.808543 9.787285
-3.306269 10.48854
-2.957979 9.894304
-2.856531 9.403743
-2.967329 10.05331
-3.078401 11.11386
-3.06716 11.10416
-3.256774 10.47884
-3.343191 10.26238
-3.400689 9.773085
-3.312503 9.755371
-3.19509 10.79875
-3.219761 11.10538
-3.105919 10.95717
-3.524343 11.38731
-3.595649 11.63969
-3.342118 11.16266
-2.875227 10.40347
-3.069395 10.29585
-3.010258 11.20811
-3.290954 10.27166
-3.115758 10.33127
-3.329457 11.17142
-3.261483 10.71411
-3.153567 11.38082
-3.522343 10.50988
-3.391635 11.20273
-3.177188 10.58456
-3.435181 11.10734
-3.308038 9.95387
-3.310384 10.68279
-3.322497 9.848318
-3.57705 10.80396
-3.414111 10.49744
-3.15766 10.31494
-3.229798 11.25814
-3.195568 10.52235
-3.072379 10.14757
-3.097257 11.29678
-3.251621 10.61727
-3.150546 10.6365
-3.378049 10.8132
-3.618399 10.19951
-3.566024 10.26333
-3.67441 10.73395
-3.64518 10.75032
-3.433695 10.38147
-3.321465 9.912927
-3.419465 10.51353
-3.57854 11.9105
-3.82976 11.57181
-3.58723 10.45326
-3.425982 10.18084
-3.388882 10.34277
-3.158265 11.42736
-3.006465 11.24966
-3.168998 11.11043
-3.177921 11.32853
-3.426793 11.14819
-3.478993 10.86001
-3.117017 10.7325
-3.316762 10.95669
-3.229711 10.07985
-3.614866 10.3315
-3.386459 11.07288
-3.458655 10.87465
-3.559901 11.38589
-3.609879 10.84876
-3.570867 9.999782
-3.584977 11.19783
-3.477623 10.82625
-3.535893 10.99598
-3.826796 10.46341
-3.530487 10.41778
-3.680002 11.2837
-3.76939 11.13911
-3.481492 10.74753
-3.604798 10.59217
-3.415032 10.58877
-2.991936 10.65202
-2.976066 10.4247
-3.595344 9.403201
-3.484515 9.607151
-3.986166 11.11745
-3.846177 11.46687
-4.124689 10.49569
-3.719996 10.4094
-3.802363 9.703541
-3.584393 10.27548
-3.325397 10.61951
-3.167105 10.90264
-2.998299 10.94918
-3.125753 10.67841
-2.930011 9.964212
-2.86338 10.23625
-2.99927 10.80705
-3.536825 10.5347
-3.554192 10.87278
-3.398167 10.77105
-3.661091 10.7474
-3.628275 11.0487
-3.732835 10.51304
-3.575767 10.50198
-3.513466 10.09247
-3.364197 9.80087
-3.591071 10.28645
-3.816237 10.18883
-3.691779 10.482
-3.720553 10.33996
-3.453777 11.49587
-3.466931 11.09032
-3.39962 10.36052
-3.7176 10.62994
-3.480506 10.22686
-3.686153 11.35479
-3.46989 10.78136
-3.683838 11.35073
-3.663703 11.35182
-3.340316 9.936214
-3.148817 10.29306
-2.83998 9.998595
-3.195063 10.53802
-3.179878 11.14551
-3.518862 11.03066
-3.597978 10.77674
-3.804074 9.844357
-3.872388 11.68577
-3.84972 9.782832
-3.852112 10.48079
-3.640347 10.67931
-3.309214 10.16934
-3.367317 10.47615
-3.317369 10.75188
-3.320328 10.69982
-3.017727 11.25626
-3.063392 10.30169
-3.477412 10.80267
-3.339064 10.73979
-3.2271 10.4772
-3.277295 10.4731
-2.852509 10.50851
-3.005313 9.897956
-3.075876 11.00976
-3.126785 10.57155
-3.339807 11.19819
-3.289181 10.2365
-3.446332 10.20475
-3.197918 11.16824
-3.447618 11.24351
-3.363279 10.24059
-3.721973 10.89876
-3.352857 10.34321
-3.601921 10.91522
-3.021006 10.75
-3.153923 10.6431
-3.510258 10.64779
-3.685087 11.23613
-4.007648 11.06649
-3.800469 10.55028
-3.856466 10.83575
-3.853652 10.63631
-3.851182 10.80125
-3.293144 10.47047
-2.998037 10.37145
-3.238425 10.14755
-3.436149 10.36047
-3.110835 11.54814
-2.739732 10.40841
-2.971765 10.7701
-2.951657 10.1022
-3.355246 11.33058
-3.419266 10.81999
-3.318869 10.89028
-3.279383 10.30314
-3.224569 9.87979
-3.200029 10.44903
-2.970091 10.71622
-3.171289 10.70308
-3.517301 10.9408
-3.594683 10.61464
-3.497868 11.22661
-3.494558 11.03023
-3.624847 10.53072
-3.657517 10.69607
-3.368463 11.58622
-3.239645 10.82742
-3.143774 10.54187
-3.370348 9.611527
-2.821265 10.47639
-3.172212 10.98489
-3.146182 10.87821
-3.440475 11.50466
-3.158038 10.28225
-3.458023 10.97804
-3.074338 10.72056
-3.67087 11.61445
-3.791428 10.13816
-3.833572 10.79795
-3.636347 10.36193
-3.775685 10.92239
-3.605826 11.75345
-3.761386 11.23425
-3.757725 10.53094
-3.816652 10.73151
-3.951831 11.02013
-3.728433 11.16494
-3.143907 11.37315
-3.326447 10.85305
-3.125655 10.82659
-3.577402 10.51468
-3.586691 10.48999
-3.580272 10.86834
-3.637463 10.77711
-3.757746 11.08088
-3.768618 11.28142
-3.843795 10.72266
-3.775067 10.74975
-3.689537 10.85843
-3.75823 10.77571
-3.385744 11.21786
-3.35913 11.06911
-3.519501 10.88597
-3.501729 11.11645
-3.603474 10.35222
-3.599064 9.895534
-3.342953 10.61021
-3.395203 10.8076
-3.242037 9.619054
-3.078739 10.24838
-2.975596 9.779776
-3.416129 10.80678
-3.450147 10.1521
-3.53413 10.62244
-3.256315 10.08819
-3.40202 9.992315
-3.419355 11.05257
-3.47137 10.63564
-3.602713 11.34044
-3.395017 10.86152
-2.995232 10.72359
-3.013947 10.37758
-3.101027 9.981753
-3.134975 10.30566
-3.1871 10.4137
-3.41412 11.31202
-3.395621 10.65772
-3.301337 10.71654
-3.414407 10.09466
-3.485754 10.49691
-3.336341 10.50415
-3.387503 10.89201
-3.172448 10.18782
-3.470604 10.87302
-3.682603 10.86997
-3.77589 10.77628
-3.939886 11.15101
-3.843418 11.62449
-3.644426 10.44029
-3.377441 10.4942
-3.325996 9.790649
-3.372676 9.543238
-3.315279 10.43955
-2.927886 9.82375
-3.227961 10.61408
-3.146684 9.954701
-3.304195 11.01038
-3.48418 10.01397
-3.443233 9.951225
-3.608405 10.78674
-3.286977 10.80852
-3.187302 11.44678
-3.043431 10.43284
-2.966936 11.08988
-3.063928 10.43536
-2.973905 10.67822
-3.202121 10.33805
-3.298313 10.13626
-3.423829 10.55789
-3.313609 10.0677
-3.265732 10.14803
-3.728219 10.52279
-3.623568 10.55727
-3.390836 10.8603
-3.162225 10.28308
-3.524403 10.96511
-3.245281 10.68283
-3.517936 10.00706
-3.453033 10.43598
-3.40329 9.964093
-3.525435 11.14241
-3.556006 10.56485
-3.608833 10.42978
-3.331705 10.00777
-2.858842 10.13321
-3.102154 10.52427
-2.966096 11.00211
-3.182863 10.23083
-3.32384 10.10584
-3.431477 11.14079
-3.57309 11.84318
-3.192332 10.32302
-3.128294 10.32037
-3.26255 10.28609
-3.084545 10.63641
-3.255399 10.06715
-3.598407 10.59562
-3.315195 10.85973
-3.524416 10.87725
-3.795003 11.171
-3.521444 11.16723
-3.584302 11.29997
-3.500624 11.0037
-3.369749 10.67899
-3.47119 10.48095
-3.251418 9.500921
-3.392329 10.01168
-3.014368 10.84012
-3.249502 10.99883
-3.478203 9.613696
-2.975055 10.42433
-3.33341 10.80822
-3.150646 10.32616
-3.349386 10.03235
-3.459 11.0879
-3.439035 10.8918
-3.678725 10.58962
-3.321918 9.966267
-3.159177 10.10133
-3.335878 10.19886
-3.338087 10.91075
-3.597704 10.30131
-3.53136 11.09457
-3.48349 11.22584
-3.277371 11.72134
-3.281838 10.26332
-3.537661 10.20807
-3.714951 10.54903
-3.365483 9.949152
-3.022035 9.979325
-3.365132 10.46213
-3.302959 11.03478
-3.140032 10.54939
-3.367135 10.1701
-3.497571 10.59692
-3.457261 10.47703
-3.868558 11.22671
-3.67353 10.06433
-3.672495 10.66575
-3.849047 10.27275
-3.795736 10.63066
-3.594238 10.84809
-3.533731 10.96527
-3.180881 10.57986
-3.355045 11.07791
-3.403729 10.43568
-3.263516 10.54619
-3.417957 9.597548
-3.371878 10.07048
-3.545068 10.83483
-2.863239 10.39663
-3.651362 10.79973
-3.308862 11.11166
-3.423951 10.63063
-3.442164 10.80428
-3.52829 10.73949
-3.677474 11.01188
-3.50639 10.20039
-3.128273 10.46949
-3.118259 9.972702
-3.222421 10.32208
-3.374073 10.34724
-3.607406 10.32082
-3.514486 10.1217
-3.4622 10.34312
-3.202795 10.78393
-3.06449 11.51895
-2.714357 10.81827
-3.122721 10.84429
-3.525688 11.51151
-3.403839 11.0496
-3.476712 9.845327
-3.479944 10.33753
-3.346877 10.70813
-3.631259 11.36364
-3.375842 10.54693
-3.437968 10.57387
-3.528597 11.21633
-3.571717 10.86472
-3.398056 11.40414
-3.348364 10.94277
-3.45756 10.73906
-3.505876 11.04965
-3.600405 10.35124
-3.407596 10.34453
-3.590692 10.89986
-3.956296 10.5004
-3.90143 11.56159
-3.460243 10.2311
-3.45895 10.23946
-3.4909 10.94945
-2.977302 10.5905
-2.981391 9.993935
-3.114949 9.790733
-2.989218 10.3124
-3.114044 10.41006
-3.262659 11.04184
-3.664511 10.97055
-3.724955 10.48131
-3.439758 10.31731
-3.642286 10.90636
-3.623353 11.28572
-3.601625 10.36321
-3.117549 10.89368
-3.590906 10.55409
-3.446967 11.04687
-3.289623 10.38735
-3.277456 10.48477
-3.452045 10.09296
-3.708589 10.71252
-3.725872 10.82668
-3.874714 11.60188
-3.433285 10.46103
-3.415815 10.93044
-3.150549 10.55395
-2.974168 10.99008
-2.977089 10.74148
-2.98956 11.13848
-3.216375 10.18189
-3.312889 10.75136
-2.842108 9.955071
-3.134892 9.964639
-3.453725 9.561422
-3.130584 9.947739
-3.203141 10.65366
-3.388353 10.43749
-3.365227 10.41355
-3.346063 10.18904
-3.368232 10.83979
-3.260126 10.09041
-3.38824 11.48197
-2.988414 10.01788
-3.076352 9.893235
-3.254113 10.11718
-3.32511 11.55537
-3.34787 10.12765
-3.405153 10.40999
-3.446554 10.26574
-3.72645 10.65097
-3.818648 11.0278
-3.641025 10.97698
-3.597888 10.85299
-3.622019 9.920719
-3.409391 10.69744
-2.952381 11.54491
-3.133577 10.28958
-3.143021 10.29391
-3.270818 10.6235
-3.161411 9.870009
-3.163193 10.99801
-3.226218 10.23891
-3.604991 10.52671
-3.457262 10.85049
-3.401932 10.58668
-3.558566 10.8217
-3.702445 10.32391
-3.457219 10.46847
-3.390361 11.1564
-3.632752 11.78674
-3.324559 11.36339
-3.063036 10.7094
-3.183262 10.23398
-3.575915 10.59377
-3.153953 10.58585
-2.990298 10.34582
-3.106555 11.12678
-3.298713 11.05257
-3.314552 11.19178
-3.197458 10.40993
-2.931798 10.96117
-3.020462 10.62246
-3.109882 11.39557
-3.279988 11.00192
-3.138925 10.94992
-3.313005 10.85838
-3.363036 10.41537
-3.494502 10.0706
-3.474827 10.10734
-3.266249 10.06683
-3.185831 10.35809
-3.171301 10.88548
-3.091586 10.1936
-3.136178 10.35476
-3.238783 10.96414
-3.292392 10.56153
-3.259844 10.50401
-3.718308 10.64397
-3.795106 10.82379
-3.940147 11.09722
-3.599955 10.47311
-3.55882 11.47327
-3.871371 9.94964
-3.46698 10.41303
-2.817389 10.32545
-2.766822 9.672269
-3.231684 11.05903
-3.504241 10.75382
-3.609916 10.82118
-3.40761 10.3703
-3.722287 10.53528
-3.617198 9.915762
-3.468323 10.69128
-3.757863 11.12399
-3.67553 10.34455
-3.368874 10.60434
-3.526584 10.85623
-3.638037 10.58426
-3.455273 10.67968
-3.287647 10.9631
-3.256616 11.047
-2.909802 10.69156
-3.14688 10.67715
-2.863125 10.39935
-3.083386 10.77426
-2.879377 9.670376
-3.382531 10.56091
-3.529766 11.39781
-3.486369 9.898616
-3.610147 9.71157
-3.78838 11.74379
-3.502478 10.60681
-3.200161 10.23764
-3.261716 10.52011
-3.302689 10.86451
-3.081848 10.2419
-3.493508 10.14846
-3.508562 10.70588
-3.430055 9.48135
-3.452331 10.52089
-3.396096 10.59084
-3.465432 11.06393
-3.293555 9.86372
-3.193909 9.820662
-3.215073 10.38229
-3.134033 10.48594
-3.233054 10.35654
-3.199956 10.32664
-3.122257 11.40023
-3.196661 10.70372
-3.352552 10.27192
-3.606566 10.63103
-3.441582 9.729181
-3.309152 10.3593
-3.432053 11.34396
-3.397945 10.42609
-3.545753 10.50534
-3.389499 10.32241
-3.403658 10.48061
-3.218507 11.77788
-3.261488 10.64805
-3.111674 11.48065
-3.338339 10.74885
-3.529801 11.1603
-3.546314 10.14114
-3.55778 10.8831
-3.298339 10.54249
-3.651081 10.56001
-3.57891 10.67707
-3.893856 10.95169
-3.600326 11.51942
-3.566633 11.21615
-3.92699 11.57247
-3.944758 10.21847
-3.756381 10.46471
-3.560768 10.04556
-3.629238 10.33109
-3.643939 10.91044
-3.253581 10.49676
-3.290213 10.49989
-3.161763 10.44128
-3.632596 11.30094
-3.517171 9.773329
-3.740524 10.4678
-4.291395 10.83109
-3.700524 10.99937
-3.619374 10.20657
-3.491737 11.33442
-3.416977 10.59702
-3.313662 10.26133
-3.357681 10.69407
-3.454872 10.23069
-3.186642 11.19689
-3.374935 11.04932
-3.462028 11.18769
-3.858256 10.27649
-3.581949 10.31106
-3.592575 10.93164
-3.573424 11.13011
-3.487004 10.53193
-3.544781 10.11297
-3.449465 10.76026
-3.443809 10.2023
-3.170597 10.44793
-3.305448 10.62668
-3.123908 10.5742
-3.627534 10.58285
-3.461893 11.14822
-3.18243 11.07216
-3.348511 9.857033
-3.647882 9.971744
-3.722798 11.08052
-3.590358 10.10755
-3.4446 11.13244
-3.563693 10.52508
-3.226886 10.92368
-3.506541 10.48234
-3.676823 11.19556
-3.849941 10.84188
-3.507313 10.90071
-3.530384 10.27661
-3.190774 11.37372
-3.10816 10.91961
-2.949933 10.89832
-2.94256 9.96611
-2.929561 10.34682
-3.686838 11.51971
-3.271096 10.55365
-3.336718 11.30286
-3.408952 9.907526
-3.62431 9.931679
-3.802424 11.00952
-3.590624 11.62282
-3.682335 12.32913
-3.721396 10.32869
-3.563894 10.96001
-3.66267 11.15253
-3.913306 11.41487
-3.778964 10.96673
-3.514211 10.76598
-3.503802 9.597716
-3.570616 10.60326
-3.410897 10.11864
-3.393445 10.97654
-3.633549 10.58447
-3.074023 10.39932
-3.021334 11.0723
-3.059914 10.80503
-3.025922 10.49719
-3.164756 10.86645
-2.946389 10.84158
-2.898384 10.97072
-3.127507 10.6779
-3.339563 10.54986
-3.462083 10.69896
-3.425915 10.35514
-3.450788 10.87535
-3.165106 10.38501
-3.280928 10.2097
-3.172678 9.980605
-3.434416 10.42993
-3.257157 10.64355
-3.339705 10.47408
-3.603311 11.26318
-3.395036 10.43141
-3.897046 10.57496
-3.543367 11.06965
-3.484498 10.19699
-3.292359 11.6853
-3.341678 11.11276
-3.074356 10.18584
-3.447006 11.16202
-3.93744 10.71834
-3.875652 10.59126
-3.744255 10.77891
-3.632084 10.62026
-3.720071 10.53799
-3.506808 10.4143
-3.608568 11.16144
-3.772326 11.2057
-3.472289 10.71039
-3.280989 10.94077
-3.29845 11.33394
-3.289616 11.36595
-3.360071 11.2357
-3.024375 10.51842
-3.196389 10.84514
-3.341663 9.980056
-3.259121 11.25528
-3.361699 11.3239
-3.506056 11.10934
-3.379385 10.70471
-3.558796 10.64731
-3.397995 11.27183
-3.130378 10.74508
-3.353495 10.8054
-3.391298 10.54638
-3.494446 9.990592
-3.565772 10.55232
-3.617034 10.18389
-3.367779 10.41659
-3.300186 10.13411
-3.203105 10.68082
-3.674137 10.81437
-3.594205 10.86386
-3.409953 10.65603
-3.58729 10.99102
-3.700122 10.37444
-2.949361 10.68306
-3.103577 10.67695
-3.060248 10.86153
-3.359639 10.34223
-3.409952 10.02631
-3.145648 10.61151
-3.460449 10.37706
-3.385715 11.3883
-3.286526 11.1307
-3.245837 10.37798
-3.366577 10.41433
-3.481447 10.08212
-3.429977 10.56997
-3.652551 10.57859
-3.563374 11.59198
-3.617676 11.19073
-3.557629 10.89241
-3.768591 11.34063
-3.460465 11.07231
-3.758123 10.79934
-3.521369 11.37605
-3.403945 10.13223
-3.1485 11.11035
-3.458048 9.627036
-3.336306 10.89588
-3.346474 11.36882
-3.638641 10.07169
-3.299204 10.08099
-3.25802 9.708435
-3.23931 10.93971
-3.333619 11.25289
-3.756836 9.841329
-4.04885 10.71844
-3.589468 11.33682
-3.653522 11.131
-3.549221 11.49317
-3.493976 11.32899
-3.380581 11.1854
-3.5137 10.54937
-3.36645 10.93392
-3.525271 10.27767
-3.63019 10.53075
-3.791687 10.56265
-3.421787 11.19699
-3.672981 10.43237
-3.029786 11.33217
-3.289449 10.45078
-3.348255 10.5984
-3.385203 10.85401
-3.21688 10.8347
-3.369878 11.19144
-3.672785 10.92627
-3.743654 10.43022
-3.808536 10.90103
-3.551315 10.2146
-3.563939 11.2781
-3.595741 11.26138
-3.521341 10.80468
-3.289233 11.00548
-3.154456 9.844151
-3.363805 11.38347
-3.534263 10.66363
-3.334099 11.25505
-3.368731 10.79744
-3.577425 10.57485
-3.515549 11.57171
-3.194832 10.64787
-3.102291 10.17779
-3.043324 10.68753
-3.497262 11.16873
-3.428206 10.42696
-3.475649 10.00786
-3.332926 11.20784
-3.225651 10.44276
-3.20939 10.30274
-3.160626 10.64561
-3.177848 10.74254
-3.45947 10.06202
-3.621135 10.67348
-3.559781 10.98011
-3.734213 10.97232
-3.812178 11.42033
-3.692635 11.65208
-3.560096 11.38952
-3.307578 10.89082
-3.22822 10.30792
-3.547242 10.78074
-3.182033 11.21078
-3.394798 10.53352
-3.54537 9.802375
-3.499868 10.79169
-3.376307 11.08496
-3.189812 10.2359
-3.158191 10.45858
-3.269478 10.31117
-3.35524 10.56029
-3.424179 10.51357
-3.421776 10.60915
-3.042996 10.60243
-3.421738 9.876772
-3.5365 10.50198
-3.552226 11.38434
-3.596703 10.63136
-3.504124 10.38161
-3.54044 11.40744
-3.672898 10.34489
-3.678984 10.48067
-3.80414 10.53477
-3.544399 11.32993
-3.656776 10.46105
-3.574716 10.74887
-3.605462 10.98425
-3.356009 11.01909
-3.296341 11.21301
-3.174064 10.78736
-2.994627 10.3525
-3.389989 10.26722
-3.132383 10.65428
-2.969396 10.5226
-3.354043 10.70977
-3.139366 10.64871
-3.414611 10.28063
-3.528679 11.39572
-3.234116 10.73296
-3.516743 11.51974
-3.452633 10.62899
-3.164064 10.26681
-3.883918 10.1326
-3.622075 10.8684
-3.991205 10.19751
-3.051195 10.92692
-3.402357 10.79422
-3.35267 10.7103
-3.242992 10.48598
-2.904602 10.14451
-3.072957 10.3654
-3.116509 10.59843
-3.138992 10.87858
-3.471727 10.03563
-3.33551 10.47017
-3.04987 10.02298
-3.402538 10.63805
-3.565269 10.58577
-3.466152 10.81658
-3.636106 10.65742
-3.32137 11.07234
-3.08785 10.66983
-3.215357 10.33587
-3.236463 9.858397
-3.112744 11.01275
-3.259425 10.41604
-3.424303 10.30757
-3.53308 10.24598
-3.362545 11.67721
-3.349421 10.33046
-3.066927 10.07553
-2.806858 9.710285
-3.335831 10.98034
-3.318122 9.48036
-3.611376 10.69444
-3.325031 10.18171
-3.153848 10.11554
-3.039451 9.809625
-3.130707 10.07998
-3.482993 10.30197
-3.310704 10.51796
-3.24757 10.12151
-3.201565 10.66458
-3.24965 11.18071
-3.565989 9.904838
-3.381062 11.11251
-3.306712 9.870197
-3.481771 10.2809
-3.338862 10.66633
-3.572867 10.65193
-3.112961 10.55905
-3.526297 10.15758
-3.458562 10.92399
-3.288916 11.28743
-3.23768 10.57545
-3.42249 10.32075
-3.335396 10.55032
-3.584172 11.33852
-3.47612 11.1644
-3.634179 10.5101
-3.34877 11.11406
-3.05033 10.69358
-3.190681 10.04265
-3.064416 9.596214
-3.134074 9.796137
-3.396503 10.37624
-3.335134 10.71763
-3.319215 10.14512
-3.220928 10.59108
-3.337702 10.61965
-3.273203 10.80302
-3.39284 10.45457
-3.37994 10.26928
-3.211443 9.601841
-3.541532 10.39298
-3.383805 10.4408
-3.365513 10.44877
-4.147491 10.39588
-3.854072 11.71144
-3.582451 11.80114
-3.612866 10.71096
-3.544499 10.38894
-3.663456 10.31983
-3.754485 10.55277
-3.956915 10.31376
-3.800474 11.09384
-3.745835 10.61588
-3.264177 11.04107
-3.30068 10.04986
-3.485986 10.9342
-3.289237 10.35537
-3.643498 10.7694
-2.872648 9.953394
-3.054432 11.41226
-3.357005 10.37919
-2.983596 10.15901
-3.256444 11.00772
-3.214848 11.40562
-3.272542 9.958008
-3.4394 10.39797
-3.232207 10.13297
-3.231096 10.88303
-3.374224 10.51103
-3.170757 10.16898
-3.256813 10.50528
-3.146941 10.74654
-3.372403 11.08837
-3.520158 10.9406
-3.637338 10.59448
-3.711629 10.81684
-3.375849 11.36401
-3.459268 10.53603
-3.122084 10.79545
-3.277692 10.21963
-3.281501 10.65161
-3.366574 9.708083
-3.685754 10.88607
-3.360366 11.00658
-3.273591 10.99049
-3.322457 10.28298
-3.330373 10.38607
-3.471592 10.92472
-3.301767 10.6408
-3.136362 10.41271
-2.718628 10.74528
-3.167658 10.58401
-3.10909 10.13685
-3.469511 10.58927
-3.213155 10.35292
-3.582262 10.40377
-3.117704 10.17464
-3.354892 9.531907
-3.349891 10.19906
-3.180135 10.99935
-3.26583 10.92418
-3.483206 10.85704
-3.565613 10.51313
-3.637576 10.64252
-3.531839 10.83594
-3.457227 11.65437
-3.346638 10.20696
-3.249861 11.0653
-2.854499 10.64864
-3.170813 11.5538
-3.248379 10.82661
-3.64891 10.56075
-3.431997 11.24224
-3.500675 10.28089
-3.51676 10.8236
-3.46785 10.57379
-3.509383 10.87856
-3.648289 10.74037
-3.710828 10.36116
-3.554584 10.86079
-3.805495 10.49043
-3.524379 11.32756
-3.390558 10.24182
-3.172972 9.991029
-3.180092 10.85514
-2.996769 10.61872
-3.140758 11.59541
-3.156076 11.06339
-3.264261 10.60974
-3.007187 10.63038
-2.982073 10.59931
-3.069481 10.1729
-3.282579 10.184
-3.425529 10.61956
-3.602134 10.55524
-3.562425 9.987077
-3.60512 10.40556
-3.219266 9.780455
-3.311103 10.81407
-3.377112 10.70906
-3.130518 10.59995
-3.121533 10.98568
-2.786389 9.594637
-3.119266 10.60033
-3.065098 9.234944
-3.047044 10.22646
-3.11485 10.08674
-3.503082 10.56517
-3.344825 10.78745
-3.20329 10.29269
-3.517204 10.4256
-3.594585 11.15798
-3.597413 10.35759
-3.520152 10.40897
-3.514836 9.926416
-3.417242 9.646919
-2.963064 11.12358
-3.254133 11.60812
-3.120201 10.74168
-3.160855 10.59223
-3.507036 10.58894
-3.220477 10.59626
-3.525136 10.15983
-3.45459 10.21024
-3.135948 10.06188
-3.402424 10.37214
-3.35356 10.94009
-3.26196 10.35992
-3.34713 10.41389
-3.358955 9.676419
-3.453643 10.64059
-3.226595 9.862063
-3.194829 10.28453
-3.501297 11.67143
-3.375563 10.46254
-3.303339 10.31059
-3.037519 10.32285
-3.121065 10.43496
-2.993385 10.58204
-3.020316 10.62734
-3.074609 10.76123
-3.204463 10.98984
-3.520778 10.79622
-3.278971 9.624922
-2.972257 9.539544
-3.450957 10.50696
-3.347371 11.9706
-3.476583 11.15232
-3.20443 10.48733
-3.253208 10.69904
-3.365576 11.08286
-3.141872 11.4439
-3.415208 10.86623
-3.390311 9.995628
-3.374458 9.872293
-3.307739 10.55118
-3.183857 10.56774
-3.474503 10.9817
-3.296002 9.777042
-3.245647 10.64817
-3.197064 10.20946
-3.40917 10.62057
-3.468531 10.13472
-3.727697 11.1622
-3.440172 11.13592
-3.151219 10.93004
-3.375456 10.2657
-3.307961 10.44363
-3.221549 10.25377
-3.197069 10.50524
-3.001884 10.82184
-3.561616 11.34792
-3.112872 9.977012
-3.26728 10.77283
-3.297024 10.70915
-3.416549 10.24351
-3.165796 10.55484
-3.363885 9.94449
-3.241813 9.818921
-3.349702 10.64882
-3.601775 11.17677
-3.602647 10.66182
-3.571042 10.09658
-3.862033 9.601161
-3.569863 11.17157
-3.698124 9.996451
-3.478772 10.58501
-3.596142 11.41797
-3.837084 11.28227
-3.376812 10.49694
-3.105987 10.41401
-3.388513 11.05124
-3.33739 10.96027
-3.464109 10.40292
-3.210359 10.53849
-3.425808 10.36684
-3.284079 10.35287
-3.368801 9.814332
-3.249006 10.50097
-3.205451 10.12106
-3.055617 10.57334
-2.971381 10.43879
-2.988641 10.9572
-3.013568 10.37803
-3.684005 11.23316
-3.457871 11.47112
-3.677628 10.46723
-3.369519 11.06208
-3.087494 10.39182
-2.98989 10.29095
-3.245238 10.50184
-3.219621 10.81957
-3.841572 11.22057
-3.923372 10.61042
-4.116873 11.26363
-3.845785 11.64915
-3.842523 10.16368
-3.763916 11.78934
-3.431562 11.1514
-3.289063 11.02821
-3.596115 11.28262
-3.953844 11.24987
-3.868141 10.45516
-3.514205 10.01999
-3.652657 11.0109
-3.576694 11.34743
-3.232606 10.94519
-3.391442 10.6926
-3.470582 10.57176
-3.368087 11.14417
-3.302878 10.9797
-2.67746 10.58277
-3.117828 10.35903
-3.334323 9.694667
-3.274769 10.5433
-3.359655 10.33935
-3.440836 10.09331
-3.538614 10.57262
-3.572778 10.58064
-3.5541 10.60318
-3.472971 11.08846
-3.394797 11.37171
-3.411053 10.14395
-3.588247 10.5135
-3.506589 10.27205
-3.482193 10.69823
-3.317475 11.34439
-3.458612 9.555006
-3.549146 10.20485
-3.877566 10.41544
-3.755254 10.76385
-3.748341 10.86343
-3.387003 11.24281
-3.606145 10.46158
-3.512614 10.91062
-3.414795 11.13944
-3.224095 10.78728
-3.217049 11.57228
-3.461155 11.04392
