Delta_1 Delta_2 
5.333524 -2.315341 
4.13991 -2.388764 
2.245854 -2.234959 
8.244787 -1.916252 
7.746303 -2.838963 
4.824332 -3.171094 
5.588125 -3.332941 
5.076159 -2.743053 
5.139216 -3.165546 
3.786493 -3.082467 
6.579643 -3.029722 
3.145463 -2.807488 
2.819027 -2.274038 
3.59836 -1.861344 
3.181121 -1.863069 
4.899791 -2.083357 
4.974593 -2.138812 
5.982371 -2.514709 
5.842146 -2.593369 
3.145346 -2.089405 
3.576612 -2.524798 
2.296748 -2.692518 
2.90916 -2.880441 
1.710328 -2.708028 
3.382571 -2.843571 
3.02517 -2.913493 
6.68271 -2.664824 
5.664388 -2.391398 
5.820204 -1.92866 
4.094813 -1.617566 
0.6007979 -1.732921 
0.6163521 -1.711353 
2.616995 -1.909916 
3.051483 -2.273265 
2.215373 -2.251843 
1.731557 -2.430138 
0.5513691 -2.743327 
1.451684 -2.781117 
3.213116 -2.456309 
2.012661 -1.535658 
3.597004 -1.832738 
2.155187 -2.248262 
2.013316 -2.137818 
3.534363 -2.533278 
5.375212 -2.540621 
5.384883 -2.846384 
4.930341 -3.311344 
8.290947 -3.44868 
7.81013 -3.494432 
3.957212 -3.389147 
4.998358 -2.947891 
5.921742 -2.433178 
5.752962 -2.795816 
5.040753 -2.314386 
5.64041 -3.335219 
4.993455 -2.584558 
4.191268 -2.313293 
5.130906 -2.347763 
4.526499 -2.507438 
6.307575 -2.661002 
6.875862 -2.519648 
5.495223 -2.719192 
5.096605 -2.09159 
5.694832 -1.970267 
4.678138 -1.992114 
4.572118 -1.11788 
3.666983 -2.073333 
6.12097 -1.662578 
6.663689 -1.865146 
3.237437 -2.624346 
4.403156 -2.737638 
3.22636 -2.66203 
2.959851 -2.395562 
2.552373 -1.851392 
2.890084 -2.086682 
2.782327 -2.476209 
6.495844 -2.858936 
5.935196 -3.060493 
6.060772 -2.483745 
7.284023 -2.859517 
4.893999 -2.958276 
4.112684 -2.905512 
4.299501 -2.582019 
2.311757 -2.732666 
0.9622193 -2.676297 
3.115434 -2.531387 
2.619495 -2.055679 
2.7837 -2.202296 
2.635239 -1.972894 
2.926556 -1.491514 
4.703333 -1.844933 
1.742676 -1.522383 
1.6292 -1.618209 
1.548534 -1.304714 
2.111737 -1.544366 
2.176501 -1.345957 
1.528548 -1.617294 
1.686219 -1.342924 
1.51296 -1.826796 
1.712247 -1.844447 
1.752557 -1.540523 
3.338755 -1.862952 
3.464277 -1.76138 
4.432548 -2.36232 
3.708017 -2.280933 
4.627382 -2.363043 
3.905512 -2.607736 
5.061524 -2.483628 
5.519888 -2.461358 
4.921239 -2.991526 
3.881574 -2.962362 
5.073713 -2.306618 
5.234802 -2.414949 
5.759811 -2.315292 
2.302532 -2.538141 
3.279802 -2.314353 
3.031548 -2.316678 
3.210935 -2.487433 
1.887037 -1.99544 
1.671097 -2.011655 
1.358501 -2.298245 
5.536081 -2.354831 
6.174937 -2.49999 
4.536078 -2.546379 
3.15635 -2.61708 
3.271109 -2.451861 
1.98627 -2.125983 
3.26684 -2.250269 
3.345978 -2.050889 
3.743311 -2.033233 
3.177265 -1.995099 
5.079791 -2.269459 
5.186234 -1.737369 
2.982435 -1.388528 
4.455182 -1.755085 
3.457351 -1.831245 
2.275269 -2.026387 
2.855922 -2.12379 
1.767587 -1.971263 
1.790855 -1.965876 
2.296991 -2.13023 
0.3727906 -1.878669 
0.8010363 -1.846769 
2.338017 -2.356733 
5.194977 -2.691014 
3.244203 -2.582553 
3.943822 -2.850826 
4.146638 -2.55974 
3.860219 -2.694461 
6.067504 -2.508634 
5.521537 -2.320077 
2.518924 -2.180975 
2.679393 -2.060178 
2.954876 -2.116582 
4.048998 -1.828266 
3.457617 -1.845251 
6.096231 -2.171477 
3.637199 -2.523892 
3.251337 -2.155461 
3.017848 -1.937435 
3.435017 -2.178875 
3.062257 -1.839958 
3.540737 -2.083818 
3.084057 -1.982102 
3.531738 -1.887745 
2.258761 -2.165887 
3.597523 -2.253668 
4.853187 -2.43322 
4.253161 -2.373469 
3.71823 -2.305755 
4.357572 -2.443283 
3.723976 -1.925476 
4.793411 -2.495341 
4.771659 -2.838421 
2.595767 -2.734727 
3.562979 -3.179351 
5.46651 -3.251721 
4.29604 -2.904262 
2.570882 -2.578637 
1.939469 -2.511399 
3.012565 -2.224788 
4.199525 -2.021325 
1.741452 -2.199863 
2.141638 -2.105241 
1.766188 -1.971841 
2.864445 -1.938794 
3.486527 -1.822484 
3.089563 -1.76397 
2.717186 -2.006133 
1.640104 -2.013008 
2.606956 -2.064549 
2.23868 -2.318825 
1.567491 -2.764741 
3.825398 -2.491525 
4.880733 -1.957703 
3.624437 -1.790837 
3.981328 -1.586231 
3.6803 -1.502743 
3.229592 -1.629265 
0.5190396 -1.845055 
0.7911804 -2.002556 
2.02461 -1.773875 
2.915533 -1.655659 
2.719422 -1.940932 
1.05281 -1.751543 
0.7195453 -1.735743 
2.26072 -1.876025 
2.813746 -2.354378 
4.002587 -2.366402 
4.273626 -2.821247 
3.909579 -2.286557 
3.632866 -2.209458 
3.729035 -2.030755 
3.906906 -2.516073 
4.797185 -2.592982 
6.519405 -2.118633 
4.531765 -1.88834 
4.748093 -2.270245 
2.12619 -2.088288 
2.176546 -2.004828 
3.088968 -2.111914 
3.457769 -2.355947 
1.754057 -2.259665 
4.110285 -2.058491 
4.111068 -1.815335 
4.415582 -1.778499 
3.508005 -2.600994 
3.173233 -2.57111 
3.299005 -2.394787 
4.169007 -2.612788 
2.391953 -2.555235 
3.243441 -2.52756 
2.957111 -2.459016 
5.210783 -2.937032 
4.508986 -2.588031 
5.61678 -3.168321 
4.499268 -2.817522 
3.300731 -2.622895 
0.8978398 -2.889094 
3.239565 -2.835808 
1.105302 -2.364552 
1.371567 -2.498955 
3.114889 -2.620818 
7.752695 -2.814622 
7.964608 -2.083056 
7.821339 -2.090635 
-0.5794188 -2.285414 
3.176392 -2.77895 
4.157029 -2.87379 
4.986795 -2.53041 
4.714487 -2.504702 
6.021184 -2.457852 
4.002951 -2.16079 
5.807185 -1.915482 
8.319698 -2.00702 
4.652723 -2.446553 
5.041105 -2.70945 
5.01305 -2.647155 
3.028276 -1.826196 
5.861918 -2.192992 
5.605155 -2.909159 
4.7161 -2.594635 
2.691476 -2.159098 
2.80213 -1.869267 
2.250986 -1.878629 
3.337108 -1.767633 
3.902397 -2.319099 
1.824135 -2.359639 
3.402052 -2.272698 
5.17402 -2.308882 
4.527734 -2.216913 
5.28362 -1.827907 
4.044134 -1.771949 
4.274126 -2.208994 
3.053525 -2.580437 
3.671582 -2.386047 
4.361559 -1.907755 
2.608108 -2.334487 
4.625176 -2.229735 
4.766593 -2.398671 
5.483042 -2.753261 
5.312206 -3.297085 
6.805039 -2.69941 
7.934653 -2.606839 
5.866273 -2.983953 
3.550006 -3.027611 
2.698577 -2.501589 
5.0188 -3.196829 
4.37015 -2.811828 
4.875301 -2.307392 
5.657299 -2.342126 
5.877368 -2.403503 
2.797162 -1.695898 
2.481459 -1.169882 
1.676334 -1.253943 
2.488718 -1.350819 
3.162307 -2.516687 
3.526166 -1.664736 
2.179638 -1.829727 
2.189255 -2.227163 
3.912246 -2.588586 
1.679134 -2.267646 
5.762153 -2.440643 
2.75467 -3.00004 
2.023506 -3.100891 
4.434168 -3.518072 
4.486574 -3.047335 
4.826164 -1.917443 
4.61875 -2.382504 
5.599587 -2.356967 
6.138571 -1.90625 
6.229676 -2.21319 
4.962462 -2.761747 
4.860385 -2.714799 
3.185735 -2.845259 
2.95044 -2.430591 
3.971486 -2.209653 
3.464752 -1.939479 
3.843704 -1.931618 
4.110921 -1.783306 
4.474034 -1.798581 
3.703975 -1.81232 
3.638807 -1.911806 
5.02093 -1.90666 
5.067955 -1.758133 
5.129638 -2.072614 
4.581055 -1.853098 
5.918873 -2.501219 
4.815473 -2.072183 
4.723463 -2.073952 
4.056654 -2.49119 
3.556205 -2.033354 
3.063728 -1.876288 
3.879013 -1.836665 
4.302562 -1.903981 
6.230537 -1.881673 
6.660487 -2.09906 
4.25295 -2.665482 
3.634754 -2.627889 
4.267821 -2.410707 
2.741332 -2.574982 
2.557606 -2.304631 
8.105052 -3.081176 
8.761202 -2.947319 
6.505886 -3.373795 
4.61037 -3.090799 
4.271745 -2.964827 
1.890318 -2.327275 
4.646976 -2.227716 
3.761648 -2.57111 
4.745835 -3.227573 
5.896122 -3.010572 
5.306959 -3.194028 
5.040052 -2.716777 
5.034356 -2.683645 
4.493404 -2.622524 
3.248148 -2.957589 
6.533144 -3.248017 
6.21389 -3.553537 
6.251912 -2.561402 
4.866312 -2.399494 
6.252078 -2.668467 
6.125354 -3.070841 
6.02627 -3.100326 
9.487755 -2.736704 
6.639027 -2.671402 
5.589099 -2.695575 
6.147547 -2.814268 
6.162526 -3.414688 
5.851794 -2.284285 
2.18383 -2.660699 
4.709156 -2.902693 
6.268008 -2.631559 
4.736191 -2.460824 
4.246292 -2.216323 
5.535515 -3.408735 
4.957903 -3.033109 
5.02779 -3.250889 
4.979418 -3.308875 
5.889278 -3.571189 
7.248642 -3.106747 
7.195989 -3.242624 
6.822696 -3.264271 
7.557227 -2.867979 
8.646445 -2.27059 
9.084085 -2.249867 
9.540433 -2.555263 
5.687639 -2.921302 
4.59757 -2.544713 
5.006933 -1.705514 
4.945118 -1.606702 
3.995653 -1.359659 
2.591978 -2.005445 
3.37952 -2.276454 
3.303606 -2.147274 
3.718987 -2.06142 
2.342469 -2.347244 
2.408901 -2.027771 
4.941189 -2.089301 
4.025926 -2.346592 
2.345172 -2.293586 
3.651858 -1.965506 
4.262377 -2.273511 
3.414591 -2.642668 
2.688798 -2.796115 
1.807054 -2.424075 
6.156466 -2.279591 
6.571508 -2.470124 
5.042492 -2.477417 
4.375145 -2.359099 
3.607971 -3.158735 
4.160162 -3.114154 
3.500476 -3.194838 
2.492554 -2.99071 
7.322396 -3.609037 
7.366265 -2.681302 
4.194635 -2.349375 
5.40746 -2.402031 
4.348948 -2.378212 
4.758675 -2.702753 
2.679189 -3.094736 
3.267702 -3.130408 
1.837141 -2.848571 
2.766647 -2.586062 
2.791316 -2.291022 
3.922453 -2.528405 
5.392619 -2.885117 
5.625514 -2.647014 
5.884806 -2.584567 
3.937233 -2.733047 
4.418136 -2.546813 
6.020187 -2.891384 
4.153434 -2.734033 
4.097221 -2.501326 
3.663018 -2.360326 
3.515658 -2.045479 
4.827999 -1.767632 
5.653227 -2.344857 
5.193065 -2.179237 
5.1407 -1.830674 
5.098379 -2.215566 
6.090276 -3.068984 
8.133711 -2.697222 
6.628553 -2.85871 
5.993582 -2.496226 
4.285986 -1.39817 
3.417371 -1.533957 
2.08975 -1.585413 
1.747815 -1.283478 
2.064599 -1.168335 
2.890049 -1.361286 
3.751405 -1.343905 
3.213655 -1.738736 
1.788088 -2.198725 
2.711384 -2.228276 
1.791244 -2.057175 
1.437209 -2.362392 
2.250556 -2.883323 
4.84179 -2.779835 
4.492746 -3.134477 
9.151929 -2.743797 
7.350614 -2.612146 
5.633323 -2.354903 
4.979445 -2.650532 
2.744834 -2.449128 
4.839483 -2.442041 
8.178767 -2.352002 
4.590866 -1.953251 
4.297626 -2.455772 
3.405075 -3.099479 
6.988209 -2.61182 
7.370756 -3.242131 
7.838191 -2.282351 
7.583088 -3.170687 
4.539406 -3.323718 
4.82316 -2.659704 
2.967762 -2.668262 
3.893587 -2.309253 
4.755612 -2.890284 
6.983355 -2.422574 
6.109473 -2.400583 
6.753786 -1.975429 
6.244121 -3.148456 
6.779742 -2.558179 
8.22262 -2.555747 
8.065841 -2.432704 
6.834039 -3.004681 
7.329424 -3.552015 
7.347842 -3.133881 
5.709319 -3.207578 
5.934003 -3.520525 
6.034084 -3.179942 
4.947284 -3.121987 
6.200365 -2.421852 
3.090341 -2.07438 
4.877154 -2.860729 
5.449429 -2.041753 
4.420321 -2.396224 
3.50266 -2.458568 
4.142803 -2.314632 
7.127138 -2.247064 
6.373104 -2.483152 
6.84446 -2.677893 
6.824684 -2.587167 
6.420147 -2.266018 
5.837641 -2.009528 
8.065013 -1.488255 
8.106075 -2.664072 
7.530709 -3.164888 
9.888935 -3.67618 
6.495486 -2.324813 
6.684431 -2.342236 
6.550016 -2.643858 
5.796436 -2.01102 
6.704366 -2.143513 
4.541952 -2.810716 
4.338516 -3.111329 
4.947017 -2.77856 
2.902593 -2.480248 
7.340999 -1.967182 
6.809629 -1.79733 
6.459013 -2.232915 
6.206701 -1.686594 
7.46502 -1.779134 
7.80282 -2.554012 
5.904878 -2.058525 
5.350767 -3.20628 
4.489873 -2.605763 
4.755081 -3.176885 
2.031624 -3.20437 
2.136734 -2.569357 
3.151067 -2.246177 
3.982047 -1.617228 
3.81369 -1.639318 
4.059456 -1.930809 
4.591442 -2.20247 
1.915228 -1.507157 
0.8108079 -1.390928 
0.8300831 -1.453744 
0.6480923 -1.499582 
0.5106273 -1.320312 
0.483872 -1.372358 
2.771111 -1.19136 
2.769375 -1.103585 
1.592791 -1.976214 
3.697332 -1.838231 
4.424774 -1.971147 
4.076908 -3.069266 
8.811628 -3.61536 
7.423906 -3.371302 
5.15752 -3.986449 
4.5482 -3.342646 
5.340213 -2.994912 
9.085358 -3.243187 
9.878596 -3.212958 
7.456447 -3.672479 
1.870908 -3.686003 
3.552538 -2.53168 
4.240269 -3.276222 
4.636303 -3.367558 
6.747343 -3.12279 
6.660131 -2.979904 
6.611795 -2.726262 
9.893474 -3.11448 
8.155104 -2.320308 
8.578934 -2.967931 
7.918532 -3.458613 
9.185853 -3.044217 
7.610113 -3.064864 
1.138231 -2.771356 
3.652706 -2.837275 
7.734448 -2.488154 
7.762872 -2.829001 
6.894826 -2.824382 
4.726108 -2.59001 
4.557525 -2.565035 
7.139111 -2.467086 
7.398225 -2.55848 
9.189061 -2.410264 
7.206247 -2.812763 
4.240315 -2.129074 
1.444301 -2.154999 
1.569473 -2.525688 
3.758201 -2.655796 
3.030408 -3.017827 
5.122972 -3.598412 
11.61486 -3.537566 
2.326217 -3.525458 
5.447279 -3.928546 
4.588615 -3.094913 
4.630988 -2.162202 
4.641962 -2.303078 
3.861439 -1.612277 
3.161634 -1.340312 
2.366946 -1.556493 
2.054106 -1.517473 
1.518715 -1.552906 
0.7318221 -2.001609 
2.990438 -1.796483 
2.161916 -1.409903 
2.414818 -1.651522 
2.113035 -1.704569 
0.4910476 -1.676834 
0.59614 -1.665438 
3.410233 -1.81703 
4.836136 -1.530342 
3.886433 -2.02195 
3.482638 -2.326265 
2.306256 -2.179962 
3.886621 -2.393278 
4.415701 -2.465297 
4.702227 -2.343068 
4.461992 -2.880362 
4.214468 -2.464274 
3.025132 -2.099921 
8.436772 -2.693968 
8.726214 -2.564382 
8.54849 -2.145647 
8.035347 -2.135729 
7.10015 -1.95345 
4.904093 -2.227884 
3.692567 -2.753317 
5.628807 -2.609846 
4.588469 -2.665804 
5.065715 -2.646079 
4.281505 -2.184564 
5.727063 -2.643281 
6.371433 -2.818405 
5.574239 -2.9658 
2.227506 -2.632582 
7.386089 -2.718764 
4.560535 -2.877825 
4.527258 -2.283824 
4.884894 -2.549011 
4.025455 -2.186179 
3.956752 -1.556027 
2.461486 -2.192229 
3.781624 -2.608341 
3.090743 -3.021885 
4.145345 -3.278575 
6.849183 -2.858856 
5.701688 -2.599071 
5.643095 -2.66037 
5.671014 -2.941836 
5.13202 -2.47364 
7.30278 -2.598329 
6.372255 -2.490553 
4.563329 -2.21662 
4.41728 -2.750586 
2.589168 -2.760603 
3.366934 -2.241937 
4.423349 -2.158639 
11.23347 -2.398739 
7.111615 -2.765024 
5.041996 -3.078468 
4.82408 -3.410251 
4.149203 -3.987709 
5.270315 -2.993229 
4.870885 -2.988244 
4.535709 -3.026461 
5.536028 -1.433803 
5.060832 -2.091339 
6.524457 -2.174276 
4.961036 -2.818589 
3.298025 -2.803512 
3.219604 -3.182691 
2.877806 -2.897576 
3.638392 -3.143377 
4.203909 -2.343137 
3.97118 -2.746111 
4.841142 -3.349548 
4.960389 -3.390289 
4.825194 -3.018991 
7.209837 -2.644949 
6.335929 -2.625154 
7.1604 -3.424184 
5.945119 -3.049772 
5.839815 -3.409758 
3.887122 -2.890992 
3.427775 -2.345936 
1.728122 -1.956279 
2.027987 -2.117294 
1.133423 -2.095787 
2.194519 -2.800613 
2.773549 -2.473401 
2.07863 -2.343858 
2.061625 -2.754921 
1.238312 -2.352742 
2.321638 -2.400985 
5.901556 -2.369147 
4.603816 -2.008804 
5.192134 -2.277771 
5.281666 -2.974445 
5.244323 -2.370701 
1.459354 -1.914074 
1.243397 -1.959426 
2.358199 -1.701954 
2.247155 -1.829952 
2.300109 -2.22102 
2.049612 -2.182977 
0.5125713 -1.745978 
1.749021 -1.887974 
1.05212 -1.903815 
3.915416 -2.886187 
4.924836 -2.114899 
6.920776 -2.227055 
6.144105 -2.300045 
5.365023 -2.111641 
4.829111 -2.10489 
5.530444 -2.589958 
5.608936 -2.940468 
4.282349 -2.734283 
6.934626 -2.868106 
1.454741 -2.309608 
5.295184 -2.502694 
5.623683 -2.665178 
5.732555 -2.05322 
6.296986 -2.628705 
6.126372 -2.781733 
7.916836 -2.558423 
7.456335 -2.480745 
6.967781 -2.556808 
5.739168 -2.929934 
3.197603 -2.835949 
4.570145 -2.154367 
3.665714 -2.394877 
3.613869 -2.810232 
7.708242 -2.765695 
7.057032 -2.785011 
6.098931 -2.824203 
5.287222 -2.523753 
3.745348 -2.633466 
3.547995 -2.368432 
3.156221 -2.335348 
3.404404 -2.55622 
2.619391 -2.621658 
3.640936 -2.459135 
9.082338 -2.341013 
6.492482 -1.715552 
6.624211 -1.44662 
6.421991 -1.966552 
4.289213 -2.242946 
3.760273 -2.450586 
4.468271 -2.752725 
3.082378 -2.411146 
2.060373 -2.178525 
1.942783 -2.357162 
2.623372 -2.265544 
2.827284 -1.933142 
3.089793 -2.429531 
4.003736 -2.758541 
5.31706 -2.373708 
7.505877 -2.762303 
6.998953 -2.727594 
3.587019 -2.509165 
3.715771 -2.357335 
4.907998 -2.225017 
6.377301 -2.663138 
6.577332 -2.32703 
6.828075 -2.868 
4.921782 -2.360441 
4.323372 -3.026338 
4.039659 -2.427928 
4.366962 -2.572877 
4.101103 -2.55346 
4.510559 -2.891665 
6.154776 -2.350342 
4.879156 -2.434631 
5.933857 -3.11277 
4.439835 -2.314771 
2.269761 -1.794162 
1.804435 -1.587986 
3.44048 -1.698122 
2.431902 -2.148135 
4.215024 -2.444897 
3.533909 -2.445178 
4.595448 -2.998827 
3.180546 -2.699324 
4.601713 -2.281649 
6.609212 -2.097975 
2.842555 -1.807088 
2.751882 -1.073916 
3.304817 -1.065795 
3.067332 -1.22733 
3.214999 -1.509543 
3.384246 -1.785391 
3.194977 -1.812586 
4.098943 -2.109527 
2.741219 -2.272568 
2.680079 -2.169423 
3.081725 -2.281042 
2.530195 -2.475888 
2.679825 -1.56346 
2.546317 -1.515218 
2.241524 -1.614758 
3.591319 -1.511741 
0.2504425 -1.347699 
1.598683 -1.956072 
3.305505 -2.300616 
2.808553 -2.118084 
3.050278 -2.458096 
3.782266 -2.616311 
5.303116 -2.523355 
3.64324 -2.785493 
2.156645 -2.626602 
4.121692 -1.755622 
6.437743 -1.820155 
4.0013 -1.862963 
4.110325 -1.957023 
5.283914 -2.162932 
4.484904 -1.622221 
4.383494 -1.601746 
7.48473 -2.167199 
7.833827 -2.538529 
7.32662 -2.291849 
7.724521 -2.686664 
6.204446 -2.703613 
7.10487 -2.577053 
4.94333 -2.350303 
4.414888 -2.517252 
3.581711 -2.650546 
5.887228 -2.798602 
4.961834 -2.946258 
6.276316 -1.98087 
6.019195 -2.006802 
6.828571 -1.659548 
4.861998 -2.286606 
5.687652 -2.516141 
5.294241 -2.709848 
8.182391 -2.604163 
5.736255 -3.1017 
4.291287 -3.464807 
4.825158 -2.850165 
7.710683 -2.29453 
4.507374 -2.396888 
3.015608 -2.123331 
4.093925 -1.808641 
3.652315 -2.008866 
3.597429 -1.832753 
3.047336 -1.840565 
4.542377 -1.831038 
3.388868 -1.886815 
3.186792 -2.206656 
4.855165 -2.372335 
4.807509 -2.265994 
4.061507 -2.353186 
3.907287 -2.347437 
3.363272 -2.156666 
4.698785 -2.316682 
5.074347 -2.066156 
5.008416 -1.971085 
3.41357 -2.417315 
4.679321 -1.850492 
3.765609 -1.921005 
3.123834 -1.537688 
3.767472 -1.673018 
3.484627 -2.103135 
3.128217 -2.195012 
5.514036 -2.254333 
6.484249 -2.529206 
5.29673 -3.176797 
4.553063 -2.905113 
3.583626 -2.634934 
5.248999 -2.667583 
5.096392 -3.412419 
6.900227 -2.745396 
3.369771 -2.086433 
5.314288 -2.113796 
7.8258 -2.521757 
5.156568 -2.531766 
5.864505 -2.911103 
6.214219 -2.834509 
6.934965 -2.869491 
5.992701 -2.413726 
5.066265 -2.185092 
4.89279 -2.252511 
4.37227 -2.367513 
4.93999 -2.077058 
3.038636 -1.852763 
3.402987 -1.990759 
3.741706 -1.987228 
3.08593 -2.368451 
4.490984 -2.567074 
4.010883 -2.28663 
3.366274 -2.361092 
5.235503 -2.253001 
4.039105 -2.584644 
4.665854 -2.769217 
3.632689 -2.832792 
4.636094 -3.027401 
6.507633 -2.997766 
7.040702 -3.412326 
7.23168 -3.304063 
2.167108 -3.252435 
4.404942 -3.012861 
3.716579 -2.927478 
4.649153 -2.913929 
4.269066 -3.024894 
2.656232 -2.750974 
4.360564 -3.373517 
2.873399 -2.6846 
3.121861 -3.206945 
3.716324 -3.058958 
5.92178 -3.087232 
4.130469 -3.028136 
5.261078 -2.931584 
5.301013 -1.985974 
4.753873 -1.721852 
3.672591 -2.190352 
4.544351 -2.848656 
1.663805 -3.271645 
3.720509 -2.98331 
5.156984 -2.895786 
6.46847 -3.627899 
7.744986 -3.73 
8.034186 -3.390317 
7.863319 -3.474481 
8.46861 -3.74685 
8.178893 -4.167473 
4.702646 -3.945926 
5.185025 -3.720069 
6.340744 -2.386442 
8.910658 -2.376697 
7.71237 -2.441175 
5.454784 -2.025485 
4.553865 -1.691234 
4.601207 -2.387975 
4.936271 -2.252649 
3.704771 -2.710971 
5.287555 -2.618062 
4.344715 -3.190427 
4.402718 -3.374252 
5.34012 -2.340333 
4.442442 -2.469938 
4.932447 -2.104085 
7.069775 -2.533498 
3.77329 -1.857006 
3.563813 -2.145148 
3.894156 -2.164982 
4.360078 -1.997605 
4.29847 -2.090829 
3.156169 -2.200304 
3.045282 -1.897801 
2.290419 -2.407062 
3.921206 -2.054717 
3.195175 -2.320017 
3.506208 -2.047215 
3.945984 -1.818897 
4.514189 -2.221266 
3.295708 -1.948763 
1.764036 -1.74586 
4.418772 -2.13975 
4.917939 -1.845597 
4.632866 -2.121264 
4.907568 -2.465327 
6.501871 -2.681496 
4.804561 -1.944176 
6.358925 -1.700003 
5.438734 -1.9248 
5.432142 -1.715072 
1.584317 -2.057817 
1.774109 -1.694369 
3.45953 -2.201555 
1.849588 -1.901194 
2.346684 -1.902758 
2.240611 -1.625896 
2.56932 -1.418608 
1.882756 -1.314905 
2.213375 -1.304453 
2.853151 -1.579413 
1.800931 -1.91096 
1.792966 -1.968827 
2.654128 -1.923108 
3.85008 -2.447223 
3.945569 -2.274829 
3.71049 -2.990768 
2.887602 -2.309251 
2.044558 -2.906019 
4.511978 -2.614804 
2.522479 -2.094945 
2.986521 -1.795431 
2.500294 -1.749666 
4.986055 -2.184315 
5.197511 -1.831035 
5.302282 -2.009383 
4.808142 -2.179685 
2.707491 -2.184761 
5.232514 -2.11482 
6.313419 -2.431578 
6.043545 -2.946123 
4.588309 -3.178572 
5.050556 -2.859683 
5.143011 -2.263316 
4.521011 -2.086143 
3.886 -2.161466 
3.345916 -2.092985 
2.720297 -2.201502 
4.932335 -3.005255 
4.706316 -2.603152 
6.057878 -2.166019 
4.400815 -2.243457 
4.0988 -2.146757 
2.190994 -2.648089 
3.59007 -2.213318 
3.134453 -2.001327 
3.753017 -2.122089 
4.111972 -1.841291 
4.198012 -1.703112 
5.304168 -2.187723 
5.028459 -2.603533 
4.910725 -2.29388 
4.357607 -2.025578 
1.516689 -2.160281 
2.783601 -1.670708 
4.002061 -2.304433 
6.060568 -1.71676 
5.122159 -2.202123 
4.107955 -2.383908 
5.096079 -2.421048 
4.026078 -2.209054 
6.027059 -2.325803 
5.820616 -1.929093 
5.31858 -2.179118 
2.312258 -2.165933 
4.151547 -2.616097 
2.115196 -2.582838 
3.405992 -2.562903 
5.222566 -2.741844 
3.902135 -2.311602 
3.629828 -2.095456 
3.673858 -2.818426 
2.029916 -2.38177 
1.651271 -1.882179 
2.540564 -1.990206 
3.323514 -2.279581 
3.222741 -1.526854 
4.030156 -2.002722 
2.66123 -2.007653 
3.503628 -1.902864 
5.284821 -2.085933 
3.989275 -2.754706 
4.836451 -2.684526 
4.175002 -2.764198 
5.439568 -2.452476 
4.118704 -2.606084 
4.953702 -2.516417 
4.117109 -2.39074 
4.44457 -1.855035 
3.949006 -2.221208 
3.605489 -2.403041 
7.111624 -2.79261 
4.928566 -3.091184 
3.515079 -2.615064 
4.530607 -2.25131 
7.905774 -2.355878 
5.138947 -2.158433 
5.833649 -2.07601 
3.517926 -2.718436 
2.634298 -2.937915 
3.735292 -2.196111 
3.693765 -1.755258 
2.837547 -1.747949 
4.581494 -1.978346 
4.926101 -1.864002 
5.066921 -2.06541 
3.94817 -1.820923 
3.93721 -1.642505 
4.41907 -1.552428 
3.438824 -2.154796 
3.254092 -2.02266 
2.776641 -2.173668 
2.601097 -2.089386 
4.151312 -1.881525 
4.299408 -2.076593 
4.797389 -2.326913 
4.910501 -2.7576 
4.655811 -2.68023 
3.778211 -2.651083 
4.768321 -2.982883 
3.11221 -2.511486 
2.235034 -1.509668 
2.107262 -1.665138 
1.372935 -1.635591 
1.16259 -1.789136 
0.5394594 -1.628793 
0.6176299 -1.795726 
2.565109 -2.386525 
3.568637 -2.503399 
4.622238 -2.87032 
5.419652 -2.992637 
4.930416 -2.685276 
5.81611 -2.258981 
6.659206 -2.751571 
6.0549 -3.26915 
5.929176 -2.98413 
5.883707 -2.532398 
6.560437 -2.164168 
6.075817 -2.379531 
8.560107 -2.954827 
4.474793 -3.029281 
6.90376 -3.009668 
-0.6073698 -2.706352 
1.913633 -2.474033 
4.419719 -2.561292 
2.755604 -3.006776 
2.234634 -2.360602 
2.193237 -2.085003 
2.611612 -2.102417 
3.445875 -2.371851 
4.885289 -2.644486 
4.454009 -2.658968 
6.366408 -3.014426 
5.66643 -2.615113 
3.804597 -2.691589 
5.233695 -2.633992 
5.231254 -2.148425 
4.646367 -2.401201 
3.536994 -2.257518 
5.355304 -2.33287 
5.603936 -2.474031 
8.317033 -2.567237 
8.816061 -2.220847 
8.05366 -1.96378 
6.323603 -2.605797 
4.869482 -3.406569 
3.342917 -2.801779 
2.799516 -2.894132 
3.400554 -2.875622 
4.975268 -3.220088 
4.718651 -3.074273 
6.180616 -2.309863 
4.715087 -2.087549 
4.164555 -2.423131 
4.346984 -2.231019 
3.460704 -2.214503 
2.531328 -2.187739 
2.987693 -2.169789 
2.730733 -2.094341 
3.766586 -1.721011 
4.208751 -2.034918 
6.410613 -2.374351 
3.637446 -2.426436 
3.335749 -2.155543 
8.771213 -3.192402 
7.374231 -2.561579 
7.895021 -2.121905 
4.953079 -1.807017 
4.661903 -2.232623 
4.214099 -2.625349 
3.719073 -2.552149 
4.572708 -3.006659 
7.277499 -3.235854 
5.149769 -3.519667 
3.515087 -3.279805 
4.827026 -2.89491 
4.61097 -2.897743 
1.889421 -3.054802 
3.264458 -2.019235 
3.935368 -2.241763 
5.993612 -2.328422 
6.52489 -2.213895 
6.714439 -2.381784 
8.486804 -2.842729 
8.566137 -2.927919 
6.094164 -2.770481 
3.231869 -2.155748 
3.990095 -3.101046 
4.059374 -3.187114 
3.209071 -2.670415 
5.67747 -2.882074 
6.317376 -2.947451 
5.976333 -3.002156 
6.945571 -2.749828 
6.842997 -3.096573 
2.084073 -2.256277 
1.223539 -2.210936 
2.5153 -2.439722 
2.244918 -2.521247 
4.292011 -2.11389 
4.670177 -1.872351 
3.369806 -2.31134 
4.198899 -2.639102 
5.474948 -2.606227 
5.288952 -2.669136 
4.557477 -2.327566 
6.035812 -2.538905 
5.339162 -3.018042 
7.375127 -2.181945 
6.077641 -2.150092 
7.284915 -2.29494 
4.173498 -1.772101 
6.094506 -2.025796 
6.58307 -1.522135 
5.943424 -1.619681 
3.527768 -1.894779 
2.471818 -1.366901 
1.97515 -1.472469 
2.325524 -1.324986 
2.073632 -1.346813 
2.59067 -1.611999 
2.541364 -2.173769 
2.807386 -1.788024 
1.559327 -1.900746 
1.356638 -2.324318 
2.277773 -2.061056 
2.714145 -2.140057 
3.087456 -1.62041 
2.845208 -1.804844 
2.410529 -1.945296 
3.106857 -1.883122 
2.70072 -1.579757 
1.300797 -1.567891 
3.79429 -1.528293 
3.515038 -1.783411 
2.599613 -1.942345 
2.645309 -2.144399 
1.973719 -2.06637 
2.731498 -1.861455 
2.827149 -2.055448 
2.811686 -1.912102 
3.841482 -2.313144 
3.307451 -2.420472 
2.306111 -2.66332 
2.121313 -2.543454 
2.451661 -2.360219 
2.115693 -2.319227 
3.529211 -2.624641 
2.947259 -2.156229 
2.892312 -2.080394 
1.186817 -2.392038 
1.802014 -2.638383 
1.887751 -2.519034 
3.31987 -2.900369 
7.138204 -2.613823 
7.527201 -2.726479 
4.431897 -2.66149 
3.599866 -1.944147 
4.222384 -2.014974 
3.613829 -2.192773 
3.955697 -2.044151 
4.988905 -2.126593 
2.874964 -2.172556 
2.35784 -2.293391 
3.898031 -2.301322 
2.372807 -1.864545 
2.05342 -1.884693 
3.866663 -1.752068 
1.525335 -1.900253 
2.001996 -1.731977 
2.812484 -1.714396 
4.144103 -1.678715 
3.798563 -2.184632 
4.722443 -2.177401 
4.932439 -1.934187 
5.275308 -2.061968 
5.457309 -2.119328 
5.444918 -1.80119 
4.823926 -2.45293 
4.25729 -2.588197 
6.606263 -2.410321 
5.857493 -2.684504 
4.711074 -2.453763 
2.598822 -2.856666 
2.033695 -3.117096 
3.144185 -2.639344 
3.421646 -2.569846 
2.75893 -2.260024 
3.704014 -2.100557 
3.334275 -2.174058 
1.554367 -2.226191 
3.189505 -1.783186 
3.197108 -1.886786 
3.288565 -1.951609 
2.971495 -1.955626 
-0.262205 -1.884902 
1.785922 -2.112784 
3.120724 -2.696584 
3.969265 -2.814264 
3.562036 -2.921156 
3.409085 -2.614262 
2.630394 -2.6048 
1.371032 -2.413375 
5.13515 -2.606474 
5.548668 -2.232173 
5.457334 -2.882038 
7.120618 -3.372269 
6.024719 -3.047174 
5.390411 -2.624397 
5.276955 -2.968758 
6.574631 -2.95675 
6.75071 -3.013611 
5.629639 -2.574982 
3.562272 -2.67701 
3.496311 -2.465491 
2.935738 -2.902132 
5.82852 -2.752248 
6.192269 -3.011904 
5.653358 -2.684272 
7.629698 -2.880892 
7.898504 -2.340508 
8.36585 -1.777726 
8.244479 -1.943117 
7.526158 -2.116157 
6.860557 -2.242526 
6.187558 -2.468098 
6.1644 -2.209958 
5.298009 -2.574025 
5.919811 -2.571281 
6.13147 -2.762105 
4.392962 -3.008566 
5.112925 -2.857545 
5.027367 -3.493369 
4.917474 -3.343616 
4.411156 -2.987127 
3.679801 -3.355137 
3.967816 -3.159665 
3.581857 -2.944358 
3.513752 -2.563534 
2.895527 -2.219899 
2.200881 -2.534224 
1.514917 -1.906357 
3.609957 -2.428716 
4.984029 -2.323928 
4.483794 -1.865097 
5.363952 -2.947578 
3.63614 -2.457057 
4.306882 -2.326238 
4.601684 -2.757653 
7.780842 -3.167897 
7.83977 -3.086542 
6.65344 -2.830036 
4.70698 -2.906235 
5.131267 -2.617708 
4.523949 -2.90613 
5.509969 -3.543276 
4.459468 -2.99966 
3.645628 -2.572645 
5.548967 -2.897564 
4.757117 -2.804752 
3.886218 -2.468926 
4.346484 -2.278743 
4.414298 -2.270496 
4.336609 -2.587606 
1.821201 -2.594049 
5.011981 -2.663136 
3.350027 -2.337749 
2.218626 -2.388027 
2.388521 -1.841552 
2.737775 -1.936066 
2.560718 -1.499409 
2.137313 -1.730564 
1.489339 -1.638071 
1.735842 -1.801659 
1.586198 -1.946393 
2.380062 -2.124978 
2.693983 -1.795716 
2.158871 -1.904144 
2.871277 -2.450204 
2.209093 -2.198892 
4.183462 -2.640689 
3.326756 -2.970063 
4.034885 -2.524659 
3.618733 -2.792273 
2.513337 -2.434368 
3.977703 -1.528264 
5.045444 -1.722967 
4.357662 -2.358614 
7.042244 -3.06627 
4.94858 -2.323183 
2.858413 -2.118165 
1.857472 -1.848609 
1.221486 -1.750352 
2.204997 -1.848282 
2.380279 -1.805215 
2.176154 -1.463562 
2.068992 -1.423306 
2.058705 -1.545019 
3.105522 -2.132382 
5.141864 -2.475645 
5.836241 -2.163301 
3.836224 -2.189478 
3.378712 -2.104758 
3.235324 -2.042086 
3.084531 -1.596829 
2.684705 -1.760201 
3.075793 -2.124002 
2.463278 -2.201768 
2.04265 -1.95242 
1.517076 -1.863789 
0.5910784 -2.018128 
4.355059 -2.708073 
4.901811 -2.688781 
6.850077 -2.45428 
5.942094 -2.764649 
4.431748 -3.065079 
4.88634 -2.717597 
2.879978 -2.71872 
4.104484 -2.506949 
4.863048 -2.839989 
4.271373 -2.75617 
5.809109 -2.680752 
6.115502 -3.264851 
5.330164 -3.167273 
4.125381 -2.832751 
3.605606 -2.678298 
4.411071 -3.366424 
1.984688 -3.107094 
3.293831 -2.665462 
2.598595 -2.193884 
2.6305 -1.661917 
2.53581 -1.508029 
2.277951 -1.699618 
2.520538 -2.009336 
1.627123 -2.341521 
1.279929 -1.842461 
4.269601 -2.615233 
-3.891914 -2.379023 
1.444087 -2.546364 
3.608599 -2.542877 
3.923893 -1.943141 
1.332531 -1.965285 
4.32922 -2.110366 
6.599525 -2.656452 
5.565249 -3.06428 
7.61429 -2.728994 
5.855975 -2.307985 
6.842291 -2.558206 
7.381676 -2.490933 
7.549367 -3.347825 
7.225148 -3.072881 
6.43907 -3.698573 
6.772857 -3.909409 
-0.7052429 -3.96165 
6.996018 -2.722428 
2.714776 -2.598735 
4.888624 -2.542336 
4.680437 -2.554271 
7.865798 -2.077463 
8.077361 -2.234575 
7.409198 -2.227344 
4.32252 -2.028403 
0.6026488 -1.7901 
2.52309 -1.453853 
4.979316 -1.72439 
3.641734 -1.987631 
4.307242 -1.967813 
0.5927548 -2.031977 
2.496647 -1.819915 
3.531669 -2.312289 
5.996667 -3.157678 
4.997031 -3.408036 
4.86239 -3.199738 
2.951008 -3.603279 
3.219799 -3.896893 
4.415965 -3.633702 
4.209508 -3.715341 
8.084097 -2.872773 
5.233902 -2.012888 
2.55819 -1.865847 
3.171049 -2.106545 
2.477025 -1.900582 
2.703082 -1.962287 
2.220057 -2.257231 
1.735106 -1.89003 
1.985218 -2.391681 
3.873238 -2.27744 
4.824026 -2.057768 
3.224857 -2.831311 
7.392755 -2.263762 
7.647982 -2.448061 
7.666649 -2.517869 
4.320361 -2.245077 
5.189524 -2.474546 
7.765665 -3.390151 
6.359357 -2.891923 
4.973803 -2.420719 
7.166036 -3.573638 
7.124903 -3.216789 
1.973145 -2.571601 
1.680427 -2.744877 
1.493958 -2.790619 
2.415695 -2.657777 
3.211101 -2.57893 
4.38569 -2.289079 
4.25325 -2.06917 
3.799565 -1.972762 
3.204557 -1.894208 
3.066632 -1.557286 
3.258606 -1.811411 
2.032556 -2.210309 
4.557173 -2.058981 
4.617016 -2.548212 
7.141069 -2.237504 
9.404146 -3.43105 
5.479147 -2.462328 
7.327776 -2.527757 
7.810394 -2.487262 
8.144672 -2.36562 
7.768862 -2.48067 
7.648913 -2.356267 
4.235511 -2.419146 
3.115112 -2.265394 
3.37354 -1.610617 
1.960783 -1.682468 
3.504512 -1.673443 
2.836143 -2.375532 
2.820274 -2.230456 
2.53863 -2.057431 
2.674606 -2.433997 
1.73758 -2.724025 
5.802157 -2.763726 
4.013342 -2.571754 
5.123998 -3.034513 
3.783152 -2.838559 
4.386083 -2.427216 
4.480777 -2.166017 
4.590897 -2.541614 
4.073008 -2.273968 
4.588211 -2.573671 
5.017386 -2.398881 
6.658293 -2.618486 
7.185222 -2.921872 
6.156717 -3.233893 
6.872763 -3.839507 
6.921106 -2.9975 
5.171054 -3.419734 
4.024496 -2.92573 
6.689591 -2.786351 
4.991204 -2.542786 
4.682711 -2.537951 
4.208069 -2.29629 
2.302495 -2.311571 
3.448766 -2.33413 
5.105504 -2.341143 
4.838279 -2.545597 
4.566782 -3.082708 
3.668853 -2.999473 
4.11184 -3.365058 
4.523481 -2.841015 
4.977009 -2.9777 
5.393146 -2.647103 
4.698704 -2.279591 
4.12894 -3.197235 
5.704171 -2.601739 
4.269369 -2.414734 
2.822063 -2.322441 
4.263584 -3.056808 
3.203465 -2.536785 
2.976113 -2.484755 
3.559927 -2.789515 
5.461452 -3.021898 
6.291041 -3.920523 
4.517648 -3.66379 
6.425878 -3.864782 
7.265215 -4.405746 
7.330613 -4.343074 
7.485701 -4.331836 
5.221985 -4.142351 
4.861793 -3.069129 
5.978198 -3.020503 
6.523115 -2.425895 
8.528267 -2.845976 
8.660606 -3.29988 
8.080034 -2.811227 
7.940858 -2.259716 
5.726426 -1.725363 
5.358364 -2.187745 
2.24032 -2.59673 
3.890099 -2.962045 
3.58443 -2.577843 
3.318307 -2.761607 
0.8651747 -2.476719 
0.563795 -2.702924 
5.8583 -2.474382 
6.427841 -2.618926 
3.939115 -2.341572 
5.122826 -2.591211 
3.217606 -2.521056 
5.226286 -3.373174 
5.099827 -2.678528 
5.379647 -2.879973 
5.214075 -2.777286 
3.832585 -3.2454 
5.782956 -3.924163 
6.938364 -3.191179 
7.293462 -3.10673 
6.295734 -3.087106 
6.091253 -2.571649 
4.744743 -2.680826 
3.977302 -3.187605 
3.094619 -2.937795 
5.631853 -2.408649 
7.197922 -2.661083 
4.90194 -2.455054 
3.916692 -2.929373 
5.277099 -2.327225 
3.113957 -1.905877 
3.557472 -2.146504 
4.776662 -2.69066 
4.006787 -3.03206 
3.23345 -2.785818 
2.29978 -2.780313 
4.555647 -2.933019 
10.99031 -2.990503 
11.1206 -2.605158 
11.0985 -2.155665 
9.359898 -2.066404 
4.504946 -1.886389 
5.382275 -1.721399 
3.787014 -1.977438 
5.09926 -2.246927 
6.077881 -1.708268 
5.593481 -2.75478 
5.234384 -2.442428 
3.632947 -2.257966 
4.463318 -1.97277 
6.059962 -2.227312 
5.090961 -2.446167 
3.016592 -2.771722 
3.199037 -3.247186 
3.670553 -2.918312 
6.165262 -2.77468 
2.721381 -2.246597 
3.330226 -2.435551 
5.856987 -1.622698 
7.147361 -1.437931 
6.050135 -1.75271 
4.791754 -2.088406 
3.42558 -1.755183 
3.989254 -1.636358 
3.613845 -1.840522 
4.28839 -2.307943 
4.07508 -2.633193 
3.500106 -2.213305 
4.86886 -2.328674 
4.316674 -2.699162 
2.804614 -3.082747 
5.216253 -3.371613 
5.870486 -3.44182 
3.793582 -3.355622 
5.061038 -3.197562 
3.999913 -3.236277 
5.602454 -2.755156 
5.495061 -3.004575 
4.698736 -3.206153 
4.606432 -2.749951 
2.289412 -3.024784 
3.822172 -2.798354 
6.207357 -2.694775 
5.304394 -2.990667 
4.804879 -3.202255 
4.782999 -2.894753 
3.416454 -2.304823 
4.555393 -2.185623 
4.929966 -2.861169 
4.175483 -2.265579 
4.210722 -2.137963 
5.986888 -1.546752 
7.275255 -1.946756 
9.394972 -2.112017 
8.49295 -2.191563 
8.562993 -2.284338 
4.776133 -2.581769 
5.346386 -2.988676 
3.234101 -1.909118 
4.059041 -2.366963 
4.95743 -2.388751 
4.033764 -2.283766 
4.209217 -2.530548 
2.988943 -2.02436 
3.040154 -2.34531 
3.988467 -2.570287 
3.856543 -3.04197 
2.176996 -2.347281 
1.926698 -2.26861 
3.773195 -2.614541 
4.995818 -3.187801 
4.881075 -2.256284 
6.07851 -2.395278 
7.575043 -2.43256 
8.322063 -3.014671 
5.479256 -2.758221 
4.106763 -2.551534 
4.824132 -2.902816 
3.829701 -3.220683 
2.82131 -2.543206 
4.672108 -2.725942 
6.722114 -2.749918 
7.097166 -2.786168 
6.343449 -3.210939 
5.919856 -3.075215 
6.778042 -3.047448 
4.610206 -2.632794 
5.113336 -2.622866 
2.899872 -3.559475 
4.71241 -3.4686 
4.611741 -3.173067 
3.195424 -3.493677 
5.33148 -3.343473 
6.173784 -3.358511 
4.897039 -2.560669 
5.322255 -2.479428 
5.321708 -2.855263 
4.877756 -2.222672 
5.111219 -2.303285 
8.092447 -1.987711 
8.760464 -2.829817 
8.1192 -2.795357 
6.945555 -2.351137 
2.668187 -1.933515 
3.282772 -1.584629 
4.021083 -2.572534 
4.432986 -2.475278 
2.093997 -2.685106 
5.050174 -2.602676 
8.06754 -3.03498 
4.503865 -3.417409 
5.140936 -2.263388 
4.793486 -2.022321 
3.535117 -1.96577 
4.275412 -1.973735 
4.089974 -1.919128 
3.745228 -2.10823 
3.763918 -2.133755 
0.8377931 -2.329767 
2.673903 -2.44574 
3.413098 -2.361997 
2.736356 -2.100001 
2.667337 -2.453507 
1.647352 -2.160817 
1.018461 -2.20057 
4.806756 -1.954092 
5.438016 -1.776185 
5.026793 -1.65515 
5.057885 -1.478971 
3.777963 -2.383053 
4.934155 -2.616204 
4.669436 -2.657565 
3.380818 -2.775687 
2.73592 -2.848662 
3.282717 -2.88065 
3.221792 -2.741457 
5.066249 -2.191097 
3.981374 -2.245783 
4.282343 -1.040147 
4.184502 -1.933214 
4.140979 -1.746517 
3.480172 -1.80451 
3.516523 -1.736301 
4.506683 -2.704535 
4.6692 -2.84399 
6.363664 -2.872526 
4.168618 -2.380086 
4.052725 -2.206721 
2.688429 -1.860382 
2.919151 -1.954949 
4.541024 -2.381793 
2.055138 -2.368665 
2.238263 -2.307525 
4.310854 -2.29337 
2.480328 -2.21677 
4.22175 -2.131348 
3.511537 -1.926783 
2.513556 -1.86574 
3.842434 -1.818614 
2.717694 -2.170458 
3.43568 -2.139189 
1.799305 -2.212761 
1.288123 -1.916668 
1.450873 -2.03064 
2.248467 -1.810412 
2.950233 -1.979318 
3.239905 -2.311461 
1.928696 -2.235561 
3.27937 -3.064882 
4.948793 -2.108659 
5.701118 -1.964421 
5.231913 -2.024945 
3.931568 -2.587152 
3.318687 -2.458012 
3.774946 -2.591526 
1.998455 -2.002782 
1.815006 -1.950447 
2.219061 -1.999628 
1.705558 -1.64897 
1.446142 -1.710477 
5.678924 -1.92408 
3.798099 -2.148845 
2.069377 -2.66005 
1.676019 -2.748912 
2.515617 -2.716153 
4.535942 -2.655443 
4.294387 -3.189549 
3.148857 -3.533456 
3.83839 -3.796647 
8.829823 -3.97462 
9.350516 -3.578715 
6.219874 -2.305988 
2.594687 -1.641429 
3.81646 -2.329865 
4.469774 -2.073644 
4.602109 -2.872446 
5.606654 -2.331531 
5.810319 -2.085557 
5.594838 -2.257984 
5.848097 -2.504299 
6.131109 -3.009913 
7.06326 -3.217942 
4.421647 -2.603261 
3.097346 -2.629071 
2.136949 -2.374728 
2.885444 -2.59854 
3.46133 -3.125592 
4.062691 -2.53262 
3.308263 -1.855208 
1.549362 -1.537446 
3.56875 -2.055258 
2.497914 -2.175332 
2.287207 -2.043851 
4.320474 -2.219554 
3.544898 -2.285616 
4.088293 -3.00411 
3.720123 -2.599811 
6.016641 -2.784198 
6.110054 -2.591856 
7.391678 -2.273297 
4.863325 -2.141347 
3.960432 -2.086091 
4.168378 -2.787578 
3.921429 -3.35287 
4.727936 -3.448219 
4.471705 -2.925096 
0.5880301 -2.328495 
1.897535 -1.978537 
2.437862 -1.946964 
1.575073 -1.721973 
1.769196 -1.198857 
2.807681 -1.239434 
2.592812 -0.8851734 
1.085818 -1.196264 
0.05636483 -1.418855 
1.226389 -1.696488 
0.9943301 -1.46683 
2.248512 -1.541006 
1.551051 -1.362395 
2.360215 -1.626059 
2.609595 -2.087431 
4.536882 -2.020345 
5.210394 -2.43498 
6.613323 -2.558665 
4.478321 -1.96385 
4.083434 -2.684534 
4.415064 -2.462772 
4.478421 -2.047347 
3.038042 -2.16253 
3.867452 -2.408905 
2.770386 -2.630993 
2.31955 -2.58054 
1.804865 -2.520851 
6.630552 -2.668908 
7.130505 -2.766873 
4.309916 -2.568635 
3.230412 -2.172672 
4.447 -2.036751 
4.347233 -2.45347 
5.750965 -2.158609 
3.926059 -2.555856 
6.3713 -2.681858 
5.933671 -2.87587 
5.767707 -2.696885 
4.423181 -2.990729 
3.91678 -3.04418 
3.646024 -2.970936 
4.509956 -3.552824 
3.917607 -3.299028 
3.834497 -3.309265 
5.366549 -3.120683 
7.887726 -3.072388 
6.149654 -3.114932 
5.275191 -3.208616 
4.660309 -2.934834 
6.824085 -2.813427 
6.782082 -2.629205 
7.798785 -2.269551 
7.431732 -1.883714 
7.327122 -1.402917 
8.595924 -2.244901 
7.354125 -2.071397 
5.931457 -2.537764 
4.564812 -2.346963 
5.524394 -2.003166 
5.394113 -2.055472 
4.820825 -3.156577 
0.7477472 -3.031346 
6.657788 -3.149058 
5.704999 -3.152298 
1.910266 -2.331798 
2.879759 -2.452692 
2.290909 -2.252907 
3.797222 -2.605301 
-1.411106 -2.187986 
5.430329 -2.41929 
4.965434 -2.798919 
5.381849 -2.964932 
5.855055 -2.785154 
4.12533 -2.538941 
6.16952 -2.641383 
3.409608 -2.584919 
4.062276 -2.362913 
5.21431 -2.583807 
5.312694 -2.685901 
6.335318 -2.070191 
5.951927 -1.947969 
6.411133 -2.74176 
5.721713 -3.133407 
3.569286 -3.060012 
3.89426 -3.336662 
3.416917 -2.721753 
-11.60096 -3.021762 
-28.41277 -3.650781 
-25.12679 -3.524973 
-7.135676 -3.274857 
4.663059 -2.807973 
3.305235 -3.004406 
2.021362 -2.583597 
3.705549 -2.431265 
2.730916 -2.415452 
3.513161 -2.127896 
1.577508 -2.474963 
1.494066 -2.434599 
3.59838 -2.492756 
2.241228 -3.742441 
5.145325 -3.361291 
4.690823 -3.254588 
2.941283 -3.053644 
7.20418 -3.428973 
7.467291 -2.935087 
4.870877 -2.360753 
4.938178 -2.594177 
3.826519 -2.559826 
3.709669 -2.283462 
3.981486 -2.239182 
2.820774 -2.320667 
3.082727 -1.917559 
2.740497 -1.885333 
3.153105 -1.745101 
3.001447 -1.740178 
0.3029699 -1.685884 
2.188469 -2.114894 
3.038634 -2.17165 
3.473325 -2.360412 
2.96556 -2.309793 
4.112414 -2.342004 
5.373266 -2.75175 
5.897108 -1.986051 
5.390862 -2.466597 
6.972554 -2.479026 
3.116897 -2.129974 
3.824028 -1.815399 
3.967014 -1.749699 
3.154998 -1.762776 
2.675076 -1.832472 
2.335361 -2.043033 
1.540831 -2.134328 
1.607337 -2.177208 
0.5742037 -2.017827 
0.8212237 -1.978012 
1.125307 -1.999367 
4.849294 -1.748408 
4.100297 -2.834147 
4.599666 -3.554272 
6.020058 -3.372728 
4.989752 -3.294833 
4.460611 -2.956838 
5.02046 -2.529303 
4.767247 -2.912843 
5.007965 -3.148409 
5.590781 -3.020929 
5.26797 -2.866283 
4.578725 -2.86171 
3.637474 -3.109103 
3.859366 -2.833759 
4.065494 -2.394603 
4.684891 -2.472309 
3.490417 -2.844509 
4.596945 -2.094351 
5.435344 -1.587508 
3.306287 -2.713608 
-9.4123 -2.662357 
4.284625 -1.741928 
2.454697 -2.081564 
3.665947 -2.388513 
3.583663 -2.14848 
4.329058 -2.641179 
5.130075 -2.163326 
4.484285 -2.68173 
6.015666 -2.56091 
4.918232 -3.23285 
6.383003 -2.432309 
6.054795 -3.439623 
4.339752 -2.604997 
4.349655 -2.253124 
3.207441 -2.519987 
4.172473 -2.259383 
6.943755 -1.642872 
7.659865 -1.932192 
7.433562 -2.030468 
5.074428 -1.822251 
4.766609 -1.902204 
4.92387 -1.967032 
7.002298 -1.888988 
6.626448 -2.482774 
6.966583 -2.228763 
5.536817 -2.424815 
4.428651 -1.984543 
3.627927 -1.810347 
4.231587 -1.726705 
2.688638 -1.837333 
4.209003 -1.789868 
6.847851 -1.869809 
7.496759 -2.122232 
5.715443 -2.51867 
3.36734 -2.882904 
4.881984 -2.271172 
3.908307 -2.628035 
7.683111 -2.784237 
4.394889 -2.462393 
4.607591 -2.815873 
4.734893 -2.396184 
4.390671 -2.754959 
6.338715 -2.899879 
7.135614 -2.60536 
6.46118 -2.984417 
6.193658 -2.817368 
5.035371 -2.526101 
3.097005 -2.100356 
2.779224 -2.191731 
5.022722 -1.879719 
3.322959 -1.713445 
3.040293 -2.633863 
4.941556 -2.870541 
2.721191 -2.726714 
1.8478 -2.28272 
3.262998 -2.5782 
5.767678 -2.503126 
6.333837 -2.297757 
3.940454 -2.391836 
4.079849 -2.738807 
5.631566 -2.18742 
5.588002 -2.206079 
5.405829 -2.675263 
4.685156 -2.701809 
3.331605 -2.625792 
5.275781 -2.783999 
5.026883 -2.533912 
5.438767 -2.952109 
5.788937 -3.851715 
6.765257 -3.700484 
5.630049 -2.5034 
3.859269 -2.44317 
3.910903 -2.484007 
3.666626 -2.214572 
2.322125 -2.169534 
3.222236 -2.207805 
2.909768 -2.765209 
4.077368 -2.595414 
4.763021 -2.952362 
6.118448 -3.245499 
3.735002 -2.916256 
3.445084 -3.133915 
3.566923 -3.197904 
4.761684 -2.960652 
3.565799 -2.570039 
1.146455 -2.5192 
5.424296 -2.821998 
5.59153 -3.079272 
3.771288 -2.864765 
1.455014 -2.709737 
5.480392 -2.895311 
5.432764 -3.07343 
4.719913 -3.518785 
4.682716 -3.228287 
2.267291 -3.269202 
5.315527 -3.434594 
9.096145 -3.657505 
8.193575 -3.923782 
5.230916 -3.158574 
2.110497 -2.622431 
3.546834 -2.869242 
2.442864 -2.793295 
2.930684 -2.603572 
1.847647 -2.320439 
3.400807 -2.407111 
5.959159 -2.489477 
6.392991 -2.431114 
7.629629 -2.794913 
6.429317 -2.611575 
5.337984 -3.261225 
4.61095 -3.600397 
5.486627 -2.568537 
4.399795 -2.656023 
2.602864 -1.96145 
2.61732 -1.896535 
3.626425 -2.080002 
3.801379 -1.934328 
2.928006 -1.733831 
1.947616 -1.635578 
1.375972 -1.86728 
0.400165 -1.808699 
1.846507 -1.809486 
3.459484 -2.054958 
5.900506 -2.531667 
4.265714 -2.449048 
5.121046 -2.218612 
3.893121 -1.965296 
4.769797 -1.725311 
2.995028 -1.713948 
3.172177 -1.66177 
1.888512 -1.337559 
1.934568 -1.416109 
2.597728 -1.703721 
3.088802 -1.435016 
2.881722 -1.759293 
1.822681 -1.512185 
1.876931 -1.648292 
1.953253 -1.596739 
2.736659 -1.682105 
3.550136 -2.168904 
2.622149 -2.462883 
3.864161 -2.782324 
4.80176 -3.187501 
6.166568 -2.967248 
3.293209 -3.088255 
4.291837 -3.346277 
4.704687 -2.889678 
5.218721 -2.921143 
1.799441 -2.042118 
3.630829 -2.542653 
6.903361 -2.126352 
7.28929 -2.561383 
8.600254 -2.657859 
7.804903 -2.148758 
7.083566 -2.498094 
7.744392 -2.337888 
6.955464 -2.091887 
6.20038 -1.573462 
3.225093 -2.148616 
3.379312 -2.051008 
2.733875 -1.994183 
2.54694 -1.490931 
2.318321 -1.765458 
2.532746 -2.080182 
0.8895796 -1.647623 
1.521391 -2.020331 
1.794237 -2.090256 
3.008605 -2.167013 
3.62909 -2.518793 
2.575384 -2.514875 
3.825428 -2.086171 
4.978767 -2.387569 
3.005311 -2.262675 
3.785973 -2.502578 
3.966238 -2.873169 
5.726325 -2.525698 
5.804991 -3.332526 
5.280278 -2.486761 
5.55273 -2.572013 
6.507856 -2.376417 
6.209704 -2.279057 
6.097836 -2.494933 
6.615276 -1.28248 
5.875748 -2.197912 
4.761797 -2.066747 
2.991366 -2.572761 
3.975993 -3.029141 
6.040634 -3.071614 
4.080081 -2.896441 
3.973229 -2.795112 
7.377308 -2.728396 
4.118444 -2.965481 
5.354244 -2.933391 
5.085933 -2.225327 
3.86505 -1.353664 
2.989425 -1.204661 
2.910726 -1.138069 
-6.989063 -1.200171 
1.049394 -1.213931 
1.218886 -1.313625 
1.410489 -1.378411 
0.1914463 -1.481663 
0.8899318 -1.617295 
0.9544184 -1.586369 
1.231896 -1.689199 
1.332369 -1.731623 
1.982789 -1.725037 
0.9624857 -1.629555 
0.8971292 -1.740143 
1.318113 -1.828247 
1.323257 -1.962399 
3.024736 -2.446021 
4.817398 -2.335382 
2.048727 -2.266578 
1.709405 -2.233522 
1.827692 -1.809561 
0.6723593 -1.904684 
1.895748 -2.213817 
2.45954 -2.228285 
5.415055 -2.002405 
3.306513 -2.163914 
3.095563 -2.260118 
5.398976 -3.156797 
5.906137 -3.037905 
5.35666 -2.949595 
3.630237 -2.860936 
2.315375 -2.619247 
4.428236 -2.216899 
6.642432 -2.92701 
5.468302 -2.65068 
6.807453 -2.749452 
6.633747 -3.470719 
7.003457 -2.894196 
8.436574 -2.517487 
7.21793 -2.005428 
5.946732 -2.084801 
5.723913 -1.675415 
5.62468 -1.354497 
5.302669 -1.862038 
4.997577 -1.556471 
4.725433 -1.700081 
4.778082 -2.042741 
5.515601 -2.349734 
5.50818 -1.860801 
6.59768 -2.223066 
6.975001 -2.486851 
6.373682 -3.02299 
5.670222 -2.605518 
6.435832 -2.665864 
2.609036 -2.190958 
3.610881 -2.162383 
3.666945 -1.87378 
4.408447 -2.235519 
4.502052 -2.656504 
5.236505 -3.246092 
5.017051 -2.756916 
2.011183 -2.894939 
3.046022 -2.424853 
5.804047 -2.632732 
4.951532 -2.432775 
4.389519 -2.109922 
6.350358 -2.386074 
5.600881 -1.943526 
5.320111 -1.646001 
4.58931 -1.690281 
3.716736 -2.19793 
2.394529 -2.257723 
1.551891 -2.211394 
3.10907 -1.789372 
2.872174 -1.781767 
2.694083 -1.928204 
2.235275 -1.863817 
2.114072 -2.040728 
2.108389 -1.779844 
2.662725 -1.738381 
8.531256 -3.616869 
6.316931 -2.631729 
6.974069 -2.389824 
6.170869 -2.131491 
3.916636 -2.304482 
4.411889 -2.506561 
4.385752 -3.140945 
3.892486 -2.39285 
3.974666 -2.428725 
4.333813 -2.478568 
3.082702 -2.482853 
3.109764 -2.072302 
5.253583 -2.112548 
4.664447 -2.108336 
3.404121 -1.79513 
3.18841 -1.688618 
4.131868 -1.732049 
4.605847 -2.619905 
4.404868 -2.548941 
4.192728 -2.399016 
5.37811 -2.325926 
5.591189 -2.087379 
5.14584 -2.088528 
3.728401 -2.186983 
3.240964 -2.441103 
3.652053 -2.423656 
4.295542 -2.089785 
4.130053 -2.281603 
2.68411 -2.348024 
4.975135 -2.752202 
5.353657 -2.772917 
5.335818 -2.787356 
6.207829 -2.825597 
5.647586 -2.926337 
8.253452 -2.05452 
6.993832 -2.89549 
5.504581 -2.292634 
6.519772 -2.391925 
7.104511 -2.546142 
5.605773 -2.293569 
4.221962 -1.772993 
2.240421 -1.686953 
3.015114 -1.535235 
2.86816 -2.31268 
0.9957366 -2.290653 
4.335392 -2.79579 
3.542656 -2.231169 
4.304775 -2.438974 
5.508066 -2.814519 
7.092192 -2.752437 
1.712781 -2.366667 
3.839085 -2.354809 
1.859922 -2.192987 
1.396569 -2.534367 
2.861506 -2.788605 
-2.964258 -2.305263 
3.466705 -2.529584 
3.246449 -2.015123 
3.460271 -2.117847 
2.960377 -2.131159 
4.59386 -2.23178 
3.998431 -2.316321 
1.61078 -2.271698 
3.336381 -2.429314 
2.41943 -2.730545 
4.664342 -2.844367 
5.952033 -3.044609 
5.256085 -3.332972 
10.31455 -2.942138 
8.254809 -3.117259 
5.547934 -2.712415 
3.969938 -2.613721 
4.288871 -2.519029 
3.411764 -2.288163 
4.152637 -2.900042 
3.062376 -2.713545 
4.807349 -2.72978 
4.859999 -3.564687 
7.625428 -3.23931 
7.180729 -3.488864 
7.90282 -2.358137 
6.186072 -2.709811 
4.513511 -2.249914 
4.034792 -2.14411 
3.255655 -2.39201 
3.346013 -2.52069 
3.9978 -2.96758 
4.678079 -2.761915 
3.986331 -2.920854 
4.620223 -3.200216 
4.389431 -2.662415 
3.669878 -2.127033 
2.136689 -1.988775 
1.203934 -2.128412 
1.925995 -1.752524 
1.621493 -1.808621 
2.348865 -2.069292 
1.723252 -2.146707 
1.649861 -2.252626 
3.769991 -2.377644 
4.045294 -2.544331 
1.847851 -2.818868 
2.275571 -2.569443 
2.761755 -3.312471 
2.009091 -2.795409 
3.891947 -2.839915 
3.771712 -3.089382 
5.300995 -3.288401 
5.364434 -2.59237 
5.309449 -3.071346 
4.012748 -2.958865 
3.462748 -2.423775 
1.859694 -2.274977 
6.364013 -3.087946 
7.217175 -3.193092 
5.681069 -3.163056 
4.976137 -3.511112 
3.988149 -2.870758 
6.635692 -2.675806 
6.458644 -2.217021 
7.253425 -1.775322 
6.953398 -2.277711 
6.555641 -2.794385 
7.672189 -3.067265 
6.017306 -3.376933 
4.787888 -3.911799 
11.48589 -3.71435 
6.473501 -3.657415 
6.929305 -4.257947 
6.802236 -4.14121 
7.782177 -3.320526 
7.771718 -3.586334 
5.455499 -3.665049 
4.467491 -3.365093 
7.954863 -3.556459 
8.050762 -3.06551 
7.925855 -3.123138 
8.428369 -2.70536 
9.098369 -3.162041 
8.465861 -3.039265 
8.402682 -2.943505 
5.775452 -2.285791 
2.715575 -2.356941 
3.586488 -2.017941 
4.403774 -2.34794 
3.946257 -2.203932 
3.991778 -2.521972 
4.830448 -2.84376 
3.100878 -1.811967 
2.716553 -1.720043 
2.645742 -2.05781 
3.160242 -1.548101 
3.459896 -1.443504 
3.924599 -1.858795 
3.157639 -1.611364 
4.483138 -1.833746 
3.677631 -1.88215 
2.096671 -2.218593 
2.782742 -2.25532 
4.24721 -1.917395 
3.52197 -1.617919 
4.0834 -1.593229 
4.727066 -1.749611 
5.778302 -1.375123 
5.17555 -2.246701 
3.63727 -2.490947 
4.56845 -2.280926 
3.144812 -2.775392 
2.918493 -2.647561 
4.82502 -3.569723 
5.541993 -3.697425 
5.411669 -3.889564 
6.389916 -4.355845 
7.582268 -3.898132 
8.189886 -4.276362 
6.323692 -4.713398 
4.202065 -4.397013 
-12.88962 -4.290372 
-9.409049 -3.833676 
5.053853 -3.41759 
5.492968 -2.742087 
4.424355 -2.39786 
5.258991 -2.531474 
5.214503 -3.149169 
5.686707 -2.783794 
3.739746 -3.351392 
5.198688 -3.156877 
5.248315 -2.477934 
5.325537 -1.887899 
5.613567 -1.927086 
6.520151 -2.555385 
5.637286 -2.300603 
6.240933 -1.952119 
5.095968 -2.009682 
3.943737 -2.18722 
3.929313 -1.721839 
3.794372 -1.561666 
4.214028 -1.311057 
2.171048 -1.216558 
2.636791 -2.029533 
3.977611 -2.79935 
7.997031 -2.56714 
7.565498 -3.163919 
5.459725 -3.851343 
6.641652 -3.612947 
2.92961 -3.139395 
3.898399 -2.966475 
4.793129 -2.886338 
6.223716 -2.934645 
6.643066 -3.063946 
4.577755 -2.731497 
6.120177 -2.967029 
6.323526 -2.999516 
6.884893 -2.911149 
8.378501 -2.895737 
7.859445 -3.125537 
9.31677 -3.018862 
9.799446 -3.501116 
9.654668 -3.094767 
10.07377 -2.989003 
2.835934 -2.781588 
6.141431 -2.617328 
7.25916 -1.979547 
6.906703 -2.090469 
6.247682 -2.064717 
6.033504 -1.942785 
2.574235 -2.452485 
5.635219 -2.908159 
5.902846 -1.389949 
5.588744 -2.08149 
6.479033 -2.145131 
4.502723 -1.711711 
3.141185 -1.802546 
1.361381 -2.321297 
6.456591 -2.952657 
9.477298 -3.057912 
3.853208 -3.574276 
4.627618 -3.887423 
9.120324 -3.949481 
7.726757 -2.997241 
5.987991 -2.728102 
6.125128 -2.669164 
2.99958 -2.577623 
2.90005 -2.489659 
3.069929 -1.982383 
2.233837 -2.014315 
2.433907 -1.88276 
1.153725 -2.025146 
2.202959 -2.001174 
4.939494 -2.364008 
4.424663 -2.427058 
5.133958 -3.060249 
6.034677 -3.472423 
4.664076 -3.489928 
2.136221 -2.985188 
3.488647 -2.738108 
3.945786 -3.269077 
3.429222 -2.914716 
2.116192 -3.011569 
7.142795 -2.891993 
6.72269 -2.511277 
7.666907 -2.704987 
6.640891 -2.941522 
6.735644 -2.484909 
7.521469 -2.551182 
9.281512 -2.577517 
4.067522 -2.778895 
3.329741 -2.787312 
4.904457 -2.325239 
4.724006 -2.127253 
4.741211 -2.654899 
6.796823 -3.282811 
3.704391 -2.581653 
3.888414 -2.911735 
3.651872 -2.790736 
3.187949 -2.912573 
4.000765 -2.141648 
4.128467 -2.186672 
3.475761 -1.676852 
4.358647 -1.568144 
4.352219 -1.721711 
4.456601 -2.113084 
3.410632 -1.568962 
1.944274 -2.086817 
4.841062 -2.113425 
6.459138 -2.531576 
6.155285 -3.231426 
7.282614 -2.659617 
6.307238 -2.932822 
6.534356 -2.331415 
5.258709 -1.886098 
4.186039 -2.694274 
3.117717 -2.661909 
5.620619 -2.948819 
3.928381 -2.452136 
2.826831 -2.584935 
5.007742 -3.254653 
5.467955 -3.218994 
3.467213 -3.080559 
4.171426 -2.401754 
6.453822 -2.75291 
3.929046 -2.683121 
4.252947 -2.432318 
6.135621 -2.429021 
5.266072 -2.549514 
3.950533 -2.297097 
4.267574 -2.679816 
4.030894 -3.285847 
7.027114 -3.346488 
7.884387 -2.646377 
4.617058 -2.153044 
4.653534 -1.729017 
4.619879 -1.844374 
3.127311 -2.257412 
4.993571 -2.708042 
5.340804 -3.338313 
2.649466 -2.77001 
2.343158 -2.375557 
3.194292 -2.441668 
2.656794 -2.115981 
3.358271 -1.930893 
4.300451 -1.488826 
3.47303 -1.659981 
3.676011 -1.831819 
3.415196 -1.974898 
3.503213 -2.353837 
2.32986 -2.576368 
3.452367 -2.229907 
2.538434 -2.020566 
4.837642 -1.807278 
3.485335 -2.968535 
3.906067 -2.918461 
4.220165 -3.134589 
2.851256 -3.020002 
4.98945 -3.168161 
5.203275 -2.827301 
4.819383 -3.022437 
7.712877 -3.378035 
6.454919 -3.465292 
7.243785 -3.401132 
4.326494 -3.234496 
4.331387 -3.223163 
4.961448 -3.485425 
6.387976 -3.214861 
5.875529 -2.894356 
5.850011 -2.040152 
3.897655 -1.994407 
4.294349 -1.769228 
4.436384 -2.233988 
4.362937 -2.735115 
3.658583 -2.796835 
1.334782 -2.737774 
2.896337 -2.960585 
4.496887 -2.437189 
4.994 -3.322389 
5.263456 -3.197101 
6.924247 -3.390959 
5.958622 -3.615578 
6.943869 -3.473598 
7.576584 -3.283748 
6.165699 -3.029671 
5.233817 -3.063365 
4.268836 -2.951319 
5.533776 -2.492185 
5.615578 -2.363614 
3.83643 -3.031192 
2.870637 -3.133408 
4.807365 -3.347496 
4.001281 -3.108619 
2.278925 -2.793731 
2.624136 -2.471418 
2.47525 -2.297843 
3.079817 -2.5783 
2.361954 -2.369344 
1.581194 -2.255009 
1.000904 -1.998079 
0.6420793 -2.083076 
1.603757 -1.873536 
0.7992486 -1.980814 
2.935809 -1.910367 
2.702969 -1.790116 
1.719357 -1.689587 
2.571457 -1.94293 
4.466122 -2.31046 
3.727494 -2.651124 
6.809117 -2.568077 
3.166716 -2.585133 
3.641004 -2.386923 
1.951716 -2.022429 
4.599633 -2.221938 
4.639494 -2.538649 
7.448411 -3.387033 
7.773866 -3.123397 
6.266636 -2.489359 
6.56949 -1.970343 
3.739018 -2.237209 
3.161132 -2.475173 
5.731341 -2.720054 
2.616264 -2.680641 
3.942686 -2.646564 
4.59762 -2.679397 
4.779441 -3.197718 
4.585294 -2.845843 
7.252272 -3.282508 
4.849316 -2.829735 
4.421558 -2.950427 
3.584407 -3.120068 
6.29832 -3.012499 
5.275127 -2.772308 
3.524164 -3.45989 
2.196039 -2.885694 
1.905576 -2.83734 
4.414331 -2.423875 
6.450316 -2.313444 
7.653781 -3.719712 
4.064757 -3.723977 
7.300019 -3.585252 
5.797801 -3.663922 
6.426522 -4.231921 
7.341793 -4.202605 
6.151551 -3.701876 
6.461323 -3.201552 
8.038561 -3.241529 
6.581159 -3.239405 
5.304835 -1.910235 
4.251686 -1.440016 
0.9662253 -1.769873 
-0.2518809 -1.722052 
2.998396 -2.061818 
2.222075 -2.063134 
2.486501 -2.476673 
3.712554 -2.523607 
3.560406 -2.149387 
5.189349 -1.923025 
4.522539 -1.816929 
5.029127 -2.110071 
4.203102 -1.651282 
3.700776 -2.489329 
2.820713 -2.486956 
1.323714 -2.416513 
2.569031 -2.137431 
3.083902 -2.948593 
2.946573 -2.871098 
4.52946 -3.010255 
7.168758 -2.841401 
5.562064 -1.941418 
5.239569 -1.961551 
3.55146 -2.108481 
2.899921 -1.795138 
1.554158 -1.71615 
2.755445 -1.860908 
2.850433 -1.966726 
3.142981 -2.139026 
3.846903 -2.469403 
5.756113 -2.509559 
5.169916 -1.897172 
6.041026 -2.14904 
6.565004 -2.08251 
7.412503 -1.720513 
7.59428 -1.405002 
4.836626 -2.274713 
2.847372 -2.021936 
2.390617 -2.075298 
1.211198 -1.394629 
1.369066 -1.502028 
1.557915 -1.539204 
3.936232 -1.71104 
1.998699 -2.322746 
2.589659 -1.900957 
3.23413 -1.848829 
3.690922 -1.321828 
4.144244 -0.9015023 
2.893308 -1.431871 
1.809133 -1.835886 
2.183116 -1.486927 
2.193926 -1.300688 
1.859264 -1.191621 
0.8643547 -1.257154 
1.023502 -1.340669 
1.374572 -1.323895 
2.005578 -0.9541984 
2.342695 -1.35139 
1.838631 -1.367768 
1.364831 -1.340818 
0.5999917 -1.675133 
2.866611 -1.869189 
3.769234 -1.565393 
2.91001 -1.945463 
2.899542 -2.093401 
2.885827 -1.838272 
2.775391 -1.606319 
2.316975 -1.641723 
1.702227 -1.87326 
1.577212 -1.811669 
2.069799 -2.028653 
5.2512 -1.767215 
1.151062 -2.021686 
3.260965 -2.43967 
3.65631 -2.943424 
2.305276 -3.163078 
5.450639 -2.476647 
-1.931452 -2.662922 
3.066747 -2.274041 
2.94839 -2.1513 
2.945907 -1.824319 
3.305796 -1.97851 
4.508245 -2.181183 
3.632509 -2.557671 
3.168666 -2.432232 
4.255767 -2.532546 
4.674465 -2.434074 
4.197997 -2.733824 
3.842159 -2.581453 
4.947827 -2.501929 
4.242461 -2.315436 
3.539284 -2.295584 
5.330218 -2.194478 
6.378927 -2.489252 
6.602816 -2.40892 
6.45925 -3.103523 
6.317903 -3.076319 
7.427552 -3.491589 
9.405028 -3.353268 
8.487808 -3.507076 
6.945168 -4.148341 
6.955048 -3.577829 
3.508409 -3.443392 
4.821049 -3.320335 
5.947096 -3.209234 
4.366209 -3.20179 
5.798368 -2.530133 
4.656344 -2.594352 
4.752493 -2.507236 
5.599076 -2.650204 
6.482201 -3.504942 
7.252539 -3.333576 
3.710823 -3.677867 
4.634176 -3.632301 
3.54531 -3.505896 
2.3422 -3.50029 
3.940114 -3.055603 
3.616674 -2.815391 
4.15426 -2.134671 
2.027887 -2.180368 
2.347487 -2.660049 
2.440224 -2.75442 
4.803193 -3.223443 
4.033389 -2.62945 
4.287393 -2.676604 
4.099351 -2.750867 
4.279728 -2.809817 
3.402796 -2.697091 
3.060608 -2.544028 
3.435069 -2.666589 
4.360822 -2.179671 
5.692969 -2.432282 
2.697666 -2.24908 
4.391078 -2.515997 
3.459763 -2.319788 
5.583462 -2.362145 
5.273961 -2.403171 
5.521471 -1.797606 
3.343352 -2.497263 
5.098638 -2.386438 
3.341467 -2.580203 
2.205856 -3.094141 
2.737004 -2.903597 
3.90122 -3.116506 
4.774514 -2.969171 
4.622305 -2.898891 
5.319176 -2.649709 
4.39884 -3.129311 
5.219235 -3.274003 
5.409138 -2.445367 
5.080088 -2.243386 
4.932467 -2.458343 
3.266188 -2.279231 
6.852971 -2.395727 
5.359602 -2.563704 
5.16389 -2.573301 
4.557946 -2.914277 
2.617079 -3.263996 
2.40728 -3.298345 
2.715996 -2.790447 
7.534592 -2.57802 
6.666296 -2.850944 
5.646012 -2.856093 
7.237408 -2.561788 
7.83079 -2.89425 
7.098941 -2.969448 
3.838178 -3.361359 
3.932537 -2.788603 
5.442033 -2.899901 
3.324542 -2.613344 
4.409597 -2.419587 
3.196155 -3.103511 
3.701673 -2.133199 
3.725032 -2.258716 
5.141925 -2.38214 
6.146994 -2.347389 
5.463259 -2.726059 
4.94278 -2.788451 
2.952882 -2.586509 
1.131771 -2.478842 
3.531265 -2.428045 
3.602579 -2.247017 
4.575053 -2.480065 
2.834331 -2.094225 
5.110207 -2.601366 
6.708466 -2.998234 
6.010962 -2.501445 
5.545014 -2.772 
4.609463 -2.062648 
3.239008 -2.179861 
6.174463 -2.572117 
5.303862 -2.346197 
4.752465 -2.094475 
5.556047 -2.758789 
4.425131 -3.875704 
3.215864 -3.098599 
2.49563 -2.816124 
5.138989 -2.440461 
7.253597 -2.763091 
8.299022 -2.777637 
3.864406 -2.596825 
4.671061 -2.800936 
5.365768 -2.943554 
4.154802 -3.349054 
2.073239 -3.244297 
-3.723527 -2.803351 
-13.32813 -3.693681 
5.836142 -3.08412 
7.008373 -3.147475 
7.679769 -3.000746 
8.063346 -2.811287 
8.494715 -2.84463 
6.078414 -2.720373 
4.879167 -2.75777 
4.344514 -2.935455 
3.620053 -2.787682 
2.865807 -2.904895 
2.127483 -2.842083 
5.696349 -3.393825 
6.897946 -2.920712 
7.327615 -2.625198 
7.356224 -2.614703 
7.289901 -2.408888 
7.304607 -2.347128 
7.969648 -2.707231 
8.566043 -2.794158 
8.294855 -1.929169 
7.425995 -3.048534 
5.211928 -2.549632 
5.086158 -2.683507 
5.054863 -3.01786 
5.201851 -3.263289 
3.79227 -2.776799 
2.371484 -3.291384 
5.436461 -3.124696 
4.733259 -1.844697 
2.640062 -1.78332 
1.8281 -1.447197 
1.965329 -1.620622 
0.1559956 -1.492959 
3.092615 -1.558074 
3.020675 -2.448959 
1.849922 -2.663168 
1.763385 -2.338606 
2.856184 -2.234658 
3.796651 -2.128233 
3.287104 -2.028281 
3.327692 -1.958959 
4.663435 -1.820998 
2.200456 -1.684501 
1.592818 -1.592892 
2.250826 -1.443071 
2.491206 -1.965773 
3.386931 -2.032635 
5.203135 -1.876348 
4.883708 -2.440261 
5.192447 -2.52832 
1.976337 -2.124835 
3.296595 -2.137416 
3.884673 -1.98063 
4.877203 -2.055547 
5.253757 -2.491096 
3.125974 -2.299589 
1.98095 -2.771898 
1.312312 -3.014412 
4.23961 -2.880676 
2.957811 -3.564147 
7.15141 -2.410871 
8.600425 -2.317216 
7.706587 -2.654334 
6.918952 -2.512889 
4.295418 -3.245179 
3.451701 -2.711202 
5.349561 -3.002388 
7.047349 -3.089176 
3.174661 -1.967709 
2.288757 -2.296085 
3.778233 -2.503174 
6.185593 -3.350854 
3.635945 -3.39556 
4.902191 -3.524069 
5.399279 -3.427784 
6.378925 -2.414097 
5.600441 -2.942833 
5.234804 -3.073391 
4.456507 -3.064091 
4.206049 -2.700622 
4.779457 -2.484998 
4.061752 -2.457227 
4.204186 -2.86764 
7.911812 -2.364664 
5.255107 -2.398847 
6.782113 -1.871093 
4.931289 -2.278814 
5.405707 -2.006912 
2.717743 -2.302041 
2.891787 -2.549919 
3.258228 -3.072347 
2.687493 -3.083267 
1.749774 -2.558692 
4.275194 -2.923551 
4.032724 -2.47025 
3.222636 -2.633502 
2.806798 -2.586846 
4.578415 -3.491178 
4.360889 -3.342404 
4.755434 -2.492598 
3.550922 -2.184449 
4.017703 -2.075834 
3.614323 -1.97215 
3.690828 -2.392633 
4.544948 -2.487393 
3.178587 -2.672877 
2.265446 -2.728992 
6.753328 -3.521327 
7.921361 -4.000988 
4.926466 -3.554485 
5.378879 -3.191167 
6.224331 -3.401235 
6.42978 -3.212163 
4.282945 -2.815202 
3.644306 -2.362661 
2.141865 -2.291916 
0.95443 -1.98724 
4.050761 -2.337855 
4.011237 -1.93699 
4.422729 -1.466711 
3.981774 -1.375322 
2.835039 -1.532093 
2.577378 -1.587154 
2.31007 -1.524227 
2.142735 -1.790509 
3.447582 -2.063446 
3.900034 -2.51357 
8.690311 -2.973172 
-4.704253 -3.194883 
3.241263 -2.430413 
7.469777 -2.893555 
5.684478 -2.786282 
4.942518 -3.085632 
2.634085 -2.030276 
3.669508 -2.170744 
2.902052 -2.03882 
4.260565 -1.954547 
4.153333 -1.905089 
4.003969 -1.907021 
4.680062 -1.745458 
5.051695 -1.968554 
4.972958 -2.121929 
4.051166 -2.173374 
2.180457 -2.576433 
2.784595 -2.945318 
3.060539 -2.23605 
4.333144 -2.427793 
7.024638 -2.805213 
7.169691 -2.909641 
7.735599 -2.627405 
3.997996 -1.988475 
4.669993 -2.234069 
4.447218 -2.124887 
4.712253 -2.334018 
2.413003 -2.35666 
3.044297 -1.891667 
5.137942 -2.017598 
4.164498 -2.258877 
4.218876 -2.763358 
7.816327 -2.498775 
8.355754 -2.708884 
4.30452 -3.009051 
3.822999 -3.099983 
5.126857 -3.124271 
7.543115 -2.822862 
6.515378 -2.878842 
5.212694 -2.407263 
3.317015 -2.471605 
2.522722 -2.311197 
2.669682 -2.001979 
3.693438 -2.290868 
3.580135 -2.2985 
3.876896 -1.685853 
3.348116 -1.599758 
4.027395 -1.359552 
4.75107 -1.816888 
4.07636 -2.241348 
2.995169 -2.23509 
2.721232 -1.932596 
2.656548 -2.342991 
2.993162 -2.080752 
3.434477 -1.73102 
2.627684 -1.764819 
1.950627 -1.446904 
5.234744 -1.761307 
1.594652 -2.095428 
1.448394 -2.042903 
3.639788 -2.000216 
4.293965 -1.953949 
4.328991 -1.957317 
5.198631 -1.916014 
4.598372 -2.44228 
3.988904 -2.305609 
4.683081 -2.384147 
5.582871 -2.590066 
3.538116 -2.740241 
1.450414 -2.160042 
2.717173 -2.448157 
4.980166 -3.249812 
3.790692 -3.296315 
3.245958 -3.109633 
3.872998 -3.079026 
5.347206 -2.603477 
4.090229 -2.273832 
5.043241 -2.138302 
4.122853 -2.207237 
2.715941 -2.15452 
3.056999 -2.065523 
4.192239 -2.547428 
2.12556 -2.143565 
1.87956 -2.076501 
1.078778 -2.410151 
4.666148 -2.49631 
5.404508 -2.62281 
5.543666 -3.25306 
3.26605 -3.472715 
2.94472 -3.281634 
5.380088 -2.269656 
5.16107 -2.196128 
5.269241 -2.49552 
4.743493 -2.577802 
-0.5708412 -2.543953 
6.37979 -2.993299 
4.600437 -2.894659 
8.587691 -3.784031 
4.97515 -3.240724 
3.264695 -2.472538 
3.883911 -2.680484 
3.284449 -2.187748 
4.197127 -2.273753 
3.334413 -1.775657 
3.519095 -1.762823 
3.887037 -2.462592 
3.807623 -2.494915 
2.951677 -3.01781 
5.585434 -3.072088 
6.49625 -3.559633 
3.779363 -3.499773 
6.203736 -3.343459 
5.562384 -2.889512 
2.574499 -3.1967 
1.48776 -2.849932 
2.868775 -2.84042 
4.033212 -3.317085 
2.532866 -3.17571 
5.100361 -3.06511 
4.352089 -2.600322 
3.225941 -2.13615 
3.514716 -2.617455 
3.956884 -1.961134 
4.396854 -1.84691 
5.575845 -2.077583 
6.110042 -2.189763 
3.293015 -2.18766 
3.190046 -2.332371 
3.516283 -1.99786 
4.174064 -2.374013 
4.710863 -2.338624 
2.944323 -1.711009 
1.284073 -1.645166 
1.334595 -2.189333 
3.157849 -2.109133 
2.391333 -2.597561 
2.454545 -3.064598 
2.798818 -3.15106 
3.02014 -2.328386 
4.494393 -2.529768 
0.4224761 -2.192131 
1.980958 -1.987252 
1.467725 -2.211186 
2.361284 -2.119295 
3.3012 -1.964478 
3.581814 -1.767719 
2.700469 -2.068266 
2.080424 -2.343602 
2.958215 -2.576091 
4.70378 -2.427149 
4.17613 -2.945891 
5.2309 -2.85897 
8.12159 -3.025286 
9.004714 -3.351442 
10.31731 -3.554587 
8.986069 -4.025927 
5.201479 -4.542059 
5.500723 -3.653861 
-3.02372 -3.739709 
3.51127 -3.086738 
2.54322 -2.66 
6.187845 -2.301395 
4.545866 -2.100863 
4.463789 -2.288731 
4.352633 -2.621622 
6.186172 -2.987062 
4.477425 -3.567924 
1.549706 -3.564436 
2.832529 -2.814851 
3.611791 -2.586175 
3.47697 -2.699215 
4.255893 -2.828411 
4.933755 -2.994501 
3.729094 -2.512533 
3.216478 -2.644498 
3.00004 -2.262358 
2.327212 -2.129544 
4.180658 -2.10033 
2.590358 -2.099567 
3.475472 -1.835801 
3.178927 -2.234415 
4.425293 -2.338892 
2.665797 -2.176396 
3.085314 -2.317405 
4.667423 -2.433437 
5.606037 -2.178298 
5.150844 -2.655366 
9.407357 -2.018222 
9.204832 -2.117163 
5.387409 -2.863499 
7.023261 -3.208522 
5.285814 -2.349974 
4.617527 -2.69371 
5.990678 -2.706382 
-2.228838 -2.531782 
6.852367 -2.438915 
5.571485 -2.311026 
5.980672 -2.09727 
4.137166 -1.612376 
1.605751 -2.38232 
2.10511 -1.783533 
2.970862 -1.211713 
2.937471 -1.965105 
3.646628 -2.016102 
3.744994 -1.97402 
3.652192 -1.908605 
4.295201 -1.995134 
3.772198 -2.139617 
3.563461 -2.408845 
4.072223 -2.48135 
5.112207 -2.575494 
4.13123 -2.138309 
2.681455 -1.912604 
3.138638 -1.681159 
3.799853 -2.02097 
4.399972 -1.929592 
3.844845 -1.816763 
3.734213 -2.447649 
3.773975 -2.880603 
6.595027 -2.655556 
6.29481 -2.506766 
5.427483 -2.948264 
6.746532 -2.29197 
8.562345 -2.036357 
7.777163 -1.716504 
5.555002 -2.83702 
3.369973 -3.182503 
4.818011 -3.168927 
5.325529 -3.325106 
4.947278 -3.089157 
4.327802 -3.32966 
5.76894 -3.111594 
4.68436 -2.849263 
3.757623 -3.183197 
6.78326 -3.116947 
8.588364 -3.143632 
6.932101 -2.899758 
4.756667 -3.658666 
5.31847 -3.399755 
6.575823 -3.020498 
6.238806 -3.036511 
6.123435 -3.56191 
5.274657 -3.300242 
4.10968 -3.573988 
3.288022 -3.377396 
5.390208 -3.275945 
5.20694 -3.458735 
4.987157 -2.899834 
4.887656 -2.91454 
3.787124 -2.439107 
4.505306 -2.565006 
2.955904 -2.586632 
3.419519 -3.145212 
3.609467 -2.397479 
2.286577 -2.118448 
1.891009 -1.474257 
5.935994 -2.188766 
3.701193 -1.741732 
4.275543 -1.507473 
3.933623 -2.367643 
3.362847 -1.883153 
2.095912 -2.124157 
3.020436 -2.464908 
2.059333 -2.910901 
3.819817 -3.050171 
4.36403 -2.880317 
4.325402 -2.573346 
3.578945 -2.398347 
3.797246 -2.811331 
4.84426 -2.609521 
5.008195 -3.075928 
3.111237 -2.457093 
3.728679 -2.245153 
5.274016 -2.710783 
5.004558 -3.131481 
4.372072 -2.554906 
2.709888 -2.201365 
4.033217 -2.474922 
3.04762 -2.844428 
4.345875 -2.529316 
2.198083 -2.076099 
3.061572 -2.08821 
2.67059 -1.801016 
1.892007 -1.673023 
2.794997 -1.618102 
2.069423 -1.72422 
1.388941 -1.645547 
0.5320907 -1.617482 
0.6904195 -1.694748 
0.4912252 -1.424003 
0.9563727 -1.576319 
1.516015 -1.676755 
2.445762 -2.136326 
4.16129 -2.012155 
4.348119 -2.835129 
9.611258 -3.795837 
7.858058 -3.474379 
9.409986 -3.492007 
9.207655 -3.424884 
8.141895 -3.124153 
6.934704 -4.209296 
6.197497 -4.109479 
6.733631 -3.999129 
7.261346 -3.391743 
8.55671 -3.436769 
5.120759 -3.571609 
3.179719 -2.958676 
2.228224 -2.814813 
6.176199 -2.914823 
3.890441 -2.152324 
3.400704 -2.516256 
3.535814 -2.603591 
2.150333 -2.218613 
3.216618 -2.116595 
4.417173 -2.005206 
3.936258 -1.760119 
3.654747 -1.814963 
2.698482 -1.952844 
4.104788 -2.451252 
2.96581 -2.979997 
5.340722 -2.510916 
3.79108 -2.868063 
3.269961 -3.135149 
5.488072 -3.315687 
4.681247 -3.529018 
3.819313 -2.876808 
4.850674 -2.330331 
2.781721 -2.035869 
2.317426 -2.710408 
4.699775 -2.719893 
5.507803 -2.403199 
1.475661 -2.252217 
1.356432 -2.353758 
5.505309 -2.543354 
3.802795 -2.747526 
3.452903 -2.481297 
3.522169 -2.255628 
1.336609 -2.651798 
4.528998 -2.83751 
3.587059 -2.2979 
4.103234 -2.66717 
2.878851 -2.051481 
2.78159 -1.91358 
3.517797 -2.288696 
2.938661 -2.467527 
2.191844 -2.864103 
5.232402 -2.703706 
5.714598 -2.473693 
5.762226 -2.615408 
6.149931 -2.358353 
7.040161 -2.116799 
6.994477 -2.208472 
7.128742 -3.151939 
7.722268 -2.876602 
3.997748 -2.810605 
9.984624 -3.382676 
7.903266 -3.046093 
7.604779 -2.171825 
7.509707 -2.314619 
7.32178 -2.275556 
4.712024 -2.827493 
6.617827 -3.052929 
6.893244 -2.934395 
6.724792 -3.096478 
5.111291 -3.204796 
7.934199 -3.4567 
8.784345 -3.269124 
7.0714 -2.944853 
7.039147 -3.287793 
6.866983 -2.894826 
4.207889 -2.742925 
5.275754 -2.95091 
2.922354 -2.769627 
0.9516177 -3.098446 
3.808047 -2.613357 
3.795127 -2.756858 
4.025618 -2.682152 
4.74155 -2.344135 
2.823173 -2.129831 
5.002101 -1.772423 
8.979442 -2.765475 
8.23785 -2.647747 
6.587701 -2.556758 
5.774593 -3.166437 
6.089478 -3.184103 
4.80668 -2.794998 
4.893692 -2.182796 
5.34533 -2.319731 
7.097723 -2.636303 
7.682655 -2.472747 
6.004331 -2.91538 
7.511338 -2.48329 
4.93912 -2.268959 
5.407301 -2.119541 
5.87529 -2.271343 
3.218198 -2.347283 
4.592038 -2.192919 
4.929481 -2.465702 
4.066451 -2.61088 
6.171876 -2.480007 
5.373054 -2.508982 
6.714196 -2.223801 
5.333223 -2.182387 
3.258421 -2.097565 
3.357834 -2.091887 
3.254531 -1.994308 
2.249832 -1.850168 
2.656283 -2.286928 
3.533168 -2.097302 
3.892639 -1.688335 
2.517772 -2.375842 
4.257871 -2.85554 
5.193714 -2.4531 
4.54245 -2.572552 
4.951654 -2.403868 
5.226722 -2.513932 
3.003334 -2.104219 
4.010214 -1.915872 
2.392143 -1.615956 
2.250623 -1.732451 
2.888908 -1.287202 
1.3 -1.494587 
2.026114 -1.495443 
2.098473 -1.831794 
2.022671 -1.962676 
4.178279 -2.07535 
3.532002 -1.571524 
3.455851 -1.480314 
4.590357 -2.211013 
2.774311 -2.417299 
3.703441 -2.764602 
4.718754 -2.829439 
5.522841 -2.184966 
4.193652 -2.589466 
3.949702 -2.488127 
5.154335 -3.250582 
0.6839988 -2.587884 
5.283987 -2.660536 
5.630634 -1.971648 
5.187989 -1.857651 
5.681382 -2.42702 
5.183382 -2.555098 
6.728535 -2.738223 
4.085215 -2.811742 
3.750283 -2.732372 
1.24144 -2.817329 
5.288459 -2.869545 
5.250213 -2.659345 
4.901756 -2.421328 
5.269083 -2.177333 
4.591171 -1.808171 
5.26481 -1.863342 
4.251925 -0.8455577 
4.233234 -1.573813 
2.03535 -1.823654 
1.577576 -1.692771 
1.897434 -1.960856 
-2.837188 -1.546776 
2.652606 -1.654825 
2.655344 -1.495957 
2.351537 -2.017716 
3.083497 -2.353276 
3.148468 -2.203774 
4.295883 -2.769656 
6.382447 -2.872649 
7.783634 -2.474515 
7.334434 -3.120728 
6.863467 -2.932091 
7.426939 -3.574057 
4.836057 -3.5062 
4.766967 -3.558888 
4.299348 -2.962164 
4.436483 -2.540296 
3.961864 -2.273377 
4.570429 -2.257974 
4.557745 -2.199365 
7.203785 -2.40351 
4.304467 -3.08746 
8.529503 -3.658218 
9.160644 -3.031781 
7.98971 -2.938101 
6.554534 -2.595052 
3.833185 -3.33915 
4.863908 -3.360573 
5.425405 -2.544718 
4.555091 -2.400791 
5.196805 -1.882529 
7.220645 -3.34599 
7.049084 -3.997612 
7.550371 -3.860163 
5.747578 -3.808572 
7.882563 -3.732654 
6.548049 -3.374942 
7.050188 -2.461065 
6.173353 -2.630124 
5.566179 -1.645098 
4.909997 -1.27552 
4.464766 -1.127997 
1.200608 -1.191227 
1.261856 -1.243976 
0.9833625 -1.268869 
1.377081 -1.469986 
1.410529 -1.429147 
0.8290927 -1.434902 
2.570772 -1.795269 
2.540635 -1.898249 
3.049942 -1.915019 
4.321496 -2.278201 
3.063536 -2.259845 
4.958762 -1.970144 
3.746511 -2.585093 
3.751666 -1.849863 
3.954761 -2.271411 
2.493918 -2.431994 
4.142616 -2.727829 
4.153587 -3.295559 
5.16968 -3.162856 
5.695429 -3.035344 
4.525476 -3.075518 
2.21036 -3.4702 
2.929974 -3.349567 
4.275595 -2.097549 
3.999871 -2.140798 
3.694745 -1.881224 
4.346646 -2.427871 
3.22235 -2.891359 
3.843756 -2.864062 
3.240779 -3.055022 
2.837127 -2.885379 
5.924469 -2.463922 
5.966334 -2.517349 
6.248722 -3.171556 
3.441302 -3.115302 
6.5333 -2.879877 
3.137577 -3.010957 
4.721902 -2.748355 
6.464708 -2.506508 
5.62291 -2.355881 
6.157039 -2.820324 
5.266055 -2.929587 
5.742276 -2.927408 
5.597981 -2.432299 
6.499475 -2.42736 
6.56437 -2.734402 
7.109939 -2.796847 
7.894007 -2.222327 
7.090029 -2.740543 
4.159421 -2.861126 
4.125063 -3.037942 
1.547315 -2.119227 
1.702042 -2.32453 
1.513404 -2.349975 
4.714359 -2.301773 
6.131927 -2.361034 
9.012007 -3.012432 
8.591795 -3.187151 
1.338135 -2.85269 
2.356848 -2.588596 
3.640843 -2.523441 
3.075569 -2.720139 
3.339546 -3.079007 
7.058821 -3.357714 
5.023408 -3.443807 
6.296584 -2.819362 
5.553665 -2.886167 
6.479765 -3.616391 
5.03884 -2.797864 
7.298504 -2.529744 
3.303147 -2.538023 
5.863197 -2.655174 
4.652101 -2.843978 
4.74245 -2.6548 
5.837749 -2.463267 
5.327921 -2.252767 
7.223535 -2.061893 
6.499692 -2.72107 
5.01959 -2.895334 
4.942597 -2.821012 
3.976747 -2.627622 
3.918503 -2.425444 
5.467758 -2.444811 
6.369576 -2.825312 
6.252941 -2.594365 
4.793347 -2.505117 
6.093297 -2.585543 
4.463647 -2.640033 
4.643085 -2.988744 
5.48443 -2.198056 
4.174162 -1.947121 
3.825906 -2.341399 
3.135241 -2.113255 
4.007713 -1.963481 
3.97973 -2.071942 
3.963157 -1.763084 
2.540315 -2.041116 
2.235903 -2.788996 
2.816131 -2.194383 
3.05141 -2.249428 
1.843832 -2.076143 
3.857132 -2.099439 
4.19857 -2.13017 
4.43865 -1.916782 
4.970326 -2.047271 
7.631375 -2.461009 
6.452642 -2.775071 
8.851921 -2.826131 
7.445626 -3.33017 
8.933888 -3.111922 
6.930063 -2.994044 
7.145491 -2.804052 
6.166108 -2.683683 
7.925458 -2.877258 
8.169519 -2.62149 
6.431597 -2.887688 
5.875841 -2.84207 
5.531766 -2.808712 
5.937719 -2.703031 
6.654926 -2.94509 
6.977549 -3.13311 
7.313565 -3.364077 
7.481294 -3.041901 
5.484387 -3.421236 
5.359483 -3.159909 
6.702965 -3.889017 
6.350262 -3.259371 
9.11852 -2.611476 
7.987201 -2.482289 
8.34844 -2.422858 
7.363758 -2.884502 
10.41184 -3.403463 
8.719214 -3.263246 
5.931191 -3.134987 
8.051566 -3.106567 
6.477907 -3.504074 
5.742772 -3.04455 
4.197524 -2.928178 
5.512342 -2.417777 
6.483553 -2.568765 
4.496531 -2.895821 
3.437172 -2.887967 
6.039757 -2.929927 
6.58061 -3.088586 
7.607696 -2.693511 
7.25944 -2.050071 
8.267876 -2.180886 
4.344125 -2.331718 
4.214933 -2.162511 
3.515453 -2.035376 
4.901863 -2.451637 
5.839155 -2.471224 
5.83733 -2.223202 
9.02776 -2.428535 
8.245413 -2.886144 
8.206142 -2.833516 
7.985675 -3.295689 
7.936646 -3.045119 
5.719458 -2.461687 
7.703192 -2.604507 
6.596591 -2.964037 
5.116 -3.036353 
4.461987 -2.732958 
4.020937 -3.085375 
2.232252 -3.085275 
10.47756 -3.255816 
12.03443 -2.33711 
5.89308 -2.743503 
4.34241 -2.757817 
3.694746 -2.629175 
6.989231 -3.176686 
7.418621 -3.141808 
5.078703 -3.06738 
4.890419 -2.694412 
4.493549 -2.953442 
5.055563 -3.408797 
4.942508 -3.728741 
4.169766 -3.142378 
3.632804 -2.256389 
4.759015 -2.135596 
4.594594 -2.349084 
4.281952 -2.642835 
6.438096 -2.852828 
4.387832 -3.024824 
4.008737 -2.992153 
5.613691 -2.420099 
6.323411 -2.664997 
5.559805 -2.890396 
6.67058 -2.414954 
7.092303 -2.223791 
6.545833 -2.695083 
5.256474 -2.504874 
5.999615 -3.120687 
5.505779 -2.730868 
4.519832 -3.050863 
5.313685 -2.79571 
5.473025 -2.834055 
3.33379 -2.693788 
0.214861 -2.922 
4.330297 -3.270589 
7.265052 -3.121269 
7.641859 -3.968476 
6.790296 -4.312199 
8.30718 -3.649823 
6.749833 -3.112579 
6.8239 -2.426053 
7.480929 -2.924502 
8.234199 -3.069746 
5.759273 -2.817628 
5.700109 -3.104029 
5.641531 -2.785274 
5.46737 -2.433349 
7.958472 -2.201932 
7.41109 -2.172714 
9.619316 -2.735479 
9.322586 -2.821046 
8.843692 -3.019621 
7.164928 -2.204372 
4.686551 -2.9141 
2.613482 -2.014733 
3.538242 -2.179861 
3.319727 -2.360953 
2.088528 -2.704945 
2.54626 -2.539113 
1.80636 -2.721507 
6.919345 -2.932343 
4.070054 -2.858522 
6.724201 -2.386023 
3.984851 -2.171963 
3.11163 -2.398776 
3.320568 -2.131073 
4.394449 -2.107043 
3.930356 -2.271645 
3.306916 -1.687548 
3.292777 -1.383611 
3.236213 -1.821863 
4.4385 -2.01163 
4.399948 -1.593854 
4.829596 -1.873228 
2.68049 -2.162294 
1.854543 -2.155675 
1.31314 -2.319051 
1.688552 -2.429613 
3.754686 -2.562151 
3.134722 -2.192763 
2.654285 -2.339586 
2.558971 -2.370245 
2.48495 -2.350677 
1.516759 -1.983979 
1.531528 -2.326957 
3.764626 -3.125942 
4.168756 -2.622896 
2.428168 -2.292571 
4.435488 -2.465326 
5.682516 -2.331342 
5.725652 -1.450264 
3.893981 -2.209145 
2.341521 -2.127996 
3.186427 -1.625139 
2.709778 -1.702552 
2.354167 -1.771507 
1.780095 -2.001247 
2.558332 -2.129826 
1.789959 -1.876834 
7.664587 -2.812267 
4.583629 -2.634928 
4.23761 -2.968476 
4.331077 -3.08293 
3.432786 -2.375139 
6.68646 -2.267935 
5.361414 -2.151923 
3.983116 -2.58901 
1.712974 -2.779992 
4.850148 -2.696363 
2.633609 -3.020855 
3.288902 -3.000011 
4.499733 -2.981418 
3.034938 -2.642855 
1.889294 -2.64776 
4.195335 -3.243595 
5.883141 -3.531981 
6.075624 -3.415249 
7.071472 -3.619639 
8.356386 -3.0442 
5.976093 -2.602238 
5.240664 -2.606803 
6.619173 -2.462498 
5.855004 -2.54499 
4.8767 -2.747891 
4.297164 -3.61588 
4.165881 -3.503736 
5.382479 -2.964867 
4.569953 -2.896558 
3.380233 -3.06869 
2.061006 -3.225306 
5.413875 -3.216336 
4.647835 -2.489528 
6.736894 -2.595615 
4.467038 -2.326336 
4.990839 -2.519553 
4.248084 -2.815039 
4.228897 -2.70455 
0.6150534 -2.451314 
4.656617 -2.444683 
3.666283 -3.397038 
2.610631 -2.885214 
3.331277 -2.407631 
3.638569 -2.162467 
3.257395 -1.45401 
2.525896 -2.070595 
1.36688 -2.301964 
3.602541 -2.356151 
2.682441 -2.043177 
0.4176322 -1.789163 
3.808132 -1.630165 
2.334427 -1.849626 
5.720206 -2.945464 
5.825151 -3.079073 
5.347616 -3.219771 
4.71986 -3.419001 
5.419004 -3.630671 
4.066906 -3.336429 
5.8392 -2.966628 
3.989214 -2.828771 
3.344531 -2.609225 
4.202782 -1.856484 
4.223924 -1.716594 
7.091946 -2.546837 
6.915159 -2.509764 
6.562824 -2.379126 
2.251777 -2.537986 
4.569576 -2.42358 
4.227531 -2.844456 
7.590081 -2.651563 
4.684436 -3.179644 
5.926648 -1.939447 
4.273653 -2.082844 
3.815589 -2.139365 
3.935641 -2.287288 
4.796916 -2.247067 
3.642917 -2.235619 
3.380678 -2.217638 
4.53053 -2.473479 
4.292921 -2.479788 
2.908946 -1.995566 
2.92583 -2.533775 
1.414853 -2.412088 
1.657054 -2.434413 
4.02976 -2.573495 
3.780171 -2.474258 
5.161198 -2.594226 
4.983725 -2.492472 
7.24766 -2.973499 
2.790452 -2.928572 
3.433574 -2.565893 
4.294319 -2.40492 
3.982548 -2.474729 
4.07127 -2.299348 
5.052849 -2.111137 
6.476004 -2.363618 
6.270675 -2.390307 
6.49729 -3.182449 
7.056685 -3.219597 
7.764236 -3.482266 
6.90972 -3.534065 
6.04537 -3.28508 
6.160663 -3.538738 
8.598006 -2.752894 
9.063094 -3.365759 
10.10627 -2.925706 
7.49131 -3.353824 
7.804745 -3.502748 
5.393338 -3.164076 
5.019185 -3.121777 
5.877555 -3.275004 
5.592467 -3.323979 
5.86018 -3.395115 
5.470879 -3.811784 
5.75101 -3.314546 
3.507768 -3.010169 
6.931091 -3.189419 
5.270205 -3.474656 
3.48696 -2.808049 
3.833576 -2.655499 
3.100104 -2.691567 
2.629508 -2.511023 
6.034012 -2.398111 
8.101216 -2.580021 
7.253096 -2.41255 
6.22035 -2.800962 
7.241294 -2.291297 
5.862048 -2.646713 
4.429789 -2.852976 
3.21772 -2.272041 
1.797599 -2.14153 
1.170224 -2.369235 
3.142011 -2.546107 
5.5175 -2.385427 
6.295472 -2.067508 
5.388377 -3.004425 
4.586979 -2.04947 
4.409055 -2.411707 
5.305498 -1.717248 
5.017604 -1.882344 
3.657934 -1.807567 
2.364714 -1.782201 
2.118308 -1.903795 
2.096978 -1.923054 
3.756731 -2.232874 
3.211088 -1.904266 
3.354216 -1.689519 
2.588823 -1.773202 
2.713801 -1.830952 
3.777582 -2.701189 
5.923266 -3.087103 
6.063259 -3.087361 
6.656323 -3.220148 
7.09867 -2.546585 
7.243695 -2.935938 
6.375464 -3.648213 
7.128325 -3.591618 
6.317661 -3.109486 
5.727821 -2.613405 
3.418996 -2.167223 
4.663944 -2.103642 
2.314608 -2.299598 
2.584885 -2.510173 
3.156122 -2.300263 
3.059437 -2.433566 
2.609113 -2.720954 
2.271369 -3.039346 
3.211112 -3.036646 
3.525695 -3.101998 
4.806318 -2.339787 
3.619914 -2.272439 
3.013342 -1.960315 
4.913249 -2.558012 
4.439458 -2.569315 
5.755748 -2.63235 
5.032345 -2.541228 
5.981109 -2.72077 
5.338885 -2.613299 
4.140103 -2.023392 
2.081321 -2.40439 
1.361262 -2.603781 
3.2822 -2.115391 
2.764265 -1.81371 
2.686516 -1.923224 
3.223209 -1.474398 
4.753325 -2.562752 
5.244765 -2.765692 
4.69738 -2.761626 
4.515002 -2.707873 
3.187054 -2.892595 
2.094394 -2.534592 
2.565471 -2.244148 
3.209959 -2.427148 
4.883771 -2.923254 
4.701621 -2.852636 
5.160956 -2.579022 
4.649308 -2.147489 
9.097432 -2.196708 
4.139232 -2.561229 
4.565423 -2.749814 
3.44455 -2.39531 
2.61769 -2.305013 
3.230714 -2.205638 
3.233135 -1.674624 
1.300437 -1.81354 
2.133908 -2.055542 
2.515387 -2.248588 
3.043373 -2.396359 
2.050511 -2.533986 
3.344633 -2.39105 
1.888518 -2.906376 
5.080869 -2.661611 
4.941446 -2.196226 
5.413749 -2.631404 
5.452614 -2.249929 
6.071838 -2.519194 
4.110765 -2.618841 
4.214983 -2.658575 
4.54728 -2.009632 
3.722385 -2.433034 
3.033734 -2.2511 
3.13145 -2.580642 
4.885858 -2.010457 
5.13021 -1.938507 
3.796624 -1.722714 
1.605017 -1.522468 
2.343329 -1.750881 
2.153906 -1.78214 
3.384106 -1.693991 
4.079618 -1.572469 
3.385694 -1.82741 
3.285556 -1.714833 
2.679209 -1.693482 
1.827359 -1.550279 
3.060384 -1.959696 
3.854672 -2.517334 
7.524654 -3.089447 
6.915257 -2.536477 
6.409113 -1.99059 
6.222411 -1.757891 
5.780633 -2.200517 
6.341278 -2.03571 
5.54433 -2.931834 
4.438316 -3.41221 
5.880324 -3.416606 
6.446155 -2.191419 
1.590595 -1.634791 
2.342905 -1.207552 
2.541351 -1.412965 
2.813799 -1.522821 
2.933399 -1.780872 
2.503668 -1.956687 
1.37413 -1.58738 
1.263326 -1.550891 
4.162726 -2.302704 
3.565167 -2.343421 
3.440874 -2.18847 
1.264448 -2.450089 
3.03949 -2.234728 
5.417629 -2.630644 
5.352553 -3.33443 
4.847104 -3.543279 
5.750563 -3.261853 
6.514612 -2.875077 
4.741563 -2.988367 
4.251643 -2.777856 
4.458418 -3.301971 
4.707498 -3.014321 
5.256503 -2.363024 
5.174919 -2.447358 
6.197477 -3.171195 
2.88072 -3.585248 
8.023104 -3.051337 
6.561366 -3.070337 
6.264864 -2.829424 
6.614105 -2.78196 
8.576704 -3.250044 
7.822158 -3.65063 
8.546554 -3.435675 
7.107638 -3.285073 
7.524695 -3.041773 
7.947662 -2.869304 
8.182161 -2.825731 
8.313298 -2.810343 
9.565527 -2.371436 
6.401712 -1.909984 
5.054382 -2.31627 
5.55027 -2.182574 
4.749487 -2.094951 
3.796081 -2.516261 
6.238962 -2.871099 
5.695837 -2.432491 
5.689017 -2.643712 
6.61811 -1.974339 
6.575942 -2.285252 
5.180419 -1.947696 
2.012304 -2.360809 
3.995681 -2.397661 
5.612882 -2.555162 
5.162913 -3.059226 
5.150001 -3.179545 
6.31406 -3.560886 
5.814988 -3.655405 
4.778507 -3.338783 
4.026667 -4.091218 
8.92832 -3.920045 
6.641707 -3.760555 
6.367417 -2.963191 
4.754484 -3.298339 
4.198523 -2.868964 
3.514604 -2.985068 
2.964606 -2.068702 
2.026812 -2.595427 
1.645132 -3.075665 
3.738181 -3.22404 
3.488935 -2.871458 
4.116036 -2.014422 
4.140774 -1.959128 
4.301552 -2.190802 
3.574362 -2.797022 
3.974254 -2.122419 
3.089447 -2.253713 
2.462629 -2.624343 
3.084956 -2.424518 
5.469038 -2.369304 
5.676087 -2.70604 
6.081929 -2.383385 
5.698267 -2.299845 
7.796479 -2.41743 
6.252753 -2.489996 
2.636111 -2.690041 
3.123541 -2.595117 
3.781446 -2.571214 
5.677539 -2.298162 
6.138571 -2.598534 
5.202585 -2.313158 
7.577057 -2.232905 
7.426192 -2.293884 
6.711818 -3.053864 
8.19054 -2.748243 
7.00474 -3.139045 
7.038659 -2.352656 
6.879873 -2.109723 
5.265559 -3.346845 
4.663906 -3.47462 
6.181541 -3.688471 
6.357852 -4.190669 
7.230107 -4.079384 
7.26372 -3.862338 
9.085351 -2.734787 
6.080196 -2.070041 
7.114896 -2.119848 
9.285244 -2.383428 
9.459567 -2.828425 
5.557132 -3.018047 
4.600998 -3.247408 
4.067302 -3.561965 
2.516126 -3.175985 
3.530316 -2.636458 
4.599269 -3.167594 
3.46102 -3.067977 
5.055751 -3.109688 
7.631718 -3.337582 
7.769415 -3.309494 
5.227146 -3.37756 
8.332447 -3.486626 
13.76664 -3.583774 
14.81041 -2.839083 
10.22893 -2.585975 
8.00744 -2.632986 
7.451594 -2.663158 
7.295573 -2.63068 
6.796308 -2.955015 
7.005624 -2.434513 
3.745593 -2.613256 
2.207318 -2.326568 
3.358019 -2.24543 
3.320041 -2.397549 
3.897819 -2.485938 
7.339457 -2.673844 
2.762502 -2.270884 
3.132718 -1.77654 
3.40614 -1.027093 
2.728985 -1.149547 
2.410334 -1.225228 
3.367891 -1.394517 
3.517169 -1.834525 
5.359246 -1.616137 
4.04715 -1.38889 
4.25664 -1.408473 
2.990798 -1.731542 
0.9006886 -2.049921 
1.774288 -2.41512 
0.9622722 -2.426755 
2.234101 -2.131111 
1.180643 -2.462499 
5.014862 -2.530558 
5.11525 -2.543309 
5.256235 -2.738432 
5.73416 -3.211758 
6.567256 -3.560548 
6.252985 -4.157264 
7.472252 -3.877488 
9.387239 -3.969311 
9.44603 -3.890252 
10.88153 -3.783805 
7.330246 -3.620754 
6.759279 -3.137218 
6.072625 -3.464217 
7.369381 -3.373306 
7.74969 -3.184767 
7.440298 -2.680617 
6.512266 -2.455331 
7.587103 -3.012159 
8.737179 -2.723294 
8.265628 -3.260002 
8.305721 -3.219244 
6.215107 -2.79524 
4.101103 -2.867915 
2.821342 -2.762439 
4.672009 -2.74437 
3.760115 -2.662862 
5.673403 -2.194878 
5.50773 -3.03964 
6.141382 -2.326635 
5.759686 -2.843103 
5.976272 -2.768002 
6.821619 -2.992838 
6.182648 -3.125373 
4.119643 -2.533625 
5.649162 -2.81167 
5.185823 -3.097582 
4.969043 -3.200217 
4.534645 -3.360633 
4.151537 -3.124743 
2.425174 -3.099221 
5.206649 -3.574248 
4.911257 -3.521858 
4.477659 -4.108261 
4.451638 -3.784467 
6.882403 -3.426237 
6.702373 -3.127397 
8.717072 -3.440712 
7.626607 -2.933934 
6.943269 -3.150093 
7.871594 -3.604533 
6.318307 -3.754036 
5.533652 -3.100738 
5.765745 -3.222813 
5.510092 -3.626727 
5.874128 -2.922594 
4.98681 -2.031537 
4.993988 -1.811798 
5.548613 -1.746909 
3.147572 -2.395322 
2.601301 -2.434644 
2.116303 -2.572085 
4.733048 -2.263996 
4.922847 -2.288286 
5.089441 -2.190623 
5.228972 -2.388144 
4.854183 -2.850464 
5.365856 -1.943659 
4.776284 -2.39149 
4.622797 -2.990169 
2.050867 -2.313119 
3.145969 -1.844156 
6.376865 -1.622047 
5.549643 -1.733695 
4.600694 -2.257735 
4.081195 -1.626314 
2.778638 -1.136855 
0.03483572 -1.231956 
1.947965 -1.427003 
1.890406 -1.469683 
1.295305 -1.502932 
2.137288 -1.16242 
2.888993 -1.565197 
3.41697 -1.486165 
3.582974 -1.840533 
4.36677 -1.752078 
4.579116 -2.110299 
6.365789 -2.144706 
9.286688 -2.551276 
10.10627 -3.080899 
5.996874 -3.19955 
5.022647 -2.46286 
4.363064 -2.621439 
4.325938 -2.173335 
3.897283 -2.632652 
5.71752 -2.440404 
6.27027 -2.52951 
4.268782 -1.885997 
1.641917 -2.777341 
2.28903 -2.456321 
2.978499 -2.800757 
4.724555 -2.122965 
3.419989 -1.839277 
4.6089 -1.994717 
3.866722 -1.721167 
2.5803 -2.236903 
2.30779 -2.067714 
1.597588 -1.840727 
3.629537 -2.102485 
3.449328 -2.261318 
3.633407 -2.25207 
3.856029 -2.604713 
4.716739 -2.371938 
4.810427 -2.494566 
4.417741 -2.344087 
4.163686 -1.894784 
7.031615 -2.241142 
5.811452 -2.595794 
4.488087 -2.888907 
5.274591 -2.733156 
3.965771 -2.997481 
4.463488 -2.547511 
7.071446 -2.906683 
4.537968 -2.817479 
4.596352 -2.213544 
4.433448 -1.902273 
4.735148 -1.374342 
4.633975 -1.445897 
2.219456 -1.704127 
4.917976 -1.96291 
4.496658 -1.728472 
5.443685 -1.878332 
4.428144 -2.140871 
3.756623 -1.52681 
4.002174 -1.610498 
3.406135 -1.954471 
2.738421 -1.553525 
3.847191 -1.785968 
2.993576 -1.875062 
3.568994 -1.855553 
3.830223 -2.642015 
3.165965 -2.539714 
5.258404 -2.59619 
4.629752 -3.076855 
7.448038 -2.962359 
5.336899 -2.926667 
3.531606 -3.095481 
4.276174 -2.812512 
3.444693 -2.97691 
3.508899 -2.39242 
2.017542 -2.33023 
2.387281 -2.269251 
5.751464 -2.053334 
3.937763 -1.694762 
5.089139 -2.046433 
6.643662 -2.414207 
6.027442 -2.059679 
6.060135 -2.014951 
6.972724 -2.355569 
7.66202 -2.449374 
4.805903 -2.229149 
4.42679 -2.437983 
2.595345 -2.374319 
2.606183 -2.213295 
2.462278 -2.224942 
3.517416 -2.164323 
4.108024 -2.253524 
3.802889 -1.756525 
3.392112 -1.51042 
1.58398 -1.547985 
2.023411 -1.713989 
2.988548 -1.596478 
4.970442 -1.154633 
4.639944 -1.081063 
4.653509 -1.409736 
6.004197 -2.200922 
5.807687 -2.377443 
5.814979 -1.790346 
5.533651 -2.319512 
2.100017 -2.415636 
3.728775 -2.485392 
4.300969 -2.432739 
5.687655 -3.276477 
6.16928 -3.300276 
3.316864 -3.377717 
6.43468 -3.43259 
8.056362 -3.266204 
9.92742 -3.562297 
5.293994 -2.619873 
4.181386 -2.248473 
4.247936 -2.067276 
2.756465 -2.511508 
4.354027 -2.588907 
3.667369 -2.413699 
4.710211 -2.1709 
7.711874 -2.26304 
7.030476 -2.061246 
4.841491 -2.522464 
2.035068 -2.476061 
2.72228 -2.083179 
2.763867 -1.961711 
1.148978 -1.817647 
2.602992 -1.677169 
2.707098 -1.80647 
3.621253 -1.763861 
4.447361 -1.488998 
4.95226 -1.439422 
5.371304 -1.746516 
3.715603 -1.806876 
3.486896 -2.338239 
4.368516 -2.57729 
7.281427 -2.922671 
5.916665 -2.701979 
6.00956 -2.671441 
6.722733 -3.486756 
6.179686 -3.369788 
8.155464 -3.721461 
7.055217 -2.506341 
5.761616 -2.379752 
4.624894 -2.145455 
2.716064 -2.11394 
3.620344 -2.462128 
4.708208 -2.897253 
9.184644 -2.732636 
4.070839 -3.013127 
3.711735 -3.084805 
4.404304 -2.978516 
5.442883 -3.128571 
9.524528 -2.964756 
6.35862 -2.402249 
2.700823 -2.034238 
4.80065 -2.314205 
5.773083 -2.436581 
5.472978 -2.49246 
5.696668 -2.700722 
4.756174 -2.805679 
5.454948 -2.600461 
6.163623 -2.508061 
8.47901 -2.311816 
5.989975 -2.513996 
5.616272 -1.801779 
4.296706 -1.822424 
4.09088 -2.677169 
4.443603 -2.598116 
7.586414 -3.47907 
7.884662 -3.670262 
6.388313 -3.027557 
1.465682 -2.92535 
5.369219 -2.57511 
6.586986 -2.265605 
5.548486 -2.52423 
2.373669 -2.627388 
2.75518 -2.732858 
2.745393 -2.661121 
4.575752 -2.337401 
4.725617 -2.849848 
6.113222 -2.921891 
4.424817 -2.553678 
4.328284 -2.854774 
4.740371 -2.340921 
4.223566 -2.717425 
4.958932 -3.207619 
5.671292 -2.844653 
2.336073 -3.219381 
2.974687 -3.249869 
3.613197 -2.9884 
3.217163 -3.037204 
3.614608 -3.319985 
3.897896 -2.825839 
4.46636 -2.70076 
3.718816 -3.466153 
3.407622 -2.657892 
2.104675 -2.608366 
3.717864 -2.851669 
7.14027 -2.455845 
6.703283 -2.760156 
7.726373 -3.084109 
8.483904 -2.725915 
9.06012 -1.941461 
8.398859 -2.62265 
6.033097 -2.57041 
5.856628 -2.66376 
5.137906 -2.185949 
-0.6950488 -2.571675 
3.220153 -2.74393 
4.478871 -2.133961 
6.330327 -2.305878 
4.543501 -2.406869 
3.171929 -2.271325 
8.514799 -3.216225 
7.16201 -3.272911 
5.394915 -3.609053 
5.249651 -3.528807 
6.005823 -3.391078 
5.904861 -4.077389 
5.398187 -3.184636 
4.021443 -2.881822 
5.377953 -2.9302 
5.766047 -3.28431 
7.33625 -2.88338 
3.999547 -2.326548 
3.343728 -2.043577 
4.214714 -2.280088 
5.588746 -2.69488 
6.110576 -2.888443 
6.515202 -3.11505 
3.321345 -2.647609 
4.365943 -2.839415 
5.365958 -2.425821 
4.820417 -2.798866 
6.28014 -2.906534 
5.958207 -3.122129 
8.144755 -3.732041 
6.260312 -3.5392 
5.948362 -3.772563 
6.575219 -4.042087 
8.232329 -3.862263 
7.423028 -3.453155 
9.62429 -3.790996 
7.474692 -3.612979 
7.206581 -3.324033 
8.838354 -2.115032 
7.370993 -2.150059 
7.463867 -2.21637 
6.976546 -1.984166 
6.365723 -2.442205 
6.252342 -2.557322 
6.104982 -2.940444 
6.36589 -2.83273 
6.012465 -2.635274 
5.455401 -2.656286 
4.459917 -2.532698 
3.771977 -2.51836 
5.197635 -2.770389 
6.264963 -2.634689 
4.088168 -2.822547 
3.16389 -2.358343 
1.985341 -2.615488 
4.067176 -2.705835 
3.492948 -2.476669 
3.638789 -2.955574 
3.004634 -2.658537 
3.990503 -2.840932 
5.194545 -2.655777 
4.198361 -2.873218 
3.08054 -1.955218 
1.0979 -2.093715 
3.412566 -2.004528 
5.758816 -2.626947 
5.70875 -2.759977 
6.156496 -2.435431 
4.16526 -2.452599 
5.222067 -2.757308 
3.225997 -2.355019 
1.734211 -2.035611 
1.358294 -2.067082 
2.506868 -2.004609 
1.7223 -2.046492 
2.505998 -2.248949 
1.639133 -2.170474 
5.248803 -2.754105 
3.06081 -3.010392 
6.050484 -3.343859 
6.161664 -2.938994 
6.176658 -2.688944 
6.172675 -3.184365 
5.128775 -3.313179 
5.908147 -2.959004 
5.324948 -2.945202 
5.704634 -3.269578 
3.67719 -2.117046 
1.683238 -2.187232 
1.435512 -1.980301 
2.023545 -1.722122 
4.646306 -1.958313 
6.675295 -2.048097 
5.91202 -2.388353 
5.831013 -3.264264 
5.929894 -2.601083 
5.882398 -2.620687 
6.226972 -2.228297 
6.053803 -2.38382 
5.014729 -2.87071 
5.846395 -2.853779 
7.180585 -2.652797 
3.326008 -2.993406 
4.320127 -2.495049 
4.009833 -2.450225 
3.320892 -2.552298 
3.706156 -2.157875 
4.052208 -2.12173 
2.491383 -2.151803 
2.42277 -1.507249 
2.784101 -1.695689 
2.039032 -1.966845 
2.842787 -1.824755 
2.277942 -2.286344 
1.365179 -1.665766 
1.739678 -1.36851 
1.162029 -1.464844 
1.2774 -1.37692 
2.182776 -1.20697 
2.854024 -1.720757 
2.435826 -1.962017 
2.151332 -2.324226 
3.425542 -1.906607 
4.685396 -2.754937 
4.108964 -2.31658 
3.726226 -2.947916 
5.88251 -3.195252 
6.832919 -2.623317 
5.719871 -2.652801 
5.166439 -2.955406 
4.334311 -2.455488 
3.446331 -1.814757 
0.9899715 -2.254707 
3.744785 -2.23038 
4.543069 -1.890554 
3.052848 -1.982856 
3.504598 -1.632554 
4.143984 -2.894214 
4.614715 -3.168467 
4.626396 -2.911777 
4.218893 -3.733338 
3.954511 -3.138903 
5.295268 -3.371851 
5.415258 -3.433306 
6.251068 -3.38705 
5.028198 -3.774079 
4.99671 -3.136652 
4.178734 -2.368153 
6.745736 -2.63034 
3.900143 -2.304454 
3.911735 -2.507095 
3.97412 -2.3033 
1.877573 -2.145994 
2.293478 -1.925417 
2.377228 -1.848585 
2.248264 -1.809008 
2.121107 -1.826685 
2.738819 -2.356832 
4.108752 -2.752111 
4.294523 -2.783264 
5.757394 -2.617561 
6.836999 -2.667233 
6.260017 -3.459652 
9.16459 -3.48154 
9.495877 -3.359346 
7.938435 -3.611514 
7.464551 -3.647799 
7.231591 -2.933112 
5.164391 -3.325646 
4.549047 -2.798023 
4.126975 -2.886748 
2.794871 -3.025576 
2.808495 -2.704164 
1.700712 -2.717976 
3.033674 -2.561444 
3.357755 -1.908978 
5.302593 -2.508451 
1.712756 -2.263629 
0.4698572 -1.959343 
2.27037 -1.912762 
1.50888 -1.554856 
1.288616 -1.912349 
2.2233 -2.127818 
2.567511 -2.01397 
1.912524 -1.93026 
2.761756 -1.586034 
1.054556 -1.525937 
0.9980128 -1.288732 
0.2472325 -1.489383 
1.207689 -1.650193 
0.4751728 -1.676725 
3.680847 -2.187832 
2.745262 -2.086478 
4.102404 -2.273051 
5.019473 -2.210258 
5.159444 -2.222322 
3.767985 -2.25678 
5.819271 -2.409607 
5.696567 -2.118784 
6.342815 -2.13523 
6.516059 -2.202003 
6.696384 -2.237129 
8.690064 -2.023094 
7.805874 -2.413937 
6.777442 -2.799784 
4.950245 -3.14286 
3.380391 -2.941199 
6.017485 -2.889499 
5.206223 -2.90343 
5.091366 -2.954192 
3.349205 -2.597899 
3.878842 -2.692599 
4.652486 -2.414735 
3.118769 -2.25245 
5.892178 -1.739009 
5.890144 -2.044569 
6.155506 -1.92255 
6.34407 -2.010632 
4.689468 -2.982909 
5.229803 -2.882807 
4.438266 -1.5089 
3.307645 -1.719291 
1.813525 -1.715419 
2.873492 -1.887207 
4.093363 -2.488513 
3.28039 -2.190411 
3.480584 -2.192393 
4.79474 -2.305222 
5.721262 -2.401495 
5.892055 -2.776208 
5.432199 -2.259641 
7.201229 -2.64544 
8.031713 -2.262748 
6.438796 -2.101662 
6.822536 -2.416045 
4.357473 -2.284295 
5.09147 -2.684522 
4.24305 -2.556108 
6.687577 -2.067497 
6.383267 -2.055706 
6.979929 -1.988831 
5.478886 -2.616939 
5.202231 -2.494114 
3.903705 -3.077361 
7.744588 -2.306296 
6.58847 -2.262257 
5.708604 -2.943392 
3.536625 -2.774878 
7.731636 -3.185456 
6.099352 -3.705302 
8.953115 -4.105807 
7.952997 -3.822209 
8.263565 -2.703732 
7.775683 -2.81725 
8.229491 -3.832366 
6.503428 -3.669045 
5.96288 -2.6949 
5.115226 -2.80033 
4.038469 -2.716662 
2.774459 -2.943066 
3.369376 -2.951767 
4.824419 -2.819891 
3.216891 -2.295518 
5.106086 -2.698622 
3.187779 -2.678221 
2.945669 -2.821503 
2.908925 -3.763868 
4.243038 -2.761225 
5.824957 -2.59534 
7.74891 -3.175351 
6.938196 -2.592502 
6.064289 -2.871096 
3.969267 -2.330275 
4.30083 -2.458555 
5.199929 -3.624116 
4.37023 -3.463804 
8.028102 -3.297013 
4.835303 -1.959472 
5.977058 -1.667125 
5.033371 -1.426829 
5.109356 -1.386711 
4.262871 -1.875629 
3.242795 -2.238874 
2.58126 -2.236912 
2.150874 -2.208057 
2.455847 -1.913733 
2.535577 -1.69883 
2.331584 -2.269251 
1.176501 -2.566139 
5.08285 -3.514889 
4.675146 -3.339023 
4.354423 -3.191845 
8.759886 -2.62625 
6.013469 -2.472839 
5.80033 -2.488881 
2.895922 -2.544281 
3.033973 -2.152559 
2.665312 -2.379864 
2.427486 -1.999863 
2.13714 -1.989392 
2.303142 -2.414041 
2.025844 -2.222303 
3.95484 -2.034826 
5.474593 -2.092734 
2.821919 -1.741278 
0.8474131 -1.836108 
0.6735912 -1.761633 
1.570783 -1.794432 
1.101921 -1.635688 
3.070505 -2.260337 
3.277808 -2.103513 
3.292733 -2.343303 
6.186554 -2.61933 
5.088159 -2.63675 
6.760703 -3.082589 
5.849134 -2.855433 
4.805721 -2.540824 
3.226343 -2.695325 
3.666971 -2.450328 
5.518284 -2.946578 
4.651957 -2.689383 
5.073174 -2.457475 
3.166226 -2.3592 
2.664735 -2.387411 
2.819639 -2.195521 
6.457765 -2.727796 
5.140332 -2.999844 
5.29729 -2.125352 
5.32472 -1.661023 
4.959006 -1.736234 
5.417647 -2.286218 
1.30273 -2.180515 
4.397466 -2.379114 
3.931767 -2.814942 
6.037747 -2.9834 
5.480207 -2.892798 
5.867324 -2.958411 
4.114176 -2.383782 
3.929815 -2.6384 
3.078462 -2.577688 
2.752097 -1.998729 
2.573858 -2.072588 
2.495108 -1.793387 
3.849438 -2.19969 
6.17411 -1.998376 
5.821494 -1.732243 
3.277796 -1.382069 
2.338644 -1.578078 
2.43644 -2.288006 
2.470226 -2.562924 
2.36608 -2.379273 
1.439964 -2.220009 
7.873513 -2.514919 
8.121622 -1.6675 
8.43754 -2.252029 
7.058547 -2.523693 
2.826066 -2.177966 
3.438635 -1.841422 
4.134293 -2.518205 
4.431047 -2.554639 
3.184205 -2.911769 
2.176212 -2.247502 
2.32629 -2.305704 
2.388485 -2.026897 
3.253526 -2.246906 
3.040478 -2.127105 
2.199229 -1.772292 
2.294716 -2.079454 
2.509083 -1.833867 
2.534908 -1.870624 
2.277327 -1.777982 
4.719275 -1.352657 
4.880156 -1.45389 
5.768913 -2.893154 
3.244349 -2.787074 
5.144979 -2.990003 
4.332262 -2.63796 
4.798474 -2.931077 
4.748722 -3.03163 
4.602197 -2.628145 
4.171039 -2.703537 
4.082538 -1.756531 
3.852132 -2.259391 
3.967054 -2.309553 
5.109843 -2.20916 
5.256458 -2.914032 
5.004958 -2.511862 
4.193394 -1.750511 
1.848134 -1.893909 
4.332017 -2.305566 
3.626793 -2.358081 
3.253461 -2.205481 
2.487333 -2.058657 
3.643333 -1.848072 
4.402459 -1.865103 
4.087492 -2.130739 
8.223544 -2.683271 
5.90381 -2.768125 
3.08973 -2.585416 
2.709635 -1.875459 
5.447351 -1.726367 
6.801648 -2.683591 
4.882975 -2.441257 
4.03374 -2.643246 
4.742497 -2.402277 
4.862202 -2.706863 
3.98006 -2.638684 
4.480062 -2.246298 
3.186578 -2.54053 
6.113048 -1.905917 
2.027693 -2.845436 
1.537138 -2.199412 
4.237513 -2.357396 
3.69967 -2.494585 
3.746179 -2.370182 
3.581827 -1.993923 
4.048745 -2.053615 
2.299753 -1.899527 
4.298808 -2.242932 
4.607275 -2.445807 
6.536184 -2.385301 
3.873388 -2.711962 
6.255562 -2.503142 
5.579797 -2.317306 
5.965782 -2.132397 
4.710519 -2.573484 
4.276627 -2.913756 
5.384817 -3.058049 
6.175525 -3.358163 
6.288491 -3.465224 
7.390639 -3.717811 
6.227444 -3.232437 
6.821437 -2.617019 
6.259215 -2.684028 
4.030794 -2.77879 
3.392912 -2.696657 
4.101639 -2.08921 
4.071027 -2.194237 
2.839437 -2.382558 
1.82191 -2.186523 
1.848113 -2.186406 
1.014259 -1.892398 
1.453954 -1.839657 
2.480323 -1.885725 
2.293119 -2.290166 
2.480794 -2.004276 
4.245334 -2.244191 
6.014875 -1.731793 
4.957055 -1.623456 
3.8482 -2.050661 
4.041847 -2.683085 
5.350986 -2.529437 
3.261179 -2.134045 
5.350314 -2.381778 
4.726502 -2.322316 
6.005034 -1.903565 
7.748668 -2.910958 
7.193956 -2.856054 
4.4169 -3.061663 
4.460896 -2.519992 
3.279117 -2.274951 
5.663343 -3.160499 
6.035472 -3.649873 
6.597308 -3.290638 
7.79612 -3.017745 
7.335174 -2.599363 
6.661604 -2.382498 
5.501199 -1.917817 
5.301638 -2.060299 
4.793111 -2.097192 
4.683533 -2.432677 
6.331676 -2.041211 
1.946742 -2.587712 
3.46634 -2.721779 
2.354317 -2.934503 
2.574744 -2.048346 
3.869236 -1.672454 
3.617082 -1.53198 
3.739588 -1.625177 
3.636596 -1.50701 
1.609918 -1.433124 
0.7151438 -1.461864 
2.491842 -1.557615 
2.918159 -1.865662 
2.693498 -2.442134 
2.515336 -2.334936 
4.33055 -2.859153 
5.718536 -3.289507 
3.317635 -3.268874 
4.17098 -2.835017 
2.573222 -2.128515 
1.545363 -2.034594 
2.463611 -2.520312 
2.976371 -2.606555 
4.815875 -2.134481 
5.51817 -2.578854 
4.140248 -2.85592 
3.424145 -3.01782 
2.790601 -2.415905 
4.053179 -2.402806 
3.603246 -1.957604 
2.794162 -1.703163 
3.995901 -1.604664 
4.733184 -1.823523 
3.442102 -1.920923 
6.297642 -2.384849 
5.962083 -2.488452 
4.869452 -2.271038 
4.989735 -2.587628 
4.689213 -2.724491 
7.001568 -3.039035 
5.8678 -3.39338 
6.443381 -3.067731 
7.000381 -3.313518 
7.254645 -3.939114 
7.818309 -4.251706 
7.34206 -4.330265 
7.754091 -2.962995 
3.343747 -3.303767 
5.106899 -3.417374 
6.581481 -2.743676 
6.229993 -2.489575 
3.914511 -2.584939 
4.910302 -2.191103 
7.916826 -2.910084 
6.781366 -2.484732 
3.078684 -2.176995 
3.598905 -2.141411 
2.423104 -2.323413 
2.591142 -2.034905 
4.347813 -1.343497 
2.843406 -1.43399 
4.094071 -1.438672 
3.068049 -1.477551 
1.489897 -1.50611 
1.723993 -1.480911 
1.38857 -1.253114 
1.153139 -1.134612 
1.480974 -1.297567 
