"res" "LCI" "UCI"
-3.14966255528839 -3.44170157370092 -2.8694441888654
-2.91503756117816 -3.18865655626437 -2.65510108373645
-2.72536312010912 -2.98120910686356 -2.47607869811132
-2.66098495279263 -2.90700799823331 -2.42042933906955
-2.57915777692128 -2.82060765221196 -2.34965256916882
-2.52783335554913 -2.75710462774467 -2.30140254393938
-2.49907546256245 -2.72625433466546 -2.27980602842007
-2.48987236242802 -2.71532944351607 -2.27103218830022
-2.46922046280115 -2.69277949987227 -2.25403917927613
-2.43536636794539 -2.65888694486323 -2.22261321675263
-2.40261727983141 -2.62445498995288 -2.18664148459556
-2.36468739347514 -2.59237017429502 -2.15300048550675
-2.3182416153377 -2.52709683025043 -2.114862534094
-2.27858988507529 -2.49183986336415 -2.06908152828556
-2.24247486776946 -2.44973364877051 -2.03923827420385
-2.21281046409175 -2.41081896150978 -2.01876956655339
-2.19307709073653 -2.39058055584996 -2.00107177167389
-2.16714504046598 -2.35772203654233 -1.98055272894406
-2.13307220252839 -2.32824654181241 -1.94938751414685
-2.10041146447209 -2.2858646297094 -1.9215364414164
-2.08551974987117 -2.26925798531486 -1.91006949884336
-2.06152899264724 -2.24567658222365 -1.88463502393337
-2.04457864882455 -2.22734184645486 -1.8741271079378
-2.02056005804048 -2.20008829903585 -1.85460314061203
-2.00839279708819 -2.18760379946981 -1.84362465038561
-1.99284227166481 -2.1683657604389 -1.82540201366529
-1.96440270695744 -2.13530036447531 -1.80109633025724
-1.92540640068888 -2.09474507711897 -1.76748275140793
-1.88457944421548 -2.04847138874238 -1.7360235340034
-1.86723477584801 -2.03004816250886 -1.72054004507346
-1.8444878451625 -2.00497888734913 -1.69823393105797
-1.83471244547209 -1.99708094826858 -1.68924903536572
-1.81536135358701 -1.97137861544412 -1.67157661130496
-1.79847138562055 -1.95171823639304 -1.65573602332691
-1.78425863238099 -1.93608860561655 -1.64362659522543
-1.77179304756307 -1.92126823286464 -1.63304163716406
-1.76482765133747 -1.91219194559671 -1.62538983903766
-1.75519413183365 -1.9004145835534 -1.61915035590641
-1.74825609500398 -1.89024531918558 -1.61265123393361
-1.74292238014395 -1.88538486591802 -1.60918026690964
-1.73714996873221 -1.87773471382111 -1.60342388567365
-1.72665730547713 -1.86793479013992 -1.59375410387331
-1.72175937074377 -1.8627294487373 -1.58882026390011
-1.71763012659266 -1.85720035873381 -1.58473361201478
-1.71269614621185 -1.8528743471887 -1.57951629744072
-1.70830756152715 -1.84991405438779 -1.57533772039196
-1.7044773623406 -1.84450332809452 -1.57160143357418
-1.69873244546486 -1.83663254903543 -1.56750118306646
-1.69433701925315 -1.83261959708545 -1.56157821245203
-1.68566717605977 -1.82235081794195 -1.55322914301047
-1.67354760351393 -1.80950201141743 -1.53965113036748
-1.65314944759734 -1.78893714839555 -1.5225629825685
-1.63769946114434 -1.77557269789524 -1.50848306236926
-1.62749778045276 -1.76111511477193 -1.50034647239001
-1.60494352049944 -1.73491792487488 -1.48045522238199
-1.58040720922223 -1.70655679879925 -1.46109545976598
-1.55897115279737 -1.68223406350424 -1.44096012391085
-1.55827662955884 -1.68141359837961 -1.44044515139164
-1.54711648600115 -1.66812255008934 -1.43069570893106
-1.52771713581036 -1.64579961895004 -1.41326714158825
-1.52092209242161 -1.6380041211626 -1.40699330090896
-1.51060423159111 -1.62646897141047 -1.39789684910948
-1.50681220061599 -1.62273477662514 -1.39396992534048
-1.49651060419971 -1.61098851579855 -1.38591279567211
-1.48999124762496 -1.60545788312362 -1.37933835033893
-1.48662020371368 -1.60037644611591 -1.37634898838914
-1.48308623385894 -1.59694893369327 -1.3733619692109
-1.47884954425512 -1.59306037193368 -1.36926535085226
-1.4724007060037 -1.58610388804663 -1.36331747245114
-1.46194833299298 -1.57560026464566 -1.35226103421146
-1.44568016104709 -1.5569548503818 -1.33827422200075
-1.44058510314399 -1.5519077279312 -1.33335275608333
-1.43575226075438 -1.54646436995923 -1.32817048171854
-1.43336209241916 -1.54466823384754 -1.32681764650457
-1.43034704609598 -1.54163148710994 -1.32414108331326
-1.4273421787742 -1.53873099362641 -1.32126356999229
-1.42534091694872 -1.53611086066389 -1.31931986886482
-1.42286881320659 -1.53476403119795 -1.31680215090691
-1.41883479808965 -1.52966899909977 -1.31403524397935
-1.41569232198245 -1.5257430194926 -1.31048695665984
-1.41110227050516 -1.52122097020891 -1.30573114346041
-1.40826083973837 -1.51797676146695 -1.30243755257144
-1.40602612239166 -1.51597826857191 -1.30087316446059
-1.40341323871667 -1.51361288600796 -1.29812104861197
-1.40172208339592 -1.5112924260446 -1.29707178468368
-1.39865766870402 -1.50782157972613 -1.29350188574858
-1.39523196708496 -1.50430727620446 -1.29210816174032
-1.3881794750666 -1.49642388686775 -1.28490527659776
-1.38334092282445 -1.49098681310461 -1.27940612028416
-1.3710588105936 -1.47801602990627 -1.26652045078287
-1.36467368535631 -1.47208501055455 -1.26216408086015
-1.34878514454892 -1.45558727279285 -1.24543911300618
-1.34467117473907 -1.45137527851877 -1.24210650084937
-1.33922977906613 -1.44601642525044 -1.23663480868866
-1.33325253827144 -1.43946343201992 -1.23220743038172
-1.33036172086637 -1.4366435621948 -1.22910381626506
-1.32549433581024 -1.43250534831911 -1.22446348090182
-1.3215681355624 -1.42785300200549 -1.22119977676481
-1.31591720597957 -1.42069081366294 -1.21606359860529
-1.3101261426855 -1.4139341738485 -1.21155541287213
-1.30367693042231 -1.40661255333526 -1.20393787172826
-1.29663179777537 -1.39955617369055 -1.19940350367889
-1.29019454826426 -1.3924253014703 -1.19382888651062
-1.28409961788652 -1.38741514825518 -1.18770539878123
-1.27762531407281 -1.38001963513827 -1.18090907421211
-1.27308411596461 -1.37553478018151 -1.17659710147802
-1.26933241833846 -1.37251191796769 -1.17313350162112
-1.26474783411804 -1.36739171770961 -1.16799622757635
-1.26078653930804 -1.36224948303671 -1.16508837479279
-1.2566211852958 -1.35762007935232 -1.16066089978407
-1.2524057246748 -1.35285236265562 -1.15743411857246
-1.2463612341818 -1.34621888719534 -1.15177003917356
-1.24156088703622 -1.34144104229489 -1.1466009905948
-1.23498996508154 -1.33441584739648 -1.140036306191
-1.23014636463175 -1.33061573659387 -1.13438061460952
-1.22541088503552 -1.32614806509529 -1.12946131542894
-1.22059405329628 -1.32044164320669 -1.12489184286671
-1.21483270728286 -1.31396304702527 -1.11970143688786
-1.21061335190769 -1.30910782706433 -1.11595462665468
-1.20514962480014 -1.30300282646675 -1.11121451859405
-1.19984522460666 -1.29795886110642 -1.10702068565244
-1.19516698591163 -1.29338418459431 -1.10249499216194
-1.1903064902733 -1.28861772876501 -1.09820254920405
-1.18533660595136 -1.28251494589376 -1.09284513592119
-1.17900170347605 -1.27533980418596 -1.08610998050156
-1.17328577960149 -1.26974174091494 -1.08037959888424
-1.16746728395947 -1.26306700727375 -1.0755676122605
-1.16166669314836 -1.25757152180938 -1.07062798088051
-1.15540993843346 -1.24946227177246 -1.06367910396761
-1.14955924502018 -1.24503009655726 -1.05879083384621
-1.14336012098441 -1.23851519623505 -1.05369799635364
-1.13671810681772 -1.23281986363959 -1.04763315592484
-1.13098930652552 -1.22514434001973 -1.04031084307442
-1.12603085495702 -1.22025368532356 -1.03574229407382
-1.12157711868775 -1.21519950954591 -1.03199629108537
-1.11653324355983 -1.20875723399252 -1.02711157092792
-1.1121268239461 -1.20502325419809 -1.02258457358518
-1.10581467101068 -1.19899018453835 -1.01634896018425
-1.10076957487322 -1.19442554874797 -1.01254215293327
-1.09617507232297 -1.18876852184915 -1.00812840775112
-1.09112683628794 -1.18473252648116 -1.00303880935355
-1.08703455422955 -1.17961279608127 -1.00013860738501
-1.08200766885675 -1.17503858567998 -0.995171570223439
-1.07732658678285 -1.17033881254684 -0.989699432724656
-1.07243557436606 -1.16373931136168 -0.984852111495735
-1.06697854572858 -1.1583004955573 -0.98068230881646
-1.06088748433739 -1.1515018008506 -0.976160636286501
-1.05508838577566 -1.14478039618333 -0.971007828801126
-1.0495255119648 -1.13896127499691 -0.964225138385927
-1.04202568087181 -1.13033972143813 -0.957238320506897
-1.03633669163194 -1.12412829288694 -0.951616630143997
-1.03028005335526 -1.11924384930808 -0.945474000235178
-1.0227584651489 -1.11039177247287 -0.937643405702167
-1.01737381941586 -1.10519945927392 -0.931815304352906
-1.01012571212907 -1.09702191917696 -0.92469015765128
-1.0021064008592 -1.09019468769881 -0.917657327684461
-0.995367308905186 -1.08134552111779 -0.911590494983202
-0.987199258418159 -1.07345684019882 -0.903515674247066
-0.977708055460984 -1.065686247125 -0.894691564813338
-0.968113731159667 -1.05477076353336 -0.883646663858256
-0.959448565168134 -1.04699130870758 -0.874991931271453
-0.953955079278804 -1.0412887518357 -0.869196433544666
-0.949155924548973 -1.03585123434642 -0.865048037317096
-0.944572562920633 -1.03233490594113 -0.859242485044142
-0.939728678812953 -1.02847640811571 -0.855050810834629
-0.935154963182963 -1.02365844214852 -0.850148342056472
-0.930605616407397 -1.01912498676502 -0.845267959592188
-0.927470021508787 -1.01711510348207 -0.842207585678289
-0.924342654473118 -1.01354853149895 -0.838980546123343
-0.92075775420269 -1.00886843652639 -0.835672261314611
-0.91689239543561 -1.00464066051889 -0.831008043985188
-0.912378386970706 -0.999811916870196 -0.826787191143181
-0.907730165080486 -0.995542534129416 -0.821979504608311
-0.904360302107243 -0.993086707889324 -0.819214708838633
-0.901259090146335 -0.98977804714604 -0.816085640418852
-0.898690209455622 -0.987733607141651 -0.813274548323767
-0.896264136601763 -0.985484664875762 -0.810982806571124
-0.893911090214987 -0.983468140233195 -0.808127283053684
-0.891474803737543 -0.980870961068101 -0.806507731642819
-0.888983180195335 -0.978846640897082 -0.802984158990991
-0.886672351223229 -0.975739915640524 -0.801369922531705
-0.883965372198425 -0.972347671285285 -0.798470386343038
-0.881261534393017 -0.969512934302384 -0.796614529597325
-0.87862172312044 -0.966350213533337 -0.793649612961885
-0.876217701712445 -0.96427426688488 -0.79105660499422
-0.873516062357763 -0.960465548277777 -0.789013155549308
-0.869866828330317 -0.9565671873209 -0.786348094982217
-0.865273608174294 -0.951282131301004 -0.782841468863795
-0.861638753979046 -0.947133692976275 -0.779481662019617
-0.858175360048858 -0.942747217427611 -0.775391955903278
-0.855126237189503 -0.939614823758265 -0.773167559462468
-0.852045328464589 -0.936631448891746 -0.770108561403195
-0.849000678566506 -0.933725035922941 -0.767744733454705
-0.84608814098057 -0.930470466471636 -0.76533092093265
-0.842788770053173 -0.927110561552155 -0.761192254264545
-0.839420083686577 -0.92402311070858 -0.758130018691238
-0.836043123073205 -0.920599342684991 -0.755075972080226
-0.832972355920633 -0.918433300769889 -0.751674089274978
-0.829840037149007 -0.915350129093884 -0.747714752404143
-0.826811470106773 -0.912507213760877 -0.74474225165198
-0.823769746469019 -0.909579499929904 -0.739929862199193
-0.820314098583475 -0.905458802010838 -0.736825715907166
-0.816606585552747 -0.902024162378018 -0.732424418273481
-0.813121054334283 -0.898727734707591 -0.72923774927293
-0.809226566979808 -0.894929896862099 -0.725383876335905
-0.805076748569558 -0.89008022717704 -0.721555510806027
-0.800940367832833 -0.88574979379706 -0.716419236986431
-0.796718310192028 -0.880452679349455 -0.711250538167802
-0.792169014279669 -0.877154883305761 -0.706890955067556
-0.787183373705692 -0.871543499888602 -0.701686529860564
-0.782672142938844 -0.867084328854086 -0.695025376491289
-0.777567424651789 -0.861995388458956 -0.690911738688448
-0.77240798508232 -0.855908534262326 -0.685245005330737
-0.767883969612948 -0.852450795959628 -0.67933731087175
-0.763168064529104 -0.848387683092451 -0.67434271765499
-0.758735735554586 -0.844301560998933 -0.669543798652561
-0.754711424409896 -0.841709825806599 -0.665961941244212
-0.75130054520092 -0.840148183629621 -0.66197679730687
-0.74793686444349 -0.838154060727215 -0.656929106830788
-0.744861162569346 -0.835064527671915 -0.651813599237738
-0.7418877489775 -0.831934776457478 -0.647841649080558
-0.739216349265267 -0.829037215055783 -0.644728297104881
-0.736429786072745 -0.826287533598793 -0.639707770792921
-0.733585990472421 -0.823006375709042 -0.635585940083988
-0.730415507603548 -0.819019779144498 -0.631673558810849
-0.726989539405276 -0.815603299574267 -0.628170703816382
-0.721591962328645 -0.80958291550944 -0.623826109645014
-0.717533629813608 -0.805896885779136 -0.618375944332846
-0.712901671871568 -0.801701382202018 -0.611348549261121
-0.708178992102811 -0.798084196531091 -0.606693252764574
-0.703667362616655 -0.79498876122564 -0.601015367916674
-0.700185199447872 -0.792820840318796 -0.596726493160601
-0.696182045831527 -0.78999916506281 -0.591397975517375
-0.692060842520095 -0.786790075091537 -0.587260088325547
-0.689306615108501 -0.783908444132938 -0.583087362164234
-0.686451890125474 -0.780653782238995 -0.579017918752407
-0.683100107377425 -0.777116935261438 -0.573465929876076
-0.679400563067069 -0.774605260150877 -0.570010941841723
-0.676010091817376 -0.771905971972482 -0.565490930329986
-0.673113792497099 -0.76861472787361 -0.563225447239826
-0.669597701619143 -0.766790021346852 -0.559109286879935
-0.666531190971003 -0.764706994265855 -0.556856178862673
-0.663689093927885 -0.761607584435811 -0.553617445629613
-0.660565322429553 -0.759295227906073 -0.549565103788445
-0.657341056785321 -0.757075229347848 -0.545157759788597
-0.653632470277255 -0.752302410791207 -0.540698011697973
-0.649277710086466 -0.748934109536341 -0.536551962711521
-0.645209321531834 -0.747400318003122 -0.532168582063919
-0.642297115127288 -0.745900960696871 -0.529652489761204
-0.639342093230152 -0.743483589957731 -0.526148679347962
-0.636264855423981 -0.740826552993562 -0.522659551224964
-0.633180032164054 -0.738444163391116 -0.518100182116973
-0.630321143584946 -0.73650568028436 -0.516026590577352
-0.62803681248304 -0.734867089638385 -0.513285883491426
-0.625780055282662 -0.732237564193367 -0.511334591607654
-0.62352574813704 -0.729988490888595 -0.509582436228782
-0.621058775761355 -0.728479112304991 -0.506023286329353
-0.618520718029103 -0.726536147692272 -0.502321833364173
-0.615815418968864 -0.724021207881203 -0.498031210946157
-0.613145227684215 -0.72107567541284 -0.496293843310369
-0.610707350035196 -0.719449403607264 -0.492606451489881
-0.608013216465716 -0.71582744511242 -0.49024374410709
-0.604599543280438 -0.712665092975506 -0.486061337681425
-0.600862868001996 -0.71025085933321 -0.483056443097804
-0.596840722391082 -0.706249253698078 -0.478665890214759
-0.593093952946314 -0.703503462782862 -0.475341064812128
-0.589617315833803 -0.701258060074066 -0.47186798315058
-0.586037935163672 -0.698428352512498 -0.465472460747447
-0.580312436093578 -0.69446742685626 -0.461011507506238
-0.577081375902919 -0.692314210769724 -0.457838082916327
-0.574195839635283 -0.689124306137664 -0.455513010463668
-0.571218630219337 -0.686776802140992 -0.452044957601838
-0.567816443187804 -0.684219182155037 -0.448707224792535
-0.565002476058539 -0.681578660451188 -0.445664667032705
-0.562546409292802 -0.679016001231153 -0.443322144619773
-0.559237985655035 -0.676053900427037 -0.439263778210791
-0.556686326030438 -0.673177138568897 -0.435748098176136
-0.554184759084572 -0.671173240232704 -0.433962682187029
-0.551530775289072 -0.669524604594804 -0.430634579786778
-0.54879739979689 -0.667739650928226 -0.428151241570922
-0.546407460481568 -0.664840392695865 -0.426166900784611
-0.54441087856797 -0.663046734212172 -0.424440927461531
-0.541718717351527 -0.661448808978453 -0.422166744452101
-0.539376446989839 -0.660123333812688 -0.419460262380429
-0.537124012841068 -0.656855160898199 -0.417726767250542
-0.534549611930151 -0.654532550861417 -0.415774669248625
-0.53230545056572 -0.652110520396605 -0.413325008157465
-0.529995050153355 -0.650476130117358 -0.410591757889383
-0.526922013068956 -0.647652567259815 -0.406481498059479
-0.523746096031092 -0.644046620820884 -0.403358757028121
-0.519906789258225 -0.639381890069934 -0.398527853542894
-0.516416702164274 -0.638136639190096 -0.394562137311897
-0.513652858752888 -0.634783641565859 -0.392645973043135
-0.510860626131974 -0.633554388530672 -0.390526061042846
-0.508466307516374 -0.629559590238105 -0.387908572717354
-0.506209276728879 -0.628632150610854 -0.386235400965323
-0.504422981385429 -0.627559457333711 -0.385131694406931
-0.502683870273117 -0.626334171898102 -0.383729247966478
-0.500999870507565 -0.624349463813436 -0.380995981158901
-0.499380908800813 -0.623310530745498 -0.37946018399177
-0.497712111562765 -0.62220109960342 -0.37852379998195
-0.496159990991933 -0.6198678749512 -0.376596881769396
-0.494577778069974 -0.617507828583715 -0.374906155158155
-0.493131660195435 -0.61564167033344 -0.372957337956261
-0.49165552955518 -0.615294189477506 -0.372258323453605
-0.490098316262079 -0.613873036916071 -0.37028531972748
-0.488371537022356 -0.611605239441217 -0.368067238437912
-0.486702510303938 -0.610346889901909 -0.366806571222443
-0.484888352993348 -0.608766517373415 -0.365422191263275
-0.482739283618553 -0.607217533571999 -0.362766257428082
-0.480615789255722 -0.604193898654597 -0.360718490117902
-0.478773891233958 -0.602836018231024 -0.358443832263873
-0.47695968340095 -0.601085297834846 -0.35609178779903
-0.474960107842479 -0.598931106439142 -0.353204676100993
-0.473060185256101 -0.597430951305959 -0.351275399533828
-0.470995157339765 -0.594632460563552 -0.349036414777311
-0.469132569451419 -0.593289014853695 -0.346747036870671
-0.467228254577443 -0.592166513219885 -0.345042066416601
-0.465273805465963 -0.589888257858084 -0.342662613824633
-0.462880044474802 -0.587973787285022 -0.341596363536465
-0.460215901849887 -0.584676921047407 -0.339837009611557
-0.457829078368697 -0.582461281681112 -0.337484201433763
-0.455457982601969 -0.580720413872345 -0.335406548175107
-0.45288860776002 -0.577577156184038 -0.333386416128274
-0.450194190449694 -0.575030981660719 -0.330222782926963
-0.447954490776755 -0.571568975206646 -0.327889212991593
-0.445667672737539 -0.569986062287612 -0.324541793549351
-0.443135076150724 -0.566891133115613 -0.322757797047314
-0.440733518588944 -0.564557123461602 -0.319972261370273
-0.438194249574115 -0.562189871901702 -0.31806003802051
-0.435229785910284 -0.558877170263936 -0.315744067399646
-0.432305854482634 -0.55646302275896 -0.312757136021379
-0.428970876435729 -0.552575731980774 -0.309695201101389
-0.426126323559155 -0.549650502875778 -0.307157960967168
-0.422894893603014 -0.546601721770146 -0.304647495736444
-0.420435178273881 -0.543673029745359 -0.302195633640165
-0.418132174426849 -0.540654671942772 -0.299462120470174
-0.41607543855907 -0.539220047187739 -0.297064995631088
-0.413672812852804 -0.536352497225345 -0.295572791065249
-0.411249111699386 -0.534428988168931 -0.293602677622388
-0.409189994743215 -0.532318888392667 -0.291910975808573
-0.407528388423551 -0.530543887073444 -0.289674640647508
-0.405367309555362 -0.528924174651835 -0.287578794685996
-0.402864104183097 -0.525653169343255 -0.285297450934354
-0.400432533598486 -0.523344415918479 -0.28344854858013
-0.398190073113099 -0.521502758080776 -0.280527485371948
-0.395878940201187 -0.518897006951333 -0.278405984689984
-0.393603701204875 -0.515510825491877 -0.276014367581727
-0.391142131930173 -0.514233705916584 -0.274778152065755
-0.38871953493457 -0.509387673262719 -0.272587130324293
-0.386124429077006 -0.508192376173951 -0.27073469036804
-0.383724555104888 -0.505737254440235 -0.268523941296276
-0.381476571143777 -0.504269130957384 -0.266153403714381
-0.37905085370135 -0.500276489553194 -0.264270424042512
-0.376610318316591 -0.497105270917424 -0.261308383243188
-0.374452266423421 -0.494974346355211 -0.258781008901699
-0.371852504809781 -0.490926770855025 -0.255968447669714
-0.368274480797765 -0.486131414563248 -0.253643612564263
-0.364508767415625 -0.480907996405784 -0.251518010980228
-0.361363407817652 -0.479020145753691 -0.248998404855592
-0.357388099024451 -0.474459185436156 -0.2470656713617
-0.353326057411894 -0.470899147673923 -0.243128905968838
-0.349957853230829 -0.466840729304267 -0.239509632609788
-0.34654810940712 -0.46353351637376 -0.236188438929277
-0.343223864907474 -0.461076724973427 -0.232430557148862
-0.340132910481511 -0.458862241794364 -0.229357661562552
-0.337129693811571 -0.455449243527161 -0.22645724437573
-0.334469522519556 -0.452760842700692 -0.223780498933315
-0.331851303847846 -0.448826533292604 -0.221120392231964
-0.329115567235023 -0.445893221889286 -0.217809548353019
-0.326447237436489 -0.443835332845858 -0.215659886078299
-0.323725338330403 -0.440816415434379 -0.212807203559505
-0.32086313799342 -0.437330544634982 -0.20997821278402
-0.318182821807729 -0.434271293729024 -0.208004586143595
-0.315534259672912 -0.432169711868209 -0.205337451875321
-0.313160938705551 -0.429913823460299 -0.202124680984766
-0.310797105507253 -0.428141581532495 -0.199281809149759
-0.308611744997281 -0.425399028228147 -0.197017696095245
-0.30641347239113 -0.423128756009544 -0.19533775855388
-0.304068758414999 -0.419812155637818 -0.193085600982614
-0.301603919905199 -0.418226143077232 -0.19166873750738
-0.298985022888147 -0.412206530211639 -0.188250386004371
-0.295997018716461 -0.408860833756062 -0.186135429164424
-0.293155818594966 -0.406378747716239 -0.185366108118879
-0.289955055030488 -0.403004456404026 -0.181725578293064
-0.28670196898711 -0.40068989572945 -0.17961329485659
-0.283695550653474 -0.399042074806778 -0.174737227385328
-0.280721067804838 -0.395662634118323 -0.171722851481892
-0.27762820068259 -0.391541817850837 -0.170264435918152
-0.274407257183137 -0.388317402267078 -0.166474726659569
-0.271354335829049 -0.386424159567491 -0.163489571216164
-0.26863287795548 -0.383760241274931 -0.1606123986373
-0.266007837287776 -0.379901886733741 -0.157832366071174
-0.263549590173581 -0.377935643797858 -0.155917335044833
-0.261278976329146 -0.377237865716728 -0.153536182021824
-0.259167796949445 -0.375515974399249 -0.151574753351776
-0.257348059924819 -0.374394703261948 -0.149357502490306
-0.255623156110146 -0.372147821892803 -0.147500464922269
-0.253951328816379 -0.370619502939455 -0.145412405139686
-0.252187537922719 -0.367453690895989 -0.14377585181795
-0.250181498114491 -0.365238893697803 -0.141957370097717
-0.247632608218532 -0.361999367398591 -0.140135481375202
-0.244419928479079 -0.354192402477182 -0.137191807406074
-0.241360473691738 -0.349417665526525 -0.133844030291389
-0.238333071277936 -0.34559966782999 -0.132667310717699
-0.235270688061294 -0.343457262469781 -0.130362212382885
-0.232495362301244 -0.34031123599978 -0.127325553513062
-0.229507747276663 -0.336907695479577 -0.124763503979559
-0.226703582071405 -0.335784549259438 -0.123653036922136
-0.224230527426996 -0.334406016939126 -0.120484664246332
-0.221955862485481 -0.331825047969719 -0.117878121230549
-0.219824960240258 -0.330594033838255 -0.115619443935746
-0.217938648811367 -0.328906706727907 -0.112329894353232
-0.216221384000263 -0.327976889892865 -0.109387729306942
-0.214561765565409 -0.325400784397917 -0.107967048503711
-0.212923487411252 -0.323578764431232 -0.107378475553826
-0.211179908876594 -0.320775320167256 -0.105533443878157
-0.209549127273263 -0.317839884417584 -0.103995419992491
-0.207700342530349 -0.316375095317078 -0.102592947835888
-0.205813317516056 -0.315298551653693 -0.101707950604137
-0.204019823367951 -0.313238573279702 -0.100431204327083
-0.202203205041791 -0.312571622933715 -0.0984356489660236
-0.20060242660348 -0.310689308426265 -0.0961900564578911
-0.199015775144382 -0.308979916294697 -0.0948810570963601
-0.197387316343528 -0.307224965695263 -0.0917483993928105
-0.195673205595138 -0.305136286617695 -0.0897594990199067
-0.193958667216031 -0.30280895927439 -0.0886447538948232
-0.192119875203901 -0.30079851020517 -0.0873877264886877
-0.190019673392807 -0.298417906637495 -0.0856761834071922
-0.187802494479984 -0.294684805750047 -0.0840528154579972
-0.185446761132979 -0.292156334581672 -0.0826848756706507
-0.182951707585666 -0.288861457424783 -0.0806452979710191
-0.179793277084449 -0.283706249409441 -0.0787275772017189
-0.176751168844838 -0.280815077689124 -0.0755775293453765
-0.17390865869262 -0.277717253339796 -0.0735346590322634
-0.170806022854578 -0.274401764357396 -0.0703430813876671
-0.167697688901452 -0.270962888404951 -0.0671174555310653
-0.164851583646414 -0.268133156700072 -0.0650534022343273
-0.1618199320025 -0.26658794782465 -0.0615929263491074
-0.15925978920981 -0.264495898454183 -0.0581443415424417
-0.156623411446491 -0.262842643914415 -0.0535189867055826
-0.15440925868636 -0.260980681355808 -0.0512981775546954
-0.152367695995863 -0.258707983711403 -0.0486915504987765
-0.150466588382689 -0.25541505090779 -0.0468506191444321
-0.148638626342984 -0.255143132341129 -0.0456947387627658
-0.14666895256042 -0.252429692808981 -0.0440588937083897
-0.144666694627297 -0.249154457789283 -0.0419895535082631
-0.142447422964783 -0.247265714209283 -0.0404977805384162
-0.140100747817041 -0.245081803010785 -0.0378413409236691
-0.137554468183795 -0.241800414545096 -0.0350954567203033
-0.134611493432059 -0.237803147990132 -0.0333929421236768
-0.131051536390108 -0.234802388348533 -0.0298061290738499
-0.12779611628414 -0.231430575982706 -0.0253388414233891
-0.124726838803167 -0.229326010025071 -0.0223002708754678
-0.121521666379105 -0.227578066643298 -0.0191153319884654
-0.118166216298552 -0.223434672592515 -0.0162257401938427
-0.115196441661057 -0.219053221415109 -0.01269666015253
-0.111315285897615 -0.216517157154685 -0.00939433834588076
-0.107629264959815 -0.214129457954893 -0.00539870910764199
-0.10425106017397 -0.212040099448229 -0.00132970461706506
-0.101205973064695 -0.207812590800293 0.000434138737938964
-0.0982881577813387 -0.204788718922418 0.00328169601061874
-0.0953393305882553 -0.202876470850881 0.00719230837557176
-0.0927932712517925 -0.199466968001214 0.0100645763364289
-0.0907414245710853 -0.198714426465431 0.0119866387811685
-0.0887657797954821 -0.195384793288955 0.0140726207782981
-0.0869039417318885 -0.193037808891307 0.0168786876183854
-0.0850654098202898 -0.191252342857537 0.0181832760971681
-0.0829619310623519 -0.188708448567027 0.0196310285894138
-0.0793889823833273 -0.182670177931756 0.0223803387570833
-0.0755480528370369 -0.180178662357648 0.0242875149349022
-0.0724367461690172 -0.176346870363082 0.0277582898643132
-0.07018672840997 -0.174406653667785 0.0307328223989731
-0.0679093306070507 -0.172613691743484 0.0322221385134878
-0.0654958338321555 -0.169211562763806 0.0343088156517863
-0.0628975825185345 -0.165748046049979 0.0371449187259644
-0.0602944301039343 -0.163259623553739 0.0394361284019001
-0.0576780004930639 -0.160768893459811 0.0408277184343048
-0.0550747171400051 -0.158933063230263 0.0433007564674018
-0.0528575430950199 -0.156228213498228 0.0474338420575587
-0.0504143227889598 -0.152952181231368 0.0488177982598654
-0.047011910178543 -0.14967911567815 0.0506600875743651
-0.0437230585180595 -0.14525449486601 0.053617160264219
-0.0407453753920415 -0.140396234643301 0.0551266247196145
-0.0372037693390352 -0.136782470125897 0.0589128957448045
-0.0339059092263221 -0.132895501605699 0.0614846020712125
-0.0308318194557962 -0.130603941334996 0.0640050824172608
-0.027315267796766 -0.124619421093628 0.0670645931908469
-0.0236004565880864 -0.119590097311585 0.0714365162357151
-0.0203188554192195 -0.11620327831378 0.0737452526093544
-0.0164406939935625 -0.112075620915562 0.0763967503744797
-0.0124860520425749 -0.106347068355339 0.0799790034363875
-0.00825346280931327 -0.103175242326213 0.0848722738198091
-0.00375441674485419 -0.097662662538765 0.088243392913389
0.000311446000107047 -0.0941753710636155 0.0911967753689051
0.00380390759104446 -0.0908290457003341 0.0949668390747394
0.00732244007994593 -0.0861824524502928 0.0987151403818013
0.0109943397704889 -0.0832953671894819 0.101225103082782
0.0159515667273574 -0.0804534721331942 0.109483200753994
0.0196675127095604 -0.0773009058912578 0.11389828910408
0.0232605882815015 -0.0737697607098049 0.118209226002899
0.0259428613511087 -0.0715073315820525 0.120034759860295
0.0283574328603443 -0.0685863729320048 0.123004529889946
0.0313230581634607 -0.0656233278324876 0.125405941515134
0.0350718197182576 -0.0637364328725725 0.129870864267751
0.038520583264052 -0.0605468150292353 0.132483978814838
0.042718523105881 -0.0546766503979381 0.136270105675682
0.0461979815754461 -0.0538389207248155 0.140680767506477
0.0487955800729019 -0.0523726447623992 0.145836222776388
0.0518425817531298 -0.0481365928864749 0.148333215251925
0.0541022847244406 -0.0463416804669094 0.151099607921311
0.0565128081905542 -0.0437893575677186 0.152867437470103
0.0602225190861586 -0.0406612418623176 0.155045854599874
0.0630067336415189 -0.0370454582713996 0.157474871899604
0.0650181257086309 -0.034006086033817 0.159669242558313
0.0679800446690128 -0.0315617505786287 0.162765357273933
0.0704867071597811 -0.0288862644985154 0.164575846882847
0.0732775516067618 -0.0260435013629296 0.167668139580559
0.0757684222591996 -0.0236448648632286 0.169813387529338
0.0779650324379784 -0.0217634896591488 0.171809973026865
0.080442260823238 -0.0168364895219608 0.175229034105781
0.083461893056793 -0.0139975120603189 0.178157693789641
0.086973313719496 -0.0110892718890965 0.180419288677424
0.0896655191474319 -0.00659965486647332 0.18288725129788
0.0922583091204427 -0.00357537190215475 0.185302478200823
0.0948030893582963 -0.00201278095583887 0.18727907440304
0.0977179875021976 0.00084442533192654 0.190731994674553
0.100397854373891 0.00368699348402018 0.194208380889347
0.103520252107783 0.00494544173893187 0.196338945783394
0.106220335353302 0.00798683510417915 0.19933093284105
0.108238961551478 0.00945309880628437 0.201158217116995
0.109915939712939 0.0117312553037794 0.203531340800059
0.112292203015862 0.0149520275997708 0.206228787456485
0.114801599909383 0.0182913190303236 0.207464709821821
0.117288082789171 0.0204312388063193 0.209987331089766
0.120209830249536 0.0259365539346853 0.212376515375095
0.12342870156899 0.0285563890988678 0.215364493928249
0.127295367244634 0.0325683614928809 0.219224179624245
0.131099329095262 0.0353222105242176 0.223428178744715
0.134199538948975 0.0374871187726934 0.227130003613644
0.136256874443715 0.0390003826991081 0.230056982293572
0.13884809658861 0.0421436081091246 0.231047320686685
0.141339106735898 0.0439044005086436 0.233904817493321
0.143835227953138 0.0473040358129801 0.235089836327937
0.146542981411472 0.0493056633184766 0.23768783039873
0.149220598763822 0.0515249888258398 0.241031860461185
0.151554618530374 0.0524684430763307 0.243925880635537
0.154077878882624 0.0550069862725255 0.248428442807842
0.15606202692843 0.0568948475877092 0.24973290158351
0.158069663462857 0.0587504886623911 0.251133521171972
0.159866691129023 0.0609602373142086 0.253194308004681
0.161444238877389 0.0622474724042094 0.254965721783953
0.163058985498529 0.0656982230912574 0.256236401164344
0.164817595071598 0.0663031597939883 0.257664607014765
0.166471000570673 0.0677832590620495 0.259560019690557
0.168018785712775 0.069625814003992 0.260820012069928
0.169807267384814 0.0722849661556303 0.263417217879408
0.171681335993117 0.0749339967761465 0.264565954708104
0.173583352050064 0.076784650682336 0.2664698592276
0.176286626259291 0.0805892676281729 0.268001564109922
0.179585531389347 0.0854331318147143 0.270945719216356
0.182710531393563 0.0892081949719568 0.272970742413942
0.186437760078683 0.09211736317933 0.276008990095862
0.189690876940913 0.0942916572641268 0.279460069932312
0.192160698401267 0.0963104833793283 0.281628942283183
0.194636156460455 0.098922625976636 0.285259107057193
0.19726225346714 0.102806179536368 0.287169981644576
0.19953321853848 0.104407208553764 0.289738902437143
0.201992572984778 0.106822760933723 0.291286598143503
0.204185408546369 0.108455979044432 0.29368374463421
0.206540574460507 0.110324973774943 0.296233557415603
0.208659479960201 0.112375533644365 0.299551110179735
0.210462270475283 0.114065414967464 0.301143705570713
0.212434029123531 0.116498522113699 0.303045487253427
0.214395971686471 0.119336069537771 0.30467981004207
0.216807988308545 0.123192669450862 0.306946443357195
0.219401711049693 0.126003013665338 0.309119135657056
0.222333991096538 0.128855283967362 0.310979494528281
0.22505065539391 0.131402389361392 0.313574693779292
0.227591619418139 0.134379704912742 0.314960960951227
0.229917914444723 0.137794978371442 0.317595742078297
0.232162812751534 0.140448427998758 0.319545990910726
0.234597534037376 0.142610434089382 0.321943877083203
0.23712894826398 0.144255117219685 0.32540172234226
0.239337499929015 0.146915758185392 0.327443425370392
0.241492631549645 0.149878745710205 0.329582778576698
0.24365186731526 0.152499922696904 0.331384396436477
0.246062995588428 0.155682851863959 0.333452514512942
0.248649542286755 0.159480582397604 0.335943573209996
0.25119368395289 0.161756846420964 0.338296914968867
0.253919839512027 0.16451739629951 0.339282593076191
0.256572280094538 0.167758498933459 0.34151129092212
0.259312676184747 0.170441539491513 0.345362140376316
0.261938287984222 0.172829216895999 0.347399982443359
0.264859437499581 0.176814087522039 0.351458226856737
0.267643183445792 0.179546806539625 0.353715991343222
0.270713936463054 0.18224608099745 0.356716534494182
0.273628801001431 0.184381824059168 0.359638644495396
0.276135440001556 0.18743377662926 0.362766297874284
0.278929228216297 0.19070224669543 0.364656859182702
0.282066358288311 0.194351248894069 0.366770808848441
0.285725008565098 0.198002766304228 0.370755151898429
0.288933406240663 0.202733304755116 0.373802076038551
0.293038415186471 0.207579471328974 0.378315767447557
0.296485828038439 0.211147382704452 0.381004483577768
0.302293170504269 0.217243348739327 0.385671230912891
0.306577496736769 0.221409483654945 0.389430489643478
0.312077953143503 0.226678905233799 0.393901881583929
0.31625858402858 0.230625816142274 0.397758543129
0.320127962669754 0.233767656005271 0.40168083885437
0.323459912801358 0.236680349627511 0.406729768306029
0.326324537474344 0.237891756509819 0.408681441547163
0.328792352612523 0.240626832315958 0.411957286361518
0.331341549785669 0.24427746988561 0.414490631574581
0.33360748992037 0.246138017191888 0.416520926225389
0.335806367490919 0.247855300213192 0.418065966973963
0.337925122186979 0.249913860778728 0.421340511342796
0.339880529876747 0.251114807049648 0.423701120710768
0.341759411318855 0.252824637468578 0.425683597127655
0.343350553360265 0.254289771110034 0.426981211690607
0.344861384653068 0.25585781035022 0.428505642125264
0.346204132203112 0.25747825116939 0.43009942205203
0.347527529316885 0.258679742499485 0.432056218237913
0.348947497856771 0.260301998027975 0.433797916038942
0.350404135589194 0.262389252607444 0.434808471406689
0.352115113573674 0.264188309875973 0.436695365864464
0.353726945034718 0.26591211369762 0.438417992560167
0.355393278289199 0.26756496237428 0.439435219105542
0.356975584514641 0.269182011175249 0.441039481096717
0.35857245329103 0.271390914852836 0.442665444626999
0.360106749418023 0.272996600226246 0.444395811645415
0.361809781348617 0.274570637271978 0.445661040410597
0.363393390589409 0.277258909511577 0.447573653176569
0.365285590993356 0.280454002786017 0.449052151651401
0.367173883019572 0.283450492205531 0.450599531478292
0.369433555834318 0.286092800171568 0.453140376529598
0.371452628289878 0.28808820268198 0.453930438634088
0.373526748520316 0.290837563073163 0.456501668017167
0.375619283126502 0.292689705256665 0.458037078754568
0.377533470865071 0.295154937028254 0.459798114195522
0.379544954990037 0.297476184442192 0.461073037314294
0.381425278350928 0.299266859968179 0.462848729315546
0.383264069751169 0.301990755199504 0.46466889020031
0.385022059355479 0.303113803545422 0.46676840831971
0.386902053011433 0.304582657317336 0.468750401726654
0.389069074518618 0.306420055537065 0.470052586935888
0.390910039725094 0.308305944825445 0.472290612624423
0.393162684236848 0.310336660902671 0.475125963615848
0.394921983750585 0.312066512906538 0.47629832825641
0.396682648702493 0.313817077734082 0.477844030907425
0.398452427851604 0.315575926002166 0.480504973075559
0.40033452495119 0.317734335923981 0.481823209120409
0.402208526157237 0.320278386257432 0.48355096397354
0.404038060920457 0.321864175319452 0.485606512865706
0.405922237546965 0.323729652032365 0.487620879094862
0.407706940567923 0.325522510113848 0.489356740295831
0.409461855737056 0.328100840540568 0.490531237950167
0.411241740568469 0.330073551354697 0.492143148306391
0.413139843391028 0.332115419626908 0.49365774225014
0.415106661238738 0.334158120531868 0.496928358949474
0.417681380190466 0.337130182594635 0.499526588583463
0.420463682807208 0.339623639932981 0.501647085963952
0.423283192424905 0.343867533846198 0.503008603105801
0.425594893920483 0.345445085483226 0.506247821691487
0.427667169021437 0.347301736453328 0.507878876804132
0.429625323616581 0.348857978971835 0.509555903842596
0.43166848745084 0.351211402757034 0.511502119853818
0.43377902452579 0.35273558074627 0.513098158922537
0.436266480505741 0.355942931196371 0.515162634783096
0.438727586987213 0.357729165357196 0.51816740382709
0.440895235012956 0.359406020582892 0.52030461789427
0.442940722327476 0.360967388170723 0.523358446896065
0.445304745579821 0.36316455071411 0.526769282639764
0.447513848561283 0.364996191109116 0.528350396777167
0.450096390315358 0.36891609206253 0.530220513030947
0.452440498518482 0.373405584822351 0.532268911871956
0.454854052186707 0.376112930292343 0.533822049160678
0.457273227630321 0.379261563057647 0.535822574245931
0.459755340816506 0.383186180074379 0.538074508463614
0.462356943110582 0.386306866321897 0.540972360462674
0.464856924255326 0.388960537271415 0.543335969700066
0.467494152053234 0.392020984123005 0.545345883723088
0.470723419245086 0.395133168832847 0.548192982276119
0.473870921071652 0.398689484432272 0.551051536607824
0.477433268165425 0.402395945605085 0.554789024232813
0.481788720561222 0.406676243389995 0.558119195010679
0.485734481027575 0.410211182725957 0.561647542830093
0.489629349369428 0.413454039426077 0.565929266587762
0.493388848814444 0.415746369886379 0.56987927941463
0.496634358261571 0.417844989528971 0.573402015067536
0.499877773930986 0.419734128077758 0.578104554348509
0.50295752960182 0.42204960395675 0.582000718092785
0.505837750842314 0.424570901279259 0.585479459219444
0.508379772819611 0.42683839649675 0.589391624669197
0.510739343141615 0.428644765219307 0.593335086775025
0.512857820498556 0.431126958623505 0.59562181762874
0.515000033157169 0.432459213078343 0.597815869026889
0.517263086231692 0.435830044857058 0.599172353910106
0.519420779701342 0.437844572767129 0.602029489201739
0.521740943082441 0.440183262287788 0.603689301418034
0.523820020351428 0.441926949844315 0.606357705847559
0.525949084490919 0.444328512766558 0.608732686304451
0.528248879324331 0.446445934100335 0.611514982855539
0.530694409935548 0.449945344108922 0.613447063331517
0.533298918693024 0.452036178869476 0.616551344836119
0.535853716066889 0.455062594691167 0.619003624663616
0.538208843200816 0.457367012160233 0.621068868933071
0.540506532828951 0.459324430609751 0.623427630331552
0.542916590157691 0.461771812698292 0.626327492923269
0.545860588317333 0.464582118203499 0.627996045747557
0.549057798166884 0.467157806969346 0.632780243778394
0.552325233114243 0.469066175476543 0.63610812976675
0.555008870509485 0.47121270938974 0.639775551433748
0.557247949022462 0.472430377091239 0.641975365226698
0.559256239041289 0.474409484795902 0.645000211142131
0.56125580819727 0.476815010702403 0.646716102164877
0.563122182351663 0.478131481271813 0.648413867194815
0.565155284959245 0.479823796134526 0.650817553735227
0.567100748322326 0.482318949123386 0.653079867491022
0.568783503697405 0.484594131660127 0.654300439144688
0.570484553576069 0.486561494731108 0.657476282627508
0.572192336024777 0.488561268212039 0.658384655974069
0.574318099711131 0.49111449722761 0.659423992987062
0.576561640279184 0.492915217310777 0.661319453339549
0.578926737410882 0.495478648782356 0.663188533785961
0.581525437396755 0.498469824844777 0.665832861367188
0.584282942483473 0.500437198735371 0.668074802554816
0.587118738754701 0.503087791320083 0.671719922375919
0.590190642932976 0.506458998375403 0.674337556861505
0.59326706648435 0.509859956246502 0.677009390688883
0.596629655948131 0.513343985781973 0.680152466019399
0.599983709322831 0.516028633159464 0.68325893552088
0.602872643445511 0.51832722134655 0.685790139016694
0.605817534068065 0.521395967940437 0.689259739270519
0.60851243425868 0.523576546482971 0.691130078934449
0.610922569859021 0.525654471418286 0.693428637946794
0.613459818816784 0.529039116540169 0.696101042033727
0.617074822897093 0.532981284161284 0.699136056585656
0.620712865634246 0.53723984660885 0.70307929939099
0.624141692735285 0.54137748207423 0.706105026721062
0.627877608251555 0.545314778825027 0.709906049243554
0.631441074012211 0.547895709578754 0.713037755222112
0.634089942650704 0.549032452265694 0.715655831480874
0.636681167586923 0.551584061242608 0.718128450461351
0.639010231967166 0.553103708680399 0.720613737348961
0.641191867772983 0.555994599181763 0.723802025752569
0.643157636010305 0.556906366292322 0.725767689784904
0.645383854540401 0.559091682014314 0.729022094619894
0.647315191397611 0.561430872777545 0.730990552817524
0.649706903577007 0.565424224202332 0.732647683579522
0.651919609430076 0.567883846901938 0.734514046202537
0.65433807025855 0.571068962864089 0.736857718324778
0.65725443035255 0.573994015793126 0.739858044394624
0.66006289916441 0.577448484832516 0.740943182462607
0.663593242348159 0.582253382214641 0.744109137717889
0.667291996177249 0.587614737661714 0.747462953594326
0.670946554778935 0.590879912069283 0.750856332599781
0.674492591317572 0.594046814144255 0.754537306399361
0.678906805947323 0.598053457951449 0.7597411460238
0.682822377932421 0.602805916076227 0.763247292337975
0.687608865044495 0.606553450077316 0.768397451128309
0.69225173943177 0.612330381335993 0.773689463562577
0.695850240729198 0.614463558699772 0.777958679628637
0.700768407617272 0.616731877179116 0.783727351374036
0.703764991176918 0.620490104761071 0.78678924152232
0.706885262693449 0.625105036114834 0.78932675549659
0.710762360647883 0.628585062240316 0.793052378725614
0.714821430877802 0.63254194773959 0.796651617496689
0.719718276110853 0.6368173149875 0.801839021573776
0.723710452718276 0.641882677512845 0.806704658608899
0.728505511592728 0.646837537529165 0.811098088588694
0.734447418291166 0.651426792197324 0.816999826635141
0.738981983445116 0.654794589400755 0.821905593694867
0.74291037275271 0.658696160648138 0.82612657517274
0.746764689605122 0.662781986067336 0.829745434846531
0.750481284926213 0.666952110954734 0.833364165309822
0.757244600986401 0.672529654498017 0.838931832579443
0.760454434190484 0.675079630269565 0.84270222645728
0.765419444362132 0.679013484651159 0.84634398772226
0.769614820760131 0.683588040424555 0.850457588465539
0.772298049515638 0.686377112497582 0.853797629220593
0.774686356460935 0.68871660006213 0.855901445394752
0.780627392502637 0.696040824909418 0.86047907474885
0.784443202809684 0.698996414129083 0.864494273536794
0.788675690470472 0.704236973474439 0.867564084847243
0.794297478331366 0.712174406766033 0.871148844902317
0.799770193926839 0.718709973543063 0.876254736581441
0.808485251066832 0.729551587941502 0.881834607815669
0.817171347897371 0.739523259739584 0.889489095773615
0.822995170807219 0.743798154123131 0.895054275375556
0.827932224244363 0.748898039238161 0.900583721611095
0.83260927246836 0.752636426096993 0.907124007970671
0.836871607758035 0.75730096062701 0.912137053303638
0.840974440828179 0.761737497278109 0.915574434909086
0.845671275893979 0.766336393538359 0.919815211303956
0.849368133886668 0.769835755600381 0.923138066306576
0.852732370433297 0.774066360027838 0.926130470789014
0.856387306420203 0.777103885498132 0.930986091463622
0.859437241716403 0.779846565562 0.934615310634123
0.862192722553352 0.781631135727215 0.937846239767826
0.865050769142069 0.78400196413453 0.940333111919935
0.86755094788316 0.785387232538429 0.943848678705721
0.869780135180023 0.786718118643506 0.947028237188884
0.871807937207162 0.788084489213034 0.950418595395088
0.873678724606807 0.789757831676836 0.952263478138907
0.875429594500255 0.79121682708686 0.954626190821805
0.876992123624153 0.793141947721979 0.955493792418614
0.878621514860146 0.794696192132218 0.958441419955321
0.880256791173048 0.796852134637223 0.960196042888195
0.881790633955139 0.79897963652613 0.961900124542533
0.883394158628983 0.800749165455669 0.963926090665517
0.885143322441709 0.802236031516288 0.965330225511855
0.886793909104668 0.803931661512976 0.966503610194145
0.888663995588934 0.806199841081096 0.968724663475714
0.890697003679453 0.809001762512413 0.970923990625544
0.892840443281086 0.811766679559503 0.971668429141568
0.894931511294519 0.81481367235776 0.973516927229853
0.897408100300481 0.818877378955043 0.975062440144776
0.899764060548763 0.821198793295417 0.976992868438038
0.902289037655724 0.824742088152767 0.979747187724685
0.904895680228462 0.828333512842495 0.982552743326209
0.907781200551122 0.831584752865026 0.984955857459288
0.910774904547197 0.836131666456087 0.987681289417239
0.913754846127463 0.839132438966317 0.990204181690483
0.917101143160551 0.841923614136352 0.993555098870887
0.92036846703551 0.845537913130516 0.996123204540648
0.923493332426068 0.84845720667776 0.998796717443525
0.926699132226158 0.852282412494318 1.00211387161294
0.929914127605567 0.855931896754172 1.00441405325876
0.933430150721599 0.860369360011284 1.00763855991557
0.937131833687201 0.865250096951112 1.00987466396037
0.940960966417453 0.868420293207059 1.01457934074919
0.944541230801106 0.872865548122857 1.01890530090624
0.948278148081906 0.876049533336546 1.02225268512037
0.952303152783664 0.880603939362081 1.02653639868318
0.956348617750139 0.884074000680244 1.03037037810222
0.961313568552159 0.88862218550024 1.03470889045617
0.965582345495297 0.892555637309046 1.04011256355497
0.970661061839286 0.897983625282279 1.04378909981742
0.975838294874279 0.903369193975741 1.04936852583379
0.979934187998668 0.907732560398735 1.05331539567797
0.984373295010073 0.911593179505 1.05770708552479
0.988960792265453 0.916028905302937 1.06251279853262
0.993582527377799 0.921007861501802 1.0685064499501
0.998689066402596 0.926693345388142 1.0722954874146
1.00411421498379 0.931259968424316 1.07786913912658
1.00982187709987 0.937544350872503 1.08283798079418
1.01535229031708 0.942972390525225 1.08954245324885
1.02064263196304 0.947095794419158 1.09370040434958
1.02622502265055 0.954385588251059 1.09898066083039
1.03356303147164 0.962747967482423 1.10496020255528
1.04049586266727 0.96919242093857 1.11340188135732
1.0473852008586 0.977284682404984 1.1183458750705
1.0545815082196 0.983922003505053 1.12579985228614
1.06364174671938 0.992428973480555 1.13421054233052
1.0709761476502 0.996958858333573 1.14402345355277
1.07689587869105 1.00202162388804 1.15055673954547
1.08231300425805 1.00709202642867 1.15698046718731
1.08727558236871 1.0101567297928 1.16346223173913
1.09141264913135 1.01339500173777 1.16816007955293
1.09530817752338 1.01725620292128 1.17196282922677
1.09876001271887 1.02206742706738 1.17576684602335
1.10262122763661 1.02670137876341 1.17951552041809
1.1067981057702 1.03127641742025 1.18420339174759
1.11150027049382 1.03704572649276 1.18839099077927
1.11637318506988 1.04077925986353 1.19302321050882
1.12154732177903 1.04649749492902 1.197035715523
1.12663374748099 1.05018594661229 1.20307027965689
1.13171404071056 1.05588605311385 1.20741353606464
1.13662629041391 1.06067321642095 1.21288437912367
1.14141663602052 1.06595212521792 1.21762128226681
1.14625461310556 1.07049554624738 1.22277242818459
1.15086825476847 1.07586121963487 1.228199425361
1.15574099502369 1.08038274680993 1.23324828104353
1.1610159845897 1.08552669489809 1.23734167567515
1.16571590593932 1.08898962443966 1.24357792129739
1.17078925539168 1.0928283841668 1.24821529231836
1.17442261467878 1.09673244248011 1.25288254083334
1.17810737536674 1.09892356194865 1.25792529875956
1.1815756226795 1.10358159763497 1.26170241779732
1.18419178455967 1.10600542990465 1.26425725220562
1.18756946070022 1.10815626874741 1.26681958206247
1.19055671761858 1.11085529743484 1.27081536290156
1.19406219591934 1.11476891670451 1.27406557593658
1.19720778984223 1.11782578505746 1.2773331112469
1.20053301797971 1.12051189885915 1.28041014650783
1.20350387645365 1.12345257930642 1.28354644178875
1.20639972798242 1.12747354838033 1.28642406932945
1.20923927333248 1.13043758368382 1.28936494052804
1.2134519609102 1.13381133891738 1.2927338318587
1.21736583928443 1.13905643328133 1.29582761771001
1.22142655496252 1.14385640235643 1.29900228768623
1.22642474844664 1.14888424213774 1.30500341158182
1.23319582836256 1.15430003940162 1.3120497462851
1.23761725627183 1.15821946279216 1.31747408304899
1.24239302678131 1.16279900643789 1.32243410595069
1.24629397160577 1.16760502866488 1.32566954830075
1.24983692768102 1.17075871410851 1.32995817655865
1.25531221007517 1.17489169759867 1.33417263224814
1.26052254672433 1.17947745685189 1.33945006817379
1.26414613618602 1.1837163002503 1.34456358490604
1.26781896480314 1.1879396590128 1.34814490159607
1.27211491340885 1.19207372075528 1.35262896404804
1.27818279651455 1.19891796593696 1.35822682075212
1.28240872575787 1.20185121768593 1.36321962373321
1.28662074183311 1.20598659995141 1.36760380048416
1.29065696561694 1.21025046507815 1.37233662351961
1.29386620135723 1.21190956114857 1.37571203532415
1.298723155435 1.21656719942772 1.37955919085572
1.30153998475527 1.22079878798024 1.38353596180137
1.30532784916311 1.22414660524581 1.38647129646304
1.31112070971933 1.23091900320623 1.39141326501707
1.31506818934311 1.23614850815849 1.39667328247679
1.3197003383265 1.24030267798712 1.40075241894001
1.32665262940333 1.2473671416167 1.40564391540915
1.33320020750051 1.25409174534512 1.41244421221469
1.33848650499275 1.25962504526406 1.41762483608831
1.34443794680533 1.26367637377693 1.42437896115676
1.35039317409755 1.26836158332662 1.43149241235659
1.35487330191901 1.2723355074518 1.43681598641972
1.3593651657483 1.2766697513606 1.44181907876893
1.3661040930843 1.2848877653725 1.4473330208017
1.37171978435999 1.29099717633526 1.45183377897468
1.37861088429404 1.29818484550302 1.45925973245299
1.38710313441678 1.3060462432013 1.46573138782791
1.39495596116089 1.31141119630295 1.47644140821719
1.40259704270079 1.31745320436703 1.48614379586654
1.40925516483064 1.32451826617729 1.49508787379038
1.41580920568562 1.33199826113005 1.50190319749823
1.42237365625359 1.33664993255773 1.5074635576004
1.42784136407528 1.34170832888062 1.5117781709084
1.43286665444138 1.34696735276345 1.51696223560127
1.4385823316623 1.35185924149525 1.52319310783847
1.4453528734941 1.35819179156203 1.52980366502275
1.45096368083185 1.3632125228156 1.53728188991223
1.45594808124665 1.36912809713214 1.54342554995488
1.46426187445128 1.37553192119768 1.55377953693079
1.47080692914419 1.38124423415988 1.55926388134984
1.47640851505142 1.38867548248306 1.56463947652408
1.4815508346945 1.39354419004783 1.57013013883043
1.48761870526885 1.39708426499359 1.57620520283148
1.49310101099981 1.40375915163443 1.58237965615128
1.50236271854176 1.41059210253454 1.59117884111898
1.5114646707272 1.41689623851005 1.60275703098929
1.52132429764002 1.42980662483915 1.61207154633244
1.52963262333194 1.43824715781114 1.6231890323423
1.54188016570354 1.44885193111168 1.63763001428208
1.55745346186808 1.46536392216184 1.65150337229348
1.57006866219038 1.47893821630021 1.66498962436435
1.58690477646383 1.49316869007731 1.68242904170886
1.59798341308225 1.50340051450449 1.69142216681962
1.61055919397769 1.51536400935079 1.70485605541401
1.62056330536817 1.52337172550603 1.71598954529321
1.63269589305378 1.53518093047054 1.73107337820059
1.64510511054106 1.54807592713123 1.74284702692412
1.6580423375211 1.55843430824718 1.75944937425263
1.67356281368789 1.57388813366102 1.77694710972812
1.69084516044556 1.58842247915252 1.79121992438359
1.70804658190948 1.60166371839447 1.8150906441408
1.7252455435042 1.61855645512357 1.83732646200072
1.74767044227176 1.64040896277383 1.85958925631474
1.77843237927898 1.66692841580909 1.89140935667023
1.80913614533338 1.69788695343742 1.92371802058781
1.83113660751466 1.7194749858715 1.94348797444048
1.85024035923912 1.73730030483675 1.96337239048689
1.86763746203185 1.75193511114024 1.9823677017343
1.8831751430034 1.76646491585921 1.99853510845734
1.90106457005211 1.78143800822361 2.02133072092736
1.91545307307462 1.79572576305407 2.03814803099109
1.93087455550325 1.80789281636691 2.05230017001435
1.94777305714966 1.82335442766557 2.07243621730162
1.95912115293483 1.83616123545625 2.08269265977721
1.96612251323583 1.84422497504935 2.08947198281535
1.97425336637648 1.85234209864764 2.09717528731441
1.98329528709502 1.86088808161087 2.10797398662025
1.99804715965584 1.87392606635137 2.12508904848757
2.01695571208736 1.88660839221028 2.14706358852581
2.03054621216837 1.89850584870447 2.16493336527632
2.0630956473033 1.91497174814043 2.23509169542551
2.10029894962155 1.94011981500863 2.2826460571548
2.11750412151687 1.9546157646463 2.30497855772489
2.1530056418515 1.9801632394814 2.34266252051904
2.20173379295631 2.04391685784333 2.38269233685236
2.2353845704481 2.07936077644684 2.41509027753271
2.25825024674633 2.09483060875639 2.44420551190487
2.30767033617785 2.14248823071065 2.49041049817779
2.37754459235941 2.21047663719137 2.55111501085069
2.43717884448144 2.26424083974543 2.61607016372069
2.45536798699574 2.28101506749685 2.63597360816072
2.47664314341999 2.2987273718396 2.66090402601336
2.53724340172821 2.35151527260267 2.73008093154191
2.54302477016037 2.35595574361195 2.73558995665481
2.55103271059383 2.36317725301826 2.74679643700143
2.57738776899898 2.38611147389407 2.77513101362991
2.6805693538024 2.4781362434439 2.89483304914097
2.70405016360442 2.49820862924832 2.9219696667187
2.82584451167246 2.60412360062174 3.05959256385783
2.88311186095233 2.65321865639693 3.12571740046172
3.15371016117408 2.89140348985143 3.43754900276912
3.4470241287825 3.14967937651188 3.77735018685656
