"nu" "alpha"
3.258603 0.2895994
3.99342 0.3289521
2.067834 0.1432538
2.519514 0.1243062
2.605489 0.439326
1.761899 0.4427479
2.159229 0.3131677
1.423858 0.2399497
2.900084 0.4666013
1.39207 0.1675172
2.290591 0.2067467
1.96746 0.2718151
1.562271 0.3007157
1.340464 0.2223101
1.919621 0.3972695
1.747608 0.2901857
2.543213 0.2900903
2.046116 0.3140259
1.215679 0.2295464
1.399395 0.2272909
1.969694 0.4427712
2.357597 0.209795
0.9935251 0.4347048
1.094444 0.4635174
1.190892 0.07790043
1.229679 0.2509879
1.651667 0.4601285
2.286385 0.324152
2.070931 0.3013029
1.453818 0.4416286
1.530249 0.4141883
1.7886 0.09679524
2.584204 0.3935487
1.874843 0.4332173
2.244945 0.3311384
2.486239 0.4794503
2.809142 0.205692
2.48295 0.3644852
5.669792 0.3581511
8.219368 0.06489952
4.844797 0.1186803
5.385899 0.05869496
2.81992 0.1925949
2.143192 0.06532589
1.855327 0.296079
2.94223 0.2088407
8.485511 0.1508024
6.596388 0.2867612
2.855237 0.0243218
3.415224 0.4375204
5.62607 0.05264802
2.250944 0.2831871
2.846437 0.1456012
2.742406 0.459464
1.774414 0.18133
1.711682 0.1563294
1.478634 0.2900245
2.629096 0.2180371
1.856014 0.4040525
2.129061 0.4249667
1.196591 0.2335544
1.595384 0.446426
2.008665 0.4828981
1.79133 0.4522765
1.539817 0.1364346
1.553762 0.4618422
1.144394 0.4888212
1.75105 0.2347686
1.740256 0.07024573
1.673606 0.4304292
1.4656 0.181031
1.664514 0.4058455
2.581132 0.4290214
2.06346 0.1699803
3.798606 0.2736929
1.087725 0.48775
2.165483 0.2182108
1.391843 0.1290653
2.00761 0.2668463
1.573066 0.4249005
1.679829 0.4618088
1.558076 0.3205647
1.691856 0.3509454
2.072155 0.1778833
3.09425 0.2567467
4.421643 0.3956906
3.536366 0.43547
1.085707 0.3263707
1.618401 0.1426255
2.815532 0.2123377
2.155764 0.2025456
1.764112 0.3470494
2.72071 0.4550169
2.686674 0.1928562
3.803302 0.1016289
1.97758 0.4721463
2.327747 0.4734577
1.625368 0.311704
1.764331 0.1135702
1.648419 0.2128066
2.078119 0.1650914
1.996747 0.2352748
1.17694 0.2358554
1.733886 0.4906114
2.710494 0.1101702
1.937748 0.1119879
2.262838 0.3272634
3.192313 0.3085619
2.781736 0.1392211
2.605628 0.3138907
1.971352 0.4558709
1.119353 0.4130714
1.595672 0.4711723
1.524273 0.3917612
1.824857 0.3758727
1.526067 0.4441625
2.158039 0.3641597
2.114859 0.3325219
2.167055 0.08387272
2.677889 0.2789935
2.380551 0.3638128
1.275786 0.4328824
2.179919 0.03534867
2.04485 0.3031397
2.516667 0.4472234
1.935519 0.3721531
2.911104 0.3017882
2.299595 0.1856218
2.631447 0.03128982
1.860645 0.1274701
1.808946 0.2504796
1.87915 0.2395784
2.102686 0.1052864
1.675272 0.3564456
1.955752 0.358754
1.193045 0.4536533
1.818071 0.2779669
1.946473 0.05009635
2.394135 0.1600229
2.887479 0.3478848
1.518579 0.1300654
1.436105 0.2482496
1.947951 0.2548012
1.783451 0.322986
1.55341 0.09759643
2.150578 0.1315973
1.886149 0.4961094
2.518007 0.4164978
2.356549 0.2034633
2.617275 0.3021444
1.35309 0.377465
1.651872 0.3951545
2.540497 0.4860979
1.377039 0.204955
1.654942 0.2461536
2.277407 0.3973585
2.023906 0.1088382
1.738172 0.3456778
2.177483 0.3602601
2.02031 0.4358721
3.3552 0.424352
5.520537 0.2513115
3.398424 0.4045063
1.935925 0.4996015
2.922066 0.4272456
1.327299 0.4389387
3.344665 0.4909306
3.205477 0.3157637
2.086996 0.282726
2.648077 0.2545474
2.175796 0.1300279
1.81449 0.1483813
1.871311 0.3096079
3.515478 0.2298
2.077509 0.4387781
2.077159 0.3786111
2.400695 0.2038464
2.734643 0.2926483
1.54437 0.390028
1.453577 0.2708334
1.637935 0.1371395
2.100225 0.3017426
2.213535 0.06912316
2.420548 0.2645226
2.545566 0.241445
2.175446 0.4131085
1.741049 0.02252414
2.069161 0.4358769
2.071143 0.4003986
3.025313 0.4401707
1.70206 0.4937449
2.010691 0.488838
2.465273 0.1135247
1.253448 0.3569519
1.20445 0.3038806
1.481532 0.340948
1.387496 0.2679876
1.616242 0.4855195
1.59765 0.3241896
1.770404 0.392379
1.808058 0.4421369
1.541655 0.478526
2.369737 0.1239044
2.309469 0.1534356
2.36986 0.4187874
2.924704 0.3778665
2.563504 0.1801846
2.530405 0.3322009
1.89328 0.4301121
2.233499 0.10426
1.934466 0.3680008
2.821918 0.3692218
2.574862 0.2349095
2.471966 0.2531316
3.714624 0.4861141
2.465464 0.1711201
1.600273 0.4834722
1.614045 0.4774455
1.488426 0.2452824
2.433294 0.2006531
2.424041 0.3551308
1.998247 0.3941343
1.624726 0.1873546
1.608049 0.08858448
1.419452 0.1363225
2.082296 0.4736714
2.137478 0.1476645
2.372484 0.4747698
2.580698 0.4368609
3.317165 0.2406054
1.965429 0.145026
1.789453 0.3956334
2.002253 0.4584096
3.009062 0.1884019
2.247851 0.3891625
2.798166 0.383601
2.394874 0.4142111
1.766922 0.2512706
1.892531 0.2008357
1.835248 0.1115576
2.468089 0.2801569
1.741905 0.1529336
1.750102 0.4288134
1.859036 0.3287625
2.248593 0.2342086
1.213482 0.2965183
1.317973 0.0364587
1.100375 0.430115
1.210338 0.4825172
2.583522 0.2302626
1.901077 0.4245338
1.680678 0.3960232
1.104316 0.3554137
2.187304 0.2578103
2.358294 0.2862512
2.114762 0.223339
1.615904 0.4628919
2.631892 0.4508842
3.170711 0.3358617
2.276941 0.3589076
2.813958 0.3592616
2.205322 0.4299716
3.277326 0.3962627
3.020269 0.2677605
1.557558 0.2460577
1.440321 0.4933385
1.747666 0.05387127
0.9679977 0.4144185
1.430595 0.4038889
1.128629 0.2563496
1.912739 0.1582437
1.665373 0.3930083
1.773 0.3717018
2.282845 0.2094593
1.276547 0.4547846
1.340541 0.07403427
2.170843 0.1078719
2.54396 0.24188
12.07335 0.3052067
12.58453 0.158492
9.100949 0.3156531
2.757453 0.4012658
3.242251 0.02615346
2.390829 0.3262909
2.446737 0.06144257
1.836525 0.461379
2.032884 0.2487291
2.611066 0.2707932
2.427876 0.3281979
2.181743 0.4474964
3.212636 0.362865
2.584537 0.449034
3.116596 0.1717022
1.853943 0.3741272
3.371672 0.2309775
2.843888 0.1786171
2.73791 0.4347339
1.623658 0.4280074
1.744833 0.181041
1.784795 0.1089816
2.090253 0.2824752
1.476983 0.3261603
1.18582 0.2700278
1.060555 0.3677802
1.042918 0.3239629
1.752149 0.3242154
1.410584 0.3981043
2.989211 0.06933381
2.402361 0.4633645
1.521489 0.2603947
1.910984 0.3848791
1.417651 0.2764887
2.225412 0.4113252
1.831846 0.3079105
1.442881 0.1788556
1.99663 0.3310803
3.805474 0.1048314
4.604726 0.2936341
12.24824 0.077854
3.163904 0.3726612
5.646398 0.4633861
1.534206 0.1695159
1.447516 0.3944308
1.339513 0.4290686
1.657265 0.2120503
1.022666 0.3699363
1.243103 0.317887
1.808043 0.2483146
1.496269 0.2038941
1.445882 0.27215
1.26674 0.4553851
1.225732 0.4905754
1.443645 0.1942971
1.272876 0.1892842
1.62666 0.474927
2.502292 0.2034384
1.722048 0.4262426
1.934438 0.3809771
2.591973 0.2748503
2.532656 0.4329373
3.765794 0.06649635
3.724682 0.2517282
3.314701 0.07734962
5.194416 0.2579226
3.130339 0.3963484
2.228292 0.3798575
1.962898 0.2445213
1.608409 0.4406192
1.606513 0.2750827
2.310806 0.3779912
1.61256 0.3418211
1.798834 0.3956644
2.653411 0.3676014
1.711275 0.3490833
2.050438 0.4021949
1.858385 0.1421808
3.442126 0.146613
2.869365 0.4324793
3.080753 0.4433022
3.402985 0.3659066
2.982355 0.4217748
2.986128 0.3394693
4.506179 0.0844218
1.97647 0.2151396
2.912757 0.2221146
2.955349 0.4065215
1.871234 0.2033221
1.54493 0.1177084
1.593252 0.3475754
1.806449 0.4756899
0.8777308 0.195227
1.382119 0.1390964
1.607745 0.4505759
1.430761 0.2429314
1.502679 0.3663426
1.442242 0.2857276
1.351081 0.342265
1.228788 0.2634214
1.608173 0.1447934
1.641584 0.3850524
1.942745 0.4084619
2.211454 0.4864635
1.932292 0.261657
2.687583 0.05459543
1.324899 0.2573292
2.462024 0.3601995
2.762594 0.2789027
2.103917 0.2821549
1.944422 0.4988139
2.124207 0.3478917
2.781919 0.3896496
1.607504 0.2676167
1.977107 0.4443126
1.905381 0.4897282
1.633862 0.3002611
1.914626 0.2773798
1.419485 0.3331854
1.480693 0.1334779
1.73948 0.4552143
1.417022 0.3900454
1.40936 0.483511
1.541033 0.3546113
2.229725 0.2910934
1.250059 0.4720833
1.134252 0.1487987
2.209903 0.3757993
1.074904 0.03626228
1.341562 0.4247158
1.894176 0.3363471
1.354557 0.4972325
2.293721 0.1491221
1.746736 0.3007828
2.871962 0.3580323
5.026886 0.1001632
5.041289 0.4334883
4.738255 0.3669353
3.203961 0.1315175
3.157314 0.1200454
5.630231 0.2779442
3.135491 0.2127264
8.590808 0.09145667
5.472674 0.4232659
3.576771 0.09812962
2.774377 0.2052857
2.349064 0.09453916
2.857947 0.3013932
1.73531 0.4853419
1.624583 0.2028933
2.244935 0.4677977
1.687738 0.2470757
3.60392 0.4518469
2.920535 0.02784115
2.309158 0.3294811
2.245503 0.3785854
1.854744 0.316671
1.33288 0.3066865
1.94456 0.284817
1.845484 0.3476568
1.530876 0.3492367
2.050349 0.2556498
1.757797 0.4397942
1.904792 0.2288424
2.04199 0.2156008
1.855222 0.1449819
2.814314 0.3876205
1.150492 0.4571424
1.590704 0.3694865
2.664723 0.2512173
1.681918 0.06255641
1.745539 0.4545321
2.60147 0.439071
2.106955 0.4518676
2.466311 0.0495362
2.248529 0.2899004
1.397504 0.4615529
1.138658 0.4560906
1.899435 0.3592184
2.826262 0.4981451
4.546486 0.1910404
4.84612 0.246852
2.760339 0.1187822
2.901596 0.4238683
1.996641 0.3661014
2.185711 0.1320639
1.639412 0.1901339
2.70909 0.4921518
5.331463 0.459793
2.14712 0.3306304
1.507721 0.4005557
1.290609 0.3850314
1.513716 0.04998724
1.290944 0.3606131
0.8798654 0.3847062
1.247101 0.2898587
1.204266 0.4370173
2.275687 0.3820925
2.575548 0.313508
2.269639 0.1505868
2.020308 0.1252722
2.730735 0.3070358
2.70783 0.4044983
3.074641 0.4295846
2.490297 0.4885348
2.713143 0.3938549
1.80061 0.1173542
2.001152 0.4505664
1.745925 0.4653065
2.014417 0.3751574
1.349043 0.2298967
3.149312 0.2465912
1.62122 0.3202
1.621267 0.144111
1.062928 0.3044545
1.371479 0.146069
1.114543 0.169151
1.166068 0.419405
1.018603 0.4383544
0.9823918 0.2941515
0.9546368 0.2581041
2.011651 0.3330177
1.734201 0.4877523
1.413937 0.1863791
1.304974 0.3592779
1.549734 0.4250983
1.037074 0.1255413
1.504387 0.3892669
1.795444 0.4885305
1.794434 0.2886803
2.562703 0.2972032
4.124862 0.276911
2.98022 0.2568102
2.327251 0.1058111
1.917382 0.3257572
2.201455 0.1020442
2.054854 0.2643111
1.113229 0.1821944
1.828715 0.2401769
1.385605 0.1311736
1.738923 0.4078418
1.958229 0.4650139
3.032583 0.3357049
3.139246 0.4827578
2.445907 0.1655637
3.313905 0.4207926
3.599934 0.06200503
4.589677 0.2050542
13.68549 0.06745044
3.574008 0.367347
5.406387 0.1118681
3.07788 0.3810184
3.655909 0.3721529
2.134212 0.2785251
2.832303 0.3038042
1.406191 0.2070508
2.02952 0.4307017
1.075496 0.3325079
1.546186 0.2692837
1.735253 0.100148
1.190152 0.4691159
1.340999 0.4154454
1.66974 0.2487076
1.11707 0.477959
0.9447982 0.4855568
1.308334 0.1653909
1.353772 0.4717508
1.352206 0.3565495
1.708385 0.1426287
1.780269 0.2682656
1.47615 0.2827305
2.106337 0.4193203
1.855013 0.2272846
2.044057 0.2892611
1.9035 0.38607
2.879245 0.3633564
1.813206 0.2674304
1.825723 0.3421242
1.286047 0.374179
1.549809 0.4194598
1.622076 0.06457158
1.318218 0.2692718
1.78152 0.20199
1.344216 0.3714485
1.755206 0.1963321
1.934646 0.3800974
3.673142 0.4511142
3.12182 0.3505572
3.348112 0.2500375
2.999009 0.2046522
2.885566 0.2690606
2.381625 0.4357144
1.798465 0.3983245
1.977485 0.2413821
1.908631 0.2142098
1.740871 0.1834944
2.137518 0.3937026
2.274727 0.4795807
2.249958 0.4563809
3.129895 0.4474661
1.511146 0.3752228
1.827401 0.4422834
1.874928 0.335217
2.048009 0.1803384
2.384667 0.2054309
3.098191 0.2272219
2.278029 0.3438246
4.709946 0.4994597
3.254761 0.3940202
3.607406 0.323637
2.140345 0.2983629
1.906365 0.4200862
2.628122 0.3860095
1.481051 0.3538876
2.543742 0.4180357
3.789769 0.3622446
2.311221 0.06291994
2.13743 0.4799814
1.94076 0.4293892
1.761998 0.4336778
1.40414 0.3204413
1.720161 0.414095
1.543535 0.3150638
1.294996 0.1926956
1.382571 0.3943691
1.151796 0.3324807
1.554258 0.3730946
1.465246 0.3978497
1.387327 0.3829962
1.134313 0.2226538
1.348592 0.2362642
1.168992 0.1723982
1.570057 0.4711393
1.99368 0.4077478
2.151242 0.1822182
1.574351 0.4978437
1.651596 0.2704174
1.539529 0.2449722
2.137021 0.1157782
2.788726 0.2428247
1.79328 0.3546058
2.091781 0.3492557
3.138508 0.4528417
2.814022 0.417446
3.103448 0.08679281
2.784108 0.4149351
2.412161 0.2550577
2.194578 0.193573
2.115587 0.244731
2.754286 0.4891839
2.024125 0.2590038
2.529434 0.09611981
2.109418 0.07209519
1.614445 0.1930024
1.740614 0.4027774
1.423468 0.3272896
1.348426 0.2188783
1.378876 0.4168073
1.267557 0.2622892
1.963679 0.264868
2.146941 0.3912749
1.635125 0.2621799
2.746239 0.4314939
1.653673 0.4653342
2.19465 0.2732468
2.259099 0.3966825
2.230041 0.1127579
2.592356 0.3347302
1.956704 0.1128403
3.512287 0.1438985
3.353069 0.2919532
2.326849 0.4736288
2.624118 0.1091653
2.336273 0.1908565
2.072967 0.3842644
1.587058 0.3706876
1.464671 0.4404679
1.023028 0.3071185
1.996721 0.4531178
2.690048 0.1895123
1.425884 0.3738784
2.285098 0.3335403
1.547358 0.3875939
1.945434 0.4579325
2.295283 0.2117205
8.045191 0.04286901
3.35705 0.1255307
7.953696 0.393226
6.329687 0.1051064
4.748783 0.2861224
1.374468 0.2985208
2.346877 0.457037
4.713806 0.4516825
1.671365 0.2627214
3.369062 0.2390377
2.154343 0.4429194
2.090712 0.2952022
1.64127 0.4196167
1.873246 0.2287016
2.251602 0.02404729
2.665164 0.1456912
1.015805 0.1484171
2.257467 0.3637629
1.876921 0.1459224
1.513039 0.3775232
2.328464 0.4108145
1.756914 0.2677625
1.623718 0.2155076
1.747632 0.1682586
1.407304 0.08942902
1.445852 0.06159534
1.202829 0.3931827
2.529219 0.4761261
1.563442 0.1919151
1.615927 0.307602
1.716113 0.2438899
2.020958 0.2662315
1.796266 0.2937955
2.858331 0.3146701
2.081263 0.219674
1.632048 0.3970552
5.183163 0.4678949
1.743735 0.4803743
2.463872 0.4993166
2.196982 0.1723479
2.275011 0.2954675
2.020449 0.4822788
2.827 0.283978
1.375573 0.4937464
2.913201 0.1508274
4.651094 0.09542743
2.081159 0.2020365
5.239161 0.4353144
4.364475 0.3246331
3.395859 0.2244515
3.270466 0.3763137
4.01476 0.251043
3.787603 0.4877572
1.598477 0.2906146
1.590923 0.09985186
1.718443 0.25367
3.406558 0.2983377
11.46902 0.4644253
6.022796 0.3793522
2.826342 0.2063636
3.724612 0.1438866
4.336829 0.4517919
2.608786 0.02977811
3.512684 0.1605368
2.860534 0.4568462
2.73634 0.1950664
2.562149 0.203069
1.380042 0.4382581
2.26725 0.2504667
1.970063 0.2488496
2.143989 0.4196409
2.877191 0.2238165
2.017229 0.3866203
1.733029 0.2425333
1.330677 0.05989367
1.547234 0.2079743
1.06248 0.3370851
1.693504 0.2337197
1.589208 0.1567312
1.786357 0.4167328
1.119518 0.2654662
1.90014 0.1921216
1.613059 0.4162279
2.422735 0.1631971
1.692601 0.1612876
2.044378 0.3659778
1.314226 0.2128378
1.146499 0.4897061
1.209545 0.09066733
1.588524 0.4013378
1.338408 0.4790853
1.683195 0.3013772
1.100974 0.3935963
2.146713 0.2264665
1.711903 0.4993841
1.717217 0.4970152
1.893154 0.1321991
2.63386 0.0827332
2.127867 0.4171739
1.868126 0.2956728
1.785628 0.3843664
1.977089 0.365614
2.533482 0.4507023
2.002253 0.4745606
3.182919 0.2552227
2.64938 0.4923663
2.258196 0.2349186
2.382062 0.1066103
1.250006 0.2741135
1.527236 0.1795076
1.231165 0.09380278
1.419103 0.3739084
1.12558 0.4327881
1.665072 0.3016815
1.302238 0.221838
1.702076 0.3026175
2.154677 0.374192
1.951982 0.3149951
3.129088 0.1746686
2.845206 0.4523501
1.913289 0.2019854
1.85137 0.4152303
1.755166 0.4601926
1.234952 0.3937752
1.651056 0.1094154
2.153358 0.2027009
1.84772 0.3685493
2.576406 0.078348
2.372182 0.2557853
1.503673 0.07049271
2.582219 0.4928049
1.864405 0.3025553
4.317128 0.2891581
2.879329 0.1465951
3.240329 0.3491905
3.666708 0.1986965
3.286507 0.1562393
2.32722 0.2273554
1.5481 0.1700762
1.638848 0.4273457
1.373235 0.2048685
1.813273 0.3825557
1.735584 0.1633067
1.289313 0.08920064
2.055795 0.2577576
2.01621 0.4471748
2.21939 0.1173909
2.939981 0.2600104
2.091343 0.06152174
1.996141 0.3682968
3.652265 0.3635635
3.143809 0.4084656
2.478262 0.3533444
2.141568 0.1823417
1.219804 0.2836451
1.506455 0.3723789
1.009367 0.2436198
1.195826 0.2855815
1.116738 0.3304588
1.349272 0.1463343
0.9915651 0.04661848
1.444349 0.3258583
1.431576 0.3227197
1.506849 0.1948393
1.648836 0.1522678
1.732256 0.3322469
1.278727 0.3142491
1.548235 0.4663593
3.056892 0.4263519
2.141579 0.2082386
1.697291 0.1756057
5.057887 0.3724879
3.163964 0.2908512
1.962027 0.1682755
4.061084 0.2933286
2.783506 0.4867108
2.045476 0.1592086
5.924801 0.2644148
1.635793 0.4369374
2.087389 0.4623198
1.941013 0.1592798
1.051011 0.339392
1.864211 0.08904858
1.882142 0.1700251
1.751135 0.1273105
1.604872 0.4196512
1.66404 0.3819071
1.870384 0.2456888
2.634354 0.2916084
3.059042 0.2746434
2.964452 0.3816446
1.523936 0.1131196
1.975513 0.2615875
1.485846 0.2986727
1.792953 0.4834721
1.348991 0.3297534
0.8823086 0.3257
1.686019 0.1902053
0.9298549 0.4712586
1.717715 0.1417562
1.472501 0.09825969
1.364783 0.4708096
1.559801 0.279024
1.587161 0.3726588
1.38517 0.3648683
1.679217 0.3198988
1.556183 0.107499
1.79887 0.4764146
1.267968 0.3747384
1.328634 0.377404
1.574078 0.3351643
1.083188 0.05773281
1.025539 0.4116158
1.362345 0.4735599
1.126407 0.4115441
1.259064 0.4390721
1.511965 0.35459
1.415889 0.3460776
1.526406 0.20824
1.601867 0.4896882
1.703199 0.1129064
1.725609 0.173459
1.489001 0.4891192
2.80801 0.4409295
2.449644 0.4722997
1.983192 0.3493362
3.265061 0.2652788
1.898324 0.4590788
2.072405 0.2032097
1.157028 0.3010131
1.805564 0.1928267
1.916532 0.3800888
1.430529 0.3851528
2.062316 0.1346519
1.307082 0.3910529
2.151749 0.3835214
1.294042 0.4597046
1.203245 0.1181907
2.368445 0.249703
2.093968 0.4271392
2.629005 0.1141527
10.08419 0.1151465
7.152545 0.3567176
1.789354 0.05279353
1.998729 0.2117368
2.050834 0.4511537
0.8514433 0.2730369
1.053701 0.210646
2.124078 0.1723824
1.544401 0.2267859
1.588347 0.3268869
1.246569 0.08681524
1.393442 0.4833184
1.473152 0.2669418
1.312052 0.324362
1.547902 0.3919834
1.547147 0.04858563
1.967548 0.1396879
1.655585 0.0302059
2.363087 0.3109964
1.884768 0.4698448
1.808259 0.2588868
1.134818 0.2280073
1.111441 0.3362562
1.738637 0.3732142
2.032583 0.2200215
4.079018 0.08563014
3.594746 0.228226
2.764222 0.2597202
2.284887 0.4333962
3.471736 0.3550624
2.573171 0.3849405
1.812651 0.2510055
1.623152 0.3539638
1.833887 0.1765001
1.417012 0.3742703
1.717397 0.3864878
1.518806 0.3333893
1.819126 0.1076105
2.073424 0.2284453
1.056863 0.3618059
2.076147 0.4528558
1.190025 0.498007
1.58053 0.3605938
1.746987 0.4570802
1.927255 0.1085013
1.893343 0.2268207
2.06776 0.4565385
1.087259 0.4807486
1.738293 0.2249376
1.916607 0.2804351
1.76169 0.2887216
1.781179 0.3840091
2.985413 0.3158706
1.900811 0.2917515
1.405994 0.3904236
1.52543 0.2853678
2.515352 0.1584139
1.592069 0.3789807
2.098129 0.1066772
1.065667 0.4549797
1.421606 0.4004188
1.43351 0.3933997
1.487773 0.361962
1.327202 0.400156
1.506505 0.08067553
1.761184 0.1894378
1.218842 0.3753131
1.672596 0.3421603
1.228671 0.4347091
1.87825 0.05003165
1.964192 0.4870913
1.61502 0.2960867
2.07904 0.3584121
2.366771 0.1467579
1.751136 0.4515205
1.742645 0.2873827
2.060403 0.2753893
4.558431 0.1652963
2.00567 0.3368779
1.22292 0.2593676
1.867914 0.3963653
1.923554 0.2228605
1.868461 0.4052715
2.109782 0.4410392
1.627621 0.284532
1.247146 0.4246267
1.842921 0.3603004
1.837179 0.4112748
2.393603 0.492562
1.789778 0.4119681
1.939681 0.2398737
1.831665 0.2931483
1.350196 0.4906057
1.984876 0.04774584
2.439668 0.113715
2.778797 0.2677836
2.038724 0.2963271
1.573524 0.220009
1.751682 0.3932356
1.972175 0.3848876
2.335154 0.4676474
2.089113 0.1901225
3.102929 0.3856302
1.439858 0.2633583
2.186698 0.04169722
3.219338 0.4294479
3.242259 0.2598387
1.732484 0.4543308
3.150791 0.4709871
2.377967 0.3254119
2.352546 0.2570409
2.984845 0.1814002
3.643937 0.1934857
6.542563 0.2770968
8.142037 0.3745103
7.087587 0.242675
6.237206 0.3107968
4.300926 0.3195261
2.600116 0.2279834
3.619434 0.1341114
1.443889 0.1024034
1.353551 0.465895
2.110556 0.2696533
1.221448 0.486191
0.8921872 0.09290212
1.969821 0.4458161
1.593517 0.2192342
1.111614 0.2986532
0.8246543 0.3192988
1.308742 0.291961
1.961556 0.4950967
1.906906 0.1950096
2.300244 0.1749189
2.749251 0.2223709
1.598782 0.4001023
1.622362 0.1051163
2.840255 0.4923281
3.187921 0.401499
3.610498 0.06313044
2.715826 0.3698173
2.327802 0.1897862
1.796168 0.2960945
1.268943 0.2626884
1.723844 0.04131325
2.109721 0.293883
1.597878 0.1893668
2.168678 0.4455729
1.609495 0.1109578
1.449895 0.2053094
2.036267 0.2351896
2.949283 0.3935971
2.32911 0.07391541
3.381328 0.1136946
2.003608 0.3295316
1.311964 0.1189757
1.748905 0.4888494
1.235153 0.2501692
1.495705 0.3094538
2.536632 0.380129
2.180657 0.09594366
3.155296 0.1530919
3.51106 0.238283
1.911496 0.4772437
2.25576 0.4618232
2.287983 0.4015088
2.299924 0.3959322
1.951032 0.1427814
1.653701 0.09963481
1.833291 0.4541972
1.5502 0.1718739
1.676186 0.3217781
1.088924 0.184367
1.03927 0.458036
1.311962 0.2055847
1.457667 0.3199501
1.835347 0.4853102
1.146839 0.4873812
1.628014 0.2321023
1.487309 0.481521
2.728594 0.4160075
1.7971 0.3200034
1.447552 0.0872637
2.142682 0.447506
1.618038 0.2803144
1.639816 0.3344984
1.115419 0.3732199
1.961271 0.3845825
1.600656 0.1592905
1.715985 0.4693469
1.116632 0.09344933
1.197121 0.45146
1.319576 0.4367312
1.816927 0.4492457
1.470554 0.3254809
1.807549 0.177783
1.98261 0.4611574
3.481564 0.1671095
1.483328 0.4222293
2.600728 0.1578433
2.704939 0.4724146
2.357587 0.4559918
2.260973 0.1803411
3.969613 0.2205671
2.38913 0.3549727
1.998618 0.2619691
2.475162 0.1252026
2.138862 0.110894
1.624627 0.4654994
1.411416 0.197454
2.01089 0.09298207
1.614822 0.07643777
1.977074 0.2469896
1.826895 0.4159842
3.982298 0.2139976
2.232425 0.08043493
2.17369 0.3830648
3.091462 0.1882892
3.811386 0.4548044
4.577237 0.4637819
6.089477 0.1337573
2.310776 0.3733736
2.479161 0.4439631
1.502601 0.138099
5.084485 0.08281845
1.939064 0.284665
1.780865 0.4279605
1.566477 0.4708613
1.255718 0.2384195
1.712125 0.07008542
2.21518 0.371434
1.535825 0.3948955
2.214554 0.1092021
1.489844 0.02604808
2.270807 0.3329043
1.803541 0.2147922
1.48146 0.2039291
1.2461 0.4376039
1.318628 0.3271398
1.173838 0.3639971
1.342285 0.4815868
0.885772 0.3509138
1.543001 0.2673659
1.329662 0.4014375
1.668221 0.3913744
2.084335 0.09597207
1.872339 0.4719412
1.65842 0.1031335
3.06033 0.3556485
3.424935 0.3034325
1.989941 0.3310882
2.053711 0.1810188
1.401105 0.2333629
2.627973 0.4103714
2.406821 0.2482264
2.154896 0.1149955
1.445085 0.2832694
2.849845 0.4550294
1.374433 0.2301122
1.892116 0.1235205
1.789537 0.1519312
1.775248 0.465234
1.680222 0.3996769
1.320832 0.4561677
0.8407749 0.3581818
1.456945 0.392429
2.144798 0.392465
1.192564 0.3888998
1.456178 0.2664806
1.273283 0.4592551
1.407397 0.2904445
1.830161 0.4433632
1.028776 0.4730659
1.916766 0.4765548
1.954047 0.04478649
2.869214 0.4707904
1.928064 0.4172057
2.366572 0.1519995
2.284046 0.4360536
2.272676 0.2120379
1.963537 0.1422643
1.992258 0.2657699
2.236591 0.307663
2.054184 0.08821195
2.32125 0.1267656
2.282356 0.4743307
1.833619 0.414668
1.857397 0.3144207
2.006051 0.478986
2.387608 0.4505033
1.226645 0.4892283
1.466307 0.4778081
1.404036 0.2771283
1.218932 0.4575808
1.466378 0.4951958
2.167035 0.2646373
2.210943 0.2203478
1.610977 0.2073087
1.734047 0.1906508
1.395152 0.3799148
2.122563 0.3100557
2.538794 0.4208396
3.047416 0.3633456
2.081817 0.2551486
1.856127 0.3975013
1.510288 0.3913509
1.611749 0.4888566
1.829845 0.4214228
2.445244 0.4857219
1.480495 0.1645385
1.368482 0.301091
1.404355 0.1892436
1.602141 0.200032
1.021893 0.3593482
1.594372 0.09572627
1.40212 0.4943499
1.378868 0.4056634
1.634371 0.2223728
1.652162 0.4816243
1.936314 0.3058617
2.536262 0.3144536
1.073112 0.3608948
1.998048 0.3193663
1.779283 0.3027833
1.996586 0.4750215
2.541921 0.4183615
2.004312 0.1309946
1.680491 0.3187053
2.092249 0.04617116
1.880252 0.1740045
1.408304 0.2888955
2.139354 0.4071807
4.952287 0.2006699
2.437133 0.1935867
2.741027 0.1131765
3.079416 0.2156519
2.492157 0.4886247
2.087331 0.3481121
1.187486 0.2811944
1.703724 0.4259319
2.115159 0.2085932
1.847205 0.3819841
1.275364 0.2150299
2.101461 0.1517945
1.861904 0.3531102
1.857754 0.4159884
1.894572 0.4619908
1.426067 0.2331353
1.729501 0.2065342
1.652624 0.1955305
2.628324 0.2616798
2.993341 0.3251901
1.964705 0.3241459
1.36793 0.4208268
1.78146 0.2888983
1.449983 0.2837694
2.345556 0.3968488
1.114742 0.3961747
1.031015 0.3545781
1.384144 0.3315692
2.293499 0.3603829
2.436952 0.358521
1.976741 0.190251
2.565305 0.3639353
2.883693 0.4436784
2.755944 0.4421145
2.085806 0.1712019
1.756167 0.4045375
1.904558 0.1678088
2.061179 0.320693
1.495892 0.0713682
1.599368 0.1094708
1.230257 0.435935
1.39793 0.2406602
1.585043 0.4955572
1.12873 0.08211705
1.574365 0.4705679
1.832106 0.1135505
1.772647 0.3489205
1.210652 0.4129568
1.475182 0.2962683
2.092536 0.466377
1.050207 0.3154053
1.685582 0.3358877
1.379359 0.1758731
2.663662 0.4138911
2.458017 0.1250885
1.572981 0.4182488
2.896206 0.3035538
1.821054 0.3512226
1.602503 0.1974282
2.896434 0.2710697
2.130379 0.4836416
2.270522 0.2032188
3.737456 0.1827148
5.582957 0.05108708
3.539754 0.4574791
4.658713 0.4003908
3.81736 0.3353257
4.866447 0.4431397
2.683762 0.1584011
2.00999 0.4611359
4.29086 0.3023046
3.492832 0.1189177
1.849581 0.1840246
1.742197 0.4807876
1.786437 0.05599916
2.265531 0.2213602
3.476209 0.4889309
2.125744 0.35418
1.664271 0.2768687
1.385501 0.2815257
1.352343 0.206109
1.23239 0.2301429
1.560789 0.316584
2.003993 0.1830438
1.948091 0.3347796
2.268819 0.2636133
1.143831 0.476483
1.781411 0.3859682
1.642439 0.3807291
1.088622 0.1056548
2.113303 0.4997938
2.194684 0.3712193
1.394271 0.3221186
1.770075 0.3151432
1.4614 0.1655503
1.729576 0.3844283
2.075563 0.388633
2.462592 0.4702872
1.320584 0.3488475
2.54802 0.368425
1.592037 0.3962379
1.038991 0.3911756
1.82907 0.3718498
1.713403 0.3857112
1.772162 0.2062361
1.544767 0.250186
1.405656 0.1873812
1.255814 0.3637864
1.545384 0.3881201
1.584557 0.3791342
1.976166 0.4423832
1.832643 0.02268954
1.920771 0.3667534
2.746128 0.4982663
1.643402 0.319319
4.637647 0.1462448
3.364251 0.4994908
4.797067 0.2076434
1.36116 0.4221661
1.885644 0.4842191
3.107388 0.2167458
2.146045 0.382198
4.388484 0.1926635
2.856124 0.4937458
3.079099 0.4503988
2.191898 0.1051987
1.716206 0.1773704
1.923266 0.3257557
2.428061 0.4510975
2.203283 0.3792053
1.630953 0.4868159
2.351149 0.2687408
2.238711 0.1169361
3.201433 0.135621
2.130482 0.1167775
1.69848 0.4529723
1.464978 0.03789041
1.150778 0.2159227
1.520335 0.1799301
2.428759 0.2006832
3.020031 0.4706416
2.79664 0.4771888
1.769626 0.3524683
2.04157 0.1405015
2.480184 0.3731583
4.897987 0.06760997
2.402422 0.04542688
1.408738 0.44664
1.240023 0.4341269
1.731664 0.3583829
2.019822 0.3574384
2.604773 0.2463309
1.888555 0.3325356
1.769349 0.1322828
2.747161 0.1673176
2.466862 0.2353242
1.599057 0.3074218
1.109691 0.3348314
1.668065 0.4814905
2.11793 0.2737201
1.458676 0.3762076
1.415752 0.2366481
1.706201 0.4251514
1.167405 0.4422484
1.757854 0.2171877
1.769646 0.3256348
1.155573 0.4213428
1.714828 0.3118597
1.619841 0.4628487
1.98447 0.3906958
2.655388 0.3070618
1.978213 0.4564566
1.625803 0.4365981
1.519257 0.3513662
1.587232 0.1333237
1.266504 0.3275536
1.552319 0.200586
2.10157 0.4895261
1.681022 0.4582931
1.269501 0.4011432
1.842457 0.4836147
1.953262 0.2188567
1.588959 0.4248686
1.375873 0.4402115
2.432357 0.3359907
2.290793 0.4140533
3.0517 0.3234275
1.866873 0.4564381
1.551416 0.1914372
1.726657 0.2926218
1.826402 0.4065922
2.072238 0.2742413
1.295052 0.1639484
1.480134 0.4787042
1.792997 0.2029031
1.891772 0.1497165
1.410816 0.324179
1.567275 0.2803972
2.17717 0.448197
2.240815 0.194373
1.315621 0.2129469
1.950311 0.2045053
1.74087 0.288446
2.366699 0.2589423
2.952965 0.4833232
2.990135 0.3320348
2.321312 0.4182629
1.763476 0.232378
1.321097 0.2924465
1.563758 0.4021863
1.976031 0.3550414
2.667177 0.2218477
2.681907 0.02655566
3.540205 0.1658076
6.27489 0.4178935
2.550586 0.02030949
2.293709 0.47284
1.96218 0.1288422
1.947708 0.4618917
1.637011 0.08476125
1.31298 0.09321042
1.267699 0.4207691
1.315241 0.02570286
1.060699 0.3191833
1.777993 0.3368954
1.680587 0.1914104
1.38112 0.4354252
1.643938 0.4052396
1.938373 0.1710105
1.765472 0.4389587
2.101483 0.4633307
2.491644 0.3268539
3.03587 0.4343185
2.887163 0.4289459
3.256458 0.3492259
2.539468 0.2683076
1.997415 0.3659565
2.534775 0.4139145
3.367408 0.3652183
4.081614 0.292587
4.826171 0.2582049
3.923731 0.3939465
2.185454 0.3044271
4.823744 0.2009744
4.841173 0.05123434
2.094339 0.4340211
1.455444 0.4786906
1.870199 0.2935251
2.482905 0.3067571
4.206941 0.03360523
4.068326 0.3097597
2.41878 0.2241638
3.109392 0.1178911
3.416121 0.3691318
3.253157 0.2066636
2.10928 0.1248915
2.127784 0.337748
1.757181 0.4209366
2.110251 0.2837994
1.957852 0.08888271
3.972305 0.4115979
2.504053 0.09781841
2.290964 0.3194152
2.060562 0.1533084
2.505375 0.4497284
2.077372 0.24325
2.164902 0.1693428
2.035554 0.2901438
2.329263 0.1301707
1.936179 0.4333296
1.56319 0.2537326
2.566134 0.3663919
2.086659 0.09480777
1.580284 0.3115786
2.990857 0.1414765
2.928676 0.2368972
2.60992 0.04687022
2.165031 0.26267
3.462976 0.163
7.21041 0.2647986
3.721227 0.2110137
2.121912 0.464611
1.761772 0.1234391
1.020837 0.1909312
1.458119 0.05690452
1.332369 0.4441415
1.230805 0.4487778
0.9870271 0.3704852
2.204799 0.473671
1.662303 0.468659
1.357211 0.2129403
1.53209 0.4736472
1.918146 0.135318
1.977995 0.2274993
1.630076 0.2629921
2.018723 0.4978347
1.149829 0.4762326
1.843285 0.08459811
1.605185 0.3880682
1.012755 0.290051
1.416146 0.3243636
1.442081 0.3940521
1.520788 0.4383379
1.468845 0.4888272
1.462711 0.3063916
2.047471 0.08597384
1.375735 0.2142287
1.758252 0.3446653
1.739971 0.2513855
1.71501 0.1433828
2.549145 0.3422977
6.559521 0.2192442
1.766133 0.2742292
1.569159 0.481076
2.379746 0.3133652
1.62439 0.4164468
1.884702 0.3910284
2.952338 0.2631227
1.429149 0.09476297
1.923323 0.1343294
2.145897 0.2420099
2.505863 0.403078
2.358345 0.4962109
2.134109 0.1748793
1.427939 0.1563564
1.357232 0.3466051
2.464914 0.156766
1.632585 0.2341482
3.880048 0.2787083
1.748013 0.2952103
1.877241 0.1433529
1.665654 0.3076779
2.091211 0.421456
1.390608 0.3241859
1.875054 0.4435162
1.422536 0.166396
1.414339 0.3194932
2.004095 0.2862769
1.764077 0.1134416
1.791814 0.4814583
3.592522 0.1990955
2.237543 0.352868
3.364874 0.3626905
2.691272 0.4865838
3.306875 0.4494914
3.046907 0.1604617
2.011258 0.3910358
1.87408 0.08402158
2.879283 0.4969588
1.836157 0.2652277
1.170894 0.44953
1.152738 0.3401808
1.834023 0.1448302
1.165718 0.2916709
1.616187 0.3614445
1.473397 0.4465578
1.824476 0.2752058
1.467753 0.4931686
2.417402 0.3130581
1.941956 0.4291381
1.481774 0.2047153
1.540358 0.4378705
1.52687 0.1849703
1.699608 0.4796024
1.496355 0.1387319
1.567502 0.0872833
1.303219 0.4565131
1.836617 0.4293786
1.429502 0.445664
1.739993 0.06014651
2.325734 0.2423492
3.44971 0.1806338
4.03222 0.08664638
5.297661 0.2938931
4.007056 0.1361349
2.283789 0.3752177
2.912763 0.1149731
4.314045 0.3421962
6.081362 0.08945881
2.700145 0.4575338
1.247157 0.2651848
2.369367 0.2469496
2.151353 0.3079366
1.974534 0.1901993
1.460753 0.2528644
3.016321 0.2599579
2.831555 0.2447959
3.074619 0.2676991
1.747188 0.03920426
2.177615 0.1663382
1.99953 0.1358348
1.831948 0.3072897
1.383309 0.2596053
1.566781 0.2815054
1.957306 0.4138458
3.120679 0.2952247
1.832898 0.3447964
1.563228 0.1044586
1.592589 0.4738822
1.988462 0.2734698
1.598446 0.4511948
1.451682 0.4876994
2.314492 0.2723369
3.392848 0.229199
2.731773 0.2210654
2.433128 0.09019272
3.510967 0.1978021
1.343793 0.4892371
2.016884 0.4137254
1.410245 0.3224137
1.561693 0.4643736
1.279011 0.4315156
1.063654 0.3921085
1.344524 0.440945
1.333197 0.3857162
1.170262 0.4435375
1.331442 0.4840776
1.406277 0.1643526
1.204129 0.2682639
1.263861 0.3340476
1.3754 0.4682072
1.600487 0.252901
1.891958 0.4622292
1.540592 0.4415164
1.427153 0.2259189
0.9994261 0.361322
1.338876 0.4678672
1.538433 0.3179637
1.507531 0.4415561
1.077537 0.1392428
1.42188 0.3377873
1.652678 0.4132276
1.275769 0.1703428
2.317488 0.2184732
1.333551 0.318517
1.162984 0.2990432
1.171278 0.4164455
1.769314 0.3691795
3.25095 0.2670276
2.137469 0.1128847
2.501273 0.2818517
2.29836 0.2511237
2.687273 0.471025
2.319404 0.2429387
1.210129 0.1673982
1.711065 0.4781198
1.823543 0.4783859
2.580086 0.4604449
1.687626 0.4091671
1.444113 0.2005771
2.133141 0.1553763
1.151687 0.2434318
2.279852 0.229087
1.475727 0.155564
1.752468 0.0411372
1.485197 0.4991751
1.60418 0.1469999
1.34387 0.4826792
1.367316 0.2376261
1.201348 0.3474513
2.088929 0.3583251
1.994269 0.4828517
2.127992 0.1330541
2.041645 0.3429898
4.545414 0.348282
3.106703 0.4464389
1.247674 0.4832775
1.463227 0.3065005
2.352399 0.1436846
2.399512 0.1466383
4.419217 0.3810762
2.934552 0.2803738
2.032 0.4799694
2.779776 0.2998783
2.70346 0.189664
2.369203 0.3237762
2.596913 0.3134515
1.661745 0.3981234
2.032709 0.267903
1.943741 0.2370968
1.897616 0.2463004
2.622629 0.1215557
2.146058 0.4047682
1.883517 0.3784293
1.31504 0.2543419
1.72474 0.3007958
0.9699777 0.3317784
1.066222 0.07187055
1.030335 0.4736835
1.19813 0.4897669
0.9357299 0.3438069
1.953596 0.4902321
3.73527 0.2332475
2.076212 0.1823754
2.293085 0.4265876
1.792276 0.4221705
2.291743 0.2744198
2.133436 0.1914564
1.958869 0.1089707
1.33607 0.39225
3.270179 0.2864043
2.920252 0.4417436
2.284215 0.3574835
1.969399 0.2600532
1.971997 0.4970878
2.890285 0.2781083
4.864419 0.4835893
4.989454 0.1043618
3.407208 0.462785
1.162336 0.05771209
1.83737 0.344706
1.984503 0.3533939
1.45448 0.3527759
1.595824 0.3137276
1.217865 0.194783
1.170018 0.3870263
1.382533 0.4712237
1.528427 0.3793579
1.439883 0.1283867
1.13767 0.442225
1.229408 0.3069951
1.316899 0.3373287
1.982955 0.4973144
2.007499 0.3755306
1.875672 0.4219148
2.469268 0.4564407
4.054408 0.02035144
2.541856 0.4762677
1.733058 0.4994423
1.966112 0.0609837
1.568075 0.4508135
1.357403 0.478831
1.787412 0.236898
1.811769 0.3548265
2.440054 0.4473687
1.587711 0.2491833
3.291664 0.4180691
2.149849 0.05780765
1.505073 0.4724194
1.299409 0.1639174
1.334636 0.3859683
2.479037 0.1219354
2.610564 0.4626608
2.730798 0.02392866
3.586485 0.4565149
2.054265 0.3163948
1.925553 0.4418206
1.46885 0.4873403
1.50031 0.2298357
2.059481 0.2762972
1.98157 0.1654563
2.477869 0.4949795
1.228105 0.4431056
1.804281 0.4656511
2.021881 0.461501
1.913947 0.4512322
1.509982 0.2977227
2.668112 0.3307685
1.786114 0.3695546
1.238722 0.4747648
2.169038 0.2492627
2.066118 0.2681775
2.171783 0.2506993
1.225154 0.4260174
1.159922 0.4981425
1.73688 0.1590979
1.624956 0.3364478
1.602942 0.2268733
2.265293 0.4033265
1.749202 0.1623027
2.552785 0.256746
2.779451 0.2934676
2.945466 0.1188377
3.61329 0.1475091
3.010228 0.3314848
2.700022 0.2289152
3.446689 0.2904327
2.190754 0.08059998
3.016381 0.3488917
2.107095 0.2027227
1.837838 0.3382402
1.617217 0.2662861
2.454738 0.3784207
1.689391 0.1155871
1.994366 0.3508821
2.965117 0.4618934
1.87766 0.3606584
1.893616 0.2674422
2.107666 0.4951633
1.378379 0.1599412
1.497848 0.3935213
1.643243 0.3487699
1.875233 0.3797441
1.427438 0.4934568
1.717925 0.3760515
2.085068 0.3810739
1.649426 0.1379174
1.348932 0.08510755
1.867371 0.4615622
2.449839 0.2238721
1.913688 0.4899266
1.532062 0.09597619
2.33584 0.2786164
2.474531 0.1663224
2.022811 0.2799424
1.34436 0.3243233
1.886126 0.1425945
2.798906 0.4216199
3.427047 0.3114432
4.231065 0.1067635
3.482135 0.1588217
2.620112 0.4687224
2.134867 0.380082
2.900435 0.1500698
1.812926 0.2192134
1.434738 0.3526381
2.975129 0.1168816
2.502991 0.2437071
2.445582 0.4660977
2.933986 0.07834541
2.00873 0.2728003
1.987316 0.4997179
1.870699 0.3830182
1.815959 0.193996
2.188843 0.4874701
1.785455 0.4356707
3.18439 0.4161555
2.899036 0.3444302
2.288086 0.1240752
2.522885 0.3767068
2.247115 0.3634647
2.140237 0.2338356
2.411627 0.3823209
1.816763 0.3537591
1.952941 0.3019358
1.371347 0.4819653
2.2197 0.3103184
1.712095 0.3079024
2.864035 0.1823586
1.775406 0.3979274
2.947051 0.1263435
3.396776 0.1510999
1.871016 0.1312078
1.368596 0.3072283
2.236363 0.2206541
2.127994 0.3788985
2.499074 0.3260337
1.92533 0.33154
3.780138 0.1556552
1.920501 0.210478
2.55176 0.1380253
1.825147 0.4244787
2.34074 0.2059106
2.559813 0.4679482
2.349486 0.3182683
2.149254 0.2685738
1.775198 0.2720861
2.153936 0.2802928
2.104125 0.3577773
1.432815 0.4529985
2.635393 0.06709272
1.85087 0.1720502
1.481392 0.2315735
1.553867 0.1933414
1.179762 0.1478992
1.966319 0.2935325
1.465945 0.4829222
3.558738 0.1583789
1.950857 0.4187635
2.225772 0.2306787
2.295114 0.2406817
2.870648 0.4726587
2.409753 0.2874508
2.484093 0.2633457
1.916916 0.2494839
2.963534 0.1868038
2.209615 0.3427136
1.992499 0.4025239
1.507854 0.4308508
1.457117 0.1618504
1.765775 0.2363605
1.784469 0.2971168
1.568887 0.1476965
1.401903 0.4220402
1.44703 0.4439635
1.9366 0.1342744
2.199123 0.2774993
2.058853 0.2330913
1.706973 0.272834
2.283256 0.3033152
2.294538 0.4865423
2.360974 0.462614
1.963564 0.3949862
2.187262 0.3860447
2.601519 0.3890967
1.691288 0.1101641
2.94791 0.1757928
2.691612 0.2790152
1.756576 0.2864213
2.348143 0.2608188
1.510111 0.4127622
1.268153 0.2298339
2.347234 0.06470424
1.388143 0.4870062
1.702728 0.424015
1.76938 0.1750389
1.840062 0.4065267
1.555214 0.3866024
1.610929 0.1695455
1.382564 0.3750582
1.01237 0.1510333
1.061554 0.3869343
1.644786 0.357123
1.58551 0.3457487
1.442742 0.2069468
2.565886 0.4995244
2.479343 0.265729
2.017858 0.3825106
1.980859 0.4312127
2.884564 0.1566794
1.77766 0.4469177
2.024704 0.3450729
2.816336 0.100531
1.498497 0.2374302
1.387828 0.4745055
1.61842 0.05438412
1.923727 0.4985259
3.364925 0.2163562
2.304622 0.3753558
2.287659 0.1505901
1.668764 0.2239991
2.032343 0.3931755
1.965269 0.4154734
1.647538 0.3409962
1.551531 0.3007873
1.126731 0.3156836
1.509713 0.491858
1.7236 0.1741153
1.745293 0.4150753
1.509964 0.4839685
1.53921 0.3350676
1.324647 0.2967689
1.150155 0.4001348
1.324022 0.4406849
1.460163 0.08087682
1.557759 0.4491111
2.976017 0.1620462
1.599334 0.1206387
2.583842 0.3386754
2.184195 0.2352758
1.303079 0.4688761
2.057223 0.2777899
1.488676 0.208656
1.521545 0.3466754
1.217016 0.4107816
1.511453 0.3856331
2.243222 0.4903132
2.274276 0.4726185
3.167059 0.4129774
3.348129 0.4045018
2.014712 0.4968265
2.098863 0.3314072
1.716462 0.4602671
3.575503 0.2951701
1.965121 0.48215
1.56614 0.4398056
1.741437 0.4979903
1.321297 0.1973907
0.8739346 0.3025115
1.369105 0.3660968
1.368809 0.4511352
1.559725 0.4185912
1.14601 0.3603421
1.504343 0.3801739
0.8666024 0.3918143
1.481708 0.4266853
1.285397 0.3272019
1.752737 0.3595537
1.420642 0.1189535
1.33882 0.1055949
3.394488 0.08977658
4.436938 0.06497104
3.310162 0.445322
5.454789 0.07797197
3.705749 0.2985109
7.090899 0.1749919
1.753324 0.2755664
2.776016 0.3736612
4.201767 0.05370647
4.735979 0.2177371
9.650905 0.2452236
7.449764 0.276286
2.9254 0.1798315
2.612507 0.1368433
3.187341 0.4454965
1.80935 0.429082
1.67951 0.06635086
1.698701 0.08785147
1.746415 0.3982961
1.856943 0.4432876
2.696294 0.1885455
2.290409 0.3240839
1.722018 0.3432557
2.966656 0.4643293
2.725652 0.2560437
1.771885 0.2632275
2.070968 0.1185283
3.143448 0.2961825
2.504325 0.3454448
2.184596 0.3919345
1.958155 0.2991955
2.023733 0.329534
1.680127 0.1427904
2.328816 0.1497362
2.36248 0.2857967
3.188783 0.3056822
1.82931 0.3654247
1.741457 0.2684754
1.365734 0.4942189
1.493656 0.3450616
2.477629 0.3377584
2.106498 0.3527242
2.279615 0.1567644
2.03126 0.4186534
2.777782 0.4514811
1.73882 0.4207197
3.274223 0.1293211
2.224753 0.385872
1.510339 0.3952181
1.590365 0.400569
2.905728 0.3483332
2.763753 0.1216527
5.385254 0.1040363
2.281652 0.104933
2.573131 0.1635404
2.497551 0.1939421
3.248512 0.1361248
2.611228 0.3163463
2.047864 0.252792
1.450507 0.1005217
2.218073 0.164663
2.170813 0.2043475
1.823947 0.4302231
1.543272 0.3003925
1.90558 0.27395
1.155499 0.3391319
1.90197 0.2298953
1.808462 0.0331821
2.101807 0.2635031
1.386734 0.3017949
1.411345 0.3057876
2.039581 0.09219875
1.906388 0.1382527
2.605545 0.4407381
2.187345 0.4535335
2.218912 0.4752709
1.330442 0.4276313
1.476045 0.226977
1.229624 0.3540281
2.030267 0.3963995
1.663751 0.2970146
1.70729 0.2655555
1.676533 0.4257838
1.276293 0.451923
1.591345 0.3560507
1.685642 0.4334419
2.175883 0.2858555
2.135609 0.44629
1.350818 0.4087012
1.682405 0.2960447
1.700215 0.300061
1.30377 0.4638889
1.395569 0.2830717
1.634726 0.392588
1.907869 0.4741494
1.937562 0.277717
2.542183 0.2037295
1.674975 0.08935159
1.638144 0.4824723
1.965426 0.4841893
1.851793 0.4897602
1.263501 0.38606
1.580912 0.48865
0.8860338 0.2047489
1.13373 0.2053301
1.380492 0.3062953
1.166003 0.2506732
1.528038 0.4964058
2.597683 0.1790149
2.768351 0.2629972
1.614129 0.2900597
1.67795 0.2437262
1.322197 0.2682106
1.00023 0.332349
1.362509 0.4760323
1.899756 0.3328663
1.494259 0.1234041
1.323995 0.2134769
2.120599 0.3460694
1.371513 0.2146686
1.616728 0.4355404
1.781736 0.2630886
1.821215 0.4419636
2.114178 0.3924606
4.2526 0.4665039
2.22386 0.4622749
1.320666 0.480345
1.870398 0.2378265
2.162094 0.4276463
2.251278 0.4164023
2.422642 0.1261353
1.610368 0.3865654
1.544573 0.08513401
2.160172 0.2004868
1.6537 0.2224594
1.694841 0.4317721
2.124064 0.3053949
1.918965 0.3410678
1.691089 0.3144135
2.599702 0.4587134
4.331085 0.07461827
2.400242 0.09776708
1.912888 0.1601466
1.502705 0.3700772
1.362516 0.05122874
1.473923 0.07440984
1.685772 0.1107316
1.812835 0.2166927
1.844169 0.1981719
1.61123 0.2988978
1.634556 0.2494206
2.911818 0.4053894
1.746476 0.3270522
1.141171 0.4922964
2.08098 0.2447484
1.841072 0.1032219
2.469694 0.2534356
1.543401 0.3448582
1.635557 0.1260756
2.335984 0.2297281
2.777852 0.4990327
2.437401 0.2710671
2.389515 0.1762393
3.523935 0.2984491
1.882868 0.1654116
2.83725 0.4754314
2.223054 0.3613361
3.377073 0.07096069
2.140117 0.2882573
3.361005 0.1191669
2.415081 0.3105401
2.41746 0.4226636
2.117402 0.05705108
3.665052 0.3165412
1.836359 0.4259929
1.763517 0.4858788
1.756232 0.1645885
2.99197 0.1035998
1.821731 0.3188469
1.843915 0.305457
2.040824 0.131292
2.185527 0.3968179
2.595144 0.2902205
2.006834 0.3976246
1.852666 0.05849747
2.134343 0.4169006
3.457365 0.1842776
2.044552 0.311898
2.687374 0.3217724
3.987957 0.4505624
3.055976 0.02952825
2.9083 0.2178487
3.289236 0.2697282
2.186651 0.4407877
1.975173 0.2721404
2.447283 0.3250407
1.898291 0.4869055
1.625393 0.3482954
2.029628 0.2907623
1.202692 0.4473233
1.47051 0.1507703
1.430469 0.3227589
1.476478 0.1201411
1.335482 0.3411042
1.750418 0.3993882
1.974728 0.4534043
3.172674 0.2278786
2.456925 0.1482216
1.813459 0.3492645
1.363006 0.2578645
1.848991 0.4751538
2.675043 0.2348928
3.886213 0.3543105
4.282438 0.2528486
2.304444 0.4884009
5.897653 0.2552777
4.213907 0.1112609
3.742026 0.06062563
2.331192 0.4284909
2.727097 0.1940293
3.379307 0.2308826
4.244324 0.1673192
2.805429 0.3462952
1.87618 0.440957
3.085191 0.3627694
1.998848 0.4033234
2.059833 0.3626627
2.656756 0.196562
3.167094 0.09779418
3.856515 0.1202216
2.254555 0.2861387
5.44659 0.3056759
2.208844 0.1331648
2.93788 0.147812
2.056189 0.4664771
2.36172 0.2042768
2.509243 0.4732718
2.167026 0.211275
2.628547 0.3747813
2.215268 0.1726384
1.782812 0.3717408
3.198903 0.2174715
3.605773 0.2056387
2.658427 0.21505
2.654862 0.2098366
2.814006 0.4400079
2.847335 0.4435458
1.430188 0.4031211
1.999418 0.2843639
2.159849 0.3565711
2.122967 0.02584863
1.459337 0.1090431
2.414319 0.2325916
2.231833 0.2921706
1.864071 0.3621431
3.370365 0.2998843
2.357597 0.416681
1.31974 0.223941
2.358081 0.4032302
1.730504 0.4672398
1.562902 0.4862098
1.633113 0.3754806
1.11045 0.4316616
1.717097 0.4670144
1.349239 0.4978602
2.097894 0.3488701
1.942479 0.2893999
1.605953 0.3855357
1.898892 0.3069454
1.529208 0.2311962
2.401073 0.07529219
1.282148 0.4462416
1.206495 0.357529
2.015528 0.1056845
1.799995 0.1435791
2.461853 0.2064211
1.625467 0.278151
1.509289 0.2065289
2.131723 0.3329439
1.198458 0.3632044
1.598767 0.09634849
1.907394 0.2952587
1.367954 0.4365289
1.490872 0.3612673
1.308113 0.3046589
1.87601 0.148054
2.305854 0.4465449
1.307241 0.4136626
2.378379 0.1995549
3.043604 0.4267198
2.632304 0.374906
2.095165 0.4061638
2.532995 0.4209925
2.067498 0.3936663
2.538439 0.4300057
1.489657 0.4226392
2.807896 0.2277499
1.376161 0.2451697
2.31632 0.4853148
1.385272 0.3500834
1.268095 0.4483681
1.252684 0.151126
1.460012 0.2592483
1.762356 0.09742246
1.658145 0.4746122
2.660207 0.1053115
2.182624 0.471082
2.636576 0.2039154
2.49312 0.4033023
2.611653 0.2451548
2.785795 0.2315096
2.32322 0.3194703
1.436546 0.4859857
2.188529 0.203175
2.234144 0.4986767
2.12541 0.4466179
4.509102 0.137285
6.977288 0.09192213
3.07458 0.4901316
2.238332 0.4360778
2.645198 0.3653397
3.285264 0.3526659
1.97132 0.3261389
1.92024 0.4158678
2.341879 0.3994457
2.389553 0.445636
1.375104 0.1849534
1.409871 0.4337087
1.688623 0.4954025
2.199189 0.2976673
1.847157 0.193956
1.902296 0.4325852
1.633455 0.1938705
1.805732 0.4782789
3.512555 0.2883877
2.747404 0.3585385
2.907675 0.3553379
1.388453 0.458603
1.011921 0.2953965
1.909305 0.3168226
1.783126 0.2302581
1.32093 0.4120767
2.028075 0.05155812
1.77146 0.2363613
1.368502 0.131484
2.166702 0.3590594
1.802397 0.3692522
2.167311 0.1810587
1.324795 0.3861392
1.697454 0.2196364
1.758654 0.4223485
1.980109 0.1349901
1.395946 0.3912425
2.241677 0.4677664
1.918595 0.30909
2.704038 0.459303
1.942436 0.3380323
1.157517 0.3923506
2.52032 0.378424
2.017562 0.06508575
1.420851 0.4664102
1.474929 0.1234926
2.123591 0.3343119
1.706295 0.4000916
1.726909 0.3900045
2.224067 0.3192871
1.524576 0.4358027
1.250509 0.1883805
2.559101 0.4901172
2.300983 0.3775777
2.6857 0.2330752
2.682773 0.4934367
2.777427 0.3292069
2.669687 0.3373237
4.298141 0.2232101
1.725927 0.2308558
1.57354 0.4785788
2.37672 0.2769282
2.092909 0.3091485
2.105284 0.2544156
2.998542 0.2354051
4.250677 0.1080016
2.6132 0.08144405
3.797502 0.1802509
2.558605 0.1523569
2.050198 0.2227545
2.354465 0.1089293
2.33208 0.1676665
2.562529 0.4368727
3.530121 0.4926565
2.914539 0.1793065
2.801262 0.3228052
2.139824 0.4271061
1.231664 0.100667
1.815956 0.4887003
1.67113 0.1046147
2.050215 0.274491
1.983358 0.3644266
1.296158 0.06761889
1.491969 0.3598265
2.586169 0.3540944
2.368405 0.3896386
1.495082 0.3486795
1.461249 0.373412
3.265049 0.1266223
2.332755 0.3241249
1.824802 0.1719894
1.948254 0.4847387
1.382504 0.3655069
1.841974 0.4722916
1.626306 0.4049431
1.307458 0.04765433
1.207228 0.344735
1.629007 0.4943408
1.662706 0.2665016
1.952337 0.06320196
1.664974 0.4002558
2.062076 0.2239616
2.071195 0.445558
2.125877 0.4406431
2.235596 0.2448152
2.048772 0.1706605
1.735307 0.3237917
1.559221 0.2493085
1.171222 0.3383406
1.107674 0.04153539
2.177406 0.4393364
1.574612 0.4073266
2.023704 0.1226743
2.079492 0.3265693
1.962137 0.3322169
2.528555 0.3237623
1.869097 0.2426025
1.587953 0.1872006
1.792939 0.4076287
2.310334 0.4695623
1.001103 0.4916655
1.186 0.1278688
1.545472 0.2358064
1.916387 0.4499234
1.686494 0.1990661
1.66952 0.3732756
1.913872 0.06349422
2.116564 0.3989361
2.449138 0.2241228
2.619012 0.4265341
2.374556 0.3925602
1.917814 0.4836413
1.36557 0.3733516
2.094867 0.270876
1.432306 0.2371518
1.668129 0.2833585
1.940543 0.1869824
1.623551 0.4904337
1.783799 0.1077051
1.421268 0.136858
2.783432 0.3367689
1.591861 0.4916318
1.964818 0.3457306
1.922539 0.2294543
2.560655 0.2736767
1.787055 0.3774452
1.665188 0.4336747
1.594365 0.3335774
2.091026 0.366152
1.317671 0.3224945
1.584175 0.4768432
1.902359 0.3498716
1.750281 0.4682345
3.342215 0.3742314
2.428607 0.1426729
3.599829 0.3681805
3.83597 0.3812898
2.378883 0.2841582
3.361189 0.4535829
2.694474 0.1842855
2.517905 0.3978466
1.783269 0.2686134
1.359846 0.4615149
1.447037 0.446446
1.504459 0.2876296
1.85172 0.3987813
2.810099 0.0739523
1.723336 0.4728398
1.652073 0.3703806
1.953649 0.3861144
1.58869 0.3645596
1.869828 0.3316283
2.542397 0.3549235
2.691568 0.4872597
4.535139 0.2018233
2.404073 0.4937355
3.007118 0.2518265
7.408485 0.2416971
2.922969 0.4181197
2.788868 0.311221
1.953819 0.3975507
2.901375 0.3774723
1.832124 0.3430391
2.446463 0.4437542
2.786234 0.2121522
2.774282 0.4202025
1.780543 0.1838913
1.387217 0.09637832
1.754221 0.2395869
1.648851 0.3683171
1.79431 0.2671877
2.136288 0.385749
1.520923 0.3733533
1.757214 0.4848266
1.356591 0.2214012
1.60926 0.1631999
1.685778 0.2820593
1.625043 0.4673774
1.614764 0.4724227
2.211497 0.1278604
2.368075 0.3858251
1.87102 0.2227144
3.245584 0.2459417
3.131487 0.3737486
2.843488 0.2986379
1.239168 0.3258913
2.700917 0.241619
0.9797593 0.1760181
1.614933 0.3465192
1.471915 0.3475165
1.700974 0.1533531
1.665619 0.2075484
1.152267 0.1863989
1.512883 0.4477038
2.016849 0.2514716
1.427715 0.4584018
2.315118 0.241193
1.840372 0.165135
1.367433 0.3844181
1.508575 0.314231
1.132902 0.3928842
1.633964 0.148775
1.163539 0.4120766
2.124917 0.1023118
2.305657 0.2449019
1.277775 0.494986
2.201941 0.1807317
1.449192 0.2021128
1.424191 0.3103791
1.847499 0.2125821
1.514052 0.2206865
1.178715 0.3119169
1.52602 0.417485
1.069797 0.4149644
1.291424 0.3752202
1.040789 0.3651557
1.321811 0.07554165
1.531386 0.2365514
2.574946 0.4063491
1.60591 0.3927326
2.384278 0.4854462
2.128277 0.4096364
1.824194 0.4586628
1.791439 0.4013597
3.079868 0.3432047
2.509511 0.3339009
1.744315 0.3141842
3.533176 0.3564539
1.398549 0.4493125
1.533895 0.2416019
1.36139 0.205884
1.385288 0.3148166
1.457356 0.3492749
1.54389 0.3372882
1.670757 0.4049106
1.774384 0.1853552
2.598654 0.3203806
1.240966 0.2772142
2.071653 0.2159816
1.678929 0.3325131
1.593136 0.2679716
1.508948 0.4768055
1.462397 0.3554361
1.655273 0.1495617
1.532663 0.4926057
1.487441 0.3803243
1.350927 0.215354
1.68409 0.0923771
2.191994 0.1900598
2.622387 0.4688873
1.661677 0.3782455
1.957362 0.1101434
1.670074 0.1906925
2.165128 0.1754731
1.710208 0.1507499
1.584008 0.3285719
2.463842 0.3504434
2.160948 0.3567978
2.4053 0.1921487
1.602055 0.4313473
1.566201 0.3241157
1.468985 0.4166939
1.543859 0.4278509
1.458745 0.2983059
2.157336 0.3269766
2.644578 0.1248396
4.400425 0.1483028
3.851052 0.3443772
3.081464 0.3026974
2.316627 0.4019178
6.024989 0.09536227
2.395829 0.4941483
2.213437 0.4510716
2.54863 0.19882
2.265434 0.1245854
1.712313 0.3297334
1.370317 0.422699
1.341504 0.400839
1.497715 0.3429187
1.375918 0.3346907
1.45587 0.3820417
1.198248 0.4247487
1.834348 0.1631355
1.653641 0.2153583
1.960029 0.1107415
2.867225 0.08644588
2.206979 0.2480077
1.606184 0.3217484
2.028182 0.3917077
2.332198 0.3265567
1.460782 0.3584433
1.545728 0.4442111
2.475719 0.2649185
2.691015 0.1781561
1.314841 0.2741409
2.704166 0.244253
2.608717 0.4605711
2.827644 0.05746825
2.693204 0.1239561
2.77754 0.2224131
2.209322 0.4658333
1.986446 0.3998936
2.360043 0.4511107
2.932984 0.4023925
2.139952 0.2896035
1.195307 0.4186985
1.979165 0.07560446
1.804011 0.4464005
1.965312 0.3797451
1.734697 0.4910329
1.997641 0.149377
2.57214 0.3472798
1.805778 0.4624764
1.969751 0.1542259
1.709697 0.4283149
1.971029 0.2455402
1.283872 0.4857189
1.326661 0.4902944
1.08235 0.4436722
1.091573 0.2673092
0.9087738 0.3739612
0.9878215 0.1246105
1.181651 0.1213611
0.988477 0.08179152
2.620024 0.08177781
1.320004 0.4169071
2.509535 0.385409
2.425758 0.35341
2.806035 0.4698653
2.579344 0.2058242
1.859501 0.4762677
1.923976 0.4906056
1.953828 0.3500227
2.970096 0.338602
1.743923 0.1780921
2.945147 0.2451647
1.613952 0.4716094
1.811081 0.1574216
1.929685 0.06675238
1.296108 0.1887501
1.498599 0.2888551
1.556997 0.1532918
1.872198 0.4940288
2.070783 0.4543794
1.483564 0.1030709
1.755595 0.2372822
1.433886 0.0211247
1.6898 0.4427351
2.337668 0.3974069
3.108341 0.1424689
2.2331 0.4150822
3.024796 0.406636
3.486961 0.3612947
3.283701 0.3230927
3.497735 0.4271643
4.042979 0.4363641
4.856576 0.09984265
6.370575 0.3384632
1.926875 0.2596434
2.413992 0.324715
2.020814 0.3268826
2.121329 0.3786976
3.027115 0.2254601
2.679705 0.3735843
3.893364 0.448995
2.603801 0.1487559
3.185523 0.4766816
4.066593 0.4928893
3.903884 0.1163211
1.545788 0.4146643
3.999459 0.2787891
3.081944 0.07350123
5.783627 0.4458453
3.370903 0.318652
2.080902 0.4712509
1.566133 0.361306
1.889314 0.3843586
2.157075 0.4108311
2.571754 0.1557458
2.676786 0.135436
2.958761 0.4461797
1.766525 0.3388692
2.110147 0.3668196
2.090081 0.2681037
2.861895 0.4116777
2.316913 0.1413985
1.996857 0.480206
1.058821 0.4965206
2.025861 0.2578284
2.118862 0.4475577
1.931456 0.2882674
1.948093 0.2684572
1.568177 0.4893109
1.685797 0.2347509
1.52645 0.4927898
2.011631 0.07457204
2.033457 0.4298689
1.193132 0.2917569
1.03343 0.3747904
1.427366 0.4498341
1.65541 0.4304917
1.320527 0.4482871
1.066253 0.47547
1.491862 0.0237606
1.249343 0.2743095
1.29802 0.1995214
1.162496 0.4777806
1.692825 0.3532174
1.665505 0.2568915
1.933912 0.2935186
1.185222 0.2308646
1.383625 0.4013336
1.117391 0.2290228
1.208564 0.09783138
2.420392 0.4022663
2.396552 0.07633747
1.336789 0.2646713
1.759868 0.3790855
2.53842 0.448798
2.183057 0.4848457
1.888832 0.2412949
1.63453 0.05463525
1.86482 0.1193592
1.528317 0.4993922
1.473272 0.139223
1.510796 0.2580901
2.590921 0.2265792
3.603397 0.1788778
2.686843 0.1111921
2.047245 0.2984902
5.283897 0.1891631
6.792122 0.3372715
3.268423 0.3488382
2.046843 0.421025
2.840344 0.4747954
2.417698 0.1670677
2.608561 0.1762104
3.222378 0.1562467
2.630377 0.228875
1.95373 0.4524318
1.993824 0.4376773
2.214604 0.260126
3.712773 0.2997061
1.945384 0.2630131
2.181901 0.2511771
2.017368 0.4939848
1.418778 0.3312138
1.242417 0.3898612
2.064217 0.09114994
1.315458 0.3327952
2.143096 0.2441691
1.320688 0.1678182
1.041452 0.4425572
1.714571 0.3783734
1.480716 0.4630967
1.717556 0.09289792
1.41616 0.488262
2.402702 0.2688129
1.763815 0.3417404
1.313432 0.2663824
1.101909 0.4935179
1.777369 0.3642779
2.902621 0.430486
1.479878 0.4931715
1.824892 0.2717545
1.491555 0.1476252
1.410644 0.2985888
1.646293 0.2571217
1.584692 0.311367
1.908229 0.08445735
2.290833 0.2883367
1.175264 0.2259727
1.316194 0.4572708
1.428083 0.1879712
2.308091 0.4175578
2.112948 0.4807482
1.341012 0.3055552
1.578485 0.3151506
1.490124 0.4976631
2.015223 0.3105034
1.654004 0.3430873
2.184506 0.304725
2.233885 0.3652962
2.157657 0.2587269
2.005699 0.4314423
1.411929 0.2949386
2.194331 0.2262359
1.688534 0.1963583
1.834041 0.4028778
2.444676 0.4908406
4.558925 0.4910779
4.258502 0.3557514
4.70925 0.3523355
1.930392 0.3382995
1.392113 0.3502854
1.91594 0.03888528
2.413709 0.482774
2.646587 0.05486649
2.211294 0.2508357
2.283259 0.2850995
2.808194 0.2256201
1.795116 0.3860921
2.222963 0.1350332
1.768813 0.309208
2.262093 0.2146014
1.456041 0.3970159
1.657342 0.1929835
2.015119 0.4895513
2.931573 0.4438592
2.517422 0.1522035
2.780094 0.3252668
2.076718 0.1166787
2.142853 0.1788569
1.89223 0.2927956
1.555148 0.4507769
1.556276 0.3882443
1.464458 0.1794087
1.383737 0.2755874
1.224862 0.441175
1.24201 0.4247201
1.67318 0.2235012
0.8834674 0.4925658
0.6797746 0.1694199
0.972223 0.2920128
1.128547 0.4409413
1.28982 0.3114753
1.148775 0.3651119
1.836053 0.3698099
2.900508 0.1357995
1.905411 0.4849773
2.039902 0.3579566
2.198157 0.241698
2.889487 0.3856988
2.082866 0.3328774
1.293798 0.2784768
1.628642 0.2954619
1.080853 0.2373077
1.305014 0.09450295
1.570278 0.3589477
1.674536 0.07907983
1.822048 0.3980343
2.274721 0.2485974
2.50252 0.4204489
2.640381 0.4586461
2.174374 0.2476712
2.659863 0.3517094
4.70855 0.2819622
2.772426 0.2261322
2.2175 0.2134612
1.516237 0.4665943
1.16274 0.3427051
1.229667 0.4930251
1.175362 0.251831
1.497561 0.3828422
1.16973 0.06607004
1.488166 0.452915
1.283546 0.409838
2.156478 0.2786572
1.398215 0.4874034
2.074232 0.2098701
1.692745 0.4771175
2.014204 0.3172921
2.044666 0.3625132
1.975489 0.1789573
2.764185 0.1184662
2.563185 0.3441022
2.904992 0.1994199
1.576097 0.2063629
2.084973 0.2956098
2.647581 0.301437
2.395023 0.2301582
1.485789 0.3592356
1.858301 0.3040624
1.784988 0.3438028
1.677763 0.2801724
1.534213 0.482856
1.609855 0.4776786
2.102148 0.2753358
1.784902 0.400504
1.89486 0.3729124
2.269782 0.09437205
2.054198 0.4081637
1.798522 0.3722645
1.251286 0.2852351
2.259467 0.2309121
2.161527 0.1581216
3.064311 0.1519358
2.016672 0.2399328
1.529246 0.1235002
1.815127 0.3515087
1.835062 0.4645669
1.236885 0.4452133
1.139432 0.2766818
1.252735 0.101175
1.691682 0.478826
1.490519 0.3365272
1.831077 0.2648801
2.773401 0.2627813
1.452318 0.2108227
2.150611 0.2699663
2.13373 0.4153033
3.266852 0.3002852
8.563164 0.4222409
7.889888 0.04583278
4.994613 0.450032
3.134745 0.05909731
2.253502 0.1191017
2.676834 0.2042148
2.12429 0.4665998
1.61645 0.2334515
1.627642 0.1135615
2.770329 0.2802775
1.682632 0.2596475
1.899359 0.3325772
1.293104 0.28288
1.183002 0.4557622
1.894968 0.4368018
1.472182 0.322904
1.451555 0.4168216
1.403147 0.1570374
1.311556 0.4521025
1.152231 0.2725695
1.382581 0.3428317
1.979479 0.3190892
1.667363 0.3449536
2.365335 0.1383574
1.37749 0.186502
1.241526 0.227561
1.971057 0.04535499
2.921085 0.4887691
1.494328 0.3291799
1.655261 0.4862656
2.457007 0.1015678
1.950128 0.1556209
1.541253 0.2807264
1.441048 0.3065549
2.12413 0.3985721
10.91431 0.06724374
7.180064 0.1577205
5.841669 0.09874272
1.692481 0.3315037
1.327623 0.3656024
2.274748 0.3834841
1.931131 0.3676953
2.08141 0.2325974
1.990396 0.4414437
2.679632 0.3124381
4.986761 0.1408411
1.557843 0.4107379
1.929015 0.1846619
1.798462 0.444511
1.111086 0.3868758
0.8652294 0.4802386
1.414981 0.3440312
0.8890205 0.1971644
1.416126 0.07493011
1.243254 0.1228741
2.04087 0.07849713
2.004261 0.4488384
1.783473 0.1928896
1.978239 0.4891279
2.321478 0.3853632
1.640049 0.3534795
1.553879 0.2870287
2.062478 0.4189004
2.63085 0.4902528
1.790626 0.3703043
1.826302 0.1454793
2.362013 0.1168186
1.701468 0.4170595
1.811482 0.4443111
1.772902 0.465344
1.887384 0.3541244
3.71527 0.03613855
2.551315 0.3818986
1.30185 0.06831616
1.590015 0.3765367
1.718429 0.4407154
1.712333 0.1004914
1.274471 0.441285
2.302987 0.4797281
1.052301 0.2895979
2.119782 0.1434136
2.119451 0.09748294
1.797209 0.395402
3.543756 0.3943617
2.023657 0.1057101
2.393412 0.497934
2.423893 0.3849702
2.382115 0.4155025
3.07777 0.08224999
1.453106 0.2576272
1.466043 0.4158078
1.701965 0.4953725
2.354863 0.2299081
1.15913 0.2309716
1.618177 0.2014131
1.391076 0.3712756
1.40692 0.2688179
1.306711 0.363576
1.320248 0.1572141
1.037993 0.2863473
1.435054 0.2577595
1.034632 0.2237828
1.10049 0.407096
0.7626286 0.4519278
1.390028 0.3894368
1.244245 0.4261546
1.219099 0.302456
1.218367 0.2481128
0.8248866 0.2000706
1.55592 0.1370373
2.130771 0.0458475
2.192741 0.3283417
2.532089 0.12815
2.198536 0.2756956
2.978428 0.192225
2.505732 0.4380165
1.905204 0.3788527
2.405191 0.3049706
1.676553 0.4157078
1.457156 0.1064398
2.260081 0.4514925
2.100614 0.3646027
3.279625 0.4685576
2.424582 0.1179804
2.062078 0.194565
2.394194 0.2350252
2.50081 0.4743236
1.558105 0.4804924
2.7742 0.1159392
2.894349 0.2051295
2.059166 0.4577049
2.052559 0.2504435
2.726117 0.2860988
2.013651 0.4559463
2.679351 0.4681889
2.017626 0.1893245
3.629847 0.3083326
3.713385 0.4536739
2.727564 0.1162973
11.77823 0.1522904
2.391105 0.1697389
2.654939 0.4776997
1.867365 0.1057336
2.412775 0.4292424
2.409619 0.0673298
1.8764 0.1188288
1.504102 0.3294743
1.823005 0.4811467
1.613999 0.1828016
1.771804 0.125761
1.468197 0.4968867
1.246042 0.4891909
2.049523 0.2157668
1.974269 0.3656177
2.216249 0.2069243
2.306143 0.3019914
2.892068 0.4239047
4.152472 0.2911777
2.965006 0.3284459
2.227928 0.3729981
3.324696 0.1446306
3.059215 0.4131551
2.211076 0.3309184
1.810197 0.2773865
1.410316 0.2877775
2.076563 0.4536696
1.728683 0.04617226
1.945573 0.250313
1.261241 0.4348946
1.306356 0.1720498
1.018025 0.2588122
1.570085 0.05713678
1.597422 0.4718949
2.122939 0.1667311
1.756185 0.3929315
1.682576 0.2965871
2.143078 0.4941048
1.876362 0.4266869
1.985858 0.2871545
2.173671 0.3125495
2.91021 0.1346787
1.780451 0.1705578
2.51298 0.3217347
2.382352 0.4423429
1.785883 0.4040772
2.072659 0.4040796
2.178802 0.4673684
1.30948 0.1357751
2.021382 0.2223766
1.360354 0.4753767
1.325174 0.4056123
2.12742 0.06169235
2.748574 0.2034852
0.9270671 0.2612348
1.807839 0.3710489
2.276511 0.4279684
1.767713 0.1121496
2.28108 0.2016055
1.99196 0.2414954
1.797583 0.3521419
1.768153 0.4299587
3.064662 0.09977298
2.498431 0.3303146
1.77009 0.2870552
1.656157 0.445889
1.631106 0.3853068
1.984112 0.4836229
1.819941 0.05037256
1.617401 0.2028105
2.022939 0.4136937
1.655858 0.2199757
1.834818 0.3729146
1.842112 0.453585
1.610845 0.2695298
1.605754 0.4798559
1.13242 0.2583856
1.413556 0.4072998
2.378678 0.1854708
2.544023 0.1542928
1.143672 0.06431252
2.24683 0.277097
2.16769 0.03621445
2.913048 0.4222045
2.703143 0.03563884
2.347656 0.4646149
3.011358 0.3889784
2.585098 0.2697432
1.77174 0.0750554
1.985674 0.2725975
1.686762 0.4557714
1.32291 0.4645064
1.593644 0.4240355
2.658615 0.2772065
1.86853 0.240758
1.859195 0.108306
3.038725 0.2135511
1.799145 0.1639325
2.182173 0.07463003
2.112864 0.4334464
2.08695 0.1810029
1.659233 0.05692913
1.998044 0.3091426
2.009859 0.3132615
1.417741 0.4462592
1.195772 0.1898887
1.318635 0.3087028
2.008725 0.2781286
1.876271 0.2881156
1.491175 0.4966083
1.23285 0.1510897
1.671838 0.32896
2.008787 0.2221463
2.832928 0.4061255
2.019064 0.2906075
2.168481 0.2008717
2.906597 0.07475651
2.704521 0.3047776
1.527554 0.3787755
2.558905 0.489004
3.372381 0.0390485
5.37287 0.2820289
2.729372 0.170802
2.081614 0.1909831
2.04803 0.2000369
2.592123 0.2652249
1.677995 0.1568008
2.526301 0.1015199
4.481821 0.4856023
1.723005 0.4690884
1.297602 0.4238643
1.191121 0.4954501
1.829505 0.1227067
1.663981 0.4015482
1.142812 0.3727207
1.382151 0.2176902
1.557191 0.1883981
2.150566 0.1720725
2.421654 0.2631689
1.91723 0.4622648
2.198436 0.3132209
2.374804 0.1308954
1.581013 0.4107821
2.809239 0.1980729
2.405646 0.3767681
3.731263 0.0959855
1.887024 0.1138221
2.314728 0.4513429
2.803889 0.425268
4.070589 0.1281302
2.834344 0.4343922
4.126528 0.2058599
1.956789 0.4705317
2.824932 0.1115955
3.222695 0.428355
2.911112 0.3524852
3.622493 0.2052648
2.309631 0.3267843
2.959659 0.4995986
1.989317 0.1553062
2.722517 0.2689297
2.831378 0.3875102
2.180763 0.08321365
1.473981 0.3074391
1.995535 0.4278852
1.891847 0.433339
1.478306 0.4820825
2.115094 0.04264143
1.852298 0.393387
1.93525 0.4277085
1.759705 0.1246734
1.343603 0.3902878
1.339687 0.197342
1.450406 0.2730821
1.239046 0.4165804
1.853514 0.1624648
1.793085 0.3342893
0.957073 0.2142443
2.000935 0.4661507
1.189054 0.4667122
1.452845 0.4602957
1.179609 0.304879
1.053399 0.3924139
1.017717 0.377115
1.308667 0.07578588
1.540151 0.260497
1.134267 0.4874857
1.473024 0.08632856
1.922661 0.3538444
1.229039 0.3054508
1.824717 0.1308435
1.806795 0.1926337
1.456371 0.2401556
1.763448 0.07928504
1.688959 0.3019618
3.218509 0.2661273
1.952022 0.1893892
2.686042 0.1958875
4.452082 0.1943626
1.82872 0.3036324
4.609744 0.1225651
3.150811 0.3981526
2.050362 0.4277629
2.797542 0.211434
2.538963 0.1318951
4.018262 0.1147385
2.092154 0.3390983
2.321942 0.07781312
1.262185 0.2123887
1.153669 0.3206029
2.249679 0.2790862
1.7915 0.4737115
2.829434 0.1678273
2.213155 0.1934543
1.485212 0.180605
2.320001 0.2224267
1.570995 0.2199007
2.066105 0.4814802
1.782425 0.4314471
2.048799 0.2048765
1.325286 0.2239589
1.537874 0.2922728
1.091538 0.4929147
1.491951 0.2745849
1.719386 0.2768148
2.366435 0.491204
2.422348 0.3769573
2.405613 0.1799701
2.951424 0.308254
2.883367 0.2230985
2.553903 0.2194822
4.863562 0.08236807
4.942507 0.4214767
2.499585 0.1823788
2.001005 0.3017371
1.728578 0.3778983
1.547803 0.1004422
1.422484 0.372819
1.269429 0.4472091
1.73447 0.2247969
1.694122 0.1537129
2.963571 0.1281405
2.457193 0.4897148
2.537495 0.3622091
2.175867 0.3454749
2.620769 0.06884932
2.250857 0.4333247
3.798798 0.1729878
2.460022 0.1733151
3.128606 0.3362266
3.724808 0.06017066
1.653498 0.3001737
1.929127 0.1166059
3.498804 0.3074618
4.189714 0.091274
3.117657 0.3040099
2.866748 0.2723663
2.33606 0.1393199
2.176292 0.3573257
2.502017 0.2299396
1.881942 0.4649962
2.244451 0.4924583
1.870656 0.2010327
2.444162 0.2164708
2.177924 0.2945756
1.845583 0.3766646
1.277529 0.1955114
2.368469 0.3429173
1.845156 0.3904828
1.586896 0.1309145
2.040641 0.3950966
1.642685 0.3477811
1.7622 0.4155059
1.227837 0.3687046
2.495037 0.4222208
4.692677 0.3481246
2.548094 0.4459367
1.596045 0.2266838
1.965258 0.4034604
1.743772 0.4810287
1.464433 0.468421
1.201482 0.2779949
1.613539 0.2337305
0.9679594 0.4498736
2.317265 0.2430184
2.325854 0.06661354
2.024377 0.3817
2.352772 0.2762175
1.61596 0.420964
1.601134 0.07245306
1.390453 0.4677535
1.529599 0.2243587
1.991588 0.3929824
2.072134 0.4173639
3.930563 0.3797058
2.982099 0.3648706
2.150705 0.370108
2.505201 0.2887425
8.170016 0.379901
2.163199 0.2832828
1.522975 0.4574709
2.954845 0.2813026
3.075552 0.4121856
2.361917 0.3314163
1.475419 0.1740625
1.090403 0.2504769
1.445428 0.3085874
1.277217 0.4805351
1.283471 0.1618764
2.086245 0.2393034
1.63367 0.2120974
1.849173 0.2709664
2.947982 0.4644883
3.080892 0.3020716
2.695704 0.2410273
2.536327 0.117397
2.239561 0.06940324
1.655902 0.3268217
1.637283 0.4132303
2.326386 0.4861125
3.498593 0.1183687
11.78236 0.3165618
14.40695 0.04750957
8.333849 0.1166246
6.11868 0.3331479
3.969354 0.3578233
1.543122 0.4462333
2.89877 0.1149128
3.48856 0.3029587
3.484054 0.2192151
2.604729 0.2403222
1.8745 0.449718
1.980792 0.294698
1.340752 0.3059903
1.471038 0.3513728
2.072945 0.4718029
2.527106 0.2300003
2.887335 0.1843767
2.441518 0.3696714
1.477325 0.205534
1.082267 0.3929424
2.26294 0.4539685
1.743025 0.494148
2.50324 0.4143305
7.315178 0.1614059
2.533607 0.3713164
10.32032 0.06555578
5.60909 0.04842447
4.651985 0.3115001
3.124213 0.2702317
2.218573 0.4075187
2.283731 0.346103
3.083955 0.1961777
3.043258 0.190844
1.652483 0.1895362
2.170937 0.4001474
4.004506 0.176659
2.864163 0.1616478
3.459784 0.4936322
3.635197 0.0960023
1.850908 0.1725853
2.149935 0.1847529
2.81828 0.4325662
2.110185 0.4572288
1.767387 0.3478183
2.248628 0.2170718
2.853921 0.2220282
2.283423 0.4888975
1.745838 0.3582384
2.254837 0.183426
1.677194 0.4711584
2.797666 0.200978
1.830077 0.4359465
1.485541 0.3310114
3.641693 0.4523212
1.841114 0.1557762
3.732198 0.1565006
1.962141 0.3688814
2.205965 0.2397172
2.495288 0.3789819
1.65631 0.4194362
2.339582 0.07522385
1.585047 0.1461097
1.403941 0.2135783
1.40849 0.1539208
1.457313 0.2826878
2.350748 0.4355694
2.043564 0.4997255
3.476395 0.3630512
1.708724 0.1470147
1.753253 0.1664268
2.32166 0.06677543
2.347715 0.211183
1.93172 0.06019412
3.801874 0.2618376
4.680762 0.2918034
2.792221 0.4877328
2.677672 0.09759601
2.594456 0.4445523
3.474758 0.3572534
2.376992 0.1150575
1.891401 0.4893503
2.030759 0.4791661
1.695978 0.2633924
2.29656 0.3507903
1.687378 0.1930752
1.561465 0.2576054
1.291982 0.4014442
1.477442 0.07012301
1.264827 0.4062208
2.028254 0.4735167
2.109817 0.2866444
1.379849 0.448649
1.49352 0.3911235
1.629034 0.4368604
1.941878 0.3913899
1.855125 0.1596997
1.309091 0.422605
1.808612 0.3135896
1.469784 0.2172138
1.238038 0.2246666
1.925955 0.3505868
1.443494 0.432556
2.176614 0.2307505
1.841291 0.4224715
1.826655 0.3741155
1.693218 0.2444893
1.370707 0.2991241
1.733096 0.2851338
1.841241 0.278942
2.438884 0.1478357
2.083599 0.2584442
2.143571 0.4669706
2.847931 0.3082801
2.09353 0.2108109
5.065293 0.1622055
1.702084 0.1825416
1.767638 0.2837626
1.195495 0.21927
1.938652 0.4606928
2.582463 0.4439249
1.648985 0.432697
1.60614 0.3376535
2.412151 0.4221393
1.563958 0.1280915
2.024042 0.2803678
2.609066 0.4463
2.752382 0.3711738
2.296318 0.2439584
2.549884 0.1442385
1.495429 0.07246252
2.345779 0.2007246
1.540208 0.1984637
2.252059 0.4531022
1.574936 0.1178809
1.335476 0.2232481
1.071687 0.2898561
1.306764 0.4442394
1.194598 0.2899675
1.936528 0.3029711
1.673255 0.4446794
1.527799 0.2417148
2.24846 0.2186895
1.60874 0.3526617
0.9250766 0.1785935
2.01372 0.4883779
1.953891 0.1106996
1.90579 0.4992749
3.144811 0.261957
1.813569 0.4175416
2.403642 0.1760811
2.13791 0.471113
2.114246 0.3455025
2.480174 0.3906589
7.605717 0.1300528
2.59699 0.3665137
2.558416 0.3037456
1.573555 0.3843551
2.57585 0.1225021
2.397981 0.1025626
4.721457 0.14391
2.22713 0.4993943
6.35785 0.2188797
2.753265 0.2134614
2.333598 0.06854164
2.141059 0.4581993
2.442293 0.3638954
2.682458 0.4240234
1.906095 0.3633058
1.582741 0.4403039
2.24015 0.1116605
1.42213 0.440327
2.499676 0.4449108
1.873974 0.2175206
2.243178 0.2652424
1.890109 0.119597
1.440474 0.2020908
1.642848 0.2659909
0.9658861 0.4297835
1.179255 0.3372804
1.74832 0.486449
1.570434 0.4842865
0.9299953 0.3184894
1.177537 0.1760125
0.9629928 0.3193804
1.408454 0.2181042
1.172055 0.3387894
1.065795 0.2199528
1.432771 0.3068955
2.090882 0.4225147
2.407902 0.4942187
1.489209 0.2186718
1.72594 0.3576684
1.730676 0.4250523
1.528067 0.4593286
1.568917 0.4002594
1.343706 0.369508
1.89232 0.483557
1.628622 0.05902015
1.65937 0.3556773
1.292913 0.4540014
2.074599 0.4405479
1.50829 0.1958012
1.038825 0.4621058
1.156007 0.4736851
1.433422 0.4151647
1.036443 0.4726384
1.585917 0.358225
1.593838 0.431278
1.438252 0.2694408
1.678123 0.1931725
1.533496 0.2012854
1.037521 0.2648794
1.430289 0.2199883
1.794938 0.2339922
1.174747 0.0482832
1.13396 0.3619756
0.9328904 0.4859215
0.888828 0.3963187
1.02685 0.4143107
1.107471 0.09040619
1.289991 0.4707254
1.362201 0.1082668
1.325222 0.3433979
0.9369322 0.4705319
0.900779 0.1082119
1.211728 0.4094131
1.862527 0.1434098
2.077482 0.3227558
2.07604 0.3102039
1.450753 0.3730364
1.297827 0.1133893
1.808356 0.2141053
1.785916 0.3434091
2.725802 0.2128916
2.160217 0.07580221
1.773708 0.3689406
1.679205 0.1773555
1.795543 0.4925096
1.730857 0.3179249
1.794937 0.4642917
1.580746 0.2167835
1.257554 0.4390731
2.053738 0.367325
2.511517 0.1588604
3.335797 0.2293364
2.210154 0.2417682
3.689426 0.4945054
4.243137 0.3526979
3.992642 0.2720618
4.527731 0.1794311
2.597059 0.1543899
2.634257 0.4313456
3.419319 0.05866198
2.059722 0.3839722
5.112381 0.04964295
1.948584 0.4167782
2.487264 0.395512
2.956914 0.1531284
2.380245 0.3839009
2.189908 0.1797853
2.694363 0.4518363
2.866005 0.3045282
2.784772 0.335889
2.529538 0.4942118
1.719502 0.3410371
2.091374 0.294121
1.199792 0.1877872
1.156608 0.3677033
1.43447 0.3890094
2.024525 0.4688367
1.316897 0.4751793
1.330412 0.4712235
1.577433 0.09007716
1.05976 0.4851563
1.918745 0.130777
1.168753 0.4427401
1.459353 0.4580932
1.354003 0.3942314
1.754168 0.1382698
1.41403 0.2726067
1.310148 0.15592
2.766028 0.2866784
2.595906 0.1736
2.166412 0.1220318
1.704955 0.2893563
2.438051 0.02331755
1.509764 0.163782
2.134459 0.2836802
1.669779 0.4869199
2.177794 0.3607459
1.301034 0.3407369
1.989403 0.4321658
2.240293 0.2966334
1.433833 0.316635
2.584373 0.3015004
1.504397 0.1915789
1.795235 0.2750845
1.981992 0.4427571
3.190571 0.4205818
1.730921 0.2977207
1.632194 0.4755243
1.373617 0.04840887
2.027508 0.2720362
1.517481 0.1289724
0.9144549 0.2861613
2.076408 0.2859156
1.394896 0.2306388
1.589502 0.123392
1.392601 0.3471037
1.746268 0.4624373
1.360978 0.450291
1.487388 0.3883147
0.9636566 0.2053868
1.294068 0.270393
2.95283 0.3883548
3.680513 0.3713346
4.034549 0.3684929
4.757563 0.1109007
2.301301 0.3712796
3.241632 0.1158768
3.397822 0.2033666
1.390948 0.4416431
1.617869 0.1551863
2.376223 0.2215771
2.43038 0.0472404
2.294508 0.2906541
3.575824 0.3078981
3.228835 0.4541508
3.676522 0.4494943
2.317021 0.431976
4.434201 0.3445968
2.334147 0.4128189
3.013614 0.3636357
5.166195 0.1825407
1.872637 0.4013572
4.584317 0.1806448
1.714503 0.4724124
1.804163 0.2609786
2.701086 0.05682428
1.486292 0.3898198
2.769658 0.224366
4.167423 0.3474652
10.13049 0.0778505
2.757717 0.0930796
2.600348 0.3529175
2.569355 0.3301644
2.758262 0.3778436
2.010479 0.1107055
3.523789 0.4870476
2.233973 0.4700445
1.482829 0.4054495
1.616995 0.276402
1.659053 0.3086445
1.153429 0.2272099
1.481764 0.2100954
1.04793 0.4910968
1.122078 0.3804139
0.9932971 0.4072131
1.02249 0.143616
1.238819 0.44341
1.468612 0.07870758
1.27512 0.4952148
1.114106 0.300971
1.447262 0.477078
1.163605 0.3080103
1.151645 0.07256499
1.891625 0.3820931
1.178756 0.2328159
1.853286 0.4883575
2.754425 0.3871475
1.167901 0.46452
1.40154 0.4486385
1.645705 0.1329388
1.149995 0.2156093
0.9060729 0.4445039
1.105708 0.02037008
1.115447 0.1416246
1.218416 0.4874243
1.42514 0.4048576
1.04201 0.3999705
1.148514 0.4671115
1.129351 0.247366
1.350451 0.1965237
1.213652 0.2933366
1.662078 0.3342335
1.427783 0.3851503
1.604114 0.3431189
2.325403 0.1549718
6.087984 0.3217649
3.104128 0.4377816
2.86288 0.2030954
2.783084 0.2181985
2.088264 0.3997761
2.201162 0.3067471
1.627007 0.2464373
2.624962 0.381512
2.76084 0.3007105
2.913729 0.1887896
1.941321 0.1140992
1.473478 0.4035865
1.987606 0.2182766
1.780095 0.317391
2.415577 0.02407832
2.423694 0.3459369
1.722111 0.262927
1.651478 0.4560243
2.466879 0.3607859
2.106327 0.4058423
2.285729 0.1003226
2.124317 0.2379779
1.798673 0.1088068
1.798763 0.1942776
1.416158 0.4880154
1.594183 0.3457716
1.462329 0.4481221
1.545159 0.429963
1.801678 0.2494889
2.078777 0.2181045
1.996143 0.3073473
1.950678 0.202665
1.296387 0.4362676
1.255902 0.2192482
1.988387 0.4203334
2.042285 0.1767753
2.805553 0.4418505
1.623485 0.2656581
1.160346 0.03592806
1.256048 0.3037305
1.74642 0.3522879
1.575791 0.3819224
1.954701 0.4800174
2.095657 0.4992406
1.689435 0.393069
2.472088 0.2053712
1.84798 0.2467546
2.147408 0.3666806
1.740041 0.1611325
1.81061 0.2828104
1.327384 0.3965536
1.375743 0.3867619
1.488121 0.1655421
1.512146 0.4554287
1.835382 0.2346832
1.626804 0.03521817
1.613433 0.4438678
2.455372 0.1521161
2.530216 0.2718136
2.157037 0.4712481
1.367642 0.3079027
1.942435 0.1852563
4.509241 0.1862649
1.952885 0.1688468
1.325846 0.3033295
1.935282 0.4002264
1.500308 0.3070993
2.076672 0.1954158
2.983939 0.3664578
2.095835 0.3682476
3.880247 0.2809563
1.826202 0.3216603
2.113268 0.4603243
4.239901 0.1188638
1.539434 0.3394569
2.081526 0.2979118
2.133606 0.327007
1.831698 0.3715771
3.336262 0.3822231
3.013029 0.09141356
3.521505 0.2651948
1.88675 0.3325524
2.742676 0.1656741
1.716715 0.2811942
2.08618 0.2765116
2.043902 0.3508123
2.471014 0.424357
2.330486 0.1811283
14.57803 0.1520718
4.880214 0.386198
6.045651 0.4154261
2.748549 0.3480863
3.674013 0.4157838
4.283322 0.380234
2.47683 0.1678294
1.730577 0.4395997
2.461026 0.4489443
2.451422 0.3542093
2.271224 0.3434752
3.05221 0.4646832
2.206433 0.3788374
2.475687 0.4186488
3.135064 0.06848031
2.410499 0.2347145
2.185062 0.3160082
2.610251 0.305243
1.261216 0.4955042
1.491635 0.3663348
1.101259 0.3719601
1.854844 0.2644645
1.356544 0.4567414
0.9108843 0.1193184
0.9462311 0.3070979
1.014995 0.1623177
0.9286514 0.1638563
1.064198 0.4009263
1.533969 0.4625044
1.652672 0.357313
2.465593 0.2173488
2.283777 0.4001503
1.495602 0.02208292
2.083634 0.4499184
1.871136 0.3559575
2.275284 0.3201351
2.335199 0.1870123
1.488306 0.2602778
1.469544 0.3250938
0.7390076 0.2586148
1.029702 0.426337
2.086211 0.4076786
1.438549 0.4290083
1.882245 0.08831799
2.893485 0.1480985
1.97041 0.4597126
3.38777 0.0462246
2.756124 0.4918684
2.095803 0.1398604
1.869553 0.4469751
2.089141 0.2843727
1.726189 0.2828775
1.92371 0.4860696
1.391285 0.3197646
2.441948 0.1444289
5.98448 0.2898151
4.20129 0.1559415
2.99213 0.2117575
2.08906 0.4478532
2.084164 0.320022
3.499446 0.4212784
2.577504 0.2459758
1.843179 0.4188579
1.4073 0.2257843
2.291572 0.2914384
1.213035 0.3820159
2.434791 0.1290572
2.442194 0.1150869
0.9687595 0.3176023
1.385699 0.4882955
1.552045 0.2466677
1.177114 0.4638553
1.197785 0.4270116
1.486655 0.2987627
1.382142 0.4855027
1.348711 0.3495343
1.367524 0.2762271
1.474851 0.4881158
1.232753 0.07579434
1.215977 0.3931528
2.138888 0.1091316
1.398072 0.1707104
1.493788 0.3638045
1.062476 0.2970008
1.362006 0.4401302
1.406216 0.3895851
1.270474 0.4699001
1.300111 0.2887388
1.574751 0.4966584
2.671201 0.3419983
1.459053 0.3463202
3.097064 0.09524332
1.628496 0.4468495
2.03964 0.29764
2.958494 0.1695945
3.021083 0.1973286
2.475982 0.06090088
2.390576 0.2171024
1.582879 0.3905197
1.924192 0.150676
1.789725 0.1529875
1.796892 0.4039539
1.986778 0.2931073
3.715044 0.4544716
2.269191 0.350047
3.190075 0.2815759
3.210175 0.2066464
1.967422 0.2042672
2.694826 0.1700188
2.295031 0.4214476
1.702551 0.4862049
2.876967 0.3001401
2.363083 0.3920427
2.166717 0.4014777
1.787929 0.1873682
1.561209 0.3661003
2.125464 0.05066798
1.291492 0.2687624
2.320166 0.08657164
1.522136 0.2341363
1.484366 0.1311883
1.533838 0.4433438
1.510613 0.3605108
0.9539959 0.380018
1.116237 0.345759
1.365085 0.1891079
1.445815 0.4755101
1.418766 0.3550181
1.637741 0.1411276
2.112176 0.2224713
3.061198 0.1891481
2.023871 0.2253479
2.080278 0.3198722
1.63853 0.3822049
2.638337 0.4210198
2.879492 0.158527
2.332671 0.04899914
3.1661 0.4957854
5.599788 0.240992
3.835094 0.358993
3.202576 0.3957941
3.014 0.2060711
2.9338 0.0741092
2.124273 0.4987763
3.596909 0.274657
1.773815 0.2952933
4.019038 0.07220552
2.737266 0.3463298
2.930167 0.3676806
1.594789 0.2421161
2.46665 0.3747994
1.543801 0.286844
2.159903 0.09987585
2.342381 0.1426316
1.492515 0.4675367
1.495125 0.3338715
6.140443 0.1973315
2.460744 0.3397197
2.217859 0.1858481
1.619792 0.2740637
1.239364 0.4799915
1.44848 0.4513408
1.473878 0.270275
1.514301 0.251365
1.536984 0.367847
1.574732 0.3628354
1.203464 0.3884063
1.43647 0.4117211
1.584122 0.3459605
2.527447 0.3579015
1.196731 0.4664971
1.630908 0.2230527
2.683461 0.4960654
1.40237 0.06852388
1.589129 0.03437822
2.028436 0.06800306
2.492438 0.4470922
1.528057 0.1609709
1.275931 0.1577387
2.123358 0.4208796
1.913539 0.1465958
3.97412 0.4373074
3.043139 0.3214548
1.818726 0.2035023
1.247365 0.4032031
2.145225 0.06235098
1.843905 0.1764606
1.491588 0.1448386
1.769858 0.3292574
2.288862 0.4993367
1.557371 0.4614545
1.655545 0.406824
2.124519 0.1898576
1.096277 0.4938471
1.417347 0.05578842
1.715949 0.2630205
1.681627 0.4080581
1.488006 0.08399816
1.805984 0.04605361
1.254996 0.3063169
1.599631 0.2140632
1.483533 0.4913361
1.845556 0.3738609
1.776705 0.4860161
1.354366 0.08216324
1.661657 0.4884678
4.220652 0.1604781
2.419316 0.3741706
2.26278 0.1733747
1.366266 0.3493787
1.364429 0.1632261
1.704364 0.3810607
1.762429 0.2274147
1.277053 0.2451786
1.404205 0.07944045
1.759222 0.2550008
1.296297 0.3815902
1.624556 0.3070444
1.519773 0.3905649
1.322603 0.3232018
1.525991 0.3168382
2.401918 0.08671316
1.549765 0.484942
1.747305 0.4570724
1.238008 0.3608586
1.808226 0.3994238
3.002454 0.3798352
1.386977 0.2696551
1.577798 0.4909579
1.441688 0.379089
2.111029 0.4554738
1.972818 0.4378471
1.428047 0.2242597
1.7014 0.09591098
2.69002 0.2314429
2.097113 0.4373206
3.031146 0.2340942
6.823893 0.09690146
5.414627 0.4266419
3.767533 0.1890352
3.804266 0.2822545
35.4011 0.1100505
12.42259 0.124985
11.85855 0.04970566
2.063754 0.30866
2.630419 0.3520105
1.390082 0.3393204
1.100701 0.2933278
1.296221 0.4726603
1.019528 0.38783
0.9145116 0.4064599
1.614741 0.4838485
1.340563 0.3867879
0.8923693 0.2056227
2.522536 0.07460262
1.708049 0.4993302
1.993476 0.2540898
2.522601 0.4960277
1.72119 0.1102605
3.212487 0.2797891
2.885871 0.3545394
3.842881 0.1624202
2.837966 0.1173947
2.608865 0.3084103
1.522415 0.2574093
3.882982 0.4047638
3.115639 0.3479834
3.439889 0.4766499
2.643028 0.1292916
2.702497 0.275066
2.371302 0.4537932
1.725997 0.226036
2.859719 0.4220359
1.92792 0.3895906
1.67582 0.3587309
1.741077 0.402515
2.433408 0.204307
2.066923 0.4274051
2.349343 0.1948652
1.940567 0.2003447
3.177793 0.3642609
2.63476 0.1320989
2.047706 0.2780371
2.130325 0.205804
1.277728 0.2315205
1.771498 0.1614588
2.210585 0.3095917
2.684926 0.2772421
2.851107 0.4365647
2.727556 0.1401736
2.254625 0.08331834
1.508065 0.403405
1.671482 0.4341775
1.502247 0.4900107
1.260897 0.4872672
1.132773 0.4844223
1.179023 0.1734667
1.899826 0.486886
2.060476 0.3998551
2.935348 0.1431762
2.202609 0.4402935
1.508849 0.1363603
1.371878 0.168361
1.815631 0.3737233
1.056607 0.1962539
1.428204 0.3792581
1.500641 0.2221559
1.392905 0.4907937
1.830383 0.2944798
2.465897 0.4924702
1.998257 0.3911747
2.220971 0.4980871
2.925934 0.2035726
3.162431 0.3164675
3.182221 0.2969326
2.525909 0.2457145
2.313115 0.4088943
2.380789 0.02299608
1.919006 0.3214884
1.759124 0.3646632
2.331127 0.3979856
2.130341 0.3246308
1.521592 0.3634078
1.598547 0.4511772
1.764349 0.1164815
2.392172 0.2621474
1.750922 0.4917406
3.011924 0.4958899
2.634498 0.4875539
2.314211 0.4823959
1.383862 0.4984207
1.730432 0.1382952
1.436778 0.4052801
1.938454 0.3916395
1.375854 0.4119631
1.555681 0.4427088
1.591656 0.4538118
1.573591 0.4849749
1.931643 0.3952114
1.516156 0.4290785
1.846402 0.2975347
1.750654 0.4571119
1.663952 0.4548668
1.42945 0.491464
1.211031 0.02995559
1.527398 0.1372679
1.872187 0.05327495
1.453926 0.1676848
2.250301 0.2612345
2.042432 0.3002519
2.433133 0.4989165
2.536089 0.1396763
2.695061 0.4494811
2.478516 0.396442
1.977749 0.3661067
2.478018 0.3633368
2.137868 0.4002376
3.474017 0.1916483
1.697725 0.2728837
2.332041 0.3909646
3.066306 0.05157414
2.282297 0.4125259
3.254293 0.12666
2.341567 0.4377411
2.934691 0.2935975
2.255884 0.4111769
1.647903 0.1264954
2.284182 0.2738483
2.08876 0.3745249
1.810141 0.4969884
3.227439 0.3062994
2.277206 0.46325
2.981933 0.2234056
1.696059 0.406315
2.796935 0.2221923
2.508483 0.1592413
2.511244 0.4965697
2.777474 0.3764191
1.399049 0.3964078
1.636373 0.4813282
1.65806 0.4025759
1.757683 0.1838251
1.645514 0.3249189
2.199209 0.409708
1.70456 0.06079893
1.641033 0.3858762
1.06165 0.4141489
1.181202 0.2420429
1.944236 0.306646
1.914302 0.06394282
2.428923 0.4212836
1.84089 0.3064605
2.053148 0.2454537
2.208754 0.4647183
4.441325 0.2550102
2.907233 0.1048284
2.473648 0.4763326
5.622984 0.1961926
2.243119 0.2134588
2.657554 0.2228354
2.118151 0.4463053
1.749285 0.3423801
1.217376 0.4291798
2.176903 0.02683508
4.133187 0.2014634
1.592128 0.08244951
1.353645 0.2757605
1.210578 0.4799009
1.250406 0.2224995
1.565246 0.3831476
2.117434 0.4786449
2.406312 0.3407411
1.381646 0.2364076
1.684426 0.3289793
1.513966 0.0747826
2.164659 0.3813069
1.429622 0.2090415
2.269755 0.1971425
1.442616 0.239827
1.477066 0.3944296
1.690478 0.4255087
2.076793 0.1139459
2.479231 0.2971363
1.461877 0.1539914
1.731035 0.2802897
1.646009 0.2121822
1.74065 0.179555
1.400862 0.07946863
1.060133 0.4465484
1.509269 0.3106575
2.253085 0.3687868
1.399626 0.4433593
1.196649 0.4475
1.711521 0.1232373
2.022601 0.07380158
2.389773 0.4771328
1.706769 0.35341
1.60664 0.2252804
1.476632 0.4464104
2.0914 0.3649596
1.47667 0.13009
1.549535 0.4102748
1.299151 0.4743571
2.376924 0.4571624
3.252785 0.3913883
3.816963 0.1531267
1.545609 0.4447155
2.117975 0.3414512
1.331671 0.3867911
1.670011 0.2374269
1.851842 0.4593857
1.480427 0.1812891
1.305374 0.3054905
1.412039 0.1286968
1.090414 0.4519054
1.077849 0.4356976
0.9758952 0.3458471
0.8660627 0.3953357
0.9098022 0.4268523
1.534321 0.1658274
1.212814 0.3338918
1.320379 0.3635976
1.484093 0.2792338
1.223626 0.3309765
1.140489 0.3496931
1.118106 0.08382324
1.217867 0.3387749
1.352611 0.2874149
1.167977 0.2641675
1.991572 0.3976445
2.146292 0.3589653
1.630413 0.4669281
2.091779 0.2832173
1.645619 0.437004
1.747569 0.1119592
2.431645 0.1003365
2.704433 0.4742062
2.401779 0.1631499
1.879652 0.4079207
3.124312 0.4534646
5.954183 0.1367917
6.875243 0.08194224
4.498919 0.4593302
4.250426 0.2841534
3.065437 0.0699938
2.51879 0.4365961
4.232266 0.4266504
1.398344 0.4730852
2.169304 0.4032542
2.586904 0.2071031
2.934014 0.2236403
2.414652 0.4608838
1.762236 0.3669893
2.145173 0.4321341
3.274111 0.4790062
2.363925 0.4106309
2.432156 0.4753114
2.006905 0.33342
2.765891 0.1503072
2.690136 0.05942236
1.48744 0.1758914
2.20862 0.0933865
1.806316 0.1676468
2.031288 0.1281166
2.267719 0.4106303
2.192347 0.1998079
1.765847 0.3060363
1.431307 0.3997093
1.50919 0.4052173
1.612138 0.2833231
1.521032 0.2982283
1.68463 0.3362465
2.323275 0.4570493
1.50941 0.1434746
1.61946 0.102794
1.909705 0.3788025
2.351215 0.1689997
1.500676 0.3814022
1.325497 0.2958292
1.647948 0.2909758
2.730762 0.3054976
4.91287 0.117982
3.252444 0.2407962
2.066244 0.3105116
2.39319 0.41017
1.125598 0.4834784
1.895366 0.3564734
2.475019 0.1926055
1.202809 0.3656126
2.347241 0.4682721
1.890403 0.4013022
1.216846 0.3102989
2.477977 0.4592157
1.586866 0.4324719
1.492652 0.2934117
2.363466 0.2157207
1.800296 0.3746738
1.572218 0.4455499
2.61468 0.1523327
2.88139 0.2792073
3.996328 0.1700922
2.02288 0.1421166
1.955207 0.3704539
2.533164 0.4406548
2.638997 0.2315267
1.346564 0.2366281
2.760733 0.4997737
2.780098 0.1966605
1.962895 0.2841751
2.634158 0.2632908
3.49048 0.4762847
11.58879 0.1756709
2.92861 0.2706895
3.439913 0.4608063
3.715616 0.3715573
1.553582 0.3546393
1.489957 0.4551301
2.415176 0.2083713
2.708113 0.06034054
2.882925 0.1731977
2.586863 0.1941096
2.151778 0.3400318
1.774667 0.3317332
2.250625 0.357023
1.124373 0.1724861
2.583941 0.4137708
1.784436 0.4718896
2.956384 0.2680128
2.801755 0.1545261
2.081992 0.1293275
1.75386 0.3171831
2.371025 0.3257285
2.089856 0.2388111
1.773059 0.2787181
1.291343 0.4604005
1.041175 0.152014
2.008144 0.1251621
2.113936 0.4839585
1.719486 0.4488446
1.52084 0.2010305
1.683569 0.2982645
1.54925 0.1941618
2.251066 0.1236944
3.266696 0.3548161
1.922382 0.2772527
1.466226 0.2245345
2.31241 0.3660103
3.294277 0.4580145
3.87604 0.2546105
2.025343 0.2097351
3.087746 0.2329619
1.977737 0.3373387
3.590405 0.1482884
3.388948 0.3994409
2.413537 0.08840071
2.148559 0.4466258
2.250456 0.2133288
1.366669 0.4461932
1.295209 0.4709033
1.772866 0.3673165
1.736944 0.4686466
2.829393 0.1295307
1.875664 0.370295
2.063752 0.4013238
1.903335 0.06194849
2.285576 0.4136796
1.617588 0.2861445
3.104005 0.1840696
1.463489 0.196719
1.963049 0.2026101
1.496492 0.3070742
1.779261 0.1141675
2.23072 0.2652267
2.157869 0.3048477
1.876267 0.4336079
2.718622 0.3244895
2.054732 0.275115
1.588886 0.4035089
1.396187 0.1241695
1.612972 0.3887014
1.947715 0.1442913
1.414581 0.4343225
1.759929 0.4257961
2.500276 0.04814778
1.607798 0.4965809
1.956672 0.477969
1.857266 0.09644861
1.471351 0.1426497
1.678529 0.2177287
2.063024 0.3468835
1.57482 0.150195
1.724226 0.432915
1.643225 0.162086
1.790203 0.3642293
1.639808 0.3520324
1.800277 0.3022493
1.315193 0.4402073
1.915904 0.1815338
1.599464 0.1040938
1.751486 0.375805
1.736916 0.1657994
1.523529 0.3820014
1.103651 0.3377967
1.712907 0.1942632
1.550178 0.4347585
2.609722 0.1117836
1.733188 0.4712142
2.335949 0.3974245
1.853367 0.311313
1.721109 0.3054126
2.920234 0.1009197
2.401173 0.1546061
2.221163 0.3687128
1.935783 0.3302588
2.126174 0.06713509
1.80695 0.4105907
2.235609 0.2883739
1.601082 0.2163355
1.656913 0.1070354
2.059163 0.4988358
2.699988 0.4481781
1.627375 0.3484271
1.68657 0.2499979
1.122632 0.3746338
1.772381 0.3528652
1.838991 0.1796144
1.498128 0.2905278
5.833697 0.4558201
2.548684 0.2972901
2.906206 0.4884296
1.897848 0.4021452
1.851675 0.1791298
2.421286 0.07239579
2.918694 0.3738901
2.437225 0.4679534
3.162443 0.1800806
2.735375 0.4006514
2.125562 0.4386827
2.875618 0.1186434
2.64271 0.4252437
5.20912 0.3416009
1.880093 0.08187327
2.21605 0.3169245
2.282149 0.2953492
2.153665 0.1734034
2.654827 0.3605445
2.864286 0.2220366
3.823412 0.1021443
2.640594 0.3812124
2.232449 0.4918003
1.930474 0.1507942
4.121099 0.3457928
1.63577 0.340494
2.687216 0.3453314
1.705501 0.3222599
1.679236 0.2785255
2.774901 0.4413452
2.406223 0.3596695
3.28812 0.1256704
2.076891 0.08067302
4.492494 0.2330002
1.661752 0.3317801
1.680656 0.2021354
2.585264 0.4770982
2.703049 0.4748982
1.975017 0.4351895
1.303846 0.03181283
1.256214 0.1819337
1.463657 0.1774803
1.097827 0.1621347
1.725629 0.4141695
1.178695 0.2137158
1.424944 0.2383336
1.997309 0.270941
2.15321 0.3277574
1.495236 0.46047
2.240685 0.3562413
1.584801 0.4034958
1.742021 0.4598861
1.256606 0.3577751
1.231151 0.3657694
1.438243 0.3879708
1.883269 0.3371405
2.719502 0.4172938
1.465288 0.1470595
1.399254 0.4936915
1.515312 0.2163979
1.820579 0.1050053
1.47398 0.2332946
1.783249 0.2371955
2.857838 0.2244877
2.121393 0.4584104
3.154133 0.1628916
2.854487 0.3543753
3.034076 0.3316176
1.179813 0.4804554
1.327512 0.1517058
2.895329 0.1072787
2.166153 0.1235525
2.348416 0.2923697
2.285245 0.3955763
2.493264 0.1435039
2.962252 0.4823659
2.335533 0.4834945
1.934092 0.3599937
1.245359 0.1099639
1.335491 0.2731233
1.39223 0.2566489
1.348973 0.2070205
1.910548 0.4508854
1.557578 0.2564323
1.61717 0.4120578
1.220052 0.2800364
1.290668 0.3252971
1.317489 0.1726264
1.480455 0.2735211
2.0089 0.1991478
3.031302 0.2539014
1.849687 0.1082863
2.576487 0.09494521
2.047451 0.2980126
2.041729 0.4170379
2.520649 0.4256837
2.909134 0.4661952
2.105976 0.2424929
2.704782 0.2422634
1.918304 0.242168
2.555777 0.422423
2.019726 0.3979972
4.112212 0.3202737
2.924984 0.2866699
2.051971 0.1867638
2.20577 0.228345
2.1584 0.3290453
3.313567 0.1577145
4.064792 0.2084851
3.779652 0.2541324
2.825446 0.3532803
3.000669 0.4159967
4.285895 0.1788685
2.844252 0.05071016
2.608866 0.294943
2.178179 0.4054399
2.774923 0.1364037
2.756484 0.3337354
2.775093 0.05542554
3.105666 0.3084699
3.190589 0.3436633
3.33978 0.3931298
3.699162 0.2010229
2.565445 0.1350308
2.341126 0.4749445
3.410883 0.1603847
2.871004 0.07049614
1.525485 0.3515309
1.910647 0.4452665
1.982127 0.2031879
3.248303 0.1031136
1.604227 0.1021144
1.86244 0.4921219
1.899642 0.3959792
2.078646 0.1153332
2.886316 0.06879664
1.677634 0.2596377
1.222143 0.3488209
1.61157 0.3204292
1.615877 0.05208745
2.396285 0.1415087
2.642601 0.2811633
1.656042 0.2487976
1.035208 0.3941127
1.502187 0.1616766
1.751512 0.18476
1.913884 0.3780976
2.445172 0.3811794
1.577838 0.3803675
4.142659 0.3584603
2.29886 0.4169892
1.767197 0.4037673
1.634233 0.1808814
1.144929 0.3512022
1.708016 0.2281487
1.374732 0.3269477
1.275961 0.4470365
1.383701 0.1965805
1.776296 0.1659356
1.954654 0.3384203
1.409947 0.1793173
1.20523 0.08898498
2.116157 0.3836623
1.874897 0.1181725
1.556308 0.4781014
1.412362 0.2800845
1.881378 0.3790247
2.235612 0.1520574
3.160978 0.3188349
2.083359 0.1082555
1.624438 0.428183
2.756492 0.02935699
2.159559 0.2468539
1.785073 0.3330071
2.181861 0.09384874
5.360918 0.1082403
2.319903 0.1349199
2.213641 0.3912051
1.59353 0.2595783
1.730565 0.3043185
1.656169 0.4992783
4.275247 0.1895841
1.995743 0.1518722
2.096855 0.4214354
2.117652 0.4191443
2.084008 0.4001184
1.846712 0.3465548
1.62815 0.3598821
1.901157 0.1816956
2.118279 0.2363157
1.996799 0.4193977
2.115723 0.4532883
2.134676 0.2155821
1.577404 0.3283709
1.519801 0.4434357
1.638203 0.3720777
2.018784 0.187767
1.594059 0.1614236
1.438084 0.09955665
1.140141 0.3281808
1.520731 0.2480905
1.19923 0.2023346
2.272163 0.2413633
2.019961 0.4171098
2.032948 0.3218383
2.206351 0.4508899
1.973586 0.3858967
2.63239 0.2826815
2.54494 0.4516894
2.269151 0.3018262
1.537948 0.4069316
1.682317 0.3277876
2.051224 0.3825816
2.83596 0.3434841
1.668982 0.4602275
1.727707 0.1078325
1.339131 0.05226819
1.590276 0.3475011
2.45583 0.475685
3.107869 0.1534904
3.419827 0.1437826
2.777296 0.1910307
3.368571 0.3966336
3.306541 0.3580197
2.224937 0.1781544
5.037566 0.07651386
2.108772 0.2329042
2.706303 0.4050146
3.965683 0.07156054
2.877597 0.4425454
4.69122 0.1879079
1.613985 0.4705153
3.740788 0.1092062
2.934728 0.3857303
2.627553 0.3351889
1.987445 0.1318922
2.926184 0.176837
4.217971 0.08993636
1.96126 0.144236
1.448295 0.4775657
1.280346 0.139154
1.725968 0.2552536
2.483056 0.4046921
1.740796 0.4977473
2.178709 0.3469949
1.757352 0.1525393
1.561412 0.2448205
1.823186 0.21123
2.300466 0.0310209
3.640166 0.2685205
2.396384 0.3684347
2.469336 0.4241889
3.30251 0.2356599
4.421639 0.1791484
2.714064 0.1230358
1.837122 0.1972602
2.916627 0.3185473
2.172104 0.1628321
1.696867 0.2798815
2.881143 0.1160849
1.981324 0.3471987
2.696952 0.4875318
2.051863 0.2897729
3.280642 0.1035677
1.814005 0.1528458
1.1663 0.4429788
1.414394 0.2248267
1.192725 0.2035164
1.140871 0.1693471
1.541179 0.4563743
1.776663 0.2470714
1.939134 0.1389903
1.64962 0.3712035
1.615473 0.2035965
1.718086 0.2195687
1.720655 0.4547576
2.003054 0.2094039
2.200493 0.3136044
2.140362 0.2701647
1.456109 0.4114452
2.352038 0.1614717
1.760476 0.2996373
1.164164 0.1598763
1.378397 0.1407356
2.816424 0.05372361
1.532202 0.2828664
1.908573 0.286649
1.720545 0.328758
1.434892 0.4137977
1.278739 0.4601507
1.063914 0.2858202
1.309694 0.2627093
2.644372 0.264464
2.113629 0.1993112
2.125074 0.4889768
2.593697 0.2824706
1.69331 0.1411195
3.718443 0.09226823
2.035328 0.07566974
1.787229 0.3238414
2.35907 0.4688444
1.617477 0.1956341
1.831231 0.4404915
1.559389 0.3758737
1.595273 0.4268912
1.782362 0.2602367
1.655712 0.4421509
1.933882 0.1448869
1.394472 0.4814706
1.766378 0.256051
1.246417 0.4055268
1.269832 0.381659
1.438651 0.3183502
1.349724 0.3227066
1.416102 0.413281
1.747657 0.2445332
1.127326 0.4138524
1.532662 0.1214286
1.404726 0.4965082
1.919665 0.2811186
2.137188 0.4018235
2.315369 0.288463
1.8971 0.4296512
1.448024 0.4786771
1.213481 0.1582576
2.088983 0.1751557
2.72398 0.2561853
4.774947 0.1510166
4.605867 0.1708884
2.634578 0.3927087
2.184156 0.2444272
1.542639 0.1841272
2.33062 0.3303446
2.085323 0.4216848
1.66894 0.3939934
1.615564 0.04951786
1.66358 0.1292461
1.7658 0.3895768
3.656082 0.3665043
2.333087 0.4134371
3.703864 0.3519264
3.40767 0.2068799
4.023916 0.2633709
