"nu" "alpha"
3.096518 0.2156554
2.959136 0.4863252
3.256742 0.09330988
2.616767 0.0914453
2.784842 0.3895872
3.152163 0.4916106
3.628207 0.4422779
2.643206 0.4906506
2.943753 0.4402478
3.768431 0.433346
3.526916 0.2385459
3.469294 0.2731053
3.503269 0.04339355
3.128319 0.3838203
3.101813 0.2664951
3.386998 0.3426381
3.095191 0.2452053
3.351962 0.2758419
4.349455 0.08460137
3.767304 0.1859551
3.033632 0.3354709
3.608001 0.164335
3.45461 0.4663732
3.188145 0.3045701
3.018333 0.3086719
3.089009 0.2767025
4.144114 0.2207581
3.097423 0.4379342
3.376399 0.3206831
4.153435 0.068205
3.27417 0.3102016
3.256892 0.1878817
4.105639 0.2832934
4.439816 0.2243036
2.956256 0.471447
3.855326 0.2220808
3.452123 0.4936421
3.716929 0.285475
3.053338 0.1500259
2.82807 0.3686862
4.015684 0.1301969
4.039211 0.2616186
3.604441 0.3247377
3.229575 0.2536081
3.458831 0.4510224
3.128483 0.1278984
3.283777 0.4651843
4.315141 0.3038638
4.042133 0.2172714
4.650062 0.2528334
4.275192 0.2903613
3.08143 0.1607333
2.777619 0.1661136
3.221893 0.02309743
3.071882 0.1621689
2.709342 0.3193194
4.28322 0.3144266
2.851268 0.2425521
4.098657 0.2309339
2.696117 0.3544719
3.158025 0.2974384
3.419828 0.2141412
2.713061 0.3932372
3.360503 0.352221
3.543092 0.1771383
3.169465 0.3020655
2.944441 0.1702574
2.789511 0.04635067
3.381784 0.3762916
2.928295 0.4291002
3.357861 0.1639291
3.612622 0.4236189
3.054563 0.1657899
3.048813 0.2802671
3.420939 0.4209999
2.900799 0.2299112
3.101121 0.2580823
2.534574 0.3426192
3.519176 0.3369795
2.846811 0.1673474
3.852468 0.04214295
2.869678 0.06293581
3.246525 0.3618989
2.978317 0.3822585
2.653223 0.300972
2.986521 0.3815066
2.422896 0.4583181
2.741525 0.4112883
2.970291 0.1709397
2.7942 0.3699535
3.014572 0.4823619
3.041517 0.08472555
3.601643 0.3452
3.000952 0.2943732
2.787093 0.4450332
3.556666 0.3207836
2.842492 0.3977666
3.797806 0.108772
3.534976 0.2373088
3.170456 0.2299208
3.291036 0.4499916
2.811799 0.3083808
3.198691 0.3286061
3.69861 0.1980156
3.491146 0.3822361
2.970551 0.2693302
3.327152 0.4303458
3.1584 0.1937665
3.003952 0.4590202
3.179626 0.2607917
3.500125 0.1884027
3.268776 0.2600369
3.724461 0.2229015
2.884494 0.4150252
2.885034 0.3942507
3.714131 0.3592477
2.808597 0.4519127
2.923041 0.4444569
3.947297 0.09062666
2.853908 0.1534542
2.96467 0.2731309
3.513149 0.2524046
2.983524 0.2055984
3.358679 0.08657807
4.474389 0.4356283
3.658122 0.1793227
4.349499 0.4502763
4.076618 0.1405486
4.559208 0.1026749
7.11985 0.2001945
8.555984 0.1082383
3.410257 0.04262223
3.774032 0.492513
3.069414 0.2053755
3.126137 0.1784244
3.070324 0.3317518
3.357346 0.486331
3.615041 0.1910328
3.783115 0.3217355
3.924207 0.4589268
3.671884 0.1278854
4.279776 0.3120972
4.295972 0.1290281
4.957078 0.4862691
3.560609 0.1819053
3.542771 0.4265545
3.02527 0.3756603
2.735589 0.1729225
3.094257 0.4710734
3.315794 0.1811202
3.145579 0.1553852
3.645614 0.3885803
3.578638 0.3372642
3.8341 0.20977
3.268163 0.2094342
3.116393 0.3444172
2.942235 0.4072072
2.911083 0.4664832
3.766171 0.2316205
2.910385 0.3525411
2.972609 0.2502925
2.861983 0.3510136
3.003263 0.4887688
2.805562 0.3429388
5.635506 0.3770598
3.405928 0.438215
2.834945 0.492231
2.748304 0.4923437
3.173162 0.2366584
2.824725 0.4688787
2.636706 0.3385507
3.503818 0.3347235
3.286064 0.2586114
3.189845 0.3149894
3.140116 0.2617616
3.69688 0.2828919
3.712052 0.4106509
3.626895 0.2804147
3.642304 0.4432104
3.019855 0.2532393
3.366897 0.1232701
3.178748 0.2827851
2.878483 0.479102
4.014688 0.3448315
2.9805 0.3394527
2.953923 0.2338112
3.539019 0.4584963
2.941291 0.1144701
3.104036 0.3062918
2.591725 0.07939678
3.290926 0.2140604
2.738779 0.3728723
2.938222 0.3026205
3.210604 0.3078275
3.019755 0.2373831
3.747991 0.2393179
3.493123 0.4002868
3.546335 0.2898888
2.852489 0.4276917
2.799375 0.4124753
2.892924 0.109238
3.227136 0.1004576
3.556432 0.4621821
3.063 0.153482
2.684205 0.341547
3.193101 0.4366517
2.783056 0.3976176
2.628763 0.4649337
2.961491 0.4851425
3.246787 0.3832531
2.967845 0.3445779
2.948812 0.0465862
3.554889 0.09794128
2.768531 0.3100616
3.472811 0.3363795
2.652509 0.1897043
3.804775 0.352326
2.31545 0.08563617
2.877289 0.09020037
2.995477 0.2079616
3.047274 0.4410174
3.440042 0.4543824
3.465082 0.2554095
3.216419 0.272357
3.169084 0.2835107
3.400012 0.09829805
3.154246 0.4275659
2.77346 0.2022291
2.732961 0.2585904
2.761268 0.158796
2.341671 0.3452962
3.610614 0.2304894
3.620183 0.1749026
2.956006 0.2249522
3.100106 0.1328508
3.016069 0.2412258
3.009513 0.2184042
3.332665 0.4733066
2.913561 0.369538
3.034026 0.4975534
2.477668 0.404458
2.687809 0.3158536
2.55985 0.2379184
3.022697 0.4130514
3.069463 0.2483779
2.950555 0.3997801
3.257438 0.4979131
3.030351 0.4574576
3.359619 0.1066688
3.295123 0.311227
3.158535 0.02440392
2.900556 0.2405213
4.058232 0.3768686
4.75091 0.2904729
3.666908 0.4581301
3.121867 0.3227911
3.418531 0.4963043
3.332667 0.03020038
3.761668 0.4290028
3.724736 0.3618991
4.050292 0.1201116
4.008284 0.1941421
2.727579 0.156442
3.483555 0.08361542
2.860454 0.2620544
4.982091 0.08574165
2.702965 0.4597689
3.156844 0.4640775
2.98849 0.143986
3.050767 0.2673908
2.57946 0.2015313
2.519763 0.1283413
3.199559 0.2759769
2.667162 0.2198659
2.783793 0.07389856
3.243514 0.2369556
3.722384 0.1908364
3.278677 0.4681918
2.684147 0.1795091
3.482824 0.3702509
3.092448 0.4032564
2.869447 0.3650092
2.893482 0.4550762
3.766825 0.2200968
3.623219 0.3058362
3.147637 0.2424041
3.310619 0.281455
2.801721 0.04367127
2.683379 0.3186097
2.398981 0.288544
2.928134 0.2112176
2.720106 0.1969996
2.632301 0.4817151
2.98044 0.2315536
2.77264 0.3183641
3.41343 0.1068869
3.776395 0.3296816
2.772507 0.3125954
4.237706 0.2013891
2.887182 0.4013183
3.276825 0.3646438
2.857043 0.2032455
3.013964 0.3416994
2.978595 0.2904091
2.726731 0.3296492
3.065961 0.3161355
3.111239 0.3250486
3.095012 0.2416814
2.783175 0.3572277
2.702495 0.3839819
3.37402 0.4827602
3.160551 0.2010331
3.059286 0.3751859
3.602446 0.1464999
3.027195 0.2096052
3.160417 0.3323563
3.379915 0.495017
3.151092 0.2559424
2.696093 0.4290974
2.803668 0.4046491
2.920054 0.2698148
4.340473 0.2591822
3.043352 0.08985399
3.134508 0.4000876
3.556741 0.2662369
2.889421 0.373371
3.16784 0.3264911
2.868145 0.2360541
2.708433 0.3583008
3.149481 0.3682515
3.145612 0.2503327
3.713099 0.3699587
3.997058 0.1921606
3.30713 0.4804661
3.739459 0.2580327
3.018606 0.4448976
2.992589 0.3186347
3.196825 0.2046966
2.951913 0.4297621
3.316236 0.3583394
3.047569 0.1110903
3.402289 0.2802161
2.983262 0.3726588
3.106151 0.2588815
2.782628 0.1686611
3.028431 0.4561425
2.808357 0.2911008
3.576627 0.3720591
3.396836 0.1013209
2.981442 0.3400932
2.970543 0.4812933
3.184339 0.4442237
2.885851 0.2726556
3.281548 0.4914935
3.149352 0.376897
3.029334 0.3211703
2.917562 0.3453671
3.956596 0.4867401
3.065314 0.4527207
2.743134 0.4329424
4.368652 0.3020602
3.13928 0.2631911
3.342959 0.2330628
4.728323 0.246183
3.397993 0.3881202
3.434553 0.2234402
3.275478 0.0454899
3.292873 0.3363624
3.183999 0.3221003
2.912562 0.3417071
2.739576 0.1735787
2.914493 0.429888
3.073986 0.3881134
2.948601 0.2952219
3.46715 0.440603
2.688359 0.4759245
3.671536 0.2963981
3.133593 0.1577537
2.864513 0.1281883
2.949913 0.4339314
2.870747 0.4062318
3.004267 0.4777358
3.030873 0.4235189
3.659075 0.02232393
3.144716 0.4543361
4.163677 0.4938309
3.080195 0.4813073
4.307959 0.1647105
3.806516 0.04148564
3.155282 0.4346757
3.604639 0.1357024
3.738734 0.1023309
3.083273 0.1413237
2.564012 0.3709871
3.222559 0.4942546
3.381605 0.1685898
4.956168 0.3230557
4.443144 0.2715534
4.026465 0.1847579
3.262942 0.107636
3.599015 0.420147
4.778332 0.07585223
4.338798 0.4807593
3.80328 0.03044508
4.339922 0.08384568
3.202642 0.1160176
3.609006 0.1912985
3.29355 0.1088945
3.59231 0.3215761
2.75218 0.319474
3.146717 0.04564315
3.69646 0.1658995
4.046996 0.2715446
3.063559 0.1771304
3.654203 0.3679941
3.250193 0.2403453
4.19668 0.3280684
3.016457 0.2300241
3.705138 0.2206672
3.939838 0.4375101
3.216169 0.1855774
3.078424 0.1591122
2.661957 0.3820689
3.331135 0.45579
3.356242 0.4436609
2.759649 0.175758
3.298228 0.1931201
3.5137 0.3131786
4.829365 0.214248
3.540943 0.4191625
2.512741 0.3952934
4.00283 0.2347768
3.48903 0.1147588
3.246411 0.09354546
2.837826 0.2348129
2.90273 0.1810056
3.214095 0.04522023
3.328957 0.3399734
3.412801 0.4212309
3.614306 0.4822517
3.346894 0.4494855
2.9979 0.218619
3.262373 0.4226046
3.171289 0.4258546
3.286742 0.1238464
2.558559 0.2087888
2.459409 0.1262744
2.595759 0.2973798
3.589408 0.2152541
3.138893 0.2639202
2.87438 0.2559524
3.240095 0.277893
2.993566 0.1904213
2.998059 0.490618
2.485542 0.1739506
2.589285 0.2523237
2.562985 0.3239002
2.749807 0.1419605
2.469874 0.2487604
3.376371 0.2776059
2.739454 0.473649
3.105291 0.2265261
3.148368 0.3437911
3.715059 0.3289211
3.041705 0.1395427
3.178671 0.02046263
3.410244 0.317312
4.357789 0.2599992
3.720609 0.430775
3.414196 0.0853453
3.508 0.4179135
4.062383 0.2984259
3.247193 0.349669
3.146926 0.04190081
3.413627 0.1594252
4.14152 0.2952215
3.539182 0.3515892
3.52538 0.05932725
2.861076 0.1338372
2.653433 0.4421039
2.859141 0.4380523
2.784097 0.1747936
3.043533 0.422582
2.693534 0.03150107
3.107907 0.2273343
3.289069 0.478582
3.889751 0.4462999
3.312094 0.2244095
2.955892 0.4966082
4.027546 0.3462497
3.376933 0.2728462
3.987667 0.167161
4.335243 0.1746687
3.304883 0.3967636
3.667547 0.4009546
9.793068 0.2603544
12.73219 0.1568542
5.728298 0.162021
4.967025 0.1341337
3.829946 0.1370106
3.637905 0.1177727
3.877789 0.4223701
3.697929 0.1988824
4.661965 0.4494733
3.033184 0.02130233
2.632988 0.2125888
3.259367 0.02136654
3.777743 0.4499371
2.606297 0.376927
2.597861 0.3718032
3.244791 0.1022516
3.654441 0.2819942
3.100444 0.2621977
3.104735 0.4547707
2.870061 0.1494485
2.758948 0.2415227
2.644293 0.3919521
2.954843 0.3776302
2.634981 0.2275725
3.466697 0.4108983
3.009588 0.2558714
3.517457 0.3974968
2.915209 0.3855537
3.256699 0.1014067
2.63001 0.2465122
2.868623 0.3341165
2.616718 0.492468
3.365796 0.3854985
2.766301 0.2729797
3.665352 0.03588087
3.575604 0.3334562
3.42113 0.3646276
3.232778 0.1431093
3.497712 0.1753425
3.102889 0.1504518
2.952377 0.4452142
3.249972 0.2128847
3.071906 0.06551076
3.186963 0.4947981
3.213493 0.3383724
3.205047 0.2606636
3.716056 0.1484615
3.056309 0.3615368
3.61622 0.1975408
3.557727 0.2799252
2.926187 0.2554742
3.268041 0.4014464
3.776831 0.3440434
3.147029 0.3424041
4.130983 0.3704805
3.243727 0.4577818
3.609074 0.08555488
3.88347 0.2220116
3.07024 0.339145
3.455791 0.09897549
3.313669 0.1838831
3.038374 0.3234857
3.175869 0.2462132
3.669389 0.3415114
2.878805 0.2637692
2.878234 0.09747131
3.3796 0.2483047
3.605286 0.4161349
3.542407 0.1831914
3.281521 0.14367
3.339201 0.3062224
4.031733 0.2127767
4.671493 0.2807014
3.215957 0.09790335
3.189731 0.4280857
3.277029 0.3689475
3.796095 0.2773202
3.414597 0.3661756
3.930815 0.4217609
6.153255 0.4065154
4.516543 0.2081801
3.485965 0.164212
4.475695 0.3550018
2.876366 0.1434271
2.945197 0.1555162
2.875709 0.3211731
2.99927 0.3814708
2.862007 0.3150219
3.165847 0.4161731
3.784053 0.06108065
2.922127 0.1445478
2.874235 0.0899931
4.112834 0.1225975
3.377463 0.211622
3.90498 0.1072402
3.889313 0.3034018
3.318984 0.375611
2.986219 0.2137763
2.533057 0.4718011
3.501992 0.4000001
3.236858 0.3630814
3.070387 0.3721852
3.60252 0.1445325
3.716067 0.4003601
3.185507 0.2816493
3.427646 0.2395309
2.912565 0.2555784
2.821828 0.2871809
3.053573 0.2911408
2.931532 0.2225217
3.513066 0.4502129
2.830244 0.2312185
2.553688 0.4106463
2.843174 0.2835053
5.387285 0.2208086
2.700863 0.2562261
2.786341 0.1034298
3.191965 0.4493933
2.652987 0.48573
3.064055 0.2001162
2.723057 0.4925656
2.805682 0.2492843
3.05395 0.3655917
3.08581 0.2001307
3.156604 0.2742756
2.440739 0.3800196
3.095404 0.2488142
2.761448 0.2200297
3.136361 0.4870972
3.04856 0.0673152
3.363441 0.1032196
3.395431 0.3800694
3.082799 0.381209
2.467229 0.08769866
2.99605 0.4359762
3.100932 0.4111285
2.711679 0.2170991
3.353096 0.2746193
3.961001 0.3024622
2.567434 0.1916555
3.154259 0.05314701
3.037061 0.4516929
2.891519 0.3781184
2.707594 0.4344854
3.11846 0.4087563
3.558622 0.1792135
3.396833 0.2879595
4.512254 0.3955062
3.567932 0.4070683
4.75248 0.1125105
3.823757 0.4955726
6.610013 0.2721249
9.008925 0.07584867
4.028101 0.2592493
6.305899 0.1641846
3.30414 0.2556265
4.991109 0.4253261
4.429401 0.4656833
4.21147 0.109168
4.36688 0.1896124
4.162859 0.4398369
3.858356 0.3700437
3.652186 0.1685814
4.646451 0.05175812
3.751027 0.3951313
5.175615 0.2560846
7.634659 0.09220782
6.286568 0.2815145
7.532797 0.3404775
3.251536 0.03031328
3.845717 0.2793419
3.563898 0.3656882
3.150436 0.04236457
2.36251 0.0934822
3.442752 0.2751205
4.431458 0.2198846
2.947283 0.3746403
3.171615 0.09825074
3.04981 0.1057046
2.898406 0.2818867
2.745254 0.150051
2.791037 0.4351792
3.242029 0.3576552
3.496543 0.03127956
3.166851 0.398663
3.516291 0.4868392
3.875776 0.2520819
3.38171 0.3142349
3.295416 0.3695923
3.766465 0.176655
3.438831 0.2272971
3.467607 0.3853105
3.090241 0.3009312
2.753224 0.4646821
2.90096 0.2574157
2.8106 0.3917232
2.627085 0.3110397
3.88859 0.2278387
3.228067 0.2422312
3.191052 0.3430044
3.230513 0.3768868
3.293959 0.2227649
3.343758 0.2663254
3.216125 0.1938761
3.970501 0.2679425
2.402049 0.2509184
3.025417 0.3630169
3.470527 0.1417002
2.736512 0.2020503
3.091948 0.4162667
3.405336 0.3099492
2.748388 0.220046
3.646253 0.1574536
3.23304 0.3089738
2.9107 0.4410019
3.045206 0.3416102
5.298916 0.2286528
3.82285 0.1194732
3.399434 0.4161459
3.183245 0.355134
3.077455 0.366478
2.796478 0.414448
2.842381 0.1493997
4.266204 0.2816018
3.036981 0.2311561
4.240276 0.4529856
3.49718 0.1464888
3.624273 0.2073092
4.262374 0.4389859
4.407693 0.4503117
3.539284 0.2853958
4.359425 0.05781674
4.8049 0.08702717
4.647603 0.3027434
4.304842 0.2094099
4.90075 0.440487
3.49984 0.3451854
4.597161 0.1077547
3.651293 0.4527032
3.703947 0.4077116
2.799965 0.254167
2.62529 0.260765
3.92617 0.3631399
3.584616 0.4926392
3.36646 0.2257821
4.163902 0.2579032
3.849046 0.3223195
3.084571 0.4304648
4.676688 0.4577212
4.011899 0.2576042
3.060926 0.1423487
3.514348 0.2460325
3.779473 0.1427311
2.910155 0.3351839
4.119917 0.237035
3.484996 0.1744658
3.589055 0.3450022
3.45037 0.2808372
3.089944 0.2264221
2.744232 0.4947914
3.235895 0.126302
3.771507 0.2376918
3.425436 0.1918303
3.51459 0.2125375
3.238114 0.2242527
3.571576 0.4578008
3.730048 0.341625
3.884109 0.2960274
3.491461 0.3453329
3.66465 0.1779786
2.812249 0.1104407
4.641069 0.05556665
3.057011 0.05765451
3.818311 0.05474842
3.335495 0.4194299
3.604599 0.4979482
3.20122 0.3749749
3.039502 0.03789639
3.772765 0.2621566
3.421758 0.4023009
3.918466 0.337876
4.782408 0.1931958
3.663084 0.2389192
2.926698 0.2673338
3.175141 0.4484653
2.758575 0.2878296
3.524087 0.3718409
2.543573 0.2389453
4.234817 0.2978928
3.31259 0.3792787
2.875661 0.4609292
3.130864 0.2091811
3.090838 0.07227893
3.272919 0.2522319
3.025758 0.04090316
3.263886 0.4626477
4.408355 0.3007714
3.17193 0.1743228
3.728231 0.4968064
3.547797 0.3634665
3.395813 0.192661
3.285937 0.2296693
3.354819 0.1640929
3.785454 0.433688
2.957396 0.1882733
3.247007 0.2300871
3.315051 0.4073662
3.556013 0.2566576
2.922859 0.4520349
3.096882 0.2710544
3.323825 0.3317315
2.713581 0.3946885
2.8868 0.4184855
2.898534 0.4307825
3.402508 0.3042943
3.258111 0.3074206
3.047339 0.4626131
3.765948 0.1881004
3.665166 0.4057162
3.218135 0.4561597
3.829433 0.4948727
3.086045 0.3037205
2.66344 0.1442986
2.795894 0.3508642
3.453788 0.3640774
2.601108 0.2130701
2.604891 0.1681969
2.76041 0.2689982
2.310636 0.4768721
2.687812 0.1473794
2.898708 0.3304525
3.479958 0.3447697
3.263917 0.4644061
2.836708 0.4089783
3.217219 0.3231139
3.356199 0.351689
2.66853 0.1118194
2.500223 0.1798172
4.006044 0.1917622
2.661062 0.06245711
3.022591 0.09116867
3.011436 0.378649
2.490165 0.3809726
3.052285 0.1762603
2.547113 0.08278829
2.49255 0.481652
2.485423 0.2659193
2.82678 0.3443671
3.438334 0.05252154
2.950106 0.4463395
2.541363 0.4633828
3.094869 0.11817
3.083085 0.3997272
3.316467 0.373899
4.554913 0.4066324
3.281176 0.2175411
3.307974 0.4927265
3.21999 0.3985591
3.110392 0.4732037
3.07576 0.2545432
3.019396 0.4787549
2.595107 0.3108157
3.056777 0.4740899
2.925855 0.3729117
3.166814 0.1092254
3.059554 0.2525141
3.516341 0.4775436
3.179024 0.3415141
3.372909 0.4869906
3.263906 0.3862944
3.601125 0.428476
3.501763 0.3229875
3.59683 0.2726405
3.431733 0.3955809
3.759373 0.3762433
3.452706 0.1290145
2.984397 0.1592057
4.081472 0.09385624
3.452165 0.338726
3.9492 0.159555
3.503907 0.06287389
3.790716 0.4116133
3.236703 0.4035924
3.913424 0.2809143
3.746795 0.2008688
3.441381 0.2355284
3.789366 0.310218
2.671446 0.4252602
3.076151 0.4782662
2.899629 0.281323
3.372855 0.3258295
3.423767 0.1631053
2.750147 0.3324151
4.059097 0.3658554
3.66893 0.4642398
3.340547 0.4036343
5.013589 0.2355928
2.872285 0.2592964
3.991447 0.3968636
4.747326 0.1019977
4.188886 0.1023258
3.182136 0.291246
3.75374 0.232606
3.845462 0.4826051
4.044163 0.2914422
3.610123 0.1534068
3.315306 0.3634779
3.407603 0.4413328
3.106758 0.4279508
3.169401 0.1753094
2.922798 0.4076508
3.489246 0.05213627
3.227711 0.3643766
3.340449 0.3342818
4.032444 0.4423334
3.346381 0.3201512
3.602953 0.2344316
3.22942 0.196312
2.801169 0.1846352
3.276079 0.2560192
3.480022 0.4571065
3.207426 0.4177111
3.047312 0.123613
3.011711 0.399526
2.934607 0.4149011
2.732723 0.4777104
3.624526 0.3057373
3.016728 0.4847678
3.629418 0.3857638
4.512476 0.4427316
3.249213 0.3022795
3.022689 0.3474751
3.091583 0.3875064
3.60963 0.4357291
3.230397 0.2939011
2.836537 0.4494892
3.511639 0.04991469
3.179203 0.4955897
3.869923 0.3672961
3.247649 0.1851903
2.994516 0.4243661
3.026207 0.1853039
3.894319 0.2981119
3.423486 0.4198962
2.700439 0.1796472
2.984853 0.2542402
2.815799 0.1418221
2.895217 0.4034988
3.099329 0.389404
2.575503 0.4311902
3.21943 0.1694864
3.427382 0.4782383
3.296299 0.2158419
3.560029 0.211078
3.105194 0.3382704
4.006158 0.2478639
3.481783 0.4519999
3.222544 0.08618118
3.408631 0.1669476
2.593251 0.3277538
2.627893 0.3638198
3.638394 0.1138838
3.948939 0.1743496
3.724756 0.3808331
3.462953 0.3258946
3.172789 0.1065364
2.955136 0.4863184
2.915583 0.1700557
3.173294 0.3569637
3.419546 0.4334702
3.07433 0.2023008
3.122165 0.3487638
4.909835 0.07719867
2.884594 0.3450011
3.828907 0.3158617
3.350714 0.2794191
3.120876 0.07960198
2.953676 0.1923677
3.391579 0.4821217
3.073825 0.1226082
3.649859 0.4600882
4.056914 0.2267414
3.165857 0.1086297
2.779938 0.3674854
3.12562 0.230519
3.470237 0.09150974
3.181387 0.3887021
3.525883 0.1858304
3.276845 0.4136425
3.981779 0.08899357
3.748923 0.406611
3.432044 0.3966527
2.908142 0.3017461
2.682811 0.21946
2.364867 0.1142467
3.063156 0.3520253
2.823507 0.3723192
3.004983 0.2959932
2.951972 0.490538
2.939546 0.233243
3.167108 0.3055753
2.882321 0.4123776
2.959682 0.4156697
2.78298 0.4274891
2.528992 0.4442086
3.63713 0.2150526
3.210357 0.2086988
3.082914 0.4944616
4.305148 0.1083391
3.868103 0.4379233
4.183407 0.1108539
3.905643 0.3375699
6.867763 0.1681355
3.59919 0.223627
4.128257 0.2052821
3.78503 0.2587643
3.984695 0.1582303
3.130664 0.07355427
3.246031 0.2660132
3.22585 0.03331057
3.182585 0.3969049
3.271904 0.397509
2.932029 0.3483195
3.088456 0.08325828
3.283735 0.1207748
2.648633 0.315987
2.965745 0.461963
3.807769 0.4835793
2.734909 0.3735833
2.757682 0.2774478
3.329406 0.1888108
3.061573 0.3068629
3.932129 0.2965996
4.075155 0.1715944
3.212843 0.4599333
3.318005 0.3717021
2.852503 0.2726607
2.748983 0.2567821
3.377404 0.3336487
2.61545 0.1558368
3.496421 0.2935773
3.208636 0.4960476
2.695979 0.273924
2.941888 0.174536
2.822539 0.2077554
2.848101 0.1254617
2.59502 0.4385859
2.77763 0.3971195
2.910234 0.06115915
3.244778 0.3929253
3.024359 0.4903288
3.075818 0.04891206
2.440958 0.3563914
2.783174 0.4871342
3.429669 0.3662106
3.260363 0.2813744
3.550148 0.3078918
3.30206 0.1838222
2.71441 0.09899435
3.626236 0.2343699
3.928299 0.27722
3.452634 0.229147
3.060307 0.4534556
2.840239 0.03788
2.819205 0.2312959
3.082425 0.371344
3.125124 0.1499816
2.828316 0.3280231
3.409578 0.4458799
3.24033 0.333569
2.723053 0.2322148
2.975478 0.1452638
2.826738 0.4836366
2.766742 0.4327475
2.956577 0.2816591
2.48593 0.4126056
2.713515 0.4123533
3.076921 0.2907723
2.723306 0.3847894
2.656704 0.4783761
3.097151 0.1742859
2.909702 0.2850079
2.952492 0.1239117
2.966373 0.2334101
2.670214 0.491639
4.256991 0.2547327
3.398671 0.1980297
4.770191 0.1084191
3.210192 0.2221035
3.034667 0.07979085
3.642337 0.2292817
3.027382 0.2960669
3.681054 0.04451244
3.937105 0.3609396
2.96234 0.113482
3.704711 0.2666298
3.198838 0.3836629
3.992817 0.122989
3.656494 0.1984917
3.265021 0.1129943
3.189752 0.4985645
3.303239 0.3817926
2.864322 0.4960477
4.384745 0.3378535
3.071672 0.4634597
3.109665 0.3304162
3.055057 0.2131356
2.859016 0.2276766
2.83766 0.2331443
2.997632 0.1810916
3.119734 0.1817611
3.46748 0.1725184
5.011761 0.4361783
3.158438 0.3639289
3.103966 0.2412184
3.716356 0.3100614
3.487325 0.219577
2.611017 0.4694322
2.719082 0.3345402
2.945999 0.4647284
2.749869 0.3996949
2.969117 0.3844271
3.012106 0.4517327
3.140855 0.3916984
3.613463 0.2318604
3.005623 0.4422581
3.042751 0.3388309
3.154951 0.3282888
3.2272 0.2156773
3.74072 0.2986212
2.914912 0.09180774
3.086818 0.4746136
3.10176 0.2825394
2.444457 0.1585818
2.797979 0.2405652
2.821321 0.2418096
2.963635 0.2004157
2.79628 0.1669473
2.900361 0.2581668
2.4055 0.4898992
2.977484 0.2073962
2.501381 0.4425504
2.870377 0.1234109
3.051625 0.4211795
2.643546 0.06159258
3.430792 0.2583452
3.115504 0.390368
3.837034 0.2495761
3.667985 0.03758972
5.642587 0.3170265
3.741129 0.1278097
3.572401 0.2338901
3.407273 0.07313925
3.624808 0.06216907
2.800497 0.3728706
3.793174 0.1940885
3.37856 0.384657
3.015605 0.243489
3.618479 0.2702946
3.007376 0.2835374
3.403574 0.3586469
3.352879 0.2205691
3.639049 0.2469356
2.919439 0.4283644
3.458581 0.2968134
4.157516 0.4297306
4.037642 0.334224
3.557482 0.2045157
3.925306 0.3844292
4.16989 0.02608846
3.20797 0.3903432
3.475407 0.1977765
3.774486 0.1804263
4.095194 0.2590549
4.422173 0.4511054
3.453327 0.3126272
3.126415 0.3796464
2.822208 0.4607832
2.985831 0.1990161
2.767198 0.2979237
4.135727 0.3506906
2.960228 0.4345409
2.650277 0.3561923
3.314955 0.3994605
3.910267 0.4107081
3.29578 0.174215
2.847648 0.4613019
3.088513 0.1828694
3.940697 0.468723
5.28929 0.08186044
4.049238 0.2488839
3.703232 0.1186532
4.067275 0.1430814
3.792807 0.4931507
3.75742 0.154303
3.565338 0.1529939
2.860229 0.1638911
2.821368 0.2108102
2.603059 0.3358882
2.975042 0.2219957
3.434357 0.08174377
4.544393 0.2485304
3.865045 0.08198565
5.278232 0.4200957
4.036963 0.4078261
3.552902 0.3793644
4.010904 0.3035845
3.686506 0.3049672
4.029261 0.1281462
3.017489 0.1404985
5.551435 0.4053321
2.664619 0.2069385
3.461155 0.2743804
2.782662 0.4515113
3.302537 0.3381651
2.756706 0.1423148
3.293191 0.3950507
3.908591 0.3416876
3.293101 0.3913522
3.153968 0.3553572
3.489427 0.468919
4.025988 0.3043724
3.838911 0.2962364
2.801369 0.387357
3.025235 0.4458242
3.345737 0.08685995
3.215351 0.2315354
3.309837 0.2561358
2.881059 0.350789
3.228837 0.1203343
4.736855 0.1851391
3.683427 0.07577754
3.432437 0.08195193
3.337754 0.4655141
3.211531 0.06851218
3.248222 0.184666
2.513327 0.4289543
3.047022 0.196395
3.936912 0.4277864
3.121663 0.2618467
3.694688 0.4993307
4.122482 0.3660348
3.397837 0.3007482
2.871428 0.1890477
3.131567 0.4201442
2.640346 0.4644551
3.248385 0.4739904
3.163434 0.4045783
2.439968 0.1765727
3.1039 0.4238063
3.586676 0.1042879
3.115073 0.2979686
3.710351 0.1589104
3.549652 0.4365558
3.933816 0.1219987
3.323313 0.472315
3.289652 0.1978583
2.949347 0.1403088
2.862435 0.4894591
3.982305 0.4238525
4.028576 0.474775
2.98335 0.2958892
3.566822 0.1436628
3.666751 0.4427103
2.818285 0.2701178
2.852569 0.2901723
2.975373 0.3678266
2.966283 0.3732575
2.974986 0.4565038
4.074033 0.4724891
3.010556 0.3955393
3.503313 0.328061
3.20006 0.03600011
4.02355 0.4510035
3.958445 0.1653467
6.036417 0.04463455
4.382463 0.366998
3.830861 0.04816107
4.54577 0.2335536
6.897186 0.1352872
3.132147 0.2597869
4.82659 0.1302051
4.027559 0.426765
3.396452 0.4692753
4.305986 0.4407107
3.570834 0.4064932
5.185853 0.4906111
3.157531 0.4024984
3.650743 0.05663277
3.915481 0.2996847
3.536867 0.2352753
3.621843 0.2152037
3.661328 0.451581
3.455322 0.3132826
4.486651 0.1294163
4.487517 0.390447
4.922849 0.1024161
4.088737 0.116018
3.612098 0.4716461
3.725842 0.1707311
3.0707 0.08421523
2.987252 0.4899445
2.864469 0.1757087
2.993046 0.2866452
2.926014 0.4982002
3.185401 0.1298868
2.696496 0.1985454
2.933065 0.4452556
3.429561 0.2799651
4.184479 0.08642628
3.031923 0.4442306
3.315964 0.2133647
3.156497 0.3545034
3.118965 0.1390033
4.003059 0.05004005
2.960792 0.4613843
3.53474 0.3375302
3.024616 0.3909378
3.070311 0.2917507
2.766274 0.3930003
3.191575 0.2882598
3.346407 0.4883145
3.973894 0.4043163
3.510279 0.1292566
2.983997 0.2790023
2.783378 0.09197259
2.996214 0.3187514
2.818084 0.4682964
2.363127 0.3982898
3.079506 0.3107785
3.308398 0.3837946
3.362967 0.4592027
2.579906 0.2608163
3.460272 0.2870862
3.026744 0.4612338
3.083964 0.4852185
3.121613 0.1204245
2.802374 0.1816848
3.527726 0.02195206
2.696868 0.08352946
2.976705 0.1053408
3.144423 0.09727763
3.529054 0.1061715
3.37456 0.3605215
3.703825 0.2696622
2.680032 0.3265745
3.191062 0.4128254
3.896269 0.2274271
3.713238 0.4966821
3.325475 0.400169
3.602281 0.06064483
3.564954 0.3688741
3.042215 0.1431357
3.293035 0.369478
3.798916 0.4084473
3.189913 0.1156406
3.20231 0.2508814
3.311979 0.2327905
3.530546 0.401856
3.358373 0.1081445
3.65929 0.1815804
3.234317 0.2527514
3.184616 0.3410888
3.561165 0.2001251
3.204096 0.0873905
3.392809 0.247449
3.603894 0.3241113
3.795964 0.1032936
3.252968 0.4101805
2.828399 0.2628505
2.903685 0.2790763
2.960653 0.4740728
2.950913 0.4512422
3.013627 0.3780568
3.126486 0.3430218
3.176539 0.314022
4.103435 0.2317452
2.875957 0.3274683
2.961372 0.3305514
3.167038 0.3398745
2.877192 0.3621806
2.565637 0.2639761
2.991705 0.4621571
3.111525 0.4614617
3.235194 0.09839503
3.483181 0.2037005
3.718926 0.3807253
2.598404 0.2883223
2.767716 0.3265226
2.788193 0.23181
3.130392 0.07248597
2.930595 0.2673583
3.053808 0.4810519
3.077251 0.2350292
3.508735 0.4716298
2.833439 0.475419
2.651672 0.4190735
2.948273 0.344302
2.851901 0.2731322
3.395043 0.453611
2.917521 0.4994021
3.419496 0.4446526
3.626873 0.2575117
2.977162 0.08132536
2.733152 0.450874
3.356212 0.3284769
2.883977 0.2581313
3.159907 0.3168394
3.35117 0.1639526
3.753887 0.4016265
3.997769 0.3368298
3.731695 0.3736834
5.170306 0.2155685
3.899098 0.4800244
3.027955 0.3725751
2.832029 0.3365471
2.68304 0.4166368
3.568082 0.04974084
2.889561 0.3696903
3.184212 0.3714688
3.310433 0.1802866
4.148098 0.1852325
3.291971 0.4193638
4.014235 0.2981407
6.846481 0.1312299
3.196511 0.4632249
3.363757 0.4761641
4.704454 0.4694294
3.359239 0.357529
3.376195 0.398702
3.641154 0.3996183
2.905408 0.2835463
3.456847 0.3911549
3.620103 0.1599284
3.349046 0.4918217
4.183999 0.04757296
3.534256 0.4946177
3.798245 0.3273474
3.816444 0.1902926
3.787336 0.1973891
3.374758 0.4578605
3.62012 0.4951469
3.193402 0.4389037
3.018133 0.3611595
3.447406 0.3015147
3.884586 0.4219185
3.277765 0.2191004
3.134516 0.1789008
3.046796 0.2623459
3.275199 0.2587182
3.68424 0.2717308
4.134787 0.3909326
4.020466 0.1482946
3.72913 0.2715976
2.388781 0.4103394
3.073043 0.3762649
3.35054 0.3620508
2.737966 0.3186646
2.984325 0.1805605
3.770637 0.3607638
3.231909 0.4011755
3.005242 0.2862137
3.287012 0.3911663
3.46544 0.2287461
2.906168 0.1598585
3.340348 0.3386942
2.546425 0.4878482
3.656243 0.474294
3.19104 0.2329761
3.495202 0.4310763
3.638608 0.3321642
3.323708 0.1364168
4.836198 0.3958926
4.124395 0.1327222
4.128725 0.3508626
3.964156 0.4835563
3.328212 0.4863944
3.753905 0.2273091
3.775643 0.4967524
2.873752 0.2655149
3.197991 0.2828793
3.238793 0.1069494
3.435599 0.06386007
2.869651 0.1593571
3.085555 0.2478208
3.308483 0.2512592
2.88757 0.1960355
3.287942 0.4649599
3.475008 0.1647465
3.139052 0.1958761
4.035213 0.3075493
2.851123 0.4019403
3.405751 0.1483365
3.321641 0.3968885
3.790623 0.3298383
3.766353 0.07102227
3.806007 0.2319705
3.344076 0.2939477
3.009324 0.4843155
3.477378 0.3693865
4.206089 0.1707804
3.036587 0.2932862
3.28434 0.09016663
3.054 0.08832074
2.891021 0.4756091
3.257419 0.03438525
2.865648 0.3063276
2.91442 0.2972847
3.10901 0.3307853
2.978808 0.3538294
3.354556 0.06053302
3.171347 0.309634
3.655421 0.05523392
3.429723 0.4217107
3.361215 0.466512
3.370795 0.4280005
3.392885 0.4804552
2.85196 0.3840344
2.986058 0.4833384
3.450987 0.2522087
3.363019 0.4331358
2.950486 0.2815937
2.93474 0.1691802
2.9539 0.4555961
2.803128 0.4815691
4.035982 0.4092594
3.322595 0.1396807
3.142673 0.03814153
3.273492 0.3981391
3.716544 0.1989522
4.213861 0.1433335
3.366742 0.07029437
2.853884 0.3905201
2.723106 0.09225031
3.647696 0.1665813
3.28652 0.1029833
3.258237 0.357979
3.463923 0.03398105
4.499235 0.1044196
3.498696 0.1791725
3.553246 0.2164847
4.072192 0.05866032
3.235421 0.3475926
3.410589 0.07585185
2.922475 0.2019612
3.174644 0.1541656
4.00843 0.1413894
3.085039 0.09142826
3.470826 0.2889014
2.907837 0.4667455
2.851073 0.1407123
2.684858 0.2746355
2.903457 0.4655282
2.877043 0.2956798
3.102725 0.3714462
3.290136 0.1109794
3.02179 0.3433238
3.237536 0.3977503
3.287819 0.2492153
2.825796 0.07544097
3.693745 0.3353924
3.760519 0.37676
3.766788 0.3283157
2.906824 0.3651581
3.330538 0.1060278
2.950261 0.1887795
3.749336 0.2211561
2.990898 0.3752617
3.147862 0.2545209
2.860082 0.1169623
2.392415 0.3901578
2.893768 0.1053185
2.873269 0.05633582
2.709025 0.1584959
2.466403 0.1947808
3.649591 0.3435729
2.562195 0.2120882
3.283946 0.03001669
3.466791 0.4914109
2.91191 0.3604286
3.087525 0.4587484
3.187612 0.4517872
3.353027 0.1755959
2.943369 0.3100635
3.632687 0.3362744
3.300578 0.2512107
2.777576 0.4191781
3.072563 0.1682639
3.682457 0.2902506
4.198048 0.3189984
3.292301 0.4416014
3.717669 0.4455917
3.235423 0.4389656
3.78361 0.4511522
4.480509 0.0772357
3.630059 0.3981756
3.632691 0.2590288
2.845404 0.2949097
3.136239 0.2181482
3.465021 0.3305047
3.905391 0.243539
3.636249 0.1904323
3.725923 0.2741522
3.768171 0.4577063
4.119554 0.4777169
3.389247 0.02962716
3.966483 0.1935971
3.958046 0.3884477
3.563231 0.4067583
3.14074 0.09150776
2.951184 0.4839385
3.06313 0.3732822
2.555659 0.4400565
2.722818 0.2004733
3.168203 0.09179241
2.797871 0.4977959
3.114707 0.2599172
3.39645 0.1555564
2.804419 0.3379425
4.875393 0.3952733
3.541211 0.1905009
3.024863 0.3321978
3.65149 0.2757214
3.111773 0.306417
2.683964 0.4320136
2.963753 0.3477189
2.935489 0.2231622
2.571357 0.3469882
3.786886 0.09367386
3.033169 0.3057373
2.378556 0.2602396
3.319965 0.09741339
3.064501 0.2565981
3.148853 0.3442078
3.336264 0.4591804
2.605327 0.09163822
3.450296 0.1167982
2.767312 0.3164225
2.702359 0.1609419
3.123558 0.1899084
2.864589 0.4387435
3.704399 0.08159548
3.743637 0.1937607
2.670004 0.4798234
3.035557 0.4363669
3.504754 0.3090879
2.883308 0.4858042
2.57869 0.2448769
2.748773 0.4774996
2.290731 0.2328838
2.60638 0.2148597
2.86149 0.3379048
2.761666 0.2783803
2.866521 0.3159616
2.405321 0.3264942
2.741084 0.2688719
2.968232 0.3847775
3.031727 0.4269384
2.631656 0.3191533
3.467437 0.4529771
3.064822 0.1015734
3.259832 0.258872
3.385889 0.2323116
4.056559 0.1768069
3.113142 0.2566945
2.722965 0.08881687
3.73587 0.05022728
3.498148 0.4847304
3.1692 0.4201782
3.586552 0.2324942
3.206382 0.440033
3.373776 0.3979969
2.937088 0.2339791
3.564115 0.2563505
2.781944 0.385035
2.910622 0.2831165
4.291104 0.2059742
3.591842 0.3257482
4.166838 0.07020517
3.478237 0.4285981
3.630192 0.09629421
3.445638 0.3676557
3.204198 0.3507872
3.774821 0.2990882
3.159589 0.3915356
4.02984 0.1369468
3.259582 0.2120767
4.3082 0.2002157
3.258612 0.1305529
2.738304 0.1987439
3.149077 0.4058402
3.739139 0.2272992
3.362557 0.2920863
2.433373 0.3119904
3.684564 0.3139528
2.748469 0.1606028
3.421212 0.06125771
3.231792 0.2566311
3.482352 0.05828926
2.993735 0.06451704
3.482685 0.2839663
3.125736 0.02924952
3.684922 0.3060722
3.635787 0.3348652
3.350452 0.4883501
3.200119 0.4235673
3.592209 0.08243278
3.498739 0.4493463
3.097025 0.2154164
3.961024 0.4093447
2.89041 0.408948
2.811501 0.2102139
3.551528 0.2684897
4.24493 0.2287297
4.071468 0.3475597
3.726613 0.3694806
3.485577 0.3581928
3.449516 0.4379875
3.865583 0.2260458
4.151127 0.1980887
3.948397 0.1905468
5.543659 0.0285531
4.798872 0.2982946
3.815706 0.3490067
4.236509 0.2624565
4.085533 0.08447483
2.77003 0.449931
3.399838 0.2250546
3.501891 0.1667168
3.561549 0.383542
3.667975 0.1635079
3.405417 0.3721535
3.233396 0.3116011
2.947907 0.2203989
3.233363 0.4364273
2.731308 0.3717047
3.044749 0.4005154
3.140641 0.367862
3.309853 0.183043
2.77174 0.456364
3.165855 0.2825605
3.172345 0.3343624
3.011009 0.2525922
3.632309 0.1435005
3.571752 0.2045023
3.360332 0.4643569
3.626746 0.4445718
3.17161 0.2250104
2.819385 0.3943303
3.132948 0.249782
2.909985 0.1064635
2.905997 0.4592419
2.69877 0.4830696
2.434059 0.3103907
3.154091 0.03518431
3.164645 0.3543155
3.570762 0.3550874
3.093136 0.3062994
3.08672 0.1712881
3.772515 0.47307
3.557353 0.2269203
3.720724 0.490927
3.638394 0.3721035
3.115337 0.240077
3.393631 0.03226061
3.194794 0.07674273
3.363391 0.4810401
3.095283 0.4123189
3.156974 0.2884825
2.825542 0.4686325
3.630518 0.3097306
3.874739 0.2334855
4.10717 0.3029173
3.255606 0.4069212
2.929536 0.3238283
3.132461 0.2968415
4.043407 0.2408485
3.311865 0.1751726
3.350828 0.1837414
3.635785 0.1732996
3.653502 0.03082286
2.865398 0.4488819
3.39987 0.1971444
3.632805 0.4710634
2.703233 0.3863074
3.160128 0.4036743
3.277657 0.3116614
3.300302 0.29895
2.927236 0.283054
2.924652 0.300166
2.585137 0.4329543
3.842385 0.391586
3.037849 0.0536276
3.109426 0.3680347
4.702505 0.2172226
3.030537 0.3963547
3.115712 0.2940162
3.22854 0.36345
3.786547 0.3899836
2.856652 0.378035
3.330339 0.2251014
3.879087 0.3678963
3.113452 0.1387491
3.162474 0.3912944
2.865013 0.2134325
2.943186 0.106287
3.026791 0.1687917
3.201858 0.02737379
3.08628 0.3655972
2.751548 0.3552891
2.777707 0.1144221
2.889778 0.3098614
3.635956 0.1708895
2.673975 0.3527423
2.998329 0.04062369
2.776335 0.3008102
3.03936 0.2081181
2.285936 0.1369398
3.355905 0.4317883
3.599797 0.3497899
3.075178 0.1948772
2.660647 0.1004341
2.789664 0.1723707
3.149395 0.2039722
4.158195 0.08581448
4.189537 0.2961029
2.545663 0.47833
3.275525 0.2559982
2.679432 0.02616061
3.493101 0.2647258
2.980393 0.4181531
2.988708 0.2072051
2.286596 0.07970352
3.031815 0.3261487
3.310623 0.3145421
3.123209 0.3590344
3.356379 0.09602354
3.627763 0.2277672
3.774853 0.2649581
4.12798 0.2113107
3.616227 0.0836213
3.699921 0.4020717
3.850891 0.4534073
3.358713 0.03721646
4.825203 0.2766505
4.970575 0.4748269
5.449947 0.1707581
3.519574 0.3724151
3.868521 0.4654797
3.802539 0.4139728
3.547054 0.4152968
3.335716 0.2118345
3.501376 0.4753041
3.756213 0.3969404
3.514709 0.4256888
4.043129 0.2371534
3.42935 0.2696706
3.436604 0.194573
3.803742 0.2877179
3.808937 0.3284042
3.772044 0.4350583
3.371872 0.4922433
3.187996 0.3237571
3.091328 0.4927859
3.239399 0.3773184
3.100361 0.274109
2.921966 0.3946221
2.842096 0.134152
2.872665 0.1932497
3.738933 0.3573224
3.156107 0.08636949
2.912925 0.3646555
3.061043 0.2066681
2.549667 0.3614888
3.125155 0.2962153
3.229257 0.3581945
3.67666 0.2071876
3.065771 0.4603955
3.105452 0.4980775
3.38605 0.2466923
3.847588 0.3583024
3.214047 0.4221079
3.589714 0.4884041
2.696799 0.2537208
4.190371 0.3445394
3.259077 0.4945771
3.66199 0.4566128
3.980395 0.3785082
3.274873 0.4202083
2.88791 0.4975669
3.422494 0.334731
3.590249 0.3151032
3.056345 0.4158139
3.002512 0.445757
3.546817 0.2868518
3.119552 0.2310989
3.141702 0.2984137
3.772585 0.1560064
3.674026 0.3029581
3.72591 0.09145906
3.449337 0.3983648
3.166744 0.1837288
3.416334 0.3037663
3.387368 0.241806
3.291436 0.2351279
2.999016 0.294973
3.821225 0.4370051
3.859229 0.3771556
3.931764 0.3068242
3.344149 0.4549436
3.582912 0.2584479
3.323017 0.2955954
3.32166 0.2979155
3.21149 0.1381748
2.84272 0.3097701
3.167858 0.4684514
2.828121 0.4585883
3.095954 0.4904394
2.69322 0.3662107
2.600476 0.08428547
3.317994 0.2363703
3.201678 0.3639985
2.381488 0.08744066
2.536624 0.2588072
2.781065 0.407679
2.286441 0.3342331
2.884239 0.05244551
2.947736 0.3917803
2.932424 0.2638477
2.933521 0.3234446
3.21925 0.08198912
3.878093 0.1918811
2.71921 0.3415241
3.720461 0.09104182
3.130873 0.05942552
3.005526 0.21485
3.202822 0.02414035
3.605435 0.3496876
3.596816 0.4918093
3.779872 0.1396707
3.72464 0.2372836
3.080268 0.4235294
3.328363 0.2419636
2.81217 0.2135301
2.988445 0.4613282
3.011827 0.3800482
2.924213 0.4964256
2.790467 0.3293809
3.258337 0.2071631
3.599401 0.3622142
2.867204 0.4598112
3.233579 0.2661176
2.73332 0.4919528
3.442109 0.4586953
2.632616 0.3682149
3.0737 0.1775555
3.422581 0.4325707
2.958396 0.2667244
3.354929 0.1066373
2.678481 0.4544658
2.999199 0.3430197
3.040721 0.3372702
3.221779 0.2457893
3.076515 0.2633429
3.146178 0.4885996
3.193302 0.1483481
2.998716 0.4817717
3.088215 0.4390684
3.140084 0.3245787
2.659073 0.4958223
3.05815 0.1089443
3.394203 0.2043755
2.994309 0.3304102
2.738626 0.3611031
2.846997 0.3035405
3.338939 0.2527704
3.036561 0.3280588
3.109739 0.1851961
3.032907 0.350192
2.871436 0.2045129
2.82245 0.4500974
2.596837 0.1725383
4.485084 0.3599029
3.126637 0.3084786
2.869484 0.1138474
3.478743 0.4407434
2.923014 0.07191288
3.601455 0.137652
2.87458 0.1499239
3.577983 0.1841814
3.621492 0.3415679
3.743783 0.09399281
2.861992 0.2492594
3.907622 0.2101599
3.567546 0.2306956
2.97709 0.3728547
3.186468 0.3983417
2.964413 0.4284413
3.194035 0.4979878
3.048886 0.2196665
3.479571 0.4856633
3.040835 0.3156753
2.947746 0.05782339
2.853808 0.197813
2.72964 0.2583778
2.809269 0.07760489
2.844766 0.1486322
2.684129 0.2883768
3.473623 0.1086433
3.246919 0.4373541
3.231508 0.3516519
3.757286 0.3916245
2.801348 0.4079329
3.705016 0.3350517
3.717653 0.04833434
9.820585 0.08629586
3.742154 0.09849963
3.209001 0.2267055
3.51765 0.160341
3.685096 0.09413011
3.476981 0.2176184
3.458166 0.1536182
4.461645 0.1373115
3.734095 0.3772122
3.995741 0.09582249
2.87454 0.4330676
2.929045 0.4061802
2.832878 0.04101718
3.099936 0.3142411
3.391771 0.4031672
3.338314 0.4806519
2.679346 0.3337347
3.338787 0.1452878
3.788775 0.4386751
4.841719 0.4472019
4.659294 0.1787503
2.807143 0.2240741
3.366443 0.2576577
2.988567 0.4345853
3.598147 0.348375
5.910676 0.159992
2.903318 0.3861627
3.189037 0.3494951
3.534298 0.1132265
2.758257 0.2732364
3.607177 0.3559624
3.540855 0.4424764
3.059429 0.04436068
2.526228 0.2459523
2.665844 0.3538415
3.097235 0.4357533
2.689475 0.05570935
2.862115 0.09344381
2.621575 0.240988
3.002296 0.1214764
2.975265 0.494234
2.798461 0.08047912
2.473146 0.2666323
3.175948 0.3208954
2.775178 0.265707
3.202112 0.245177
3.494569 0.122591
3.800169 0.266648
5.086926 0.07148225
4.002849 0.2360009
4.050025 0.1711048
3.752079 0.1424815
4.227086 0.1294541
4.07436 0.4139751
5.663568 0.3839066
3.565879 0.3303711
4.076498 0.2694557
5.160454 0.271268
12.46967 0.3019507
3.826125 0.3018271
3.153322 0.3732178
3.76131 0.2421707
4.809649 0.4140826
3.083779 0.3688952
3.497775 0.3707058
3.294389 0.1087603
3.290656 0.3570181
3.024631 0.1628345
2.836476 0.1014966
3.701998 0.1485461
3.217073 0.1051775
3.079862 0.3490297
3.09222 0.06080011
3.117522 0.1262089
3.426721 0.3117879
3.726373 0.1636606
3.707375 0.212618
2.954223 0.2895055
4.598392 0.3331268
3.760212 0.301425
3.405826 0.4117761
3.484403 0.4817861
3.2164 0.27976
4.287238 0.1358851
3.813894 0.2798421
3.603817 0.4934109
3.071816 0.3085073
2.663823 0.4265132
3.783759 0.268116
2.725149 0.4961851
3.429181 0.134097
3.714933 0.2803301
3.119015 0.2060468
3.335853 0.4552745
2.692606 0.2295129
2.495454 0.4273366
3.18146 0.2814249
4.146168 0.3473891
3.469004 0.4920944
2.600466 0.1844033
3.00782 0.3836733
3.7794 0.07618481
3.181291 0.1943649
2.93871 0.4369052
2.981106 0.2134761
3.312844 0.2290016
3.367927 0.3457497
2.944739 0.4408496
3.493538 0.2187877
2.877622 0.09822202
2.97131 0.3122927
2.494077 0.2758838
2.857268 0.320365
4.299049 0.3124011
3.320001 0.3967714
4.468519 0.268722
3.690709 0.4244005
3.345275 0.4707301
4.090561 0.0553695
3.101055 0.1190815
3.703382 0.2595523
3.228006 0.1813872
2.873093 0.2345758
3.852473 0.2781448
2.840676 0.3321826
3.162626 0.3597152
2.505637 0.1900375
3.875809 0.1689083
3.119427 0.241072
4.341407 0.4647256
3.738525 0.1124852
3.918245 0.08731744
3.521536 0.1401193
3.146166 0.4784817
3.595512 0.1586863
3.718256 0.3627734
3.45983 0.166751
3.568265 0.2461734
2.89608 0.2944112
3.243939 0.08483857
3.469403 0.2157424
3.39472 0.2287107
3.299282 0.4534426
2.997718 0.2458316
3.06881 0.252765
2.990406 0.08770111
3.111 0.262921
3.033728 0.4098261
2.702755 0.4814361
3.261668 0.228134
3.266089 0.1775227
3.305461 0.342057
2.886515 0.3921147
3.200439 0.31294
2.649836 0.3584644
3.59386 0.2722467
2.690285 0.09051975
3.335888 0.06589164
3.105891 0.2803898
2.863024 0.03807822
2.763232 0.1179106
2.792255 0.1126968
2.488355 0.2545833
2.926549 0.1852187
3.303131 0.4321986
4.050056 0.1346689
2.991538 0.3756662
3.403913 0.2983692
3.358242 0.2448079
3.040768 0.2458138
3.0637 0.2624067
3.832039 0.218104
2.611108 0.3251279
2.687299 0.2880032
3.306722 0.3430609
2.766966 0.4957357
2.658654 0.4919229
2.610852 0.0900808
2.787836 0.4866819
2.732006 0.3567836
3.042082 0.1519729
2.848989 0.4534685
2.780024 0.06928772
2.779781 0.4001145
2.989707 0.08300177
2.567062 0.4435997
3.050759 0.07270721
3.609964 0.3191231
3.768887 0.42726
3.572404 0.4183404
3.173773 0.3104882
3.006341 0.2740497
4.641371 0.04167495
5.725234 0.4964841
4.337223 0.3066065
3.572212 0.4262182
4.596321 0.1606744
4.097859 0.2309483
3.545468 0.4010896
3.486601 0.2053596
4.239962 0.3049986
3.016175 0.2347357
3.154116 0.4643022
2.784337 0.06019873
3.061702 0.2592025
3.087807 0.2309117
3.415237 0.1645794
3.139161 0.215238
3.777478 0.4119916
2.879131 0.115858
4.066562 0.05765438
3.522091 0.3402302
3.159614 0.4884003
3.724015 0.1201125
3.724211 0.3782787
4.195656 0.4957899
7.695984 0.2266449
3.094435 0.2174253
3.869558 0.3879998
3.32235 0.2461375
3.34338 0.4605185
4.081937 0.3012213
5.054788 0.07732909
3.378228 0.3672342
3.302404 0.109334
3.597679 0.2690644
3.60978 0.2901674
3.549449 0.3563265
4.052984 0.3737341
3.719199 0.4940802
3.277488 0.2809702
3.356004 0.0670956
2.802523 0.3751781
2.974211 0.0267663
3.070692 0.3835417
2.422703 0.0630138
3.553526 0.229271
3.030145 0.2691542
3.095523 0.3993957
3.70351 0.3859158
3.174396 0.4046071
2.858493 0.4157832
3.675806 0.3379719
3.243673 0.1157554
3.295728 0.3477701
3.449299 0.05278493
3.101052 0.4502201
3.156366 0.2607359
3.030586 0.1652346
3.323719 0.02309637
3.470058 0.3362863
3.321036 0.2123354
4.113226 0.1489545
4.349606 0.4689107
5.400924 0.1612846
4.09576 0.1530939
3.473617 0.4616544
4.703406 0.3025346
3.788566 0.2530608
3.005172 0.157069
4.038579 0.4695494
2.983942 0.1554902
3.62081 0.08225436
3.483138 0.05609748
3.609437 0.3297763
4.145521 0.07271554
3.186644 0.3016009
2.986188 0.306337
3.587868 0.3538903
3.390668 0.2853541
3.422244 0.250939
2.988864 0.4406622
2.88158 0.2211526
3.276454 0.1851019
3.227673 0.2948287
3.983218 0.3555221
3.230862 0.2394831
4.568067 0.3334171
2.833171 0.2467158
3.28328 0.1486043
3.071169 0.4651171
4.001856 0.04148441
3.082459 0.4953781
2.890245 0.3860245
3.304525 0.4047964
2.992354 0.2339035
3.591447 0.3505981
3.415624 0.07005753
3.864698 0.2010011
3.35665 0.1129642
3.571455 0.3617928
3.87256 0.3572558
3.760285 0.3972631
3.332161 0.350544
2.838219 0.1955954
3.834445 0.04299504
3.170699 0.09857635
3.263843 0.2652798
3.670193 0.1918162
3.036138 0.2844668
3.840975 0.06295483
3.206979 0.4896913
2.821561 0.370416
2.801944 0.4368822
3.136233 0.3662621
3.237333 0.189965
3.087725 0.3279497
3.823334 0.289669
3.276173 0.4536203
3.526112 0.4708146
3.36647 0.4923347
4.297415 0.3492853
3.821428 0.1230108
3.059164 0.3020836
4.120873 0.2859208
3.836814 0.3946313
2.843548 0.2056454
4.185059 0.02304519
3.364154 0.1418311
3.409918 0.1211362
2.836747 0.2573229
3.032233 0.3009833
4.058847 0.3000613
3.658804 0.08208627
3.198756 0.1382997
4.131424 0.4470101
3.662765 0.4973078
3.259008 0.3926181
3.108999 0.4455749
3.638032 0.2945911
2.715625 0.4255552
3.110686 0.2580533
3.710831 0.2653538
2.980076 0.1262923
3.444547 0.4819487
2.860554 0.3357129
3.494149 0.4536559
2.85507 0.305578
3.221693 0.2225418
3.223122 0.1484748
3.233134 0.2041824
3.760498 0.1450524
2.753532 0.4954699
3.225876 0.4517638
3.828237 0.4572194
4.296988 0.4334983
3.483723 0.2230374
3.424152 0.1790536
3.213321 0.4549759
2.82655 0.2004875
3.51029 0.4059311
3.706689 0.3923716
3.214626 0.1434278
3.849758 0.1861855
3.714153 0.3867395
6.245016 0.4084723
3.458756 0.2198338
3.078032 0.2095286
3.299165 0.4020902
3.483725 0.4247978
3.147453 0.08705047
3.80804 0.352918
3.220329 0.3352821
3.147822 0.4952811
4.581384 0.1373491
3.634694 0.158835
3.196323 0.2261471
3.324409 0.4418049
3.013571 0.4088877
2.936809 0.3683977
3.701546 0.4066447
3.15886 0.1257851
3.057201 0.3647439
3.800539 0.283923
3.630432 0.3698387
2.965053 0.457302
3.441678 0.4146069
3.367597 0.4841795
5.563473 0.1072573
3.314305 0.3231495
3.407056 0.439487
5.594102 0.2882891
3.37647 0.4081841
4.156461 0.4680174
4.096905 0.3945705
3.926082 0.4437288
4.164134 0.2295615
4.448632 0.3346842
3.140418 0.3170432
4.04407 0.1042574
3.019392 0.2739582
3.314839 0.3228166
3.950302 0.1688361
3.380958 0.4542919
3.594744 0.3618622
3.307374 0.4580685
4.55139 0.1641361
4.035106 0.2750655
3.538164 0.07375435
2.977513 0.4440709
2.646556 0.3824771
2.969526 0.06187772
3.451629 0.3825012
2.926434 0.3764497
2.669617 0.1093415
3.596924 0.3484286
3.114394 0.192891
2.720858 0.2855049
4.057243 0.3100175
3.273099 0.4191198
2.782816 0.4483708
3.185645 0.1306719
3.11824 0.3996364
3.32759 0.2524581
3.165396 0.4636609
2.885101 0.3422392
3.411735 0.4381411
3.348792 0.3916108
3.074698 0.1394173
3.472608 0.3993241
3.399162 0.1246492
4.707131 0.3443218
3.671792 0.4447202
3.939296 0.4168867
3.541017 0.4221666
4.626389 0.1988221
4.379818 0.2371012
3.260079 0.4759799
3.561967 0.4415363
3.148567 0.4334623
3.219937 0.2266185
3.604188 0.1787146
2.879197 0.3644459
3.251391 0.354081
3.982002 0.139916
3.238875 0.3038512
2.518119 0.4649549
3.82586 0.1174675
3.815346 0.4662547
3.444864 0.277039
3.114125 0.25073
3.443835 0.4970868
3.92696 0.2398419
3.513559 0.25333
2.842046 0.2662599
3.509301 0.0912162
7.032658 0.1561723
4.021976 0.4115385
4.341465 0.1618731
3.2113 0.1565711
2.99911 0.1034924
3.004121 0.1913776
3.681582 0.2710617
4.041324 0.1831277
3.378182 0.07452417
3.56561 0.1528969
3.473473 0.4823599
2.649359 0.1066908
3.581796 0.4083181
2.909204 0.301566
3.609877 0.4560407
3.529756 0.49709
3.394996 0.2606025
3.388195 0.4970076
3.825905 0.1035765
3.03399 0.3094299
3.215062 0.3309982
3.767214 0.3593946
3.551195 0.2298221
4.009702 0.4332242
3.100433 0.4007036
3.101448 0.3561239
3.019432 0.135536
3.907496 0.3182287
3.14043 0.1768695
3.010093 0.1164026
3.785586 0.3560226
4.673257 0.111235
7.89111 0.2612945
3.814324 0.07053393
3.401057 0.4361986
4.0088 0.02843292
3.01067 0.1423938
3.457087 0.2408333
3.531155 0.464317
4.077958 0.2745633
3.593773 0.06289549
3.167691 0.3929566
3.134534 0.4889897
3.155901 0.2523359
3.923311 0.403662
3.319775 0.4437623
3.43277 0.4132593
3.319512 0.4356475
3.855667 0.2484329
3.653287 0.2027876
3.980253 0.2739567
3.749445 0.426453
3.23882 0.1453464
2.923455 0.1627923
3.290744 0.3815329
3.133584 0.3424801
3.062654 0.4881427
3.234553 0.3394385
3.432974 0.2538928
3.251187 0.2559075
4.249471 0.3004967
3.556894 0.04524986
3.796809 0.1566379
3.478792 0.3695365
4.046266 0.1144502
4.427057 0.4838871
5.658191 0.1479053
3.720154 0.0839864
3.331572 0.0651353
3.415896 0.06881949
4.347712 0.35645
4.956319 0.185718
2.890556 0.4839495
3.162122 0.4452666
4.416036 0.3132768
3.072376 0.1046629
3.681524 0.4325095
3.286361 0.197309
2.748651 0.4968151
3.059088 0.3312554
3.915385 0.335279
5.843487 0.1274994
3.958703 0.2521798
3.381722 0.3717692
3.219548 0.4251116
3.034112 0.2884777
3.348649 0.2891098
3.497741 0.1517734
3.851988 0.1648979
3.020879 0.2067918
5.603405 0.1791514
3.244314 0.2045517
3.309993 0.1122887
3.828615 0.308182
4.579755 0.4218902
4.172156 0.09694358
4.084013 0.116768
3.575131 0.4611435
3.699838 0.1285337
2.705763 0.3729775
2.906715 0.1513451
3.172306 0.4634087
3.11557 0.06643677
3.481523 0.4534424
3.525137 0.1205613
3.473923 0.1802344
3.926712 0.4118347
3.373374 0.1918186
4.249592 0.363957
3.443923 0.374437
4.521456 0.372958
2.885205 0.4971986
2.546693 0.4734267
3.19181 0.1760708
2.753267 0.1426047
2.334732 0.2844741
2.907462 0.429454
2.610738 0.3807308
2.663155 0.2634562
2.655438 0.2781179
2.967695 0.3111027
3.109534 0.4115743
2.795214 0.1238812
2.827236 0.4752394
3.933831 0.3699231
3.070528 0.2081391
3.29843 0.4783947
3.077229 0.135826
2.690232 0.3792417
3.013291 0.3660414
2.87053 0.4277269
3.940459 0.1548349
4.116486 0.2164534
3.586198 0.3751341
3.047264 0.1410719
3.176307 0.3628931
3.544968 0.3115199
3.125871 0.4020271
3.618787 0.2689874
4.25243 0.2176544
3.746524 0.2936265
3.741217 0.4763784
4.033599 0.1072073
4.156129 0.4555867
3.399341 0.1606368
4.387634 0.1324346
3.780383 0.1168742
3.261071 0.4349777
3.088518 0.2072568
2.825852 0.3508114
3.776934 0.2900718
3.904038 0.1746791
3.467767 0.3940187
5.256246 0.1517101
4.414307 0.1512389
3.414861 0.06134245
2.993183 0.4997544
3.645495 0.3905501
3.615578 0.4709215
2.898167 0.4078197
5.281128 0.2808328
3.550675 0.3204856
3.422006 0.2444095
2.96507 0.3649219
3.133104 0.4839694
3.445007 0.2843491
3.014835 0.129494
2.819727 0.3145419
2.920401 0.06039354
2.875673 0.4942263
3.262402 0.3261487
2.694344 0.4404003
2.848633 0.2260362
3.215146 0.466573
2.616843 0.1466685
3.356861 0.2881864
2.852651 0.4452085
2.801475 0.4520072
3.051126 0.2639849
3.292043 0.1709211
3.523209 0.376668
3.00077 0.08307836
2.975585 0.08691866
2.616592 0.346492
2.584 0.1911692
4.015079 0.3200418
3.438907 0.4003531
2.834672 0.05678771
3.082665 0.1038884
3.115762 0.2207129
2.736154 0.4465514
3.271253 0.1655517
2.956239 0.1708205
2.72269 0.228866
3.338232 0.1167281
4.183777 0.1015552
3.816995 0.1548975
3.186505 0.1786285
3.970118 0.1633177
4.060359 0.1122099
3.819118 0.08011451
3.456534 0.3720064
3.611223 0.3983296
3.628263 0.2202296
3.859778 0.4533681
3.472445 0.4573657
4.284046 0.3289146
3.563558 0.09744532
2.822394 0.3267511
3.276198 0.07621326
2.822903 0.4578397
2.968851 0.1865689
2.8339 0.2765928
3.574809 0.1021579
2.963019 0.3352159
3.217415 0.4948082
2.896496 0.4219603
3.000607 0.4293765
2.480542 0.440895
2.926946 0.4279671
2.895482 0.08741587
3.534153 0.3165625
3.868106 0.0986575
3.164607 0.4146508
3.1715 0.07404714
3.403839 0.3951261
3.117185 0.2253728
2.531971 0.4449768
3.592233 0.2627548
3.369792 0.0788401
4.557767 0.3418265
2.920496 0.1317355
3.190319 0.08218898
3.290358 0.1732468
2.849413 0.2168026
2.941 0.3200935
2.95632 0.2146591
3.552845 0.1173334
3.109685 0.4741013
2.778962 0.127473
3.296621 0.06433516
2.770529 0.1898285
2.907132 0.2907582
3.166762 0.4889322
3.292479 0.1910609
3.278617 0.3218178
3.181986 0.3424303
3.125109 0.2454797
2.888728 0.4209539
2.927091 0.1942214
2.678085 0.3724326
2.694176 0.4565448
2.238925 0.3254537
2.820881 0.06504287
2.674001 0.3232844
3.186187 0.08372608
2.633747 0.2616249
3.406591 0.4962529
3.415346 0.370681
3.985408 0.2804523
2.817635 0.3552477
2.773751 0.3052795
2.451358 0.1676248
2.706497 0.2926731
3.077353 0.106848
3.121719 0.4128849
2.642749 0.4393332
2.997829 0.3639338
2.944101 0.2863115
2.554625 0.1825235
2.454562 0.3040265
2.517222 0.1195138
3.079433 0.1111393
2.903295 0.4023944
2.879582 0.3285439
2.560607 0.4256122
2.957947 0.1164325
2.550092 0.2123073
3.898895 0.1180919
3.393085 0.2820883
3.611676 0.1524264
3.83965 0.2241138
4.089791 0.3060378
3.954579 0.3538223
3.293856 0.2886444
4.047248 0.05736554
3.88509 0.41411
3.97441 0.3033591
3.483959 0.2489974
3.276659 0.4013022
3.231287 0.3798683
2.476782 0.2591784
3.013675 0.4467436
2.939479 0.440539
2.706353 0.09228686
2.822852 0.3538849
3.649093 0.3780202
2.742169 0.3458046
3.114189 0.4057921
3.287919 0.4511968
3.362851 0.2429564
3.298238 0.2226631
3.582595 0.3051941
3.209859 0.4680242
3.147345 0.03225155
3.048758 0.3057222
2.963045 0.112225
3.617897 0.2530243
2.721693 0.4250286
3.334076 0.2719265
4.191481 0.3026486
3.961427 0.1955705
3.144854 0.3016898
2.637139 0.1632064
3.637299 0.2411565
4.225837 0.2948251
2.696588 0.4670406
3.263441 0.07814295
3.349154 0.4703465
2.629636 0.33016
3.36136 0.1702149
2.682127 0.3647645
2.763896 0.4856192
2.789955 0.3601086
2.578399 0.2769233
2.731385 0.4103411
3.097534 0.3981162
2.846293 0.2667735
2.881103 0.4693373
2.252194 0.3360291
2.644113 0.4440347
3.944622 0.07843137
3.13828 0.2307676
3.08761 0.3375752
3.1172 0.4278197
2.778616 0.1458853
3.287097 0.4653216
3.54183 0.256587
3.219186 0.2285791
3.271079 0.07315067
2.847821 0.2609856
2.834061 0.09184173
3.038228 0.318154
3.035792 0.3372592
2.770223 0.339824
3.21015 0.4126728
3.130795 0.3328097
3.260538 0.4308999
2.554193 0.08149128
3.586509 0.3501361
3.207006 0.4155643
3.369284 0.09340732
3.283089 0.2928093
2.562797 0.3965724
2.879211 0.3104295
3.319832 0.05498546
3.341556 0.4960097
3.307946 0.1247773
3.162373 0.1683184
3.134701 0.204067
3.346222 0.211124
2.906801 0.4386601
2.843587 0.1598246
3.220885 0.02359527
2.697345 0.4832333
2.620755 0.4406082
3.152534 0.06868437
2.645836 0.4916028
2.99441 0.2071374
3.472525 0.3798112
3.117277 0.2409731
3.066363 0.3886328
2.751403 0.4840545
3.312003 0.1937439
3.052007 0.3077513
2.901506 0.1909931
2.89058 0.4607154
2.892307 0.1749138
3.479546 0.2377956
3.122141 0.08898713
3.467833 0.3113646
3.388503 0.4420522
3.760489 0.3916239
3.362308 0.2212128
5.713319 0.2465972
2.989645 0.4524951
3.201389 0.1040709
3.981301 0.05053278
3.550515 0.1597217
3.422629 0.09690525
3.006779 0.4857717
2.940747 0.3324629
3.387107 0.2249946
3.351292 0.1685164
2.982469 0.1582543
3.359786 0.4275699
3.490565 0.4382035
3.682892 0.2778067
3.546669 0.4680083
4.278192 0.09499166
3.141238 0.1620848
3.570566 0.4174551
3.218818 0.2348967
4.115857 0.1854408
3.382502 0.4388258
3.366727 0.2559502
5.09559 0.160997
3.283842 0.4134709
3.419831 0.2015101
3.548994 0.2119513
3.88402 0.2745934
4.860822 0.3826281
4.536818 0.1977001
4.414596 0.2763223
4.012148 0.1365685
4.48082 0.4651502
4.331295 0.1589435
4.056187 0.4071448
3.834919 0.3156523
2.879886 0.4470208
3.116448 0.4800236
2.984247 0.1451597
3.513623 0.332302
3.121149 0.06126562
2.95325 0.07091605
2.584261 0.3299166
2.926046 0.4795994
3.00588 0.2787988
3.450842 0.02696206
3.135915 0.0943482
3.105674 0.1895273
3.67945 0.1893547
3.8953 0.3051569
3.884174 0.4908988
3.028026 0.3388375
3.720719 0.2312334
3.806799 0.1025822
4.159646 0.4631848
3.4332 0.1640266
2.899125 0.1162865
3.005577 0.226605
3.235628 0.463941
3.295194 0.3102028
3.334196 0.1676351
4.124512 0.3247729
3.28966 0.3243125
4.212692 0.1262669
3.408208 0.397614
6.189201 0.3990509
3.879472 0.3340375
3.187559 0.2905465
3.725332 0.4429914
3.146059 0.3056485
3.649693 0.3335787
3.7471 0.1996737
6.434375 0.3090428
3.389977 0.2583384
3.549466 0.1776634
3.462943 0.3261407
3.545194 0.2427396
3.901085 0.4594565
2.968581 0.3565846
3.099881 0.2794228
2.848464 0.1350633
4.011188 0.4858012
3.584687 0.4679496
2.884687 0.484111
3.415235 0.4779442
3.130755 0.3461199
4.410529 0.3573864
3.703068 0.324565
3.703453 0.260124
3.215295 0.133331
3.300041 0.3602741
3.200554 0.2282084
3.566143 0.1659165
4.171386 0.3732045
3.023614 0.2331209
3.076364 0.3266914
3.544474 0.143215
2.654493 0.192081
3.600814 0.3776795
3.048732 0.1086131
3.172526 0.4883416
2.933259 0.124847
4.081267 0.4427076
3.229316 0.409743
3.352039 0.2904721
3.129191 0.3851697
3.273896 0.4808936
3.250751 0.466998
3.36344 0.2530321
4.085861 0.3890992
3.975688 0.3889369
3.553805 0.2544343
6.683245 0.4402371
3.600966 0.1720648
3.295167 0.4391177
3.25903 0.3502044
3.2476 0.4933253
3.191997 0.481204
3.253524 0.4421401
3.858707 0.4268717
3.049083 0.4640549
3.124227 0.1458196
4.909653 0.14391
3.627721 0.4330668
3.050943 0.2260613
3.182508 0.4883348
2.925862 0.2346395
2.989824 0.2182936
3.39363 0.2383995
3.477353 0.06238713
3.517461 0.4101899
3.158103 0.06183117
4.794024 0.3375544
3.149827 0.4892716
3.318239 0.3500356
3.868131 0.2866687
4.095073 0.4724441
3.486135 0.2885145
2.819483 0.3122001
4.389319 0.2324273
3.715141 0.4294789
3.249878 0.2283532
3.598977 0.116185
3.0959 0.2291935
3.301776 0.4804014
2.891684 0.4937482
2.841853 0.1849089
3.1624 0.252614
2.628462 0.1024842
3.347839 0.3215743
3.247958 0.4549027
3.664846 0.391195
3.796393 0.02685407
3.264522 0.3927031
2.909963 0.1385001
5.161525 0.3868124
4.003983 0.08757813
3.895753 0.1029997
3.414414 0.3677072
3.218518 0.0568785
3.159755 0.142063
4.051685 0.1440416
3.112421 0.4851684
3.667144 0.2500887
3.738105 0.08956954
3.00724 0.3717339
3.213469 0.4943954
2.965097 0.244115
3.59898 0.4308392
3.363762 0.1616861
3.570607 0.478181
3.293311 0.05101156
3.969225 0.4433061
4.761576 0.3764466
3.101788 0.3124246
3.34496 0.2337045
2.917819 0.4799533
2.962751 0.2971876
3.205 0.3323162
2.630393 0.307581
2.543214 0.3462618
3.492181 0.2253179
2.72792 0.1576178
2.626613 0.3682631
3.105017 0.4248198
2.60404 0.2588651
2.938479 0.3024072
3.484201 0.3652307
2.833531 0.3181244
2.976723 0.1086297
2.875999 0.2826388
3.065 0.08219247
2.90904 0.3758649
3.326978 0.3645026
3.465499 0.09976479
3.140998 0.04301911
3.323581 0.3393678
2.995321 0.3386058
2.629496 0.3961527
2.67332 0.397491
2.748501 0.2183424
2.822137 0.3106975
3.287666 0.1139479
3.660462 0.2132064
3.296259 0.1904308
4.549265 0.1677778
3.765414 0.4242223
4.27174 0.335039
3.342362 0.08660292
3.92853 0.1646534
3.221421 0.2579905
3.386136 0.1050192
3.475828 0.4849776
4.045009 0.1359882
4.067457 0.1243811
2.927137 0.3362487
3.667499 0.4898998
2.889433 0.2958795
2.630576 0.4003293
2.849555 0.4859825
3.772231 0.1127025
3.365603 0.2696275
3.403591 0.3418068
4.625712 0.05806062
3.009029 0.3915049
3.19926 0.1379751
3.114915 0.441315
2.854991 0.3691253
3.164215 0.4754248
3.225662 0.3803826
2.840782 0.4515872
2.721289 0.188654
3.081503 0.2970252
3.006952 0.2573247
3.613297 0.2637088
2.961497 0.2114034
2.923279 0.1261188
4.181391 0.1909027
3.062817 0.4682707
2.570847 0.4168039
2.962185 0.1595568
2.542851 0.1867552
2.611111 0.3091715
2.517505 0.1749698
2.79693 0.08373787
2.696898 0.09443784
2.344219 0.4036175
2.944074 0.1403551
3.071177 0.2919069
5.069277 0.3310018
3.284502 0.2720951
3.57277 0.4939848
3.56621 0.4410636
3.21651 0.2433606
3.310679 0.1723103
3.087593 0.3125052
3.342075 0.3395299
3.109562 0.2529941
2.948059 0.3009988
2.93709 0.2266021
3.25255 0.4008911
2.389238 0.4477724
2.470982 0.1175974
2.759637 0.3464717
2.678559 0.1630121
3.046864 0.1952481
2.522876 0.4276026
2.29092 0.3223226
2.374359 0.0867341
2.942606 0.3002464
2.643082 0.3053372
2.896466 0.3060734
2.376367 0.1765655
2.638627 0.2983495
3.578012 0.2291109
3.239414 0.2134114
3.909503 0.2874801
3.348171 0.2029503
3.413718 0.1322852
3.859296 0.4550674
3.612833 0.3009525
4.132856 0.2127167
2.9187 0.2698265
3.40433 0.2920913
3.338333 0.4861989
3.633557 0.06752368
3.305321 0.07032266
3.307182 0.3101176
3.082829 0.2075555
2.85569 0.3100085
3.2338 0.1428375
2.914696 0.1323067
3.192012 0.492399
3.125219 0.3120779
4.192267 0.4922671
2.728623 0.3919931
3.481724 0.2938484
2.574927 0.2589452
3.177983 0.2873221
3.117196 0.4889202
3.020571 0.2217196
3.560146 0.1696642
2.787555 0.3796783
2.611714 0.1768633
3.11899 0.2208173
3.289474 0.1503201
2.948177 0.1375794
3.536503 0.3826167
3.673046 0.4640204
2.990968 0.1809692
3.620923 0.399193
3.336408 0.08874504
3.102695 0.2962477
3.327722 0.1761397
2.913275 0.07080268
2.465843 0.429429
2.791419 0.4122277
2.608622 0.4049112
3.641515 0.261869
2.983817 0.4339833
2.811234 0.3921705
3.225934 0.101477
3.457363 0.3262962
3.229252 0.1814276
3.246016 0.09880597
2.94513 0.4653587
3.047434 0.4763534
3.115986 0.051533
2.877797 0.2495155
3.658605 0.473245
3.678566 0.1717114
3.004685 0.2212928
3.727091 0.3876745
2.944768 0.178549
4.697776 0.2538198
3.392015 0.3198935
3.270796 0.4252187
2.967297 0.3798837
3.149777 0.4187247
3.16953 0.212602
3.942672 0.2750917
3.901602 0.2061011
4.11613 0.4406959
3.247544 0.4790314
3.688208 0.4231274
3.225722 0.3194604
3.171142 0.191129
3.565199 0.05869133
2.765168 0.3651526
3.130767 0.3242406
3.273945 0.1582263
3.168038 0.3776497
3.619259 0.3931971
3.943002 0.2500652
2.624621 0.1805447
3.47655 0.4803297
3.920684 0.1076537
3.65076 0.4074487
2.9576 0.4245929
2.93394 0.3949248
3.293542 0.4448762
2.642595 0.2333537
3.20779 0.3283405
3.47047 0.1271498
3.537983 0.0936692
2.665501 0.2224552
3.916782 0.2154557
3.682886 0.3434812
3.508336 0.3079723
4.082564 0.4043738
3.160801 0.4733376
3.142811 0.201888
3.253132 0.1470156
3.482205 0.4226336
4.35793 0.3851259
5.549587 0.2506839
3.58554 0.1874247
4.151475 0.1054063
3.510691 0.2886443
3.047176 0.2568981
3.021218 0.2655251
2.586565 0.29766
2.938611 0.1047626
3.270605 0.2936216
4.084314 0.2170055
3.367635 0.2679741
3.737212 0.2363093
2.884827 0.1325683
3.248561 0.468137
3.812637 0.1457851
3.283995 0.3763776
2.939924 0.4046787
3.363866 0.1500894
2.965946 0.1586111
3.247614 0.143105
2.97506 0.4778659
3.007539 0.4362014
3.336214 0.2281511
3.249641 0.3174547
3.298197 0.08528696
3.660736 0.3220006
3.53303 0.1389905
4.101614 0.3045269
3.21098 0.2075866
3.978293 0.2726702
3.467998 0.2925214
4.018203 0.4479261
3.498143 0.2734692
2.73121 0.2506686
3.004274 0.3612576
3.417278 0.2283542
2.967276 0.3758975
3.875872 0.1668263
2.961823 0.2754409
3.002346 0.3460577
3.194972 0.2650454
2.951027 0.1674048
2.990631 0.1700199
3.324682 0.1810265
3.074704 0.4899346
3.433368 0.1796533
3.284029 0.04628933
2.946393 0.1225404
2.897555 0.3595807
2.937655 0.118581
3.37451 0.3467182
3.299793 0.4078546
4.226515 0.4630785
3.093659 0.4882881
3.552193 0.2594775
2.637044 0.2923082
2.701907 0.39916
2.635612 0.4215381
2.820313 0.08654156
3.718018 0.3981248
2.507745 0.3925659
2.594974 0.1159042
3.23323 0.3802014
2.819375 0.1821479
2.776695 0.2784857
3.270103 0.4600124
3.723748 0.241361
3.467023 0.4388927
4.243212 0.2307692
3.113242 0.08928092
2.994731 0.1762413
2.746488 0.4971719
3.804347 0.4865971
3.445108 0.4753695
2.909228 0.4312186
3.006971 0.1115953
3.243861 0.2167645
2.568542 0.1991911
2.550747 0.0754781
2.994326 0.3720653
3.950784 0.2752374
3.313398 0.09288602
3.404336 0.1031936
3.36125 0.106011
3.205141 0.240824
3.555817 0.2284842
3.664709 0.3332801
3.253948 0.2893386
2.87699 0.3735712
2.440376 0.1557889
3.391401 0.1185071
2.79877 0.1977645
3.050211 0.2863999
3.454113 0.3781344
3.554287 0.4587577
3.239589 0.4475359
3.275226 0.2946851
3.866993 0.1660156
3.436315 0.1980915
2.482003 0.371289
3.454456 0.3353784
2.720107 0.412206
3.719932 0.09466644
3.359017 0.3021276
3.57321 0.3652435
3.620813 0.4253608
3.387403 0.3918028
2.988813 0.3637123
3.198903 0.1623903
3.126624 0.3174814
3.248855 0.1602073
2.64773 0.3522985
2.498383 0.368742
3.244683 0.1816082
2.70319 0.109153
2.628379 0.3369477
3.608463 0.3659741
3.336203 0.1062127
3.160543 0.1814319
3.672284 0.3076063
4.11895 0.488308
3.148584 0.09980082
3.726649 0.4060806
3.565017 0.04356382
3.070132 0.3104092
3.595481 0.1750056
2.671816 0.4190256
3.348577 0.0471913
3.566972 0.2640338
4.574016 0.1017047
4.258977 0.412917
4.288948 0.2572044
3.010916 0.2023601
3.591306 0.03849984
3.978851 0.3655633
3.604125 0.226312
4.892875 0.1252934
3.803487 0.4133119
3.160892 0.1292867
4.018842 0.127771
4.004815 0.0499047
2.818414 0.4223917
3.306702 0.1455317
3.874357 0.470707
3.037398 0.1940959
3.254552 0.3211627
3.328258 0.3471633
2.627106 0.2465356
3.549522 0.08657585
4.137832 0.2040752
3.14853 0.3679925
2.78634 0.378779
3.490905 0.1051583
4.768651 0.3397733
3.323702 0.1105794
4.121093 0.3165199
5.714342 0.3420073
3.916249 0.4219257
4.160199 0.2843013
4.363272 0.3363044
3.297814 0.1880385
3.066018 0.3761393
3.884376 0.2881492
3.594613 0.1327784
3.292365 0.3848733
3.145351 0.4243252
3.034429 0.1751653
3.264299 0.4408634
2.778225 0.3221744
3.354128 0.07260566
3.050484 0.3172632
2.773413 0.1589687
2.865118 0.3589941
3.159863 0.2607535
2.968413 0.394951
2.621095 0.3159593
2.739001 0.2796911
3.76296 0.06320204
3.691931 0.09593116
3.099153 0.3545963
3.433322 0.07206571
3.574317 0.2023735
6.121607 0.3016084
8.463244 0.1456978
4.351613 0.3489212
5.35182 0.07649579
3.488199 0.3267249
4.365034 0.2660559
3.695592 0.3698437
2.564069 0.3358644
3.126643 0.0619835
3.084887 0.2655986
2.948731 0.4439113
3.513957 0.1183631
3.390166 0.1445164
3.425045 0.1135226
3.104975 0.2084692
3.489998 0.2574652
3.218986 0.07150823
2.816408 0.3747548
5.273637 0.1701023
4.274672 0.06740732
4.495342 0.4056122
3.378543 0.2703453
3.707681 0.3525079
3.389981 0.08881006
4.409039 0.2163329
3.487925 0.1273682
4.326952 0.1557461
6.35469 0.4175514
3.642255 0.3133572
3.778712 0.184665
3.113635 0.176981
3.284957 0.1952268
2.577139 0.4396425
2.477358 0.2262391
2.604288 0.4468477
2.94749 0.3391005
3.343193 0.100142
3.199825 0.2197656
3.530942 0.4763655
2.85022 0.4979254
3.389695 0.2318538
3.470134 0.08165319
3.087045 0.3688358
6.290982 0.3994977
3.526076 0.3266322
3.289989 0.4542679
4.839246 0.2505523
3.098658 0.1485834
3.856902 0.1060063
4.397288 0.2897872
3.31098 0.0891844
5.586932 0.4885238
3.428473 0.4299689
2.814934 0.4095089
3.015558 0.4476305
2.573796 0.1133992
2.877881 0.3795961
2.82969 0.2980259
2.210462 0.2083836
2.968393 0.117459
2.583291 0.4217805
3.141063 0.4433499
3.733237 0.138257
2.713187 0.3919877
2.448232 0.0844541
2.836047 0.2828705
2.827613 0.3584458
2.872849 0.2903862
2.954615 0.3639807
2.975985 0.2440823
3.084086 0.3504878
3.873241 0.2669463
3.748005 0.419733
3.5264 0.2228619
3.345689 0.3963402
3.257641 0.2473572
3.301116 0.2865002
3.345905 0.1564812
3.228569 0.1653436
3.347785 0.179538
3.177107 0.2029541
2.814787 0.2211683
2.989872 0.1120014
5.372578 0.1311754
3.431242 0.3291903
3.147934 0.1367131
3.207294 0.4502725
3.033291 0.3773165
2.839919 0.3786023
3.162783 0.2307587
3.381489 0.4088983
3.917318 0.3550203
3.089972 0.07988944
3.137908 0.4951607
3.123665 0.1435929
3.517654 0.1676224
4.071827 0.3268678
3.351464 0.1346246
3.18108 0.2206846
3.237024 0.3855952
3.445771 0.05682158
3.334184 0.3432523
4.715852 0.1725095
3.608423 0.3927283
3.170632 0.4387965
3.315167 0.3499775
3.079097 0.464211
3.709199 0.2270254
3.674824 0.06186308
3.19063 0.2227453
3.168607 0.1931956
2.418648 0.255039
2.780173 0.1254626
3.451462 0.2357235
3.925507 0.2360383
4.948121 0.2745583
3.278528 0.2418921
3.808755 0.4268006
3.036678 0.2872776
2.625457 0.4738261
4.939476 0.4829265
4.009076 0.3714667
3.776339 0.3414612
3.998353 0.3598063
2.961388 0.2632808
3.881421 0.08875034
3.085413 0.379843
4.979526 0.2239505
4.503176 0.3098728
4.135078 0.3105913
3.826598 0.2921254
3.517973 0.1435958
2.835112 0.4246889
3.232862 0.3321191
2.970715 0.2190513
3.152571 0.4270423
3.277828 0.4066632
3.483338 0.1780632
3.030036 0.4664845
2.783956 0.2279578
3.725913 0.1806065
4.194105 0.09791405
3.97225 0.08955047
3.772546 0.3525082
4.049065 0.3599722
3.421866 0.3631957
3.464681 0.2119703
3.456323 0.2479545
3.39223 0.3527131
3.215882 0.078204
3.334097 0.208486
2.911413 0.2841021
3.368829 0.4147182
2.930084 0.1153242
2.999684 0.2400946
2.921936 0.3018944
2.591002 0.3440321
3.151122 0.4595794
2.792477 0.4978397
3.137367 0.3417651
3.0548 0.349185
3.13461 0.1123478
3.228333 0.4910264
3.124778 0.3185787
3.317536 0.1621634
3.70594 0.06812631
3.043432 0.3562627
2.991858 0.3591591
3.605116 0.3246022
3.238353 0.2939068
3.505357 0.2447102
2.913573 0.3579082
3.001397 0.2738331
2.78394 0.3930167
3.132664 0.3968822
3.519358 0.3629367
3.076875 0.17275
4.023682 0.3118364
2.996194 0.3898746
3.757428 0.2896261
4.009526 0.08419399
3.818598 0.1845665
3.607077 0.1198425
3.509599 0.167431
3.233846 0.3934854
3.766378 0.2716435
3.142535 0.3322752
3.784339 0.274457
3.94288 0.4576495
3.692537 0.4244395
3.457975 0.4605778
3.355533 0.4780618
2.832316 0.1457757
2.698784 0.118395
2.736907 0.4863393
2.843134 0.4737015
3.309426 0.168942
4.134729 0.2427221
3.408482 0.2536002
3.643819 0.2666527
3.484686 0.3104654
5.595082 0.1778262
4.739973 0.1947399
3.100814 0.4369489
2.944749 0.3321507
2.727048 0.4410102
2.885799 0.4702262
3.135434 0.1254866
3.747775 0.339682
3.362268 0.2102826
3.413592 0.4678741
3.386207 0.4111535
3.171003 0.2226612
3.503748 0.06006824
4.228648 0.2148552
3.745051 0.07154811
3.814358 0.08928997
3.605012 0.1517966
4.648842 0.04587008
3.385201 0.3426047
3.690554 0.3618374
3.600089 0.0869345
3.654611 0.2494037
7.743706 0.3576368
4.649867 0.4025826
4.257855 0.4510989
3.940988 0.03803456
3.764829 0.3862405
4.492975 0.0977173
3.847535 0.3070291
2.725845 0.2547599
3.119724 0.358028
3.639715 0.4872562
3.68356 0.3305448
3.132432 0.3196791
2.776854 0.3925409
3.297867 0.07383127
2.914571 0.07122507
3.640278 0.3666386
3.415754 0.0582762
3.147897 0.2406924
3.413779 0.2334843
3.344113 0.3550931
3.168058 0.4212703
3.457572 0.1039585
3.528841 0.1552328
3.30753 0.2186981
3.844653 0.3161637
3.866239 0.3920109
3.522432 0.2303427
3.499197 0.1083084
3.767441 0.4817677
2.871813 0.286743
3.642681 0.1619765
3.08026 0.1476333
3.081841 0.3832192
3.199821 0.1556669
4.459216 0.04860219
4.106423 0.3648547
3.383066 0.3737374
4.070712 0.1863557
3.459595 0.1778101
3.416206 0.08361446
3.07086 0.2124709
2.941255 0.3119786
2.69035 0.4251536
3.123572 0.1190351
3.171739 0.0991531
3.233199 0.3248947
2.992414 0.1634808
2.939882 0.3256675
3.886911 0.2374026
3.550825 0.3489002
3.62619 0.470265
4.428526 0.07414936
5.864715 0.4297728
3.117791 0.4697797
3.210463 0.4173055
2.825123 0.2718009
2.869662 0.1481581
2.6109 0.4973066
3.112885 0.1927474
3.276472 0.4205813
3.210645 0.4046311
3.036149 0.1656765
3.720248 0.4025411
2.591676 0.3685501
2.868078 0.3567684
2.930714 0.2942575
3.543798 0.224252
3.190343 0.2516037
3.105451 0.2430439
3.181742 0.3429624
3.191813 0.2939561
3.159783 0.3651111
2.889516 0.3760773
4.228795 0.4567997
3.193193 0.2605349
3.877355 0.1563154
3.350005 0.2258812
3.354429 0.3342354
3.643619 0.1775323
2.849079 0.4343247
3.151561 0.4767047
2.854516 0.2543847
2.862652 0.4780172
3.113664 0.3119248
2.752551 0.3385687
2.433462 0.3017325
2.472651 0.4074968
2.642281 0.4661765
2.798657 0.2134963
3.503311 0.09839465
3.893559 0.2342847
3.495891 0.4827049
3.705163 0.1626757
3.758762 0.3403209
3.46904 0.4317044
3.125976 0.1331308
4.420751 0.1544481
2.835236 0.2521756
4.203134 0.4762499
3.392082 0.2093987
2.85971 0.1135186
2.811273 0.2486321
3.326026 0.2609484
2.422555 0.3106308
3.53475 0.1114447
4.263896 0.4771171
7.105639 0.2161998
4.556293 0.185908
2.874379 0.1939685
14.64019 0.05129278
3.685827 0.4890175
4.135432 0.2816267
3.622914 0.2970472
3.784905 0.08645494
3.956387 0.04175162
3.182878 0.1715725
3.065388 0.05843779
2.956238 0.1246754
2.743679 0.1869904
3.587683 0.3974886
3.02136 0.4240318
2.829066 0.4888445
3.407532 0.4880403
2.922998 0.2520425
3.146268 0.1868758
3.292671 0.07370223
3.771991 0.1266854
2.311095 0.3508499
2.997597 0.4167869
3.836405 0.2891034
2.859754 0.1679957
2.684329 0.216968
3.127697 0.2274441
2.940292 0.3845191
2.729258 0.4558216
3.625405 0.2653769
2.275812 0.2883844
2.963863 0.02636952
3.236805 0.263366
3.245195 0.4464757
3.767441 0.2321829
3.636623 0.09322826
3.284788 0.1601249
3.836273 0.2243805
3.87225 0.2791639
4.04915 0.3223995
5.208165 0.1025354
3.553084 0.4664179
3.707436 0.04559901
3.039016 0.468579
3.054368 0.3205012
3.845651 0.3306122
3.511395 0.02772423
3.326954 0.1939149
3.354394 0.490919
3.999949 0.4622298
3.145363 0.3181106
3.018846 0.4142984
3.318481 0.4410712
2.91709 0.359978
2.745656 0.4612196
3.307384 0.3433676
3.786072 0.2631591
3.913186 0.4511887
4.232876 0.3222328
3.354052 0.464575
3.381748 0.4639264
4.090086 0.04118503
3.303674 0.1707167
3.415427 0.06904465
3.622921 0.06559189
3.094065 0.09469907
3.256964 0.3779487
3.320571 0.08870093
3.074742 0.1295185
3.567265 0.2500267
3.507527 0.3981164
4.28856 0.1564997
3.656555 0.3336902
3.208688 0.2177438
2.862651 0.1342224
3.111186 0.29865
2.939408 0.4261376
2.752036 0.2979565
3.126385 0.04348559
3.2654 0.1541704
2.687039 0.4687098
2.8489 0.3964775
2.316122 0.2059693
2.900842 0.4451263
2.480168 0.2892046
3.108588 0.2076434
2.719786 0.2554939
2.578956 0.3765813
3.18386 0.2168097
2.850223 0.1120891
3.051466 0.2505315
2.5792 0.2461134
3.1404 0.4497818
3.16457 0.158953
3.05825 0.3466925
2.506528 0.2833652
3.365783 0.3686868
4.321735 0.2072942
3.455566 0.1401118
3.448023 0.4918886
3.183338 0.1661261
3.031931 0.365835
3.951479 0.2808551
4.030143 0.4996844
3.126555 0.06267196
2.95923 0.2300483
2.571724 0.4744824
3.47149 0.3614553
2.998787 0.2036792
3.422706 0.4125639
3.318443 0.3840651
2.713148 0.3431922
3.024811 0.3890151
2.587194 0.2311097
3.490945 0.3327489
2.940172 0.286576
3.091114 0.1983242
3.218005 0.4051122
3.096308 0.4101128
2.945615 0.3565255
2.954467 0.3733118
2.813992 0.4471668
3.249081 0.4626329
3.177031 0.3469021
2.546694 0.145024
2.733714 0.2697545
2.638977 0.1843585
3.057934 0.3384879
2.827593 0.0902097
3.140541 0.4670454
3.445546 0.1364977
2.634087 0.4670262
2.703055 0.1166828
3.198708 0.3550354
2.813322 0.1458598
2.885461 0.1240704
3.106328 0.2684245
2.930036 0.2476859
3.499776 0.2096681
2.931835 0.392973
2.808962 0.1580328
3.370941 0.3359919
3.716072 0.282211
3.113861 0.4163345
3.710917 0.1227301
3.327767 0.1392355
3.012403 0.30027
2.875204 0.136727
3.195514 0.05096767
3.032352 0.2492366
2.917909 0.4514117
3.228708 0.1395596
3.109829 0.3050358
2.990926 0.2024843
3.055306 0.1591429
3.75777 0.169848
3.128044 0.2184572
3.194123 0.3821823
3.205017 0.3248375
3.248433 0.2709977
2.692029 0.3263178
2.568396 0.3459842
2.631884 0.3394826
3.172749 0.2209474
2.715955 0.3167935
3.714984 0.2911776
3.417212 0.4693456
3.291235 0.2740499
2.993451 0.4191701
2.590425 0.2768909
3.053589 0.485857
2.505041 0.4134265
2.891653 0.4786595
3.010448 0.3918509
3.156467 0.07674939
2.530349 0.1926151
3.191125 0.3295331
2.732506 0.4604505
2.991912 0.473259
3.061967 0.1928659
3.440474 0.4624344
2.880589 0.3886928
2.80685 0.3435542
2.814252 0.413409
2.425336 0.3027637
2.703462 0.2545812
2.690192 0.3340128
2.695232 0.3363363
2.670823 0.1410609
3.401161 0.2215297
3.349711 0.4866678
4.037141 0.440265
4.148288 0.3786597
3.296904 0.4620252
3.2726 0.475205
4.011588 0.2524214
3.670577 0.1475913
3.035503 0.3354071
2.853698 0.2157747
3.542184 0.446119
3.09875 0.1342186
3.039581 0.06192646
3.266902 0.4662139
3.14233 0.4807495
2.85039 0.3792794
2.990434 0.4935261
2.611864 0.2057546
3.173541 0.3283855
2.692836 0.491682
3.132614 0.2251974
3.660897 0.2558377
3.306846 0.1845183
3.467948 0.3373751
3.071197 0.1591262
3.049599 0.282164
2.810335 0.3215637
3.442628 0.04081861
2.685415 0.4779971
3.919614 0.2898034
3.516327 0.3595751
3.153073 0.2233897
4.034861 0.03160593
2.927457 0.09654607
4.000695 0.3583792
4.13146 0.2946137
4.552642 0.3711796
2.862003 0.3811081
3.359778 0.3140646
3.317662 0.1861186
3.922474 0.3360702
2.989584 0.2928403
3.255846 0.1153872
3.29663 0.2495049
3.560246 0.4028174
3.340153 0.2367445
3.621923 0.2569013
3.079216 0.2109374
2.645811 0.4351603
2.996401 0.1333131
3.529402 0.3037808
2.850131 0.266741
3.733568 0.2247327
2.355569 0.3153967
3.461269 0.2624579
2.968248 0.4336458
2.861756 0.3101981
2.869545 0.3892265
3.176457 0.1065107
3.253434 0.3377524
4.245947 0.408841
3.51822 0.1140495
3.084377 0.247912
3.90085 0.1735617
2.931361 0.4799083
2.603984 0.468951
2.71478 0.2975153
3.037473 0.2327534
2.983266 0.3135199
2.670709 0.08617531
3.417552 0.1797978
3.702332 0.4784158
3.163117 0.03532801
2.833579 0.1109909
3.374249 0.1938321
3.689329 0.3228197
3.328102 0.1495185
2.790229 0.4149227
2.74467 0.3735151
2.788387 0.2446965
3.488461 0.4718605
3.888348 0.3600934
3.421749 0.2545723
2.945808 0.2045696
2.627199 0.4236169
2.806849 0.4899677
3.120846 0.3748189
3.176746 0.1900012
3.662328 0.4913915
3.152436 0.1284958
3.533586 0.2361938
3.308632 0.1369106
2.811638 0.06272986
3.24143 0.2332698
3.477268 0.2791352
3.28026 0.3237148
3.322971 0.3873768
3.680793 0.2280904
3.37079 0.4897189
3.140468 0.1627325
3.108707 0.2703066
3.104344 0.2059176
3.250309 0.4653392
2.71384 0.4123069
3.590672 0.204553
3.41878 0.1987833
3.335767 0.4570865
4.204062 0.1571017
3.782227 0.4515975
3.539723 0.2212282
4.456619 0.2182576
3.156196 0.3378769
3.802306 0.1024316
3.58776 0.3145953
3.413457 0.2542603
3.482483 0.2759903
3.3664 0.2713935
2.836952 0.3400505
3.766077 0.07365944
3.197473 0.2149903
4.014191 0.4238707
3.235425 0.2706774
3.301703 0.1647801
3.805046 0.433809
3.279162 0.4424667
3.521346 0.3528312
4.258692 0.3031539
3.70894 0.4011067
3.324791 0.3687041
3.35912 0.1488087
2.937589 0.4626518
3.180544 0.1171697
3.093276 0.2287403
3.232348 0.343507
3.010047 0.4750635
2.407055 0.2271283
3.54136 0.3447856
2.732691 0.4271837
2.993722 0.1380752
2.437738 0.2163749
2.907464 0.3996479
3.482566 0.1626764
3.132931 0.4001474
3.409846 0.1474202
3.4948 0.3995013
2.823761 0.2731837
3.697122 0.07239821
3.110395 0.3000959
3.536192 0.1914891
3.004552 0.3470864
2.859098 0.3643
2.88529 0.3376727
3.326662 0.09999116
3.439484 0.4412506
3.024326 0.484594
3.109147 0.4990388
3.250232 0.4967263
2.958426 0.3088215
3.854722 0.4885867
3.514954 0.1266627
3.882461 0.4653692
3.80657 0.4641415
3.45959 0.3599883
3.030115 0.02463776
2.468175 0.412473
3.009668 0.2852398
2.728725 0.3969562
3.37261 0.1475921
2.956589 0.1576493
3.118778 0.1582113
3.466082 0.1500044
3.082529 0.04592585
2.796351 0.227072
3.742722 0.4914494
5.834576 0.071896
5.777042 0.1392587
2.829242 0.124807
3.343892 0.410403
3.978837 0.4660645
5.636011 0.1642475
4.820329 0.3550084
4.864304 0.1685039
3.299984 0.4966763
4.189735 0.3166589
5.857349 0.4276129
3.450029 0.1581316
2.572005 0.228035
3.098923 0.474446
3.914239 0.335249
3.578542 0.2513523
3.418415 0.1025529
3.346498 0.1750023
2.708179 0.2208182
2.978375 0.3580977
3.103813 0.1052942
2.559178 0.1551838
3.182753 0.4080862
2.928474 0.1169645
2.978804 0.4569027
2.468851 0.1217417
2.444553 0.3997865
2.894307 0.2202861
2.854072 0.3371199
2.689799 0.2381097
3.008799 0.1823839
2.719393 0.1014257
2.942131 0.2718663
3.200876 0.3860272
5.582218 0.4828634
3.073791 0.3482788
4.40645 0.4575913
4.825853 0.0759069
4.286853 0.223777
4.451142 0.181012
3.69494 0.368124
3.239638 0.06996375
2.562158 0.4267049
2.949101 0.3318616
3.546522 0.2689483
2.823551 0.2604796
3.308816 0.3646321
3.445585 0.06204633
2.902149 0.2700499
2.717635 0.1559187
2.964207 0.2941169
3.727725 0.3463734
3.630516 0.3237377
2.994082 0.09492494
4.507432 0.3089265
3.359627 0.3621599
3.375289 0.1570424
4.345637 0.1602149
9.761071 0.1022153
3.122017 0.4644097
3.317676 0.4485315
3.828913 0.1071727
2.992906 0.3558899
3.376969 0.05100317
2.942992 0.4728507
2.934953 0.3155677
3.234116 0.411624
3.005588 0.477476
3.90896 0.09113549
4.379409 0.1139876
3.340985 0.3834212
3.022382 0.3664196
3.204721 0.04925184
3.464605 0.1523083
3.035381 0.449411
3.107498 0.1840007
3.704139 0.4870318
3.283303 0.4554701
3.323847 0.2212183
2.997285 0.2076978
3.017229 0.1831162
3.443509 0.1990361
3.375958 0.06969561
4.087717 0.3721333
3.93911 0.4870848
3.095103 0.2270446
3.183984 0.4872709
3.700594 0.4743417
3.756725 0.3684779
3.52485 0.0782684
4.014858 0.1362839
4.056091 0.4352412
3.779044 0.2933047
3.533072 0.1802052
3.495456 0.1928219
3.762347 0.1290864
3.148056 0.4188383
3.476634 0.3666033
2.734403 0.3949999
3.903414 0.1572041
3.858043 0.4134097
5.156734 0.302411
3.878571 0.1299018
3.660671 0.4976798
3.262558 0.3306162
5.872301 0.3441901
4.390145 0.2737852
3.296737 0.2930647
3.562412 0.0357021
3.523497 0.1214961
2.961592 0.3200262
3.040728 0.08703809
3.08306 0.3057262
3.679581 0.377744
4.308998 0.2415804
2.835019 0.162661
3.772382 0.4013676
4.009154 0.3152824
2.907897 0.485229
3.439317 0.1405855
3.041187 0.44311
3.455921 0.1755722
2.865683 0.2684256
2.827792 0.2112607
3.017792 0.3879419
2.980234 0.4406981
3.885669 0.1601963
3.530708 0.02547271
3.092651 0.3688041
3.127387 0.05987256
3.116798 0.2086038
3.305814 0.3272091
4.187184 0.06949517
3.155599 0.3181239
3.354713 0.4636516
3.044911 0.4359168
3.688389 0.2771458
3.334605 0.4312724
3.065217 0.3958563
2.720124 0.3292915
3.621361 0.1288074
3.451213 0.2650424
3.04871 0.4832843
2.470555 0.3161643
3.286732 0.4591352
2.965992 0.4516401
2.864733 0.4265966
3.108257 0.1048631
3.040182 0.2259627
3.236978 0.44355
2.913292 0.4081066
3.477943 0.4584339
3.247428 0.4727662
2.974889 0.1741857
2.289231 0.4514035
3.148734 0.2057867
2.952193 0.06230643
2.920032 0.4353268
2.946552 0.1714094
3.257316 0.3649264
3.692854 0.2609531
3.174139 0.09541429
4.120516 0.09338989
3.482803 0.3515098
2.818192 0.1658611
3.022093 0.2400592
3.10862 0.2658966
3.699408 0.1864387
3.126613 0.3839286
3.611276 0.2169103
3.559528 0.3805016
3.245467 0.3796437
2.966031 0.2786073
3.305269 0.3973021
3.116286 0.1347967
2.62902 0.3025968
2.989144 0.1405685
2.725924 0.4100418
3.50058 0.3948312
2.351858 0.3680982
2.949525 0.2200375
2.716402 0.4509109
3.074809 0.09192821
2.686936 0.4381205
2.878083 0.4163153
2.8574 0.1239433
2.3007 0.1184681
2.804567 0.3514496
2.54031 0.2438263
2.52666 0.4108909
2.515125 0.4123388
2.580895 0.4158326
2.635552 0.3981188
2.801923 0.4307273
3.019741 0.3522551
2.930516 0.1384094
2.738852 0.4057885
2.877184 0.293566
3.392541 0.2325398
2.985707 0.2112963
2.637931 0.2946452
2.96996 0.4135502
2.540764 0.2788611
3.877133 0.395007
2.782718 0.4304129
2.893903 0.3256395
2.929209 0.3250288
2.833254 0.3111089
3.067931 0.4248748
5.113628 0.2141877
2.962461 0.2844548
3.033733 0.09930707
3.332488 0.2528571
4.512131 0.07260711
3.819313 0.1961758
3.530723 0.4332993
3.373054 0.4116092
3.470415 0.2650243
2.855639 0.4406625
3.606926 0.1562346
3.574598 0.497243
5.087256 0.2897571
4.53838 0.4528223
4.080186 0.3927213
4.39326 0.3793888
3.850268 0.1476287
3.541557 0.2589841
3.611765 0.1028555
6.20126 0.3114449
4.494906 0.366196
3.845719 0.3914701
3.141488 0.2488865
2.886982 0.2117458
2.765571 0.05837307
3.149019 0.3431288
3.105665 0.07008016
2.674167 0.2579433
3.314776 0.3302989
3.045614 0.06013669
2.926419 0.4486247
4.134963 0.1861685
3.169299 0.4097941
2.832768 0.1114225
2.990533 0.1032543
3.29247 0.2968062
2.428722 0.365298
2.908808 0.344918
2.608292 0.3734021
3.415317 0.2054631
5.362335 0.07704562
3.959853 0.3221019
3.244638 0.09044949
3.40527 0.443489
3.43299 0.3935175
3.008059 0.4533093
3.094194 0.3611892
3.291508 0.0587878
3.273038 0.2807799
3.172977 0.352933
4.043477 0.1035145
3.51796 0.3929748
3.0594 0.2613402
3.321285 0.4675298
2.965345 0.46385
3.221042 0.3829127
3.680829 0.3139791
3.801596 0.3734465
3.330664 0.2374216
2.853919 0.2540206
2.837586 0.24129
3.422838 0.07906466
3.285426 0.3875121
3.978247 0.14658
3.590705 0.4282898
3.048842 0.4691178
4.914774 0.139431
3.552857 0.2599461
3.708985 0.2025635
3.542113 0.373453
3.349034 0.1199393
3.04508 0.1845045
2.860389 0.1397967
2.471563 0.4649553
3.002689 0.4995192
2.913449 0.454168
2.88367 0.3855092
3.487266 0.3369796
3.106328 0.4107408
2.961394 0.4182248
3.507242 0.3305209
3.514171 0.4517642
3.826244 0.1335031
3.341497 0.1145321
2.856702 0.4731658
4.088204 0.3495748
3.730526 0.2351236
3.262018 0.2816767
4.130913 0.3479
3.162321 0.3931451
3.80653 0.3522034
3.855424 0.4442145
3.836983 0.1973834
3.825229 0.3706229
3.387764 0.2234715
3.916395 0.1564976
4.174778 0.1830187
3.652608 0.2450346
4.572051 0.2581162
3.866217 0.2592126
5.779851 0.04875087
4.76443 0.05536427
3.08381 0.1998986
3.291822 0.3242875
3.1382 0.2071592
2.652974 0.4104596
3.475004 0.09752072
4.138399 0.3611017
4.023207 0.1938296
3.144755 0.1902888
3.674471 0.3756958
3.127637 0.1488685
3.024236 0.04487215
2.942778 0.3086978
5.090875 0.1047016
3.99533 0.1313758
3.052965 0.2165937
2.892585 0.2931043
2.927199 0.4128645
3.108753 0.1831223
3.225163 0.3382922
3.423585 0.09033488
3.547702 0.424739
3.117746 0.4721489
3.044455 0.3268394
2.927559 0.1389443
3.348384 0.04079602
4.062119 0.08869095
3.571763 0.3900178
3.819049 0.08143497
3.223123 0.263046
3.067969 0.3792194
3.313402 0.4889582
4.250546 0.05376947
3.115428 0.2072034
3.087601 0.3708416
4.043723 0.42017
4.002806 0.4659383
4.887779 0.3006284
3.759872 0.1941797
3.824665 0.1203364
4.320155 0.1492035
3.621973 0.4748158
3.914709 0.4489708
2.751406 0.2350156
3.629303 0.1615101
2.948339 0.100682
3.768656 0.2074618
3.204943 0.488204
3.861841 0.2997933
3.614747 0.2128533
3.831736 0.3136001
4.385059 0.2745292
3.466592 0.3989692
3.375435 0.2963513
3.897506 0.355628
2.87852 0.3001431
3.396483 0.3496838
2.816291 0.02814411
2.624379 0.3535397
3.44605 0.47159
2.847458 0.2117767
3.168627 0.4452768
3.71497 0.03752167
3.334155 0.2579069
5.300188 0.3394833
4.029981 0.1348539
3.877656 0.06687204
3.986904 0.2677966
3.070473 0.1877086
2.985812 0.2938613
3.81777 0.2068827
2.76501 0.3349646
2.652133 0.1943778
3.301241 0.09450437
3.097343 0.1524127
3.164838 0.08433568
2.942552 0.3741883
3.794157 0.4445765
2.940207 0.1714532
2.468596 0.1503885
3.178182 0.04289623
2.980587 0.4685599
3.26238 0.3617248
3.325743 0.3464341
5.626019 0.2534993
3.386597 0.4096428
2.884094 0.02074158
3.568312 0.3162233
4.144246 0.1375844
3.206478 0.4000794
3.532159 0.3668184
2.709258 0.4187452
2.669873 0.05709538
2.231099 0.3194542
2.408306 0.4449723
3.082242 0.1689411
3.290065 0.3065939
3.137556 0.1586647
3.793032 0.1652653
3.897543 0.3573613
4.564724 0.2846805
3.631671 0.4110476
3.184073 0.2938606
3.972759 0.07036357
2.872629 0.1799288
3.529506 0.02622179
3.141524 0.4354372
2.994979 0.3031278
3.804271 0.2652102
2.913649 0.4341131
3.040777 0.07062859
3.607035 0.2205604
4.089909 0.1399932
6.141962 0.1602517
3.850678 0.326327
3.64929 0.1521462
3.0331 0.3413434
2.882688 0.3922579
2.363724 0.2427116
2.788917 0.3140108
2.991649 0.2660639
2.960628 0.08750998
3.179702 0.3201926
3.214802 0.1945812
2.566493 0.3954204
3.169011 0.2970494
3.183216 0.3037454
2.710047 0.4351511
2.8394 0.2587594
3.002827 0.115933
2.965804 0.2412093
3.513324 0.1960818
3.445653 0.4451919
2.615238 0.1545239
2.957055 0.2777171
2.666192 0.3539776
2.903968 0.3566309
3.239098 0.404338
3.278841 0.1713891
2.971905 0.3838699
3.268854 0.4091085
2.867718 0.4251061
2.761749 0.04700198
3.212355 0.1838851
3.507528 0.3363386
2.989157 0.38153
3.969825 0.2779294
3.609565 0.07319201
3.083013 0.184735
2.822568 0.330386
3.000362 0.3524969
3.270898 0.2489415
2.789092 0.4665668
3.305936 0.2034631
2.87392 0.1698923
3.190129 0.2813771
3.260868 0.439123
3.323249 0.06675135
3.938164 0.3807075
4.146868 0.3665684
3.216181 0.4645742
7.624273 0.4341353
5.094937 0.2025143
4.061905 0.3923763
4.141913 0.2689696
3.671672 0.4517057
3.405602 0.3932358
2.698892 0.2150867
3.326042 0.3718751
3.074349 0.2536669
2.727404 0.2871853
3.486777 0.1121009
3.293485 0.364807
3.681881 0.415988
3.174248 0.4100187
3.100084 0.3920634
3.488661 0.3155826
2.736045 0.2563828
3.177861 0.07793837
3.945695 0.3468104
2.976246 0.3068925
3.559714 0.1069176
2.987156 0.3958898
3.146972 0.3288257
2.825037 0.3145494
3.352322 0.4569331
3.098919 0.3039316
2.60693 0.4514972
2.773843 0.4462349
3.692963 0.1038568
3.479248 0.2588395
3.311264 0.02039529
3.118647 0.4017233
3.850595 0.4769442
3.779608 0.3194903
3.468719 0.09062517
3.30158 0.1888997
4.843788 0.1433515
3.537879 0.4561232
2.935483 0.1813771
3.5983 0.1248369
3.286543 0.342453
3.192251 0.2751677
3.106896 0.1390568
3.066398 0.3978498
2.650482 0.3838222
2.853787 0.3025738
3.723819 0.3104696
3.130221 0.3120707
3.031826 0.1405449
3.305152 0.343447
3.702796 0.4920501
3.586887 0.4609737
4.065289 0.4974876
3.174238 0.410063
3.118021 0.3890987
3.417244 0.4482567
3.60216 0.4582794
3.444835 0.3422656
3.15895 0.4369919
3.490307 0.3207892
2.352391 0.4908206
3.070999 0.4874241
2.351528 0.2533046
2.733264 0.1709388
3.37042 0.4650657
3.353934 0.2750504
3.255687 0.193704
2.936721 0.4141605
2.797762 0.1047631
2.613047 0.04287713
2.918 0.04857821
2.857873 0.2052178
4.079557 0.4051424
2.889939 0.2791282
2.979359 0.2198124
3.703805 0.09060075
3.520325 0.2952094
2.976286 0.4054599
3.310074 0.04118088
2.897242 0.1140507
3.11888 0.1200538
2.484652 0.3822723
4.243558 0.2212808
3.431918 0.4212581
3.310169 0.2766306
2.807043 0.4268558
3.381415 0.2544186
3.522035 0.21066
2.708852 0.1697812
3.559004 0.3001281
4.06686 0.4112585
4.193444 0.415021
3.970773 0.1521092
3.669645 0.2603214
3.764993 0.4930791
3.207201 0.3874812
2.891127 0.06982263
2.823804 0.2995832
3.11509 0.1573918
2.927147 0.05681756
2.875549 0.1264133
3.256506 0.3517496
3.563282 0.3826083
3.870722 0.3498611
3.956039 0.03525997
3.618358 0.2691884
4.142043 0.4674157
3.025507 0.4182677
3.185634 0.381727
3.719198 0.4069016
3.414203 0.4382459
3.938562 0.1530392
5.926277 0.1656724
2.661114 0.2086858
3.795631 0.4206431
3.615595 0.1764707
3.505638 0.2364406
4.601798 0.2913198
4.485562 0.4234529
3.242909 0.2937427
3.463156 0.3034294
3.314559 0.1735452
3.846173 0.4025748
5.992868 0.09643828
3.36773 0.3688562
4.194266 0.2055633
3.196871 0.4262741
2.91439 0.2041437
3.28339 0.4645663
2.941103 0.2727631
3.049488 0.176996
3.918022 0.4687611
3.196825 0.4105854
3.299483 0.481288
3.152842 0.2288739
3.376059 0.3506046
3.376404 0.4698017
3.509656 0.4728293
3.842987 0.2959032
3.156501 0.4145715
3.430843 0.287536
3.065351 0.1981985
4.720041 0.2648632
4.246786 0.3938482
3.146301 0.2696591
3.344456 0.2485476
2.964543 0.2434697
3.250979 0.317872
4.439097 0.05169654
4.742959 0.395494
3.185942 0.2130227
3.891363 0.2496502
4.037281 0.0789306
4.261617 0.09848873
3.8341 0.2367713
2.854638 0.4945413
3.566212 0.1117122
3.485906 0.3399188
3.485328 0.3374777
4.21644 0.4077652
4.462503 0.2580514
5.854148 0.1451
4.219727 0.3461527
2.926989 0.2736072
3.389804 0.2594307
3.261513 0.2661802
2.70348 0.1162742
3.540392 0.1798318
2.82734 0.1537625
3.209682 0.2293671
3.248999 0.3605078
2.895737 0.3056247
3.29428 0.2909335
2.945939 0.2968734
3.264992 0.2717329
3.565054 0.2275387
3.601626 0.1789347
3.236663 0.4274132
4.857264 0.1021341
3.409009 0.3880423
3.13373 0.1574642
3.14513 0.1506441
2.813045 0.3586569
2.91663 0.1357581
2.944518 0.4792592
3.398263 0.2187221
3.175188 0.2347301
4.164443 0.1457288
4.170514 0.1531503
3.522257 0.1354403
3.689456 0.3238995
3.780806 0.2371155
3.755878 0.3400743
3.748687 0.3878331
3.468577 0.2863694
3.021286 0.1592915
3.289918 0.4413829
3.690616 0.1842019
4.140434 0.1891833
4.585179 0.462582
4.142661 0.1268507
5.147083 0.4563704
4.583445 0.321817
3.174005 0.4337973
3.095127 0.05349332
3.058442 0.3982736
2.956255 0.09040414
3.696221 0.3254474
3.764389 0.4728353
3.728341 0.4817428
4.059711 0.2069471
7.469657 0.3166553
3.994745 0.2826793
3.798028 0.3684078
4.360984 0.1056346
3.940479 0.4767291
2.918902 0.1959487
3.363435 0.4320433
3.12545 0.4297917
3.547443 0.2914627
2.616218 0.2347573
6.856487 0.4492352
3.213896 0.2095563
3.831281 0.1096398
3.038541 0.3015186
3.498275 0.3854662
4.084072 0.4734208
3.243092 0.4939251
3.458183 0.4499708
3.613134 0.2319027
3.372129 0.2329931
3.584468 0.1515186
3.151525 0.4789926
3.857035 0.2376186
2.744808 0.1994514
2.36306 0.2004154
2.881558 0.03309048
3.683032 0.1563105
2.600173 0.227018
2.533197 0.1565553
3.092719 0.4769998
2.684416 0.4248852
3.084498 0.348044
2.817167 0.4256499
2.797269 0.49514
3.071301 0.3401183
3.109351 0.4099171
3.705634 0.1487555
3.938395 0.4438434
3.455108 0.4074337
3.267909 0.2307319
3.208007 0.4908974
3.693087 0.2990491
3.229174 0.2782433
2.814413 0.4318323
3.165849 0.2938227
3.352928 0.07464344
3.442414 0.3089123
3.20214 0.04790351
3.17973 0.1731988
4.459166 0.03881992
2.800221 0.1524122
3.279593 0.4937399
3.399623 0.07985611
3.150612 0.4658657
2.947943 0.2863999
3.822436 0.3948675
3.634152 0.1147556
3.408705 0.463795
3.73277 0.3809633
3.449824 0.1316305
3.175184 0.4969091
3.711251 0.4015846
3.923872 0.3626474
2.915454 0.1842664
3.353656 0.2361
4.339026 0.1266367
3.938392 0.2367315
3.530172 0.2684853
4.515459 0.4583581
3.136252 0.1429699
3.659783 0.1867339
2.967625 0.3339246
2.90649 0.3989243
2.792546 0.4253822
2.977612 0.215384
3.08691 0.2393636
2.855588 0.2873217
2.46859 0.2456163
2.925572 0.3994969
2.718908 0.3175354
2.774587 0.262486
2.877596 0.4396858
3.960854 0.2816047
3.489289 0.4454101
3.196667 0.170376
3.070738 0.3532851
2.999533 0.3793728
2.961831 0.4236739
3.087089 0.4772328
2.914825 0.2371527
3.510352 0.2332524
4.427778 0.3720458
3.167425 0.3327905
3.748854 0.4436985
3.115864 0.02473292
3.742509 0.1544163
3.281525 0.4460542
5.46933 0.4381437
3.708124 0.3687277
4.01491 0.4388076
3.408017 0.2963449
3.470576 0.3532824
3.97897 0.3217171
2.876172 0.2964531
3.007054 0.4194136
2.766914 0.4828396
3.729034 0.3047567
2.718218 0.3431636
2.822568 0.3973838
2.930855 0.4177031
3.183379 0.4151049
3.3015 0.4729605
3.089523 0.4977681
2.955052 0.3965548
3.468262 0.2682341
3.154847 0.05496218
3.01162 0.4517502
2.795412 0.4616626
2.797852 0.2359167
2.822205 0.2683817
3.731379 0.1160566
3.226484 0.3986304
3.381431 0.2259596
3.339303 0.4132002
6.035823 0.3730807
3.436758 0.4140552
3.466185 0.1388217
3.027676 0.3220723
3.438621 0.380238
2.777837 0.231632
3.901088 0.2245134
