"u.bar" "t.bar"
1.039487 1.053967
1.023529 1.164953
0.9747688 1.149653
0.9956287 1.169403
0.989012 1.15283
1.03728 1.120306
1.020232 1.11542
1.012176 1.093598
1.003221 1.094187
0.992108 1.11179
1.057718 1.110858
1.098545 1.068436
0.9866734 1.082847
1.01807 1.116829
0.9597372 1.112062
0.9437785 1.062381
1.052665 1.033962
0.9746975 1.059376
1.043978 1.033429
1.04528 1.073917
1.002258 1.091287
0.953519 1.080179
1.002065 1.081725
0.9831779 1.180415
0.9664744 1.119853
0.9764989 1.169693
0.9510306 1.219265
0.9722615 1.219167
1.020655 1.125402
0.9963434 1.146072
0.9948589 1.195308
1.006912 1.077002
0.9998697 1.177475
0.9773276 1.2718
0.97282 1.198734
1.018599 1.165469
0.94707 1.196956
0.9970006 1.091285
1.002305 1.073001
1.02102 1.064809
1.037336 1.095691
1.003907 1.041168
1.023675 0.9969085
1.037258 1.028484
1.045563 1.071699
1.037733 1.058493
1.045264 1.054823
1.023427 1.039501
1.019822 1.073951
0.9969987 1.07284
1.018334 1.125442
0.9964002 1.084892
1.018343 1.098225
0.9565291 1.119012
0.9909833 1.125905
1.004454 1.0339
1.00165 1.089717
1.010182 1.050473
0.9943336 1.047624
1.033238 1.068208
1.008539 1.050047
0.9937829 1.091142
0.9603564 1.138353
1.00586 1.135938
1.02341 1.091981
0.9748089 1.101979
1.038197 1.079538
1.010661 1.088242
0.9783373 1.099779
1.026063 1.04441
0.9980791 1.100823
0.9714843 1.112267
0.9939373 1.068216
0.9870504 1.095275
0.9804377 1.074939
1.005562 1.097202
1.006018 1.058995
1.035242 1.007629
1.00686 1.036336
1.002401 1.002661
0.9760952 1.043263
0.9972732 1.044403
1.069124 0.9904231
1.019552 0.962126
1.048479 0.9939238
1.009591 1.04875
0.9816905 1.132219
1.036408 1.113859
1.028633 1.140353
1.02155 1.137657
0.9859247 1.206629
0.9861912 1.187098
0.9860879 1.251168
1.013883 1.230289
0.9928048 1.176456
1.003734 1.255897
1.007755 1.197034
0.9970336 1.219393
0.9861854 1.23478
0.9489871 1.175842
1.00016 1.183439
0.972151 1.204066
1.014696 1.17981
1.025533 1.123027
0.9700825 1.075597
1.003092 1.115585
0.990162 1.064573
0.9960577 1.062048
1.002474 1.089412
0.9902132 1.075248
1.003966 1.076199
1.015156 1.121917
1.014525 1.163128
0.9530293 1.157114
1.051211 1.082808
0.9687042 1.108795
0.9699103 1.160657
1.017003 1.123768
0.9560322 1.116986
0.9570913 1.158966
1.007608 1.092316
1.026028 1.136829
1.007738 1.114809
1.005454 1.077035
1.011319 1.130521
0.9955194 1.131896
1.013544 1.070846
1.02773 1.130031
1.024751 1.102956
1.050459 1.154921
1.02762 1.093543
1.058721 1.148566
0.9961691 1.110498
1.036749 1.110571
0.9956453 1.054258
1.047138 1.112259
1.004802 1.120243
1.001842 1.133921
0.9774725 1.10847
0.975978 1.060792
1.059567 1.0249
1.049745 1.073021
1.005963 1.169669
0.9598776 1.158891
0.9879275 1.068734
1.023601 1.086826
0.974809 1.13255
1.028878 1.124102
0.985152 1.108293
0.9550833 1.081056
0.9798542 1.087478
0.9999793 1.170626
0.9762212 1.122083
0.9830231 1.10869
1.00956 1.100426
0.9808547 1.097342
0.9669867 1.108959
1.000938 1.115845
1.020709 1.12352
1.013513 1.089183
1.01066 1.107012
1.033889 1.094108
0.9949097 1.107338
0.9474958 1.108939
1.023988 1.107584
1.040614 1.086971
1.038001 1.079997
1.010663 1.093091
0.9706036 1.095547
1.007052 1.130241
0.9728044 1.096136
0.9990492 1.123848
0.9669312 1.160076
0.9904182 1.117997
0.9713065 1.177231
0.9879126 1.13938
0.9678924 1.188883
0.9736765 1.154177
0.9856773 1.195963
0.9525337 1.280911
0.982106 1.232148
0.9781378 1.210034
1.010115 1.173573
0.9797237 1.154237
0.9495882 1.168303
0.9838142 1.129293
0.9788924 1.113766
1.021247 1.129758
0.9781705 1.181449
0.9908435 1.233687
0.9706942 1.17859
0.9514914 1.210566
0.9957854 1.106354
0.9696142 1.135772
0.9948435 1.159229
1.019806 1.132913
0.9558648 1.169209
0.9996819 1.082372
1.00929 1.081095
1.051172 1.074787
0.966284 1.104381
1.023345 1.062864
1.029021 1.083329
1.036678 1.133679
1.014958 1.111875
0.9826137 1.177337
1.039688 1.254002
0.9785771 1.186889
1.002783 1.238415
0.9820645 1.198868
0.9994151 1.221472
1.000238 1.2123
1.035594 1.132819
0.9964992 1.21592
0.9912883 1.172803
0.9765156 1.160092
0.9474612 1.161588
1.007788 1.199862
0.9795044 1.124659
0.9767145 1.163821
1.007602 1.103598
1.006136 1.067701
0.9781488 1.051509
0.9781435 1.097679
0.9939602 1.089746
0.9855171 1.155843
0.9844609 1.056461
1.01981 1.071381
0.9647712 1.143386
0.9629358 1.103582
1.008822 1.049392
0.982807 1.116805
1.000092 1.116397
1.003205 1.070567
1.020312 1.056769
1.02438 1.086648
1.009177 1.126218
1.005786 1.050464
0.9889756 1.056864
1.040462 1.09245
1.029982 1.106243
0.9933132 1.080031
0.9719072 1.065001
0.9920755 1.120461
1.017796 1.16542
1.005855 1.202439
0.9974325 1.235388
0.9535183 1.184662
0.9722589 1.159497
1.00577 1.155997
0.9671683 1.09623
0.9923102 1.152468
0.9728047 1.19479
0.9568183 1.161879
1.065479 1.137629
1.05416 1.016228
1.004098 1.083945
1.011068 1.039972
1.031863 1.094369
1.003072 1.081924
0.9540981 1.074082
0.9811461 1.13835
0.9936497 1.11062
1.008625 1.09483
0.9924746 1.147012
0.9871173 1.119403
0.9800655 1.098325
0.9660868 1.057895
1.009314 1.14876
1.050119 1.083467
1.006613 1.141867
1.031701 1.111945
1.042917 1.064755
0.9863993 1.084898
0.9746523 1.100141
0.9770849 1.100108
1.012157 1.130303
1.018195 1.125373
1.007618 1.091576
1.03241 1.075209
0.975249 1.126458
1.004338 1.063719
0.9939316 1.050545
0.9905063 1.079486
0.996103 1.104455
1.017984 1.112741
0.9938328 1.181002
0.9873545 1.130515
0.9632419 1.17216
0.9774563 1.119767
0.9854356 1.093581
0.9512243 1.077895
1.015852 1.04985
1.058646 1.041475
0.9727193 1.12515
1.022207 1.089332
0.9979082 1.122529
1.012888 1.138664
0.976532 1.066622
0.9827915 1.118015
0.9484787 1.123766
1.031056 1.055431
0.9809355 1.080851
1.013302 1.045978
1.007696 1.026728
1.055351 1.035221
1.011622 1.03632
1.00088 1.07391
0.9962534 1.148364
0.9996389 1.093471
1.029385 1.101669
0.9911252 1.043841
1.00738 1.065461
1.012089 1.054001
0.9785558 1.082547
1.028297 1.09307
1.05172 1.076596
1.019628 1.067668
1.015599 1.005182
1.026626 0.9790332
1.007572 1.028396
1.014667 1.040878
1.004264 1.050866
1.077909 1.042484
1.00436 1.048516
1.007398 1.059362
1.005842 1.030351
1.015388 1.060127
1.006711 1.067164
1.001531 1.139609
1.048061 1.098399
1.013524 1.182566
0.9815551 1.200717
0.9781953 1.231174
0.9953351 1.183364
0.9604209 1.271587
1.025651 1.150622
1.012569 1.087419
1.000263 1.037086
1.035882 1.106691
1.013932 1.085637
1.028827 1.116572
1.009511 1.089348
0.9936504 1.102419
1.018918 1.064357
1.02088 1.073924
1.029761 1.104561
0.9809852 1.124129
1.007167 1.146405
0.9957945 1.127758
0.9894647 1.086385
0.9857862 1.1357
0.9742527 1.15396
1.037396 1.097201
1.014274 1.128408
1.005885 1.080468
1.064375 1.041705
1.019548 0.9853213
1.036576 1.0487
0.9907408 1.045228
1.023725 1.060388
1.025861 1.013549
1.023566 1.025426
0.9858778 1.051497
1.027429 1.087005
1.005991 1.105343
1.021728 1.165733
0.9686713 1.188884
0.9829985 1.153894
0.9683246 1.144007
0.9995636 1.137355
0.9916617 1.147625
1.017432 1.079393
0.9954845 1.115871
0.9839081 1.087339
0.9920853 1.095131
1.023877 1.113058
0.9902403 1.111936
0.9780141 1.095111
0.9904966 1.136468
0.9692739 1.149637
1.010612 1.160296
1.017563 1.224192
0.9795507 1.161814
0.9958451 1.162826
1.038963 1.088395
1.034889 1.077144
0.9769441 1.084722
0.9924566 1.159951
0.9738168 1.104277
1.007063 1.143363
0.9976948 1.204799
0.9320581 1.186124
1.00855 1.210279
0.9496633 1.191301
0.9940084 1.179555
0.9998323 1.147039
0.9671402 1.110918
1.004628 1.090973
0.985189 1.084445
1.001278 1.093922
0.9678794 1.070963
0.9563202 1.150756
0.9496209 1.181383
0.9856208 1.154938
1.005142 1.138023
0.9994358 1.095942
0.9647991 1.12521
1.006277 1.136299
1.022952 1.12974
0.9977188 1.121966
1.028315 1.145375
0.9639658 1.18221
1.007918 1.166654
0.9785722 1.170234
1.007442 1.117938
1.040592 1.134401
1.022859 1.118246
1.012437 1.116489
1.006657 1.156482
1.040534 1.057921
0.986616 1.089548
0.9923945 1.095038
0.9573376 1.159778
0.9528355 1.154963
1.023769 1.103064
0.9867628 1.077404
1.001455 1.148774
0.9876275 1.140227
0.9585854 1.162731
1.005276 1.170669
1.046548 1.135516
1.011295 1.160577
1.010193 1.099765
1.010165 1.123142
0.9698272 1.086601
0.9870079 1.151468
1.038932 1.123515
0.9834885 1.110056
0.969289 1.060298
1.056072 1.059095
0.9920726 1.033278
1.02709 1.063621
1.038251 1.060981
1.016564 1.100276
0.9509362 1.154477
1.005251 1.129161
1.033968 1.111525
0.9864182 1.163758
1.001583 1.141522
1.063869 1.065651
1.04327 1.058638
0.9804261 1.055038
0.9885785 1.151669
0.9845731 1.102099
0.9908431 1.133322
0.962143 1.084025
0.9537719 1.103634
1.009646 1.124283
0.9582269 1.158524
0.994005 1.07896
0.9933214 1.110853
1.062614 1.084687
0.9996998 1.064574
0.9887529 1.054335
0.9956568 1.075635
1.005693 1.107423
0.9837588 1.140802
0.9814316 1.237632
0.9753411 1.164222
0.990218 1.141472
0.9922919 1.186157
1.005728 1.137048
1.02603 1.170585
0.9717364 1.132613
0.9823816 1.107081
1.012951 1.100517
1.034479 1.117199
1.000192 1.076832
1.00588 1.060619
1.017898 1.12017
0.9533402 1.099897
0.9630969 1.09059
0.9993836 1.052846
1.010261 1.058342
0.9866636 1.037039
1.03782 0.9919443
1.063259 1.002774
0.9834058 1.038262
1.004564 1.071719
1.045157 1.066044
0.9914913 1.024475
0.9986549 1.095802
0.9894879 1.084124
0.9802511 1.083856
1.019318 1.136945
0.9744289 1.090417
1.021128 1.086843
0.9850731 1.057495
1.02663 1.181627
1.011463 1.136185
0.9461075 1.180033
0.9770639 1.161079
0.9776768 1.1261
1.030877 1.056753
1.032828 1.073271
1.006579 1.063164
1.013467 1.031794
1.027823 1.053146
1.038805 1.054985
1.006033 1.064575
1.033603 1.063649
0.9675386 1.034216
1.018314 1.154916
0.937737 1.11162
1.021868 1.106013
1.005453 1.140413
1.041288 1.064577
0.9978807 1.107068
0.99528 1.111575
1.035984 1.115886
0.9620235 1.053157
0.9773667 1.143517
0.9599071 1.203034
0.985584 1.107047
1.034426 1.082836
0.9916732 1.156466
0.9864184 1.12511
1.043028 1.122371
0.9608383 1.067121
1.015065 1.068764
1.004891 1.069936
1.038272 1.009521
1.002833 1.088575
0.9948097 1.085424
0.9736406 1.139583
0.9787595 1.16392
1.030539 1.151157
0.9789571 1.243373
1.034052 1.153082
0.9779726 1.139819
1.005654 1.152601
1.002733 1.11331
1.01973 1.117468
0.99743 1.200655
1.034432 1.103423
0.9745017 1.114027
1.025317 1.118682
1.001429 1.12511
1.007705 1.117212
0.9757793 1.099212
0.9791517 1.115103
1.032503 1.133893
0.974029 1.188299
1.022868 1.143365
0.9931171 1.165935
0.9450249 1.180888
0.9409418 1.152483
1.020856 1.1861
0.9895769 1.164937
1.011104 1.189875
1.034463 1.139711
0.9782367 1.169181
1.035703 1.102197
1.044107 1.090257
1.023992 1.10658
1.020411 1.103633
0.9996797 1.084558
1.002165 1.066031
1.015372 1.082645
0.9599903 1.118334
0.9826976 1.151953
0.946433 1.080102
1.033062 1.09262
0.9694082 1.057411
1.030089 1.069458
1.037291 1.053769
0.9961457 1.074124
1.002985 1.142697
0.9888603 1.146205
1.013091 1.075649
0.9398263 1.208266
1.02052 1.159551
1.024894 1.151683
0.9842148 1.150901
0.9681057 1.254283
1.020666 1.161068
1.02029 1.124495
1.005817 1.157556
0.9809078 1.199228
0.998209 1.165479
1.00087 1.146402
1.018432 1.136719
0.9928252 1.066174
1.030472 1.080286
1.020888 1.041162
1.033031 1.030364
1.019148 1.0654
0.9541174 1.102191
0.9850571 1.122111
1.025945 1.08475
1.023671 1.087402
0.9809237 1.115631
0.9724363 1.129073
0.9936887 1.093502
1.033871 1.069765
1.012176 1.069508
0.9921721 1.105987
1.002357 1.116988
0.9849793 1.070391
1.012374 1.087123
0.9804782 1.09357
0.9944662 1.065675
0.9660921 1.07265
0.9944073 1.114888
1.051631 1.115592
0.9849592 1.062351
0.9879018 1.062088
0.9626097 1.09317
0.9801957 1.090496
0.9866631 1.132566
1.011357 1.112892
0.9770372 1.147213
0.9955434 1.188382
0.9734149 1.144193
1.030947 1.137403
0.9778246 1.123661
0.9859186 1.141092
1.038209 1.084213
0.9768569 1.065797
0.9438028 1.047358
1.054256 1.042836
1.007468 1.073739
0.9568108 1.094258
1.008922 1.08224
1.014845 1.102467
0.944863 1.116671
1.002964 1.085743
1.006533 1.114198
1.005107 1.063318
1.039837 1.112202
0.9873201 1.071639
1.011302 1.081393
1.005102 1.112908
0.9971675 1.074045
1.036745 1.121201
0.9361992 1.163861
1.012459 1.141631
0.9949292 1.077892
0.9784508 1.105686
1.053754 1.037027
1.017649 1.082656
0.9810951 1.120683
1.031312 1.100715
1.002925 1.088948
1.015033 1.066224
1.013259 1.045428
0.9857998 1.06236
0.9768637 1.13343
1.009677 1.110834
0.9870733 1.067564
1.032881 1.086834
1.036331 1.040489
1.026611 1.004125
1.019388 1.029297
1.050584 1.030721
1.047938 1.113658
0.9672903 1.136473
1.059835 1.09737
0.9998358 1.10391
0.9742517 1.125748
1.014664 1.214857
0.9561692 1.230149
0.9232596 1.182474
0.9706592 1.168755
0.9678931 1.130482
1.011463 1.140862
1.016738 1.155623
0.9915286 1.174429
0.9882979 1.094613
1.003643 1.125713
0.9968482 1.062001
0.9706327 1.076499
1.036332 1.104989
1.006102 1.083437
1.009912 1.087252
0.9822788 1.137199
1.027739 1.130127
0.9729759 1.090666
0.9996597 1.073989
0.9783694 1.145963
1.011536 1.095746
1.004294 1.114446
1.002105 1.111776
0.9940034 1.134634
1.028711 1.066628
1.006602 1.105433
1.015856 1.02344
1.055048 1.032109
1.028137 1.116502
0.9669865 1.161095
0.9725603 1.177728
0.966417 1.185117
0.9436268 1.183374
1.018311 1.078307
1.02294 1.118722
1.042717 1.098821
1.000295 1.100284
1.020628 1.025034
1.012117 1.069214
0.9835418 1.064943
0.9983215 1.059468
1.008643 1.101717
0.9850093 1.129962
0.972128 1.121938
0.9770675 1.126465
0.980357 1.141047
1.005052 1.168381
1.041389 1.156873
1.019125 1.132825
1.003501 1.076244
0.99331 1.101334
0.9993759 1.084877
1.019005 1.069919
0.990387 1.080989
1.000322 1.08133
0.9872671 1.110218
0.9709309 1.099938
1.050224 1.054672
0.9914069 1.088728
0.9721831 1.124374
0.9917748 1.118703
1.027401 1.086724
0.9788177 1.054952
0.9899374 1.107562
1.006194 1.071138
1.031395 1.024948
1.03848 1.070872
1.030709 1.024524
0.9743472 1.06152
1.02398 1.089478
0.9769894 1.086571
1.032894 1.057491
1.063182 1.041223
0.9913319 1.075097
1.009855 1.045114
0.9861656 1.003359
0.9947205 1.024774
0.9984348 1.018653
0.9979281 1.070269
1.025676 1.085242
0.9737837 1.04934
1.034471 1.095328
0.9935535 1.149698
0.9885613 1.080674
1.015976 1.133922
0.9825523 1.085289
1.00972 1.092011
0.9559118 1.156705
0.9864806 1.158427
0.9849038 1.147573
1.005105 1.135653
0.9936847 1.103921
1.002678 1.119618
1.002068 1.116048
1.002006 1.114747
1.018727 1.10911
1.002001 1.123017
0.9983727 1.095294
0.9670536 1.036801
1.000029 1.160824
1.008475 1.186594
0.9966482 1.166122
0.9732149 1.169717
1.003907 1.108908
0.9929446 1.172544
0.9358449 1.213021
0.9977734 1.158351
0.9693631 1.127733
0.9791717 1.198317
1.009276 1.193465
0.9528472 1.224362
1.017387 1.23458
0.9858896 1.145193
1.016645 1.091079
0.9920522 1.144261
1.009251 1.097922
0.9864142 1.065476
1.014313 1.02266
1.015391 1.048239
0.9713263 1.131628
1.002388 1.09989
0.9849549 1.148491
1.052313 1.139128
0.9914354 1.122293
0.9665679 1.137743
0.9720531 1.086067
0.9748543 1.08768
0.988243 1.056328
1.02537 1.088336
1.020369 1.063862
0.9773038 1.117268
1.021271 1.081599
0.9701461 1.117608
0.9408882 1.110176
1.009727 1.120292
0.9589126 1.11215
0.9774549 1.135385
1.0187 1.060021
1.018396 1.092421
0.9741017 1.071783
1.027164 1.128669
0.969128 1.123587
0.9824312 1.11464
0.9823062 1.113671
0.9935587 1.012898
1.035725 1.129831
1.000341 1.092123
0.9999941 1.11395
1.01118 1.089299
0.9799226 1.073262
0.9597007 1.173357
0.9748767 1.139712
1.02142 1.093936
0.9557424 1.119504
1.043641 1.120359
0.9842023 1.129353
0.9934463 1.138869
0.9796326 1.108106
0.9919136 1.173609
0.9642174 1.171649
0.9841933 1.151788
0.9751369 1.175329
0.9696498 1.118219
1.010918 1.193044
0.9256275 1.168967
0.9933439 1.116141
0.9865607 1.135889
1.014761 1.088817
0.9928069 1.084775
0.976782 1.101354
1.003778 1.163161
0.9986085 1.096518
1.013815 1.111165
1.044287 1.111018
0.9809838 1.043024
0.9990233 1.055291
1.002678 1.064238
0.9971278 1.011322
1.030298 1.063706
1.024159 1.06476
1.027074 1.060929
1.004395 1.053843
1.011114 1.045068
0.9768845 1.06057
1.03196 1.038232
1.004577 1.04198
0.997507 1.072137
1.047824 1.066625
0.9933909 1.07599
1.004919 1.054341
0.9802771 1.088051
0.9648898 1.042685
1.017401 1.037034
1.039408 1.081634
0.9773095 1.112658
0.9900088 1.086936
1.036211 1.095338
1.011035 1.089801
0.978619 1.061088
1.020327 1.074196
0.9894589 1.12327
0.9858919 1.100979
1.016985 1.064237
1.02466 1.088896
0.988655 1.101784
0.9894828 1.070591
0.9830005 1.158848
0.9642556 1.151681
0.9680576 1.143595
1.002949 1.166345
1.009063 1.21852
0.9980652 1.150611
0.9769635 1.199294
1.025828 1.144293
0.9450912 1.073829
0.985222 1.121585
0.9785021 1.112424
1.023817 1.132165
0.9934144 1.118307
0.9890724 1.138748
1.013432 1.11961
1.005596 1.149415
0.9764938 1.134913
1.012497 1.134717
0.9801807 1.149213
1.02219 1.102518
1.0041 1.094551
0.9677475 1.074991
1.004459 1.081736
1.030995 1.104664
1.005039 1.133602
1.012332 1.125013
1.034794 1.16651
1.015429 1.204783
1.000979 1.146832
1.00089 1.092108
1.016282 1.134154
0.9990522 1.061188
1.044176 1.074024
0.9898174 1.149654
1.015633 1.13663
0.9648091 1.176685
1.040136 1.167127
0.9887164 1.148813
0.9957065 1.137321
1.017917 1.126106
0.9883023 1.098357
0.9786494 1.125407
1.000699 1.052169
0.9996795 1.111641
1.003512 1.158411
1.011254 1.163914
0.9404642 1.123111
1.047494 1.059127
1.096176 0.964703
1.016603 1.065859
1.043765 1.002704
1.022414 1.029746
1.004333 1.082266
1.009939 1.097452
1.024726 1.083963
1.023863 1.050858
0.9850457 1.08838
1.001964 1.149807
0.9788982 1.128321
0.9925315 1.157611
0.9839986 1.202111
0.9961655 1.162588
0.9873111 1.106583
1.048522 1.080857
1.014512 1.080026
1.006667 1.074922
0.9650074 1.033965
1.010699 1.09242
1.030707 1.070273
0.9908793 1.121409
1.006257 1.102777
0.9764445 1.138949
0.9866839 1.121772
1.025533 1.138299
0.9894202 1.177789
0.9782124 1.111894
0.965498 1.152346
1.018903 1.080209
1.031627 1.03839
1.016834 1.100634
1.025793 1.11842
0.9930661 1.084897
1.010355 1.06075
1.036846 1.067158
1.044269 1.093668
1.015882 1.066268
1.039903 1.035885
1.003206 1.0473
0.9983167 1.157068
1.009392 1.13455
1.04481 1.094959
1.010188 1.116544
0.9854973 1.175942
0.9733248 1.117054
0.9960877 1.108617
0.9783885 1.066514
1.041801 1.075644
0.9954816 1.103973
0.9883191 1.101732
1.02799 1.104638
0.9957313 1.028934
1.019661 1.005401
1.022495 1.019909
0.9682884 1.014175
1.016981 1.048989
0.9901619 1.029349
1.005519 1.040595
1.022269 1.048741
1.046673 1.031665
1.02113 1.055673
1.008256 0.9877501
1.017684 1.01686
0.9825801 1.071847
0.9907836 1.081674
0.9911017 1.014269
0.9565486 1.059942
1.036639 1.064056
1.007356 1.056142
1.026322 1.063606
1.032949 1.064596
1.008092 1.014064
1.030706 1.058146
1.036803 1.048097
1.01388 1.070267
1.030285 1.081676
1.058176 1.047878
1.026471 1.008935
1.039159 1.072245
1.00617 1.044496
0.9871696 1.062504
0.9912842 1.106008
1.039782 1.059754
1.021948 1.053303
1.012084 1.03146
1.017474 1.002186
1.009049 1.058887
0.9684047 1.065907
1.01725 1.102614
1.024976 1.084549
0.9577402 1.09045
0.9935711 1.14116
1.000088 1.169167
0.9763209 1.127779
1.027552 1.099341
0.9868441 1.166637
1.020951 1.092591
0.9833792 1.070888
1.003821 1.095719
1.015013 1.010581
1.040589 1.055228
1.015463 1.080527
0.9704295 1.116624
1.000757 1.141427
0.9863194 1.157565
0.983153 1.134064
0.9546712 1.137908
1.033689 1.122296
1.000625 1.113652
0.964888 1.101165
0.9986401 1.067591
1.024125 1.07027
0.9789843 1.069517
1.01109 1.075793
0.9947725 1.061693
0.9990845 1.087426
0.9742696 1.087302
1.018562 1.125564
0.9880592 1.078689
0.9639113 1.03005
0.9941134 1.063432
0.9919034 1.132255
1.005976 1.09144
0.9718464 1.086925
0.9748964 1.057814
1.014909 1.036033
1.009285 1.057559
1.009469 1.094428
1.017923 1.097781
0.982224 1.127291
1.018543 1.078534
0.9941036 1.06943
0.9902959 1.078474
1.001829 1.098974
1.018334 1.131375
1.004593 1.121626
0.9749183 1.115611
0.9818521 1.122371
0.9973297 1.140695
0.9820927 1.118492
0.9841879 1.121632
1.052117 1.082335
1.001201 1.094705
1.015413 1.116587
1.035089 1.065075
0.9748497 1.089391
0.9478623 1.112979
0.9984548 1.087972
0.9854234 1.06001
1.019916 1.00682
1.003441 1.04946
0.9613012 1.071188
1.048682 1.080005
1.047826 1.121723
1.024478 1.09712
0.9856312 1.097333
0.982639 1.07862
0.9640031 1.147767
0.9968083 1.138322
0.9791363 1.087058
0.9786826 1.112131
1.013026 1.121716
1.03001 1.106676
1.004029 1.093803
0.9915236 1.067641
1.033934 1.078329
0.964927 1.061245
0.9968051 1.054354
1.011264 1.064865
0.9918319 1.093575
0.9933308 1.074678
0.960179 1.023034
1.032753 1.037634
1.000139 1.097384
1.046732 1.054685
1.009768 1.060647
1.018065 1.116643
1.047916 1.142847
1.015524 1.096604
1.004938 1.074596
1.033967 1.07747
1.013031 1.099629
1.014086 1.155698
1.022607 1.141307
1.037675 1.21171
0.9773255 1.11374
0.9624203 1.167624
1.047082 1.084991
0.9526982 1.155485
0.9849995 1.073508
1.016052 1.039231
1.00216 1.072701
0.9900132 1.075945
0.9915967 1.128267
0.9853099 1.116887
1.00244 1.123528
0.9993946 1.059156
0.9800936 1.018679
1.028823 1.017685
1.040088 1.075921
0.9888937 1.131819
1.036768 1.09073
1.001306 1.124271
1.0314 1.135941
0.9685972 1.06436
1.024408 1.098697
0.997324 1.120581
1.037063 1.114623
0.9598597 1.065365
1.041704 1.099619
1.015938 1.064557
0.9809355 1.017534
1.032066 1.069032
1.050251 1.061149
1.025804 1.010356
0.9972973 1.121456
1.035298 1.088665
1.021718 1.044925
1.017165 1.043485
1.032613 1.091174
1.016061 1.089029
1.032265 1.070785
0.9689745 1.116066
0.9928249 1.129249
1.044506 1.111347
1.019945 1.089763
0.9886856 1.08576
1.016324 1.053982
0.9728236 1.04216
1.014672 1.008289
1.041694 1.046329
1.061686 1.055882
0.9808959 1.10184
0.9864843 1.035947
1.026951 1.043958
1.022307 1.072027
0.9991206 1.053134
0.9960846 1.101605
0.9908892 1.1484
1.037024 1.204673
1.016512 1.082428
0.9747641 1.120392
0.9842622 1.13084
1.029728 1.126688
0.9775267 1.070083
0.9646976 1.090816
0.9652726 1.091507
1.010403 1.12267
1.018041 1.123898
0.9652511 1.131211
1.021175 1.076478
0.9997549 1.140646
1.019074 1.079011
0.9947529 1.096496
1.036031 1.042881
1.040574 1.049489
1.016328 1.066617
1.004284 1.08644
0.9513125 1.087059
1.000665 1.048388
0.9868544 1.076111
0.9651337 1.092046
1.000741 1.061556
1.020772 1.088508
1.015626 1.114076
1.028793 1.115163
1.054305 1.03406
0.9871132 1.081201
1.021179 1.032652
0.9749044 1.09875
0.9745744 1.09397
1.038109 1.169178
1.028541 1.122296
0.9841382 1.095606
1.004095 1.041479
0.9801795 1.062319
0.9878635 1.132417
1.019263 1.07818
1.003988 1.074799
1.021413 1.1164
1.01709 1.089528
0.9956227 1.095153
1.025476 1.103077
1.044341 1.103248
1.007797 1.071107
1.012521 1.018182
1.019782 1.022491
1.011215 0.9954226
0.9868474 1.069226
0.9950352 1.060629
1.012182 1.092009
1.00406 1.124058
1.010694 1.079836
1.00787 1.029057
1.028068 1.084458
1.039102 1.060993
1.013756 1.011585
1.054183 1.035167
1.025209 1.055305
1.014268 1.098001
1.043188 1.083783
0.9938674 1.093101
1.030858 1.090765
0.9816159 1.117417
0.9753426 1.149423
1.009886 1.169589
1.014527 1.192646
0.9640628 1.195019
0.9939214 1.1106
0.9981694 1.113057
0.9893138 1.143902
1.011157 1.115018
0.9937613 1.095095
1.001519 1.095566
1.051332 1.122363
0.9683061 1.118663
1.030915 1.092305
1.020078 1.062225
0.9811862 1.093611
0.9992918 1.068208
0.9919673 1.062069
1.00106 1.068233
0.9645898 1.04831
1.000483 1.125443
0.9975123 1.05213
1.027528 1.019467
0.9873563 1.005143
1.006461 1.076444
0.9654611 1.024504
0.9637768 1.04038
1.019235 1.03342
1.022554 1.045815
0.9769529 1.091877
1.026841 1.053054
1.059591 1.051289
0.9835332 1.104278
1.033039 1.093874
1.006955 1.140341
0.9915733 1.112862
1.030358 1.124952
1.017671 1.050985
1.054275 1.095411
1.036577 1.08541
1.01666 1.126982
1.001833 1.148702
1.004646 1.116777
0.9842312 1.118032
0.9963685 1.113178
0.9886758 1.142882
1.026078 1.149884
0.9900103 1.147657
1.015346 1.084651
1.001814 1.106044
1.045536 1.04956
1.014017 1.018803
1.051787 1.065466
0.9690013 1.068104
1.022667 1.075289
1.008246 1.107382
0.994548 1.120504
1.033138 1.16373
0.9518477 1.077752
0.9666471 1.084015
1.01231 1.08525
0.9743023 1.116024
0.9758215 1.159172
0.978317 1.098442
0.9851426 1.062586
0.9863569 1.142773
0.9874635 1.178812
1.033154 1.116868
0.9896381 1.120996
0.9631836 1.099306
0.9558213 1.111448
1.00783 1.124534
0.9952049 1.080958
0.9565061 1.126435
0.9930091 1.106467
1.008695 1.056775
0.9824609 1.066208
1.007875 1.112488
1.012777 1.163517
0.9813339 1.137645
0.9813485 1.116398
1.003343 1.084272
1.055243 1.105445
0.9999243 1.102875
0.9735806 1.088242
0.9749071 1.088455
0.9893126 1.097447
1.007403 1.110024
1.018745 1.1296
0.9825821 1.11552
0.9711066 1.126997
0.9731885 1.09326
0.9934761 1.113265
1.008937 1.114209
1.032276 1.020173
0.9906066 1.085046
1.008407 1.047195
0.9795584 1.030386
0.9564721 1.051463
1.015452 1.053588
1.01335 1.016061
0.9696913 1.022475
1.026507 1.093944
0.9924475 1.118283
1.022605 1.132864
1.000529 1.171852
0.9774019 1.183946
0.9873529 1.189224
0.9733546 1.197509
1.011022 1.176998
1.021661 1.122858
0.979264 1.134218
0.944729 1.13489
1.019008 1.102176
1.035663 1.108577
0.9768281 1.109339
1.054628 1.071338
0.9980642 1.049761
0.9879987 1.031556
1.033491 1.047097
0.9852416 1.087042
1.00338 1.082955
1.014068 1.067393
0.9917699 1.122562
1.019629 1.129074
1.03964 1.096714
1.002389 1.078641
1.042818 1.131261
1.006321 1.0931
1.040141 1.063247
0.9974233 1.068721
1.005276 1.068203
1.037676 1.023147
1.018097 1.055427
1.009053 1.049144
1.016504 1.106536
0.9799888 1.084474
1.008604 1.090593
1.021519 1.069609
1.018126 1.090989
0.9998704 1.072938
0.9836266 1.100602
0.9839637 1.103989
1.006164 1.050887
0.9882722 0.9979883
1.001523 1.094293
1.037254 1.112888
1.0502 1.075864
0.9635017 1.147673
0.9806273 1.113477
1.001044 1.176464
0.9742912 1.163462
1.014872 1.169472
0.9938203 1.155533
1.013357 1.181121
0.9807674 1.197987
0.9979318 1.172918
0.9777531 1.145477
0.9865523 1.146496
0.9498249 1.171304
1.02637 1.19294
0.9624708 1.21258
0.9619687 1.201595
1.020747 1.114156
0.9893462 1.154398
1.014222 1.12295
0.9903912 1.113233
0.9754752 1.198555
0.9998305 1.150108
1.002867 1.185926
1.003454 1.095091
1.028808 1.112072
1.026349 1.137413
0.9754978 1.095173
0.976781 1.077106
0.9992686 1.096279
0.9950538 1.124137
1.045948 1.12869
1.037034 1.248007
0.9744434 1.209123
0.9918637 1.120511
0.9924129 1.225767
0.9919988 1.198213
0.9822418 1.129675
1.030235 1.098382
0.9698582 1.091219
1.007563 1.090487
0.9833498 1.108883
1.013517 1.12038
1.02204 1.145615
0.9952766 1.141529
0.9691834 1.12236
0.9723655 1.166921
0.9850385 1.183682
1.03394 1.12609
0.9957426 1.130645
0.980212 1.110407
0.9822103 1.098373
1.009072 1.110612
0.9689316 1.147835
0.946998 1.146407
1.004869 1.174531
1.00407 1.170541
1.020984 1.109957
0.9952661 1.16382
1.036944 1.11794
1.017611 1.096809
0.998476 1.081577
0.9955734 1.0732
1.035966 1.12384
1.007903 1.124489
0.9670167 1.071652
0.9853937 1.112361
1.030767 1.057678
1.019929 1.003006
1.032624 1.055726
0.993013 1.048079
1.009919 1.021371
0.9708255 1.067336
0.9925137 1.066448
0.9929614 1.118793
1.009504 1.096906
1.012258 1.11196
0.9536319 1.141167
0.9934136 1.099344
1.034576 1.112977
1.020973 1.21347
0.9908151 1.132475
1.019235 1.111154
1.028533 1.10915
0.9896269 1.168256
0.9741675 1.123234
0.9922298 1.101707
1.033454 1.114132
1.031548 1.112963
1.044977 1.052409
0.9945413 1.077162
1.01942 1.034802
0.9866683 1.032638
1.025873 1.037413
1.009084 1.102428
0.9963678 1.064155
0.9957568 1.120229
1.045413 1.103725
1.012705 1.088972
0.9624361 1.111045
1.004539 1.105755
1.038353 1.094787
0.992957 1.11915
0.9738098 1.164002
0.9756289 1.150406
0.9537391 1.13318
1.011469 1.101626
1.031057 1.124337
0.9930329 1.082179
1.010407 1.081456
0.9811721 1.092146
0.9737355 1.104712
0.9736767 1.171873
0.9744386 1.189368
1.014476 1.141998
0.979483 1.115731
0.9742908 1.110852
1.009148 1.197528
0.9821398 1.090211
1.006697 1.127446
0.9975092 1.096448
1.02191 1.082513
0.9926691 1.130393
0.9989337 1.107388
1.038412 1.098245
0.9926146 1.137184
0.9752877 1.129467
1.037892 1.119891
0.9959124 1.066506
1.030416 1.120255
0.9862928 1.161457
0.9808777 1.17974
0.9892539 1.155442
0.9761762 1.129746
1.031219 1.116322
0.9935257 1.148343
1.004578 1.125558
1.011048 1.065581
1.03115 1.058768
1.019401 1.067634
0.9970278 1.119453
0.9851814 1.137276
1.001831 1.158328
0.9885395 1.089475
1.0276 1.182881
1.00993 1.136852
0.9594053 1.128903
0.9594731 1.158591
1.009558 1.134301
0.9469065 1.093439
0.9915743 1.116553
0.982142 1.13793
1.019277 1.1254
1.00019 1.119834
1.044158 1.136897
0.955704 1.193135
1.019129 1.117475
0.9680311 1.166615
0.9849988 1.153775
1.008844 1.096061
1.009361 1.094978
1.031326 1.094841
1.004501 1.062874
1.013338 1.125232
0.9776512 1.147967
1.000251 1.102967
0.9797549 1.065134
1.013632 1.100268
0.9848891 1.197118
1.004574 1.096793
0.9942215 1.098691
0.9927 1.226036
0.9917332 1.218523
1.006726 1.150613
1.004697 1.119735
0.9816519 1.095691
0.9755971 1.133264
1.014684 1.1293
1.01233 1.216367
1.005283 1.116515
0.9652418 1.133541
0.9485663 1.116679
1.014268 1.108648
1.005037 1.076391
1.014799 1.055963
1.0282 1.151773
0.9658367 1.118245
1.045308 1.123324
1.035834 1.109741
1.013896 1.089173
0.9821062 1.09896
1.002646 1.06756
0.9865524 1.145732
1.032279 1.090176
1.01734 1.025484
0.9948145 1.105769
1.022074 1.112046
1.01387 1.113413
0.9905909 1.081346
1.022287 1.04369
1.008387 1.107025
0.9799367 1.089793
1.023101 1.117467
0.9787299 1.100689
1.017214 1.104819
0.9960964 1.068937
1.057046 1.031544
1.050693 1.067488
0.9836133 1.118193
0.9730361 1.064099
0.9923249 1.049382
0.9893144 1.06756
1.029062 1.090613
1.004165 1.104165
0.9956543 1.182374
0.9886247 1.112766
1.007389 1.110776
1.01237 1.113048
1.041685 1.154042
1.070853 1.119608
0.98368 1.111011
0.964343 1.128672
0.9955206 1.089059
1.00934 1.141503
1.001906 1.091059
1.0238 1.036028
1.039184 1.084133
0.9916956 1.062457
0.9927139 1.076046
1.035441 1.102619
1.044315 1.044201
0.9913583 1.025237
1.01327 1.080625
1.004054 1.132887
1.046994 1.090553
0.9862801 1.154907
0.9862181 1.072994
1.011298 1.140302
1.025948 1.140096
0.9695772 1.177903
0.9608873 1.166157
0.9945944 1.124874
0.9955464 1.187619
0.9851987 1.198839
0.9683333 1.165209
0.9636462 1.176685
0.951378 1.176868
0.9754073 1.189248
0.9644516 1.131696
1.027933 1.131454
1.000141 1.124767
0.946767 1.107937
0.9449066 1.16248
0.9970131 1.084712
1.024892 1.113351
1.015369 1.094874
1.025742 1.041754
0.9852142 1.06257
0.9725404 1.120653
1.047344 1.063071
0.9935494 1.095448
0.988213 1.114424
1.053102 1.139862
1.0002 1.060204
1.00055 1.104764
1.032076 1.123973
1.000646 1.087886
0.9975457 1.128465
0.9958873 1.205866
0.9765349 1.190331
1.020477 1.116354
0.9728846 1.088625
1.01027 1.104145
0.9846928 1.114405
1.03803 1.101325
0.9744398 1.120986
0.9853429 1.147616
1.015106 1.127179
0.9981302 1.174086
0.9800506 1.187432
0.9864451 1.155909
1.088891 1.105866
0.9772771 1.14406
1.013487 1.120424
1.068218 1.130703
0.9921738 1.109411
0.9959551 1.088619
0.99132 1.069641
0.9789548 1.093867
0.9941647 1.065929
1.001552 1.076554
1.025096 1.02961
0.9755778 1.026283
1.025777 1.055784
0.9682427 1.056154
0.9799619 1.053096
0.9798601 1.081344
1.009387 1.092154
0.9780323 1.138611
1.037883 1.139173
0.962334 1.10338
0.9946516 1.113217
0.9741749 1.123206
0.9948406 1.080584
1.008732 1.07342
0.9974544 1.063223
1.033495 1.080578
1.023167 1.06578
1.031232 1.081777
1.030089 1.076532
1.003777 1.041605
1.018588 1.011346
1.018195 1.021357
0.9949624 1.114724
0.9970088 1.132144
0.9994674 1.123148
1.00126 1.125402
0.9804363 1.130272
0.9759491 1.119308
1.017258 1.116428
0.9912368 1.142755
0.9659823 1.162404
0.9529337 1.109415
0.997684 1.081729
1.00751 1.057345
0.9951967 1.043769
0.9966313 1.090582
1.037897 1.115514
1.022639 1.137304
0.9744599 1.139993
1.025036 1.078297
1.019056 1.117553
0.9771417 1.088584
0.9919502 1.092063
1.038747 1.014877
1.010998 1.004788
1.015414 1.024315
0.9918745 1.049412
0.9740099 1.126509
0.9927954 1.066157
1.008796 1.070202
1.01545 1.089233
0.9785192 1.110822
0.9940914 1.122516
1.010701 1.089013
1.024314 1.03838
1.027487 1.03043
1.030791 1.077791
0.9670893 1.06079
1.009538 1.068528
0.9981599 1.082647
1.010905 1.133176
1.000451 1.118178
0.9780571 1.117799
0.9829696 1.149657
0.9961889 1.088926
1.020332 1.004572
1.05389 0.9713782
1.024219 1.003232
1.011261 1.015875
1.063532 1.0128
1.010465 0.9925755
1.054264 1.001587
1.033648 0.9737579
1.022398 0.9584308
1.006455 1.015259
1.061364 1.030327
0.9573869 1.081849
1.006628 1.06814
1.03648 1.035897
1.012846 1.022303
1.022462 1.092918
1.02062 1.069802
1.024509 1.09365
0.995526 1.07909
1.003871 1.120069
0.9846883 1.106218
0.9889253 1.095073
1.020174 1.076479
0.9679143 1.061666
0.9827516 1.081572
0.9902889 1.063239
0.9934446 1.0784
0.9986102 1.086665
1.038263 1.083196
0.9709063 1.11024
1.002632 1.148714
0.9933306 1.112203
1.011073 1.081232
1.010146 1.086696
0.983265 1.123748
1.003983 1.117302
1.020961 1.115369
1.000452 1.098465
0.9906522 1.12247
0.9896296 1.155236
0.9682939 1.14374
1.033387 1.086122
1.021858 1.134148
0.9804042 1.108848
0.9819176 1.118835
0.9958806 1.054212
1.002684 1.073548
1.035135 1.085864
0.9749347 1.143494
1.019583 1.088763
1.009813 1.072368
0.982095 1.095023
1.031314 1.065343
1.038055 1.084337
0.9829543 1.103304
1.023946 1.137163
1.025281 1.107576
1.108249 1.106636
0.9845566 1.113641
0.9697703 1.103142
0.9872825 1.097157
1.003944 1.150346
0.9642844 1.102025
1.077493 1.097194
0.9824763 1.077322
0.9571913 1.093073
1.074677 1.06163
0.9619117 1.119779
1.000299 1.165359
0.9974855 1.205562
1.039274 1.185008
1.006437 1.227491
0.9493161 1.248117
0.9724257 1.177346
0.9946197 1.129889
1.011931 1.136028
0.9879016 1.143942
0.9989561 1.132158
0.9957014 1.157884
0.9829668 1.106315
0.9788762 1.085484
1.007182 1.107303
0.9523883 1.104831
1.03156 1.113473
1.040271 1.118898
0.9603954 1.083704
0.9851467 1.093384
0.9649105 1.137257
0.9947679 1.135718
1.004502 1.172884
0.9531149 1.189922
0.9592215 1.209738
0.9597417 1.23125
0.9496746 1.138891
0.9865556 1.109259
0.9974714 1.040021
1.051186 1.055922
0.9830983 1.031185
1.055454 1.064919
1.017708 1.122246
0.9555094 1.093601
0.9999198 1.036204
0.9778797 1.093693
1.066537 1.063518
0.9842251 1.079859
1.004938 1.209453
0.9794361 1.174597
0.991726 1.203001
0.971083 1.162974
0.9896593 1.129391
1.006095 1.226528
1.002241 1.174045
0.9880218 1.166693
0.9906847 1.161847
0.9912306 1.137643
1.003342 1.127401
0.9814609 1.09838
0.9657536 1.030945
1.042817 1.019602
1.02884 1.081406
0.9915087 1.096948
1.033956 1.122998
1.007823 1.094365
0.9867631 1.110152
0.9559385 1.09007
1.031035 1.102863
0.9817786 1.039145
0.9854058 1.110369
0.9892732 1.08962
0.9631772 1.074962
0.9643221 1.124835
0.9920663 1.143219
0.9978755 1.109645
1.020437 1.150993
0.9999114 1.15596
0.9543004 1.181283
0.9902787 1.17927
1.008915 1.181283
1.017274 1.170005
0.9886989 1.10546
1.006514 1.150646
0.9788886 1.100731
1.020437 1.074674
0.9799691 1.098111
0.9554809 1.155973
0.9803837 1.176159
0.9840149 1.140361
0.9637417 1.100099
1.003957 1.107605
1.055663 1.143657
1.019404 1.129786
1.034184 1.080419
0.9636108 1.135134
0.9985627 1.110175
0.9976264 1.082137
1.033693 1.119997
1.04464 1.104356
1.00448 1.107574
1.042761 1.107072
1.01973 1.08605
0.9815534 1.090205
1.020278 1.046087
1.045652 1.017998
1.010629 1.089511
1.046436 1.029264
0.9731741 1.176487
1.040499 1.111292
0.9431961 1.150776
0.9712161 1.167941
0.9567163 1.238508
0.9508801 1.232157
0.9870247 1.209326
0.9734274 1.121747
1.007677 1.139246
1.043384 1.116718
0.9902734 1.104832
0.9985019 1.099225
0.981066 1.101116
0.9907648 1.109746
0.9604483 1.122747
0.9667376 1.122
0.9432433 1.145383
1.003679 1.067231
1.030976 1.076461
1.038498 1.149411
1.016982 1.111065
0.974836 1.062639
0.997484 1.064006
1.020076 1.079347
0.9725985 1.172973
0.9802019 1.139147
0.9998817 1.065013
1.02295 1.048456
0.9669973 1.080579
0.9906963 1.091817
1.000294 1.072621
0.9857235 1.126272
1.010682 1.133139
0.9921686 1.116803
0.9490558 1.068913
1.002167 1.035531
1.032472 1.078542
0.9981485 1.053967
1.010087 1.105104
0.9689068 1.09001
1.0039 1.045771
1.007533 1.062654
1.006293 1.086538
0.9999551 1.11019
0.9990358 1.157085
0.9718 1.133189
1.027473 1.106921
1.005934 1.127194
0.9951964 1.110205
0.9524846 1.132572
1.00451 1.11396
1.038105 1.102817
1.042787 1.086595
1.013129 1.068444
0.9754486 1.139986
0.9945186 1.100022
0.9959447 1.05579
1.008408 1.050494
0.9813715 1.10826
1.002626 1.032985
0.9925442 1.072277
0.9928038 1.082268
0.9997969 1.066348
0.9492967 1.140422
0.9647324 1.108198
1.042286 1.069959
1.008997 1.104695
0.9723964 1.180967
1.012322 1.189135
0.9714066 1.23164
0.9685731 1.130743
1.032379 1.124604
1.059257 1.067333
1.042127 1.061644
0.9718322 1.133874
1.018075 1.121269
1.011645 1.116104
0.9784867 1.123302
1.001777 1.163778
0.9902294 1.180056
1.040752 1.138715
0.9857699 1.129294
0.9466449 1.166455
1.00811 1.166553
0.9700654 1.139113
0.9917574 1.073339
1.018008 1.099906
1.004988 1.061159
1.006079 1.096852
0.9902958 1.106146
1.033254 1.044528
1.012195 1.053186
1.020918 1.058908
1.011679 1.070233
1.024177 1.089102
0.9685847 1.031314
0.964772 1.17211
1.000682 1.114357
1.005427 1.116867
0.9693916 1.115421
0.9995175 1.122691
1.000968 1.062126
1.019713 1.01066
1.0319 1.029421
1.011562 1.033234
0.9900793 1.078218
1.012421 1.108258
1.018701 1.056307
0.9664149 1.062085
0.9729152 1.116707
0.9636624 1.08958
1.019483 1.071536
1.022533 1.077674
0.9950383 1.051366
1.011256 1.105104
1.019899 1.053933
1.000036 1.108079
1.009568 1.040347
1.005409 1.073656
0.9979778 1.046481
1.003899 1.123759
0.9727641 1.119155
1.009885 1.085259
1.022099 1.072102
0.9808699 1.087196
1.051884 1.05516
0.9978546 1.064108
1.034607 1.027985
0.9832686 1.124158
1.011354 1.07609
0.9992889 1.152319
1.047669 1.122488
0.9649549 1.088485
1.005774 1.089088
0.9775031 1.155165
0.9841894 1.120994
1.055573 1.104731
1.007508 1.202905
1.002953 1.113608
1.061436 1.087217
0.9848817 1.142616
1.006026 1.141599
0.9676691 1.119652
0.9761881 1.090672
0.985632 1.207805
0.9676781 1.171892
1.011612 1.15421
1.003361 1.204719
0.9935886 1.194349
0.9563715 1.203706
0.9679701 1.223637
1.054777 1.151006
0.9717211 1.149028
1.009059 1.152867
1.02449 1.10894
1.017201 1.090035
0.9750684 1.042769
0.9956498 1.073795
1.036559 1.063086
1.004098 1.085178
0.9792604 1.077452
1.033345 1.084347
1.001105 1.069733
0.9207745 1.126169
1.013241 1.09459
1.042535 1.059359
1.003098 1.087499
0.9993018 1.093729
0.9590679 1.132952
0.9691181 1.084947
1.001921 1.039009
1.004357 1.072646
0.9882701 1.067574
1.042205 1.07745
1.060323 1.092117
0.990861 1.114085
0.9922893 1.052466
1.050639 1.043794
1.021304 1.041925
0.9771517 1.06777
1.035143 1.083263
1.013071 1.132431
0.9983484 1.123561
1.002048 1.131804
0.947478 1.107437
1.014066 1.109174
1.057053 1.039575
1.002838 1.081086
0.9810498 1.060894
0.9858415 1.059737
0.991229 1.06216
1.029089 1.076876
0.9759713 1.133293
0.9848347 1.138031
0.9871937 1.125324
0.964131 1.178433
0.9892299 1.186394
0.9480617 1.218096
1.01853 1.212415
0.9984758 1.186034
0.9817022 1.174659
1.015244 1.150619
0.9861265 1.160612
0.9843166 1.136048
1.037202 1.091648
0.9472693 1.139839
0.9999398 1.126277
1.016172 1.141099
0.9923839 1.133754
1.04342 1.253869
1.027156 1.098741
0.9771533 1.104013
1.010016 1.068244
1.045812 1.098189
0.9987895 1.075041
0.9917197 1.050658
1.010645 1.025301
0.991609 1.139108
1.046563 1.04967
1.016321 1.033503
1.031295 1.060773
1.011303 1.049496
0.9763353 1.050566
0.9747485 1.070583
1.023444 1.11356
1.007379 1.087664
1.026851 1.106149
1.004323 1.084025
1.010537 1.032563
0.9866826 1.034422
0.9852229 1.054764
0.9941436 1.05855
0.9837932 1.057937
0.9762297 1.122622
0.9514665 1.183832
0.9671059 1.194928
0.9611069 1.172245
0.9606494 1.187269
0.9955943 1.160117
1.006997 1.151522
1.017127 1.102672
1.006625 1.064918
1.045497 1.104223
1.01526 1.074348
0.9886738 1.041895
0.9991934 1.009137
1.019876 1.070123
1.045756 1.055957
1.00013 1.069595
1.046818 1.083042
0.9788633 1.072933
0.9732558 1.085815
0.9661929 1.090753
0.9946973 1.17523
0.9668367 1.193238
0.9885014 1.085451
0.9521912 1.112217
0.9996529 1.095651
1.014453 1.132061
0.9914676 1.134492
0.9599458 1.089112
1.001374 1.103155
1.008507 1.144956
1.044316 1.134149
1.004832 1.154
0.975009 1.203616
1.011693 1.188329
0.9759836 1.161427
0.9353389 1.29622
0.9915565 1.262199
1.010457 1.158524
0.9910768 1.089602
0.9994676 1.079889
0.9860912 1.016262
1.000728 0.9903544
1.022148 1.025667
1.036327 1.067654
0.992123 1.059771
0.9784071 1.071052
1.006874 1.102203
1.026191 1.079885
0.9802605 1.182327
1.030126 1.092668
0.9891854 1.13976
1.023231 1.061793
1.019752 1.025506
0.9776801 1.063581
1.022035 1.094931
0.9971395 1.081017
0.982814 1.036496
1.020201 1.112347
1.032496 1.065421
0.9993036 1.140379
0.9936972 1.152162
1.019491 1.143209
1.00847 1.133965
0.9790115 1.145277
1.032707 1.112025
0.9647264 1.049652
1.039316 1.063757
0.982147 1.050078
1.005449 1.096413
0.979297 1.067684
1.00846 1.025445
0.990163 1.026863
1.032981 1.071165
0.9893095 1.016651
1.032936 1.052003
1.001781 1.063703
1.00513 1.095836
1.00662 1.132647
1.038714 1.123784
0.9634358 1.086661
0.9916007 1.104864
1.043417 1.087567
0.955287 1.165441
1.017264 1.098551
0.9935341 1.091764
1.038725 1.0896
0.9601454 1.156503
0.9836138 1.122867
0.9940548 1.126453
0.9941746 1.154916
0.9918897 1.101621
0.9725053 1.053872
0.9879148 1.020373
1.016615 1.044691
0.9903678 1.082505
1.007747 1.043028
1.034992 1.009585
0.9802822 1.008106
1.005342 1.02641
0.9881102 1.021615
1.019121 1.011206
0.9851597 1.054553
1.017191 1.027337
1.035016 0.9937379
1.024 1.048254
1.034877 1.080057
1.058387 1.077821
0.9434603 1.058108
1.03366 1.081433
0.9848595 1.114148
0.9469203 1.238837
0.9951298 1.170789
0.9743643 1.15965
1.038925 1.077678
1.000213 1.124248
0.9823749 1.092903
1.006776 1.107584
0.9909931 1.106251
1.006813 1.127253
1.02635 1.150837
0.9880846 1.170316
0.9693592 1.185918
1.008367 1.201283
1.0182 1.154092
0.973505 1.105425
0.9996669 1.122628
0.9758116 1.187467
0.9553673 1.206677
0.9803168 1.161373
0.9995528 1.121424
0.9725596 1.18467
0.9923197 1.179058
0.94889 1.174981
0.9785778 1.149241
0.9416614 1.153857
0.9831989 1.18899
1.020406 1.143409
0.9900708 1.150536
0.9807123 1.110005
1.016922 1.207031
0.96902 1.197495
0.9702926 1.168353
0.9833817 1.153888
0.9838345 1.178573
0.9774364 1.148521
0.9862437 1.209248
1.005634 1.119098
0.9861177 1.150439
1.006742 1.138946
1.005545 1.195743
1.020144 1.166596
0.9998932 1.161131
0.9912639 1.160683
1.008612 1.041972
1.008626 1.093615
1.006736 1.154609
1.069709 1.06569
1.03596 1.097434
0.9735976 1.147332
0.9692483 1.122119
1.01169 1.105508
0.9884037 1.113097
0.9764426 1.13451
1.039022 1.068256
0.9836902 1.052071
1.050015 1.104987
0.9994399 1.11578
1.038786 1.104271
0.9955758 1.049674
0.9966269 1.132916
0.9793532 1.104747
1.014972 1.169801
0.9840361 1.112899
0.9627007 1.162851
1.05114 1.131876
1.01325 1.149144
0.999716 1.185153
0.9863045 1.150919
1.00813 1.199907
0.9953359 1.200357
1.033836 1.176761
0.9933919 1.175347
0.995475 1.09352
1.020322 1.04668
1.055958 1.028408
1.051865 1.033832
1.018293 0.9938935
1.065856 1.004381
0.9477478 1.025279
1.005068 0.9988621
1.003029 0.9951996
1.021779 1.015821
1.003143 1.054751
1.016419 1.067266
1.025897 1.056631
1.03337 1.080189
0.9790672 1.052343
0.9896241 1.093038
1.002493 1.06774
1.029471 1.074589
1.049084 1.010809
0.9614514 1.083985
1.011238 1.087202
1.011408 1.131758
1.011798 1.094523
1.002544 1.043712
0.9858656 1.096841
1.012645 1.086916
0.9849427 1.116616
0.9910323 1.151588
0.9787588 1.097466
0.9569152 1.18031
0.9982326 1.172388
0.9991381 1.144401
0.9814652 1.106488
1.034437 1.092781
1.01347 1.103143
1.039295 1.045635
0.9821947 1.092905
1.060916 1.13282
0.9982419 1.081435
0.9882822 1.13003
0.9770805 1.139345
0.9982758 1.113203
1.019287 1.075476
0.9962204 1.081399
0.994428 1.032318
1.010194 1.028456
1.027235 1.041215
1.003986 1.02752
1.037333 1.076
0.9732342 1.086423
1.008869 1.099559
1.010721 1.095018
0.9949077 1.100233
1.006966 1.144381
1.006716 1.105223
1.005065 1.093674
0.9941664 1.115166
1.009537 1.068607
1.037169 1.130014
0.9845426 1.189985
1.010869 1.160095
0.9967854 1.163996
1.02744 1.106355
1.023964 1.133
1.034631 1.064804
1.03079 1.135915
1.023644 1.138528
0.9807543 1.176945
1.050533 1.160328
0.9423614 1.240515
1.022718 1.17318
1.003883 1.097474
1.001131 1.143471
1.002457 1.16283
0.9989904 1.138809
1.015086 1.155744
0.9644026 1.134426
1.001774 1.10166
0.9831952 1.132078
0.9674251 1.122631
1.016018 1.156212
0.9987273 1.1755
1.037573 1.190091
0.9736847 1.141788
1.003453 1.137575
0.9793105 1.201258
0.9599912 1.22472
1.003882 1.141673
0.9521052 1.133796
1.03101 1.241218
1.021802 1.198158
1.006206 1.154039
0.9643826 1.136205
1.032201 1.12323
1.001132 1.113214
1.006261 1.10801
1.013614 1.131712
1.015474 1.093071
0.9843397 1.082511
1.007874 1.081676
1.035041 1.08231
0.988364 1.103591
0.9433722 1.134644
1.03957 1.071833
1.001837 1.138658
0.9777699 1.075079
0.9854465 1.123336
0.9886754 1.126412
1.022362 1.070657
0.9772687 1.101109
0.9900006 1.09411
0.98223 1.085092
0.9917354 1.082276
1.040491 1.064416
1.00347 1.088071
0.9589101 1.090896
1.05121 1.04007
1.01506 1.064344
1.025123 1.10623
1.020854 1.061546
1.020786 1.04374
0.9768026 1.064683
1.047383 1.079626
0.9819838 1.037269
0.9854654 1.023468
1.011448 1.107192
0.9773996 1.0384
0.9916393 1.099342
0.9589724 1.126156
1.003589 1.101173
1.037219 1.010949
1.002988 1.083169
1.002112 1.077185
1.009086 1.105733
0.9970752 1.10703
1.03869 1.09594
1.01941 1.12508
1.011794 1.147335
0.9769417 1.092518
1.006232 1.109362
1.025164 1.110332
1.050492 1.123359
1.015322 1.12749
0.9739256 1.106519
1.041227 1.072004
1.029231 1.06155
0.9801926 1.085079
0.950255 1.081661
0.9833702 1.077471
1.008912 1.067613
1.017547 1.061942
0.9794812 1.117152
0.9883221 1.136106
1.010711 1.083716
1.060378 1.139475
1.00637 1.174074
1.028665 1.14046
1.016127 1.067963
0.9897403 1.09453
0.9899226 1.071872
0.9485366 1.149868
1.0041 1.13257
0.9695725 1.096541
0.9941596 1.101324
1.051778 1.11107
0.9957829 1.098399
1.003159 1.038305
0.9878921 1.040906
1.040622 1.078818
0.972328 1.068306
1.048858 0.9969717
1.015449 0.9988223
1.013038 1.029332
0.9924137 1.055404
0.9926115 1.106007
1.013281 1.098542
1.002249 1.039215
1.020281 1.05345
1.018171 1.004583
1.060132 1.055738
1.000056 1.055311
1.00398 1.081923
1.003893 1.051379
1.04441 1.026697
1.031351 1.059559
0.9926539 1.081244
0.9495371 1.100064
0.9863272 1.094585
1.002478 1.052128
1.026974 1.109946
0.997871 1.133221
1.033944 1.136323
1.012718 1.111482
1.01663 1.107514
1.008888 1.102456
0.9669787 1.140023
0.9999716 1.117891
1.005381 1.085454
0.9687782 1.126801
0.9826166 1.105333
1.009677 1.152752
0.9986823 1.172968
1.000393 1.144379
0.9948434 1.107665
0.9991523 1.194198
1.013692 1.106483
1.016215 1.128721
1.008062 1.076555
1.022687 1.113665
0.981497 1.035178
0.9829162 1.055689
0.9688548 1.077597
1.024352 1.051391
1.019172 1.01927
1.008674 1.086029
1.04076 1.068649
1.011826 1.105402
0.9824479 1.103648
0.9983501 1.125242
0.9983788 1.135981
0.9987107 1.148568
1.094326 1.150843
0.9867478 1.114998
0.9946325 1.137549
0.976955 1.120084
0.9905109 1.110478
1.007375 1.088164
0.9850086 1.108969
1.009209 1.15717
1.006032 1.131773
0.9670422 1.114614
0.9879715 1.109428
0.9778092 1.136297
0.9966107 1.15297
0.9531314 1.167392
0.9621428 1.167329
1.03766 1.134996
0.974683 1.13248
0.9889164 1.111262
1.032885 1.05042
0.9959013 1.020659
1.032247 1.064589
1.008833 1.183117
1.026879 1.159708
1.012818 1.097701
1.019329 1.155231
0.9859817 1.09122
1.070621 1.086829
0.9974536 1.203396
0.9977357 1.216229
0.9620903 1.324195
1.010972 1.207783
1.013464 1.132756
0.9871606 1.139234
1.0187 1.111489
0.9961694 1.064286
0.9972621 1.118926
0.9908299 1.074765
1.025291 1.147239
0.9616105 1.187307
0.9889959 1.175605
0.9710781 1.115751
0.9874379 1.144258
0.9605168 1.109464
1.019659 1.070542
0.9897653 1.149561
0.9756117 1.112019
0.958248 1.034733
1.015766 1.079816
0.9998548 1.047672
1.023824 1.07262
1.030074 1.091882
0.964951 1.065063
1.025302 1.055547
1.041817 1.049709
1.037017 1.033322
0.9870765 1.056791
0.9661555 1.051734
1.005451 1.029325
0.9975766 1.069112
0.9676976 1.050243
1.031412 1.078664
1.010526 1.08555
0.9694535 1.071612
1.027236 1.03723
1.058861 0.993358
0.9529761 0.9932292
1.043147 0.971581
0.9784616 1.022004
0.9993722 1.052236
0.9904772 1.087118
0.9925693 1.093132
0.98875 1.175451
0.9796967 1.091491
0.9730863 1.101299
1.044733 1.067872
1.047565 1.0654
1.025238 1.083084
1.030502 1.069712
0.9797268 1.119789
1.019841 1.080171
1.0464 1.046261
1.00374 1.027027
1.030564 1.061453
1.018088 1.069178
0.9940319 1.0578
1.025046 1.058421
1.019045 1.150487
1.022233 1.093404
0.9983392 1.105737
0.9712349 1.117495
0.9936566 1.103979
1.003097 1.058297
0.9929761 1.134274
0.9422133 1.13888
1.011659 1.10533
1.059979 1.070982
0.9850782 1.163936
0.9600798 1.159977
0.997292 1.123081
0.972485 1.228038
0.9966866 1.110278
1.014632 1.118962
0.9977952 1.115919
0.9652005 1.101895
1.00385 1.071485
0.9542519 1.113681
1.008413 1.088468
0.993544 1.125112
1.020207 1.0756
0.9648016 1.020769
1.046128 0.9750844
1.017973 0.963037
1.037466 1.015425
0.9986849 1.014599
1.025034 1.01786
0.9698673 1.057797
0.99154 1.073604
0.9837532 1.113386
0.9850781 1.090139
1.018926 1.119904
0.9921723 1.153795
1.051406 1.176651
1.018602 1.135145
0.9741806 1.168177
0.9523752 1.131189
1.004561 1.056822
1.001279 1.151918
0.9901617 1.142262
0.9633343 1.146221
0.992021 1.113892
1.004187 1.077053
1.002973 1.125523
1.003208 1.086659
1.015215 1.092716
0.9988015 1.153099
1.027159 1.173786
0.9717465 1.134451
1.099144 1.153892
0.9442584 1.170441
0.9940157 1.124391
1.0272 1.188779
0.934745 1.180712
0.9713525 1.146663
0.997603 1.144351
0.9901253 1.17658
0.9528545 1.246116
0.9447111 1.213024
1.005244 1.250441
0.991814 1.249535
0.933032 1.172082
0.9817643 1.192643
0.9745548 1.18607
0.9842367 1.151187
1.012558 1.132855
1.003989 1.117006
1.056872 1.141564
1.032235 1.117417
0.9837676 1.104001
1.005812 1.109062
1.007236 1.07162
1.032362 1.057698
1.03713 1.017022
1.0525 1.06459
1.003456 1.043514
0.9764959 1.097344
1.046577 1.097364
1.037745 1.127989
0.959956 1.225626
0.9566744 1.240985
0.9658775 1.204344
0.9537292 1.224036
0.972991 1.267747
0.9367056 1.251878
0.9630466 1.179895
1.006795 1.125786
0.9893887 1.111418
0.9859317 1.056023
1.024956 1.098879
0.9999445 1.125467
0.9579857 1.127452
1.006321 1.135481
1.008511 1.099327
1.011339 1.087955
1.000376 1.087088
1.008531 1.124096
1.015777 1.073239
1.018432 1.082669
0.9871337 1.05784
1.034239 1.101253
1.04108 1.111399
1.026926 1.147038
0.9780158 1.202848
0.9621691 1.146326
0.9921402 1.160556
0.9882961 1.13155
1.016696 1.085834
1.005479 1.017229
1.034941 1.000542
0.9937561 1.056569
1.024709 1.063457
1.044334 1.063742
0.9936613 1.100457
0.9732348 1.090912
0.9999667 1.182156
0.9816686 1.168042
0.9751245 1.147602
0.9707461 1.121634
1.015703 1.048164
1.002607 1.093821
0.9922612 1.116615
0.9645937 1.149984
0.9843397 1.150186
1.035309 1.099747
0.9738113 1.115078
0.9633059 1.147331
1.047752 1.108527
1.033912 1.093415
0.9901603 1.163379
0.9894406 1.166904
0.9681356 1.17949
1.01022 1.178509
1.035228 1.091454
0.971414 1.018842
0.980842 1.061657
1.011338 1.02101
0.9884491 1.058038
0.9768032 1.111809
1.018928 1.070281
1.021282 1.10742
0.9832426 1.139746
0.9739244 1.115926
0.9574146 1.142265
0.9991438 1.0833
0.9939395 1.079732
1.022933 1.086205
1.036105 1.100149
0.9856472 1.060384
1.029103 1.062959
0.9882288 1.038792
1.005968 1.090475
1.000424 1.091128
0.9831214 1.183028
1.012691 1.136076
1.026195 1.117672
1.026019 1.112522
0.9979482 1.139283
1.036646 1.161687
0.9163871 1.222287
0.9788852 1.227125
0.9763834 1.228964
0.9974766 1.105065
1.020012 1.142695
0.9993237 1.189392
1.005818 1.141747
0.9494392 1.112778
1.016693 1.096879
1.006145 1.122596
1.009493 1.095819
0.9860881 1.112191
0.9600888 1.117528
1.045034 1.119897
0.9935131 1.087461
1.027379 1.0932
1.028835 1.109349
1.026571 1.119169
1.005371 1.132081
1.002206 1.174076
0.9862305 1.157332
0.9734055 1.19975
0.9535703 1.171247
1.029843 1.13825
1.000162 1.167775
1.014774 1.064467
1.03977 1.026228
0.989972 1.037581
1.01711 1.064007
1.000656 1.04441
1.013651 1.030488
0.9958868 1.061373
0.9901178 1.028605
0.9696657 0.9940488
1.032734 1.028292
0.9899896 1.032179
1.004328 1.02309
1.019892 1.016684
1.030832 1.083332
1.032543 1.069024
0.9966599 1.052231
0.9780951 1.074329
1.011276 1.089858
0.995156 1.110141
1.008984 1.130523
0.9884798 1.167462
1.005898 1.155501
0.9869114 1.049019
1.037158 1.065924
1.027331 1.075915
0.9601828 1.040158
1.00491 1.062008
1.033367 1.036098
1.01633 1.025631
0.9861049 1.077635
1.011731 1.109226
1.023152 1.037183
0.9844658 1.126717
0.9886265 1.123183
1.004043 1.114209
1.002581 1.123714
1.043371 1.168108
1.01152 1.111399
1.008327 1.052744
1.000679 1.092847
1.004242 1.092082
1.015862 1.108878
0.9546389 1.137996
1.041879 1.1083
1.024753 1.177363
1.023849 1.105319
0.9803464 1.088103
1.003317 1.056123
1.02321 1.049296
0.9608373 1.108498
0.9912013 1.084975
0.9740603 1.061224
0.9847083 1.107041
0.9747857 1.097448
1.027377 1.125651
0.9857778 1.136087
1.010569 1.081639
0.9916029 1.09629
1.083707 1.002639
0.992347 1.111495
1.055396 1.06573
1.033116 1.063895
0.9967339 1.060409
1.022145 1.095565
1.00227 1.128925
0.9907215 1.10763
1.010834 1.044012
1.0481 1.122467
1.024625 1.124752
1.01887 1.127124
0.995129 1.109248
0.9853687 1.100963
1.019872 1.075357
0.9905865 1.083569
0.9924985 1.062739
1.020732 1.0956
1.020212 1.160147
1.040434 1.131932
0.9695334 1.167259
1.000964 1.187057
0.9889184 1.227458
0.9779885 1.157107
0.986638 1.17963
0.9936069 1.133061
1.02263 1.118641
0.96756 1.134493
1.02546 1.132261
1.016972 1.064799
1.035535 1.071997
1.039593 1.095863
1.0282 1.06654
0.9968663 1.140909
0.9937234 1.231786
1.018388 1.152302
0.9682665 1.163006
1.043283 1.140645
1.031224 1.119071
0.9804628 1.12603
0.9646275 1.166292
0.9668303 1.146596
0.9954559 1.158511
1.021888 1.09889
1.046057 1.137695
0.9774485 1.098021
0.9511085 1.101613
0.987211 1.111354
0.9996216 1.092198
1.001517 1.156425
1.010892 1.148953
0.9776043 1.201348
0.9796141 1.174788
1.00246 1.136236
0.9705036 1.160037
0.9967596 1.056135
1.051729 1.075571
1.005278 1.077155
1.01986 1.071455
0.9867355 1.096364
0.9915978 1.06465
1.020899 1.123128
0.9547474 1.091348
1.001055 1.067158
1.041272 1.100803
1.003184 1.048879
0.9907654 1.055107
1.00573 1.100921
1.011433 1.061236
0.9710681 1.022787
1.043721 1.027652
1.002423 1.082227
0.996535 1.109182
0.990115 1.094465
1.022132 1.08633
1.023943 1.119878
0.9808922 1.085812
1.031476 1.093493
1.026185 1.039154
1.042869 1.129632
0.9990939 1.115294
1.01591 1.157407
0.9886631 1.160752
1.00734 1.143999
0.9612192 1.083455
0.9870875 1.127556
0.9883627 1.213228
0.9696569 1.190739
0.963301 1.1547
0.9671806 1.148288
0.9775926 1.128708
0.9922566 1.140403
1.021089 1.117009
0.9518326 1.114821
0.9711746 1.19188
0.9789105 1.176595
1.00758 1.185213
1.003502 1.148903
1.023989 1.129108
0.9482657 1.137014
1.008708 1.171908
0.9809324 1.15685
1.029182 1.157631
1.035262 1.160897
0.9916183 1.151426
1.018876 1.102585
0.9778824 1.152206
1.050184 1.151958
1.019794 1.103162
0.9840932 1.159063
1.004295 1.141208
1.027657 1.116786
1.02329 1.108972
1.018952 1.122305
0.9988321 1.120335
1.005891 1.165185
1.020445 1.148688
0.9902463 1.072943
1.028453 1.103864
1.019764 1.074142
1.018414 1.006538
1.000567 1.047051
1.025109 1.084443
1.043352 1.064578
1.019959 1.100966
0.9834986 1.120705
1.016094 1.07347
1.006452 1.076508
1.031445 1.078449
1.015036 1.121986
1.019669 1.094456
0.9930662 1.089344
0.9889766 1.048584
1.020785 1.072922
0.9744702 1.069773
1.000962 1.11079
1.005304 1.043067
1.002335 1.039464
1.001947 1.098718
1.009536 1.075542
1.053365 1.044854
0.9601542 1.029353
1.02328 1.066035
1.037391 1.195361
0.987517 1.100415
1.021085 1.117643
0.9929501 1.087678
1.028315 1.067587
1.031653 1.055324
0.9677796 1.054171
1.025438 1.048267
0.9841861 1.062521
1.000373 1.028278
1.051451 1.094633
0.9450948 1.110427
0.9888334 1.101717
0.9652678 1.136984
0.981205 1.131663
1.00198 1.08979
1.007583 1.138818
1.00146 1.105147
0.9980515 1.201663
1.006929 1.156922
1.032285 1.111907
0.9596675 1.121422
0.9776085 1.101634
1.040372 1.096065
0.9975878 1.053277
1.003831 1.055659
0.9956444 1.123332
0.9942393 1.100643
0.9975785 1.103037
0.9820028 1.081017
1.032465 1.068963
0.984274 1.057474
0.9889081 1.02524
1.003818 1.057104
1.023981 0.9935332
1.03758 1.035568
1.024855 1.023585
1.003715 1.027772
1.074253 1.017529
1.002049 1.008929
1.006437 1.077015
0.9822901 1.085146
1.002022 1.038277
1.040856 1.052651
0.9767859 1.051948
1.014559 1.089838
0.9439026 1.197814
0.983579 1.230788
0.9852859 1.2574
1.01759 1.174284
0.980253 1.273683
1.030987 1.228555
0.9744677 1.225932
0.992976 1.153466
0.9632073 1.100763
0.9830698 1.200496
1.026721 1.082994
1.009168 1.084023
0.9853928 1.090771
1.011582 1.15197
0.9850436 1.114659
1.020334 1.124694
0.9897911 1.162223
0.9691793 1.184894
1.034607 1.139691
0.9771952 1.142637
1.028644 1.107969
0.9933945 1.107624
1.006065 1.14318
1.000803 1.155537
1.011315 1.071966
1.026062 1.073438
1.02024 1.036339
1.014474 1.027879
0.9807117 1.008439
0.964062 1.021039
1.022798 1.086675
0.9959018 1.065065
1.023028 1.090468
0.9692668 1.167934
0.9777337 1.123353
1.054096 1.066354
1.019523 1.073787
1.043295 1.117056
1.008889 1.067697
1.02717 1.060708
0.9725054 1.102261
0.9838943 1.101606
1.018881 1.136243
1.033009 1.066975
1.05627 1.057033
1.014753 1.093147
0.9886605 1.082248
1.008869 1.051065
0.994183 1.086036
0.9950307 1.076304
0.9603743 1.123171
0.9736805 1.122656
0.9977691 1.157679
1.004201 1.111994
0.9955536 1.064869
1.013515 1.083786
1.032398 1.115474
0.9749042 1.134746
1.00993 1.161398
1.034122 1.137499
1.045244 1.153298
0.9889876 1.178319
1.00274 1.171235
0.9545923 1.170298
1.004208 1.224783
1.028186 1.201277
0.9852845 1.150996
0.9830012 1.142067
0.9561836 1.123855
0.9950283 1.132959
1.023428 1.195348
1.011369 1.133745
1.013034 1.106199
0.9777279 1.126704
0.987319 1.222408
1.015537 1.163993
0.9796727 1.164414
0.9863368 1.134466
0.9100941 1.116414
0.9404174 1.141827
1.002904 1.168198
0.9856497 1.138057
0.9288278 1.204727
0.9953282 1.120375
1.0372 1.116762
1.004875 1.138388
0.9746897 1.205131
1.003396 1.114805
0.9653425 1.149683
1.00477 1.142547
1.014184 1.070187
0.9856287 1.100517
1.000008 1.118097
1.024097 1.103976
1.031237 1.079941
1.00119 1.113696
1.066373 1.116804
1.011552 1.099662
1.038423 1.070629
1.003571 1.044991
0.9922337 1.02683
0.9832034 1.047944
1.027113 1.082488
1.016432 1.097086
1.008085 1.053353
1.008315 1.049233
1.026196 1.029795
1.047172 1.06137
0.9825829 1.019089
1.022061 1.021573
0.9764983 1.059537
1.004313 1.002193
0.9941873 1.108103
0.9776365 1.095115
1.026393 1.075895
0.9966169 1.091106
1.058667 1.10482
0.9703175 1.106489
1.016106 1.138238
1.0069 1.123603
1.009311 1.134454
1.00657 1.07293
0.9770191 1.078236
0.9939184 1.054816
1.035831 1.034773
0.989719 1.074418
0.9732682 1.082999
0.9828996 1.045166
0.9412848 1.085835
0.9885157 1.068412
1.015082 1.070921
1.031415 1.065407
0.9828294 1.080205
1.038965 1.099519
1.016458 1.14594
0.9703506 1.160671
1.010273 1.070938
1.003472 1.117776
0.9962832 1.101619
1.013949 1.069581
0.9767473 1.165744
0.9844491 1.148605
1.001241 1.13984
1.01281 1.142474
1.034486 1.147986
0.9870933 1.178239
0.9483785 1.193391
0.9885525 1.149917
0.9554854 1.178415
0.9667486 1.170249
1.00189 1.15465
0.9975933 1.102849
0.9539602 1.165481
0.9770035 1.20581
0.9955707 1.127314
1.051543 1.158298
1.000014 1.062353
1.01493 1.089644
0.9987337 1.06811
0.9881288 1.043027
0.9844175 1.069738
1.044526 1.066031
0.9736333 1.021912
0.9784832 1.06946
1.014702 0.990488
1.036429 1.068245
1.014975 1.009849
1.047001 1.037002
1.070104 1.084406
1.015935 1.09618
1.057935 1.119642
0.9652432 1.125313
1.010934 1.109375
1.031121 1.129833
0.9907347 1.092104
1.025182 1.112048
0.9719683 1.177366
0.9910755 1.098422
0.9859514 1.105826
1.016648 1.078076
0.9432441 1.09315
0.9780708 1.082815
1.036009 1.101605
0.9847369 1.07059
1.031686 1.11664
0.987295 1.116317
0.9888103 1.117909
0.9377725 1.16831
0.9959722 1.125618
0.9997069 1.209396
0.9430226 1.222883
0.9837055 1.153817
0.9896243 1.165053
0.9763791 1.135683
1.005994 1.16935
0.9977585 1.152635
0.9902939 1.203888
0.9490578 1.131546
0.9875584 1.139322
0.999518 1.153556
0.9475711 1.127093
0.9984733 1.06848
1.063964 1.030783
1.004915 1.07892
0.9972116 1.15045
1.013612 1.13164
1.027629 1.10996
0.9711322 1.144641
0.9560826 1.110901
0.9892338 1.127174
0.9872664 1.076076
1.017671 1.089744
0.9727945 1.091095
0.9888232 1.078511
1.00394 1.079298
1.054266 1.074092
0.9836389 1.075037
1.004221 1.103768
0.9743333 1.182647
0.9797203 1.13373
0.9478713 1.169144
0.9842781 1.186573
0.9960528 1.144702
0.9964937 1.147956
0.9975252 1.188938
0.9451722 1.199975
1.015962 1.170226
0.9920828 1.171653
1.016865 1.131588
0.9559991 1.088335
1.0211 1.156062
0.9827783 1.110567
0.9805041 1.14154
0.9943309 1.093534
0.9980782 1.022109
1.03393 0.9772541
1.041527 0.9714171
1.039098 0.9996288
1.025533 0.9631539
0.9920845 0.9678261
1.000756 1.020282
1.03669 1.065595
0.9737909 1.076716
0.9781538 1.062064
1.00599 1.074116
1.003053 1.047071
0.996846 1.032386
1.04236 1.000529
1.056619 1.010972
1.043276 1.029082
1.022265 1.027318
1.03608 1.012974
1.001374 1.043617
1.020041 1.099431
0.9900492 1.075505
1.00289 1.071209
0.9955989 1.117074
1.014341 1.090431
0.9749946 1.157263
0.9566617 1.187375
1.031002 1.176299
0.9839764 1.142205
1.006118 1.158604
0.9636244 1.158085
1.000287 1.181348
0.9935897 1.1633
0.9402345 1.182086
0.9586494 1.288133
1.019144 1.130784
0.9975776 1.142043
1.04169 1.093979
0.9972058 1.108342
0.992948 1.105413
1.001418 1.057563
1.007224 1.045797
1.002669 1.014746
1.004546 1.057083
1.0299 1.002386
0.9675894 0.9982121
1.021336 0.999253
1.044551 1.047431
1.00099 1.07529
0.9865985 1.07316
0.9976779 1.081388
1.034892 1.142958
0.9850458 1.143639
1.000734 1.179886
0.9839652 1.134341
0.9566065 1.196194
1.008225 1.223484
0.9974593 1.169416
1.008115 1.140366
0.9832001 1.103857
1.00613 1.008975
1.062378 1.037529
0.9897016 1.095076
0.9889242 1.125361
0.9970807 1.061026
0.9648879 1.120338
1.036069 1.082231
1.004433 1.060431
1.054103 1.070472
0.9964412 1.074017
0.9729149 1.114054
0.9814944 1.148521
0.9650529 1.198563
0.9328596 1.187571
0.9708923 1.089583
1.022395 1.076667
0.996956 1.076219
0.9887537 1.053392
1.002395 1.072501
1.015018 1.049095
0.9689498 1.169527
1.019969 1.11538
0.9991023 1.082218
0.9973727 1.069707
1.012971 1.047403
1.030329 1.069841
0.9842008 1.106666
1.004414 1.066115
0.9988801 1.102227
0.9760169 1.114518
0.9803703 1.113572
0.9834507 1.145075
1.032727 1.06703
1.003965 1.076459
1.036985 1.083471
1.026263 1.066584
1.034459 1.02869
0.9905016 1.044092
1.067483 1.062591
1.004508 1.109798
1.031371 1.082095
0.9628925 1.125541
1.002218 1.161259
0.9969899 1.146394
1.008952 1.1466
0.9966258 1.137805
1.010344 1.13192
1.002783 1.097794
1.034939 1.045914
0.9506217 1.051323
1.007012 1.034095
1.025235 1.028996
0.9719273 1.080762
0.9943359 1.131768
0.9741355 1.080551
0.9920017 1.151971
1.004082 1.145136
1.003451 1.159291
1.001368 1.083282
0.9667329 1.089885
1.009204 1.121986
1.016138 1.144424
0.9746104 1.163848
1.00685 1.155833
0.9916744 1.102099
1.014083 1.093563
0.9936792 1.071122
1.049288 1.089669
0.9926911 1.083349
0.9811597 1.034614
1.028854 1.000708
0.9941318 1.023758
1.041038 1.048101
1.016041 1.022907
1.031431 1.054924
1.010265 1.074298
0.9871734 1.056911
1.002963 1.094108
0.9953936 1.058365
0.9833875 1.071593
0.9831596 1.098473
1.008638 1.012948
0.9745931 1.111254
1.028317 1.100404
1.040725 1.066724
1.037663 1.077848
0.9801023 1.176653
0.9904798 1.126101
0.9800218 1.053977
1.014448 1.026833
0.9785628 1.064869
1.052812 1.103932
1.015678 1.107601
1.020429 1.052016
0.9745351 1.063067
0.9965951 1.08897
1.020709 1.094276
1.001497 1.121916
1.037918 1.081722
0.9850151 1.120273
1.031359 1.087715
1.019532 1.081629
0.9960766 1.088266
1.057307 1.057442
1.00423 1.086783
1.01498 1.088116
0.9992468 1.099711
0.9938757 1.104792
0.9970747 1.134521
0.9886072 1.105707
1.027732 1.081072
1.00479 1.120995
0.9976383 1.122567
1.037968 1.14492
0.9760819 1.176004
0.9890481 1.181046
0.9580699 1.125674
0.9992693 1.120338
1.00377 1.104137
0.9731432 1.039922
0.9798144 1.097912
0.9928385 1.08945
0.9878586 1.131742
0.9932356 1.204466
1.001747 1.116925
1.014543 1.128106
0.9715936 1.073853
0.969904 1.124207
1.013024 1.100873
1.033059 1.107336
1.007731 1.139535
1.014575 1.142704
0.9951264 1.143984
0.9974691 1.103527
1.007667 1.05427
0.9979133 1.024187
1.000617 1.068403
0.9883475 1.129558
1.003411 1.120912
0.9968767 1.14238
0.9385021 1.124998
1.026762 1.108418
0.9759838 1.165198
0.9466375 1.201114
0.9759004 1.108489
0.9662793 1.134957
1.016675 1.100615
1.026092 1.098536
1.010544 1.118835
0.9669571 1.183411
0.995327 1.120808
0.9794268 1.149231
1.005184 1.123881
0.975955 1.097568
1.025028 1.086404
0.9702082 1.131798
1.014484 1.073296
1.032963 1.078693
1.000686 1.055374
1.006707 1.053673
1.016565 1.155774
1.021251 1.186202
1.012989 1.119575
0.9930137 1.123082
1.013171 1.062493
1.040444 1.098776
0.9470376 1.115009
0.9832004 1.093766
1.018797 1.12134
0.9840673 1.137692
0.9780395 1.093817
1.005788 1.103841
0.985654 1.09889
0.993778 1.076774
0.9877425 1.05322
1.022777 1.038072
0.9517812 1.026212
0.9793107 1.065606
0.9921659 1.091745
1.060221 1.042839
0.999304 1.070947
1.046549 1.06995
0.9738782 1.098229
1.039552 1.109162
1.036872 1.07878
0.9829231 1.075407
1.064372 1.020994
1.006792 1.010126
1.002736 1.04384
1.018702 1.054936
1.011141 1.031259
1.035903 1.005256
1.005576 1.046531
1.013439 1.057069
1.011573 1.070623
1.039326 1.100101
1.001824 1.082913
0.9821284 1.097293
0.9939224 1.140378
0.983949 1.064228
1.002174 1.009893
1.022733 1.042701
1.049165 1.022555
1.03287 1.054886
1.048239 1.107803
0.968244 1.132966
0.9672213 1.164798
0.95853 1.162974
1.008617 1.115972
0.9686954 1.112689
0.9984753 1.067606
1.025402 1.135282
1.045514 1.118733
1.035119 1.080748
0.9887789 1.063556
0.9905906 1.067015
1.004487 1.047187
1.040454 1.092744
0.9985064 1.069169
0.9733049 1.059731
0.9795893 1.054927
1.011819 1.085177
1.023356 1.107277
1.0441 1.07616
0.973053 1.105845
0.9861588 1.095045
0.9912812 1.0933
1.019344 1.116195
1.007085 1.128846
0.9531036 1.103495
1.020152 1.126084
1.006001 1.06534
1.031288 1.060644
1.003448 1.09147
1.014852 1.115798
1.027656 1.104501
1.029795 1.142102
1.002759 1.17938
0.9612513 1.165176
1.015025 1.147758
0.9891095 1.183068
0.9407448 1.165357
0.9956791 1.140168
0.997462 1.106378
1.00751 1.157086
1.012036 1.192638
1.007822 1.14798
0.9909251 1.102352
1.026927 1.089596
1.007854 1.127548
1.019193 1.097825
0.9850185 1.070787
1.030241 1.047948
1.02811 1.093325
1.013124 1.052767
1.006565 1.039936
0.9868116 1.107699
1.01032 1.03606
0.9817816 1.138559
0.9826167 1.211558
0.9863902 1.165562
1.003391 1.129918
1.022129 1.098555
0.9958421 1.062836
0.9680117 1.085875
1.02422 1.129461
0.9591386 1.155004
1.036652 1.215213
0.9587735 1.093126
0.9798869 1.162626
0.9884886 1.235579
0.9765667 1.234548
1.060073 1.162954
0.9625057 1.16959
1.011386 1.11898
0.9747072 1.168373
0.9868644 1.079598
0.993671 1.11272
0.9815504 1.080133
1.033616 1.079938
1.012039 1.081774
1.020651 1.101115
1.005752 1.101925
1.028238 1.106198
0.9981812 1.104287
1.014073 1.134361
1.013001 1.104491
0.9969606 1.152366
0.9961284 1.112372
1.005398 1.161997
0.9962013 1.112966
0.9880025 1.122371
0.995227 1.11986
1.024642 1.091016
1.033005 1.157815
1.067459 1.095068
1.020551 1.069484
0.963139 1.087547
1.029111 1.105898
1.008275 1.050453
0.9793539 1.102824
1.007749 1.142143
1.000962 1.147906
0.9799069 1.147193
0.946804 1.117466
0.9580823 1.126575
0.9786017 1.134561
1.025818 1.148625
1.058689 1.117019
0.9694039 1.118185
1.012935 1.125865
1.012517 1.119531
1.015858 1.099649
1.009418 1.12673
1.008158 1.127333
0.9875657 1.095587
1.027744 1.113162
0.9705782 1.084823
0.9541614 1.116567
1.00819 1.152802
1.003231 1.085941
0.9910153 1.038977
1.008475 1.025776
0.9855323 1.046453
1.029708 1.115682
1.00079 1.118758
0.9673158 1.17786
0.9968851 1.161302
0.9863431 1.13446
0.9856992 1.15387
1.040009 1.147927
1.026524 1.101871
0.993517 1.022911
1.010848 1.039828
1.024923 1.032997
1.018622 1.045415
0.9994735 1.05341
1.01399 1.026082
1.01318 1.018198
1.061635 1.047203
1.011382 1.053302
1.014292 1.082738
1.027451 1.03706
1.061088 1.047357
1.024729 1.020445
0.9956501 1.020458
0.966443 0.992084
0.9995062 1.053437
0.9683864 1.100397
1.014946 1.092769
1.058316 1.050347
1.024551 1.00552
1.011512 1.068132
0.9728548 1.083746
0.9857072 1.053323
1.017095 1.016922
0.9703398 1.045994
1.019245 1.040904
1.006167 1.060172
0.9732294 1.057652
1.011063 1.056044
1.028465 1.082537
1.010309 1.080604
1.019775 1.102767
1.002244 1.123354
1.008696 1.122073
1.001766 1.102309
0.9857591 1.110956
0.982879 1.101531
0.9917403 1.080144
1.001594 1.068138
0.9874844 1.059789
0.9807299 1.043906
0.9876258 1.010479
1.025594 1.070054
1.013744 1.072199
1.018686 1.10595
0.990783 1.101004
0.9872262 1.087939
1.01686 1.079718
0.9890482 1.051328
0.989576 1.087489
1.033185 1.102273
0.9792917 1.094938
0.9585942 1.023131
1.08348 1.038038
1.031751 1.05514
1.003485 1.052259
0.9962695 1.114046
1.044066 1.11629
0.9988385 1.114123
1.012886 1.116944
0.9933746 1.15139
1.032409 1.168248
0.9932513 1.093963
1.019161 1.130058
0.9853443 1.117562
0.9773176 1.10695
1.031733 1.128137
1.01493 1.094996
0.9513131 1.137544
1.000279 1.137219
0.9868737 1.197979
0.9954872 1.11506
0.9718466 1.104166
1.005559 1.093017
1.008745 1.07624
1.011789 1.087618
1.00398 1.122004
0.9766117 1.107959
0.9609027 1.09116
1.015 1.137567
0.9960497 1.133302
1.004174 1.083067
1.027222 1.095018
1.029686 1.044081
1.009802 1.067829
1.031874 1.063137
0.9872446 1.015284
1.031938 0.9920312
1.013613 1.017486
0.9974642 1.050611
1.0187 1.058165
1.016175 1.024211
0.9856887 1.065795
0.9772889 1.091565
1.035933 1.061683
0.9720575 1.126307
0.9838734 1.105109
0.9740343 1.141333
0.9934617 1.094137
0.9646104 1.13432
0.987652 1.195073
1.026256 1.131506
0.9443043 1.116782
0.9740096 1.126335
1.012114 1.135391
0.9797938 1.155959
1.008399 1.132637
1.027742 1.041579
1.043321 1.021708
1.030625 1.000889
1.037637 1.064222
1.018641 1.036182
1.071562 1.104406
0.9711053 1.123186
1.053643 1.112462
1.04163 1.108138
0.9656291 1.136501
0.9518161 1.139949
1.006891 1.144941
0.9707773 1.148503
0.9923299 1.142686
0.9722085 1.199604
0.9980458 1.157081
0.9880325 1.162305
0.9984366 1.136921
1.001395 1.049436
0.9873023 1.045451
1.030958 1.069981
1.025585 1.125363
1.008363 1.111543
0.9600902 1.153777
0.9905738 1.125287
0.9907654 1.124165
0.996638 1.144225
0.9914218 1.132778
0.977678 1.073071
1.013702 1.022819
0.9855522 1.117523
0.9865147 1.124248
0.9910924 1.089977
1.05229 1.075745
0.9375927 1.084074
0.9821112 1.056476
1.014705 1.043027
0.9955219 1.084324
1.007589 1.055129
0.9694214 1.066915
1.042471 1.050209
0.9770656 1.103262
0.926606 1.121102
1.050915 1.082571
1.015564 1.124528
0.9481851 1.148868
0.9681618 1.171617
0.9756523 1.194267
0.9887843 1.133195
0.9902159 1.16406
0.9970404 1.128732
0.9965625 1.14062
0.9705389 1.163801
0.9996943 1.147281
0.9838671 1.105201
0.985484 1.117522
0.9928677 1.053469
1.01738 1.01347
0.99292 1.000141
0.974272 1.034635
1.057655 1.043404
1.033977 1.062671
0.9965927 1.109937
0.978051 1.108978
1.049655 1.053328
1.021102 1.040553
0.9775335 1.02404
1.00661 1.002407
1.0202 1.032031
1.020051 1.040783
1.027548 1.077454
0.9828503 1.067115
1.002136 1.063698
0.980263 1.124748
0.9957412 1.065997
0.9975054 1.051317
1.006097 1.110206
0.9514519 1.132285
0.9762543 1.115528
0.9682426 1.104514
0.974949 1.070564
1.008552 1.081099
0.9765305 1.092709
0.9885185 1.037239
1.032479 1.06914
1.026099 1.099295
0.9874554 1.094467
1.019991 1.095563
0.9696404 1.160026
1.034674 1.082402
1.007845 1.114967
1.044427 1.079756
0.9936299 1.072621
1.014733 1.118381
1.012502 1.051552
1.018618 1.123529
0.9866314 1.135038
0.9244372 1.1838
0.9737559 1.187487
1.005836 1.059839
0.9920312 1.055882
1.00727 1.080598
0.9600005 1.077779
1.037681 1.112571
1.021338 1.121882
1.037225 1.106273
1.021773 1.126442
0.9965181 1.197828
1.047013 1.142787
1.07059 1.09449
0.997978 1.062961
1.101698 1.068066
0.9833774 1.042145
1.026903 1.080976
1.034736 1.110922
0.9853846 1.064041
0.9767899 1.056473
0.9936767 1.068561
1.018739 1.048911
0.995015 1.101757
0.9764007 1.100577
0.9807317 1.100761
1.029495 1.069916
0.9947703 1.082706
0.9849757 1.045914
1.031479 1.024697
1.061118 0.9972962
1.051455 1.042743
0.9932029 1.108286
0.9847383 1.085499
0.973687 1.083977
1.04242 1.080691
1.033252 1.073351
1.02806 1.040396
0.9727078 1.098512
0.9663445 1.109017
0.9599915 1.146763
0.9797615 1.124982
1.032347 1.117139
1.025123 1.102205
0.9793061 1.14384
1.002205 1.124944
0.9935099 1.123888
1.030331 1.093288
1.010119 1.099682
0.9846424 1.136236
1.001651 1.113903
1.014167 1.078477
1.013688 1.158498
1.049792 1.096682
0.9652997 1.031511
0.9571092 1.102773
1.000563 1.112342
1.014541 1.092272
0.9740095 1.074711
1.000265 1.09299
0.9992631 1.097278
0.9462477 1.064714
1.047161 1.106178
1.010988 1.077249
1.041494 1.050342
1.011231 1.009616
1.072388 1.030309
1.036317 1.094376
0.9915886 1.113213
1.013171 1.102818
0.9825945 1.127533
1.006553 1.173618
0.9999157 1.161812
0.9984729 1.156253
1.039457 1.145104
0.9887557 1.137047
1.027872 1.132048
0.9841842 1.104165
0.9907075 1.193408
0.9780559 1.144798
1.014689 1.132825
1.069815 1.09545
0.9458346 1.135299
0.9888927 1.071415
0.9892262 1.089792
0.953179 1.133466
0.9498488 1.158621
0.9984721 1.139666
1.02077 1.104016
0.9758982 1.189977
0.9934393 1.155299
0.9745377 1.145124
1.044672 1.113915
0.9941757 1.09102
0.975143 1.095334
1.010852 1.065473
1.00475 1.15464
0.9771761 1.123979
0.9727829 1.073382
1.008045 1.118466
0.9707586 1.131764
1.004856 1.126741
1.023423 1.075643
1.003295 1.04509
0.9921347 1.092221
0.9938352 1.127293
1.01438 1.112794
0.9834083 1.12433
0.9763949 1.116297
0.9720768 1.091458
1.018142 1.108364
1.02355 1.110635
1.060316 1.119318
1.009643 1.113286
1.017088 1.060273
1.003542 1.120055
1.02487 1.146838
1.014342 1.094202
1.039988 1.071723
1.030719 1.076061
0.9720599 1.045153
0.9873629 1.075886
1.023491 1.085131
0.9756176 1.046705
0.9771822 1.058925
0.9635553 1.111227
1.008061 1.04426
1.052154 1.02493
0.9873843 1.079376
0.9551845 1.039376
1.001744 1.10865
1.004299 1.04899
0.9960137 1.038528
1.084942 1.079216
1.032424 1.087497
0.985669 1.16992
0.975156 1.18291
1.064728 1.216045
0.9951236 1.100702
1.011219 1.123168
1.006848 1.094343
1.000764 1.102522
1.026329 1.155643
0.9902847 1.119862
0.9955285 1.057244
1.063417 1.129776
0.9967234 1.169444
0.9977078 1.1699
1.003064 1.172389
1.02951 1.150535
0.988707 1.083256
1.003957 1.06784
1.02876 1.04829
0.9927985 1.078725
0.9726618 1.063803
0.9799194 1.090772
1.020939 1.065636
0.9699707 1.096638
0.9778426 1.09445
0.990595 1.060526
0.9949474 1.061253
1.007742 1.099651
0.9799217 1.072586
0.9633194 1.185064
0.9684297 1.142119
1.002401 1.11332
0.9412249 1.181097
0.9782847 1.239158
0.9755077 1.169513
1.0014 1.149169
1.005368 1.166968
1.010878 1.14787
1.015411 1.120793
1.029093 1.142512
1.028084 1.108807
1.018206 1.136651
0.9880298 1.091208
1.00285 1.06038
0.9890207 1.077817
0.9907168 1.106227
0.9818136 1.053405
1.008725 1.052325
1.048871 1.037688
1.006337 1.104506
0.9829486 1.100898
1.001547 1.118077
1.04186 1.121833
1.018821 1.118224
1.04607 1.142604
1.027798 1.078987
0.9957122 1.098684
1.069844 1.117617
0.9918477 1.133687
1.00302 1.040094
0.9898927 1.055071
0.9850625 1.049604
1.057156 1.026238
1.038146 1.016324
0.9950822 0.9883835
0.9615248 0.9804043
0.9675496 0.9838519
1.013633 0.9670412
1.044987 1.005814
0.9921264 1.015584
1.060501 1.024223
0.9936412 0.9898835
0.9938899 1.076046
1.007081 1.019348
1.006346 1.105405
1.022023 1.107388
1.012283 1.146413
0.9880675 1.080656
1.036223 1.120367
1.001424 1.147164
0.9841647 1.149556
0.9429912 1.179721
0.9522829 1.199595
1.027089 1.11315
0.999977 1.08592
0.9941829 1.095205
0.999624 1.106936
1.013606 1.096945
1.014971 1.0727
0.9967185 1.085498
0.9818607 1.114718
1.026734 1.063499
0.9782001 1.165008
1.033911 1.09018
1.014268 1.160893
0.9551911 1.205701
0.9836375 1.192813
0.9673323 1.177908
1.0175 1.174981
0.9954841 1.212677
1.007227 1.148401
0.9955095 1.050828
1.008883 1.076971
1.015634 1.063719
1.006004 1.07214
0.99955 1.128912
1.014384 1.140291
0.9752144 1.160336
1.00208 1.095955
1.026872 1.120154
0.9930622 1.106114
0.9886442 1.052746
1.017759 1.079088
1.010825 1.152124
0.9866717 1.099377
0.9711778 1.133835
1.030415 1.056049
0.9964807 1.076695
0.9990282 1.100581
0.9938429 1.079856
1.004553 1.054333
1.030745 1.08638
1.007796 1.069247
0.9889485 1.111022
0.9831461 1.067961
1.007782 1.053793
0.9992801 1.062983
0.982972 1.05653
0.9606802 1.06235
1.043835 1.128806
1.004789 1.120397
0.9887809 1.176418
0.9744811 1.235018
0.9652867 1.217354
0.9869739 1.166634
1.018082 1.068216
0.9991478 1.029198
0.997457 1.047224
1.022714 1.03232
0.9845706 1.068142
1.021333 1.043565
0.9950182 1.052317
0.9862182 1.045749
1.031567 1.050449
0.9832681 1.060079
1.006327 1.06273
0.9778275 1.087471
1.028149 1.084969
0.997255 1.049455
0.9776862 1.05991
1.010178 1.089689
0.9546615 1.086574
1.018632 1.132397
0.9441961 1.194491
0.9449948 1.233073
1.01946 1.104496
0.9722196 1.158272
0.9646856 1.121788
0.9828442 1.085206
0.9831627 1.084021
0.9856421 1.140972
0.9607299 1.104263
0.987321 1.142413
1.044576 1.104896
1.03568 1.100321
0.9734904 1.096592
1.007947 1.126045
0.9959062 1.156557
0.9774322 1.126771
0.9790467 1.169639
0.9686258 1.196953
0.9699373 1.189449
0.9960484 1.122867
0.9878461 1.112841
0.9974595 1.17907
0.9681371 1.110548
0.9725099 1.11895
1.010785 1.099406
1.018565 1.121284
0.9826476 1.107677
1.028904 1.060272
1.035278 1.011023
1.025096 1.02095
0.9790895 1.082496
1.007601 1.113582
1.027179 1.10169
1.047754 1.048017
1.064279 1.074327
1.009805 1.079542
1.016283 1.052854
0.9584509 1.163111
1.011627 1.170723
1.010124 1.19548
1.008975 1.137125
0.9487664 1.15999
0.9811583 1.148841
1.00803 1.133323
1.00202 1.135147
0.9695024 1.183693
0.9731236 1.198337
0.9645501 1.296303
1.000042 1.20981
0.9786794 1.234185
0.9296159 1.237951
0.9774031 1.22994
0.931634 1.160255
0.9581373 1.23563
1.02796 1.128228
1.003995 1.204213
0.9756419 1.129926
1.012004 1.06106
1.03966 1.035915
1.013208 1.065238
1.023258 1.070859
1.050431 1.023497
0.9989674 1.02319
0.9680609 1.029297
0.9909972 1.093866
1.006062 1.12686
1.002569 1.114784
1.021086 1.042927
0.9887916 1.051965
1.015157 1.103784
1.001643 1.132494
1.005053 1.113773
0.988115 1.162788
1.011778 1.065982
1.039908 1.05795
0.9866627 1.100379
1.010216 1.108436
1.020079 1.087434
0.9863132 1.114244
0.9759777 1.075864
1.026562 1.061324
0.9704689 1.046536
1.003851 1.01079
1.028065 1.011932
0.9819009 1.154125
0.96627 1.111497
0.9397462 1.149974
0.9992353 1.150036
0.9992113 1.139793
0.9573234 1.20991
1.047269 1.131351
0.9777385 1.138103
1.015954 1.095256
1.012947 1.084446
1.007136 1.07255
0.9692251 1.061568
1.033152 1.124786
0.9620317 1.131811
0.9664077 1.101042
0.9698186 1.171577
0.9984942 1.143345
0.98523 1.117695
1.001055 1.163328
0.9867711 1.033438
1.000382 1.042981
1.086131 1.027331
1.005714 1.012484
1.033512 1.070578
0.9794363 1.052938
1.038795 1.033899
1.030908 1.012089
1.01764 1.067549
0.9890309 1.119345
1.000412 1.090962
1.023968 1.122333
1.021158 1.050028
1.017672 1.133993
0.9938669 1.125918
1.028196 1.128648
0.9889662 1.0971
0.9469517 1.088018
1.019826 1.079858
0.9541247 1.154041
1.017579 1.199998
0.9639459 1.145147
1.036674 1.128733
1.010508 1.133455
1.002791 1.230745
1.039004 1.194523
0.9985521 1.209725
0.9936805 1.142081
1.018426 1.237318
0.9689398 1.172187
0.9658503 1.202403
1.007056 1.167468
0.9726911 1.173604
1.019318 1.148812
0.9814987 1.15512
0.9823814 1.13996
1.013931 1.135316
0.973172 1.161613
0.9686124 1.146935
0.9254711 1.209007
0.9869579 1.221344
0.9579545 1.201845
1.014082 1.146182
1.006586 1.138856
1.028126 1.102044
1.025464 1.059754
1.038642 1.104476
1.00803 1.172529
1.04491 1.092487
0.9636975 1.109618
0.9918036 1.106489
1.016004 1.122336
1.020338 1.084626
1.005016 1.124111
0.9655127 1.197634
0.9953555 1.245664
0.987946 1.169308
0.9802763 1.144995
0.9806568 1.166997
0.9908844 1.110048
1.011654 1.063908
1.027836 1.070661
0.9841617 1.133514
0.9570499 1.115061
0.9662179 1.162483
1.041938 1.092092
0.9664067 1.13891
1.007783 1.052097
0.9901979 1.060058
1.008732 1.092774
1.002645 1.138216
0.9911289 1.143001
0.9601683 1.089565
0.9980608 1.069195
1.006625 1.063045
1.018473 1.088628
0.9827393 1.101457
1.057755 1.070634
1.053903 1.109621
0.99361 1.172005
1.040025 1.135936
1.009441 1.205373
0.9502606 1.165011
0.951752 1.169447
0.9532729 1.167409
1.008246 1.159199
0.9904771 1.064656
0.9670987 1.093991
0.9720841 1.081196
1.019863 1.081273
0.9915597 1.145694
1.00822 1.129521
1.04288 1.090004
1.003584 1.117789
1.012001 1.063686
1.005722 1.064669
1.022752 1.085199
1.042732 1.051069
0.9828876 1.121814
1.009767 1.128553
0.9792887 1.147431
0.9885819 1.168617
0.9857474 1.108804
0.989544 1.132281
1.008101 1.200062
1.043338 1.155674
0.9985408 1.173748
1.003013 1.186255
1.016628 1.113154
0.9739944 1.176466
1.017554 1.103757
1.004915 1.107329
1.013277 1.115384
0.9891912 1.131228
0.9598452 1.16302
1.01456 1.099209
1.069421 1.03616
1.028407 1.054356
0.948419 1.103968
0.964423 1.07756
0.9889939 1.128372
0.9723022 1.098395
0.9925487 1.103403
1.020764 1.11097
1.023072 1.131989
1.000096 1.091271
1.05099 1.093633
0.9623048 1.120212
0.9505176 1.148237
1.007471 1.191048
0.9427023 1.162695
0.9948184 1.206438
0.9675564 1.134445
0.9962721 1.135788
0.9668816 1.143525
0.9899018 1.101657
0.9563861 1.166217
0.9962295 1.19315
0.9516475 1.154249
0.9936417 1.075045
1.005201 1.154132
0.9676622 1.117718
0.9451594 1.16025
0.981387 1.109999
0.9945814 1.067618
1.006458 1.110946
0.970549 1.128504
1.042434 1.096453
1.010535 1.042329
1.036894 1.08641
0.9659342 1.089014
0.9698166 1.077432
0.9969479 1.047349
1.00001 1.058634
1.001692 1.033084
1.036676 0.9889857
0.9956472 1.040055
1.022281 1.002322
1.0195 1.089908
0.9978191 0.9992778
1.006689 1.032354
1.023027 1.008294
0.9997423 1.027321
1.036518 1.062123
1.066464 1.049416
1.036304 1.054671
1.00525 1.041466
1.040248 1.067337
0.9903936 1.087886
1.010203 1.100421
1.040136 1.126832
0.9785317 1.138614
1.00826 1.090599
1.000491 1.107043
0.9954542 1.094628
1.003542 1.101432
0.9986708 1.112753
1.004344 1.147749
0.9939376 1.126259
0.922522 1.111063
1.014188 1.09738
0.9934847 1.19519
1.015247 1.127806
0.9711422 1.113649
0.9903393 1.152676
1.058107 1.068206
0.9957121 1.104542
1.016072 1.080512
0.9999946 1.087699
1.015922 1.087173
1.002775 1.079331
0.980613 1.061321
1.014355 1.074637
1.003845 1.083164
1.003557 1.057763
0.982037 1.085084
1.01795 1.072034
1.019067 1.083661
0.9858815 1.111228
0.9837145 1.065406
1.039678 1.074413
1.038039 1.006714
1.034715 1.025947
1.026243 1.000559
1.00378 1.01038
1.045934 1.048461
1.025578 1.134033
0.9880353 1.158928
0.980169 1.136109
0.9476876 1.232455
1.002101 1.173703
0.9823724 1.094606
1.01992 1.12391
0.9594372 1.127725
1.022362 1.070172
1.016596 1.078404
1.017745 1.091813
0.9990303 1.089854
1.056671 1.105562
1.06223 1.079691
0.9698391 1.076652
1.041803 1.06635
1.011971 1.061381
1.034148 1.084249
1.007898 1.085502
1.000588 1.071924
1.022071 1.046668
1.014283 1.071432
1.031636 1.069447
0.9882422 1.08673
1.024812 1.067909
0.9807191 1.050364
1.053031 1.07013
0.9803471 1.120545
1.041784 1.1183
0.9735372 1.08905
1.006869 1.036351
0.9967643 1.019624
0.9622939 1.049967
1.010168 1.001298
1.027176 1.031264
1.024083 1.100536
1.023937 1.120479
0.984461 1.136794
0.9626307 1.103208
1.019867 1.090964
1.02768 1.099203
0.9590883 1.161801
0.9938771 1.172963
1.007382 1.121703
1.004877 1.166714
0.9732165 1.179954
0.9586114 1.138316
0.9923701 1.083273
1.00421 1.079233
1.054395 1.030661
1.009503 1.114527
0.9578391 1.139694
1.006839 1.067328
1.021253 1.12078
0.989573 1.060965
1.016481 1.089123
0.9787019 1.138009
0.9827977 1.089902
0.9757024 1.121245
0.9811617 1.108812
0.9924918 1.128895
1.002402 1.083468
1.044334 1.07228
1.002619 1.055912
0.953438 1.125851
1.00548 1.141126
0.9892486 1.123796
1.015684 1.069119
1.02844 1.107981
1.02647 1.103737
0.9746979 1.195239
1.038058 1.083346
1.036652 1.103171
1.02202 1.170078
1.007147 1.167358
0.9994853 1.193908
1.005391 1.144808
0.9821528 1.157447
0.9519007 1.126906
0.9894907 1.133168
0.9802139 1.168896
0.9749077 1.08093
1.005572 1.210532
1.010528 1.146239
1.022778 1.12309
0.9908218 1.118604
1.010975 1.109129
1.012913 1.156553
1.036043 1.086855
0.9957615 1.071751
1.04333 1.029003
1.037795 1.068632
1.008141 1.034138
0.9876084 1.055153
0.9892655 1.104793
0.9789958 1.105963
0.9886528 1.101436
1.000343 1.1404
0.9695979 1.171923
1.010543 1.152517
0.9882941 1.179134
0.9763477 1.187471
0.9664706 1.05073
0.9820423 1.112961
1.025225 1.052185
1.010523 1.137014
1.006909 1.116047
1.029196 1.053742
1.001509 1.124186
0.9883512 1.072824
1.018033 1.026985
1.029472 1.070365
1.00961 1.10791
1.008597 1.114122
0.9896456 1.077057
0.9841641 1.093888
0.994233 1.123604
1.013354 1.12446
1.032038 1.183275
0.9406861 1.202914
0.9642408 1.154608
0.9708048 1.121376
1.013835 1.133266
0.9457518 1.132988
1.020145 1.140204
1.007077 1.125535
1.003207 1.118323
0.9903249 1.099975
0.931454 1.164863
0.9705258 1.112586
1.025363 1.074013
1.005927 1.105886
1.025042 1.148159
1.002702 1.109377
1.016414 1.060707
1.009301 1.050274
0.9763735 1.061049
0.9746996 1.107524
1.001949 1.026076
1.01381 1.07079
1.035279 1.043293
0.9770107 1.119292
1.011636 1.117391
1.006007 1.113289
1.003374 1.107059
1.027179 1.125311
0.9838986 1.193429
0.9746437 1.161447
0.9942975 1.176111
0.9963391 1.140716
1.023453 1.091266
0.9490821 1.123668
0.9945782 1.14279
1.007968 1.098227
1.029142 1.102604
1.0068 1.116792
1.02865 1.093901
1.001313 1.121149
1.000753 1.082154
0.9941849 1.104997
1.034922 1.128288
1.006018 1.147999
0.9684568 1.145202
0.9505411 1.106684
0.9988198 1.137402
0.9872731 1.144932
0.9875976 1.069613
0.9539733 1.059971
0.9798105 1.06056
0.989287 1.058627
0.9966217 1.039019
0.9891945 1.026965
0.9906737 1.024279
0.9978683 1.035759
0.9803273 1.050436
1.013211 1.030748
0.98885 1.069224
1.025052 1.089514
0.9856795 1.088933
0.986348 1.037623
1.013898 1.058639
1.006287 0.9933271
1.074618 1.016762
1.044458 0.970701
1.018549 1.050686
1.016014 1.04705
0.9603805 1.059033
0.9972262 1.038798
0.9926769 1.02689
0.9902952 1.075682
1.002322 1.001199
1.006541 0.9616546
0.9681102 1.004134
0.9938944 1.023408
0.9901051 1.073658
0.9740022 1.034662
1.003474 1.046446
0.9858492 1.107084
0.9945358 1.116661
0.9733371 1.139636
0.9857131 1.204673
1.002292 1.130955
0.9939735 1.080574
0.9603346 1.162362
1.038833 1.116733
1.050291 1.107866
1.006404 1.091541
0.9739053 1.067405
1.008336 1.163251
0.989743 1.203234
1.053565 1.178745
0.9987268 1.149356
1.030027 1.157132
0.9837446 1.12149
0.9779348 1.155127
1.038756 1.150527
1.034119 1.132919
1.045203 1.182019
0.9875255 1.158328
0.9701829 1.137822
1.023451 1.179286
0.9704464 1.228756
0.9726958 1.167997
1.006297 1.124378
0.9791472 1.076369
1.007812 1.094176
1.016844 1.054435
1.020386 1.058872
0.9783044 1.08424
0.9776403 1.137758
0.9868106 1.15808
1.033921 1.095677
1.019549 1.172148
0.9879882 1.129666
1.043952 1.142288
0.9963714 1.137833
0.9854919 1.166808
1.007699 1.179331
1.003668 1.118079
0.9963793 1.066125
1.013558 1.134879
1.029882 1.083807
1.005632 1.160184
0.9804812 1.059709
0.9965439 1.104308
1.003073 1.15092
1.040679 1.125097
0.9578719 1.132128
1.015915 1.063209
1.005365 1.09244
1.000311 1.08222
0.9992945 1.078837
0.9729025 1.076042
0.9883924 1.103878
0.9803501 1.081769
1.035733 1.089106
0.9873184 1.137425
0.9973956 1.039978
1.007287 1.083898
1.033685 1.036947
0.9967396 1.074783
1.016585 1.069604
1.013495 1.103446
0.9806099 1.098749
0.9759181 1.161974
0.9988598 1.124964
1.038819 1.087624
0.9808866 1.085438
1.021522 1.110693
0.9884481 1.149556
1.012434 1.052501
1.007009 1.090995
0.9935296 1.064295
1.043793 1.043473
1.016063 1.077567
1.033596 1.109681
0.9854066 1.11798
1.007396 1.141553
0.9885621 1.145809
1.056226 1.129561
0.9682003 1.078399
1.006991 1.099193
1.006744 1.102612
0.98816 1.12382
0.987773 1.074587
1.028506 1.126028
1.002838 1.082089
1.022372 1.067502
1.0321 1.011586
0.9900412 1.030702
1.029944 1.047365
1.045299 1.037174
0.9954834 1.094205
0.9742963 1.063206
1.014583 1.051574
0.9766991 1.136235
0.9986391 1.083169
0.965534 1.093031
0.9996393 1.128451
0.9996723 1.077676
0.9644778 1.046214
1.021776 1.003299
1.011164 1.038485
0.9717867 1.03215
1.012144 1.064925
0.9691802 1.053176
1.031821 1.090603
1.000828 1.046742
1.005624 1.041213
1.017061 1.044022
1.000681 1.060135
1.023964 1.093505
0.9978696 1.087629
1.005296 1.112298
0.9886275 1.062508
1.001941 1.011017
1.034082 1.059397
1.025549 1.045029
1.010748 1.050273
0.9896335 1.067774
0.9896796 1.11194
0.9975745 1.062355
0.9942926 1.077166
1.004586 1.073342
0.9931241 1.063798
1.009001 1.06478
0.9902432 1.105431
1.022895 1.056417
1.016544 1.116684
0.9704535 1.133879
0.9827766 1.076464
0.9958032 1.063002
0.991212 1.065529
1.007073 1.040679
1.014629 1.088983
0.9725304 1.094501
1.045745 1.092027
1.03045 1.020058
0.9284481 1.080977
0.9611566 1.124358
1.027461 1.109078
1.063926 1.047493
0.9934418 1.100915
0.987473 1.123648
1.024991 1.175506
1.020093 1.11077
0.9963431 1.115078
0.9973526 1.119442
0.9968105 1.195974
0.9589443 1.171725
0.9873619 1.154124
0.9993105 1.149832
0.9670597 1.136236
1.017317 1.135735
0.9883098 1.062846
0.9684326 1.108921
0.9914925 1.048855
0.9776752 1.05612
1.03206 1.076849
1.016939 1.049872
0.9993945 1.081085
0.9926837 1.098097
1.015842 1.135326
1.002633 1.131613
1.022477 1.139311
0.9578957 1.088378
0.9542817 1.217887
0.9796065 1.255687
1.005344 1.207756
0.9894903 1.180452
1.009415 1.258824
0.9685438 1.243932
0.9383021 1.199838
1.019923 1.199123
1.018385 1.191858
1.026609 1.101665
0.9874066 1.11766
1.04927 1.059611
1.077357 1.094705
1.008211 1.078869
0.9872484 1.079393
1.032338 1.064261
0.993863 1.091517
0.9799952 1.077624
1.03965 1.112817
0.9984507 1.118288
1.030759 1.089742
1.000136 1.19948
1.042085 1.173686
0.9528884 1.12363
0.9953663 1.161641
1.003451 1.160952
0.969041 1.139544
1.037702 1.103979
0.9554085 1.176013
0.9529079 1.192156
0.9533236 1.157653
1.027267 1.14936
0.9715027 1.057991
0.9635216 1.148048
0.9917843 1.134938
0.9722543 1.183399
0.9840615 1.165051
1.037223 1.11293
0.9596184 1.141609
0.9981579 1.094611
0.9969334 1.083693
1.03385 1.139858
0.9988656 1.1123
0.9871197 1.108319
1.019621 1.055862
1.055766 1.021859
0.9950534 1.059146
1.037587 1.046785
1.024181 1.078946
1.033589 1.034925
1.01723 1.097663
1.008432 1.044383
0.9577855 1.042075
1.00101 1.080865
1.068409 0.993856
1.036487 1.021031
1.001065 1.002159
1.026352 1.027339
0.9796081 1.069153
1.0176 1.072239
