"res" "LCI" "UCI"
-3.5799435569696 -3.88088136729703 -3.30121737268
-3.16739097380109 -3.40948552430792 -2.94181373348672
-2.93738411417688 -3.14952365013962 -2.74073783197199
-2.87547445362814 -3.0801373994653 -2.68481807273794
-2.79141390649124 -2.98778052362832 -2.61116022133195
-2.73212449827864 -2.92120918384718 -2.5570092652232
-2.67798458111497 -2.86191183075196 -2.50946642385951
-2.50643014511094 -2.67249452931212 -2.35144402696344
-2.43272932109427 -2.59364410648717 -2.28375114562932
-2.42236201893458 -2.58249725474602 -2.27370171248174
-2.41043626683863 -2.56887885074339 -2.26229642743288
-2.38610709798695 -2.54289666979325 -2.2403245573428
-2.35724971711008 -2.50999903212614 -2.21372282487287
-2.30349354081237 -2.4526409579879 -2.16280408698416
-2.29233440251304 -2.4412321385735 -2.1510053671146
-2.18233416011278 -2.32304014246082 -2.0485655620129
-2.08693946763943 -2.22108412843027 -1.95801402592693
-1.99428500234869 -2.12870112805531 -1.86347282347104
-1.98081650954514 -2.10848175620557 -1.85252472743311
-1.97378575354602 -2.10269643500274 -1.84487629573012
-1.94206457491574 -2.06629166134444 -1.81825173916372
-1.91623251003154 -2.03985748589054 -1.79218774816929
-1.91023197921721 -2.03359593874261 -1.78619184454953
-1.9033306082703 -2.02581839813301 -1.77838928793578
-1.89539448928562 -2.0181999610337 -1.77096902525055
-1.88312135928077 -2.0059086379918 -1.75870246616232
-1.87563407069632 -1.99709068237755 -1.75188695485083
-1.87062202165328 -1.99285010931588 -1.74614257027325
-1.83975064572654 -1.96051693346622 -1.71878462835804
-1.83524734942175 -1.95528808125032 -1.71432829144361
-1.82878078920381 -1.94770751553345 -1.70864120757354
-1.82139412421694 -1.93943864572076 -1.70036626613101
-1.81394262303363 -1.93241646118752 -1.69398883203439
-1.79824917921824 -1.91588166368896 -1.67716549621284
-1.78363790719599 -1.90094074657102 -1.66583043755466
-1.77525743249904 -1.89196737137494 -1.65665657540323
-1.76474266646549 -1.88039204192549 -1.64661363050931
-1.75567618317489 -1.87050844280875 -1.637895415433
-1.74966329344819 -1.8643756608764 -1.63268655099802
-1.74513083135309 -1.8598090683884 -1.62810509675986
-1.70704407971462 -1.82076081232206 -1.59053132334009
-1.67246025215462 -1.7875582045398 -1.55455978661958
-1.65302873631462 -1.76417908965923 -1.53885273959944
-1.63203290479209 -1.74396215028484 -1.51799578537081
-1.62665260390481 -1.73764370933373 -1.51412019415668
-1.619127229883 -1.72924774839765 -1.50718670674788
-1.60896016376767 -1.7198224926032 -1.4971884623183
-1.60539133904121 -1.71517052765011 -1.49286089822529
-1.60187519974437 -1.71152238037258 -1.49039061777306
-1.59662289275223 -1.70674761042047 -1.48493781918518
-1.5893968443045 -1.69960810654311 -1.47852675687769
-1.58608013257714 -1.69688656135123 -1.4755899595735
-1.58331222069051 -1.69313892257107 -1.47221194018203
-1.57679211062202 -1.68559203334969 -1.46422247935473
-1.57202713260713 -1.68128217461433 -1.46122251265342
-1.56633249160733 -1.67552713021024 -1.45579162467085
-1.55756117502897 -1.66669836039632 -1.44824525253775
-1.54710305439237 -1.65523190291273 -1.4382913280398
-1.5394788209956 -1.64716619787165 -1.42982383685562
-1.53377128468577 -1.64198837882724 -1.42430166824628
-1.52212985760626 -1.62973638838885 -1.41321520089278
-1.51795393673584 -1.62546191340337 -1.40947657169942
-1.51110768082497 -1.6184565948531 -1.40293862461192
-1.50153489663116 -1.60919451399578 -1.39305800472569
-1.49502759385781 -1.60224490985195 -1.38709524038321
-1.48682175338161 -1.59243171261285 -1.37947152211308
-1.47945805371122 -1.58550033438971 -1.3706979607693
-1.46905694316381 -1.57756771089009 -1.35970269601746
-1.46033076875889 -1.57258050995717 -1.34840401923426
-1.45741077734473 -1.56915268881077 -1.34598775152877
-1.45515964448136 -1.56621177172357 -1.34339129670646
-1.44923531271632 -1.55937131867978 -1.33896638182014
-1.446133726156 -1.55622926031338 -1.33633272606907
-1.44263805604183 -1.55283376536877 -1.33314978602021
-1.43288624600165 -1.53822255571511 -1.32647092704222
-1.42783409656152 -1.53162760711218 -1.32212806734877
-1.42241025784732 -1.52663834779161 -1.31632243892948
-1.41375944916931 -1.51721658148059 -1.30905566216508
-1.40350918458987 -1.5076178608483 -1.29938202434031
-1.39792672233434 -1.50371378996635 -1.29250267301641
-1.39478031472278 -1.50081104448875 -1.28950483062699
-1.38993895604299 -1.49427020362791 -1.28537505776119
-1.38485340938775 -1.48948478094878 -1.28164926204851
-1.37857066033004 -1.48163270253693 -1.27527071264381
-1.37401084912447 -1.47683740271986 -1.27126378244287
-1.36997654982371 -1.47269682308595 -1.26700432455963
-1.36094675684847 -1.46309870315404 -1.25841763827291
-1.35822699732664 -1.46046721435079 -1.25543367950462
-1.35338083483251 -1.45464550564079 -1.25034185208805
-1.34871299738944 -1.44964929331237 -1.24630160918941
-1.34303974727692 -1.44393470083025 -1.24053887877292
-1.3345413124054 -1.43514578892061 -1.23326664877208
-1.32817011144543 -1.42705316094744 -1.22678814649803
-1.31937306534869 -1.4211117482369 -1.21753397412741
-1.31551806746636 -1.41667561484839 -1.21325971217188
-1.31243405301098 -1.41425585964038 -1.20956812507174
-1.30802440961914 -1.40966957772701 -1.20525308958511
-1.30241995291334 -1.40357509725764 -1.19938126254948
-1.29795446666021 -1.39781755241694 -1.1961941950746
-1.29540358545081 -1.39530104447125 -1.19369357550017
-1.29280152369911 -1.39161833548161 -1.19226880488851
-1.28660885054355 -1.38555145668544 -1.1859500134664
-1.28281765271372 -1.38254895374273 -1.18131881161033
-1.2771945819093 -1.37695065515055 -1.17640088596469
-1.27079049220704 -1.37042752760151 -1.17146790734071
-1.26846748669722 -1.36776629678721 -1.16880403305868
-1.26596324668203 -1.36517521827958 -1.16664485286351
-1.26051131648586 -1.35895240403213 -1.16054761012745
-1.25477304832874 -1.35351050975225 -1.15494955755981
-1.25108777045504 -1.34923412252416 -1.15142712887137
-1.24545213655791 -1.34395806780285 -1.14612135515173
-1.23861456767366 -1.33651807271711 -1.13929332507498
-1.23560649144667 -1.33259932465261 -1.13602838215072
-1.23226503153097 -1.32972250691703 -1.13296041492647
-1.22855605544568 -1.32621529837869 -1.129454348291
-1.22524453545573 -1.32290800279124 -1.12622125729968
-1.21942202873951 -1.31655628414919 -1.12082690997861
-1.21482796056166 -1.31214436825737 -1.11612382568664
-1.20820914080673 -1.30424766059315 -1.11016872112561
-1.20124000071413 -1.29737560695968 -1.10287460020129
-1.19832370710145 -1.29456854831961 -1.10045721907638
-1.19515253572376 -1.29124256167238 -1.09725147353269
-1.19221450064051 -1.28844091981969 -1.09453511518968
-1.1886375304252 -1.28388600187606 -1.09109247860923
-1.18407673752177 -1.27959817960422 -1.08705432038342
-1.17932997715958 -1.27494925074556 -1.08226115640938
-1.17528347019149 -1.27063077288322 -1.07868958571842
-1.17020603740924 -1.26504865471007 -1.07337459201297
-1.16221717764277 -1.25836316268814 -1.06435206540343
-1.1577157286907 -1.25303827327942 -1.0604161425822
-1.15147887000458 -1.24786453876135 -1.05422139856322
-1.1473860184813 -1.24282800497888 -1.05050680453794
-1.14361889924399 -1.23944516255691 -1.04726033421044
-1.13978903619822 -1.23600190321573 -1.04234923591435
-1.13660573448373 -1.23341363514085 -1.03918201088148
-1.12966174669763 -1.224219047663 -1.03228458783392
-1.12487166000116 -1.21954142074641 -1.02948743762032
-1.12172640670467 -1.21673270258483 -1.02598927134879
-1.11945633367029 -1.2137343213795 -1.02365653345599
-1.11711381592077 -1.21135711841702 -1.02193287821648
-1.11444397164799 -1.20942060126189 -1.01871064646038
-1.11058064929494 -1.20543870834754 -1.01614646438622
-1.1061789964397 -1.1995859023359 -1.0116711781102
-1.10138036456818 -1.19442780143052 -1.00578228779754
-1.09700743982829 -1.19059197370363 -1.00269717381748
-1.0913556613233 -1.18433826205051 -0.997398380629212
-1.08590425840755 -1.17896237175433 -0.992762598901855
-1.08438124957192 -1.17727650974525 -0.990833462011575
-1.08168488132858 -1.17439689459397 -0.988142287180775
-1.07732040124279 -1.16967680213834 -0.983570953784964
-1.07371631172822 -1.16668765677437 -0.980661005051061
-1.06823977684708 -1.16027205047759 -0.973865667449884
-1.06307896592455 -1.15579958993457 -0.969978854620191
-1.05624853233305 -1.14943043965547 -0.96336733326036
-1.04965194692225 -1.1432233954356 -0.956775919474581
-1.04533977998342 -1.13828167534109 -0.953168053769969
-1.04358242468824 -1.13609121765441 -0.95170210028482
-1.04103111155688 -1.13293880557561 -0.948630680103454
-1.03845116911486 -1.12989575689644 -0.946448030306791
-1.03274446930139 -1.12555422562613 -0.940230010950947
-1.02624495555187 -1.11836611239627 -0.933892086329227
-1.01736790017304 -1.10934373762932 -0.924855337142197
-1.01015042461728 -1.10132158389323 -0.91863928699442
-1.0072305623393 -1.09833950677067 -0.916025526890755
-1.00204801006967 -1.0931916516232 -0.910880800481482
-0.999733190141379 -1.09027151124618 -0.90831853521978
-0.99610702871612 -1.0874505749277 -0.904451367338786
-0.992882552759251 -1.08440459688052 -0.901300351676146
-0.989537277238956 -1.08118740242042 -0.898107062554696
-0.986401260663243 -1.07825098365705 -0.894569387553406
-0.981345749549033 -1.07198859677564 -0.889613470916293
-0.977024483668864 -1.06728225862647 -0.884869681596881
-0.973471632580361 -1.06429940788309 -0.881978691384458
-0.967451906190478 -1.05668347860806 -0.875662943454544
-0.962690192679742 -1.0534702841738 -0.870326058126011
-0.9568940690697 -1.0475244156409 -0.864342715363169
-0.952184209600519 -1.04156861575675 -0.860785973380664
-0.947380262370632 -1.0377933028203 -0.85514402238802
-0.93957560282073 -1.02944731557736 -0.847418643335052
-0.930200690261018 -1.02142349371266 -0.837823203344255
-0.926025638088793 -1.01688543124232 -0.833991033141754
-0.921800148335074 -1.01205649032951 -0.829209879802594
-0.910992958858702 -1.00139730378124 -0.820291810314842
-0.908235204675359 -0.998493136432201 -0.817530074246018
-0.904344530945727 -0.995196701518096 -0.812865580857574
-0.900862170567221 -0.991100371617199 -0.808496102910817
-0.89675241539054 -0.987709350123952 -0.804520122972314
-0.89383320765335 -0.983948994876924 -0.800759500291819
-0.890842549978857 -0.981761673659975 -0.797937307931765
-0.888112570963107 -0.978331690151907 -0.794608955914435
-0.882781007351581 -0.973370404040518 -0.791234327342009
-0.879287564853455 -0.970224456847625 -0.786771098907853
-0.877423588275304 -0.96801544869554 -0.785073824928501
-0.871665881482276 -0.962759977941694 -0.779907932823108
-0.866136732044964 -0.957544524353796 -0.774245114096111
-0.861096538130748 -0.95316416225058 -0.767804828202383
-0.855079253662571 -0.948582193410171 -0.760893958170275
-0.850131812429818 -0.943783597813508 -0.75653154334242
-0.846588885990413 -0.938998924529372 -0.752555300183272
-0.842942501884632 -0.935745408938215 -0.748732682290767
-0.838077920584514 -0.93052891671157 -0.745070339108082
-0.834940166205009 -0.927230043048763 -0.741900780811593
-0.830892017069108 -0.921528050291291 -0.739094988802097
-0.826796539945824 -0.917997346964884 -0.73368764531089
-0.822220501641827 -0.914001183442133 -0.729508850378332
-0.818119752487544 -0.910699404020235 -0.725492579479576
-0.813642011359681 -0.905205919904908 -0.721910229202171
-0.808849100968913 -0.900558262223574 -0.716847721233863
-0.8006784449703 -0.890476272726525 -0.708441972623407
-0.79262797073103 -0.883727373151124 -0.699518348927336
-0.788520430893105 -0.879429017210014 -0.695732671993882
-0.784310533169521 -0.875222455058121 -0.691303339434201
-0.78086805682013 -0.871823725540316 -0.688311969696836
-0.777359849451751 -0.868357638871408 -0.685130167819691
-0.774312813021522 -0.865023667861438 -0.681866996903881
-0.772424122824764 -0.86281518840291 -0.679733775364328
-0.765116547264584 -0.856116874511407 -0.672964535411336
-0.759289921549505 -0.850839977389323 -0.668495939199041
-0.756984636887317 -0.848684322775109 -0.666060953347001
-0.75378556252494 -0.846404121469771 -0.662505197647379
-0.751846651078045 -0.844109588733127 -0.660831503458361
-0.749417756541859 -0.84107970779701 -0.658049456438699
-0.746441093383015 -0.837882166894095 -0.655464795950134
-0.743984076473674 -0.835017561667883 -0.652925860987451
-0.742072630871222 -0.833688250333659 -0.650401312181548
-0.739822298895752 -0.830531538609439 -0.649269096683167
-0.737040135321362 -0.828364085258237 -0.646587709935286
-0.73125898809217 -0.82296523425855 -0.639684984120537
-0.728981610058579 -0.819508290666914 -0.637145689930717
-0.726020762583014 -0.817039107196702 -0.634884834096082
-0.724269956893169 -0.815288509994873 -0.63211573573978
-0.721606958820138 -0.812627452745638 -0.630151525079413
-0.7193270255333 -0.810461034812919 -0.628518613380748
-0.717830176739431 -0.808480230329411 -0.626726069163059
-0.716591370697246 -0.807295485972053 -0.62519712238058
-0.715090575031414 -0.80558467490042 -0.623808431571156
-0.712373864755001 -0.802542010445564 -0.620576800700855
-0.710552928227001 -0.800587437688265 -0.618633827109697
-0.709236040636914 -0.799281049762853 -0.617684815329669
-0.706634582384931 -0.797759730802069 -0.614489278656118
-0.704966188579517 -0.795867819419073 -0.612878898289826
-0.702990193449223 -0.794510075141398 -0.610520746868142
-0.700707685554032 -0.791274272222128 -0.608624554462327
-0.698541448636934 -0.789294187524767 -0.60683013542265
-0.695953316943265 -0.786610818094544 -0.603393384093086
-0.692625356558758 -0.784930015966943 -0.599737967100599
-0.689461030860546 -0.780382763697926 -0.597397085208844
-0.686596878267045 -0.778269224640625 -0.594755833182599
-0.682105909209702 -0.774160026039395 -0.590547085106883
-0.677468809747775 -0.76831584405297 -0.586666834336896
-0.670501367286029 -0.761913003113367 -0.580181927506028
-0.665606178124924 -0.756340876064722 -0.574727961953911
-0.663420958358973 -0.754265299505748 -0.572576402479826
-0.661108398212528 -0.750398775685796 -0.570276827979968
-0.65808478429653 -0.748055473838077 -0.567062606569292
-0.653711752704837 -0.744043728455752 -0.563781794288471
-0.652419304323058 -0.7427305435736 -0.56236842385499
-0.650900669505319 -0.740963194716089 -0.560881473526077
-0.648481506580642 -0.737148867323554 -0.558593813147451
-0.645673020670238 -0.734552374462449 -0.556381362378263
-0.643591296738893 -0.732129418925159 -0.553448573385992
-0.640981374953326 -0.729776307207973 -0.55133900053468
-0.638692161345255 -0.727744594055534 -0.54933834702809
-0.635689972266985 -0.723964331554419 -0.546366125722427
-0.633938695475378 -0.722783051042126 -0.545118743992387
-0.631601896264723 -0.719813495135074 -0.542995672300582
-0.629926419510713 -0.718522203942933 -0.542012053852435
-0.627018688748804 -0.715944245024108 -0.538525146433343
-0.624807375629894 -0.713282687673642 -0.536614329367385
-0.622631367695725 -0.711707237619904 -0.534148236960562
-0.620291791491035 -0.710039983609602 -0.531826497001178
-0.618215874111154 -0.707723084034203 -0.530523759279932
-0.61341503944092 -0.70132983755652 -0.526620853483005
-0.61081484571482 -0.698725520483804 -0.524290273970477
-0.608972943714055 -0.696298432519117 -0.522455819415737
-0.605970648434876 -0.693584993843594 -0.519786295886215
-0.603428356124632 -0.691245498794408 -0.516856842565625
-0.600166256752419 -0.687288385640953 -0.513354407451701
-0.595245619124889 -0.68247385371018 -0.50983385336421
-0.590789795132115 -0.676963409709525 -0.505330481981829
-0.585994188509246 -0.671913336224823 -0.500978722698583
-0.582700675066451 -0.668234801156758 -0.498051335939907
-0.580795032944522 -0.665649916080106 -0.496520014352675
-0.579013093034759 -0.664141240019451 -0.494978324812329
-0.577562834873531 -0.662527912760742 -0.493223500359493
-0.575250219059017 -0.660152700968729 -0.49087625853641
-0.569853040099564 -0.654544398866626 -0.485914336655842
-0.562737997644824 -0.646280932474568 -0.479955618676779
-0.552207316826349 -0.636421019512845 -0.469015531537563
-0.550796384894059 -0.634672170949948 -0.468042413511536
-0.54902012985276 -0.632506906085318 -0.466383056263744
-0.547600097942504 -0.63031220631962 -0.465734774806229
-0.545938285338983 -0.628192361276823 -0.46408728040657
-0.545017357857275 -0.627451430479875 -0.463194471867295
-0.54322958539316 -0.625240142831844 -0.461478348098523
-0.541781758489215 -0.623783554231998 -0.460377710779019
-0.539089067190931 -0.620451579563529 -0.457620900650072
-0.53254937992958 -0.613923815901936 -0.451496280061043
-0.530282045424199 -0.611480075161304 -0.44908060701995
-0.524804685517755 -0.605776846109321 -0.443511872682697
-0.524279088380508 -0.605233658419139 -0.443028688734114
-0.523904826594461 -0.604822569199354 -0.442582610904313
-0.521157302622322 -0.601755740790444 -0.439666070044887
-0.518368546226263 -0.598795662541588 -0.437256681705046
-0.517797659953546 -0.59811547685765 -0.436784908896833
-0.512342639154047 -0.592102111140439 -0.43130130418294
-0.5084899948344 -0.588041768279761 -0.427964412471345
-0.507337356341992 -0.586969679853258 -0.426926695732931
-0.50712079056531 -0.586808326464603 -0.426879347780327
-0.50090849262134 -0.57993404287803 -0.421151089118331
-0.500682886714962 -0.579625274451277 -0.421038408366013
-0.499057928207589 -0.578074324109174 -0.41937667582257
-0.498683414964818 -0.577663333861875 -0.418971806902097
-0.494553002902115 -0.572952656133196 -0.415170731977776
-0.480187563449024 -0.558029482875617 -0.401106078442917
-0.479270928550461 -0.557014389355065 -0.400425548722498
-0.478166449800861 -0.556251561940607 -0.399446782385203
-0.474140492778099 -0.551700297985376 -0.395435302893922
-0.470716844739157 -0.547996900373832 -0.392109112665565
-0.467493429215565 -0.544557533535983 -0.388942569270177
-0.465643489419297 -0.543009841176797 -0.387280363010996
-0.464872036746601 -0.542152574766951 -0.386538094189941
-0.459596913301319 -0.536442640586598 -0.381122099838333
-0.455286573677154 -0.531980852703118 -0.376583490048153
-0.452152823015438 -0.528326781054 -0.373343631651046
-0.447815637023461 -0.524553045412188 -0.369438613951555
-0.44685206758128 -0.523543593260448 -0.368597562195768
-0.440235340863029 -0.516233421273084 -0.362102113438399
-0.437204793601623 -0.51243001913017 -0.358918481535582
-0.435498650985849 -0.510841915288991 -0.357454362606352
-0.429431236215649 -0.504822532364416 -0.35130863695384
-0.428380830955815 -0.503576618607357 -0.350595609001104
-0.426874538791672 -0.501843697910387 -0.348922598560007
-0.425061901698724 -0.499481006980185 -0.347437241588449
-0.423380537317833 -0.498381669699 -0.345902701138068
-0.422187486857657 -0.497226638343932 -0.344862949136054
-0.420401590341389 -0.495991209386895 -0.342977162768474
-0.419945132804266 -0.495670912086771 -0.342625332978423
-0.419316832802404 -0.494637334958936 -0.342091617056096
-0.411715173999778 -0.486884272214809 -0.334359180551716
-0.409482694409714 -0.484534169141817 -0.332313300252199
-0.404688688124167 -0.48006846418536 -0.327596584653112
-0.401495519477096 -0.476799896604029 -0.324264466421301
-0.400329690538862 -0.475327576141018 -0.32298812625253
-0.398445744659677 -0.473716292834769 -0.321256794112443
-0.397331016391184 -0.472452334430476 -0.320163136520331
-0.396808265530574 -0.472201949694609 -0.319256694759415
-0.395411248842473 -0.470361519076861 -0.318151625896827
-0.394666009212058 -0.469874225653597 -0.317203000156243
-0.392970337980814 -0.46834503814827 -0.315973140607611
-0.3918576388877 -0.466718904888001 -0.314765923353842
-0.389914256701109 -0.464653731190729 -0.312888775800137
-0.384117413453136 -0.459228634935992 -0.306776531064239
-0.3815928975381 -0.456447101636677 -0.304546458534982
-0.380964209756148 -0.456124295182687 -0.303996999849964
-0.378841371615308 -0.453324232375543 -0.302097816947884
-0.376604810352772 -0.450966038348146 -0.299831003206009
-0.373715676650016 -0.448563670464352 -0.296840817904959
-0.370860300762289 -0.445633347550122 -0.293806878020341
-0.370302236366704 -0.445151950465849 -0.293451978376597
-0.370079702679208 -0.444747271178358 -0.293146185496401
-0.368349260800019 -0.442795380150301 -0.291197093941793
-0.367022390460227 -0.441420763219598 -0.290384236423828
-0.366423643087634 -0.440854157223988 -0.289921929608891
-0.364540985944019 -0.439014166222118 -0.28824694189621
-0.357889964492376 -0.432565588157527 -0.281539544698654
-0.355674134266029 -0.430330547677447 -0.279562060545778
-0.354477890867417 -0.428695362105965 -0.278200446804826
-0.352423746394102 -0.426399787306903 -0.276086102289604
-0.35077402281124 -0.425138186801408 -0.274154155833567
-0.34487737663 -0.419878646396421 -0.268259568783224
-0.341481534558351 -0.415463937568837 -0.265183910901957
-0.336712877198501 -0.410953674255688 -0.260424009459268
-0.335433868064558 -0.40966164197276 -0.259403625292618
-0.330519366967682 -0.405378241141687 -0.253676509789209
-0.326356615648091 -0.401749883459415 -0.249864663244653
-0.321514248303203 -0.397204712115516 -0.245036340959242
-0.315003681233173 -0.389916754921719 -0.238665228861895
-0.312747778889773 -0.387555497325882 -0.236656405765325
-0.307015779899225 -0.381700609013842 -0.230759105517349
-0.303557237843803 -0.378733291918902 -0.226541309777898
-0.301684681366848 -0.376997815125362 -0.225190223901361
-0.299924560542124 -0.37527102126461 -0.223928631655296
-0.299052243784285 -0.374677322423534 -0.222964127346715
-0.297808650877745 -0.3734130200837 -0.221761814127421
-0.294718170658559 -0.37004371990885 -0.218573669518043
-0.292650197818426 -0.367864476649264 -0.216462196301776
-0.288367704861473 -0.363643304477504 -0.211853596426886
-0.286174036618638 -0.361747177117648 -0.209382450837261
-0.285886178236221 -0.3614234349584 -0.209172469655226
-0.281466000331099 -0.357115878082293 -0.204919970561695
-0.272508918864232 -0.348133919295575 -0.196018763191515
-0.26603844053171 -0.341459865959645 -0.190602376344307
-0.262981858478811 -0.338617215997951 -0.18768325458319
-0.258052358615253 -0.334347594179126 -0.181127267031483
-0.256403874980354 -0.332767803474376 -0.180210551145721
-0.255388239239455 -0.33105816031107 -0.179402602194858
-0.254190642723553 -0.330222863713792 -0.178297211228295
-0.252628728061914 -0.328193869583659 -0.17635044443909
-0.250664473991251 -0.326503104869695 -0.174236031338612
-0.248431197747145 -0.323986829604726 -0.17243572365425
-0.246181703300842 -0.321887859375374 -0.170911179012016
-0.244887537266626 -0.32062790459567 -0.169549438899913
-0.242634243176294 -0.318219370270343 -0.167064060408119
-0.240752200671407 -0.316418393187004 -0.165050072816235
-0.23938506786334 -0.314955811316328 -0.163958103076276
-0.237540917850248 -0.313448509119858 -0.161955545601208
-0.236837592054384 -0.312714310838359 -0.161218126577842
-0.234644621691205 -0.31052177269982 -0.159175918100586
-0.231674665161593 -0.307651224631046 -0.156245043695733
-0.229482301717396 -0.305293114314017 -0.154371426465599
-0.226363464795046 -0.302826706680621 -0.150654611840496
-0.224675342646845 -0.301372218963133 -0.149067636432044
-0.22281126973615 -0.299335546203151 -0.147486122140088
-0.2194068384324 -0.296164706358054 -0.143599239147728
-0.218223314593625 -0.295220185089207 -0.141863100642004
-0.213263721335573 -0.290162123200486 -0.137471858694452
-0.210009105095337 -0.286005443529735 -0.13434923982692
-0.208955192132531 -0.285188772924526 -0.133204782917908
-0.205603429111745 -0.281949065407541 -0.130507289018756
-0.20231687185835 -0.278841901453684 -0.126680719726696
-0.197991609877594 -0.274151873450512 -0.122186953196471
-0.197288504392595 -0.273550388759196 -0.121689622834963
-0.195435121621658 -0.271770943487697 -0.120124326755362
-0.193533761832913 -0.269753503128067 -0.118007704772034
-0.189743840895635 -0.266904880585257 -0.114125145432803
-0.186962931647492 -0.26406987303023 -0.111451521549589
-0.18168701715951 -0.259246746063318 -0.106855753157379
-0.179588745388607 -0.257306303326468 -0.104279847470125
-0.176798003969416 -0.2535843660732 -0.101542855694984
-0.172905581487008 -0.249633403824557 -0.0972227246764831
-0.170963401853699 -0.24818279479983 -0.0953965615459152
-0.167341791677931 -0.244307047900671 -0.0915181122180346
-0.162962713214228 -0.240179848659455 -0.087482572248667
-0.16048167749866 -0.237382707286745 -0.0849724679525113
-0.157544023900236 -0.234687541125241 -0.0819859901236778
-0.154678636470483 -0.232413485250413 -0.0787615684207408
-0.148641035250401 -0.226090428347144 -0.0739525378497012
-0.145390231530851 -0.223182427264823 -0.0708120470267864
-0.143452795355436 -0.220539634187283 -0.0686736436688088
-0.141676050688567 -0.21830074526548 -0.0670390514307677
-0.140764814538882 -0.218029363494746 -0.0660621266662591
-0.139859451430718 -0.21663744628355 -0.0648732951341991
-0.136550844610421 -0.213335675713172 -0.061528387374615
-0.134116950466954 -0.210962753509078 -0.0587335272561584
-0.128460255429946 -0.205870383333496 -0.053803843282515
-0.126121269002369 -0.203329790220256 -0.0509165563708559
-0.122192551028036 -0.199315702780775 -0.0470157159459447
-0.116038297962407 -0.19444307464379 -0.0410353617360394
-0.112978790675215 -0.190900607812396 -0.0377230152559838
-0.111484981797746 -0.189889725751707 -0.035591171414867
-0.110074745226015 -0.188282196875836 -0.0345975182095183
-0.105532300694391 -0.183384892780734 -0.0282844040305481
-0.102023417341158 -0.180433681476703 -0.0259090772560058
-0.0989957608075872 -0.176846272434512 -0.0236955072838877
-0.0974548477747188 -0.175732945008091 -0.0222812232422049
-0.0941801004703889 -0.171736663407404 -0.0198233962599499
-0.0918391305168616 -0.170184332793278 -0.0167117086309563
-0.0890878550886298 -0.167639805324836 -0.0142034947303661
-0.0855227328777675 -0.162690002619511 -0.010538317055688
-0.083412197552949 -0.160472295609419 -0.00798902815056568
-0.0824059673015864 -0.159079630399647 -0.0072549819119712
-0.0795273665487782 -0.156422251551234 -0.00446716307971111
-0.0758690449693998 -0.152933452957845 -0.000576964407297538
-0.073265263405302 -0.150728223755956 0.00133863080440766
-0.0680630547905633 -0.14477499531986 0.00643279170698273
-0.066364433961152 -0.143421264919663 0.00843994556712931
-0.0648089917574733 -0.141725477222253 0.0101099523533977
-0.0630393492953492 -0.140081253092752 0.0121018391759145
-0.0615264784759762 -0.138658776111 0.0134722260169132
-0.0587953200638946 -0.136248568551312 0.0164823228638293
-0.0560303027075454 -0.133799459017267 0.0191566633757756
-0.0520348684706384 -0.13017268075014 0.0229743192134969
-0.0482622470451435 -0.12692210019021 0.0280130678925407
-0.0444553260557524 -0.123457397393151 0.031510255697955
-0.0395486498372108 -0.117217576526831 0.0363537242327135
-0.0360416317304583 -0.114151274600324 0.0397130928761792
-0.0325780977995293 -0.111344670180664 0.0437229661034388
-0.0275057953774836 -0.105809865917274 0.0483249768418215
-0.0239877591603442 -0.102482950215041 0.051576402521088
-0.0177601731765249 -0.0954541970978563 0.0573604012621011
-0.016084362624466 -0.0938799466693842 0.05867054198451
-0.0130675189755729 -0.0919033040747172 0.0624165390853766
-0.0104526021059851 -0.0885910456092754 0.0650364236144957
-0.00864687100575004 -0.0866954946439649 0.0665888972296144
-0.00786113546904211 -0.0860816241737168 0.0674176771010542
-0.00703453785168681 -0.0853459980161272 0.0678025138496199
-0.00521958781195471 -0.0837093342348905 0.0699434292858001
-0.00247567267817937 -0.0810867924535409 0.0730415756963013
-0.00122591074040088 -0.0794778675413908 0.0741322235985185
0.00350930760611514 -0.0741232293018442 0.0781958815939794
0.00501845745935207 -0.0724902307397561 0.0799137357786715
0.00706109461055926 -0.0708037908036945 0.0822186576717862
0.00829108436796577 -0.0699236503380528 0.0832197990352609
0.0109923784063078 -0.0678252162508263 0.0862089627897758
0.0129197267010126 -0.0658301869512904 0.0878301780692081
0.0146932236015433 -0.0640287096975453 0.0899318774911894
0.0158915760396754 -0.0628547291878935 0.0910187669631035
0.0189663037160895 -0.0596395197767 0.0943017391038333
0.0227949228636454 -0.0561944953948357 0.0986814989953258
0.0258240772727799 -0.0531888774072641 0.100583303118736
0.0288339776493614 -0.0496027648756869 0.104656695719278
0.0310885742795023 -0.0475435823699615 0.106917549772027
0.0333798479356266 -0.0446479008554216 0.108746731712193
0.0352311379651184 -0.043325543507369 0.110203756328032
0.0371741647946024 -0.041616941110178 0.112195572771348
0.0391133924155446 -0.0393818712900458 0.114977504793546
0.0400586642523968 -0.0383972502177586 0.115866261192304
0.0414321829709124 -0.0373972646533275 0.117428374126293
0.0427672708690257 -0.0354222766867988 0.118681518706234
0.0443685390220089 -0.0340845102070945 0.11999972661929
0.0458085491561415 -0.0324876963156685 0.12139020493524
0.0471769605219387 -0.0311971467294243 0.123277976996992
0.0484469804091224 -0.0301225723966594 0.124021525448395
0.0499619155890307 -0.0292276174614671 0.126211862901286
0.0520208579447783 -0.0267318515276522 0.128116535828184
0.0540022349111546 -0.0251703750146455 0.130238049392515
0.055943106846902 -0.0230779491558287 0.131825411185566
0.0578847814121352 -0.0213062146815817 0.133942866090619
0.0604057399369203 -0.0185596362213853 0.137372054899213
0.062750872430734 -0.015682394689838 0.139156147740722
0.0640987813929689 -0.0137352733148719 0.140726016436259
0.0653979903221599 -0.0129566343620148 0.14174574622248
0.0669601144377996 -0.0117307284059574 0.143167635548801
0.0686676382440038 -0.0102725229354374 0.144677163646859
0.0703645961644417 -0.00891249511382578 0.146753710114121
0.0727551220627635 -0.0064796231302697 0.148804252679703
0.0742777093642706 -0.00515949327982835 0.150734037566218
0.0764971042308213 -0.00349096432301614 0.152732719095185
0.0787635913105216 -0.00135270182583628 0.1555185676191
0.0809917026130341 0.00165495406591706 0.157696602213053
0.0825988226652356 0.00309617718545364 0.159269259024213
0.0840222926927673 0.00454132668992981 0.16133475966794
0.0866278338225807 0.00645572149841767 0.163404319674299
0.0891728625065972 0.00864242471668292 0.166282444664518
0.0912374227550796 0.0105228717372344 0.16830508652089
0.0945332999600887 0.0142829483193735 0.172003153205789
0.0974385498892511 0.0171881955120316 0.174163697379042
0.0997950554239755 0.0194036980557111 0.176744289779675
0.101513013843251 0.0213196585327046 0.17807907631667
0.103027536443842 0.0226620832573321 0.179976380832374
0.106242631482085 0.0261732945573691 0.183327606471124
0.111358317533588 0.0311698011934168 0.188431399913969
0.11339240735616 0.0332222192755246 0.19035129101646
0.115775417456634 0.03525315888157 0.192540650173326
0.117776137725341 0.0373591567808667 0.195649605709447
0.121922475209884 0.0409475946107836 0.199805223146101
0.124776245280441 0.0438188337112488 0.202435194611049
0.127039743635298 0.0459296782307502 0.204398015523718
0.129038239437899 0.0483025725953496 0.206870823734053
0.132640818804907 0.0513242948862288 0.210667346756067
0.134912805171267 0.0541830080988686 0.212401444147517
0.138502973177357 0.057794369634761 0.21576731386027
0.141512680589789 0.0606359033952118 0.219427631364628
0.145373362061077 0.0650453284234154 0.223420507633048
0.147604747592825 0.0678148094256 0.225882361195736
0.149620991218571 0.0691728655937218 0.227761493603403
0.151203150470275 0.0703101025866563 0.229653015537831
0.152747264142523 0.071957472352268 0.230653171098395
0.154663556540496 0.0740182641743335 0.233295607177287
0.156687949180616 0.0756969855326665 0.236226660673357
0.160565753881702 0.0793097043060015 0.238955586214091
0.163386599547112 0.0814220321075289 0.241819236062426
0.16516988214074 0.0835870599527318 0.242886393224868
0.166963696713844 0.0851989064109729 0.245472430552835
0.169273853799056 0.0867676034810388 0.24786179523527
0.171724266837049 0.0895104556841582 0.250615309488187
0.173474435734861 0.0909258082334559 0.25260010365348
0.178539506845567 0.0961982881715339 0.257887828721107
0.18155068753411 0.0997498822100909 0.260289739594045
0.184232105684525 0.101770633463167 0.263423736553041
0.186735016776312 0.104529335297248 0.265547928736904
0.190811167683888 0.108374373613676 0.270567836553782
0.19480103498869 0.112302187428493 0.274617495824061
0.198180586543806 0.116013118286053 0.278176296663175
0.200521972405599 0.118326840436836 0.280885252913312
0.202085646117419 0.119715422529186 0.282499725389018
0.203029092335366 0.120898366640927 0.28320346604453
0.205095045644987 0.122632295466429 0.284817603866113
0.208690791435856 0.126796965774529 0.288267399958756
0.210398867245212 0.128056817025009 0.289655893577232
0.212075096221073 0.130052103789939 0.292376630792807
0.213908879730321 0.132615215200404 0.29411504611634
0.216052743571871 0.133844089317414 0.297052794408438
0.218293457566046 0.135782290738726 0.298693425269347
0.220295635059819 0.137621657845601 0.30080286346947
0.223379741074299 0.140391375418421 0.304219128002334
0.224720041572809 0.141316784573604 0.305435090710147
0.227785124842956 0.145483961961978 0.307518453129468
0.230240521379806 0.147125633971582 0.310276129655613
0.23163039445163 0.148516334870012 0.311420931989976
0.232624211587201 0.149358256266235 0.312439689492302
0.235201817761272 0.15162914197601 0.316676117979467
0.238388207648662 0.155159116113382 0.319862602921288
0.242259062904844 0.158472131337447 0.323465806755237
0.244520536394052 0.161154622854817 0.325860585605013
0.246829073203098 0.164195525211327 0.327861325238775
0.250269493398055 0.166998509036737 0.331178015857518
0.252059834585969 0.168634079302954 0.333097304395058
0.25392087438631 0.170551814550342 0.335457542232379
0.25686102901735 0.173122954724882 0.338118284236327
0.258101451496978 0.173920986680771 0.339416910059339
0.26032388711407 0.176236987073575 0.341566131515316
0.262648271628144 0.178639723503687 0.344114442528567
0.264558503603985 0.180500618069667 0.345993239898269
0.266980202374024 0.183280723239018 0.349536880464819
0.268896735773921 0.184887185044916 0.350654105999743
0.271322955564877 0.187155545704946 0.352811541923672
0.27387654968236 0.188908818752732 0.356234437807853
0.275980026153386 0.191436645386936 0.35782608441465
0.278773708296067 0.19405870139141 0.360762846388428
0.281250317763375 0.196650853774765 0.363683680452502
0.283776683456948 0.19894173906349 0.36683625020705
0.286874460106236 0.202324766153424 0.370812437718078
0.289132472708281 0.204439385851509 0.372077832456553
0.292705747421018 0.208077290830431 0.375140087848137
0.295090829540564 0.210200127574018 0.378137410138615
0.296698054507705 0.211865549701638 0.380954096393405
0.298813655156583 0.213647641109072 0.38283963362803
0.301086827313367 0.216452042796529 0.384482172855098
0.304402392406301 0.219741497671881 0.388399128765691
0.307696185529915 0.22222228354667 0.390773435245527
0.311950533195613 0.226688266672635 0.396390650231703
0.316338182741639 0.231372933337247 0.400118486973364
0.320282846587337 0.235004330577553 0.405100765559539
0.325387103815628 0.239242958527197 0.41011130699461
0.327869610772029 0.241499566080694 0.413202796722108
0.332104336988239 0.245507398419735 0.415815581140813
0.336776523420136 0.249439121852443 0.422990934707157
0.340405349280597 0.252656231477769 0.426687085396781
0.343595671076442 0.255624296347781 0.429655509117474
0.345501712060981 0.259136136806068 0.431165580653209
0.347883978172457 0.260921397786037 0.434119779972262
0.350628882628924 0.263329494619128 0.436986888929065
0.356276457082467 0.269641833986348 0.443342985619262
0.358106983268331 0.271244804747956 0.445014377552795
0.360596771160153 0.273353805731093 0.447118863096032
0.362455176688691 0.276172757895924 0.448684130772711
0.36526066133793 0.279996885104811 0.452308949940611
0.368344725370826 0.282336268793995 0.455502482982625
0.371058570256292 0.284547480968262 0.458170695156445
0.372502761005974 0.285723412993004 0.45966021529422
0.374013879454808 0.286888407085627 0.460775753164286
0.376277540126402 0.289197509713003 0.463049911507472
0.378397265320628 0.291864972488521 0.46444184673977
0.38032825712273 0.293879011298873 0.466367395172748
0.383251075606142 0.296766482870071 0.469789765112876
0.38573862207862 0.299043927906553 0.472289398679163
0.388363065710438 0.301555751926997 0.475061170251344
0.390088378840806 0.303848551861828 0.476574734402696
0.391551846211827 0.30463005890264 0.477957540217217
0.393044218376206 0.305780959117521 0.479790303525143
0.395485721362419 0.308092252580864 0.48228802216551
0.398427060258429 0.310828530515306 0.485297406962635
0.399890422309701 0.312320317436157 0.485996813281459
0.401534024650645 0.314142448876792 0.487633241871951
0.403188491794464 0.316809950789063 0.489029472905469
0.40637244589176 0.320069971678045 0.491974826900063
0.40941573787737 0.323053175471207 0.49500474579751
0.410542352274401 0.32399366414744 0.496263412437154
0.411897320144676 0.324988223109265 0.4973492330994
0.413054780878757 0.326460228971324 0.499277405013879
0.415381283714107 0.328483585537077 0.501316522268198
0.418083767616786 0.330809384826715 0.503403646217801
0.421216142621153 0.335803560820965 0.506893837115677
0.423193040845949 0.337473761952919 0.508729749654969
0.425309540140519 0.33913141464544 0.510732544253499
0.42757347497057 0.34085633814139 0.512578896090795
0.431144672853769 0.345061759446018 0.514834803031381
0.434315195857746 0.348119145753969 0.518922451833586
0.437370827360491 0.352343672950596 0.521785103777012
0.439241032983541 0.354433091421535 0.523578127764495
0.442160639031842 0.357512911195481 0.526319548958858
0.445403311853364 0.361381747060159 0.529354425879913
0.449174595294402 0.364885352900407 0.532318018724567
0.450572975499555 0.366669982700798 0.533695934247138
0.452134771728956 0.368262618394776 0.535898261581322
0.45571216728769 0.371966067477404 0.539007807993055
0.457553217791649 0.373321278764113 0.540654503473709
0.459032833374488 0.37536369465356 0.542053894810947
0.462123348283173 0.379493304526127 0.545578891114572
0.467772700108512 0.385364277013882 0.549590651643533
0.470336722790056 0.388305509643367 0.552334951517566
0.473691510899528 0.391449593608513 0.555260318361718
0.475211174926017 0.392972619884931 0.556573908293008
0.478272237168736 0.397047680755909 0.559227341374619
0.483347884696106 0.402936964990482 0.563844455654479
0.488445560537765 0.407453308482608 0.568140848008034
0.49179481540762 0.410784801207114 0.571864289901293
0.500365847314026 0.419247791164377 0.581515868620692
0.506299217695921 0.42417372936921 0.587490094318531
0.51063034665816 0.428401655003271 0.592203361594255
0.513929718350573 0.431462327767107 0.595910033447677
0.515748861221941 0.433395198854118 0.59837794755294
0.517670606740674 0.435048107346481 0.600919921903784
0.521442513474528 0.438513197941166 0.604312721543326
0.52323899254442 0.439834731129358 0.60645970591413
0.525130849933805 0.441521949282337 0.609185400750664
0.529066710361157 0.445536417974625 0.61354472288186
0.531852949958458 0.448055656099391 0.615655727811186
0.534319102249316 0.450694814236085 0.618604834645641
0.537638239251158 0.454047385351687 0.622933128831333
0.539273149925103 0.455438974083616 0.624772703289875
0.540907749892478 0.456883553708698 0.626601550283073
0.542474974378265 0.458418102248657 0.629085782165956
0.544688480017999 0.460281063730792 0.630383963446367
0.546800165224487 0.462308037974021 0.632591963724739
0.547966889774707 0.463448172482819 0.633242973823143
0.549518785691259 0.465017865401327 0.635635446443745
0.550731948910637 0.466011575603489 0.637121376471009
0.552776463612986 0.467221863399817 0.638787847377215
0.556125312243223 0.470405903326989 0.64233091962169
0.557146611537152 0.471087614649356 0.643487284457959
0.559456314814964 0.473092405656438 0.646050354151728
0.560550433796248 0.474469787208922 0.648078755775361
0.563597142301158 0.47756429493611 0.649867131193803
0.56859057645135 0.482840428158065 0.655953526460886
0.572683073346482 0.486258079226212 0.659989337729719
0.573995726079281 0.487921694764081 0.661743715998815
0.577923362588976 0.490418253919145 0.665975677638359
0.581066916051224 0.493722910046356 0.668299065020304
0.583498296867126 0.496227358359188 0.670812995702037
0.586284675464691 0.498412102169094 0.673936765539712
0.587919339912406 0.499680034231539 0.675468471078058
0.589350018975761 0.501045653791111 0.677800341238733
0.591649831508984 0.503677387281451 0.679859076528669
0.594164204919242 0.506279505859015 0.682549598441213
0.598113919254714 0.510534716248512 0.686137217428787
0.600658214380351 0.512797120834616 0.689633533322109
0.602225334995174 0.514653650451652 0.690896281603483
0.603731991935185 0.515802330768911 0.692577508369199
0.607526137775248 0.519395859468529 0.695019377891138
0.608725808221255 0.520561844615376 0.696780513868464
0.612253285173226 0.523157497471973 0.700836194182374
0.615734381991158 0.526556059637886 0.704688733248295
0.617969232494015 0.52927369607886 0.707553625604248
0.620488173784918 0.53124440007347 0.709134353733012
0.626470992273251 0.537399406780679 0.715340832125996
0.629248924717677 0.539982966610778 0.717431152604896
0.630666681395165 0.541989755143217 0.718969501511822
0.63238227394838 0.543298261786531 0.720538268679066
0.634123232674477 0.545118532055628 0.722270092292203
0.636590322150194 0.547584074153876 0.724719102670826
0.638805273610631 0.54926995820886 0.726728812972258
0.640643817702601 0.551010270613049 0.728283669900666
0.642625440794258 0.553419330209854 0.729871668137262
0.643868400854168 0.554015736747654 0.731434347633321
0.646915934650917 0.556663528764138 0.734799922922045
0.652776048701932 0.562217085648249 0.74151149825356
0.656452009315232 0.566726311244313 0.745455801847497
0.658828105939683 0.569031551846422 0.748296668069418
0.66107231168655 0.570307563582966 0.750033575360126
0.663267149977531 0.572674720792256 0.752545711912924
0.665629068947146 0.575862508468184 0.754794551851503
0.668539174596119 0.578219539508931 0.758444889232852
0.67236756363055 0.582039210410351 0.762870785800169
0.676462947881125 0.585919613584407 0.766063500696203
0.679604174343887 0.588373907056155 0.769829221750791
0.684168191522143 0.594583910256351 0.774370986014938
0.687871942396671 0.5970212900376 0.777674385879125
0.691360599810116 0.600940940896209 0.780587824138308
0.693752050440774 0.604033807365062 0.782947711763567
0.698477125891304 0.607363045038098 0.787622288072188
0.703817712366371 0.613075114007396 0.79270698288918
0.705031550787202 0.613941032168649 0.793675356347885
0.707929848615287 0.616599103475042 0.79601335524491
0.709407747921374 0.617930090924746 0.797869639687116
0.713399068453825 0.621257914919448 0.801740163469164
0.71906007603223 0.62706783554161 0.807537341694588
0.724373736934456 0.632363365372543 0.812295701691594
0.73057813973411 0.63922384040092 0.818181258897183
0.740580626276589 0.648702644377334 0.828491416707769
0.745143549435215 0.652928954574599 0.83388964891673
0.749320647685563 0.657669422043598 0.836865434526418
0.754434097342535 0.662469116620104 0.842132518538918
0.756253328692856 0.663962683384459 0.844321046063399
0.760480351225557 0.668244240964285 0.848948006401089
0.763391788978918 0.671064605651851 0.852492794847798
0.765528367648067 0.672747016279643 0.854708278555477
0.770500322356018 0.678975183863646 0.860124156099599
0.776466049924046 0.685013615765807 0.865394925148825
0.778750689863793 0.687137829873816 0.868739215685714
0.78162928498568 0.690224629876854 0.870810945251721
0.784501113293732 0.692144945779892 0.874132734232653
0.78679849478155 0.694449822474495 0.875925395162013
0.793524211885516 0.701725293352137 0.884307948924295
0.802720306261108 0.711300253993197 0.891349204396118
0.808889179780525 0.717006964326843 0.896432139972471
0.814106515931039 0.722086773377322 0.901938762582616
0.819658680443802 0.727740864619603 0.907942501824154
0.823785619472754 0.730831795327421 0.911418751909465
0.825761699316366 0.733160852768293 0.91378650772389
0.828866392573944 0.736469069395678 0.917695864990445
0.831801011624588 0.738685385630497 0.920946017162428
0.834745581408407 0.741404971606571 0.923342211251801
0.839787319451978 0.74708353616654 0.928322785763466
0.842066855763068 0.749941890094784 0.930880111783089
0.84607592785074 0.753543137963511 0.93501094908345
0.847944649910282 0.755617391252916 0.936128720684184
0.85109194952118 0.759765583754316 0.939647629118418
0.855674358552493 0.764071074588464 0.944011461491116
0.859902365344946 0.767303883240126 0.948307303437528
0.862294783188605 0.769971081514016 0.950444291573209
0.86451370267127 0.772760689239356 0.952757618217289
0.872864494944079 0.781294242776099 0.962263813974688
0.874443824618942 0.782625197703432 0.96369173032651
0.876336838576271 0.784979909840775 0.965383369922115
0.87896526191006 0.786977707528149 0.967401696004488
0.881936836400326 0.790026412957824 0.971098948504308
0.884230554860793 0.791988066296058 0.973426962991235
0.888733193921419 0.795938663536957 0.97672476775142
0.890840941591572 0.798473254947953 0.980051196265926
0.895030330485272 0.802870655293903 0.984456073992035
0.897327927116395 0.805096802953925 0.98677677901255
0.903445914675931 0.811222093103428 0.993774730836048
0.908843402661034 0.816099048816153 0.999056627992812
0.911115931676784 0.818537832867784 1.00089018221444
0.91443561091194 0.821152246352139 1.00489398495764
0.91639898203682 0.824099318487647 1.00634019372481
0.922003588275017 0.830558205000784 1.01157220277247
0.925695483862499 0.833399190755141 1.01719508771988
0.928467742669877 0.83554824499375 1.01955908848491
0.931655656816765 0.839173722830584 1.02245191431929
0.936290406406584 0.843344128353827 1.02659717988101
0.942043910386263 0.848969887302692 1.03270860521993
0.945913494409521 0.852562363180117 1.03671868445949
0.950448718199311 0.856934819703037 1.03970644446736
0.955293958922953 0.862877308574093 1.04517139666507
0.959381317618063 0.867868480783068 1.04913091055365
0.964388418133388 0.872168390361383 1.05447084638769
0.968458290299332 0.875252303790923 1.0589013497147
0.974299773566012 0.880514412009824 1.06511733661099
0.979654347828754 0.886419445934201 1.07013728521789
0.981877724300643 0.88890016260092 1.07223778239148
0.994738393907528 0.900362101714931 1.08582074084796
1.00329565472715 0.911429719544547 1.09524587638695
1.00659822395519 0.913728817424424 1.09727483279531
1.01353683474972 0.919995939175752 1.10446634629391
1.02104612402659 0.927629543067954 1.11324479850812
1.02923536688756 0.936003693046295 1.12089400039058
1.03159847282342 0.937473603403129 1.12295849674944
1.03314587878945 0.93940782608024 1.12458660348713
1.03560710609649 0.941838677405324 1.12745299661752
1.03949350364103 0.945617121324399 1.1318504374968
1.04456042916488 0.950235663862881 1.1362409431827
1.04908739835636 0.954224284423694 1.14162237423709
1.05254104059874 0.958089470001959 1.14496441402414
1.05567777820588 0.960473245414935 1.14795328591778
1.05983621312438 0.964399242320599 1.15318161996405
1.06508067913073 0.97074849208247 1.1575181799642
1.06848529441176 0.973238382450917 1.16036825629498
1.07389527469835 0.978446360462176 1.16661865307218
1.07785085588728 0.983287182381553 1.17061407685508
1.08032357564169 0.985967702377545 1.17342910624919
1.08862571621312 0.993952731568685 1.18194939910202
1.09382706429489 0.999185327432631 1.18667155862559
1.09850884509656 1.00449612698363 1.19096384418246
1.10798427601847 1.01355114040807 1.20152599561433
1.1123047991915 1.01714074048283 1.20616337723029
1.11452695490252 1.01990289179551 1.20862558275587
1.12258937769088 1.02788220207171 1.21623777570113
1.12803560502605 1.03224653588909 1.2215873599608
1.132955200058 1.0366626297396 1.22659876831332
1.13725378371395 1.04071658869512 1.23178280485603
1.13892178010998 1.04212439863565 1.23288031011572
1.14327523982609 1.04626881330338 1.23772879371813
1.14716843671062 1.05100826540112 1.24124349118974
1.14952158148368 1.05312450588396 1.24380626436125
1.15359193083725 1.05645403126488 1.24845758665728
1.15640571763075 1.05989513207151 1.25137635995844
1.15859684729746 1.0619532339101 1.25365925033979
1.16156219816707 1.06479727868435 1.25721731227173
1.16646554596913 1.07134378214899 1.26131388777763
1.16979268716118 1.07376478817873 1.26495289864493
1.17318856877747 1.07633195768308 1.2685845322719
1.17830951906598 1.08110706760049 1.27418853772613
1.18223760801912 1.08532368755315 1.27742750455795
1.19046797974647 1.09455676526103 1.28630575122228
1.19365117116563 1.09711528456476 1.28976860466677
1.20703974235889 1.10981315691458 1.30262388517895
1.2105605070923 1.11323917270464 1.30622592744694
1.21797303267993 1.11959782998556 1.31445512561136
1.22766123298273 1.12901070792441 1.3241511338885
1.23983008946587 1.14088997820577 1.33640425452695
1.24394015723485 1.14547402181548 1.34016066294643
1.24701014947233 1.14842705018609 1.34327864458738
1.25001067496455 1.15155331205295 1.34629825091213
1.25325133677967 1.15458082681604 1.34956919139325
1.25748874820425 1.15927526098322 1.35407505276912
1.26442777976204 1.16627570139677 1.36081211551623
1.27329841711729 1.17515679796956 1.37083575582408
1.28140772671869 1.1823291655813 1.37935053138508
1.28779305986664 1.18941591500536 1.38512135950847
1.29113389998387 1.19257546586262 1.3894253324883
1.29643798363374 1.19783380548027 1.39398692930753
1.306529802663 1.20607870792285 1.40440999498626
1.311059576423 1.21147046403767 1.40926811557257
1.31576617086503 1.21649428802363 1.41457042767427
1.31842161017088 1.2189408396977 1.41615150662262
1.32059109204391 1.22132907789069 1.4185758162039
1.32304883636916 1.22355517846713 1.42071425681814
1.32515738506156 1.22559878757041 1.42278332135326
1.3297336195985 1.2300272729889 1.42854258906401
1.33692147678244 1.23568723214743 1.43661848281868
1.34079253456803 1.2391564771763 1.43964704185672
1.34416144469795 1.24239815634561 1.44327464932787
1.34651280590964 1.24483769826613 1.4460648591263
1.34898981968722 1.24766023340033 1.44984529111541
1.351761869567 1.24960678879903 1.45191260704148
1.35394271706313 1.25248697542419 1.4543046927816
1.35667729372542 1.25490973325057 1.45758199201168
1.35914663598897 1.25658153692398 1.46032743789877
1.36285691453286 1.26087695578625 1.46487108080337
1.36506394256484 1.2633537905888 1.46658266279056
1.3734080721596 1.27035317211281 1.47573388788925
1.37884531123928 1.27506641619044 1.48284479831885
1.38577630181159 1.28329377166962 1.4884515887177
1.39111042589926 1.28922049331334 1.4936706778401
1.39751769395756 1.29378353108425 1.49963678983482
1.40293288683333 1.29851329831384 1.50628451196497
1.41034898851909 1.30326706475838 1.51368523842312
1.41366333302411 1.30881947389701 1.51731337038134
1.4208408194244 1.31624732789958 1.52345351949335
1.42553192591183 1.32187737665646 1.52782134868037
1.42726545475302 1.32341740119477 1.529756078626
1.43118147520318 1.32831771157733 1.53309936836653
1.43844947802354 1.33556539255828 1.54145028528771
1.44381003855234 1.34118753671501 1.54663793921745
1.44650708125305 1.34547347955844 1.54821215860802
1.45393664986764 1.35055996512516 1.55760699957241
1.45724367176642 1.35498164712658 1.56048989802864
1.4595830386691 1.3575699219642 1.56249218464555
1.46663939718533 1.36420816972979 1.56950185787818
1.47783814870849 1.37322318716094 1.58155335522115
1.48050074878478 1.37604258394342 1.58408692192795
1.48635460642339 1.38065651825848 1.59011278529331
1.49176352998962 1.38696919443789 1.59733217207572
1.51252625861442 1.40585107329169 1.61836412170166
1.52788742737431 1.41954093387424 1.63332418052661
1.53727256621385 1.42859314128792 1.64533281962607
1.54208700095408 1.43549440964875 1.6487111385366
1.54643380478029 1.43959810434135 1.6534095600135
1.55054504436035 1.4433857712149 1.65721431710201
1.56382268951847 1.45708701113401 1.67024184647415
1.57693837850124 1.4698002449809 1.68340359618146
1.58301726340883 1.4752576239757 1.68972819343903
1.59060037079033 1.48339099457952 1.6983244599828
1.59277368029595 1.48618130091692 1.70026373645193
1.60559907869749 1.49580056391591 1.71285972995463
1.62279568380671 1.51541308348113 1.731488268239
1.6476577577627 1.53807624603094 1.75779056216123
1.65814444125394 1.54943540855969 1.76672593541114
1.66244554919797 1.55243927928119 1.77128918247513
1.66527951847038 1.55565634131758 1.77444622116278
1.67358354699275 1.56362377192404 1.78323283709339
1.67994746416785 1.57071525720613 1.78982539168498
1.68457727297862 1.57546487432235 1.79606647849141
1.69688863013444 1.58605264507021 1.80697069949374
1.70093407355833 1.58997011296048 1.81268085495676
1.70857771750735 1.59814295254172 1.82001970485437
1.71128205508222 1.60196114319403 1.82389992340921
1.71725629160494 1.6081026256159 1.82913155408935
1.73432020911955 1.62184684131908 1.84719603197608
1.74146897730015 1.62983472368951 1.85410399695714
1.75351152592223 1.64048921900145 1.86732153642448
1.75886373333486 1.64645359763556 1.87221551029724
1.76233464264867 1.64917865091843 1.87707116444049
1.77347593006014 1.66052488755926 1.88755102175452
1.77991923704218 1.66554593965478 1.89428996685937
1.7816168952447 1.66900158901924 1.89634877848552
1.78641261443965 1.67314864510424 1.901389093392
1.80687979552258 1.69300492790417 1.92433615807312
1.81952594943248 1.70416178000133 1.93597683807426
1.82280141779875 1.70783165324684 1.94078688250305
1.83440388896418 1.71787612968958 1.95182713566691
1.89148029489721 1.77415370862269 2.0115040589352
1.91743530374335 1.79978451815681 2.03843514469257
1.92118954638968 1.80349686040076 2.0421009326807
1.99172039889757 1.87034178595943 2.11460622883898
1.99955377538129 1.8789176096733 2.1232273106062
2.00429224117215 1.88301382155981 2.12866788862693
2.01035896268813 1.88853186828012 2.13434456313432
2.02361574935351 1.90179371361412 2.1477278849307
2.03479410370704 1.91249850584282 2.15893911003443
2.05909572960236 1.93360876274202 2.18686681675425
2.07669592366987 1.95277306684437 2.20338670593593
2.17684794349242 2.04518945391615 2.3102258888932
2.18977786340911 2.05868522604383 2.32183205809426
2.19840019485826 2.06736146171943 2.33192148232004
2.23230311040337 2.09957138790573 2.36758596718808
2.23973448736522 2.10650454575306 2.37589181309918
2.28630382856434 2.1487639317682 2.42629866917304
2.39472218883352 2.25037668491006 2.54506170247861
2.43426433757995 2.28742729478608 2.58877424041772
2.47180728505427 2.32150485871769 2.62996333676852
2.47648070148584 2.32617030793464 2.63474948367805
2.67048764283239 2.50471878576286 2.84853903122589
2.74932442265099 2.57537700614578 2.93451239686126
2.88155100094388 2.69480820244725 3.08329963870099
3.01955753093557 2.81708888179822 3.24074165825715
