"nu" "alpha"
2.326547 0.1603564
2.139072 0.1072522
2.433584 0.07489554
2.242838 0.4269482
2.410485 0.285626
2.324858 0.3704756
2.33793 0.3210901
2.455405 0.3986365
2.438215 0.4548993
2.407518 0.05994457
2.682359 0.1768615
2.68957 0.1694464
2.431372 0.4948027
2.439229 0.4113052
2.706947 0.2515325
2.468796 0.2308439
2.7816 0.4272423
2.357824 0.2558434
2.803837 0.4283596
3.000515 0.4957042
2.328946 0.1938478
2.407045 0.2194085
2.855609 0.3968955
2.349779 0.4658833
2.471847 0.3792946
2.221546 0.3516773
2.494863 0.4112961
2.280775 0.2448954
2.220531 0.3562297
2.314122 0.09655016
2.414123 0.2254131
2.331625 0.3900233
2.064778 0.1961456
2.602052 0.4948891
1.957728 0.3814507
2.186362 0.4480273
2.279046 0.2971158
2.116021 0.04006466
2.010137 0.3599933
1.958478 0.339656
2.094986 0.3420944
2.212781 0.2953728
2.39732 0.4519365
2.095579 0.4077028
2.043335 0.3357096
1.903665 0.4284678
2.223883 0.1217216
2.365681 0.2130418
2.076869 0.4972824
2.084366 0.3643222
2.237222 0.04852791
2.11446 0.3376292
2.05679 0.3028863
2.409564 0.4124383
2.585007 0.4921384
2.301197 0.4937605
2.246474 0.4739949
2.26495 0.274709
2.079709 0.2937026
2.491366 0.03927173
2.302243 0.1704938
2.276777 0.3004396
2.892796 0.3386088
2.662919 0.4014688
2.658828 0.3125516
2.318922 0.2613357
2.574676 0.3336675
2.464462 0.4925401
2.334269 0.4330774
2.529339 0.1552453
2.575583 0.3282703
2.310309 0.1958878
2.595442 0.1576507
2.311774 0.419082
2.766372 0.4445885
2.15756 0.244121
2.249478 0.281551
2.380497 0.2062219
2.19899 0.4573315
2.301242 0.3023475
2.494954 0.1356326
2.448909 0.3265854
2.509056 0.2979902
2.631637 0.4580862
2.059229 0.2634368
2.237275 0.1727283
2.484128 0.237643
2.392837 0.1292317
2.164805 0.3031044
2.174883 0.3719133
2.032063 0.164036
2.335797 0.1436676
2.192645 0.219909
2.071965 0.4225561
2.259961 0.4496414
2.091142 0.3335012
2.554447 0.1501443
2.354058 0.20463
2.217459 0.1828574
2.113812 0.08252247
2.041117 0.2680631
2.240612 0.2302614
2.008765 0.1226496
2.340214 0.1847098
2.173892 0.1354697
2.436715 0.2972929
2.354518 0.3676061
2.637524 0.09846583
2.460905 0.440063
2.598387 0.4263862
2.506951 0.1662586
2.163068 0.479214
2.369235 0.1828144
2.513006 0.1463245
2.618405 0.3589952
2.545888 0.065504
2.335319 0.4767419
2.389982 0.1627517
2.401145 0.4954315
2.492847 0.2387368
2.31687 0.369826
2.66708 0.1902703
2.507061 0.2356362
2.733334 0.1882114
2.513843 0.2299681
2.475675 0.403536
2.808143 0.4951468
2.585396 0.3556835
2.048465 0.4371506
2.380315 0.1607573
2.358235 0.3415387
2.146436 0.3284556
2.063212 0.05992441
2.293339 0.347288
2.626728 0.3462942
2.283363 0.4211311
2.013719 0.4828549
2.382782 0.4785744
2.127345 0.2139376
2.039069 0.3936515
2.120654 0.1574601
2.495755 0.02657483
1.876963 0.1712113
2.410026 0.1679326
2.340391 0.278753
2.430791 0.09601596
2.519735 0.0323593
2.529473 0.4393136
2.355291 0.4636321
2.512379 0.2816438
2.062586 0.361236
2.400629 0.2061947
2.399372 0.1105495
2.496791 0.3563075
2.503144 0.3924935
2.328024 0.2669887
2.349045 0.4955373
2.500817 0.4625291
2.948345 0.3163176
2.415216 0.3579599
2.388674 0.18878
2.261662 0.2548746
2.28336 0.2453672
2.336747 0.2925368
2.255949 0.2108715
2.309089 0.2825578
2.639381 0.4371458
2.055273 0.445632
2.377394 0.1343771
2.439406 0.3167524
2.501226 0.4216894
2.593466 0.1513237
2.707436 0.4033176
2.907568 0.3067669
2.488754 0.2703717
2.504129 0.2907776
2.870411 0.1366253
2.540611 0.4749596
2.436654 0.2131564
2.925806 0.2166724
2.544414 0.4925249
2.926956 0.4383576
3.199006 0.3356773
2.597356 0.2107608
3.351356 0.3273151
2.949084 0.2013534
2.503433 0.07479279
2.649611 0.416493
2.42457 0.4011573
2.97557 0.1204033
2.547778 0.1933159
2.896915 0.1915658
2.48376 0.192461
2.343579 0.3576015
2.457314 0.1504182
2.474124 0.4237308
2.554932 0.2373622
2.327673 0.3962519
2.42889 0.2640353
2.459096 0.3555181
2.554976 0.2007505
2.408955 0.2504654
2.94769 0.3184093
2.983065 0.07626317
2.641389 0.3583605
2.635255 0.4423206
2.730303 0.4256715
2.528676 0.3181029
2.512175 0.1034439
2.31236 0.03494294
2.309671 0.2139087
2.877718 0.3280016
2.160794 0.4496077
2.32707 0.3570658
2.306096 0.4269872
2.486644 0.485644
2.116137 0.2144559
1.997719 0.3225945
2.303871 0.4885845
2.656445 0.3538949
2.405457 0.4250846
2.296189 0.4126511
2.150712 0.4783519
2.514356 0.2588391
2.913969 0.2415943
2.343061 0.3792641
2.47109 0.2323106
2.494028 0.03402049
2.38516 0.09652648
2.296739 0.4881056
2.61466 0.2786988
2.643761 0.4909975
2.127601 0.0795072
2.450517 0.4974937
2.40225 0.3681756
2.040671 0.306333
2.139244 0.1206882
1.864257 0.4776472
2.418336 0.3702509
2.204551 0.405588
2.269951 0.4943091
2.260924 0.2390318
2.292315 0.3176825
2.37591 0.06700759
2.508536 0.3548894
2.162366 0.3134233
2.169769 0.1609175
2.472969 0.1632611
2.370244 0.2769853
2.267713 0.3117563
2.432176 0.2580532
2.492636 0.3923987
2.683585 0.3921606
2.475421 0.2147406
2.470746 0.3737134
2.467305 0.252164
2.631914 0.3804538
2.483348 0.4497343
2.445193 0.08112825
2.528502 0.2181728
2.569181 0.0750824
2.428992 0.497054
2.682637 0.1756578
2.889782 0.3700354
2.61396 0.4318997
2.811225 0.4076013
2.696912 0.3329403
2.811926 0.3142499
2.958205 0.3204464
2.922572 0.1441464
2.800378 0.4708605
2.768083 0.3187003
2.584148 0.4340043
2.639043 0.4170293
2.362674 0.3002927
2.526006 0.1310338
2.534063 0.3772557
2.310763 0.1402508
2.350642 0.293716
2.593358 0.2414453
2.422277 0.0901263
2.757174 0.1883525
2.577984 0.1732606
2.931085 0.2981344
2.538325 0.3916327
2.21281 0.3348415
2.169669 0.4361293
2.655049 0.2002848
2.560479 0.3228577
2.613644 0.2368456
2.45995 0.202669
2.657489 0.143675
2.433059 0.2572141
2.291858 0.4372964
2.186058 0.306697
2.464186 0.4439711
2.344935 0.1828274
2.1035 0.1616905
2.415808 0.1729385
1.975439 0.1836278
2.273572 0.3255527
2.136774 0.2269739
2.281921 0.3630485
2.521238 0.4087422
2.11925 0.327907
2.346793 0.1652059
2.540263 0.1358698
2.432165 0.1825415
2.406781 0.4501896
2.291485 0.49007
2.261216 0.4384604
2.50655 0.3425747
2.214835 0.4819103
2.138161 0.4839584
2.086455 0.2047586
2.761249 0.2871838
2.261689 0.4336731
2.249561 0.1952564
1.954235 0.3333139
1.998992 0.3343406
2.031913 0.1618774
2.303797 0.4483806
1.961253 0.3386628
1.933454 0.4962626
2.144023 0.4510112
2.163394 0.49553
1.963 0.2705725
2.006417 0.1698009
2.164588 0.1283001
2.519145 0.2851348
2.029441 0.4694181
2.371722 0.332281
2.333426 0.2486551
3.263418 0.2335404
2.315851 0.2051522
2.077676 0.4427943
2.564148 0.1676735
2.288386 0.1595362
2.352826 0.1855985
2.539362 0.4336
2.436792 0.04131362
2.246292 0.3812795
2.203924 0.4632088
2.420782 0.2951893
2.241632 0.2697561
2.672707 0.07764739
2.320057 0.4891904
2.205129 0.445952
2.351334 0.3322243
2.476437 0.1649243
2.260573 0.1180801
2.183866 0.2118132
2.428256 0.4020404
2.078137 0.1965667
2.234698 0.1334624
2.240345 0.2910665
2.601155 0.3383188
2.326878 0.3972094
1.976351 0.1600419
2.758656 0.1022545
2.687483 0.4031455
2.88096 0.1741066
2.451218 0.3472809
2.641581 0.4564841
2.929983 0.4345914
2.817267 0.1676051
2.72219 0.3940401
2.708446 0.2973705
2.770268 0.3410651
2.896292 0.3288949
2.681578 0.4264557
2.828346 0.1144489
2.433821 0.3623923
2.459188 0.3680816
2.558312 0.4839446
2.469524 0.1890833
2.294698 0.1859601
2.286676 0.1321216
2.469358 0.2008687
2.427393 0.2714468
2.450807 0.1853958
2.262511 0.1336085
2.448932 0.2002043
2.517403 0.4185702
2.386863 0.4140716
2.507812 0.2803288
2.620137 0.2601023
2.607596 0.3075631
2.759269 0.3491959
2.690765 0.4306494
2.794955 0.3077254
2.843868 0.3495858
2.383465 0.2624417
2.677958 0.2325558
2.316701 0.3811689
2.223334 0.2944262
2.516737 0.3528398
2.43044 0.07645807
2.549705 0.2693237
3.134486 0.109109
2.94379 0.3310102
2.785218 0.3833991
2.927826 0.3429286
2.991205 0.4014659
2.591793 0.1578359
2.3421 0.07048063
2.32831 0.4798798
2.660256 0.04419196
2.685733 0.2605046
2.53096 0.4141004
2.784746 0.2785553
2.391391 0.04290855
2.317687 0.4349589
2.543551 0.2018163
2.376766 0.1115905
1.98821 0.4891169
2.237596 0.2398213
2.219689 0.428666
2.397757 0.4920216
2.109492 0.492124
2.637904 0.2214547
2.693464 0.2540864
2.925386 0.03743521
2.186776 0.3475968
2.22662 0.4332795
2.755976 0.1973043
2.447578 0.1620138
2.695488 0.1511608
2.100187 0.4742117
2.656766 0.09501904
2.300738 0.3392867
2.276569 0.4930793
1.970187 0.1831317
2.348723 0.1675539
2.133857 0.2458063
2.23866 0.4025925
2.069583 0.3591409
2.058257 0.4806869
2.491666 0.2949197
1.930441 0.3952934
2.573574 0.4430495
2.431035 0.362651
2.462545 0.304875
2.790182 0.06493729
2.514993 0.4826084
2.388864 0.198445
2.305914 0.2998725
2.726686 0.2349666
2.431381 0.2682916
2.255488 0.4181617
2.613139 0.2494439
2.372636 0.4409112
2.428043 0.1872299
2.542069 0.3743868
2.40903 0.1477442
2.75566 0.3332845
2.387993 0.1951899
2.369729 0.4334565
2.414997 0.3559647
2.456102 0.4936762
2.431521 0.2203745
2.567836 0.08344358
2.529803 0.4972531
2.506774 0.36427
2.420118 0.2967416
2.339435 0.3398132
2.546352 0.2085595
2.55106 0.220016
2.510683 0.1029181
2.275103 0.1486971
2.022012 0.331457
2.328134 0.04702254
2.472239 0.2805972
2.081079 0.3689286
2.387242 0.3227809
2.10072 0.425604
2.024372 0.2765399
2.045939 0.4545379
1.8533 0.152409
1.903777 0.2903497
2.374247 0.2843566
2.239403 0.3824669
2.326235 0.4018345
2.114651 0.1973349
2.456698 0.2534727
2.203098 0.3074193
2.35186 0.08150302
2.220853 0.2012722
2.261024 0.3007302
2.565397 0.3498029
2.33241 0.2165615
2.475927 0.1862191
2.096173 0.1531245
2.321404 0.3962788
2.294858 0.3959368
2.013619 0.3568452
2.208593 0.3412732
2.051798 0.1927328
2.208509 0.0851056
2.437348 0.3991421
2.414011 0.2694385
2.437325 0.4929664
2.522777 0.3485093
2.365491 0.3916366
2.382308 0.2602782
2.594115 0.3195141
2.379499 0.1886602
2.525729 0.1565408
2.645797 0.07115068
2.708433 0.482589
2.967077 0.050491
2.992913 0.3572083
2.956525 0.4947757
2.78854 0.3488638
3.011679 0.2840849
2.747746 0.2248293
2.532734 0.1249258
3.449214 0.3581865
2.958646 0.1691096
2.966913 0.3696152
2.62216 0.2839816
2.648713 0.4814272
3.052868 0.087549
2.692262 0.3760889
2.440941 0.1935018
2.562255 0.1632284
2.614826 0.3090177
2.604097 0.3884533
2.630889 0.1836369
2.324848 0.297433
2.966016 0.2726078
2.550364 0.3362691
2.413769 0.2841375
2.68502 0.244526
2.487327 0.1478458
2.425107 0.4827238
2.583945 0.4210598
2.472654 0.2555311
2.242181 0.07012454
3.006996 0.1026015
2.696367 0.1962856
2.491715 0.4774852
2.678798 0.4984679
2.680511 0.1171243
2.193096 0.303202
2.327896 0.1691852
2.101428 0.4988595
2.698024 0.1879229
2.891516 0.4804261
2.545554 0.3580983
2.506739 0.1690836
2.574635 0.1916084
2.23701 0.4846837
2.492618 0.2696839
2.673491 0.3685404
2.447855 0.2261158
2.203072 0.1787762
2.412876 0.1064511
2.61772 0.3189405
2.405003 0.1608634
2.460815 0.4598929
2.517814 0.2800119
2.13527 0.2458462
2.639418 0.4003198
2.252791 0.0865897
2.29694 0.07248061
2.423066 0.4289535
2.542791 0.1455499
2.485339 0.3420373
2.279735 0.409077
2.714602 0.4835477
2.601127 0.1764387
1.987023 0.4940471
2.530735 0.2404362
2.080445 0.1906751
1.84191 0.2807861
2.430295 0.1675539
2.306464 0.1397372
2.236711 0.4686885
2.374126 0.2804379
2.654172 0.0778781
2.120221 0.1518903
2.514493 0.2725908
2.570977 0.3753422
2.47764 0.3591277
2.392207 0.441709
2.498533 0.4415948
2.722213 0.220906
2.572982 0.3745615
2.504339 0.4257145
2.414766 0.3917049
2.227852 0.352136
2.239192 0.4957019
2.765637 0.1300682
2.411524 0.4860479
2.33124 0.2033203
2.136941 0.2019283
2.001341 0.04555848
2.222618 0.4189377
2.535046 0.208472
2.389831 0.3458867
2.14815 0.4400235
2.204473 0.1384085
2.132654 0.4154618
2.484832 0.343067
2.814891 0.2411795
2.407175 0.02372588
2.501453 0.34463
2.33602 0.4854504
2.364651 0.2306959
2.896407 0.2525754
2.327108 0.1398002
2.497139 0.03108892
2.344141 0.2946956
2.644501 0.3148964
2.282103 0.2218188
2.590342 0.1575796
2.34988 0.4123127
2.063974 0.4739182
2.023119 0.2712433
2.152073 0.2915679
2.421072 0.2259733
1.843623 0.4621316
2.277017 0.3023631
2.301967 0.210292
2.246968 0.4490745
2.203849 0.347326
2.707067 0.3514743
2.172863 0.2528581
2.54509 0.3133128
2.448253 0.4743475
2.347088 0.405113
2.106317 0.3975086
1.937119 0.1447707
2.295615 0.4196575
2.128258 0.1188545
2.378384 0.1645931
2.378281 0.3175921
2.114687 0.4558879
2.358931 0.4776482
2.124516 0.3940164
2.284581 0.1975185
3.340966 0.2274788
2.645839 0.3975653
2.340727 0.04915371
2.506468 0.1865627
2.482556 0.4424
2.636031 0.3291558
2.57967 0.2897764
2.641639 0.07265574
2.236934 0.2846784
2.637713 0.06895521
2.369875 0.2935142
2.337906 0.3933439
2.673062 0.2221422
1.95749 0.1427077
2.409915 0.3961494
2.163591 0.377387
2.380134 0.1517719
2.37047 0.258324
2.261244 0.09061027
2.653443 0.3281547
2.841679 0.3492134
2.69587 0.09474124
2.728308 0.09486577
2.690455 0.3881793
2.409393 0.1877871
2.339325 0.4450276
2.215085 0.439731
2.432442 0.3573308
2.24673 0.4247102
2.672522 0.2406675
2.289596 0.1855791
2.426971 0.25335
2.748936 0.2411385
2.641961 0.3713524
2.60221 0.4092487
2.759663 0.4201325
2.542221 0.2060248
3.526395 0.2447817
2.502423 0.1888947
3.246577 0.07524894
2.952353 0.04237078
3.193563 0.171651
3.129956 0.06218527
3.141368 0.2959449
2.870017 0.3903353
3.09466 0.09448366
2.439928 0.282058
2.630639 0.4209735
2.516384 0.298865
2.178496 0.4907428
2.293363 0.3830472
2.460419 0.2095476
2.320988 0.3632882
2.514828 0.3533094
2.543831 0.2353819
2.592803 0.1511641
2.643951 0.4930374
2.260882 0.4934869
2.645157 0.130207
2.408051 0.1273444
2.796261 0.176868
2.372754 0.1699986
2.367013 0.1914449
2.315376 0.3194046
2.637094 0.4861441
2.125088 0.324655
2.884909 0.3067057
2.565786 0.3536459
2.438821 0.4064468
3.177815 0.1871276
2.573343 0.4659164
2.833555 0.2294547
3.281472 0.1276158
2.565308 0.06637609
2.808355 0.2245825
2.439199 0.1102377
2.479629 0.1796842
2.5741 0.336696
2.662896 0.06487084
2.312772 0.09464857
2.393328 0.47238
2.668975 0.3026929
2.228023 0.1489801
2.413242 0.1801202
1.943518 0.3492096
2.249326 0.1210625
1.918269 0.08298895
2.37646 0.1451981
2.403106 0.3485233
2.458694 0.3156758
2.466911 0.3143258
2.448231 0.3144206
2.476677 0.3657602
2.140593 0.4452861
2.67358 0.4160963
2.275385 0.4126014
2.214502 0.3837381
2.799251 0.3329016
2.324901 0.1449088
2.955842 0.08438466
2.521686 0.2837397
2.742593 0.3801157
2.788401 0.3529581
2.456348 0.1923017
2.56406 0.1194682
2.325995 0.4713579
2.34977 0.3456873
2.458084 0.3724817
2.521863 0.1937371
2.490557 0.24342
2.813852 0.3215734
2.864386 0.3475575
2.41775 0.0744016
2.443515 0.4508624
2.503643 0.06335879
2.47053 0.462799
2.127863 0.3169837
2.548149 0.4752659
2.334273 0.3466178
2.254721 0.3570742
2.430338 0.3983267
2.35441 0.1731038
2.374998 0.4274774
2.521294 0.3773029
2.654696 0.47444
2.671023 0.07762206
2.210699 0.3632531
2.595763 0.310871
2.403973 0.3942985
2.433098 0.4983193
2.33113 0.2453869
2.36285 0.1342004
2.105259 0.148573
2.015152 0.4195344
1.998931 0.4352673
2.425583 0.4946112
2.88962 0.1431748
2.295198 0.2140633
2.433353 0.2927736
2.442029 0.06614816
2.11924 0.4186108
2.527698 0.4053604
2.257729 0.3737189
2.342463 0.3595284
2.328896 0.4708311
2.386202 0.3099806
2.308399 0.1254518
2.341693 0.2325093
2.638688 0.2892576
2.660634 0.3543681
2.381949 0.2476301
2.438661 0.2165939
2.442369 0.2180716
3.111239 0.3931079
2.572493 0.02343496
2.751038 0.4750731
2.497343 0.3015347
2.577468 0.3291955
2.247293 0.3870825
2.288439 0.2434499
2.061884 0.1734084
2.109054 0.273642
2.319908 0.4416722
2.048997 0.1162992
2.147542 0.3516177
2.136534 0.2598172
2.210198 0.497782
2.222355 0.3967299
2.328752 0.3893843
2.330418 0.3830747
2.309 0.4779285
2.112798 0.2505183
2.230701 0.1182324
2.272446 0.3120539
2.495177 0.4595505
2.223329 0.2901518
2.366065 0.3165158
2.700534 0.3243538
2.097781 0.2408144
2.27777 0.07086155
2.372929 0.07647428
2.209164 0.377158
2.530397 0.4792475
2.29012 0.2222614
2.2036 0.2170606
2.228531 0.4209273
2.405597 0.2407392
2.277556 0.3993231
2.622212 0.2348265
2.489158 0.4418546
2.403981 0.05732228
2.350425 0.2399342
2.332908 0.2641375
2.276434 0.4453154
2.13594 0.2140883
1.901158 0.4479742
2.050699 0.4722922
1.945413 0.3595701
1.896641 0.3191991
2.16178 0.2539308
2.070391 0.3364363
1.862502 0.3055399
1.92879 0.309009
2.127832 0.4091729
2.297991 0.1848839
2.185581 0.4781585
2.121941 0.3267213
2.01966 0.3094889
1.987136 0.2376488
2.076236 0.398366
1.93369 0.4980111
2.10354 0.3754052
2.163011 0.3728876
2.27174 0.1449054
2.162308 0.351021
2.654546 0.4116641
2.250642 0.2375976
2.560347 0.2476675
2.726934 0.2424784
2.349275 0.3457959
2.380879 0.4905938
2.46795 0.4499511
2.561728 0.2296859
2.23583 0.2493171
1.945117 0.4786366
2.573637 0.2126476
2.021608 0.2976888
2.058448 0.3583353
2.137249 0.2672263
2.188296 0.1068846
2.427664 0.4397814
2.590264 0.3284963
2.258833 0.2462589
2.388505 0.3163698
2.257917 0.3992437
2.182405 0.249869
2.418349 0.4071946
2.420982 0.1039037
2.437903 0.1301535
2.235029 0.04121766
2.544237 0.3175005
2.6372 0.0539568
2.620202 0.2681679
2.918298 0.4303778
2.639781 0.3586269
2.291703 0.200097
2.720452 0.4544904
2.742325 0.3372597
2.630199 0.479948
2.80535 0.0379401
2.572628 0.1810216
2.504137 0.2640936
2.889322 0.2450473
2.618494 0.3525582
2.45977 0.2417427
2.530585 0.4627462
2.519315 0.4746918
2.745019 0.4485094
2.420041 0.2579614
2.602131 0.1056574
2.427357 0.1614226
2.251032 0.3534803
2.402376 0.2057622
2.52311 0.2562761
2.366901 0.1599508
2.53914 0.4648779
2.596526 0.03366481
2.512077 0.2493756
2.83061 0.3546367
2.673508 0.4805685
2.288862 0.2302089
2.556112 0.4058632
2.3238 0.4188308
2.788808 0.1131376
2.597605 0.1830028
2.770696 0.2181322
2.906661 0.2137854
2.668223 0.4956212
2.713149 0.4573233
3.144406 0.3192206
2.854235 0.1051425
2.688073 0.3455479
3.215929 0.1741217
2.735854 0.3812143
2.747363 0.1759659
2.353298 0.1200608
2.657818 0.2792376
2.331318 0.3667607
2.809414 0.4320003
2.284252 0.2559443
2.357403 0.4165558
2.693728 0.2703588
2.520503 0.4425181
2.444781 0.301817
2.38917 0.3782574
2.304762 0.3195764
2.240258 0.3691341
2.381708 0.4332552
2.274272 0.3043075
2.786907 0.3295763
2.532366 0.3447234
2.352787 0.09584624
2.459128 0.4040929
2.145702 0.07746452
2.317992 0.3399498
2.281619 0.172737
2.201163 0.2994357
2.494869 0.09343072
3.216586 0.3258002
2.675322 0.07892534
2.588439 0.4690628
2.720951 0.1883907
3.009673 0.1750063
2.331286 0.3823003
2.678413 0.1375333
2.782749 0.168977
2.72805 0.4344317
2.385207 0.4635407
2.172818 0.2890206
2.35559 0.3679417
2.562241 0.4091288
2.666563 0.1730407
2.950061 0.3662276
2.51346 0.2022967
2.424937 0.3299529
2.579827 0.4830577
2.311051 0.2147391
2.554207 0.1831389
2.379209 0.3325544
1.927777 0.2423191
2.405037 0.1795079
2.282545 0.3334517
2.21671 0.4729194
2.111154 0.261027
1.967308 0.186296
2.286127 0.1330599
2.196728 0.1885339
2.372281 0.2075105
2.365072 0.3459987
2.192956 0.1034919
2.131221 0.1522457
2.107432 0.3068454
2.117962 0.455714
2.140721 0.3769088
2.32886 0.4119965
2.007288 0.4074311
2.000026 0.3268733
2.028043 0.187735
2.405438 0.1639005
2.519523 0.4060333
2.379205 0.4886879
2.637915 0.3162652
2.388854 0.1236694
2.646437 0.3115883
2.344012 0.1656321
2.565177 0.3041547
2.607787 0.07690951
3.05797 0.08251822
2.679247 0.1050026
2.346275 0.48792
2.104777 0.3122503
2.060126 0.2480429
2.421262 0.4779903
2.77041 0.2592423
2.24525 0.1242487
2.326138 0.3660733
1.998084 0.3012357
2.143223 0.3140277
2.058566 0.1478116
2.057231 0.06319782
2.133276 0.2517236
2.314663 0.4542832
2.217155 0.3612047
2.231052 0.3157147
2.527214 0.4243971
2.089586 0.2587085
2.092839 0.4283737
2.374577 0.458875
2.141896 0.4816255
2.226656 0.2952835
1.955593 0.4286746
2.404384 0.04341999
2.256059 0.2386092
2.291084 0.04153785
2.446551 0.1240767
2.542077 0.1940971
2.64617 0.3271582
2.361389 0.4551464
2.391927 0.2719957
2.276508 0.376885
2.593863 0.4707962
2.017513 0.08819887
2.088139 0.2291151
2.139033 0.2757626
2.212816 0.128597
2.29815 0.4106644
2.429342 0.443295
2.228044 0.1175487
2.174106 0.2863031
2.380455 0.3871492
2.211551 0.2206491
2.460539 0.3990098
2.28671 0.2344986
2.166881 0.3825741
1.864272 0.2410035
2.072877 0.2279092
2.131053 0.2186098
2.356204 0.2512657
2.34504 0.1892115
2.287366 0.06218285
2.315662 0.3760916
2.311512 0.4982848
2.586651 0.2686584
2.277762 0.07919325
2.828156 0.1246142
2.701173 0.1550258
2.387583 0.4321872
2.30392 0.1773172
2.338443 0.4049727
2.381229 0.4284067
2.24685 0.2808557
2.41901 0.2407853
2.600248 0.3892054
2.366033 0.1275518
2.582567 0.2815095
2.743779 0.2640004
2.608159 0.3743669
2.419648 0.3213082
2.080429 0.2082024
2.293849 0.4392703
2.384695 0.1435753
2.539843 0.3155032
2.209162 0.4290894
2.632676 0.2983362
2.455984 0.1605382
2.50086 0.4510038
2.093123 0.2305356
2.046852 0.3231771
2.00489 0.2453223
1.763095 0.3539256
2.268421 0.4584136
2.186334 0.2700094
2.516357 0.2249638
2.560945 0.4099787
2.592048 0.2400091
2.323357 0.1113828
2.383427 0.1789923
2.357597 0.3355577
2.141043 0.4326141
2.389518 0.2892558
2.515538 0.2826803
2.137123 0.2080057
2.505224 0.363992
2.185563 0.4540913
2.008947 0.452053
2.290299 0.2816389
2.448018 0.2047672
2.551302 0.154664
2.093463 0.2093217
2.403412 0.4619459
2.26245 0.3434698
2.478807 0.3051533
2.452723 0.0665079
2.557438 0.07745522
2.595145 0.2365289
2.645134 0.08449621
2.37535 0.3110593
2.375713 0.4674995
2.50617 0.3957863
2.40163 0.4086512
2.567633 0.3601459
2.718778 0.3524723
2.923075 0.3749937
2.815361 0.3997151
2.366147 0.1891613
2.38393 0.3899368
2.610914 0.2647154
2.368873 0.02040965
2.307222 0.3463213
2.632573 0.4322555
2.605849 0.1723637
2.171531 0.4325256
2.045003 0.4140839
2.278635 0.1477459
2.324165 0.05824154
2.106962 0.1912564
2.512413 0.4171394
2.615837 0.2947804
2.648869 0.4497213
2.487952 0.4403789
2.321908 0.3169306
2.142136 0.3718778
2.332574 0.08093212
2.246595 0.4330156
2.479318 0.4617374
2.224801 0.3044924
1.99949 0.496172
2.921749 0.1634771
2.837179 0.108255
2.817378 0.4743788
2.358203 0.3867677
2.877076 0.09052282
2.603671 0.4821736
2.745387 0.4557938
2.484474 0.3701375
2.37614 0.4049128
2.375898 0.4504572
2.471172 0.09280121
2.309142 0.4528031
2.265279 0.1839253
2.543303 0.2641286
2.426768 0.4816081
2.504381 0.3123544
2.49773 0.3223866
2.29801 0.356227
2.685611 0.4201391
2.869241 0.3542726
2.817693 0.3315635
2.437379 0.3381294
2.540329 0.480804
2.276522 0.4343445
2.396195 0.4249105
2.362094 0.3418944
2.266561 0.3141004
2.227084 0.1646801
2.113736 0.3042129
2.30439 0.1566819
2.189407 0.1571579
2.023707 0.4240807
2.434856 0.4165585
2.259233 0.4010057
2.429385 0.212611
2.577986 0.4676418
1.99565 0.3400171
2.21525 0.3205329
2.230196 0.3075423
2.828548 0.1550343
2.729724 0.2866956
2.639627 0.3768349
2.270026 0.4545291
2.377584 0.3148824
1.947122 0.4821882
2.32371 0.2510244
2.353013 0.4149336
2.441309 0.2227881
2.595872 0.1530089
2.250339 0.2000791
2.629472 0.3829073
2.181488 0.2288746
2.256759 0.4265676
2.226715 0.3371945
2.23641 0.1406672
2.226861 0.1267257
2.161708 0.08695532
2.407025 0.09771046
2.420434 0.3120786
2.667411 0.2108423
2.484522 0.1067039
2.464245 0.305522
2.554238 0.2200989
2.542968 0.3154815
2.722837 0.4389842
2.337663 0.06135599
2.407118 0.1311609
2.329984 0.2945586
2.401756 0.1974767
2.598943 0.3382362
2.190972 0.1722084
1.974342 0.4264916
2.501465 0.3710408
2.452313 0.4484261
2.046505 0.2762568
2.470967 0.03130475
2.509601 0.4160366
2.283076 0.2130476
2.675038 0.2442114
2.439591 0.3422586
2.74696 0.2981895
2.440518 0.3896016
2.58893 0.1833499
2.880154 0.09061264
2.536258 0.2063092
2.484023 0.1999381
2.633846 0.4510934
2.653804 0.4527604
2.94438 0.07863994
2.753757 0.1207808
2.556354 0.1313303
2.48215 0.3699451
2.523394 0.4232381
2.629355 0.2859288
2.579516 0.1310638
2.658265 0.1701668
2.514613 0.2926482
2.805223 0.3467738
2.59583 0.2595378
2.911785 0.1077697
3.196207 0.315643
2.869937 0.1544528
3.073007 0.4473276
2.978907 0.3743462
3.233774 0.1284527
2.952627 0.3168509
2.408077 0.4428239
2.493545 0.4300063
2.480192 0.2517552
2.529108 0.2480261
2.346997 0.4476799
2.329989 0.1150084
2.135025 0.365371
2.356712 0.3448089
2.57495 0.401882
2.532671 0.2049956
2.619848 0.3490255
2.370307 0.4415664
2.305287 0.152666
2.795943 0.3646845
2.62165 0.42851
2.545516 0.1431324
2.895612 0.3896781
2.59706 0.4893936
2.726869 0.268997
2.535336 0.4742723
2.40844 0.3477683
2.174878 0.3221713
2.271231 0.4092175
2.308663 0.2357313
2.842292 0.431233
2.335663 0.4060585
2.628542 0.4297254
2.515469 0.1944455
2.257119 0.4602691
2.239068 0.4920728
2.235452 0.2631124
2.761629 0.4222584
2.945377 0.2193572
2.497027 0.3162458
2.459488 0.4255494
2.555304 0.4396728
2.749468 0.2304827
2.72378 0.3594424
2.772972 0.2561189
2.975124 0.3736827
2.812667 0.3084459
2.520586 0.299721
2.855005 0.3470018
2.54995 0.4257014
2.924166 0.2166929
2.996557 0.2914768
2.873506 0.2875968
3.052825 0.3143635
3.256107 0.1160778
2.476901 0.2487102
2.669261 0.1692577
2.557402 0.3841165
2.534139 0.4446707
2.490122 0.3112666
2.652527 0.1845095
2.330905 0.4863176
2.608659 0.3614097
2.186054 0.3689423
2.598413 0.3097749
2.621996 0.05856136
2.494641 0.4739589
2.540586 0.1837894
2.160676 0.09796512
2.290484 0.2150554
2.216347 0.2857286
2.086648 0.3923228
2.575938 0.2432873
2.716758 0.1645908
2.147353 0.2072882
2.464018 0.4965254
2.553225 0.4363931
2.520805 0.4061202
2.160601 0.4161774
2.28871 0.2326253
2.321869 0.2299337
2.499717 0.04216663
2.3334 0.416867
2.340445 0.3339706
2.730598 0.4711653
2.443547 0.4208303
2.44712 0.4321269
3.056148 0.3496646
2.373487 0.4054602
2.416643 0.2911385
2.447271 0.2783366
2.238148 0.403315
2.964242 0.3612269
2.395099 0.4609042
2.305356 0.176787
2.442296 0.3996673
2.325262 0.2827366
2.248608 0.4459744
2.345985 0.1509144
2.3608 0.4915634
2.640687 0.06981926
2.319034 0.3489431
2.199457 0.2625788
2.901262 0.4096899
2.600654 0.1624766
2.101353 0.3985735
2.384757 0.4287229
2.592754 0.259775
2.36951 0.3374156
2.197707 0.2698537
3.399301 0.4288277
2.589054 0.3222065
2.305732 0.2758317
2.465004 0.4849151
2.370828 0.1673247
2.107911 0.157044
2.07171 0.473959
2.033746 0.4950347
2.088023 0.4222171
2.226215 0.3024191
2.307641 0.3624355
2.043312 0.2095859
2.581121 0.2179553
2.467334 0.1741423
2.448799 0.1393458
2.298245 0.08037612
2.166564 0.3319675
2.742265 0.4939586
2.19939 0.4247128
2.311062 0.4644559
2.319927 0.2233943
2.56538 0.3920581
3.056869 0.1946809
2.540117 0.1852291
2.681309 0.3927809
2.359538 0.1932291
2.766297 0.2966427
2.309935 0.2617192
2.514278 0.4898596
2.531189 0.1548213
2.40536 0.1790243
2.300703 0.1959739
2.42401 0.2020693
2.315028 0.4239567
2.442839 0.3950194
2.464294 0.3030411
2.951747 0.3886628
2.557562 0.2988712
2.788137 0.38361
2.920521 0.3875011
3.285488 0.4195857
3.25657 0.4258378
3.513508 0.1220615
3.817065 0.1978215
3.144893 0.4308929
3.00392 0.3738582
3.00976 0.2507779
2.814558 0.492209
3.525497 0.2716121
3.050833 0.1682375
3.071314 0.1306288
2.530602 0.1129693
2.404939 0.141685
2.795362 0.4362975
2.833132 0.4461863
2.624306 0.2427345
2.845547 0.2503081
2.453236 0.3662735
2.949381 0.2790094
2.704018 0.194257
2.391928 0.3737374
2.509977 0.4865906
2.881489 0.3185758
3.273781 0.3915614
2.628261 0.3601077
2.381195 0.4376086
2.448381 0.2117608
2.54449 0.2940125
2.507553 0.1563646
2.216961 0.4683072
2.000529 0.3439355
2.383351 0.2388888
2.415111 0.2498492
2.645993 0.3203686
2.524826 0.1850689
2.451688 0.2942127
2.358201 0.3227285
2.348207 0.3458018
2.206297 0.4308921
2.313334 0.3636823
2.353049 0.446862
2.162552 0.2821584
2.61531 0.426972
2.183518 0.2981662
2.152202 0.1535282
1.996861 0.3608658
2.339127 0.2542947
2.049077 0.4362786
1.997243 0.3602119
2.412232 0.1400773
2.424611 0.4644006
2.335192 0.47876
2.633574 0.2607896
2.248419 0.3505423
2.01221 0.3825592
2.335197 0.3208598
2.093665 0.4656239
2.222597 0.3202368
2.482034 0.2139443
2.559896 0.4091457
2.411375 0.3852009
2.243422 0.3866683
2.306925 0.1120831
2.355392 0.4900148
2.463627 0.2693891
3.294607 0.4676237
2.463365 0.1382688
2.132135 0.1833969
2.307736 0.1440041
1.946155 0.4489247
2.149638 0.04749466
2.296663 0.2175145
2.50525 0.4665643
2.438972 0.4851388
2.491465 0.4969522
2.399402 0.4269795
2.329645 0.1751199
2.478288 0.3975356
2.25956 0.4470899
2.208951 0.4875684
2.901659 0.4059972
2.312995 0.3699082
2.604135 0.08592812
2.67922 0.165715
2.59904 0.3101535
2.986249 0.2119002
2.506533 0.1021353
2.722644 0.3732437
2.741816 0.3941883
2.964906 0.452219
3.185183 0.3886537
2.282982 0.2747437
2.750559 0.2867572
2.520385 0.2654289
2.530933 0.4033456
2.33072 0.3293702
2.345282 0.4464491
2.32521 0.4254199
2.556009 0.08768853
2.505125 0.3028012
2.493441 0.1707621
2.578746 0.4033647
2.548245 0.3268464
2.883217 0.4712914
3.133894 0.1693054
2.747965 0.3057321
2.656623 0.3998141
2.887745 0.2123794
2.742342 0.2331017
2.373833 0.4442284
2.630785 0.3656361
2.549715 0.4330591
3.002423 0.3959483
2.630984 0.2176305
2.621747 0.342143
2.510304 0.1516661
2.620732 0.4340104
2.360615 0.4567717
3.149585 0.4440362
2.860723 0.4737843
2.644573 0.4285803
2.869942 0.1435214
2.673948 0.4459445
2.843094 0.1810546
2.594743 0.4162831
2.126461 0.2540479
2.720566 0.1024134
2.543589 0.2582194
2.305195 0.4176905
2.271981 0.209275
2.169709 0.4515139
2.505255 0.1676044
2.426225 0.3251877
2.049467 0.2266584
2.476768 0.04696954
2.3563 0.08728866
2.61217 0.2381424
2.399336 0.1824611
2.081492 0.3775009
2.298517 0.3918833
2.503437 0.3982668
2.384402 0.1520781
2.275614 0.3333074
2.481609 0.4299893
1.944579 0.4623162
2.167775 0.09963715
2.217916 0.3165943
2.221301 0.2418193
2.280078 0.3326533
2.220535 0.2556845
2.167009 0.4228797
2.172304 0.337032
2.345093 0.3762228
2.280241 0.3661795
2.439855 0.09495667
2.09161 0.2988281
2.421092 0.1961955
2.125324 0.4748882
2.076485 0.4303806
2.132046 0.05059741
2.078426 0.3077486
2.38628 0.455541
2.277668 0.3926676
2.630643 0.3343703
2.201323 0.2816537
2.399101 0.1839008
2.353576 0.4615088
2.454081 0.4638751
2.957682 0.3745933
2.527918 0.08233713
2.757918 0.3958328
2.51962 0.4837265
2.434151 0.4586046
2.361742 0.472532
2.508836 0.4261303
2.373013 0.1006438
2.42516 0.171048
2.233106 0.0856444
2.531253 0.200193
2.159772 0.3834641
2.697058 0.2773228
2.379132 0.4510745
2.527147 0.4971388
2.649089 0.3915163
2.427937 0.4192778
2.605 0.4021962
2.346193 0.38013
2.27922 0.3671027
2.331806 0.4220458
2.157859 0.4780592
2.206066 0.4772143
2.490296 0.4470301
2.705443 0.4468358
2.5008 0.2877321
2.655864 0.386692
2.748681 0.2359921
2.416595 0.08780168
2.211147 0.290366
2.633638 0.3072721
2.615632 0.3795426
2.59807 0.2234531
2.736011 0.2654842
2.681384 0.4122187
2.431704 0.4942091
2.399331 0.1362517
1.989789 0.3494186
2.301726 0.03969811
2.176384 0.1664144
2.237937 0.1926149
2.445626 0.160225
2.515292 0.2646701
2.365411 0.03215212
2.423993 0.3681396
2.20997 0.09269974
2.187499 0.3219191
2.131108 0.2077611
2.220138 0.2870187
2.38561 0.3724998
2.86484 0.3161439
3.305815 0.3855023
2.668792 0.4320368
2.504901 0.4912491
2.894285 0.1755667
2.548633 0.2779519
2.825767 0.3308382
2.589142 0.4555903
2.415913 0.3774827
2.602327 0.2135741
2.472382 0.3496846
2.35451 0.1388502
2.463935 0.2570108
2.219298 0.3656044
2.427531 0.06828578
2.284538 0.2506999
2.298042 0.08912388
2.456106 0.2701611
2.351757 0.4199809
2.118072 0.2144194
2.504029 0.3501124
2.146537 0.4468711
2.524788 0.207416
2.284613 0.04019217
2.339448 0.4297722
2.26064 0.2777818
2.148567 0.2510542
2.099172 0.405237
2.620894 0.254418
2.237623 0.02289856
2.197353 0.3602532
2.582599 0.3599183
2.253036 0.3179208
2.514084 0.2339805
2.052534 0.2268927
2.520403 0.4109004
2.418788 0.04664161
2.326267 0.3632878
2.095184 0.4993091
2.186929 0.04678298
2.710104 0.4552067
2.965654 0.3045261
2.468762 0.1094854
2.550388 0.4975856
3.196373 0.2078301
2.57296 0.4440891
2.239663 0.1585702
2.499308 0.4763015
2.51882 0.1636295
2.511418 0.1711648
2.303488 0.459091
2.240734 0.2017052
2.491964 0.3307486
2.241737 0.4562784
2.733404 0.2510784
2.409772 0.4156621
2.425618 0.430732
2.404308 0.4151244
2.471898 0.3023916
2.471883 0.1901483
2.367208 0.08229521
2.310915 0.1559958
2.498047 0.4144924
2.174505 0.4240922
2.502064 0.1966408
2.427882 0.2850451
2.40087 0.3908782
2.304456 0.2246449
2.241303 0.3635729
2.486215 0.4525484
2.486609 0.4807702
2.583418 0.4075911
3.008583 0.4466228
3.096437 0.2638717
2.423264 0.4837539
2.492487 0.4136166
2.68951 0.2276209
3.506763 0.3884826
2.54776 0.05324182
2.506707 0.3200022
2.386481 0.4983314
2.799091 0.4544606
2.775097 0.3895037
2.707457 0.2717453
2.557579 0.4755308
2.439504 0.3507478
2.536698 0.2257465
2.809804 0.4487117
2.401035 0.3474488
2.417197 0.3160303
2.841987 0.4791732
1.998262 0.09267283
2.804794 0.4763514
2.516788 0.1777194
2.929745 0.3928336
2.335024 0.4978355
2.263909 0.3285847
2.537674 0.04967612
2.32191 0.2657164
2.742974 0.2557784
1.986639 0.4015145
2.329626 0.3334651
2.115897 0.3161646
2.133395 0.4393375
1.934286 0.4211445
1.980029 0.2070266
2.083608 0.1368449
2.024204 0.1475103
2.167915 0.4968563
2.411001 0.1294721
1.99414 0.4786644
2.127865 0.2845094
2.419953 0.4232966
2.376616 0.1475352
2.051201 0.3686826
2.3537 0.4959868
2.319661 0.4454819
2.129917 0.07284435
2.397238 0.3593493
2.09749 0.3028842
2.260022 0.3680765
2.460238 0.1899717
2.264665 0.3591849
2.369602 0.3923551
2.0277 0.2528335
2.356432 0.3637414
2.11826 0.2075973
2.156918 0.4690794
2.049344 0.04084599
2.393908 0.3723031
2.438707 0.3385818
2.370479 0.4944416
2.26665 0.4374588
2.625285 0.175417
2.472908 0.3179354
2.574595 0.323838
2.378311 0.1851129
2.459035 0.2614896
2.634538 0.02355209
2.423115 0.391789
2.734584 0.2984996
2.679871 0.4914349
2.51707 0.05026179
2.871781 0.3821138
2.668473 0.3892252
2.516499 0.3059849
2.769282 0.3641324
2.427034 0.3352002
2.203541 0.3649449
2.549034 0.2365353
2.896414 0.358715
2.412494 0.2469429
2.749578 0.3749411
2.32365 0.157939
2.52523 0.2922307
2.36625 0.4808228
2.18717 0.2867677
2.561735 0.3183878
2.204934 0.03588754
2.49891 0.2673321
2.898265 0.02086609
2.517417 0.3363687
2.46224 0.2693178
2.781163 0.4481091
2.595556 0.3129741
2.679297 0.4785769
2.259916 0.3477605
2.560017 0.4671716
2.609563 0.4511966
2.375826 0.4625774
2.173348 0.2405206
2.456462 0.2709902
2.478482 0.2499038
2.56818 0.03626137
2.231757 0.3629482
2.260066 0.4164517
2.607619 0.2074427
2.64199 0.3070011
2.728659 0.05150394
2.720878 0.4491737
2.428208 0.1730945
2.270741 0.2578137
2.563115 0.2988037
2.518892 0.3604891
2.581437 0.4913768
2.847765 0.2761802
2.636538 0.329481
2.724652 0.4941517
2.510703 0.1799389
2.842755 0.4479664
2.180841 0.3242172
2.297145 0.1629907
1.914817 0.2161445
1.930373 0.4413654
2.329479 0.2726253
2.046187 0.3654121
2.211655 0.3539059
2.376974 0.452002
2.004995 0.3459322
2.045723 0.3206329
2.378225 0.4868494
2.712353 0.3393614
2.288833 0.4834384
2.701214 0.3536932
2.760236 0.3725115
2.428971 0.4718108
2.580007 0.1005693
2.197587 0.3513605
2.789841 0.1673896
2.288142 0.363071
2.349012 0.3988738
2.871409 0.06692955
2.738222 0.09445448
2.575219 0.1917638
2.56081 0.2922916
2.128177 0.1963308
2.549788 0.2499111
2.40171 0.3566549
2.598475 0.4325576
2.449443 0.1739584
2.180981 0.4193987
2.437919 0.1689773
2.613581 0.1794546
2.702188 0.4467181
2.714009 0.1847957
2.985098 0.3373649
2.740027 0.420985
2.240828 0.302227
2.411544 0.08142448
2.466126 0.4110804
2.44877 0.2107336
2.971409 0.4935195
2.802309 0.3747368
2.914227 0.483818
2.601182 0.2075505
2.488778 0.1067628
2.680239 0.2245349
2.635244 0.3376479
2.307523 0.2750383
2.430941 0.1444466
2.482785 0.4673077
2.563596 0.3269276
2.015563 0.4366408
2.646599 0.3214748
2.765076 0.4698949
2.959544 0.3092121
2.630008 0.1166612
2.49826 0.3224785
2.352016 0.4987285
2.661449 0.2830413
2.546065 0.4241358
2.540258 0.2194667
2.476871 0.2355786
2.666482 0.3100345
2.569129 0.2077782
2.277241 0.4000065
2.356332 0.4233791
2.574835 0.2317507
2.815566 0.4015211
2.618908 0.4349378
3.033393 0.3611781
2.911512 0.4002513
3.077817 0.3990866
2.267792 0.2911918
2.256998 0.1458809
2.592234 0.3305624
2.569486 0.3701969
2.242947 0.4678853
2.196961 0.2309763
2.452896 0.1624527
2.277304 0.4060006
2.44224 0.2882478
2.340019 0.200946
2.80917 0.3851497
2.264227 0.3274784
1.982605 0.3965182
2.354578 0.2498595
2.239537 0.2448505
2.26323 0.4420814
1.79202 0.3639131
1.91603 0.2745455
2.060409 0.3900385
2.387695 0.4030198
2.167664 0.306732
2.122957 0.2439306
2.588745 0.4867729
2.192505 0.495428
2.192537 0.4671656
2.539696 0.1327517
2.337497 0.2472442
2.438504 0.1833423
2.830162 0.08759589
2.403658 0.1862843
2.764422 0.3808322
2.381774 0.2496727
2.267445 0.1336247
2.478641 0.3567526
2.459281 0.06161684
2.73082 0.1917327
2.283285 0.2500647
2.664253 0.3701233
2.571978 0.2891802
2.538495 0.2988889
2.383499 0.2488649
2.404552 0.4847304
2.654488 0.3726492
2.239754 0.3960131
2.381789 0.2320211
2.499584 0.3807802
2.128748 0.06077774
2.026916 0.2104377
2.212526 0.03314298
1.873694 0.2537568
2.101555 0.4768353
2.20926 0.1588999
2.427992 0.2835901
2.361502 0.2137836
2.282992 0.233306
2.392493 0.2020833
2.220398 0.36272
2.50448 0.4800923
2.584787 0.337459
2.272649 0.1761069
2.365626 0.3660948
2.299416 0.3533174
2.231425 0.3158505
2.199536 0.136523
2.359226 0.1782062
2.467612 0.3263946
2.071905 0.1892951
2.292521 0.2986922
2.395145 0.2010604
2.027779 0.2277369
2.06883 0.2285213
2.047188 0.4328492
2.037993 0.4841717
1.886572 0.3383579
2.000805 0.4824227
2.144837 0.2834244
1.727693 0.1420014
1.884775 0.3058571
2.171934 0.4402485
2.196055 0.4968091
2.1033 0.3808708
2.152556 0.4813759
2.463973 0.3081432
2.286222 0.4630546
2.622298 0.1477293
2.424665 0.2182484
2.545052 0.172919
2.432374 0.2821104
2.405008 0.1409755
2.503486 0.2727425
2.112333 0.2347785
2.239779 0.1680489
2.49847 0.2630376
1.937737 0.3341913
2.357171 0.173989
2.458876 0.347068
2.293641 0.4825234
2.245398 0.4237246
2.514589 0.2034821
2.343538 0.05042235
2.7256 0.2739334
2.203211 0.2105624
2.358584 0.3315614
2.133474 0.3060225
2.633475 0.09902574
2.592718 0.07897374
2.528597 0.3717032
2.570463 0.421856
2.768772 0.4842798
2.778646 0.09883487
2.430752 0.1977788
2.643347 0.09761895
2.470934 0.3256977
2.421872 0.09283419
2.04363 0.4396317
2.644552 0.0547145
2.304013 0.2101959
2.918067 0.2332714
2.392341 0.2679194
2.440931 0.0523292
2.396266 0.3584026
2.226399 0.2010136
2.291118 0.3994835
2.232504 0.1888662
2.084358 0.4014873
2.139247 0.4250277
2.091132 0.3439
1.997919 0.3766637
2.391709 0.3569277
2.009214 0.4733685
2.626806 0.4135026
2.54616 0.2073719
2.510776 0.4424567
2.682165 0.356106
2.423227 0.2830709
2.564249 0.3297037
2.47508 0.4753835
2.361496 0.3558157
2.060625 0.490363
2.312663 0.137327
2.241165 0.3396991
2.281206 0.429856
2.561191 0.158365
2.30247 0.315591
2.089586 0.4770339
1.904176 0.4817858
2.411702 0.129049
2.76282 0.1063998
2.709047 0.2386739
2.205349 0.309527
2.226284 0.3984353
1.940492 0.06991289
2.088578 0.4683476
2.075352 0.4592853
2.230725 0.466833
2.529141 0.4418138
2.627931 0.4692818
2.320837 0.3722436
2.176452 0.3782739
2.325455 0.339515
2.104957 0.4879256
2.474454 0.27376
2.539099 0.3650527
2.511984 0.3897714
2.671018 0.1558383
2.323599 0.3436748
2.861952 0.3330036
2.604765 0.4482257
2.535568 0.232969
2.817153 0.119908
2.925176 0.1335705
2.473487 0.3657398
2.432561 0.2482081
2.677996 0.3565868
2.142375 0.3487347
2.185017 0.2335646
2.525749 0.2111918
2.192937 0.2759701
2.6361 0.3793248
2.605901 0.4377225
2.691283 0.1830829
2.330183 0.1465283
2.598216 0.4632722
2.513952 0.4569159
2.326916 0.417971
2.469117 0.2443425
2.890529 0.1933873
2.752504 0.3062351
2.391554 0.2425709
2.925641 0.1841663
2.850739 0.4971125
2.549091 0.3082436
2.6042 0.4795569
2.682841 0.3439171
2.760655 0.4142096
2.511092 0.3056561
2.541677 0.3072033
2.81094 0.2058068
2.589597 0.4183999
2.570577 0.07561441
2.828514 0.03037604
2.620982 0.3990817
3.376907 0.04405429
3.077601 0.4778758
2.92065 0.4721588
3.051786 0.4204266
2.870078 0.156594
2.538203 0.3086956
2.633183 0.08064959
2.528078 0.3801567
2.432707 0.4063391
2.646804 0.4661226
2.374586 0.4794564
2.323558 0.3494414
2.55459 0.1742547
2.298956 0.2503617
1.960104 0.1399815
2.543252 0.1014938
2.387065 0.4223356
2.336582 0.2575758
2.544431 0.4772849
2.270752 0.3849597
2.368587 0.398936
2.384229 0.1122322
2.696085 0.08117809
2.148473 0.2290986
2.501424 0.224795
2.570715 0.3976872
2.35449 0.2706493
2.578333 0.4940744
2.191442 0.3893507
2.356918 0.1427527
2.284808 0.2954491
2.47926 0.257564
2.588067 0.3827832
2.224248 0.4363874
2.20879 0.2814408
2.353114 0.40143
2.847953 0.3811942
2.605922 0.3963565
2.294507 0.4392489
2.146159 0.2791188
2.161028 0.3406312
2.156046 0.2363347
2.443571 0.2363343
2.349854 0.368762
2.623487 0.296605
2.478225 0.241605
2.377888 0.1559018
2.416101 0.4301423
2.864569 0.0753418
3.151747 0.270033
3.025659 0.1130565
2.844043 0.04383575
2.907181 0.2229268
2.738153 0.1046197
2.460934 0.1993759
2.493034 0.2553694
3.198715 0.1510888
3.323742 0.2338592
2.866561 0.4108372
3.011358 0.1381001
3.018296 0.1337743
2.659587 0.4328308
2.614211 0.4759133
2.309975 0.3908473
2.305298 0.2211133
2.930759 0.4481475
2.595244 0.3300304
2.548933 0.2805852
2.375436 0.07514748
2.039521 0.3848439
2.38075 0.3681015
2.514273 0.09392721
2.630856 0.2934378
2.696279 0.1563369
2.644605 0.3153845
2.636684 0.3594169
2.708733 0.2455701
2.427992 0.4042646
2.629449 0.4961349
2.767733 0.1076655
2.469986 0.4280501
2.38062 0.362376
2.25161 0.4252777
2.248138 0.2397885
2.236806 0.08208539
2.126706 0.2319046
2.063794 0.3833599
2.103442 0.4394278
2.551886 0.02047224
2.539588 0.3141184
2.384627 0.2737216
2.588859 0.3386238
2.246046 0.2709038
2.319815 0.4046272
2.456817 0.4022623
2.209661 0.318804
2.108217 0.2718471
2.409797 0.2390606
2.464107 0.4184926
2.170529 0.4005533
2.216733 0.2361505
2.237964 0.2401396
2.495258 0.3624194
2.45012 0.134844
2.209526 0.4298482
2.039022 0.4121004
2.242346 0.1450618
2.230772 0.3156446
2.288506 0.491806
2.320732 0.388554
2.463335 0.2930419
2.859268 0.4600598
2.568988 0.2093628
2.435694 0.3451691
2.902344 0.1955559
2.326004 0.4673122
2.519417 0.4460489
2.757791 0.4648225
2.2709 0.3020969
2.85617 0.2686434
2.637127 0.4932039
2.625175 0.2580177
2.539248 0.4935959
2.222883 0.3402999
2.344218 0.4362747
2.424772 0.4506559
2.36109 0.4317188
2.752733 0.2670693
2.302407 0.4809046
2.654402 0.2142195
2.556675 0.3218893
2.218513 0.256696
2.162357 0.418141
2.036586 0.1625189
2.220248 0.3313436
2.259928 0.09754949
2.250544 0.4521189
2.575528 0.4672649
2.555723 0.08932452
2.433518 0.06662662
2.638021 0.0739021
2.718146 0.1315844
2.491761 0.3924878
2.715502 0.4761662
2.443952 0.2788339
2.729958 0.2404837
2.273134 0.3770048
2.563106 0.0891893
2.200895 0.4321505
2.449885 0.4556645
2.254141 0.2595729
2.477942 0.4532643
2.596352 0.262005
2.598061 0.3151827
2.666022 0.06172527
2.748317 0.4126257
2.831866 0.3123634
2.904701 0.2917948
3.022598 0.3433401
2.579825 0.300354
2.492529 0.4873651
2.685489 0.1900106
3.030034 0.1067762
2.506447 0.3185834
2.458615 0.4953927
2.579512 0.455658
2.555549 0.07986602
2.552439 0.4266345
2.95277 0.1989393
2.894845 0.4837555
2.313147 0.2214789
2.832694 0.3408036
2.583411 0.4138923
2.493776 0.4949151
2.900363 0.3513807
2.923057 0.121368
2.732703 0.4094924
3.005797 0.2873506
3.275617 0.4162769
3.003098 0.1490601
2.427575 0.4266059
2.679637 0.3490742
2.827965 0.388454
2.55663 0.3660895
2.682093 0.04635182
2.944448 0.2416519
2.734303 0.48662
2.694153 0.3187455
2.699668 0.3268868
2.984083 0.3984534
2.691503 0.1079865
2.803126 0.2832735
2.395726 0.2255579
2.418234 0.170223
2.609558 0.4925908
2.252864 0.3341513
2.591372 0.436398
2.418607 0.3195965
2.431615 0.2217554
2.211613 0.1679363
2.07146 0.4240441
2.482978 0.2949578
2.015598 0.1542246
2.128663 0.2707964
2.098679 0.1478895
2.107721 0.3621043
2.274771 0.4719706
2.038627 0.1634677
2.128991 0.3999292
2.229164 0.450826
1.979975 0.2578653
2.238076 0.3089746
2.067275 0.1965567
2.248959 0.2448478
2.648499 0.4900624
2.708482 0.3690478
2.691894 0.270779
1.87998 0.3205769
1.929803 0.3861264
2.130142 0.03323711
2.289321 0.4449093
2.257373 0.2851629
2.315023 0.305293
2.391097 0.04973606
2.713714 0.3511251
2.466834 0.1479612
2.649372 0.3562565
2.644879 0.07423511
2.481453 0.2665904
2.46364 0.2120843
2.416587 0.192313
2.355827 0.07796099
2.553006 0.1794722
2.701443 0.3351087
2.822219 0.441885
2.853334 0.3811715
2.376391 0.3440417
2.201431 0.2843539
2.597153 0.2504107
2.389096 0.3525908
2.596897 0.07370856
2.09425 0.4463663
2.235945 0.10344
2.451156 0.1625969
2.520092 0.3415445
2.286646 0.278475
2.716508 0.2889754
2.584245 0.4775974
2.622712 0.09820113
2.865167 0.4825038
3.09712 0.4421423
2.97135 0.3302524
2.673517 0.27845
2.766505 0.2790093
2.840958 0.3002165
2.774675 0.4128601
2.88722 0.3675763
2.240276 0.1674985
2.475623 0.0512857
2.627785 0.373686
2.681819 0.4544224
2.664213 0.3165291
2.57284 0.1650083
2.436737 0.3889301
2.27107 0.389963
2.789937 0.394576
2.657304 0.2156045
2.610048 0.1037132
2.647775 0.2653241
2.609058 0.09992522
2.391618 0.4604132
2.287648 0.2308595
2.333004 0.3330205
2.742681 0.1995084
2.331443 0.4347448
2.410813 0.3184674
2.115308 0.4636726
2.693009 0.1858898
2.445313 0.1344311
2.261583 0.3955183
2.138084 0.3503449
2.315626 0.348785
2.211919 0.2668443
2.381143 0.08654763
2.674166 0.2212088
2.487697 0.3633742
2.215278 0.4890301
2.681383 0.4996775
2.455941 0.2336885
2.513414 0.3799132
2.309924 0.481853
1.967355 0.4969932
2.469225 0.277392
2.216452 0.3274988
2.04824 0.4559069
1.871572 0.1779762
2.00883 0.4808471
2.547477 0.252627
2.11892 0.285081
2.077511 0.217792
2.700627 0.2271784
2.395337 0.2384614
2.711353 0.4620443
2.408455 0.1911225
2.607141 0.07758623
2.443342 0.3342829
2.412876 0.4213883
2.779388 0.3290851
2.70077 0.1840903
2.626236 0.2843972
2.307736 0.2395381
2.465228 0.4234433
2.490615 0.3736172
2.349475 0.452045
2.331654 0.07664847
2.727864 0.3999189
2.617806 0.1360791
2.628866 0.1925678
2.65326 0.2483007
2.258947 0.3047366
2.151942 0.2145948
1.855488 0.1914439
1.983758 0.3060975
2.171373 0.3895786
2.22992 0.05406065
2.037905 0.2948435
1.913625 0.403
2.483386 0.3647647
2.418836 0.3436857
2.026447 0.4454579
2.355909 0.1796832
2.082748 0.1627706
2.36131 0.1827743
2.496887 0.4222921
2.311801 0.3230321
2.422553 0.188143
2.135399 0.3929964
2.510333 0.2378843
2.464927 0.1624971
2.097034 0.4011537
2.254633 0.2928628
2.31283 0.2396989
2.916259 0.3488332
3.030376 0.4572408
2.712995 0.2931555
2.429599 0.4143819
2.205672 0.4279868
2.337249 0.4971357
2.594588 0.4699681
2.457242 0.3921775
2.3867 0.4167217
2.488808 0.2975878
2.326902 0.4459594
2.607379 0.1700162
2.207082 0.392962
2.22573 0.2822666
2.589465 0.07207963
2.455415 0.4573097
2.566323 0.3427731
2.278396 0.4975065
2.386079 0.352782
2.380143 0.2305023
2.771585 0.3427344
2.471064 0.3804737
2.427917 0.4174652
2.280883 0.2521193
2.190523 0.4818586
2.07497 0.1227889
2.532996 0.4318155
2.414283 0.3825673
2.277439 0.1640716
2.047742 0.3050894
2.283304 0.3633571
2.497622 0.1875814
2.419492 0.3507441
2.506959 0.4969577
2.493138 0.2914072
2.168491 0.2260694
2.317824 0.271748
2.700489 0.2198185
2.758266 0.4569278
3.103929 0.3359832
2.739556 0.1132821
2.884849 0.499988
2.620901 0.3307341
2.772997 0.1512995
2.293217 0.1070659
2.296032 0.3239622
2.422405 0.4077391
2.435221 0.4466023
2.39462 0.08126682
2.195514 0.38328
2.291636 0.480068
2.008978 0.4119892
2.226973 0.2691708
2.242367 0.11583
2.247931 0.2631567
2.310576 0.3287139
2.361978 0.3552898
2.201398 0.3373683
2.397805 0.1250887
2.437385 0.3357612
2.285022 0.4658426
2.229853 0.2577622
2.119942 0.4095451
2.34106 0.4495335
2.594477 0.4736325
1.982786 0.4768574
2.55838 0.2883565
2.322343 0.2363747
2.596054 0.2981243
2.673482 0.4497483
2.930012 0.2152583
2.6924 0.3920118
2.248785 0.09048461
2.308587 0.1338387
2.09919 0.4417809
2.233872 0.2342456
2.236483 0.1328003
2.723411 0.4253967
2.70928 0.1955667
2.247132 0.314945
2.573104 0.3621838
2.548795 0.2266686
2.17241 0.398388
2.500041 0.4318591
2.257377 0.423243
2.271192 0.4751325
2.114018 0.1514945
2.277333 0.2003073
2.505583 0.2298779
2.667373 0.4818649
2.863218 0.337063
2.591482 0.4374113
2.83542 0.4286363
2.535736 0.2975726
2.408349 0.2145763
2.368202 0.4810343
2.328468 0.2041198
2.226899 0.2133039
2.181565 0.3789825
2.177548 0.2609741
2.273261 0.3963234
2.217359 0.2157445
2.42776 0.2354471
2.09478 0.3593509
2.114888 0.2369298
2.170002 0.4939586
2.344793 0.4123495
2.463933 0.4359231
2.269797 0.459511
2.223011 0.2767034
2.223193 0.3424274
2.455988 0.2600004
2.622848 0.3007544
2.1938 0.188478
2.393033 0.1745991
2.346035 0.4318732
2.205948 0.3862948
2.682552 0.3132544
2.239327 0.2366727
2.530316 0.288988
2.628222 0.4567814
2.480004 0.3227152
2.298117 0.2216928
2.391998 0.3237359
2.789097 0.160369
2.448773 0.2954802
3.173794 0.273557
3.111046 0.4089745
3.612876 0.3725945
3.003964 0.09110016
2.651558 0.2963358
3.199179 0.04625232
2.451394 0.4137742
2.57438 0.2014743
2.713151 0.3219078
2.73076 0.423937
2.576554 0.456105
2.40578 0.4691564
2.680156 0.4758393
2.274087 0.3774911
2.464687 0.2986318
2.207217 0.1527106
2.165107 0.3710892
2.287942 0.281419
2.502025 0.3808049
2.084894 0.2416792
2.497905 0.4337031
2.607586 0.3550753
2.642387 0.3974247
1.984918 0.3965339
2.634013 0.3312058
2.116041 0.4191335
2.423833 0.271489
2.338055 0.1370079
2.066953 0.4791836
2.035354 0.2600447
2.039391 0.2048224
2.27832 0.4234867
2.194425 0.1716174
2.201951 0.2352893
2.146218 0.03851299
2.536028 0.396979
2.078224 0.1756155
2.105064 0.3584026
2.005337 0.391961
1.95253 0.1999252
2.041482 0.4303229
1.643143 0.3540359
1.954356 0.3679388
1.770088 0.1619601
2.003602 0.1455851
2.087081 0.2774358
1.966421 0.05841302
1.903499 0.07944448
2.216862 0.3417758
2.18575 0.127145
2.149514 0.3793621
2.549674 0.1701993
2.406192 0.3643796
2.395255 0.3504752
2.268518 0.3675688
2.065362 0.37256
2.429874 0.4044324
2.158498 0.3163628
2.257232 0.3332639
2.297454 0.3011206
2.422639 0.3887403
2.639568 0.3914031
1.906478 0.3964493
2.204138 0.1239537
2.572107 0.3394746
3.157898 0.3651067
2.951108 0.3278461
2.522832 0.2463992
2.751128 0.4181293
2.713765 0.3749016
2.301275 0.4701278
2.597318 0.1334932
2.231103 0.4818839
2.217766 0.3807991
2.233663 0.4290633
2.196713 0.3527721
2.18739 0.4295692
1.987779 0.09263281
2.23965 0.4944641
1.943469 0.4557966
2.165235 0.3535008
2.22464 0.447344
2.203008 0.1935224
2.304087 0.4863704
2.073517 0.4255759
2.263563 0.1301964
2.323813 0.4086647
2.185125 0.1108569
2.320553 0.1782508
2.113257 0.2636112
2.063052 0.4051776
2.18207 0.1164178
2.366179 0.1431862
1.915451 0.1562832
1.965475 0.3672378
1.924456 0.3291665
2.727776 0.3717721
2.555515 0.4442759
2.304938 0.4093617
2.528449 0.2451906
2.219333 0.3970011
2.322819 0.2266733
2.493769 0.0747336
2.319372 0.4196095
2.354699 0.4151423
2.235181 0.2160719
2.023047 0.4656847
2.066487 0.05877395
2.280022 0.08208819
1.974807 0.4117273
2.217195 0.2166136
2.069728 0.3996768
2.20521 0.3735697
2.401277 0.4599644
2.516153 0.360445
2.488722 0.04846154
2.326008 0.2485541
2.142631 0.208057
2.386122 0.4511982
2.306125 0.18736
2.274753 0.4828107
1.927215 0.3682628
2.216462 0.3100476
2.028447 0.3937187
2.488623 0.3183898
1.925728 0.4150177
2.313343 0.2425914
2.290312 0.1259224
2.1858 0.1398919
2.262553 0.3743718
2.347524 0.2796017
2.529653 0.2003559
2.480133 0.1365932
3.120874 0.3934715
2.503722 0.482443
2.701044 0.1699938
2.697445 0.4641642
2.747427 0.4992438
2.478906 0.2464004
2.708071 0.3771935
2.740591 0.4760996
2.276912 0.2182773
2.345153 0.4209713
2.110279 0.4356482
2.24161 0.4104498
2.243005 0.4184924
2.435824 0.2708397
2.640683 0.06978812
2.724123 0.3423804
2.665478 0.2389201
1.982973 0.4974503
2.189542 0.3740806
2.442961 0.4699971
2.273098 0.3435614
2.411582 0.02559037
2.264467 0.06687097
2.055537 0.3446137
2.1491 0.412754
2.178687 0.4303618
2.178877 0.3203682
2.199307 0.3951876
2.658374 0.3293189
2.625224 0.1123412
2.196912 0.3583043
3.24639 0.4659898
3.004667 0.1402798
2.756479 0.4091194
2.449931 0.2335625
2.704177 0.2409352
2.288298 0.4230888
2.625023 0.4489643
2.612535 0.1823862
2.333623 0.41373
2.297593 0.3319486
2.245105 0.2074929
2.171591 0.4485585
2.279491 0.2630198
2.730381 0.4864804
2.191672 0.1501053
2.156141 0.2306243
2.523406 0.4194041
2.460507 0.2603639
2.428612 0.4523847
2.589517 0.3156479
2.669257 0.3534993
2.347227 0.06019693
2.868587 0.3203547
2.732734 0.2771982
2.500825 0.2860328
2.36742 0.4331935
2.251634 0.4619525
2.435431 0.2764419
2.188468 0.3233397
2.407773 0.1818803
2.116028 0.4647594
2.158952 0.1273762
2.703307 0.1410241
2.44534 0.1888003
2.268084 0.3211773
2.152959 0.1703296
2.008199 0.4834431
2.360931 0.2714661
2.244994 0.3651228
2.018046 0.307914
2.224081 0.2835341
2.309089 0.3868109
2.168682 0.07796748
2.449563 0.2761991
2.224268 0.4720875
2.243496 0.3640706
2.228025 0.2461292
2.455149 0.1428997
2.303432 0.2163446
1.940684 0.1444537
2.127764 0.1633207
2.223723 0.2604585
2.240245 0.1568361
2.270958 0.4324025
2.153622 0.3371105
2.104668 0.4985067
2.075368 0.4213468
1.717696 0.4171027
2.048059 0.1104686
1.788019 0.4901567
2.102415 0.3614755
1.783754 0.344772
2.222062 0.4693525
2.559965 0.4750003
2.541004 0.08578764
2.447922 0.3391492
2.274589 0.3010228
2.603294 0.3097867
2.751429 0.4208839
2.224733 0.3621282
2.342377 0.3425404
2.298331 0.3580961
2.516198 0.09386046
2.19146 0.1568475
2.69461 0.3686681
2.45378 0.3812986
2.526428 0.3287162
2.321218 0.1402022
2.337949 0.390731
2.124042 0.4026643
2.43899 0.4085205
2.403196 0.3126976
2.341437 0.1835866
2.58201 0.07803867
2.594041 0.4195774
2.355179 0.3572469
2.813993 0.1462545
2.574667 0.4259691
2.500826 0.4469834
2.613612 0.2992584
2.475137 0.2487276
2.24951 0.3904622
2.176952 0.2035775
2.189837 0.3794102
2.065995 0.119198
2.311208 0.1000972
2.446654 0.4520418
2.431089 0.4411923
2.171536 0.2992814
2.573008 0.4961935
2.836321 0.2992671
2.42361 0.3156196
3.137614 0.03309446
2.936075 0.1738287
2.673598 0.2323542
2.250218 0.308101
2.187157 0.4547349
2.442984 0.2159029
2.844818 0.3616532
2.686495 0.1583943
2.754306 0.04258744
2.402259 0.2610819
2.856962 0.4274058
2.853455 0.3752219
2.542041 0.3383292
2.257784 0.1146836
2.551149 0.4227453
2.535035 0.3539063
2.434514 0.1854109
2.441553 0.1286413
2.287849 0.1197493
2.75871 0.4342037
2.725662 0.496296
2.191239 0.1775977
2.447861 0.4483546
2.309076 0.3775546
2.458687 0.4669864
2.534203 0.2349751
2.447715 0.2342915
2.278568 0.1471894
2.478049 0.4085756
2.277198 0.3939543
2.576692 0.3195528
2.756294 0.4430903
2.85621 0.1485676
3.208821 0.4033753
2.691737 0.4691229
2.442265 0.3615532
3.109927 0.2855486
2.950601 0.1707258
3.057959 0.16257
2.829619 0.4042622
3.089512 0.1231859
2.873551 0.3057413
3.078925 0.07432563
3.036469 0.200483
2.820706 0.1566138
2.682325 0.4282907
2.379308 0.2472699
2.475773 0.382165
2.235672 0.4405234
2.304474 0.06670666
2.351648 0.39578
2.297195 0.43809
1.923584 0.1179203
2.40967 0.4542198
2.377436 0.3237896
2.290684 0.325373
2.685476 0.1590214
2.233722 0.2146661
2.45802 0.4632287
2.205032 0.2961455
2.531938 0.3200822
2.814674 0.08739238
2.590666 0.3319222
2.745483 0.3714489
2.543539 0.313886
2.540344 0.4578927
2.495363 0.1736753
2.262648 0.3840388
2.502617 0.3604078
2.030801 0.4200629
2.246508 0.2286804
2.54242 0.4730737
2.141082 0.4015938
2.070806 0.4562405
2.382908 0.1016328
2.259308 0.384494
2.303433 0.2209449
2.292822 0.3356679
2.251009 0.22654
2.350147 0.2537924
2.539825 0.470833
2.187386 0.4628
2.193415 0.4591173
2.352267 0.3443834
2.319678 0.04957526
2.453003 0.4486899
2.244002 0.3627885
2.150038 0.2981027
2.50019 0.3825875
2.396175 0.327956
2.340918 0.1615647
2.823451 0.1265054
2.611829 0.2216711
2.209407 0.4766134
2.462188 0.2130766
2.552726 0.246977
2.745552 0.3324062
2.794648 0.1055461
2.482768 0.1192745
2.292093 0.3104323
2.330259 0.3087008
2.465367 0.2707808
2.191368 0.2981968
2.535431 0.2166877
2.314173 0.235117
1.941287 0.194935
2.117113 0.4840362
2.194916 0.1188331
2.023884 0.3419466
2.304532 0.09879457
2.349846 0.3702433
2.243872 0.2449044
2.003556 0.06938751
2.289862 0.4466991
2.497315 0.2544211
2.172518 0.3038485
2.570747 0.3641452
2.302553 0.3535386
2.13307 0.1752226
2.414667 0.3831899
1.97803 0.4202017
2.45439 0.2995531
2.519601 0.2685988
2.638649 0.0632169
2.647942 0.4139181
2.113765 0.3393318
2.346788 0.03398758
2.35411 0.2824873
2.437908 0.2506843
2.58757 0.3338838
2.634499 0.4286305
2.720264 0.4989458
2.733244 0.3911628
3.060698 0.258591
2.518749 0.2754329
2.554123 0.2776721
2.645607 0.1214416
2.273292 0.4732494
2.765334 0.4086799
2.544781 0.3610151
2.741968 0.1906945
2.110347 0.4589838
2.491881 0.1814887
2.431751 0.337764
2.785871 0.2490533
2.611859 0.1838068
2.537173 0.3663908
2.041765 0.3547079
2.287368 0.1544275
2.57554 0.3992353
2.567135 0.2109988
2.558461 0.4431914
2.403872 0.306891
2.224512 0.4373756
2.279346 0.2851503
2.308053 0.3795627
2.369888 0.35884
2.053251 0.2163045
2.042249 0.2509145
2.050527 0.138406
2.379623 0.2733001
2.231268 0.282437
2.601039 0.3987115
2.021797 0.2576357
2.445378 0.2237218
1.907149 0.335291
2.168155 0.3952273
2.425664 0.3998238
2.30131 0.4856989
2.532772 0.2145705
2.14811 0.3309759
2.153345 0.2834517
2.556917 0.345973
2.679658 0.4369033
2.491727 0.482841
2.411287 0.1547655
2.980536 0.3193879
2.833974 0.3458473
2.511354 0.277365
2.665943 0.4558496
2.245373 0.1504017
2.934023 0.1934919
2.637513 0.3833419
2.73647 0.4979528
2.517123 0.4312465
2.432155 0.4456946
2.55356 0.4981329
2.416333 0.2579799
2.763855 0.3489843
2.947449 0.09324055
2.585375 0.2167836
2.650587 0.2846867
2.928549 0.3604176
2.773926 0.09644854
3.444404 0.1967917
2.632022 0.355601
2.573982 0.08607296
2.430185 0.4260144
2.173713 0.3555528
2.436775 0.4414698
2.728644 0.3061014
2.569693 0.2703726
2.465685 0.3689806
2.575144 0.2721712
2.712115 0.3123954
2.576371 0.2634795
2.921944 0.2602631
2.430161 0.3715628
2.756515 0.125995
2.347552 0.1446654
2.924667 0.0739984
2.538228 0.3339635
2.344223 0.1686209
2.766867 0.4641839
2.541739 0.05997795
2.354951 0.3456175
2.367674 0.055756
2.722155 0.2524323
2.4824 0.1532923
2.219393 0.2843437
2.598518 0.2899456
2.272171 0.4627588
2.607215 0.2662393
2.393953 0.281559
2.993068 0.126493
3.127091 0.4912914
2.836866 0.1947259
2.808168 0.4396168
2.526257 0.2246597
2.820106 0.3147974
3.297779 0.2960717
2.979906 0.3805104
2.548983 0.2680036
2.519861 0.4134308
2.652651 0.2349075
2.622503 0.3719342
2.970065 0.1610084
2.945442 0.4185012
2.480969 0.358846
2.608021 0.4469726
2.66936 0.3040194
2.393028 0.2793204
2.725471 0.4980963
3.02418 0.2777647
3.068197 0.1433748
2.696066 0.3215021
2.626518 0.350588
2.765473 0.3154838
2.92156 0.3981753
2.478557 0.4188327
2.670868 0.3435468
2.244031 0.2576917
2.702052 0.3584372
2.357398 0.2989926
2.647879 0.1342514
2.721466 0.1138255
2.453973 0.4604884
2.166033 0.3868493
2.477194 0.2934961
2.293332 0.06243002
2.039763 0.3522422
2.407189 0.08628312
2.427229 0.3191425
2.447311 0.4783925
2.510885 0.2255477
2.800254 0.3540621
2.908477 0.2674876
2.598677 0.2003673
2.423205 0.07870085
2.484733 0.3970445
2.359949 0.172496
2.430302 0.4524935
2.385937 0.3041986
2.588733 0.3636746
2.332975 0.2262931
1.986274 0.3050684
2.385661 0.3282101
2.186449 0.2680856
2.31289 0.3358201
2.254098 0.4666718
2.183386 0.2127361
2.248919 0.2104389
2.712083 0.27131
2.764312 0.4294712
2.947061 0.3876641
2.412695 0.1201016
2.511109 0.3680178
2.644907 0.02767709
2.638065 0.3200635
2.79074 0.491703
3.154686 0.3950085
2.816352 0.4094163
2.689283 0.3659179
2.587222 0.1035356
2.972304 0.2462345
2.601285 0.3856732
2.348903 0.4351643
2.661999 0.2434388
2.214256 0.4355972
2.665901 0.1925776
2.233223 0.2638656
2.128978 0.3634547
2.074372 0.4552827
2.381725 0.4880023
2.24815 0.08939987
2.736901 0.07061531
2.625906 0.450507
2.554425 0.2822175
2.207103 0.2655972
2.349034 0.4736671
2.52188 0.409136
2.816699 0.3709773
2.988793 0.1600144
2.207942 0.3008981
2.037865 0.1363178
2.403729 0.3258806
2.135996 0.3225975
2.115496 0.3715556
2.214193 0.4506134
2.261996 0.4728047
1.994256 0.211599
2.316959 0.367784
2.394002 0.2842607
2.446075 0.2686744
2.525213 0.1577148
2.80917 0.2281935
2.544001 0.2945231
2.372183 0.333868
2.57439 0.2401823
2.86497 0.2859793
2.819628 0.219317
2.97253 0.2952004
2.60853 0.2423341
2.428192 0.3451733
2.632158 0.4511137
2.518956 0.3713455
2.304974 0.4198748
2.67149 0.3384882
2.354061 0.3714492
2.105564 0.2665215
2.31155 0.4030326
1.888258 0.4421606
1.997089 0.2102621
1.996046 0.1572106
2.023777 0.4250204
2.24901 0.3272877
2.271899 0.2382342
2.356306 0.4308857
2.026024 0.4889369
2.353506 0.02836881
2.395071 0.3656517
2.121127 0.08527812
2.249825 0.4680391
2.253271 0.3223789
2.269892 0.2974389
2.541124 0.4765637
2.32646 0.2358943
2.170417 0.4145729
2.562394 0.2513597
2.873839 0.3127662
2.059319 0.304354
2.637566 0.4599137
2.437534 0.2164059
2.381348 0.4196162
2.423972 0.4880356
2.403131 0.4609387
2.634475 0.2904562
2.582252 0.4317442
2.816016 0.3593001
2.68714 0.429572
2.542094 0.4296344
2.486894 0.2063689
2.451729 0.1683018
2.521672 0.4387753
2.855726 0.4683437
2.461796 0.1370623
2.608573 0.1883721
2.14583 0.2692892
3.029508 0.308255
2.339664 0.1180476
2.625011 0.4358255
2.455638 0.4580752
2.593851 0.05543073
2.68987 0.2878556
2.668753 0.3576733
2.593877 0.4749658
2.375785 0.4650319
2.383945 0.401976
2.5983 0.3212497
2.648914 0.4239711
2.352968 0.2134849
2.526425 0.2992968
2.385642 0.4099702
2.208153 0.2941004
2.601787 0.4081693
2.308566 0.1744386
2.350375 0.2662689
2.11601 0.3356668
2.350572 0.2632309
2.427377 0.175194
2.265332 0.2750071
2.409355 0.09343294
2.305825 0.4005807
2.482763 0.4269827
2.154319 0.4860819
2.376053 0.05595066
2.403746 0.2005797
2.472277 0.3133358
2.686966 0.3534633
2.132885 0.4479084
2.466345 0.446836
2.342594 0.1172689
2.344087 0.3225798
2.226009 0.4406049
2.230427 0.3045731
2.440867 0.4602913
2.18556 0.08303653
2.14074 0.153219
2.179438 0.0906009
2.352517 0.08425154
2.366198 0.23973
2.56129 0.30438
2.575945 0.2751178
2.607529 0.4796475
2.653997 0.3887888
2.967457 0.3168037
2.233457 0.2730703
2.852432 0.4151986
2.523135 0.3793451
2.834123 0.4028858
2.668179 0.1515219
2.357897 0.1365242
2.766736 0.2552896
2.185371 0.1611197
2.416409 0.3724935
2.115387 0.1706991
2.550454 0.4619681
2.287502 0.4612897
2.643896 0.04719255
2.254779 0.4043403
2.226958 0.2573859
2.122555 0.4276424
2.272724 0.4536899
2.183339 0.3934492
2.277912 0.4008229
2.057396 0.3433358
2.245979 0.4166444
2.429289 0.08218729
1.974094 0.2316216
2.185365 0.4591688
2.016468 0.2850558
2.353992 0.4757402
1.913294 0.08899096
2.328733 0.345111
2.019374 0.3303518
1.869997 0.3301602
2.245763 0.1823733
1.977898 0.2589422
1.957567 0.1432348
2.421009 0.2296606
2.112729 0.2846611
2.296607 0.05244028
2.584467 0.4287537
2.210633 0.1920976
1.974178 0.3802349
2.185833 0.331414
2.279769 0.3986663
2.310616 0.1135773
2.146974 0.4179348
2.654004 0.08552817
2.358965 0.4617332
2.440653 0.2729457
2.237919 0.2629884
2.239537 0.48843
2.333657 0.3501916
2.002063 0.2987245
2.166973 0.4116157
2.176933 0.2251801
2.196263 0.3274689
2.415017 0.236445
2.786543 0.2924688
2.188303 0.4247491
2.37996 0.4097088
2.509723 0.4950628
2.207664 0.2479819
2.237592 0.2920574
2.399463 0.3730476
2.221507 0.4406353
2.183819 0.1811742
2.342211 0.4841726
2.53075 0.3610254
2.665576 0.4056449
2.805703 0.3200738
2.800536 0.1782536
2.631063 0.4871436
2.688933 0.4026219
2.510791 0.2172542
2.863727 0.2469661
2.734313 0.2028359
2.870399 0.4926044
2.605768 0.05414279
2.293763 0.3850903
2.428317 0.4187675
2.44684 0.1242694
2.55318 0.3929164
2.822248 0.3028886
2.447223 0.2646538
2.437154 0.1983025
2.750966 0.2873296
2.61683 0.4483056
2.279194 0.3415036
2.389567 0.3069276
2.667402 0.2004682
2.518637 0.06304316
2.637736 0.105378
2.53192 0.04901955
2.29857 0.4773467
2.503781 0.2943829
2.852584 0.3521864
3.047659 0.1788953
3.124761 0.4520596
2.886603 0.2330447
3.089848 0.1355619
3.045914 0.4835187
3.106763 0.23007
2.95768 0.3572769
2.251971 0.3135074
3.13561 0.2518443
2.320851 0.07398652
2.338588 0.3623575
2.767638 0.07735632
2.816903 0.08691004
2.575237 0.1123315
2.850731 0.1788908
2.308159 0.2798032
2.630399 0.193048
2.915375 0.2010245
2.594482 0.4360627
2.615743 0.4438896
2.692403 0.3965904
2.318337 0.1988218
2.563737 0.2241277
2.353349 0.4177822
2.793461 0.2956996
2.74439 0.1268031
2.840467 0.2349167
3.056253 0.2220393
2.349851 0.2193375
2.998121 0.123824
2.194517 0.1673859
2.421698 0.3201289
2.3731 0.2436411
2.160351 0.3683592
2.13906 0.3245483
2.350606 0.4144739
2.26981 0.4615908
2.065165 0.4064842
2.480759 0.3154625
2.047531 0.4492799
2.25729 0.3169183
2.10469 0.1118826
2.170771 0.4610416
2.417031 0.1657754
2.479893 0.3445652
2.136857 0.1973034
2.630005 0.1771948
2.100395 0.2395995
2.230717 0.3767257
2.306011 0.432234
2.477162 0.2394925
2.342579 0.2161423
2.416106 0.1355131
2.653614 0.3241275
2.247479 0.3591449
2.273984 0.2587883
2.490823 0.4873119
3.019829 0.2583677
2.920472 0.4895744
3.313212 0.2044652
3.051434 0.3203245
2.720897 0.2060091
2.733409 0.2909622
3.108046 0.1683427
3.081393 0.113072
2.555819 0.3212189
2.67077 0.3837006
2.282923 0.3969356
2.374049 0.2727427
2.724443 0.1986961
2.562567 0.4321826
2.342178 0.499246
2.602927 0.4742422
2.619079 0.401259
3.024657 0.3317642
2.682702 0.4572985
2.236484 0.4121463
2.265789 0.1384549
2.137738 0.1253886
2.519091 0.1666219
2.168967 0.2892774
2.109527 0.4072692
2.367708 0.1039741
2.153136 0.3215587
2.42417 0.4911514
2.01845 0.4318189
2.426246 0.4110603
2.313081 0.4497031
2.458203 0.2835354
2.427531 0.2575505
2.332146 0.4795168
2.231839 0.3729978
2.117878 0.4140696
2.089991 0.4012767
2.278694 0.3430373
2.074767 0.4304472
2.250614 0.3642057
2.321153 0.2489841
2.122262 0.2826089
2.696541 0.2850344
2.41216 0.2866487
2.898611 0.4239723
2.910756 0.3867729
2.483264 0.3232616
2.232552 0.3412916
2.842381 0.4750053
2.425274 0.3866725
2.304669 0.3831031
2.551579 0.3241189
2.736552 0.4198403
2.604772 0.2714243
2.400529 0.4973613
2.407101 0.09735783
2.301467 0.2304033
2.489977 0.3318343
2.075812 0.3895479
2.228214 0.4316878
2.349988 0.1541875
2.27604 0.2311062
2.580028 0.2047253
2.406626 0.4381529
2.527951 0.4479181
2.450846 0.4190184
2.961029 0.4356946
2.810712 0.4722595
2.632866 0.3622964
2.828144 0.3947131
2.414725 0.173321
2.392403 0.4383684
2.440287 0.2056149
2.723607 0.118684
2.625007 0.1076572
2.776456 0.3653063
2.645324 0.4679829
3.073812 0.1688995
2.575857 0.3417458
3.063465 0.4099419
2.717037 0.3015254
2.780206 0.1076077
2.91612 0.06211257
2.855811 0.3644918
3.022046 0.08321918
2.489017 0.4054909
3.032477 0.4185791
2.145886 0.2091609
2.278347 0.4493017
2.230724 0.350605
2.271076 0.4059632
2.657034 0.02891805
2.41714 0.4874927
2.35023 0.3100391
2.104955 0.4168512
2.459147 0.2843771
2.51944 0.3453049
2.209859 0.3451255
2.112092 0.4291747
2.383521 0.1598501
1.877497 0.07293299
1.960302 0.4712393
2.063434 0.2247955
2.141639 0.3325994
2.140071 0.4506598
2.323191 0.4757068
2.32735 0.14536
2.197969 0.1907023
2.079317 0.10307
2.133743 0.3772
2.292317 0.449283
2.207478 0.2927841
2.176471 0.4620389
2.117478 0.4676437
2.464567 0.4456776
2.294945 0.4281411
2.563636 0.3781291
2.547192 0.3563877
2.695597 0.1319576
2.547122 0.3805456
2.81846 0.07754978
2.738507 0.2580367
2.221496 0.4310534
3.004906 0.1939813
3.124868 0.4344115
2.744299 0.3721165
2.468079 0.1330777
2.866831 0.4293157
2.545964 0.2719364
2.20723 0.2059623
2.510843 0.3196076
2.65683 0.3151873
2.663331 0.3321897
2.994367 0.4780516
2.520605 0.05238436
2.832912 0.2237077
2.603016 0.3513417
2.7952 0.2166134
2.486532 0.1725659
2.148215 0.2475776
2.417056 0.1272433
2.714723 0.1836178
2.836048 0.3571304
2.649248 0.473295
2.571103 0.3537279
2.523677 0.05301678
2.94325 0.41089
2.888587 0.1746154
2.343439 0.4969025
2.373766 0.4721189
2.437032 0.3743358
2.581374 0.08809304
2.437535 0.3371682
2.437246 0.1337398
2.231813 0.4420714
2.190929 0.2437018
2.217813 0.1257565
2.752797 0.2889693
2.314302 0.4596977
2.32908 0.1555994
2.484448 0.4787689
2.212661 0.3169745
2.482529 0.2267517
2.43092 0.3288932
2.431651 0.1491152
2.195635 0.315201
2.230152 0.269415
2.334984 0.05723302
2.207312 0.2746114
2.635103 0.2976308
2.348748 0.1639621
2.42761 0.489363
2.501097 0.1213285
2.190341 0.4593039
2.453487 0.289783
2.566258 0.4682437
2.391025 0.2785429
2.413138 0.1547258
2.434326 0.2177819
2.620636 0.4674117
2.552854 0.1048234
2.301345 0.0941673
2.295321 0.4970163
2.060226 0.4339631
1.935444 0.479619
2.2268 0.3841755
2.19329 0.4372885
2.134338 0.2326434
1.8416 0.1240968
2.247361 0.4665651
2.258247 0.3442041
2.043364 0.4225168
2.140512 0.1326945
2.442323 0.1397198
2.234132 0.3503313
2.030106 0.3153938
2.222996 0.07265209
2.174734 0.3868768
2.148457 0.2880066
2.777371 0.4701832
2.470062 0.3949346
2.74276 0.1747597
2.239212 0.0980172
2.605528 0.3605752
2.50424 0.07556408
2.227589 0.3007877
2.584034 0.1864212
2.473618 0.2081318
2.696548 0.3320685
2.580258 0.4648626
2.16388 0.2114262
2.237037 0.1770149
2.681763 0.04665783
2.325195 0.2532822
2.667147 0.05643192
2.7109 0.3294285
2.370269 0.1109866
2.632229 0.1944615
2.948067 0.4276045
2.558206 0.4525682
3.242756 0.05539915
2.97212 0.2582466
3.560935 0.3031248
2.680124 0.3483945
2.791681 0.1374899
2.42018 0.3937516
2.460142 0.3878593
2.383272 0.1540473
2.544048 0.08985863
2.833487 0.4881394
2.760158 0.222001
2.628968 0.2143723
2.327144 0.2510217
2.476795 0.4101431
2.704398 0.2048095
2.876511 0.1598514
2.837373 0.2429382
2.786159 0.4344745
2.530388 0.3753023
2.14139 0.3423684
2.645732 0.05325597
2.114263 0.4806529
2.169783 0.08290085
2.148209 0.3290723
2.35176 0.3785002
2.134033 0.04014716
2.177141 0.1437857
2.049959 0.2705004
2.423561 0.2424023
2.273853 0.08847586
2.112767 0.3125157
2.539646 0.1848647
2.662252 0.09378394
2.701457 0.3759467
2.533613 0.1111656
2.896428 0.4973373
2.666883 0.135742
2.623085 0.4906504
2.551391 0.3804586
2.148848 0.2492765
2.551867 0.4429839
2.045241 0.3960022
2.181482 0.3746264
2.43917 0.3339319
2.23367 0.1386244
2.52148 0.4918224
2.727082 0.4965843
2.898311 0.2471233
2.764038 0.08869068
2.581381 0.4453726
2.380207 0.3185172
2.566321 0.2500466
2.325681 0.08055837
2.139714 0.07360204
2.178221 0.02775515
2.304743 0.3895227
2.446666 0.4927185
2.540109 0.1304644
2.540501 0.4393359
2.505155 0.3932505
2.054609 0.3312377
2.240209 0.2961663
2.386632 0.498224
2.323691 0.3715164
2.345764 0.2360846
2.28576 0.3808646
2.123368 0.1835916
2.115321 0.1628181
2.627713 0.2369189
2.455335 0.1626414
2.085744 0.2684662
2.114985 0.2061147
2.451656 0.3083415
2.315412 0.4273391
2.860829 0.2942033
2.551145 0.2881353
2.93337 0.3966956
2.726019 0.4544678
2.946155 0.3673994
2.598986 0.1457359
2.924586 0.2988529
2.598159 0.4789973
2.693303 0.4127187
2.712256 0.09777854
2.650416 0.2827946
2.301359 0.3645291
2.338947 0.4431563
2.46971 0.1149975
2.290756 0.3638988
2.449815 0.1896487
2.264081 0.2442901
2.177783 0.3067602
2.428185 0.420782
1.950797 0.3772293
1.930645 0.4702475
2.230587 0.3616024
2.113165 0.1480715
2.259369 0.1117897
2.704768 0.4282103
2.277742 0.07961851
2.313843 0.3196574
2.369872 0.1798265
2.357236 0.09832991
2.221355 0.114869
2.32578 0.1826178
2.710253 0.424205
2.657885 0.1529902
3.283632 0.4332378
2.831077 0.1856856
2.411175 0.07770125
2.280619 0.1946361
2.853595 0.4035387
2.777237 0.3507518
2.85776 0.2724656
3.004852 0.2662494
2.662451 0.4400711
2.654606 0.493331
2.691551 0.3534956
2.401019 0.186179
2.344812 0.1974141
2.277134 0.45512
2.326907 0.1762983
2.276636 0.3151888
2.383596 0.4329507
2.465569 0.2430585
2.567834 0.4130611
2.298731 0.4444063
2.474399 0.4643054
2.040343 0.1262454
2.193824 0.3131619
2.377571 0.1326183
2.530799 0.2590574
2.325781 0.303407
2.53288 0.1405006
2.877276 0.4851583
2.884726 0.2051581
2.365784 0.3956792
2.704821 0.1481448
2.874785 0.4674002
2.917307 0.3899477
2.500696 0.2913714
2.440719 0.4649922
1.981648 0.1873315
2.263872 0.4662377
2.30561 0.3093657
2.230072 0.2712409
2.191774 0.226229
2.248064 0.2863507
2.09588 0.4027804
2.192429 0.02175067
2.652315 0.08806285
2.96417 0.08886854
2.333908 0.4669262
2.397911 0.1475149
2.514429 0.3799202
2.491512 0.2389582
2.596172 0.4605373
2.598613 0.06987394
2.580901 0.09234419
2.573447 0.1716019
2.917546 0.08635999
2.774915 0.4335818
3.136081 0.4429027
2.788249 0.3570967
2.793655 0.2050101
2.722692 0.3083446
2.718459 0.2053681
3.091687 0.194883
2.711079 0.2686725
2.853842 0.2287982
2.715109 0.2112638
2.271269 0.3963669
2.468095 0.2182665
2.411095 0.1750235
2.698931 0.227965
2.502626 0.4313471
2.422393 0.437076
2.705667 0.3959996
2.672534 0.2148789
2.426059 0.1160183
2.363691 0.2206613
2.672633 0.2636504
3.046883 0.319059
3.569665 0.3863713
2.471874 0.3297806
2.520804 0.4555625
3.243755 0.05322266
2.551463 0.1323446
2.386555 0.2513456
2.713299 0.04727698
2.73754 0.1296815
2.585348 0.06948985
2.395776 0.4685437
2.544765 0.3889478
2.865355 0.4625085
2.471346 0.3707832
2.429831 0.3336674
2.688853 0.3330289
2.299936 0.1908419
2.621577 0.1846085
2.766314 0.2297298
2.223367 0.1013637
2.527127 0.2182098
2.812709 0.322565
2.750557 0.369775
2.23292 0.1566682
2.788717 0.1456325
2.398226 0.411724
2.905063 0.0852479
2.812074 0.4632253
2.400636 0.4507722
2.248004 0.210398
2.188138 0.444512
2.70039 0.485804
2.523932 0.4712172
2.260629 0.2613323
2.059573 0.3738366
2.311831 0.4595632
2.057283 0.4543211
2.238319 0.3027867
2.59778 0.3527167
2.423474 0.1030055
2.669881 0.3037503
2.906428 0.2684251
2.464393 0.193559
2.302081 0.2517013
2.348293 0.4984526
2.31204 0.4754464
2.535584 0.3715921
2.393501 0.4519871
2.659411 0.2494087
1.95571 0.2468279
2.068426 0.1287126
2.145972 0.2314406
2.012406 0.4454798
2.177823 0.4114671
2.285148 0.4232551
2.120167 0.358455
2.296296 0.179423
2.10385 0.3586299
2.578917 0.1909151
2.109715 0.1863225
2.189936 0.1879568
2.08861 0.319707
2.026443 0.1917885
2.496062 0.04365371
2.06509 0.2493901
1.982199 0.1701914
2.277898 0.3398986
2.380996 0.1482505
2.128001 0.4553369
2.202226 0.1811466
2.433188 0.1273647
2.184844 0.4133282
2.42382 0.4893928
2.335707 0.1902867
2.35794 0.1510247
2.220287 0.2623713
2.283639 0.2759669
2.522495 0.03993583
2.245494 0.2598029
2.626123 0.04831954
2.383384 0.3361795
2.295382 0.3008916
2.521528 0.2309668
2.29404 0.2596442
2.461686 0.3792231
2.196363 0.1602591
2.227315 0.1386885
2.820672 0.4054554
2.451294 0.2215891
2.345618 0.4147025
2.270167 0.2400859
2.898223 0.4491729
2.279914 0.417956
2.847095 0.1333926
2.758275 0.3036589
2.585573 0.2722472
2.396882 0.3165002
2.325147 0.4397073
2.259677 0.1885462
2.21007 0.4928137
2.010453 0.3697721
2.158655 0.200866
2.433855 0.3679807
2.403912 0.03446982
2.259333 0.09618305
2.239992 0.2346612
2.787807 0.3186506
2.526137 0.09935397
2.66005 0.2742005
2.43185 0.1386973
2.338331 0.07440014
2.853513 0.2896014
2.603336 0.05078523
2.292807 0.09588516
2.427903 0.219277
2.772659 0.2012313
2.784443 0.3564323
3.04805 0.174196
2.888605 0.3493659
3.394397 0.02823739
3.149967 0.1776998
2.564847 0.3861614
2.78076 0.4851256
3.257254 0.3520649
2.420697 0.3119
2.716494 0.4862202
2.967307 0.3448918
2.836364 0.4041985
2.671347 0.336187
2.228167 0.1881603
2.274195 0.2952166
2.491524 0.186201
2.516044 0.3900083
2.168361 0.03127692
1.968929 0.3199052
1.889548 0.3278973
2.392195 0.3663189
2.190584 0.2584821
2.353768 0.113514
2.521806 0.3281638
2.117936 0.3348968
2.397854 0.2485619
2.308312 0.1422364
2.06827 0.4319509
2.034047 0.2865241
2.203707 0.4597594
2.277061 0.02681444
2.080592 0.471391
2.166562 0.2577585
2.459436 0.3297455
2.448025 0.2288772
2.365433 0.4264275
2.860438 0.4378317
2.326262 0.1099694
2.567735 0.2552935
2.47936 0.3107906
2.592111 0.4945247
2.985751 0.3535626
2.55163 0.259861
2.829449 0.377053
2.641129 0.04599273
2.605763 0.1145057
2.765217 0.2085283
2.366512 0.4171862
2.276043 0.4892502
2.316881 0.4586617
2.304521 0.1909527
2.775229 0.1148023
2.471297 0.3192285
2.562306 0.4480402
2.756381 0.127831
2.412577 0.05240756
2.30159 0.3628977
2.391355 0.2201521
2.383651 0.1695402
2.960759 0.3472443
3.13358 0.2220319
2.541124 0.03007269
2.497275 0.1255735
2.465204 0.1085302
2.617036 0.3008447
2.578748 0.3110892
2.507245 0.2084859
2.534601 0.1035346
2.715855 0.2330438
2.412194 0.3999659
2.166871 0.4608364
1.936701 0.02465707
2.156794 0.2822568
2.900584 0.2856289
2.724426 0.236199
2.190552 0.1977725
2.271142 0.2493233
2.619504 0.3481152
2.404515 0.1563228
2.637816 0.368209
2.88914 0.3946127
2.460382 0.2907801
2.329076 0.3311164
2.490397 0.2202701
2.419345 0.3172874
2.278575 0.4451855
2.549947 0.2914088
2.638672 0.4782668
2.469724 0.0879791
2.645991 0.45421
2.531069 0.09352154
2.62947 0.4230936
2.446943 0.1012789
2.658414 0.4076603
2.673518 0.4746821
3.028242 0.2174935
3.258331 0.2318338
2.408287 0.3275165
2.834538 0.1097255
2.486812 0.2300204
2.439551 0.2212563
2.613513 0.4558913
2.81426 0.4125617
2.990994 0.1546272
3.003731 0.4024792
2.687335 0.439011
3.262539 0.09077819
2.484114 0.3844656
2.333435 0.3023396
2.892521 0.4208439
2.443744 0.1566423
2.409983 0.07068751
2.70531 0.1779295
2.491889 0.2421258
2.729256 0.4633667
2.463096 0.2237396
2.448037 0.4336163
2.367369 0.3105564
2.322039 0.4213906
2.41345 0.2393465
3.404505 0.243075
2.827205 0.1703314
2.890448 0.4103844
3.028734 0.2406714
2.993715 0.4353896
3.193568 0.3065565
2.781552 0.4020939
2.666485 0.3004692
2.428626 0.465494
2.606583 0.2270916
2.782209 0.202636
2.598705 0.4702418
3.030224 0.3386754
3.143944 0.3908976
2.786053 0.1473451
2.448982 0.1881873
2.573837 0.4865032
3.010358 0.3142904
2.746395 0.1828204
2.647881 0.2676301
2.6735 0.2408931
2.316759 0.4288147
2.901264 0.1977067
2.959575 0.3240764
2.023911 0.07611819
2.100029 0.3606948
2.170212 0.4778615
2.003718 0.32825
2.360862 0.3125297
2.478888 0.3097603
2.44632 0.1009934
2.426434 0.2921528
2.641253 0.4222018
2.40258 0.4507525
2.386056 0.1677683
2.562807 0.3720079
2.084437 0.3098941
2.039632 0.3393751
2.024007 0.360343
2.249909 0.2257187
2.061199 0.1919215
2.207109 0.2326575
1.970237 0.3481333
2.091542 0.4387079
2.098571 0.07237199
2.220132 0.2199313
2.238245 0.2037321
1.958806 0.1843743
2.405993 0.1948716
2.343606 0.1620926
2.551588 0.4451458
2.194142 0.4532281
2.359441 0.2600257
2.353979 0.2347728
2.2814 0.2518056
2.191442 0.3312106
1.988329 0.4879633
2.115342 0.3744246
1.970424 0.325611
2.152322 0.2311976
2.587639 0.2579881
2.862185 0.08907343
2.368213 0.1135433
2.863297 0.2087042
2.512155 0.2071434
2.757712 0.4154514
2.235009 0.4670777
2.749172 0.03074048
2.658255 0.4332371
2.858617 0.4076052
3.154254 0.2432706
2.627046 0.0677322
2.766922 0.4857001
2.472278 0.4773931
2.452659 0.3407715
2.45583 0.2585449
2.722248 0.1764394
2.703821 0.1734871
3.181421 0.2847286
2.96092 0.454093
2.619361 0.4270836
3.025484 0.292382
2.736046 0.1322018
2.876148 0.371479
2.794896 0.06059332
2.75743 0.2535648
2.595899 0.3196489
2.66537 0.05527772
2.527419 0.227604
2.693182 0.424128
2.666638 0.05625177
2.698435 0.2287804
2.642467 0.3405172
2.524825 0.4432863
2.45147 0.3107617
2.284992 0.3783539
2.374183 0.2883084
2.24725 0.0959101
2.563809 0.4432148
2.244325 0.4185473
2.342856 0.1377846
2.736649 0.1889773
2.18363 0.4521259
2.155113 0.384927
2.286366 0.379708
2.233933 0.3258682
2.219915 0.2405245
1.90342 0.3238672
2.290247 0.2097396
2.154877 0.2652252
2.24715 0.2222464
2.042354 0.1103058
2.002234 0.04307582
2.287474 0.3499494
2.226718 0.2081371
2.336528 0.487563
2.656971 0.2829997
2.828136 0.4512504
2.771332 0.1796536
2.695349 0.4779857
2.836875 0.1531969
2.778595 0.2030344
2.350933 0.1079081
2.932243 0.1962931
2.667289 0.4409277
2.674307 0.3060199
2.54318 0.1431798
2.647613 0.3669189
2.798809 0.1806648
2.539207 0.04992908
2.511735 0.3342282
2.554395 0.1247543
2.674182 0.1909667
2.861616 0.2277131
2.950229 0.4427146
3.136323 0.3363417
3.146206 0.307509
3.200695 0.2998791
3.048961 0.1930325
3.224384 0.09701134
2.60239 0.3190472
3.031072 0.2117383
2.879238 0.2214915
2.442519 0.3091215
3.037849 0.228239
2.935907 0.2231143
3.223551 0.2280486
3.144406 0.3037794
2.817302 0.4881031
2.894366 0.3352299
2.746966 0.288708
2.376957 0.2485089
3.210155 0.1969087
2.728971 0.1979252
3.109029 0.2005773
2.661218 0.2118321
2.456325 0.3049416
2.830164 0.249608
2.988602 0.4082259
2.785512 0.175678
2.822106 0.2064152
2.931093 0.2290695
2.762824 0.04346438
2.634819 0.4584332
2.448133 0.1529599
2.521985 0.3623731
2.540286 0.1368582
2.977039 0.4383751
2.621813 0.4057021
2.566855 0.4940227
2.984766 0.4920559
2.665195 0.2065211
2.614589 0.4864545
2.578726 0.194024
2.468156 0.2633984
2.344179 0.4074689
2.676259 0.1702167
2.757021 0.3040915
3.194022 0.1967557
2.655625 0.1609247
2.434919 0.2963592
2.329892 0.1909787
2.229975 0.4460358
2.923977 0.2950836
2.400971 0.1830477
2.30431 0.1281849
2.514434 0.3242567
2.624352 0.2598011
2.401909 0.1069042
2.506109 0.1057161
2.355838 0.2382125
2.304382 0.2267183
2.929999 0.4379352
2.801455 0.4219705
2.443912 0.3804017
2.965593 0.3912902
2.350594 0.3072262
2.524869 0.1868665
2.710534 0.4817891
2.354789 0.3513085
3.25637 0.2701662
2.815364 0.1487852
2.791976 0.3216063
2.545167 0.4420525
2.88332 0.2383133
3.23751 0.3388249
2.632358 0.4816246
2.662284 0.3377767
2.432286 0.07517914
2.409055 0.4248736
2.692 0.2906929
2.533001 0.4574016
2.189268 0.3667618
2.1598 0.2784277
2.063705 0.2482883
2.644011 0.09281713
2.002831 0.2437859
2.282738 0.2532422
1.921314 0.3308144
2.321255 0.3410792
2.123617 0.4326821
2.41783 0.2062815
2.456481 0.4467868
2.365732 0.4039121
2.246774 0.4215932
2.462698 0.4965479
2.321734 0.4430571
1.978491 0.4259847
2.146099 0.4277487
2.533129 0.1051958
2.466073 0.4687824
2.105343 0.1557903
1.948172 0.4688111
2.188214 0.3673502
2.264528 0.2431766
2.339589 0.3300537
2.357146 0.4805926
2.748468 0.4845955
2.663635 0.2437509
2.235817 0.4121336
2.405618 0.1155783
2.221269 0.4676954
2.561997 0.2442288
2.407188 0.240698
2.687916 0.2801236
2.223989 0.3460822
2.308048 0.127585
2.466458 0.3597749
2.180141 0.06079164
2.569578 0.1421368
2.486756 0.423981
2.265267 0.2593697
2.223192 0.4082769
2.363099 0.2313867
2.378045 0.3688393
2.270488 0.3149056
1.913995 0.4920368
2.600155 0.1805081
2.372841 0.4391856
2.338748 0.4579908
2.526284 0.2902237
2.431935 0.1850278
2.458588 0.4053337
2.488422 0.4430343
2.587307 0.1906895
2.378399 0.1862242
2.200546 0.3158395
2.421374 0.477312
2.130292 0.1332422
2.310166 0.2119174
2.701826 0.4330432
2.441882 0.3946429
2.270745 0.3737257
2.002515 0.2484788
2.785371 0.3017718
2.183621 0.4728989
2.262581 0.2400452
2.34904 0.4758381
2.311718 0.2299393
2.625078 0.09293612
2.071795 0.4568419
2.419104 0.3355522
2.264699 0.2075692
2.167866 0.2608899
2.344671 0.3416975
2.357535 0.4587103
2.321878 0.3315803
2.730473 0.3951016
2.590056 0.4294313
2.714599 0.449331
2.279846 0.04260037
2.663777 0.3187572
2.061265 0.4646697
2.199129 0.451566
1.971615 0.2628287
2.074284 0.4932879
2.006807 0.1787268
2.03049 0.2588725
2.030271 0.2197879
2.150409 0.3469462
2.181931 0.3401829
2.275214 0.4401223
2.279859 0.2762488
2.348293 0.4058588
2.324018 0.2920072
2.528099 0.4571104
2.408364 0.1101431
2.538349 0.4239562
2.379846 0.2465601
2.118898 0.4961594
2.59592 0.1084152
2.563486 0.3734393
2.590553 0.3027025
2.460663 0.3795578
2.373925 0.02721007
2.387631 0.3282537
2.527596 0.1412996
2.313265 0.3081689
2.539422 0.2633769
2.12361 0.2539635
2.198811 0.324424
2.028586 0.205905
1.958496 0.1645176
2.218818 0.3339874
2.427476 0.382898
2.724401 0.4621662
2.320474 0.1567397
2.214184 0.4914447
2.533709 0.09013087
2.370641 0.3658296
2.455178 0.3805151
2.719703 0.1607447
2.411208 0.3371294
2.414362 0.4024158
2.756225 0.414347
2.538807 0.3042066
3.053381 0.3267929
2.539141 0.4897773
2.839535 0.1658567
2.379259 0.1968044
2.647159 0.4911024
2.638067 0.05434278
2.535307 0.285272
2.726393 0.2456768
3.022118 0.2797706
3.1665 0.4739516
3.123738 0.2094793
2.886121 0.247197
2.502565 0.2364076
2.745606 0.346213
2.346789 0.4994553
2.551115 0.2098849
2.850557 0.149802
2.486246 0.3081333
2.726863 0.4748744
2.910667 0.1273344
2.667025 0.2338794
2.718167 0.4991538
2.913922 0.2418355
2.679516 0.1782484
2.443323 0.3954271
3.071585 0.1793009
2.55694 0.2028226
2.854296 0.1198041
2.13407 0.3372771
2.519835 0.2209886
2.875898 0.1920565
2.924682 0.3341319
3.409156 0.3317648
2.760775 0.2875629
3.439538 0.3956261
2.604227 0.2918458
2.298582 0.4718431
2.244884 0.2744167
2.846553 0.264274
2.62102 0.2589062
2.449756 0.1652861
2.377121 0.3424952
2.618382 0.4852337
2.364608 0.4305065
2.433013 0.3363432
2.484608 0.3029982
2.856532 0.2817415
2.68815 0.18298
2.374273 0.3051924
2.546191 0.4907049
2.319762 0.3680487
2.488886 0.3210857
2.193339 0.4718809
2.651389 0.1914696
2.256919 0.1452018
2.127848 0.2241867
2.345498 0.3255788
2.111938 0.4856911
2.248801 0.3870063
2.067993 0.08470192
2.244381 0.1685768
2.129424 0.112507
2.308737 0.2677459
2.388025 0.3224295
2.795982 0.4517589
2.579546 0.1731621
2.512228 0.3648721
2.296317 0.1939265
2.088657 0.2183204
2.228245 0.4057715
2.405508 0.2301452
2.786441 0.3007542
2.621116 0.2076387
2.325522 0.03337764
2.532942 0.1602618
2.773109 0.1126869
2.535591 0.424112
2.373675 0.2318846
2.93182 0.1007877
3.072452 0.1245712
3.013242 0.424904
2.722679 0.3864024
2.922719 0.1647488
2.966422 0.3154566
2.945276 0.1263433
3.364391 0.0248451
2.392444 0.4117868
2.571048 0.4512603
2.220028 0.4320738
2.508933 0.3902679
2.582022 0.1675185
2.495502 0.220274
2.743958 0.3610469
2.485308 0.1944646
2.306038 0.2975469
2.612883 0.4396557
2.531949 0.3074095
2.598045 0.4530663
2.522613 0.3731826
2.189786 0.4003255
2.423482 0.3029996
2.323324 0.2557514
2.412188 0.3269435
2.291644 0.2833132
2.231132 0.1562051
2.465692 0.2630875
2.151618 0.2505839
2.246485 0.1337386
2.415731 0.3684924
2.690095 0.1930597
2.052451 0.1743473
2.189649 0.03600774
2.645136 0.3976457
2.781543 0.2030744
2.527629 0.1436083
2.351984 0.324429
1.783155 0.3289879
2.356729 0.06999001
2.305252 0.4959279
2.683698 0.4998921
2.471056 0.2118364
2.250233 0.09807309
2.408707 0.1087341
2.309714 0.1150453
2.358199 0.1770565
2.676887 0.4697547
2.693195 0.2768036
2.447177 0.3815999
2.523867 0.2583306
2.318345 0.3479035
2.630455 0.4874399
2.570942 0.05145882
2.192324 0.2287835
2.32158 0.3358519
2.411732 0.1674804
2.284241 0.1137138
2.23375 0.2808731
2.549851 0.31188
2.467442 0.2724074
2.285914 0.1178652
2.423864 0.1287486
2.348927 0.2973704
2.712038 0.3124345
2.248543 0.2361883
2.317504 0.3313571
2.331968 0.2977584
2.506905 0.4639171
2.255188 0.3131815
2.218439 0.4696616
2.530454 0.1797318
2.473228 0.4904676
2.635402 0.3863086
2.269981 0.4691727
2.583753 0.2115294
2.083422 0.1201349
2.27814 0.4020707
2.2431 0.2343253
2.324478 0.3861664
2.476693 0.06269406
2.141509 0.3664601
1.888322 0.1654853
2.072752 0.1809786
2.325441 0.3027414
2.697219 0.3416871
2.431913 0.3404722
2.244282 0.4759827
2.348339 0.4934023
2.394314 0.2795353
2.63879 0.3933424
2.691758 0.1486582
2.453762 0.06430592
2.098458 0.2124434
2.421724 0.4886282
2.635414 0.1482011
2.604567 0.1667339
2.526843 0.4841488
3.035774 0.1571882
2.235054 0.267674
2.209204 0.3150305
2.56137 0.1044044
2.456504 0.07295194
2.345484 0.2975702
2.124496 0.3114581
2.263601 0.4960427
2.495562 0.1838611
2.305096 0.3578286
2.447124 0.2620861
2.319018 0.4149225
2.496634 0.03207213
2.543863 0.4423126
2.568934 0.2006814
2.42592 0.4027477
2.948154 0.332398
2.335632 0.1076147
2.497071 0.482527
1.88068 0.4313491
2.44647 0.281729
2.471385 0.1561414
2.086363 0.4746249
2.609502 0.2952463
2.239615 0.4134887
2.490134 0.2046276
2.870848 0.2388309
3.010928 0.340226
2.664133 0.2822417
2.702875 0.4494713
2.445943 0.13064
2.064904 0.3892477
2.417108 0.3033506
2.391044 0.4506807
2.226643 0.02359382
2.379323 0.2582614
2.126971 0.1189857
1.935474 0.4963515
2.287688 0.1363086
2.639334 0.2282506
2.92674 0.2766708
2.223187 0.2574542
2.675212 0.488375
2.872709 0.4323635
2.326135 0.1464559
2.088308 0.2272498
2.235126 0.4482596
2.346278 0.4306801
2.338491 0.1468536
2.206575 0.2066485
2.69831 0.3389411
2.282696 0.2640952
2.3341 0.4377665
2.422107 0.06551686
2.218802 0.1849008
2.297748 0.3032149
2.328598 0.2746701
2.394345 0.3413614
2.418239 0.4951778
2.341367 0.4932986
2.401796 0.4387345
2.525349 0.2061091
1.875424 0.2060185
2.383923 0.1696562
2.286101 0.1961681
2.816781 0.209641
2.579886 0.2046181
2.348565 0.4168197
2.543825 0.3602594
2.54041 0.2281966
2.539316 0.3629638
2.57496 0.3780636
2.714188 0.08836834
2.493187 0.3717113
2.650485 0.3030391
3.146109 0.07288479
3.132156 0.3985312
2.897307 0.300503
2.489947 0.3050177
2.914793 0.4928729
2.436791 0.2310146
2.858036 0.2747011
2.477524 0.1437598
2.39973 0.3940543
2.448213 0.1700116
2.411367 0.3842143
2.624172 0.2519716
2.497518 0.4936621
2.673817 0.4512954
2.383118 0.2701041
2.183804 0.3133743
2.252993 0.3708624
2.485902 0.2016787
2.437422 0.2716486
2.437495 0.438758
2.382185 0.2076019
2.395526 0.4199063
2.223452 0.4799332
2.177649 0.3039912
2.427825 0.2736456
2.548085 0.4315724
2.213696 0.2048458
2.619304 0.275669
2.218427 0.222218
2.236574 0.1697027
2.152821 0.243564
2.184418 0.3102896
2.101625 0.155344
2.421595 0.1554124
2.286869 0.1715279
2.163114 0.3927749
2.36953 0.4181235
2.314069 0.2599053
1.795933 0.3780742
1.87402 0.08537281
2.287807 0.3831146
2.143167 0.09929287
2.233737 0.2170342
1.966746 0.3786786
2.086356 0.4030445
2.049446 0.3149732
2.259339 0.2150622
2.039238 0.2209305
2.343539 0.3437774
2.162118 0.4075509
2.827879 0.2475149
2.446822 0.1307842
2.377506 0.2739376
2.011868 0.4713875
2.311215 0.256999
2.082648 0.3530513
2.213342 0.2551852
2.575504 0.3363216
2.433928 0.3599924
2.434553 0.315835
2.429915 0.1696293
2.103261 0.4563802
2.526373 0.4321232
2.134532 0.1813354
2.45813 0.4987206
2.121719 0.4618487
2.326353 0.4508966
2.400026 0.4755072
2.365938 0.3292142
2.298892 0.3442208
2.097455 0.3405589
2.065674 0.3415712
2.205428 0.4111016
2.170194 0.3608691
2.378455 0.3772381
2.438206 0.2417952
2.238948 0.4318399
2.016956 0.4978684
1.975983 0.492591
2.161855 0.4405693
2.117683 0.454149
2.172686 0.4236543
2.468521 0.1959839
2.491232 0.2670103
2.209185 0.3417199
2.35182 0.4054407
2.772725 0.3309583
2.373561 0.4547219
2.745154 0.2314781
2.388031 0.1830452
2.702604 0.2008645
2.913477 0.3303148
3.303538 0.2095449
2.912144 0.458639
3.014202 0.1375721
2.968475 0.1126961
2.749703 0.339851
2.749931 0.04856735
2.885448 0.1748058
2.596501 0.2976431
2.748006 0.4201831
3.094461 0.4132554
2.697732 0.3727437
2.770505 0.3124111
2.574208 0.3685143
2.786349 0.101184
2.424562 0.4562823
2.54086 0.3938312
2.545849 0.3733149
2.626281 0.2685556
2.61723 0.1617758
3.057231 0.2536145
3.413451 0.2959671
2.845721 0.2722749
2.627782 0.463604
2.261384 0.4416642
2.670043 0.1525391
3.136633 0.2216947
2.431292 0.06161043
2.276204 0.3264161
2.490191 0.1827045
2.822824 0.2254801
2.322899 0.2290149
2.678703 0.3939206
2.264448 0.2019448
2.451563 0.1191698
3.035015 0.3656544
2.460807 0.2401479
2.311239 0.2666747
2.621028 0.09113691
2.619626 0.428002
2.521079 0.3295863
2.495946 0.3435907
2.293329 0.211516
2.528685 0.4504678
2.510563 0.2773019
2.307994 0.2240983
2.252376 0.3114594
2.518731 0.3671544
2.524581 0.4619595
2.580439 0.2882654
2.541701 0.3104737
2.354813 0.4329414
2.980828 0.467215
2.454081 0.1970089
2.668517 0.2691896
2.541642 0.41176
2.27976 0.2496303
2.774263 0.4664621
2.734337 0.3441457
2.567716 0.181175
2.590524 0.4475834
2.536323 0.06281633
2.65908 0.4078939
2.589249 0.2356839
2.917365 0.2248232
2.697475 0.4109412
2.526424 0.4736998
2.847246 0.4489087
2.595924 0.3572302
2.747574 0.1905065
2.446238 0.4583818
2.593107 0.2643613
2.429176 0.3996721
2.589385 0.2252751
2.468521 0.3500189
2.735811 0.2869037
2.600586 0.2818323
2.472269 0.3487281
3.04494 0.1998353
2.907452 0.02362659
2.535571 0.3178253
2.500851 0.2744045
2.382625 0.3822636
2.739541 0.2982102
2.61823 0.2744854
2.377282 0.1273522
2.286504 0.1141812
2.36919 0.3809659
2.193335 0.06847321
2.472715 0.1668581
2.27822 0.042564
2.335635 0.2026511
2.195273 0.2862423
2.777523 0.3001812
2.410676 0.06008701
2.177617 0.4677036
2.814702 0.3372943
2.483336 0.1418188
2.26215 0.2073747
2.334323 0.135457
1.933466 0.4021663
2.143119 0.09558536
2.0498 0.1930126
2.139693 0.2828027
2.269664 0.4771995
2.156772 0.07990434
2.339349 0.246433
2.093199 0.3730113
2.347408 0.2272613
2.577363 0.4403093
2.506573 0.4221984
2.443246 0.3833527
2.633939 0.3061806
2.502207 0.4999963
2.333952 0.3400223
2.585656 0.3919266
2.690387 0.1992149
2.227641 0.2508963
2.303355 0.3161828
2.527548 0.4800194
2.156192 0.09689605
2.60022 0.2658118
2.393541 0.3497929
2.167729 0.02944228
1.989232 0.4413159
2.194662 0.4405694
2.080654 0.1416268
1.971828 0.3298935
2.113766 0.350837
2.007554 0.2053018
1.944949 0.08291348
2.130384 0.2409655
2.102188 0.2054865
1.963454 0.2604187
2.054232 0.1999222
2.400139 0.4480722
2.267685 0.3297622
2.420073 0.3364222
2.286982 0.3804474
2.32773 0.3318832
2.577822 0.3953172
2.329799 0.4544761
2.106817 0.4373439
2.087156 0.4681741
2.15791 0.3215332
2.182513 0.241081
2.246191 0.2124173
2.286726 0.384656
2.049086 0.2206358
2.608487 0.3269188
2.393572 0.2983375
2.627797 0.4980632
2.946581 0.1745388
2.917327 0.2760592
2.70351 0.1823584
2.635779 0.3154645
2.213756 0.1230606
2.305465 0.4827972
2.337755 0.1969376
2.357256 0.4147765
2.383018 0.3219298
2.851868 0.2765078
2.733908 0.4319932
2.582689 0.2703917
2.489889 0.1159337
2.596357 0.3150047
2.453232 0.2917611
2.901551 0.1207594
3.027269 0.3615038
2.564692 0.1596436
2.329519 0.4123138
2.321711 0.366051
2.253634 0.1034964
2.40366 0.2005172
2.386013 0.4426347
2.151894 0.188579
2.295868 0.2410384
2.394982 0.4729638
2.543205 0.3354005
2.398734 0.2880068
2.405651 0.358424
2.426386 0.2291883
2.315727 0.329531
2.353482 0.4150026
2.647002 0.06891772
2.250369 0.2321471
2.123971 0.2081239
2.5817 0.2974385
2.456674 0.2631915
1.908865 0.06352053
2.499031 0.2305389
2.418727 0.3229698
2.378647 0.2760678
2.468004 0.3627622
2.360004 0.03541599
2.574369 0.4745662
2.390884 0.189463
2.455981 0.1544477
3.01862 0.02584629
3.078531 0.1708879
2.79296 0.2216181
3.001455 0.2971972
2.581417 0.08539483
