"nu" "alpha"
1.730046 0.138362
1.226634 0.4643547
1.201224 0.06378658
1.600021 0.4883777
1.52507 0.4323975
1.234658 0.03619671
1.332443 0.3761919
1.974057 0.4046835
2.002809 0.156908
1.454494 0.231033
1.627891 0.1170897
2.395716 0.274152
1.620768 0.259508
1.752159 0.1645427
2.024245 0.2884197
1.783472 0.4311137
1.783687 0.1589439
1.900169 0.173401
1.727469 0.4380501
1.866578 0.4641911
1.781797 0.3372913
1.673071 0.4971625
1.890253 0.219049
2.529032 0.2452495
1.656693 0.0871402
1.602053 0.4434399
1.578694 0.4821812
1.280552 0.223785
1.639876 0.1988669
1.61911 0.317065
1.408208 0.144391
1.694166 0.1867541
1.248307 0.3433958
1.632839 0.153104
1.370633 0.458836
1.670098 0.1543177
1.715932 0.3914234
2.487357 0.0775359
2.301075 0.0842495
1.694392 0.3799343
2.328855 0.4671138
1.945865 0.185332
2.351593 0.3520213
1.924619 0.4285896
3.073843 0.3781602
4.613505 0.4334263
2.47643 0.2945863
1.893847 0.2939627
3.197412 0.4268834
1.973022 0.4247329
1.818011 0.4341682
1.684806 0.2931253
1.632899 0.4858
1.869263 0.1845121
2.06882 0.4119124
1.993294 0.2893215
2.388015 0.3779422
1.679834 0.4208746
1.681614 0.433689
1.99159 0.425438
1.195778 0.07950387
1.482478 0.42145
1.892103 0.3084984
2.618752 0.02837406
1.847501 0.1073733
1.885107 0.3199024
1.421722 0.1977553
1.252512 0.3568348
1.477775 0.381116
1.280709 0.299551
1.787743 0.4294246
3.267945 0.1099837
3.207519 0.03801752
3.807015 0.1866797
2.658441 0.4366991
2.472894 0.1246149
2.49474 0.1593507
1.374001 0.4882062
1.37851 0.4789348
1.732135 0.3921345
1.415447 0.3971442
1.339821 0.4473851
2.074928 0.2922662
1.472656 0.4547988
2.086396 0.4104573
1.809191 0.1911051
2.022269 0.4411643
3.344561 0.05593488
2.113127 0.1999371
1.564537 0.316392
1.840891 0.3305478
1.887388 0.1652888
2.813881 0.382096
1.63713 0.4852769
2.100352 0.2573618
1.452715 0.204934
2.050581 0.1859288
1.291223 0.1701363
1.919224 0.4666295
1.295838 0.4465193
1.423574 0.2453514
1.35542 0.4851371
2.481928 0.4319835
3.512913 0.3567437
2.664519 0.4142851
2.303795 0.3644335
2.845302 0.3401253
2.434736 0.324307
2.46266 0.4377267
2.042537 0.4688999
1.99502 0.3173794
3.106371 0.2301752
2.38518 0.1628816
2.364575 0.2299812
2.395719 0.1680773
2.056477 0.384907
1.920463 0.08689256
2.031441 0.1553655
2.552488 0.1674422
1.654336 0.2337401
2.390367 0.3854706
2.925076 0.2547713
9.13064 0.1420882
2.240595 0.4389992
3.294596 0.2262787
2.773619 0.3908709
1.862998 0.1686751
2.53982 0.1701427
2.239705 0.3177231
1.445679 0.4409884
1.940139 0.3741696
1.411293 0.4178814
1.222747 0.4168219
1.45314 0.1212123
2.207719 0.3883847
2.29914 0.3402105
2.42026 0.2085293
1.815547 0.2160191
1.945968 0.4631393
1.672808 0.4103879
1.550078 0.4868733
1.235278 0.0655657
1.338902 0.4767615
1.316139 0.3327916
1.362764 0.1891949
1.608092 0.2954759
1.397588 0.287617
1.237608 0.1026739
1.08337 0.1863024
0.9713683 0.4258374
1.39477 0.3428657
2.216559 0.4439568
1.545284 0.3543469
2.456078 0.4031498
2.238599 0.2682129
1.746101 0.4714901
1.329828 0.2866185
3.162967 0.07390445
3.57209 0.4470558
2.940843 0.4157163
4.174939 0.1603166
3.212869 0.3977733
2.059934 0.3133233
1.63958 0.3367645
1.449172 0.1767842
1.552834 0.3089145
0.8639051 0.07243494
1.354397 0.2406859
1.16543 0.3214007
1.510603 0.4315184
1.750826 0.4114259
1.1138 0.4394738
1.184394 0.3341611
1.751407 0.477246
2.059961 0.2315004
1.379664 0.4187364
1.753044 0.4117612
2.340041 0.4220662
3.22724 0.4717075
1.863428 0.4731206
1.321233 0.4222984
1.723655 0.4597053
1.068897 0.2009397
1.234099 0.4951242
1.859136 0.4328404
1.354743 0.2612719
1.429684 0.3443303
1.040594 0.1355879
1.564382 0.3906661
1.223339 0.2103864
1.221429 0.4383346
1.215305 0.2609326
1.449994 0.4088331
1.409697 0.230776
2.438764 0.03864345
1.64241 0.3877946
1.397999 0.1645171
1.101206 0.2887724
1.492431 0.1843922
1.612468 0.4176652
1.346899 0.2757375
2.069143 0.3411862
1.986598 0.17132
2.034406 0.1840297
2.089053 0.3461563
1.566588 0.4756596
2.103422 0.237676
2.773126 0.3473791
1.750943 0.3240922
1.813567 0.3242827
2.014912 0.4664151
2.462478 0.0851895
1.600034 0.4604899
1.774138 0.2871485
2.251443 0.1104303
2.180642 0.3364468
2.126679 0.4006483
1.423465 0.4278711
2.143846 0.3117258
2.920281 0.1673574
1.907087 0.2238001
3.389836 0.3196042
3.170705 0.1542774
5.215121 0.4876571
3.41761 0.0964969
2.317271 0.4622208
2.511887 0.1237702
2.018971 0.3530942
0.9396686 0.4977655
1.530962 0.1252209
1.894883 0.2282869
1.147452 0.2013813
1.396248 0.3647385
1.454996 0.255446
1.739942 0.3689608
1.74879 0.1260303
4.026304 0.1070642
3.585591 0.461255
2.157898 0.3360885
1.736759 0.1574493
3.376101 0.4171719
2.197762 0.4228935
2.208651 0.3758278
2.822228 0.1513745
1.600852 0.4914587
1.763194 0.2578104
1.371152 0.09625483
1.187772 0.427348
1.460328 0.1743827
1.832161 0.2828236
1.981287 0.1183493
2.095857 0.04568866
2.416257 0.2078007
1.680262 0.4471479
2.034147 0.147014
1.335366 0.3132577
1.99414 0.2735227
1.50631 0.4903414
1.427807 0.27504
1.02488 0.3935406
1.256292 0.1321072
1.539245 0.2962816
1.709708 0.1909326
2.518277 0.4670148
3.683867 0.1961956
2.266008 0.3818826
1.695934 0.2766063
1.75221 0.3183049
1.233899 0.3219104
1.791952 0.06152405
1.895783 0.2262397
1.634721 0.3565756
1.659074 0.2601162
1.433215 0.1742296
1.939151 0.2434594
1.861096 0.161467
2.665327 0.3138475
3.105422 0.2081721
2.268451 0.2418111
2.503779 0.3638327
3.836309 0.2843718
1.70958 0.4721337
2.994326 0.1326299
2.567165 0.4670927
2.601631 0.1941232
1.8936 0.3805552
1.63941 0.2248464
1.885211 0.2973129
1.21909 0.4265582
1.476333 0.4409617
1.940805 0.4757055
1.055368 0.2774675
1.502573 0.2208999
1.05106 0.2231374
1.281847 0.3441481
1.386955 0.2490067
1.365575 0.401636
1.083133 0.1856346
1.181283 0.3918372
1.208612 0.1361021
1.687674 0.1928131
1.824701 0.3962364
1.710457 0.3770469
2.573465 0.2365006
2.331738 0.2232028
1.615779 0.1906429
2.372604 0.2312355
3.751391 0.2343799
2.884361 0.08798393
2.680859 0.1625438
1.798509 0.4048582
1.708765 0.376129
2.731968 0.4305907
2.562779 0.3434189
1.732585 0.08572816
2.193259 0.4862701
2.104686 0.2985656
1.648833 0.3686713
2.522742 0.3558075
2.22015 0.2750727
1.811182 0.3663006
1.711653 0.255742
3.00545 0.1118405
2.802885 0.3620863
2.685794 0.1297631
2.382754 0.4477978
1.691178 0.4488407
2.284282 0.02309167
1.928625 0.4087739
2.744226 0.4188112
2.636056 0.1694273
1.805804 0.2212843
2.17694 0.2595237
1.493099 0.3492388
2.731328 0.3864683
2.364266 0.3324479
2.606011 0.3854605
2.665128 0.1641781
1.781699 0.1286204
1.933139 0.1549897
1.503461 0.2584525
1.563412 0.06803001
1.930429 0.4659095
2.013047 0.4211796
1.915606 0.408918
1.579112 0.2440537
1.193811 0.4996563
1.728116 0.313466
1.247783 0.3456908
1.37112 0.2594264
0.8898799 0.4961663
1.522625 0.4237973
1.703003 0.1248961
1.903764 0.3385175
1.291483 0.441307
1.878491 0.409999
1.553841 0.1942767
2.094253 0.2431746
1.932852 0.2861605
1.379576 0.2965493
2.200258 0.1616608
1.208519 0.4072359
1.715743 0.137163
2.66763 0.1382132
1.924817 0.3118316
1.716857 0.3529417
1.558456 0.465271
1.567112 0.4917762
2.631645 0.318354
1.243133 0.2396855
1.705191 0.1768716
1.907329 0.18235
1.784627 0.4429417
3.465273 0.2031597
2.839905 0.284767
2.108108 0.3041763
2.568923 0.4702787
3.228317 0.4470691
2.521414 0.4486621
1.265917 0.2736821
2.610221 0.3677692
1.712914 0.169493
1.840247 0.1684908
2.934028 0.3815868
3.524143 0.4149706
2.128131 0.07398408
2.410184 0.3862111
1.840463 0.1986566
1.635425 0.3755535
2.130636 0.22132
2.296902 0.4390878
1.915955 0.1446758
1.093039 0.3644478
1.410277 0.4999999
1.22887 0.4717987
1.34277 0.319935
1.176523 0.1208178
1.453464 0.2481079
1.629844 0.3740088
1.3215 0.1832937
1.519229 0.46516
1.393827 0.1605314
1.458159 0.3622038
1.741603 0.4331161
1.529366 0.2702578
2.064566 0.4507219
1.904662 0.4864495
2.989868 0.2287177
3.883029 0.09121424
4.565326 0.3564462
2.507286 0.482664
2.264033 0.1416217
6.816216 0.2490497
2.892701 0.0915334
5.393605 0.4176868
1.67046 0.1424664
3.31402 0.4465449
4.16455 0.2638039
3.479337 0.4074267
2.527173 0.4444035
2.50999 0.4564759
1.891292 0.4279533
1.914239 0.2308031
1.631824 0.2305185
2.13676 0.2871936
1.897928 0.4667492
1.166801 0.4033495
2.267616 0.2717978
1.960087 0.1625674
2.190034 0.4973328
1.51299 0.2731331
1.55999 0.4403646
2.568234 0.239803
2.389493 0.4367552
2.601025 0.05157264
3.343985 0.2004265
2.552013 0.271448
2.832449 0.09277792
1.616935 0.4953459
1.605569 0.3056026
1.862395 0.4736693
1.933856 0.2800806
1.729257 0.4782137
1.784173 0.3914009
1.728514 0.483194
1.913848 0.3235444
3.196548 0.1022668
2.198508 0.4973614
2.303169 0.3546562
3.01399 0.3165111
2.045805 0.3025815
1.847024 0.3474043
2.624509 0.4051749
2.315119 0.1674715
2.626523 0.1325046
1.926715 0.2331083
1.374861 0.3214054
2.527638 0.2449521
2.258713 0.4787698
2.187074 0.2661331
1.496746 0.1806756
1.345877 0.1601616
1.577335 0.3661298
1.832109 0.2744256
1.441246 0.4710844
2.014729 0.3200462
2.315741 0.2969065
1.672146 0.2838037
2.66843 0.2486671
2.829255 0.3636421
1.94514 0.1328739
2.972543 0.4772897
3.698686 0.1529477
2.336066 0.4311379
2.535067 0.260823
2.157385 0.1812483
1.752061 0.4960608
1.585128 0.2458615
1.66088 0.4858064
2.466837 0.499251
2.589092 0.2635508
1.558551 0.08045272
3.228851 0.4204449
2.995727 0.1998357
3.059125 0.4302178
2.425294 0.4035938
3.131304 0.09896626
0.9726823 0.4840902
0.9873587 0.4995343
1.467174 0.335262
2.034467 0.4596094
1.831973 0.4505282
1.150412 0.4166181
1.466945 0.3955034
2.941543 0.2571401
1.832001 0.2265787
1.979934 0.4095362
1.8423 0.3470444
2.864049 0.022133
2.496234 0.242325
1.519254 0.296197
2.159215 0.4563143
2.126786 0.3611282
1.550158 0.4389926
1.328073 0.4781111
1.646798 0.2387224
1.532109 0.2255723
1.314169 0.05882253
1.542825 0.485604
1.367326 0.2889075
1.960535 0.2162751
1.720659 0.4467909
1.166028 0.4738399
1.885424 0.1011675
1.51388 0.1055916
1.670336 0.2550276
1.974686 0.4873871
1.655794 0.4239374
2.508181 0.1540249
1.912095 0.2250987
2.183681 0.06782682
1.616009 0.4730504
2.033954 0.4479145
1.639683 0.2301435
4.594017 0.4485838
2.849566 0.3308725
3.097502 0.1546902
1.814244 0.1441537
2.680254 0.07739004
2.969503 0.4644014
2.10366 0.24754
2.830134 0.4813364
1.618799 0.3145947
1.852632 0.3502732
2.908883 0.1999746
4.860198 0.3632816
2.168467 0.1146518
3.763708 0.1825008
3.489116 0.06729401
3.09974 0.1222877
2.942336 0.3206939
3.540349 0.1520338
3.053491 0.2375043
2.173979 0.2715223
1.81492 0.34513
1.747951 0.3983545
1.866364 0.3796309
2.274055 0.1480584
2.180837 0.3195408
2.041117 0.2303354
2.062736 0.2878419
1.634305 0.3072027
2.486126 0.3084216
1.534487 0.3462901
2.590897 0.2651281
2.214981 0.2566987
2.64236 0.3317369
1.709384 0.08129968
2.347158 0.2386483
1.731763 0.1783509
1.895803 0.4073425
2.168884 0.1123732
1.997253 0.3633502
2.44146 0.2861679
1.4722 0.3203635
2.261699 0.06952091
1.884752 0.2880533
1.46031 0.19106
3.007161 0.1510151
1.777489 0.3309523
2.090608 0.1299037
2.007826 0.3773712
2.418119 0.3630845
2.366224 0.3149794
5.324616 0.1673427
1.650638 0.2112953
2.661297 0.3598684
1.759524 0.3329601
1.636188 0.4979881
1.464662 0.1822567
2.880427 0.4874636
1.473587 0.4522359
1.90846 0.317717
1.698422 0.2117891
1.818041 0.4286318
1.269127 0.4329293
1.524544 0.4306505
1.372644 0.3968312
1.474408 0.375554
1.930883 0.1879727
1.848338 0.2238439
3.090451 0.2843408
2.296004 0.1206503
2.196749 0.2722676
2.214287 0.357386
2.374552 0.22292
2.755771 0.03543658
2.099832 0.2109115
2.748297 0.3954905
5.243359 0.1967716
2.231733 0.1749228
1.731234 0.3354298
1.63872 0.1994593
1.97982 0.3429967
2.505492 0.4267248
2.929339 0.246575
2.185193 0.4026575
3.999284 0.4626678
2.450363 0.2543239
1.927068 0.1360756
2.143947 0.494759
3.812437 0.1601153
3.566096 0.364415
3.581455 0.3004113
2.56157 0.340359
1.829587 0.4386514
2.618602 0.2551241
1.507022 0.3606107
2.076664 0.1485297
1.628846 0.05738087
2.295556 0.3094063
1.90098 0.4472233
2.022217 0.1811327
2.738168 0.4075539
2.061678 0.3359266
2.624737 0.1094898
1.588709 0.2733296
1.887499 0.177543
1.463812 0.2327337
1.159428 0.4053657
1.138793 0.274566
1.515196 0.1260891
1.242851 0.1875053
1.075904 0.397361
1.382842 0.4204973
2.174675 0.2923708
1.571547 0.4913863
1.389625 0.3338659
1.054355 0.4766548
1.577876 0.2967084
1.309787 0.3878585
1.483759 0.3817352
0.9985898 0.1891604
1.587997 0.2413086
1.802335 0.1917828
3.563586 0.1054892
2.104336 0.4463219
2.326941 0.250152
3.445894 0.4152757
2.496992 0.2664981
3.487152 0.04823229
4.954419 0.4340526
2.728928 0.3078234
1.569913 0.4370469
1.444161 0.1943411
2.536745 0.2906861
1.314019 0.2084672
2.671317 0.3892472
2.786367 0.3751235
4.061489 0.380334
3.542625 0.4320632
2.051768 0.4177746
2.491186 0.3840505
2.04378 0.1978006
1.623128 0.346083
1.760756 0.3771236
1.487078 0.182917
1.80107 0.1798794
2.137982 0.227717
1.591376 0.4680998
2.237374 0.1408341
2.550637 0.4778169
2.468799 0.3280035
2.975701 0.1618359
2.316192 0.4267667
2.414426 0.107783
3.796418 0.09344977
2.891079 0.2006424
3.198087 0.4725678
2.068587 0.387395
3.268058 0.03601666
1.827906 0.2265753
1.853546 0.2500037
2.114704 0.04776778
2.05984 0.3747319
1.969509 0.3058856
1.80729 0.4646941
2.099282 0.2881621
1.722237 0.4049125
2.000407 0.3783277
1.354645 0.4480089
0.9688114 0.2554621
1.810924 0.4446953
1.39666 0.4732274
1.300552 0.40406
1.611613 0.4089237
1.575061 0.4073221
2.603335 0.2756795
1.546932 0.4447986
3.646111 0.4628766
3.269069 0.2958307
3.753537 0.4338976
3.941116 0.2045167
4.088436 0.1992575
2.997979 0.1810958
1.957391 0.2484302
1.982337 0.4203596
2.620265 0.1727845
1.433828 0.4551659
2.144108 0.407862
1.799211 0.3978103
1.144493 0.1850272
1.219777 0.4665049
1.443917 0.1435613
1.286393 0.2047448
1.383362 0.3495579
1.644078 0.3284989
1.533798 0.2327385
1.300046 0.3593539
1.367607 0.4617248
1.56153 0.204743
1.19529 0.2971531
1.641501 0.4926498
2.008734 0.2847725
1.780171 0.4736518
2.135117 0.3499909
1.535073 0.3289957
1.429168 0.2506555
2.040278 0.1604729
1.866954 0.06564286
2.372284 0.2491083
1.919486 0.1762034
1.492634 0.3888361
3.615338 0.3231753
1.830673 0.4000491
2.723717 0.2532386
2.622533 0.2799668
1.986324 0.2444762
1.300913 0.1332617
1.770288 0.1061661
1.906322 0.392807
1.929876 0.3768272
2.765803 0.2109923
1.780205 0.1514852
3.326535 0.06687928
2.737231 0.2227959
1.974343 0.3148314
2.715493 0.4718412
1.975 0.366
2.074669 0.02091703
1.960654 0.2559922
2.30671 0.4807169
3.300438 0.3965822
2.094586 0.4239885
1.441087 0.3929329
1.580566 0.2693419
2.918586 0.402853
4.779627 0.251496
3.180877 0.343776
2.6357 0.126694
2.11222 0.4434498
4.389551 0.09459301
1.909868 0.4753538
3.62954 0.2647051
2.743571 0.3201867
2.665524 0.1687039
2.200008 0.3022934
2.693242 0.3137428
3.082177 0.2044245
1.756283 0.4013351
1.672332 0.485905
1.495846 0.3832432
1.350655 0.08072619
1.529334 0.2363183
2.593296 0.147118
2.072714 0.2332447
3.420127 0.3987667
1.250719 0.3342233
1.819649 0.2846356
2.202057 0.4295388
2.186684 0.4010216
2.035728 0.4667008
2.599151 0.4654399
1.490466 0.3917594
1.614957 0.4938549
2.153685 0.4910499
1.609182 0.3254946
1.547547 0.2695272
3.077785 0.2469915
2.008069 0.1609371
1.549702 0.1999578
1.697423 0.3972485
1.883984 0.2044348
1.72779 0.489491
1.627628 0.1628628
1.536307 0.3442995
1.770307 0.30992
2.708929 0.2316593
2.230501 0.4224127
2.409195 0.3307457
3.994468 0.2052654
2.189706 0.2605582
2.188616 0.4906172
2.480591 0.3208569
3.717025 0.4741481
3.466521 0.1206901
3.998215 0.2323406
1.743708 0.4450099
2.450169 0.2617691
4.405062 0.05073562
3.153539 0.1574295
1.442831 0.4627422
1.478401 0.3895074
1.538903 0.3807228
1.565124 0.1052019
1.353545 0.3301332
2.581388 0.4850492
2.207367 0.2737231
1.757395 0.2381607
1.364826 0.3347794
1.420386 0.3706789
1.563211 0.1788743
1.59919 0.344453
1.49021 0.4901523
2.131517 0.3639074
1.403221 0.2245202
2.200983 0.07988593
1.371955 0.3354424
1.304057 0.445136
2.255475 0.4349756
1.8328 0.4432339
1.782182 0.3767515
2.018252 0.05400938
3.061765 0.07360542
3.010883 0.227954
2.745688 0.2541555
2.084641 0.358176
1.905017 0.03738247
2.383733 0.3917337
1.688169 0.4659359
1.464893 0.1386449
1.444126 0.4709427
1.46571 0.1261619
1.481187 0.2099008
1.587016 0.3933782
3.202619 0.2899185
1.754321 0.3909869
2.174197 0.4955846
2.675311 0.3815301
2.044298 0.1595128
3.696391 0.3143721
3.856547 0.4072353
2.803979 0.4063613
2.212506 0.3298258
3.385157 0.04761268
3.450024 0.3502114
2.439351 0.221718
2.530465 0.4562115
2.546536 0.4037765
1.868218 0.3638194
4.245264 0.2116087
4.085283 0.4041315
3.407336 0.2646597
4.647102 0.1154708
5.010307 0.2254755
2.181811 0.2669567
6.040121 0.06056851
3.515679 0.354854
5.575604 0.1594037
2.367774 0.2767903
1.897896 0.2614576
2.831315 0.4272324
2.35411 0.2853073
1.653438 0.3958609
2.315577 0.2984567
1.899771 0.2537831
2.019008 0.3390122
1.922453 0.2566446
2.63573 0.4291804
4.207451 0.3099444
3.287044 0.3909176
3.298365 0.1331486
2.426769 0.351811
2.121003 0.3629008
1.64686 0.3418979
2.552183 0.1562338
3.036634 0.3939617
3.624236 0.3382562
2.686662 0.07133046
3.116269 0.05741899
1.455114 0.2823636
1.886921 0.2487835
1.603545 0.3375451
2.382981 0.2797441
1.250368 0.4306599
1.67178 0.4412134
1.590138 0.3791749
1.283743 0.4360799
1.503304 0.47672
1.205004 0.2613961
1.66841 0.1438136
1.566077 0.3257831
1.550936 0.432451
1.84526 0.1545873
1.294963 0.4759799
1.301145 0.1302966
1.038507 0.3032823
1.66123 0.3051758
2.385037 0.2770875
2.01278 0.196353
1.572041 0.3955815
2.423442 0.4328061
2.592317 0.3198962
3.194641 0.4753262
2.685512 0.3825267
1.655537 0.4301464
2.279054 0.3191682
2.114056 0.466693
2.324258 0.1675089
2.123772 0.3441902
1.505001 0.2439536
1.54588 0.1321866
1.886287 0.3407169
2.792468 0.2007272
2.352319 0.08324219
4.019561 0.4970112
2.920114 0.3249138
1.997521 0.4321264
2.042775 0.09828335
2.346794 0.1828542
1.834909 0.303713
2.682527 0.2117092
3.730728 0.08006241
3.316613 0.4136504
1.574749 0.1234474
1.563417 0.3600363
3.071246 0.1875412
3.054419 0.278296
2.691793 0.4233507
4.316629 0.3357337
3.427771 0.4149455
2.53031 0.2024418
2.99867 0.1870088
2.671793 0.4189976
2.542549 0.3387522
3.796742 0.2524781
1.628729 0.4432628
1.67816 0.3054578
2.538695 0.09697786
2.109281 0.1997756
3.254325 0.4519693
2.537493 0.292876
3.497583 0.4614858
4.259326 0.05814263
3.839026 0.09415736
1.970647 0.06746209
3.165169 0.4393405
4.731259 0.1438087
2.218568 0.4521825
4.791409 0.3700654
3.507074 0.3071432
2.049895 0.07149887
3.637572 0.3757441
3.550015 0.3394825
3.14861 0.07473679
3.440093 0.2995759
3.120487 0.4836811
2.148892 0.3795805
1.312568 0.3659493
2.527101 0.4668776
2.376298 0.3165598
3.093316 0.4463394
2.634868 0.3830602
2.190171 0.2559237
1.943829 0.4192048
3.108208 0.2929534
2.727938 0.3093119
2.356585 0.3936019
2.34964 0.186765
4.017639 0.4575812
1.956166 0.4989106
1.682 0.4814376
2.875712 0.2898219
1.68432 0.1612858
2.258786 0.3299156
1.37886 0.2772248
2.014625 0.3261625
1.562443 0.2199439
2.073924 0.04691473
2.862472 0.2973958
2.222681 0.1001062
2.175867 0.4237279
2.354338 0.2820433
1.77955 0.3907572
1.912527 0.1814617
1.846649 0.1014752
3.306369 0.2760161
2.07752 0.3463167
1.633745 0.2298107
2.069274 0.301684
1.618663 0.1445794
1.974022 0.1934109
1.739556 0.2140272
3.189748 0.3908043
1.769882 0.172468
1.759324 0.4875843
2.311457 0.2624117
2.628638 0.07136411
1.975759 0.1318437
2.184456 0.4360811
2.274529 0.07896926
1.995459 0.1803459
2.878815 0.2816362
2.47627 0.3981944
2.060333 0.4962693
1.770951 0.2182073
1.435247 0.4424401
1.52262 0.473016
1.290624 0.4201007
2.01727 0.3596176
2.075197 0.4227334
1.576255 0.1950505
1.583987 0.4649057
1.564682 0.1162479
2.034066 0.201995
1.436173 0.335163
1.916428 0.3323935
3.125386 0.271225
1.904308 0.4621267
2.414545 0.2809026
2.089273 0.3206063
2.325904 0.06157362
1.695002 0.3267735
3.743134 0.02377286
1.995371 0.1474797
2.434322 0.3622933
1.611827 0.2574817
2.974853 0.488127
1.979254 0.4135059
2.658283 0.1482542
3.263552 0.08188438
2.205137 0.02494465
2.991762 0.1142928
3.234775 0.4521409
3.243221 0.3386562
3.063809 0.3550313
3.348636 0.1038307
3.403982 0.3731378
2.156264 0.3437676
3.043965 0.4761216
2.044688 0.2287564
3.325487 0.05418678
2.717992 0.3581248
3.240859 0.2005919
4.622803 0.3850916
2.408905 0.2898596
1.146206 0.2900344
1.906849 0.4784583
1.484771 0.2095337
1.750208 0.2736938
1.434937 0.05635233
2.040211 0.4303284
1.950981 0.4929295
1.622055 0.2784894
1.544624 0.1573729
1.625548 0.03139745
2.02362 0.365041
1.595994 0.321453
2.533954 0.459021
1.995653 0.3126398
3.111926 0.1425929
2.229744 0.451595
2.095688 0.3505516
2.628278 0.445111
1.735853 0.4158876
1.529911 0.4654657
1.468009 0.4079233
2.279975 0.1941925
2.278945 0.2380773
1.866866 0.3587118
1.938514 0.4567608
2.03562 0.4186916
2.359 0.1349239
2.420688 0.1371685
1.873843 0.3514329
1.602553 0.3235826
1.551396 0.06410731
1.544826 0.211918
2.239164 0.205316
1.734193 0.3836557
2.114438 0.2775582
1.993638 0.08657066
1.791635 0.4501879
2.078345 0.3667566
1.490175 0.1883481
1.439516 0.472982
1.471541 0.2877095
1.851255 0.2831436
1.835596 0.4688655
2.382972 0.1799989
2.867096 0.3943618
2.247961 0.3388636
2.692226 0.3806785
1.985141 0.4850421
2.08324 0.216772
2.646712 0.03712972
1.934172 0.3228293
1.495068 0.3712889
1.789979 0.4689843
2.114452 0.4623874
1.909878 0.4755071
2.472981 0.1074038
2.51949 0.1591001
2.140718 0.4994036
1.571853 0.3342743
2.076084 0.3163176
1.989737 0.4542299
1.880024 0.29823
2.047837 0.1785835
2.090374 0.3137806
2.012838 0.488579
1.987636 0.1400953
4.446455 0.3383596
3.521755 0.3561068
2.798006 0.3460761
2.251329 0.1471408
2.318308 0.4949469
3.594553 0.4020605
5.387538 0.3066372
3.01061 0.2441636
4.692998 0.160886
2.327798 0.4684305
3.553016 0.3640062
1.366122 0.2180397
1.881306 0.1128349
2.085219 0.1062759
1.242834 0.2310624
2.212899 0.1051357
2.228983 0.1335274
2.185952 0.420525
2.361745 0.3812055
3.021924 0.05379838
2.423254 0.4577867
3.422284 0.3461707
1.286664 0.2905187
1.435548 0.08082562
1.685625 0.08117812
2.195807 0.1511529
2.804868 0.2254735
2.165032 0.3808849
3.558529 0.2113327
2.477086 0.4587114
2.089327 0.4492756
1.883242 0.4269905
1.771766 0.3206159
2.108821 0.4012486
1.936529 0.4367072
1.999224 0.3239651
1.099736 0.479031
2.324235 0.1613467
1.283858 0.3866746
1.987706 0.16539
1.552378 0.2949501
1.65214 0.2552292
2.138661 0.2171613
4.215273 0.2487619
4.468097 0.2450736
4.315854 0.3827206
2.302735 0.2951171
1.823683 0.1786344
3.196411 0.4875116
2.669048 0.4470579
2.382243 0.475772
1.525412 0.4765799
1.700878 0.2204863
1.917946 0.4922482
2.127761 0.3841197
1.96595 0.1493336
1.627507 0.413799
1.860755 0.214216
2.14915 0.1943207
2.457252 0.3711186
2.055006 0.4343342
2.727656 0.4841297
3.126927 0.198616
2.522135 0.4106033
2.966604 0.3946625
4.340374 0.4317701
2.967761 0.06982969
2.235234 0.3600912
1.72308 0.476511
1.739425 0.3890792
3.614658 0.2994752
3.099224 0.1713289
2.137402 0.1993429
1.620185 0.1975522
1.13455 0.3064255
1.134504 0.3746892
1.411395 0.2563346
1.135945 0.1860953
1.500464 0.431143
1.808245 0.3657501
1.150341 0.4677035
1.006655 0.4800194
1.73557 0.09713263
1.821566 0.2909698
1.73577 0.4113809
1.441046 0.2194353
3.068289 0.4908284
1.950645 0.2837429
2.300392 0.3303834
2.782982 0.3162961
2.370555 0.2179519
3.385532 0.1168159
2.844387 0.288724
2.549769 0.110877
1.264153 0.2785077
2.989304 0.4846934
1.332948 0.2398051
2.295875 0.4421487
2.32354 0.4190148
2.768957 0.3643923
1.598724 0.180374
2.305314 0.177452
2.513355 0.292971
2.219028 0.2504693
1.804747 0.446866
1.456564 0.108853
1.922578 0.4364684
2.185875 0.1542368
1.899211 0.308628
2.367333 0.3162031
1.582047 0.1481362
2.348323 0.4513959
2.154712 0.2127909
1.64225 0.3364422
2.786747 0.3275981
2.487444 0.3735307
2.275537 0.2792078
1.908114 0.1383712
1.589336 0.4722972
1.948289 0.2424486
1.475478 0.4873561
1.567199 0.2381024
1.511519 0.1877941
1.791174 0.4862232
1.557434 0.4044821
2.050011 0.1774084
1.647578 0.294199
2.239502 0.118044
3.063044 0.4939465
3.09741 0.3589402
3.754351 0.3319516
4.500142 0.136992
1.823938 0.3496599
1.955451 0.3996492
1.869617 0.2215512
2.121281 0.2446098
2.87355 0.4365901
2.850727 0.1356879
1.529809 0.4506281
2.671432 0.2786747
2.850987 0.231548
2.589114 0.185987
2.173494 0.4996082
2.901668 0.09791546
2.247054 0.2861359
2.571294 0.4912059
3.737504 0.4765726
2.770264 0.332316
2.455609 0.2627641
2.864361 0.4281191
3.418864 0.3268431
2.459755 0.1394088
3.848471 0.207564
2.081339 0.1977693
2.255977 0.1655053
1.395919 0.1235834
1.846899 0.4556981
1.66692 0.3954952
1.295956 0.345235
1.798311 0.03320544
1.506545 0.2789145
1.217871 0.3768281
1.370471 0.1971437
1.338979 0.2764125
1.564642 0.3321254
1.43316 0.1642186
2.144982 0.1692736
1.358302 0.462613
1.39969 0.2983914
1.839206 0.380229
1.53293 0.2874526
2.453795 0.2475931
1.586304 0.3940384
1.488761 0.3001072
1.268596 0.2418454
1.190433 0.2227688
1.141777 0.4712453
1.228386 0.3065354
1.381671 0.4022194
1.236733 0.1962052
1.418284 0.4053022
1.292186 0.3045363
1.829854 0.220703
1.899863 0.4437346
2.263734 0.3302672
1.667453 0.1181036
2.398032 0.4995225
2.988656 0.2691564
1.595648 0.286936
2.257756 0.1080586
2.946066 0.2208756
3.55922 0.1516871
4.630915 0.2652834
4.335589 0.4215573
2.159943 0.3576473
2.037762 0.4968938
1.991337 0.1575425
1.778589 0.130118
1.99216 0.3471043
1.588535 0.2107279
1.79598 0.2366393
1.481137 0.4248559
1.845945 0.4291841
1.805141 0.4965699
1.705463 0.08963714
2.122836 0.2917648
2.483448 0.4332254
2.732906 0.1940206
2.312867 0.4699784
3.393051 0.234659
1.817778 0.4742427
3.350243 0.3416899
2.14381 0.1735323
1.140766 0.4231928
1.996158 0.1963988
1.807981 0.2314808
1.774769 0.1599433
1.704456 0.410923
2.947613 0.489789
1.825155 0.4697947
1.458241 0.1591673
1.870204 0.2318043
2.096989 0.2536557
1.523003 0.3529226
1.241805 0.4842973
2.632729 0.333109
1.65232 0.2288745
1.233401 0.2890015
1.345208 0.2970159
1.79278 0.1154747
4.616929 0.2805826
3.842757 0.2861915
1.914151 0.2941411
2.235731 0.4175987
1.779871 0.2573674
2.528998 0.2761516
1.909509 0.463374
2.617636 0.4294724
1.99297 0.3592701
2.138271 0.4121924
2.605463 0.2354749
1.521492 0.3010785
1.794638 0.1454238
2.336782 0.2397924
2.212769 0.1860158
2.241159 0.4364988
1.3853 0.427009
2.680036 0.08970609
1.884802 0.4189818
1.709149 0.4423543
2.383055 0.2978032
1.964361 0.3578025
2.37902 0.1124549
1.952665 0.2151288
3.089555 0.437599
2.282575 0.3350979
3.077768 0.1991646
1.830893 0.3905509
2.184989 0.4632578
1.207187 0.1627816
1.766538 0.1406478
1.737763 0.3815582
2.807093 0.16242
2.535266 0.3702771
3.951727 0.1500777
2.618866 0.4122357
2.34978 0.2798199
3.360108 0.1592799
2.205277 0.3900205
4.447898 0.3728652
2.261111 0.037147
6.033201 0.1487704
2.65235 0.361931
2.627822 0.4246313
2.901554 0.416474
2.338825 0.4260958
1.885543 0.2293851
1.497596 0.3789167
2.152308 0.3660924
1.247589 0.4710911
1.522122 0.3690929
1.674883 0.2165244
1.54997 0.2084891
1.674079 0.03595878
1.662452 0.4124571
1.671454 0.1606758
1.749279 0.1338026
1.329082 0.4638419
1.326789 0.4164166
2.499313 0.293178
1.262072 0.2622828
2.235297 0.3503771
1.735627 0.2423401
2.242908 0.4558844
2.32747 0.07884153
1.291272 0.3568636
3.074963 0.4226132
2.33391 0.2114832
2.258383 0.1451649
3.14779 0.3917794
3.054956 0.4049826
2.17709 0.1028453
1.621479 0.1895555
2.376436 0.4732234
2.764482 0.4583528
2.025477 0.4807809
2.008647 0.3869082
1.880319 0.2918543
2.293869 0.4354757
1.819177 0.4361743
2.777039 0.3692698
2.158642 0.2642822
1.912597 0.2074318
1.886007 0.3981162
1.947072 0.1513883
1.811667 0.357178
1.872805 0.2934181
1.866807 0.3787952
1.773868 0.1864291
1.226641 0.3466905
1.381454 0.3452031
1.544122 0.2944645
1.327033 0.4675522
1.848844 0.1364443
1.72094 0.1984512
1.515469 0.1871497
1.790381 0.2811882
2.004658 0.4117615
1.472314 0.3479141
2.16736 0.2991633
2.130412 0.4270002
2.640738 0.4656227
2.490966 0.07174254
2.266766 0.4066737
2.53235 0.3049348
1.552972 0.3215718
3.350332 0.3692079
2.694362 0.1891439
1.963032 0.3495932
1.718813 0.3408964
2.360443 0.4721007
1.803969 0.3088494
6.094828 0.294469
4.923991 0.2545691
2.377679 0.233229
4.528891 0.390693
3.987613 0.1374012
3.136792 0.3363986
3.083464 0.3214142
2.513832 0.3682842
1.524895 0.462113
3.355667 0.09712754
2.689028 0.1223675
2.333777 0.4021994
2.339427 0.1687695
1.717776 0.1103809
2.004934 0.4704764
2.11979 0.2807182
2.641086 0.2962199
2.463989 0.2432718
2.016142 0.2743037
1.792744 0.1753218
2.892772 0.4166673
1.895888 0.3174655
1.959925 0.4095524
1.797266 0.2992942
2.230564 0.3521971
2.658523 0.09422722
1.114693 0.2432256
1.242903 0.02676001
1.564146 0.4570026
2.247841 0.02095645
1.80263 0.2728736
1.640716 0.2985687
1.069605 0.3355612
1.440838 0.4274878
1.106173 0.2880533
1.717311 0.2836223
2.551812 0.2005575
1.218311 0.2106328
0.926176 0.3353183
1.790303 0.2480312
1.198142 0.334584
1.16642 0.2441183
1.176328 0.4896532
1.406747 0.2224709
1.183748 0.3137928
1.115087 0.2681513
1.485613 0.2835188
1.68943 0.05448127
2.304221 0.07438675
1.81249 0.3229239
2.570513 0.3129573
1.87988 0.2141149
1.073917 0.4615974
1.912923 0.2530693
1.577037 0.365815
1.584283 0.4248049
2.026389 0.3381912
2.24703 0.2196345
2.456404 0.165605
3.512813 0.2459165
2.23659 0.1355791
1.773355 0.4210211
1.42159 0.4662981
1.808112 0.4051053
1.707272 0.0994344
2.280065 0.2952821
2.097749 0.4333902
1.78045 0.3588771
1.974295 0.3148333
1.489162 0.2168662
2.286603 0.234988
1.97094 0.2332321
1.312926 0.2948162
1.637897 0.3588243
1.50604 0.4767748
1.378765 0.4273247
1.475703 0.4728052
1.716468 0.2286525
1.850759 0.2267206
1.438416 0.4319141
0.8890278 0.4093593
1.835632 0.221991
1.541229 0.3026753
1.523166 0.4843736
1.991674 0.3386624
1.84061 0.431036
1.88011 0.4109316
1.740441 0.1794987
2.491787 0.4412516
2.175995 0.2834742
2.282363 0.494377
2.578285 0.4477413
1.736551 0.3638973
2.062922 0.3740926
1.883514 0.2899674
1.418442 0.06773965
1.959179 0.4008157
2.578305 0.2413658
1.139315 0.3049676
1.721219 0.1261056
2.31335 0.3546589
1.540694 0.3559029
2.182765 0.1895938
1.685722 0.1962686
2.073198 0.2092097
1.425723 0.2513783
1.881698 0.3494538
1.422274 0.1685391
1.689459 0.2117328
2.342767 0.3496249
3.272217 0.4783921
1.852873 0.4092889
1.604027 0.4663723
1.520481 0.2890571
5.016604 0.3430028
1.365693 0.4015499
2.427532 0.2656601
1.961822 0.4866013
2.156317 0.2219038
1.619394 0.42816
1.39882 0.2129301
2.17918 0.4465877
2.11047 0.1847482
2.309832 0.2895219
2.393203 0.09198527
1.926071 0.4633344
2.330914 0.3600512
2.746858 0.1340635
1.65411 0.2927715
2.402592 0.1909341
2.255006 0.4772352
3.227267 0.2349492
2.144919 0.366884
2.058754 0.2284957
2.086426 0.3575935
2.677966 0.03490655
2.684633 0.3152662
2.149019 0.2233609
2.66396 0.1051127
2.228413 0.4623515
2.23782 0.09466408
3.280943 0.1901749
2.263394 0.2088681
2.250874 0.3050275
1.71218 0.3385254
2.186104 0.1623313
1.690932 0.198657
3.447507 0.1822822
2.226656 0.4266809
1.559007 0.1587228
1.479066 0.2660258
1.561682 0.4846463
2.851727 0.3457449
2.358684 0.1601877
2.28516 0.1916544
1.940746 0.08920611
1.748544 0.1919886
1.520678 0.4132533
1.226381 0.2971244
1.292576 0.302063
1.176399 0.1985543
1.642947 0.4686701
1.056514 0.4059967
1.056919 0.2727637
1.145368 0.3699943
0.8745787 0.3380393
1.18106 0.3071522
1.34774 0.3559577
0.9795475 0.260627
1.724725 0.4035557
1.158194 0.3617818
1.198822 0.3458459
0.8992401 0.3378179
0.9664424 0.1263643
1.183181 0.464341
1.159335 0.3259613
1.255369 0.3540394
1.357231 0.4947621
1.027136 0.3774387
1.763653 0.1894061
1.205372 0.2705508
1.019194 0.3743058
1.63594 0.1593542
1.228397 0.1923435
1.31277 0.2297756
2.159742 0.4817749
1.96009 0.2744264
2.264616 0.3603018
2.177034 0.2944843
1.576579 0.3046614
2.984538 0.2441413
1.775172 0.2832004
1.5826 0.3964726
2.126524 0.4331126
2.226027 0.4332469
2.258742 0.2202363
1.494645 0.2808441
2.335281 0.2796567
3.467014 0.4178412
3.002736 0.3299391
2.194682 0.1332735
2.221755 0.09793974
2.602164 0.1051197
2.42864 0.3746709
2.251264 0.1583132
3.226553 0.1755619
1.941803 0.1312982
2.988715 0.07781426
2.001105 0.08040078
1.635385 0.4661922
2.683591 0.4925099
2.215869 0.2562758
1.972129 0.2310253
1.824685 0.1659202
1.945364 0.3199498
3.676568 0.3294349
1.380492 0.2237012
1.920269 0.4644451
2.497599 0.120174
2.567038 0.2257643
2.069564 0.248102
2.338613 0.3119495
2.3769 0.3092365
1.382444 0.1751721
1.243601 0.1022045
2.393346 0.1984371
2.002054 0.3289298
2.31971 0.3116161
2.938792 0.1407093
3.080764 0.2669553
2.133989 0.1497557
3.281778 0.3219317
2.39321 0.3113605
1.800769 0.4619587
1.809402 0.2578818
1.48131 0.3869572
2.302206 0.3942303
2.720699 0.1041479
2.311674 0.2922641
2.587342 0.310246
3.404948 0.2644761
4.151634 0.330874
3.636661 0.1981112
2.129455 0.3334509
6.707129 0.1053627
3.710454 0.2405787
5.848282 0.03057909
2.826105 0.4454542
1.87089 0.3150367
2.182261 0.2603671
3.018792 0.359139
2.244204 0.2413294
1.916887 0.4858533
2.129956 0.4222512
2.481958 0.4983047
3.222696 0.08415694
3.610593 0.480364
3.058393 0.1764986
2.622987 0.3598536
3.696531 0.4944704
2.968598 0.3986965
1.91459 0.2394336
1.62674 0.4581563
1.62479 0.2040804
1.649523 0.02791912
1.482467 0.2538223
2.156775 0.4466274
1.922126 0.3961431
1.442846 0.3385838
1.599304 0.4945628
2.094356 0.412462
1.623974 0.2182779
3.175416 0.3724618
1.765608 0.4359793
3.194061 0.2246011
1.293287 0.2822733
2.027218 0.1457921
2.116895 0.0914556
2.243162 0.1141411
2.839529 0.4760348
3.497035 0.03559809
1.797151 0.09987926
1.604597 0.4804294
1.515683 0.3545473
2.322122 0.3454111
2.678825 0.3863438
3.688345 0.2994979
1.857681 0.4720679
1.743109 0.3500226
3.420371 0.2578006
3.312754 0.3227375
4.628271 0.4416589
2.084327 0.4063006
1.6988 0.416618
1.625049 0.2116686
1.35903 0.3851202
1.77069 0.3781799
1.458665 0.483831
3.587668 0.4475038
1.718406 0.2317506
2.532405 0.3191168
2.974809 0.4454394
2.076746 0.3417624
2.032471 0.2669914
2.578766 0.07532522
1.399947 0.4770173
2.098261 0.28868
2.707239 0.4383594
2.864077 0.3679201
1.421792 0.1188643
2.238396 0.3958428
1.801428 0.08321412
1.925692 0.4783546
2.038281 0.3335365
1.73394 0.3309375
2.742848 0.1963617
2.151371 0.3601048
2.69891 0.2638813
2.564986 0.3924675
1.840072 0.4228513
1.743153 0.293417
1.614538 0.2238784
1.660339 0.1296161
1.310421 0.4150417
1.903692 0.4514931
1.798109 0.3123911
1.341893 0.3722488
1.528795 0.3563291
1.666772 0.2861574
0.8916565 0.3728545
1.219375 0.1743486
0.938217 0.2891745
1.629618 0.3775118
2.389699 0.2298822
1.435997 0.1960753
2.121773 0.3529473
2.37067 0.3852982
3.352074 0.3582404
2.23539 0.4441396
2.54732 0.2503566
3.053468 0.2577917
2.092032 0.3856017
2.28903 0.2919894
1.653927 0.2351014
1.687448 0.4232705
1.53043 0.380042
2.276103 0.4320182
1.646317 0.4375786
2.33997 0.3305377
2.543835 0.2901077
2.284408 0.17044
1.288904 0.4872842
1.29925 0.2231345
1.941844 0.4874178
1.768625 0.1626499
2.042952 0.3969088
1.936059 0.0639973
2.25389 0.3942558
2.292304 0.24514
2.543895 0.498815
3.255797 0.2268882
3.200351 0.4487491
3.005932 0.1290988
2.149627 0.1590932
2.500209 0.1916581
2.041576 0.04878234
2.90754 0.3131298
4.713183 0.4925636
1.971226 0.2100717
4.517703 0.4066945
1.958253 0.2064657
2.922245 0.1482895
2.99541 0.03901454
1.993624 0.2648238
2.304675 0.3969218
1.770611 0.2940819
2.048639 0.2573723
1.992932 0.116415
2.315156 0.0397606
3.368358 0.4296422
2.251751 0.1760903
2.242269 0.08987323
2.139137 0.08814505
2.582862 0.115778
1.776845 0.3097994
2.340213 0.369529
2.006916 0.1517036
1.594745 0.4770261
1.973307 0.4952949
1.738413 0.2178023
2.326559 0.3695719
1.889812 0.04512012
2.007723 0.1436284
1.980523 0.1738249
2.375846 0.1938747
1.715109 0.1085411
2.851665 0.3376995
2.795798 0.1061431
1.641798 0.3864501
1.135318 0.2092627
1.452046 0.2881659
1.736521 0.2061774
1.958708 0.2162021
1.753171 0.4003422
1.521931 0.132165
2.234411 0.228224
3.299749 0.2245069
1.401393 0.2044582
2.859174 0.2943908
2.4295 0.2931211
3.836746 0.05666335
3.012918 0.2175515
3.294975 0.394402
4.072254 0.2435095
3.044005 0.251816
3.583985 0.4464672
1.713806 0.06638212
2.746338 0.09417629
3.07028 0.06304603
2.272305 0.3002551
2.611278 0.2308122
1.484965 0.2437758
1.547537 0.1988433
1.767004 0.4052668
2.068618 0.1019482
3.231344 0.4670967
2.401103 0.3668865
2.663494 0.4309792
2.138977 0.1424008
1.824427 0.4290725
2.546044 0.1737653
2.271132 0.1373487
1.781918 0.3591155
2.064358 0.2520301
2.105053 0.2604529
2.117763 0.1459061
2.825652 0.4469527
2.975455 0.422976
2.050057 0.4470046
2.595131 0.08598258
1.634399 0.4478525
2.486845 0.4033158
2.375802 0.1839231
2.199901 0.2623455
2.558179 0.2993766
3.352804 0.1053621
2.810147 0.319978
1.790335 0.3406453
1.613216 0.2559643
1.880824 0.4298856
2.248824 0.4453947
3.939535 0.2456151
2.275569 0.3568695
2.281995 0.1175405
1.960702 0.2728726
1.639419 0.396835
1.947068 0.2983817
2.101007 0.2063991
2.426748 0.195358
1.465871 0.3997754
1.67232 0.4726203
1.355355 0.3808621
2.171055 0.2611171
2.865486 0.2255953
2.893779 0.4462899
2.885688 0.4969349
3.224655 0.3624195
2.511324 0.2567522
3.240519 0.3747956
2.951118 0.1376826
2.049294 0.3800771
1.870278 0.1682273
2.564525 0.4949018
2.143083 0.4283029
2.448851 0.1975797
2.004645 0.4158752
1.840239 0.1950343
2.248647 0.2378047
4.714617 0.1009845
1.669486 0.1751391
2.744555 0.3751805
2.195986 0.280996
2.340489 0.4446781
2.200538 0.4507244
2.128354 0.4201899
2.102925 0.3723967
1.703269 0.2737537
1.788229 0.4797465
1.761822 0.2723137
1.555903 0.1640444
1.878797 0.3475962
2.621352 0.3123477
2.473939 0.2876017
2.129562 0.3444228
1.239929 0.1877128
2.058346 0.2310853
1.541388 0.4434426
1.662662 0.3266622
2.113204 0.1318259
1.412216 0.128952
3.891394 0.3272847
3.019105 0.458762
2.213273 0.2786061
2.885493 0.1434752
2.514142 0.3703694
2.689871 0.2727976
2.172323 0.4137792
1.850471 0.4333936
1.542593 0.4482641
1.473141 0.4684963
1.690389 0.3410156
1.191614 0.1628432
1.632847 0.08502677
2.174266 0.05619717
1.98916 0.4285535
1.746511 0.3262487
1.960033 0.4976643
2.086289 0.4444041
1.770029 0.3695964
2.443212 0.4608057
3.309104 0.397395
1.835093 0.1807837
1.83487 0.3514875
2.565994 0.2625511
2.831613 0.2010714
2.001098 0.07079816
1.964787 0.04366136
2.536585 0.4553355
2.226849 0.1119354
1.391023 0.07770371
1.477793 0.09012023
1.510112 0.3170749
1.729611 0.2244828
1.878155 0.2873711
3.215498 0.1962088
2.454667 0.3346167
1.716089 0.3563734
1.929955 0.4192893
1.41006 0.4828309
1.513497 0.3881789
1.672134 0.06423391
2.306865 0.202133
2.898062 0.3750844
2.285555 0.08976255
2.070676 0.09024159
3.029434 0.4777329
2.020732 0.1716624
3.090487 0.1748381
3.723579 0.1579333
2.840155 0.3311009
3.013814 0.1338158
1.855362 0.2899618
2.736779 0.2756242
1.968063 0.2272314
2.090658 0.1568183
2.314047 0.4725402
1.371013 0.1167473
1.282097 0.4246122
1.562865 0.426977
1.472985 0.2865411
1.457639 0.2933092
1.33506 0.4217629
1.400433 0.2102588
1.140303 0.02005943
1.059386 0.4514562
1.663398 0.3188592
1.349765 0.09077503
1.385512 0.1413724
1.657452 0.1086084
1.45037 0.09680477
1.275412 0.3721046
1.567344 0.1838203
1.891507 0.3989805
1.888119 0.02297591
2.566162 0.2395995
1.183044 0.1825951
1.91323 0.1574905
1.706732 0.4225773
2.267949 0.08864363
1.993823 0.3907706
1.193308 0.3989917
1.288123 0.4542345
1.316988 0.4139203
1.054519 0.2333389
2.218299 0.389965
3.333531 0.4807137
1.30841 0.3027561
1.620063 0.07660805
1.691804 0.317769
1.992533 0.4786882
1.759879 0.4535367
1.689544 0.1831601
1.914489 0.314645
1.712084 0.271264
1.934718 0.2306614
2.173951 0.2658027
1.326983 0.3601822
1.175731 0.2757286
1.97954 0.3984444
1.589364 0.3911465
1.41497 0.427662
1.63438 0.2333523
2.377703 0.3261762
1.758987 0.4271149
2.244783 0.3352738
3.406977 0.1227474
1.917355 0.2184441
3.370554 0.4659376
2.574002 0.4452896
2.508933 0.3823248
4.184741 0.3982677
1.846018 0.2252204
1.980449 0.4677769
2.145616 0.3434421
3.192644 0.2618145
3.457991 0.2026988
2.266326 0.3071183
2.143944 0.2896579
1.739385 0.1440244
2.042403 0.1734385
2.346943 0.1333474
2.330121 0.2005456
3.279531 0.4487413
4.665037 0.2072474
2.723829 0.4216961
2.695415 0.447452
2.613722 0.1880218
1.894808 0.2754076
1.179013 0.2500961
1.775582 0.4437109
1.389365 0.2463297
1.330231 0.4944931
1.775965 0.4495104
1.883663 0.2303291
1.592308 0.2657325
2.087956 0.2476638
1.782152 0.3594099
1.36145 0.2058529
2.751801 0.3708668
2.725914 0.3646079
2.341633 0.3242909
1.717139 0.2242174
2.652898 0.3262589
2.79767 0.3499617
1.525228 0.4895449
1.341649 0.2978347
1.524795 0.4244933
1.603859 0.4112891
1.439857 0.2984555
1.448945 0.0828186
1.514752 0.3690147
1.451611 0.3856667
2.097685 0.1360451
1.213316 0.2888759
1.59598 0.4396395
1.261099 0.3009399
1.752987 0.09757577
1.360789 0.2633999
2.248728 0.3110037
1.638473 0.2019898
1.908273 0.2834273
2.030976 0.4980738
1.672301 0.3139349
2.083641 0.294537
2.815817 0.1722936
2.643836 0.4218222
1.551749 0.3190469
1.605502 0.4409828
1.781407 0.4144424
1.581542 0.2742348
2.210501 0.2415184
1.559835 0.3734459
2.146373 0.3415701
2.297412 0.2980074
1.838967 0.2070313
2.681562 0.1056768
5.259918 0.4451654
2.169533 0.4238779
1.528325 0.1051593
1.613631 0.2682201
2.07127 0.2794229
2.047898 0.1803306
1.962749 0.3407444
1.874826 0.4179871
2.247294 0.4572614
1.668713 0.1134195
2.082832 0.3618248
1.763311 0.1838747
1.379832 0.4605471
2.489938 0.3623663
1.978827 0.4155074
1.73356 0.1640522
2.210488 0.286763
2.109667 0.316298
1.856586 0.4650086
1.62604 0.142305
0.9861572 0.2618888
2.374646 0.3483501
2.050963 0.4273968
2.177554 0.3097718
1.564218 0.3405213
1.595269 0.4099799
1.934688 0.3079724
3.140316 0.3235622
1.702235 0.3032349
1.520647 0.4399307
2.5945 0.4916522
2.531224 0.4387062
3.890789 0.3800313
3.196097 0.1971977
2.614231 0.1794911
1.354646 0.3645149
1.967696 0.3356326
3.551785 0.1997816
2.242781 0.4712682
2.196853 0.1475292
2.427293 0.3558552
2.158559 0.2630146
2.028243 0.2056965
1.630518 0.1690478
1.18998 0.08193578
0.9698615 0.3736698
1.700108 0.2825956
2.245829 0.4166668
1.578509 0.1913762
1.569143 0.3496327
1.675044 0.2508306
1.273133 0.3107293
1.770614 0.3733146
2.04939 0.3850953
1.342646 0.1480497
1.270694 0.1149495
1.40333 0.1196001
2.943597 0.3703492
2.292015 0.2200211
2.15107 0.1418739
1.238998 0.06425236
1.738104 0.4709003
2.077887 0.174412
1.660069 0.1387986
1.846329 0.1542196
1.705308 0.4222704
1.754513 0.3186581
1.664819 0.3573206
1.638768 0.3140449
1.694642 0.1115132
1.362085 0.4089274
2.103923 0.4731123
1.558505 0.195535
2.532753 0.166289
3.457769 0.2987092
2.360954 0.4020085
1.805257 0.4993731
2.44064 0.3647508
2.589735 0.1121608
2.853848 0.359971
3.807685 0.1083865
1.913862 0.2542419
1.718745 0.4659953
1.419737 0.3677031
2.197777 0.3818819
1.545345 0.4861834
1.960696 0.2936826
1.578763 0.4867995
1.766759 0.4151726
2.593073 0.1603613
2.210561 0.3598832
2.239407 0.08732617
3.239698 0.316056
2.61148 0.06824812
4.801809 0.2604411
3.645977 0.4503787
2.641104 0.482856
2.424877 0.3558481
2.21808 0.2877179
2.111404 0.4064865
2.304228 0.4258693
2.703973 0.2401671
1.69747 0.3825697
1.840647 0.2712042
1.850541 0.3637417
1.724047 0.4183904
1.739593 0.1851018
1.058342 0.3456659
0.9695406 0.4583018
0.9683496 0.3348105
1.215549 0.3270512
0.8387214 0.4825418
1.181901 0.2384735
1.087016 0.3540241
0.8996266 0.2503313
1.616239 0.3871482
2.307996 0.1917037
1.328081 0.1043301
1.776077 0.309351
2.632869 0.3851127
1.717186 0.245338
2.059544 0.4759228
2.20908 0.3499054
2.699132 0.08420531
1.766976 0.1683166
1.613753 0.3381023
1.613931 0.2813146
1.630417 0.3330896
2.110112 0.4180863
1.887027 0.4204868
2.033372 0.4263422
1.714063 0.4216023
2.23003 0.4959089
2.770926 0.1773018
2.036288 0.1599148
2.250878 0.4227131
1.859569 0.3755095
1.68828 0.3618211
1.729115 0.08166159
1.801203 0.2784414
2.06044 0.2763163
1.607881 0.2808471
1.163738 0.4321634
1.438877 0.3084204
1.504482 0.465544
2.071687 0.1330878
1.099606 0.4487214
1.709834 0.1914317
1.55435 0.1314015
1.523927 0.4758164
2.032298 0.4943659
1.687927 0.2142123
1.479558 0.444477
1.891985 0.3948732
2.687858 0.4313122
3.199523 0.3318177
1.655486 0.4907977
2.096067 0.4291098
1.735534 0.4754389
1.788678 0.3099843
2.260471 0.4733628
1.376913 0.4156027
1.425829 0.4626687
2.03209 0.2640192
1.907148 0.4921247
1.816755 0.4748252
1.788625 0.2593502
2.046409 0.3826205
2.503394 0.2798281
1.861732 0.3851739
1.900327 0.3211245
3.728418 0.13033
3.340643 0.28147
2.192811 0.4777741
2.839331 0.2351739
3.880444 0.4068858
4.737898 0.03434847
3.543912 0.3609169
5.011871 0.05883684
2.39323 0.09153254
2.830127 0.4300364
3.755765 0.07949743
5.370023 0.04408785
2.960668 0.183881
3.77178 0.1598608
2.447274 0.3659634
2.205429 0.2669666
3.054224 0.09397078
2.225765 0.3930269
2.24599 0.03032197
2.04657 0.2827019
2.5434 0.4275309
3.502379 0.4601506
3.447763 0.3969229
2.550771 0.3786973
1.903169 0.275398
1.785322 0.2330123
2.255588 0.4227288
2.876758 0.250595
3.087989 0.124192
2.398387 0.2586989
1.427473 0.3043174
1.474587 0.258861
2.180145 0.2497709
2.280039 0.4185433
1.702353 0.09957838
2.244195 0.2078973
2.904615 0.2654873
3.344103 0.3049246
2.943663 0.3648456
2.128572 0.0685526
2.262164 0.06306186
1.747187 0.3073178
1.464546 0.4748762
1.689875 0.2231953
1.327268 0.3281002
1.360119 0.3868983
1.700046 0.450458
1.636732 0.3781959
2.31884 0.175826
1.735909 0.4715503
2.547194 0.2396224
1.926034 0.4537437
2.376647 0.4085569
1.649492 0.3142327
1.889075 0.4236788
1.372556 0.2922526
2.078587 0.4579448
2.276373 0.2512655
2.055479 0.4949158
2.173803 0.1837678
2.131728 0.4166642
1.723626 0.4018695
1.78194 0.3714824
2.324439 0.1058795
1.777396 0.2516595
2.161462 0.1418352
2.142967 0.3096875
1.42314 0.4158999
1.498552 0.2400133
1.967939 0.4457884
1.50205 0.2524368
1.707713 0.319177
1.966976 0.3805678
2.085051 0.309918
1.997364 0.2552126
2.681293 0.2596455
1.83801 0.2476405
1.644229 0.4078579
1.524373 0.1009839
2.089688 0.1368276
2.694322 0.396366
2.747034 0.4102841
1.848094 0.4108427
1.940202 0.412613
1.33801 0.4665475
1.742362 0.4588088
1.159663 0.4494957
2.142217 0.2470228
1.949588 0.30375
1.804565 0.2502924
2.227634 0.2585255
1.554608 0.1383834
2.715785 0.2168246
2.379847 0.445528
2.800581 0.09982848
1.746795 0.3344048
1.58241 0.3840907
1.277904 0.04428303
1.674861 0.238917
2.117555 0.05488172
1.969363 0.2972989
1.751991 0.2150788
1.373082 0.3597839
1.444154 0.3335356
1.565629 0.3423796
1.299452 0.2005021
1.840833 0.3212444
1.458698 0.4832133
0.9435745 0.462655
1.338249 0.1357642
1.600649 0.4872641
1.455569 0.11599
1.708803 0.2616611
1.329529 0.4503858
0.9203731 0.478233
1.696246 0.3030319
1.208064 0.2672762
1.143905 0.1953863
1.81003 0.3078261
1.54926 0.4156251
1.476778 0.3103383
1.132158 0.319037
0.9977911 0.1702328
1.010995 0.1226014
1.294181 0.4374248
1.478343 0.3069438
1.37231 0.1239556
1.543865 0.2530941
1.458453 0.2740146
1.631892 0.3692723
2.736934 0.3881038
2.619665 0.2910777
2.413187 0.1754617
1.648406 0.1766144
1.925348 0.303187
3.683565 0.1359473
2.441261 0.1776608
3.063479 0.4939057
2.57128 0.3177291
2.240117 0.3238255
2.880406 0.4655668
2.864854 0.1774468
2.181307 0.4649858
3.069159 0.1317243
3.04111 0.1138551
2.623947 0.1587364
3.668635 0.4008527
3.755598 0.2875906
3.463018 0.2560032
2.714087 0.2669896
2.631127 0.1039179
2.48115 0.05453933
2.34075 0.4284201
2.703182 0.4141935
2.952585 0.4394142
5.545513 0.3401269
3.239522 0.3427554
6.718097 0.3945643
4.24544 0.249199
5.230458 0.3362385
2.371718 0.3973605
3.317981 0.46746
2.095445 0.2478354
2.08672 0.1387538
2.249642 0.1051943
2.200365 0.1069995
1.784927 0.1656367
1.461866 0.2491923
1.855296 0.07290889
1.586137 0.2423389
1.822972 0.319204
1.952207 0.364343
1.69313 0.2663901
2.510558 0.4258343
2.730573 0.2127872
3.792475 0.1328213
4.810413 0.2049469
2.960805 0.4999944
2.410153 0.3104658
2.738919 0.4394594
3.143159 0.2283583
1.952547 0.1600635
1.600786 0.349135
1.976175 0.1646788
1.549805 0.3847288
1.894428 0.419087
2.675689 0.4474309
1.767453 0.172159
2.250039 0.2826778
2.205329 0.4126661
1.682873 0.09049904
1.89837 0.4876673
1.14927 0.4420542
1.525381 0.4537421
1.498408 0.1752542
2.50322 0.09817391
2.171227 0.4945235
2.963297 0.4140424
1.941248 0.3997265
1.590034 0.3867202
1.868536 0.3262436
2.875332 0.4146455
1.815921 0.1298904
1.801971 0.4624436
1.394832 0.4615037
1.394022 0.3842469
2.442173 0.2801915
1.807361 0.3504467
1.600537 0.4420561
1.7157 0.3772983
2.101799 0.3267686
2.24299 0.2707739
2.057188 0.2740164
1.863338 0.3854973
1.999389 0.2819247
2.487311 0.274297
2.890687 0.4234946
2.455408 0.11906
2.016254 0.3396409
1.447126 0.3130308
1.834401 0.2446086
1.648307 0.08739537
2.033609 0.1924645
1.771287 0.2871128
2.521505 0.2742657
1.138233 0.3640259
2.901877 0.4620977
2.24177 0.08472094
3.175671 0.4268296
2.514459 0.3181951
1.344196 0.2460248
2.140648 0.3528068
3.99345 0.1306978
4.206812 0.3365683
3.95211 0.4446778
2.29251 0.4887537
2.136025 0.4209214
1.905116 0.3713575
2.943052 0.1725762
1.748372 0.4317271
2.927229 0.2316586
2.729945 0.06726589
2.986192 0.4421241
4.376445 0.1415469
2.532366 0.4087393
2.193887 0.2176015
1.807063 0.3467671
2.203299 0.2085039
1.878765 0.3819813
3.169019 0.4394059
2.261618 0.3337851
2.206678 0.4354271
1.899575 0.1962232
1.251896 0.1624921
0.9484643 0.4283163
1.422647 0.3287138
1.128805 0.4263533
1.63124 0.2083034
1.404078 0.2065725
1.58412 0.3720444
1.424585 0.2276377
1.13822 0.04554254
1.11012 0.2288258
1.772944 0.464256
1.817325 0.09191943
2.020164 0.2016978
1.620872 0.3843192
2.343172 0.4636378
1.610247 0.2918109
2.188819 0.3035832
2.79202 0.2647534
2.7005 0.2449785
1.812897 0.1052945
1.783074 0.2887721
1.707046 0.3970969
3.123555 0.3540558
2.150558 0.2180618
2.635034 0.269245
3.4591 0.4335706
1.721835 0.3889333
1.70219 0.4863143
1.346257 0.3775881
1.436398 0.4080138
2.038265 0.2403444
2.578836 0.1745428
2.845315 0.4090776
3.494374 0.1962274
2.312131 0.3194029
2.562922 0.4415654
2.703063 0.4225046
2.419632 0.3542705
1.834464 0.3496119
2.640349 0.3045257
1.896334 0.3465176
2.378069 0.3837781
2.114859 0.3994277
2.795686 0.42665
1.745312 0.4049045
1.594493 0.07009771
1.936917 0.3907788
1.126326 0.3686646
1.6722 0.2624483
2.478677 0.1983555
2.215845 0.2676188
2.354355 0.190426
4.359575 0.03772715
3.096285 0.1538309
3.790686 0.3138823
1.950241 0.3437769
2.859974 0.4426429
2.711966 0.4657294
4.543153 0.3207579
3.7348 0.3554314
1.932744 0.4824808
2.300661 0.3809862
1.249898 0.3518248
1.709888 0.3224982
1.39946 0.4802214
1.409104 0.3035889
1.886196 0.1875515
1.223806 0.2736396
1.435477 0.1433596
2.286902 0.467795
1.602509 0.1858322
1.803252 0.0988386
2.132567 0.1242679
1.291203 0.4181736
1.593209 0.2147172
1.934812 0.1455775
2.69622 0.0548612
2.250923 0.4300251
1.681711 0.2275202
1.575631 0.3227693
1.478296 0.484673
1.803158 0.3647926
1.617604 0.3259963
1.476438 0.4285
1.302575 0.1006289
1.722892 0.4275128
1.163052 0.2673965
1.81942 0.2589179
3.185985 0.3933067
1.749587 0.07211847
2.535885 0.4653817
1.332593 0.489835
2.050772 0.2880391
2.745045 0.2596708
2.206981 0.4654278
3.489577 0.2572546
1.520822 0.4897807
1.175762 0.221511
1.547181 0.2827245
1.847356 0.3286217
2.739725 0.4890841
2.124057 0.3064319
1.779076 0.4719933
1.566054 0.06548087
1.6455 0.2236792
0.9722982 0.3507676
1.669891 0.2083863
2.0861 0.04913676
1.547751 0.3574868
1.770287 0.3820488
1.739614 0.1396685
2.012687 0.4846577
2.758208 0.1816465
3.335823 0.4241558
2.2459 0.3741683
2.391145 0.3089907
5.092932 0.2232326
2.662014 0.4191621
4.498833 0.287479
4.703835 0.4131193
2.949618 0.3354689
2.822133 0.2648398
2.340027 0.2595354
1.863907 0.4810197
3.124393 0.4458699
2.49846 0.0608803
4.088611 0.4441903
2.821052 0.2783237
3.182881 0.4849286
2.917143 0.3851349
2.332039 0.1339491
1.425802 0.464363
1.535191 0.132192
1.800113 0.3480792
3.325438 0.1377418
2.982715 0.4040439
2.163676 0.1589239
1.657534 0.2725343
1.390713 0.2125954
1.464312 0.2888136
1.474283 0.4096429
1.516786 0.08069745
1.68799 0.402444
2.177004 0.4435402
1.948512 0.2015846
1.272459 0.4307506
1.577118 0.4287301
2.254932 0.1377484
2.320344 0.3725298
1.803236 0.4928422
3.192709 0.4677783
3.829116 0.1298481
1.901341 0.09885163
2.349768 0.06709361
1.322051 0.1946642
2.113922 0.2509604
1.31305 0.358157
1.505102 0.4221002
0.963971 0.3259551
1.438988 0.1922378
1.580947 0.3234322
1.361967 0.4702001
1.388187 0.4235996
1.61736 0.4570956
1.920491 0.2572264
1.264154 0.1542963
1.637613 0.05027017
1.945665 0.07250862
1.504529 0.1148717
1.726044 0.43789
1.891436 0.3093878
3.299378 0.3147444
3.888417 0.1732924
2.077504 0.03027369
4.092095 0.4138738
2.636619 0.4956338
2.545418 0.3039689
2.789986 0.4391705
2.607832 0.3668186
4.708063 0.1246145
2.504585 0.2188648
3.240947 0.1631446
5.21449 0.4463014
4.131765 0.02658149
2.871179 0.3052935
1.831047 0.2261443
1.56698 0.4893224
1.351074 0.09596168
2.353823 0.3410592
2.372919 0.4788485
1.833248 0.0988958
1.702615 0.3770616
1.341813 0.3248943
1.519524 0.2448163
1.387484 0.3165378
1.351245 0.2667049
1.525499 0.0905995
1.354939 0.3851386
1.126987 0.2710729
2.272002 0.3940178
2.145943 0.2800295
1.895236 0.4250352
2.242764 0.09089427
2.170434 0.05166996
2.373528 0.4938513
2.214012 0.47497
2.905777 0.370823
2.897775 0.062298
3.829554 0.4647296
2.130862 0.2974514
2.001279 0.3495951
2.576421 0.417748
2.323403 0.2727213
2.01865 0.4477564
1.509123 0.3747592
1.323473 0.4089734
1.810966 0.1743011
2.872324 0.2766068
1.956392 0.2816806
2.39136 0.02690349
1.764685 0.487611
1.800185 0.3313922
1.801671 0.2363442
1.207726 0.2072526
1.40416 0.4897453
1.271183 0.3411009
1.405286 0.2182116
1.534626 0.1435796
1.721889 0.3220362
2.567773 0.3983711
2.66523 0.1181349
2.210531 0.2536501
2.316618 0.1570029
2.119698 0.2602294
1.650494 0.3833146
2.79018 0.3942678
1.762411 0.03047796
3.121036 0.4269013
1.550734 0.3716453
1.987231 0.4577525
1.948751 0.4097413
2.536703 0.4132516
1.23819 0.4680674
1.326847 0.4150536
1.222503 0.05469769
1.290298 0.301613
1.726613 0.4312331
2.412287 0.2129898
1.901997 0.316402
1.450696 0.4347768
1.854455 0.4839834
1.949916 0.4575538
2.274216 0.3889392
1.737912 0.2608795
1.778743 0.4942108
2.321581 0.3767004
1.484203 0.3846076
1.407312 0.4349904
1.389531 0.3404201
1.364193 0.4028406
1.374196 0.2984213
1.040327 0.3000041
1.88427 0.2928172
1.426964 0.2752437
1.797987 0.4602932
2.385593 0.2703566
2.530924 0.2910261
2.03752 0.4785764
1.714552 0.4467731
2.134578 0.4960484
1.805941 0.3161456
2.038494 0.4081881
2.402741 0.433342
2.691951 0.4331988
2.811595 0.2534167
2.297705 0.4148719
1.542409 0.2250148
1.83426 0.4464587
1.580348 0.4674283
1.598495 0.3674452
1.238129 0.2081042
1.181657 0.1436123
1.701773 0.4314975
1.33625 0.3223458
2.411296 0.3394778
1.593487 0.2722405
2.053281 0.2795074
4.116595 0.3108316
3.128325 0.02304226
1.590985 0.3767901
1.594274 0.1170912
1.934769 0.2486345
2.326607 0.21304
2.314907 0.3734662
1.95098 0.2777867
2.383367 0.3847212
3.242929 0.3655982
1.765819 0.06978873
2.732194 0.2093898
1.567854 0.2986859
1.693367 0.3262887
1.823813 0.4533628
1.564186 0.1361547
1.311556 0.1973604
2.434969 0.4417098
1.390815 0.3750859
2.913935 0.4079877
3.56579 0.06779987
2.907801 0.1136988
4.109418 0.1823503
3.580771 0.2143785
4.746652 0.2584766
3.598149 0.335788
1.920912 0.2511577
2.214558 0.3530254
2.002568 0.1202337
2.758253 0.4478555
1.806395 0.435173
1.729953 0.3361773
1.476314 0.1726954
2.336479 0.163491
2.436207 0.4297
1.814925 0.3479933
2.639072 0.1684899
2.739197 0.2267845
1.729262 0.4655914
2.726935 0.3360656
2.768607 0.2731523
1.971658 0.1097512
1.839906 0.4339756
1.640532 0.3036461
1.91427 0.1524425
1.745329 0.2106574
2.013302 0.265447
0.9850708 0.4017097
1.641357 0.3738366
1.820662 0.2543752
1.460929 0.3868228
1.325824 0.1343736
2.135274 0.04554373
3.603767 0.2463118
3.243069 0.4731135
3.220423 0.09050572
2.458224 0.2816752
2.649831 0.4287483
2.750056 0.132011
3.118361 0.255615
4.389076 0.194354
2.486033 0.4379233
3.151578 0.2432699
2.582624 0.3406417
1.781393 0.4663002
1.852078 0.417163
2.428403 0.1720689
1.923722 0.4067364
2.204376 0.3468883
1.57103 0.3040442
2.393154 0.4452367
2.695175 0.2169497
2.822417 0.2557935
1.537746 0.3874618
1.797497 0.4228503
3.002749 0.3406307
2.252693 0.462102
2.678898 0.2309526
1.658798 0.3775884
2.001205 0.205022
1.601323 0.4879679
2.646019 0.4747245
1.744083 0.2981728
1.366918 0.4177755
1.56567 0.1273601
1.455204 0.4365306
1.410036 0.2419442
2.179887 0.3043423
1.850034 0.2064485
1.173578 0.2916882
1.139119 0.3029577
1.170376 0.1928686
1.450443 0.3374741
1.154813 0.2635991
1.170045 0.2948612
1.308582 0.2073832
1.440711 0.3456667
1.772937 0.4235356
1.342602 0.3492133
1.497018 0.4668631
1.893932 0.3033078
1.405311 0.4097424
1.358758 0.4249533
1.611084 0.499576
1.297333 0.06716635
1.037061 0.1727002
1.520235 0.3093271
1.121132 0.1778686
0.9511886 0.208551
1.540091 0.3098084
1.56748 0.313775
1.673587 0.1908019
1.629903 0.1836307
2.816221 0.4400785
0.9338522 0.3937579
1.529632 0.1107504
1.114238 0.4628154
1.954861 0.1199147
1.678523 0.3874182
1.155103 0.4631302
1.910594 0.3160792
1.609661 0.2031912
1.698673 0.2578906
1.774897 0.1045316
1.734922 0.1710602
2.117013 0.06584305
1.377906 0.4355962
1.072207 0.3838735
2.159681 0.1977009
2.315207 0.1898617
1.42946 0.4079135
1.763869 0.3388379
2.161779 0.4808782
2.000033 0.3956069
2.078113 0.3726336
1.645366 0.4256277
1.953535 0.3198
2.317983 0.1405342
2.280367 0.3786121
2.167584 0.2129604
2.675971 0.419297
1.735923 0.1837263
2.131454 0.2237556
1.269999 0.2824469
1.089041 0.4341767
1.460578 0.2220249
1.22 0.1852915
1.715254 0.2425526
1.909129 0.369697
1.672253 0.4637478
2.305493 0.4766854
1.582111 0.2434673
1.339557 0.2218903
0.9749521 0.4965386
1.372461 0.493276
1.205309 0.3612541
2.112837 0.3263218
1.492024 0.2753811
1.816238 0.4720795
1.89478 0.3591864
2.293336 0.08841187
2.011133 0.3114976
2.237162 0.3506732
2.632367 0.2226025
4.564077 0.08870226
2.204863 0.1878384
3.637234 0.4565414
2.40253 0.33829
2.670384 0.08887574
2.60987 0.2437502
1.435502 0.3520532
1.983051 0.4427788
2.919835 0.2714046
2.299234 0.3173487
1.685617 0.4062526
2.633614 0.3190159
2.158625 0.205477
1.261975 0.4177326
2.259074 0.1496664
1.856612 0.4558607
1.581601 0.4341092
2.314538 0.3093725
2.591357 0.4506173
1.750458 0.03311044
2.299388 0.2857999
1.750402 0.2703123
1.430445 0.4018639
1.240355 0.2127883
1.829962 0.4152341
1.656241 0.4415026
3.077365 0.2112711
2.404982 0.4354254
1.820307 0.378652
1.599888 0.234541
1.677147 0.1152792
1.518233 0.4435878
1.361447 0.1742154
2.339485 0.3477338
1.666315 0.230196
1.835095 0.1402908
1.577588 0.3950641
1.515695 0.4014632
1.745711 0.3483154
1.841371 0.279998
1.180177 0.4267625
1.270396 0.4147925
2.39241 0.1841061
2.163183 0.2842027
1.135017 0.2594087
1.922011 0.3096585
2.687765 0.4544022
2.420782 0.2989821
1.615176 0.3361114
2.592817 0.1730693
2.007027 0.231958
2.297042 0.1451585
2.480771 0.2949107
1.882861 0.224485
2.552109 0.4911091
3.73773 0.2217949
1.86734 0.4207859
1.918428 0.4839308
1.88414 0.4549889
1.98462 0.1937639
1.597216 0.376872
2.236399 0.4496236
1.468887 0.2524473
1.677298 0.4927506
1.924582 0.3479747
1.380352 0.4447618
1.930799 0.4337483
1.889001 0.1851426
2.075991 0.3545743
1.855623 0.4762452
1.786687 0.271365
1.526749 0.3752262
3.378419 0.09415951
2.574071 0.2627593
3.155871 0.4040243
3.022281 0.3384855
1.458743 0.3299346
1.938749 0.4412918
2.166153 0.08381916
1.631173 0.1374269
1.075089 0.2114637
1.390305 0.3734664
1.41522 0.0737729
1.421585 0.3808282
2.060708 0.1504074
3.121409 0.3991889
2.215671 0.2181011
2.396233 0.4295293
2.150866 0.3038427
2.650718 0.2034832
3.109638 0.4867354
2.248403 0.244918
1.603604 0.3300364
2.016936 0.4635632
2.169167 0.3640177
2.254537 0.3401397
2.012301 0.4978454
2.757874 0.08738013
1.84692 0.2262968
1.65596 0.1857331
4.602769 0.4309629
2.747427 0.4743905
2.374046 0.1297453
2.162208 0.2996588
2.062876 0.4683732
1.924448 0.4335482
2.906141 0.1087021
2.27553 0.2980644
1.764689 0.1207514
3.039765 0.2650009
1.85244 0.4954976
1.738044 0.2748124
3.860827 0.330669
2.171123 0.1768286
3.166247 0.213738
2.571418 0.4315571
2.177762 0.1721707
2.090298 0.3624881
1.532591 0.403955
1.428702 0.251684
1.94119 0.2016517
1.370402 0.4218353
1.5484 0.287141
1.860307 0.3974582
2.09601 0.2047081
1.445453 0.2495281
1.581157 0.08344747
2.121586 0.4351564
1.927401 0.4534101
1.863687 0.3549254
2.221554 0.2752375
2.005087 0.4213488
1.977384 0.1888395
1.711373 0.3286266
1.881458 0.440932
1.530133 0.2257914
1.553119 0.4744837
1.639263 0.1570454
2.789581 0.2145258
3.270716 0.360611
3.289304 0.1379417
5.951119 0.1538127
3.574623 0.1224867
2.745718 0.1594318
3.997055 0.4897108
3.32964 0.305488
2.675182 0.3505379
3.652886 0.4196311
2.809991 0.1823586
3.064656 0.4341728
2.722594 0.4794326
2.516383 0.3635532
2.001237 0.1995924
2.145211 0.2431582
2.529288 0.3023209
1.827596 0.3484059
1.640693 0.3063002
1.424555 0.3181629
1.626138 0.2899715
2.34789 0.251766
2.45849 0.3247534
1.220308 0.08304109
2.018635 0.483592
1.495595 0.2610724
3.233092 0.2416063
2.58912 0.2646322
2.58259 0.2581063
2.40854 0.4168489
1.607113 0.3163732
1.662109 0.3306713
1.750212 0.3456863
1.767864 0.3020529
1.952826 0.4081284
1.490275 0.2306318
1.776891 0.1723597
1.790207 0.3462148
2.073441 0.4375939
1.413551 0.1758775
1.961919 0.3854046
1.714878 0.2505632
1.761997 0.3551167
2.001156 0.4279198
2.453825 0.309392
3.518469 0.4667863
1.887289 0.4972304
1.633935 0.4985438
2.09501 0.2159809
2.900743 0.1143518
2.236898 0.2109476
2.367819 0.4477506
2.888264 0.2493769
3.272169 0.3327292
1.322049 0.4197373
2.72115 0.1702232
3.529435 0.2263518
2.42957 0.3327197
3.522112 0.3591586
5.923832 0.2349798
2.389904 0.3236706
4.472499 0.4035007
2.166726 0.3433261
2.35844 0.4018689
1.638173 0.3926891
2.823338 0.2656402
2.094234 0.1968592
3.445756 0.42043
2.856334 0.4381077
3.016279 0.39232
3.690574 0.2675877
2.295112 0.2068537
2.533716 0.3288331
1.245375 0.4900986
3.034418 0.1088445
2.458186 0.4237269
1.921819 0.06138862
2.214384 0.1796881
2.012364 0.3353534
2.124556 0.04345713
1.557978 0.3931155
1.30724 0.4691732
1.335818 0.3350266
2.303951 0.4064599
2.627354 0.1890431
2.258596 0.2026208
2.258672 0.3952661
2.38096 0.2423012
1.59978 0.473194
1.93101 0.3169777
1.332686 0.3935745
1.527496 0.3965777
1.891943 0.1920695
1.81666 0.06572264
2.008143 0.2659938
1.750992 0.3894694
1.844965 0.2161952
2.775427 0.2311326
3.061136 0.1092187
3.111047 0.2883848
2.964182 0.361922
2.449359 0.04947174
2.433001 0.4000438
1.972851 0.1809325
1.597207 0.4071566
2.60082 0.1818383
2.103783 0.2554934
1.18332 0.4237932
1.945428 0.4005017
1.121909 0.2012195
1.103981 0.4661771
1.671655 0.04353832
1.588674 0.4323024
1.379174 0.174633
1.434075 0.4608989
1.845741 0.3118453
2.161454 0.4581395
1.300601 0.3132487
1.198758 0.378187
1.239783 0.3150665
1.036466 0.243565
1.64279 0.3332466
1.34479 0.1673894
1.735287 0.142339
2.01265 0.1682381
1.762759 0.1793446
1.535093 0.4215447
2.196406 0.4555992
3.104867 0.315252
3.194996 0.2362987
2.791909 0.4065909
2.255641 0.4719463
3.598356 0.2269719
1.625425 0.2258314
3.269254 0.4335582
3.157671 0.4061944
2.832086 0.3808962
2.573729 0.3599972
2.793021 0.4038717
2.248391 0.2778333
1.717737 0.3280636
2.214092 0.07298055
1.993425 0.03104278
1.572489 0.4916851
2.236183 0.4755313
3.024278 0.414295
2.562974 0.1586074
3.606681 0.3529268
3.167222 0.4591293
1.827445 0.30758
2.429832 0.466277
2.42326 0.1738106
2.35077 0.3795214
2.245105 0.4653915
1.707158 0.3676052
1.809099 0.1649961
1.203092 0.05558096
1.667768 0.1758351
3.07107 0.2018789
1.926687 0.1700401
1.660149 0.4822422
3.032467 0.4599158
3.27028 0.3467169
2.566506 0.1332231
1.973281 0.4661512
1.289553 0.3515813
1.144153 0.3654645
1.514601 0.4047494
1.595041 0.3864658
2.448768 0.4672816
2.074122 0.4404555
1.789019 0.4999178
2.380025 0.2720447
1.729735 0.466558
2.417132 0.3919743
1.632844 0.3068542
1.566684 0.07032684
1.966253 0.4176102
1.837695 0.1696755
1.883407 0.3028542
2.548844 0.3468326
2.460589 0.1325993
4.245892 0.4751629
2.889194 0.4587771
3.234296 0.4234501
2.182783 0.2314242
3.120194 0.2237865
7.606564 0.1426845
3.100436 0.3677568
4.058728 0.3534335
3.392557 0.08093715
2.314395 0.1932419
2.802238 0.223095
3.180249 0.3264871
1.890253 0.15732
2.988435 0.4144932
1.698938 0.2103367
3.655995 0.1982195
4.494902 0.3213167
3.684513 0.207502
2.200361 0.3920915
1.929018 0.1571631
3.745826 0.3995015
2.598257 0.347719
1.783359 0.2111049
3.043006 0.4512159
2.22109 0.3926593
1.820183 0.2520502
1.667002 0.4581838
2.836044 0.07004065
1.539285 0.2632456
1.755726 0.4184134
1.532534 0.315932
1.621058 0.3126017
1.707906 0.3005521
1.804343 0.4092947
1.449043 0.05004547
0.9596743 0.1774941
1.261448 0.266139
1.261333 0.2810778
1.566289 0.2760333
1.792149 0.2917343
1.641705 0.4467491
3.452019 0.3338317
3.528654 0.1307782
2.277821 0.1872289
2.617701 0.1990465
2.312771 0.2211365
2.060869 0.3231065
2.426238 0.4068377
2.451575 0.1115828
4.248113 0.4641357
2.97356 0.2019674
2.856733 0.4877753
2.082888 0.3972846
2.101312 0.2146978
1.91736 0.289204
1.69025 0.3554936
2.940343 0.4305583
2.711363 0.2798025
3.463467 0.4469566
2.144154 0.4033284
1.936803 0.03424254
1.654039 0.4278255
2.419655 0.242065
3.349609 0.2637086
1.702262 0.4744491
1.729608 0.07312384
3.145603 0.3835026
2.870911 0.2498733
2.473518 0.2246202
1.894109 0.420339
2.103463 0.1963251
2.62308 0.408519
2.105008 0.2974047
2.065323 0.4624133
2.38822 0.2345206
2.132876 0.2179846
1.65139 0.3550741
1.744941 0.1655555
1.253393 0.4058537
1.778824 0.1697314
2.123606 0.2570766
3.079216 0.1536026
1.961382 0.471225
1.961498 0.3343485
1.493837 0.4427584
2.158674 0.1885412
1.657588 0.4119951
1.670313 0.134206
3.091542 0.09076271
2.882418 0.2254374
2.259744 0.2478346
1.924882 0.2800246
1.442293 0.3001439
2.079722 0.3227685
2.341304 0.1305722
1.799225 0.3169691
1.860726 0.05181976
3.509132 0.2487072
2.318133 0.3375871
2.098191 0.4676975
2.237387 0.3115528
2.23937 0.3052493
1.907642 0.2889504
1.930546 0.4237959
2.131481 0.4456259
1.828357 0.2077094
1.437352 0.4094437
1.650379 0.3445112
1.090189 0.4874332
1.180459 0.4202147
1.084958 0.2768473
1.733124 0.4209141
1.160846 0.4971078
1.354945 0.4373475
3.003173 0.3149536
3.114967 0.2671266
3.358476 0.09347598
3.912124 0.2749384
4.695199 0.1436141
4.013436 0.2620887
6.343092 0.3425973
5.847889 0.1216009
4.074125 0.08151696
3.289534 0.3445484
2.68145 0.136986
2.539269 0.4246901
2.704926 0.4993421
2.570282 0.414352
2.631076 0.4504077
2.181255 0.341383
2.091354 0.4669915
2.485746 0.3969201
3.616938 0.4121231
1.471891 0.3831484
1.38618 0.3007114
1.323304 0.4205959
2.087687 0.3315744
1.686403 0.3226688
2.160154 0.266815
1.86256 0.3373111
2.348671 0.2930722
1.381103 0.379904
2.402416 0.02572948
2.347203 0.3069403
2.565495 0.4390247
2.072095 0.4113008
3.062905 0.311644
2.39218 0.2289313
2.602657 0.4150365
3.384704 0.4891281
1.74725 0.3915503
1.477262 0.4430034
1.023511 0.458162
1.663835 0.3885602
1.737662 0.3350813
2.074707 0.3695252
3.535871 0.2602881
1.916743 0.06268876
1.949535 0.3305959
2.237739 0.3238274
1.493919 0.3222449
1.636116 0.4702252
1.723682 0.2007184
1.753616 0.09072017
1.993285 0.4300751
1.927647 0.2839813
2.672162 0.1942549
3.193163 0.4172256
2.882365 0.4201479
2.754703 0.1347645
2.307579 0.2399361
2.662956 0.4112694
1.466447 0.185124
1.941343 0.3743134
1.268415 0.2015176
1.373552 0.1416993
1.64683 0.3373121
1.547663 0.4139078
1.778007 0.4088932
1.540957 0.1612865
1.353985 0.3813995
2.074579 0.2598121
1.346188 0.2493606
1.205374 0.1152799
1.133469 0.2327694
1.501209 0.3635596
1.276483 0.4785285
1.871843 0.4134733
1.96887 0.441272
1.480138 0.0948767
1.427671 0.3510583
1.572437 0.1800382
1.910832 0.4892057
2.550733 0.3022938
1.903332 0.1528811
1.563677 0.466587
1.704357 0.4395339
1.89487 0.4144466
3.411813 0.3948394
1.771781 0.2423316
1.975524 0.2505508
2.381561 0.4185269
2.050434 0.3184902
1.807527 0.04038636
2.102466 0.2461455
2.247969 0.1877305
1.579636 0.4411468
1.933169 0.4709919
1.94424 0.4156732
2.277742 0.2709289
1.804263 0.2955305
2.237885 0.2921288
1.430618 0.2790911
1.777936 0.1613146
3.164443 0.2296008
1.645673 0.140335
3.708676 0.2491208
2.45986 0.103042
1.41489 0.4191543
2.590983 0.3140144
1.403255 0.4782209
2.350947 0.1521861
1.280067 0.4968097
2.355224 0.3889021
2.578715 0.2028291
1.797747 0.1639767
2.52878 0.4073417
1.535717 0.08965753
2.038436 0.2048061
2.441581 0.3241858
3.677853 0.423728
2.324597 0.3515288
3.256752 0.4487699
3.655973 0.2784877
1.765938 0.3696743
2.71471 0.4182018
2.016274 0.1981499
2.36103 0.4279643
1.746302 0.1318656
2.6708 0.3476048
1.160017 0.4332012
1.489827 0.1949337
1.7377 0.360039
2.081263 0.3513153
2.879921 0.4422473
2.29754 0.404299
2.622957 0.4831793
2.355929 0.490506
2.206106 0.3489073
1.416722 0.1125865
1.800786 0.3960374
1.24699 0.2305267
1.553717 0.1530578
1.570776 0.1909145
1.728486 0.4199736
1.825349 0.447272
1.615565 0.2612352
1.319526 0.4981361
1.618292 0.431266
2.015771 0.4455036
2.979704 0.3218606
2.246605 0.4441527
2.374357 0.4219175
2.403552 0.1941454
3.50275 0.04197208
2.709645 0.07629875
2.835369 0.3118617
2.896075 0.2725349
3.533761 0.448516
5.252969 0.2428932
1.109057 0.3171191
2.448106 0.2829662
2.369 0.444449
4.15412 0.2954406
2.412917 0.1757951
2.537101 0.3249642
3.002061 0.1504685
4.132202 0.1286266
1.942122 0.4730892
2.673408 0.2950457
1.769827 0.4787997
1.868978 0.2275754
1.07405 0.4051868
2.370078 0.4760871
2.496063 0.4642584
1.785554 0.3273759
1.977454 0.2043028
1.730431 0.2692567
1.845127 0.4553449
1.319447 0.173139
1.714684 0.4772379
2.056364 0.070495
1.969274 0.279172
1.212379 0.2318501
1.170695 0.4187179
1.564653 0.4421901
1.536381 0.249255
1.852118 0.333641
1.674868 0.2460057
2.178962 0.4467601
1.713351 0.3537932
1.419251 0.1702097
2.4223 0.4872959
1.739264 0.4476367
1.782341 0.3585341
3.176715 0.1519101
2.901504 0.4620208
3.52938 0.1728413
3.141648 0.2275154
3.173803 0.1631253
4.285196 0.1418706
4.22557 0.0911315
4.2652 0.3032909
1.946831 0.4248566
4.707635 0.3446531
3.437813 0.2594838
1.966016 0.2845904
2.003121 0.07133844
1.029607 0.3311183
1.688918 0.3535418
1.666686 0.422478
1.734011 0.07476202
3.106971 0.1265649
2.155639 0.3474306
2.980137 0.4085492
1.707828 0.1555178
2.087994 0.4024604
1.388756 0.3441923
2.762845 0.4958327
2.730514 0.1027
1.721411 0.3060664
1.463375 0.2960223
1.696492 0.4081169
1.914036 0.2240715
1.551969 0.4424621
1.461035 0.2088536
1.208391 0.4343311
1.520164 0.4281127
1.64157 0.1467434
1.154776 0.3111949
2.102566 0.06276926
2.793137 0.3721474
2.068318 0.4343243
2.764934 0.2931162
2.724498 0.1300126
2.922639 0.1152258
1.94621 0.05952779
3.111251 0.3670835
1.850783 0.3068721
2.779328 0.2689984
5.269095 0.1193223
2.684648 0.4491997
2.652907 0.1583402
2.48361 0.3543486
2.490389 0.1454218
3.329252 0.2278296
3.401799 0.2488016
5.940346 0.1624475
5.065373 0.3045788
1.947761 0.3747594
1.967227 0.4721363
1.838248 0.4322011
1.569527 0.1697095
3.484556 0.3875487
2.590223 0.2819175
1.795804 0.4647335
1.575738 0.2675058
2.626325 0.2549674
2.521688 0.3789116
2.985441 0.2137818
1.7802 0.3724754
4.050772 0.07899133
1.298066 0.1606127
1.673421 0.4162135
1.322266 0.4722145
1.795705 0.4260929
1.862164 0.3061288
1.610693 0.1269195
1.616443 0.3738557
1.380866 0.1796719
1.500844 0.3379523
2.2125 0.1486175
1.536788 0.2915667
2.620053 0.3837361
1.682761 0.4903017
2.000074 0.2026612
2.553743 0.4020503
2.348496 0.3676848
4.271222 0.3006917
3.361265 0.4871843
3.269813 0.4175827
1.997784 0.3192506
2.13896 0.1655848
2.253814 0.2408084
1.924379 0.2029893
1.993679 0.2529892
3.952935 0.2158225
2.605836 0.3624497
2.807067 0.4816444
2.977516 0.2590561
2.741294 0.4071437
2.984021 0.4708754
3.038559 0.1309855
2.093564 0.3084625
5.43186 0.2231752
3.463835 0.1433704
3.228658 0.3406044
2.527492 0.2612226
1.480186 0.206973
2.023994 0.2073256
2.740887 0.4148892
2.158823 0.4615684
1.509134 0.3379923
2.067385 0.2960845
2.298461 0.108975
2.054767 0.08583628
2.086198 0.2269308
1.566564 0.2709824
1.938428 0.2645529
2.672924 0.4942546
1.932854 0.4526255
2.191004 0.4412626
2.115111 0.261101
2.353717 0.367224
1.949661 0.4538007
2.09803 0.2424272
2.508541 0.03599236
2.41645 0.3901534
2.182235 0.2718842
1.080231 0.09381021
1.773468 0.3200667
2.101241 0.35952
1.460142 0.4279226
1.466399 0.3053454
2.0365 0.317805
1.273598 0.2203295
1.795393 0.4593243
1.502679 0.4130794
1.519339 0.2068228
2.364217 0.4662841
1.66233 0.08052129
2.673565 0.1001374
2.420655 0.09640468
2.131104 0.1114366
1.92535 0.4270449
1.717678 0.2799471
4.127712 0.246853
2.65944 0.142969
1.912293 0.3540901
1.704115 0.1758838
1.471435 0.1734664
1.945556 0.4731739
1.343595 0.4412329
1.13109 0.3909834
1.714766 0.460561
1.430353 0.4264136
1.753434 0.2482929
1.053743 0.3045127
1.530991 0.4920647
1.354729 0.3873738
1.292036 0.12008
1.645563 0.4948369
1.73241 0.4933577
1.219782 0.3767005
2.127515 0.244187
1.031931 0.3663642
1.486456 0.454832
1.302911 0.4505641
1.450627 0.2125249
1.5992 0.3699901
2.134593 0.3472544
1.798085 0.3743669
1.621109 0.3070181
1.942023 0.3127111
1.825376 0.1934607
2.92637 0.4163271
2.147847 0.2037778
2.26804 0.226955
2.111544 0.2760039
1.889309 0.3096728
1.579115 0.268861
2.419271 0.1935061
2.239932 0.232895
1.152956 0.4229123
1.627034 0.2966046
1.323171 0.4081721
1.183838 0.3446772
1.489944 0.4194653
1.856442 0.1509417
1.604667 0.4761848
2.144683 0.441791
1.739445 0.09270914
2.222421 0.2696255
1.940593 0.3849494
2.244348 0.3263586
2.70918 0.2567853
3.135916 0.1657435
3.015746 0.4287062
3.863208 0.2863663
3.570796 0.1904801
4.077438 0.3363295
3.464288 0.441264
2.381081 0.2678492
1.317646 0.4412782
2.229999 0.236203
2.141142 0.09906037
2.32297 0.4288568
2.354386 0.1464634
6.064794 0.2784005
8.516486 0.3121894
4.321086 0.3167418
1.844116 0.3208532
1.955403 0.3409458
2.123445 0.191756
2.170338 0.3783332
2.891551 0.3652711
2.556596 0.4269773
3.327748 0.4469968
1.71368 0.4954062
2.474023 0.4353301
2.737861 0.4646936
1.470732 0.2303076
2.56989 0.2870465
2.322129 0.4095188
4.738776 0.1820234
2.128325 0.3837492
2.018213 0.4814971
2.478336 0.3596929
2.019981 0.1328776
2.05191 0.4460983
2.634247 0.3671856
3.393237 0.2691427
2.726479 0.29105
3.759441 0.374511
2.568775 0.3438537
3.83919 0.3335616
3.426701 0.3029761
3.283544 0.2181164
2.1153 0.3225361
2.382751 0.1479248
1.20112 0.3942937
2.182531 0.1819035
1.412012 0.3469777
1.298845 0.4249166
1.629869 0.3077605
1.703754 0.2779203
3.566812 0.3502683
2.46329 0.4848803
3.588813 0.09092717
6.239237 0.09933614
2.308577 0.4687897
2.779038 0.3657959
2.389452 0.3877636
2.584967 0.2637955
3.334208 0.4754304
1.958511 0.1005792
3.92151 0.2975872
2.348062 0.04604505
1.878915 0.3993176
1.805386 0.2016344
1.644329 0.3250311
2.527262 0.4064562
2.753341 0.2132793
1.803327 0.3152626
2.042123 0.3874594
1.596506 0.3930945
2.151597 0.3609947
2.007559 0.2729564
1.418608 0.3865019
3.10711 0.3028674
2.127003 0.2741137
2.707379 0.4736734
2.911873 0.104602
2.023999 0.2807412
1.580373 0.1310708
3.584786 0.2496599
2.002218 0.3265284
2.982145 0.2605636
1.623761 0.1438083
1.509628 0.3788167
2.102621 0.3294174
1.874293 0.2200615
1.937728 0.2117261
1.846697 0.4427683
1.498928 0.3324374
1.464079 0.4779753
1.364283 0.1724825
1.594637 0.0867158
2.087781 0.4517918
1.455875 0.3884342
2.136194 0.05272576
2.01442 0.3357117
1.81509 0.1781287
1.362052 0.1449576
1.563116 0.3605581
1.942567 0.4623909
2.03223 0.238317
1.709622 0.4099397
1.615896 0.3478035
2.229167 0.2046641
2.540686 0.3418358
1.785403 0.2675401
1.485889 0.3987096
2.418118 0.368282
3.132675 0.4872528
2.398389 0.4717959
1.499717 0.3661359
1.57485 0.2737983
1.469336 0.4834933
1.822121 0.05096548
1.854598 0.381737
2.288789 0.196506
1.440191 0.4060272
1.67393 0.4365456
1.853038 0.1436402
2.123824 0.2035817
2.67547 0.3032088
2.618497 0.2044626
1.682077 0.2155611
1.72786 0.2609343
1.927361 0.3690532
1.596103 0.4231252
1.907151 0.0420154
2.058287 0.1718115
4.400427 0.1589974
3.012198 0.2521694
3.16908 0.4391955
2.10332 0.3565212
2.803651 0.381346
2.42569 0.2643099
2.430016 0.05943627
2.478405 0.2201199
1.773126 0.07433166
1.575685 0.4510227
2.964422 0.3716461
1.646198 0.4551293
2.430586 0.2616352
3.252937 0.1525734
1.350389 0.3524469
2.517364 0.05059625
3.305463 0.4851685
1.770817 0.3567382
2.158267 0.1470166
2.434905 0.4602613
2.572242 0.4954407
1.833527 0.3560507
3.039418 0.2774651
1.555518 0.175205
2.42479 0.335233
2.33343 0.3848206
2.020533 0.2402847
1.704529 0.4877238
2.904941 0.3302755
3.846465 0.1524413
3.734705 0.4708638
1.792437 0.0318582
2.931935 0.4247129
2.635338 0.3529222
2.220617 0.3543764
3.321566 0.03318368
3.934111 0.2665054
3.834673 0.184858
2.00348 0.3826788
2.467216 0.2571558
2.651479 0.1591892
3.001987 0.2093138
2.396859 0.1767263
1.68391 0.3317132
2.501387 0.3574695
2.279408 0.2620615
1.448497 0.4154877
1.82587 0.07425802
1.625605 0.1602223
1.74526 0.1771622
1.819201 0.07258778
1.604695 0.4629027
1.371058 0.4597579
1.750526 0.4457752
1.78573 0.156771
2.167064 0.06148373
1.696941 0.2376127
1.794073 0.3511411
1.751312 0.4205012
2.676632 0.3854331
2.029693 0.1962863
2.00097 0.3456678
2.253017 0.4295823
1.866391 0.3171245
1.602833 0.2442763
2.084407 0.440432
1.736455 0.4865534
1.200261 0.3952311
1.795926 0.2854309
1.813691 0.4967183
1.483587 0.4767787
2.26511 0.4047487
1.997042 0.170953
1.330137 0.3289453
1.540542 0.2973769
1.563351 0.4852176
2.193296 0.1147016
1.751384 0.3722719
1.639856 0.3347197
1.537504 0.3251286
1.580239 0.3305213
2.477028 0.1637685
1.389393 0.04402984
1.43201 0.3401024
2.086091 0.449783
1.489182 0.4406329
1.831771 0.07079565
1.586263 0.3496488
1.714848 0.4200723
3.860809 0.05503023
1.842583 0.3823782
1.70855 0.1435942
2.101158 0.2688361
1.798223 0.3561104
1.610252 0.4468491
3.67002 0.4397959
3.654646 0.4349671
2.415871 0.1442302
2.381244 0.2488237
1.810139 0.3203015
3.424193 0.3904892
1.710341 0.3789866
1.987606 0.08111073
1.756981 0.1501648
2.301219 0.3143461
2.067042 0.4500034
1.895519 0.4336362
1.902866 0.450327
1.640591 0.1655964
1.943541 0.3908789
2.057703 0.3846991
1.417959 0.4677298
2.243139 0.1354822
2.765511 0.4490992
1.765084 0.1256021
1.124283 0.3840727
1.568609 0.4239706
2.25154 0.2884268
1.122101 0.3026584
2.0084 0.4350055
2.402842 0.2511263
1.674896 0.3543903
2.026538 0.2349807
1.311242 0.4467633
2.198 0.4249667
2.30455 0.2406091
2.731624 0.3872301
2.119422 0.05816017
3.208838 0.4718676
2.759802 0.2972511
2.999416 0.02827108
1.404601 0.3741105
2.049603 0.4029312
2.087413 0.1845794
2.082384 0.4816223
1.947064 0.4494932
1.872402 0.1703571
1.901264 0.3114379
1.607182 0.3688123
1.36655 0.2569231
2.25683 0.4533663
2.018866 0.3528838
1.689935 0.1594712
2.161524 0.4292031
2.325244 0.2430433
4.07129 0.07604615
3.553393 0.4393876
2.576411 0.3744715
1.79066 0.3985649
2.135897 0.4594299
1.961629 0.4271247
1.593438 0.41198
3.03305 0.4011985
2.53249 0.4589646
2.712335 0.4148252
2.431947 0.1832729
1.732665 0.2005121
1.344836 0.4207225
2.062599 0.2048779
1.729522 0.4048115
1.39829 0.460303
1.513486 0.3854514
1.467327 0.390934
3.129818 0.4221039
2.148795 0.1634998
2.340743 0.08596106
2.315182 0.474384
2.248329 0.4704201
2.726666 0.2847711
2.44765 0.1792271
2.662388 0.1628426
3.342009 0.4831385
2.993221 0.2475838
2.77425 0.1693263
2.919877 0.4557449
1.746903 0.4575604
1.431324 0.2918308
1.07205 0.2965052
1.946313 0.3202374
1.238322 0.436863
1.353839 0.3541818
2.232657 0.2480737
1.601096 0.2389862
2.122041 0.2841092
1.49038 0.4293823
1.181183 0.257808
3.486026 0.429685
2.976591 0.2302015
2.102628 0.4112822
2.456947 0.3918379
1.516125 0.4200997
1.966986 0.4012025
2.281833 0.1155031
2.943204 0.449991
3.117669 0.3837893
2.522934 0.3293726
2.970936 0.4426299
2.273264 0.2451458
3.414465 0.4628387
2.223442 0.3097914
2.114025 0.2994348
1.782071 0.3760624
2.638471 0.1418162
3.111969 0.3761367
3.391143 0.1192527
2.972892 0.3724957
3.40937 0.2486102
3.943305 0.4238745
2.538978 0.2187777
3.573285 0.2281643
2.783354 0.2977681
3.312472 0.2689301
3.016462 0.03660838
2.402655 0.3805956
2.100369 0.3314508
2.997151 0.2873584
2.785405 0.06058425
2.292786 0.1662673
3.071596 0.2423141
1.842287 0.4256375
1.718757 0.1712096
1.440774 0.4069759
1.290243 0.1847759
1.383996 0.2341252
1.86296 0.357956
1.574134 0.0962995
1.603444 0.2803657
1.980327 0.123369
1.462465 0.4960944
2.024018 0.3419634
1.700575 0.4792703
2.004292 0.3110018
2.202219 0.4966875
2.268895 0.02932199
2.172559 0.178803
1.677985 0.3191787
1.63486 0.3993765
1.667223 0.3442677
1.868456 0.1953977
2.304685 0.3406289
2.476298 0.2971309
1.776899 0.4599793
2.159293 0.4720957
1.705374 0.2167334
2.135944 0.3410952
1.633274 0.0607784
2.358789 0.1116698
2.016849 0.1716086
1.246637 0.2682441
1.576874 0.2843398
1.434005 0.4235538
2.142207 0.4103235
2.268538 0.3789664
1.340977 0.1627629
2.487997 0.1655001
2.249193 0.2866215
1.681511 0.4817025
1.439041 0.100933
1.74975 0.4913206
1.77847 0.4076963
1.743885 0.3591604
1.192393 0.2265298
1.563578 0.3554231
1.502332 0.4373442
1.642747 0.03290968
1.272161 0.08697814
1.442646 0.2669921
1.545985 0.470664
1.276292 0.4267916
1.192707 0.3187826
1.318965 0.4086301
1.225246 0.2969435
1.669874 0.08182655
1.231958 0.2190702
1.804058 0.4345705
2.467513 0.09124665
2.435705 0.4304874
1.717286 0.2191095
3.134544 0.4430925
6.360987 0.2076135
2.533018 0.106682
3.086595 0.2131925
2.789125 0.2305949
1.949852 0.4287349
1.228676 0.4268073
3.973389 0.2325783
1.627794 0.1883356
1.999937 0.4877052
3.289876 0.4013587
1.262883 0.3938644
1.253466 0.1467777
1.485195 0.2709488
1.446233 0.3266164
2.799833 0.08383176
0.956469 0.2884013
2.066052 0.2790686
1.986681 0.08408615
2.413445 0.4543153
1.586795 0.2472109
1.654565 0.3100197
1.884482 0.3028213
1.74009 0.4236291
1.690715 0.2097102
2.931727 0.4784669
3.252022 0.2205899
1.915139 0.2808108
2.437546 0.1067057
1.933459 0.4753707
1.230044 0.4734818
2.025387 0.174159
1.697045 0.346073
2.945187 0.2936223
2.152693 0.3732395
1.68712 0.4023193
2.804533 0.305665
1.561203 0.157425
1.952071 0.3871305
1.737314 0.3721771
2.535592 0.3600511
1.753133 0.2479802
1.736823 0.3124448
1.730534 0.4295112
2.081507 0.07786107
4.898174 0.4129759
3.662165 0.2339944
1.576302 0.1462355
1.596922 0.2114077
1.530281 0.2099967
1.334913 0.2303007
1.389314 0.1951654
1.020003 0.2920905
1.013332 0.07534463
1.561144 0.3228613
1.537054 0.2656232
2.230091 0.2650481
2.627864 0.4923025
1.867016 0.1860888
2.163546 0.3583518
1.600174 0.02080517
2.470004 0.2924892
1.773644 0.2024865
1.570366 0.446368
1.904265 0.3146711
1.758236 0.454752
2.711285 0.4757996
3.197362 0.1342927
2.670834 0.463201
3.335634 0.3691543
5.419114 0.2459115
5.274922 0.4514417
3.116115 0.3285854
2.447416 0.2791797
3.061639 0.2090303
1.567333 0.4668256
1.769626 0.09481606
2.362962 0.3813174
2.948388 0.2423774
4.893062 0.4506006
3.033211 0.2173819
3.119946 0.07629549
2.623006 0.2687602
2.869239 0.3746871
3.350443 0.3632263
2.556762 0.1251646
3.029098 0.3508645
3.725549 0.173388
3.605354 0.1271684
2.664069 0.3500692
2.621087 0.3891694
1.564589 0.4192022
1.916194 0.08024838
2.361291 0.3035653
3.912375 0.3383619
3.1486 0.2077263
1.466622 0.1851425
1.591455 0.4040964
2.270755 0.1361574
1.917302 0.2056291
1.682534 0.3756491
3.208955 0.2077309
1.793069 0.2815728
1.542488 0.04407513
1.399994 0.2825933
2.224129 0.266459
1.80271 0.4602968
1.940872 0.2116809
2.930451 0.09533288
1.86573 0.3826491
3.713783 0.1686157
3.072906 0.4629968
2.316508 0.2039967
1.453847 0.3740373
1.61111 0.1012328
1.49636 0.0882534
1.336059 0.2141221
1.530342 0.2059341
1.476274 0.4769462
1.28875 0.4123113
1.091152 0.3370162
1.150568 0.1696047
1.336425 0.2818743
1.633849 0.4300285
1.861163 0.2899283
2.790959 0.2739301
1.907178 0.363123
1.983403 0.09956322
1.623301 0.4008388
1.211373 0.3504246
1.916664 0.3931182
2.625106 0.3120069
1.331816 0.4555512
1.439595 0.3183323
2.171779 0.4184146
1.432603 0.4126435
1.694284 0.2352204
2.097001 0.4030501
2.734702 0.2800294
1.378036 0.3129612
1.264542 0.4248303
1.945687 0.3741623
2.731321 0.1788848
2.481775 0.236438
1.487514 0.4828103
1.916384 0.3689442
1.477972 0.1281362
1.16016 0.3833851
1.253815 0.0493833
1.202639 0.2940968
1.534692 0.3738292
1.278221 0.04337976
1.872803 0.4491715
1.75856 0.3906651
2.04055 0.2781193
1.804216 0.3922689
1.582103 0.2677091
3.157269 0.3820099
2.363363 0.4178888
2.075331 0.33989
1.924871 0.3074728
2.183113 0.2460896
1.660071 0.475195
1.960324 0.3060013
1.474263 0.2904454
2.830511 0.1901631
2.679943 0.3132961
3.471784 0.2624931
2.722467 0.3576078
2.98711 0.09759414
4.751662 0.1604064
2.684961 0.4100255
5.044836 0.09548417
3.62926 0.1622526
3.000466 0.4939836
1.677726 0.4360878
1.477425 0.3891799
1.36921 0.372393
1.516791 0.2656594
1.361871 0.4695821
1.753608 0.182108
2.44026 0.334785
2.862928 0.317566
2.629169 0.2302258
2.677513 0.2339996
1.721337 0.4661027
2.101719 0.4275964
2.280164 0.4313741
1.997856 0.4980186
1.70118 0.2269745
1.953654 0.2280672
1.803956 0.2425049
1.829977 0.2285503
2.199479 0.1629496
2.019146 0.2835576
0.9674928 0.3376782
1.070931 0.268014
1.530313 0.1304302
1.333169 0.4577137
1.604232 0.1273317
1.96721 0.4906058
1.957977 0.4721353
2.752341 0.4193916
2.419014 0.4312617
3.926057 0.1913395
1.420789 0.2792199
1.9697 0.1198478
3.917335 0.3765404
3.062833 0.3054841
1.793763 0.3757774
2.854819 0.05935989
2.018322 0.2887542
2.665284 0.02525151
2.947741 0.3450282
2.368549 0.2414619
2.340524 0.2812195
1.698519 0.3502799
4.024108 0.2518061
3.898551 0.3085321
2.004048 0.2086593
1.334891 0.2432666
1.659098 0.2326539
2.14408 0.2992489
1.646205 0.1307248
1.594923 0.4205102
1.352632 0.3361013
1.012808 0.4900104
1.92207 0.490238
2.144893 0.2758141
3.551824 0.1811795
2.788345 0.274684
3.495678 0.3402564
1.508491 0.08599025
2.751872 0.4212289
1.957257 0.4927511
1.534333 0.3895237
1.368488 0.1126154
1.728544 0.3053178
1.158588 0.3088289
1.402007 0.2342016
1.626966 0.132125
1.559379 0.4669975
1.439172 0.2976129
1.880005 0.2001156
2.360291 0.2107423
1.895848 0.4843931
2.007355 0.4711858
1.702579 0.2530163
1.568799 0.1552503
1.372362 0.1889034
1.405815 0.492809
1.475686 0.315656
1.594258 0.4221554
1.983903 0.1297949
2.634887 0.3467583
1.078709 0.4583164
3.519443 0.3676114
1.817727 0.4445266
2.136171 0.2546872
2.311226 0.3429729
1.803697 0.3792702
2.045029 0.3617697
3.04487 0.406723
2.885961 0.2060822
3.250804 0.05094165
2.67511 0.2793885
2.813811 0.2990744
2.592653 0.3608091
2.90745 0.3906005
2.786504 0.2791429
2.846399 0.3610378
2.636751 0.4868829
1.646052 0.4004677
3.078277 0.3919527
2.521724 0.4097219
2.744672 0.05431971
1.306564 0.1751183
1.924971 0.44587
1.217118 0.2860109
1.397944 0.2497172
1.255508 0.1857749
1.098653 0.1780252
1.004192 0.344088
1.188295 0.1027546
0.9654891 0.1975145
1.0535 0.3369696
0.901444 0.3542364
1.266311 0.4488421
1.38125 0.3157538
1.517677 0.1873541
1.529769 0.2363652
2.258437 0.1857532
2.080515 0.2976195
1.821378 0.2157127
1.655975 0.2428664
1.633387 0.1538243
3.335758 0.1756135
1.494751 0.3462843
1.794861 0.3726911
1.614601 0.4980735
1.598435 0.2462984
1.492152 0.2926416
1.040118 0.3235465
1.177836 0.3501916
1.23614 0.3529743
1.429569 0.4536324
0.9623925 0.3009581
1.401434 0.1806103
1.369259 0.4906124
1.967679 0.2629748
1.602988 0.368388
1.556511 0.4461179
1.427456 0.2925518
1.475732 0.4413264
1.426763 0.2376443
1.791471 0.3524453
2.390054 0.453998
2.082258 0.06160654
1.978011 0.1645045
2.264909 0.1160731
2.478487 0.230478
4.48815 0.2140062
2.739135 0.2210165
3.606809 0.291617
2.395913 0.3485073
2.290118 0.449099
1.971885 0.395208
1.4703 0.09097603
1.86188 0.3923352
1.526996 0.2910938
1.393759 0.2470907
1.906711 0.2954475
1.772404 0.2316919
1.912611 0.3950941
1.820305 0.3921127
2.220216 0.0829607
2.56717 0.3506991
3.281844 0.3495512
2.162011 0.3490944
3.50878 0.122774
2.584697 0.4048719
2.785735 0.4808908
2.293337 0.1500281
2.080635 0.3415935
1.727744 0.3318628
2.137877 0.2648426
2.224538 0.3303202
1.763551 0.3769112
1.8825 0.4035278
1.878763 0.379828
2.17363 0.4363351
1.508114 0.3562024
2.004562 0.2666294
1.612744 0.3549871
1.99081 0.1055092
1.754043 0.430542
1.9648 0.378717
1.352282 0.4503129
1.824976 0.2796
1.633608 0.347626
1.634088 0.2079381
2.23582 0.3464222
2.067237 0.3215516
2.290965 0.4992886
1.732364 0.4259108
2.270304 0.4676094
1.668842 0.4519632
2.50774 0.3453457
2.398133 0.04082007
1.664303 0.324427
1.370957 0.3775014
1.831453 0.3850747
1.697767 0.2236543
2.269893 0.2464395
1.148406 0.4060015
1.431975 0.3136938
1.324656 0.3819299
1.53592 0.2137543
1.293673 0.4832555
1.975302 0.3334288
1.470074 0.3536988
2.118687 0.1602228
2.033232 0.3759018
2.025063 0.4278567
1.473119 0.219886
1.637767 0.4792798
2.370844 0.4318655
2.633399 0.3068041
4.198223 0.2207817
2.646812 0.4888186
1.870799 0.2958678
3.120004 0.3361261
2.646903 0.1307594
1.992075 0.4356783
2.289173 0.1918569
3.667622 0.1666173
2.715752 0.09257738
2.430386 0.1741033
4.490147 0.1384123
1.920647 0.38636
2.401794 0.3839782
2.32963 0.4619386
1.78708 0.04322813
2.61121 0.3419981
1.600566 0.4639602
2.065099 0.2116657
2.138868 0.3436723
1.590757 0.4129032
1.883614 0.2250947
1.874597 0.1225413
3.358669 0.1312643
2.119969 0.2806534
2.599437 0.06912845
1.889704 0.1905102
1.769243 0.2495897
2.159434 0.4919154
2.689424 0.3717214
2.113106 0.3220624
1.74331 0.2791502
2.141132 0.159925
1.743148 0.1059317
2.176712 0.2800387
1.796132 0.1063047
1.663203 0.1128555
1.48154 0.2750802
1.359731 0.4819878
1.805983 0.3518208
1.556563 0.443324
2.307431 0.2718628
2.084766 0.0412154
2.35892 0.3954435
1.87593 0.10777
2.402591 0.2140676
3.122094 0.3382493
1.902557 0.2405021
2.292249 0.1884583
2.897462 0.4219248
1.69399 0.4569948
2.010087 0.3538481
1.943137 0.4631389
1.574232 0.3033702
1.676322 0.3979061
1.311757 0.4646066
1.426421 0.4840541
2.199748 0.4647307
1.918413 0.1294665
2.009777 0.230434
1.771302 0.4577668
1.671121 0.2060116
1.494112 0.4359985
1.700921 0.3741487
1.43418 0.4405943
1.596659 0.3796566
2.186004 0.4613627
1.443486 0.1564906
1.720309 0.2479385
1.479439 0.2917351
1.405033 0.2855416
1.71567 0.3319991
1.314672 0.4106759
1.10988 0.124599
1.299629 0.3085261
1.261627 0.2715877
1.773334 0.3923349
4.17036 0.3471957
2.232216 0.3899467
1.846064 0.3990546
2.504071 0.2044603
3.740667 0.239687
2.603939 0.3721872
1.845218 0.08784833
3.480117 0.4561533
3.212657 0.2224915
2.101455 0.1523647
2.718622 0.03343128
1.742653 0.4431361
2.133827 0.3813326
3.436257 0.2121039
2.718485 0.2402901
2.905028 0.4446619
2.560048 0.2114112
2.110253 0.3095654
3.079806 0.3579896
3.168368 0.4430557
2.59873 0.1911592
2.541663 0.3489029
1.871719 0.3808484
2.024571 0.1859451
2.963757 0.3971217
3.03524 0.2716039
1.462364 0.1878272
3.517046 0.1574262
3.405712 0.4667915
2.319276 0.1446849
2.225551 0.2126677
2.228442 0.3864772
1.841994 0.08888898
1.479741 0.2824575
1.682275 0.3021978
1.354078 0.438968
1.513803 0.3771659
1.920266 0.244457
1.521711 0.485293
1.399968 0.3680731
1.414627 0.3259693
1.858937 0.4912695
1.648481 0.4348788
1.770611 0.4951223
2.106012 0.08618626
1.603023 0.1730275
1.202095 0.03754425
1.717157 0.32931
1.973129 0.3642237
1.272746 0.3258424
1.951627 0.3485778
2.07981 0.440669
1.889363 0.1068557
2.076593 0.422045
2.97703 0.3880041
2.198747 0.3564859
1.815705 0.3619391
2.385017 0.07406935
2.340327 0.1970626
2.114098 0.2624653
1.408156 0.3694031
1.283361 0.2164287
1.829783 0.1203754
1.514557 0.04188949
1.723733 0.2873644
1.643129 0.3366999
2.338159 0.06763174
1.444733 0.3446689
1.579057 0.4367082
2.767357 0.2852194
1.718172 0.3729437
1.494044 0.3561994
1.908039 0.4508104
1.377782 0.1911704
1.575102 0.4524722
1.549352 0.4814529
2.236223 0.2233662
1.707395 0.09530893
1.099819 0.4130305
1.621378 0.3683627
1.325644 0.04475424
1.073577 0.2693522
1.599615 0.4717789
1.967826 0.2861206
1.989628 0.48403
2.290674 0.1898712
2.263879 0.2742557
1.561586 0.2936141
1.753352 0.4137886
1.332988 0.3759703
1.852292 0.4369163
1.373898 0.2666685
1.91146 0.2763088
2.137199 0.2304007
1.948289 0.1700942
2.21303 0.3962126
1.515388 0.4328799
2.069772 0.4940931
1.566834 0.2397654
2.161509 0.4353293
1.748014 0.09456748
3.245038 0.3308946
1.802859 0.220876
1.732817 0.1062146
2.109597 0.1007896
2.374769 0.4584701
3.390603 0.4264325
3.498577 0.4028817
3.366707 0.04460794
1.641866 0.2971201
1.50321 0.4953145
3.128997 0.4323854
2.239314 0.1399709
2.043897 0.1429938
2.121761 0.3598392
1.890146 0.3446154
1.738514 0.1039564
1.485449 0.4982691
1.892146 0.2495921
1.985646 0.1203912
2.074984 0.4416672
1.490747 0.4215648
1.365073 0.3594967
1.648429 0.4379078
2.130231 0.4738352
1.54299 0.199766
2.418591 0.3430226
1.990557 0.3843887
2.830407 0.4802843
2.167022 0.08600535
1.454117 0.3088688
2.940226 0.1267608
2.805875 0.2960811
2.687347 0.1612781
1.478245 0.4703683
2.190582 0.4187608
2.485621 0.1999105
2.42491 0.3225062
2.826035 0.09613762
4.055352 0.2858783
2.84726 0.1025327
3.487614 0.2913547
2.463365 0.3907915
3.532332 0.2178279
3.342717 0.3556888
4.406671 0.1432389
3.175275 0.3587393
3.069386 0.4243031
2.904207 0.2819193
1.822666 0.1983389
1.566061 0.4843573
1.278412 0.4333171
1.532095 0.3134448
1.290415 0.02910239
1.143543 0.3793075
1.244564 0.2961027
1.332874 0.4041574
2.618954 0.2304199
1.559564 0.4606335
1.815892 0.1947732
1.780923 0.4709749
1.739464 0.1868187
2.591026 0.1657777
1.866124 0.2951461
1.629184 0.3617127
1.766382 0.329945
2.617784 0.1252401
1.630937 0.3679221
1.9657 0.2557892
1.920898 0.2369086
1.937935 0.2344737
1.30913 0.2247203
1.614742 0.4852678
1.719514 0.4072334
2.018666 0.3604592
1.903929 0.3162928
1.135894 0.1130423
1.706869 0.3014087
1.770932 0.2000749
2.208596 0.1142249
1.03048 0.3386877
1.626608 0.316821
1.544523 0.3061062
2.344469 0.3476531
1.514191 0.1821899
2.234565 0.1761885
2.179582 0.4053447
1.721146 0.4473488
2.053443 0.1892597
1.577178 0.4988362
1.531576 0.4506923
1.739229 0.1257287
1.538164 0.1392569
1.478776 0.254774
1.964659 0.333935
2.818102 0.3848833
1.858319 0.1001139
1.680933 0.3487433
1.5609 0.2012567
2.126938 0.3546082
2.070595 0.1767475
2.177089 0.251602
1.786909 0.4612502
1.636155 0.2475825
1.292871 0.3273517
2.294703 0.1047498
2.208384 0.1145901
2.542832 0.2025546
1.726202 0.1666415
2.047681 0.3752713
1.918634 0.4604764
2.295246 0.4274392
2.526015 0.2847273
1.529871 0.330563
1.696969 0.1957797
1.794595 0.1661721
2.096932 0.1314953
1.338197 0.2158565
1.537782 0.4372986
1.336068 0.09635304
2.220911 0.4477286
2.447514 0.169894
1.656391 0.3711316
2.359116 0.374154
1.952993 0.1200992
2.747969 0.1757204
2.171056 0.47337
2.403007 0.3217249
3.260115 0.1238423
3.026503 0.2094399
2.389406 0.3608711
2.023249 0.2987548
2.637914 0.3182812
1.404622 0.4523507
2.631466 0.1625502
2.170808 0.196427
2.721992 0.1930392
2.900947 0.302983
1.479308 0.4544223
2.279758 0.3258788
2.340955 0.1258081
2.73999 0.1212809
1.651972 0.4055831
1.717868 0.4827607
2.077207 0.3055519
1.749904 0.2664696
2.930452 0.1555981
2.185569 0.415738
2.379801 0.149034
1.597453 0.3323546
1.995107 0.2055826
1.850283 0.3297267
1.662905 0.4578661
2.422958 0.2513025
1.535618 0.3983619
1.830587 0.09863706
1.9268 0.3578852
1.388153 0.3650151
1.548757 0.4786678
1.511788 0.2582635
1.197588 0.4525363
1.614195 0.2541387
1.92929 0.1608446
1.730267 0.3211132
2.550744 0.2159296
2.058402 0.4853089
2.259609 0.03820741
2.564853 0.3167596
2.652925 0.2029253
2.093845 0.44472
1.209141 0.157989
1.923447 0.4927802
2.383564 0.07995353
2.018208 0.3468716
1.84529 0.4248496
1.702129 0.06241139
