"res" "LCI" "UCI"
-3.28252590743431 -3.58997235344193 -2.9430789461098
-3.18921566175803 -3.4740175518642 -2.88944015817967
-2.85616620646788 -3.08256689572282 -2.63518763699636
-2.79425108747206 -3.0109970323449 -2.5820660885236
-2.77409567239171 -2.98781923475303 -2.56472503178867
-2.71860559059662 -2.92444581402986 -2.51562280663037
-2.53370749365629 -2.71505885362508 -2.35332632501769
-2.51500725181971 -2.69468010633226 -2.33772465339189
-2.49252287633266 -2.67008608285493 -2.31817725334362
-2.47532384116281 -2.64866031290715 -2.30392669279059
-2.46723456037103 -2.63934114428248 -2.29693990211559
-2.3815372425884 -2.54529918448994 -2.22048531568375
-2.37568261971272 -2.5381223482352 -2.21600704717509
-2.32262067393948 -2.4794463290054 -2.16853847332774
-2.31783690054033 -2.4734726066185 -2.16454987256096
-2.31137194562155 -2.46594947493589 -2.15816986541118
-2.29793686846977 -2.45137218038771 -2.14659364178839
-2.24955792708335 -2.3971305012547 -2.10483977974021
-2.18102208743014 -2.32141122271305 -2.04249607771625
-2.13409263592435 -2.2721894766131 -2.00049549673693
-2.11830965513226 -2.25298070654593 -1.98423931758689
-2.1156591693061 -2.25123356113281 -1.98280900530663
-2.09366462188905 -2.22638121005144 -1.96296600292012
-2.08910692877793 -2.22209913147161 -1.96010693411985
-2.06756929000974 -2.19773054553415 -1.94030778943018
-2.00791520392151 -2.13183111515979 -1.88598105919341
-2.00638772247131 -2.13041703478019 -1.88405443419722
-1.98937863935701 -2.11264571480832 -1.86908583639826
-1.98655984155751 -2.10917364151222 -1.86612910890491
-1.98054049391258 -2.10271175330562 -1.86079803520061
-1.97561885323993 -2.09786699197779 -1.85648493700487
-1.9612797486726 -2.0807879813901 -1.84378319664912
-1.94391778295479 -2.06287466976271 -1.82655153281897
-1.93220264171419 -2.04973952397009 -1.81631386423868
-1.91863915646658 -2.0351969700413 -1.80427167434001
-1.89687767276775 -2.01254636333672 -1.78334553169941
-1.85120334982301 -1.96197046702498 -1.74083485910354
-1.84544844607954 -1.95628519919054 -1.735896944021
-1.84119639755498 -1.95328016891319 -1.73105660836985
-1.83690352141178 -1.94804547750996 -1.72651940085118
-1.79246665003916 -1.89837546708815 -1.68605371808006
-1.78168640262521 -1.88704639624605 -1.67633582320047
-1.76758089675443 -1.87330994853845 -1.66360181574828
-1.73989368767475 -1.8428877811336 -1.63828719152459
-1.71439642161847 -1.81534200180308 -1.61449199473264
-1.69433759613811 -1.79591797116844 -1.59631837274789
-1.69016211891157 -1.79089571053039 -1.59222943765356
-1.67782426802169 -1.77696745337771 -1.58139323417469
-1.66996484617814 -1.76722191006646 -1.57343211294669
-1.64139487285642 -1.73992866604603 -1.54638864909383
-1.62734000722179 -1.72257675514965 -1.53319187878218
-1.60430656918475 -1.69849782201161 -1.51253089704029
-1.59833939463803 -1.69318955282689 -1.50646809872823
-1.59306200733868 -1.68759282397384 -1.5003506060693
-1.5627872540404 -1.65653402533329 -1.47296464019332
-1.55672029639744 -1.64929440102599 -1.4667533399414
-1.55326639860601 -1.64539603311154 -1.46247754557165
-1.51640670295691 -1.60815964081023 -1.42809887341304
-1.50604895391442 -1.59846042165577 -1.41665248211362
-1.49383074607213 -1.58459535330383 -1.4060525276859
-1.46953558179377 -1.56278535784271 -1.38016197505317
-1.464813170909 -1.55747669641521 -1.37507988843432
-1.4617921988554 -1.55327240522739 -1.37220611222218
-1.4580753501478 -1.54850804487025 -1.36992374426622
-1.45526736082337 -1.54669707611714 -1.36776430032666
-1.45007942105242 -1.54167094956407 -1.36126136376097
-1.44765098277449 -1.53882579608231 -1.35867269451729
-1.44284523055426 -1.53382884960085 -1.3545782678741
-1.43391551066592 -1.52240521143832 -1.34854757336952
-1.43065410467402 -1.5175935552804 -1.34451820204277
-1.42569967968366 -1.51272799812162 -1.33980963703521
-1.41510688008821 -1.5020934144714 -1.32950838894781
-1.41328028910874 -1.50019065446523 -1.32729273830636
-1.41154131030729 -1.49872498938408 -1.32628352071064
-1.39926794892263 -1.48683285366947 -1.31392759000934
-1.3923994114494 -1.47993717988883 -1.30730656155371
-1.37817698688733 -1.46564909506447 -1.2939664439956
-1.37536580188202 -1.46309490316449 -1.29116385319212
-1.36878784816182 -1.45603268026658 -1.28500620285159
-1.36103347843058 -1.44922386206659 -1.27618535530447
-1.34802963500754 -1.435156729416 -1.2647918554155
-1.34234488981831 -1.42913427143852 -1.2594806087685
-1.34028247118038 -1.42735111813992 -1.25706483987401
-1.33255584631559 -1.41978731536171 -1.25035162063424
-1.32863679087213 -1.41531040969969 -1.24641730982894
-1.32614160955483 -1.41304391325644 -1.24437563061417
-1.3208698252625 -1.40764705649432 -1.23866947003558
-1.31675942103379 -1.40252418656573 -1.23453097880536
-1.3144295626585 -1.39990204706719 -1.23231285911069
-1.3099027550394 -1.39489989911288 -1.22783929523109
-1.30519308679329 -1.38889971151602 -1.22221790140494
-1.30298753342243 -1.38720606388606 -1.22073891057516
-1.29984992450063 -1.38417792901302 -1.21780194194413
-1.29604750294107 -1.38129625487114 -1.21424994258232
-1.29429427279364 -1.37976637902542 -1.21214805693205
-1.29253830228767 -1.37792290153581 -1.21061290186622
-1.29007678021861 -1.37528981155577 -1.20857848120276
-1.28719203571725 -1.37203705750289 -1.20578873804007
-1.28061476881627 -1.36514337882124 -1.19857233248721
-1.27457100054739 -1.35887479624086 -1.19230633836216
-1.26471761514304 -1.3492891204155 -1.18297733572297
-1.25658337664855 -1.33986551651696 -1.17362036911805
-1.2509857486887 -1.33538033604655 -1.16894642440548
-1.24722220563796 -1.33041204602153 -1.16526174904693
-1.24540680010165 -1.32848907983929 -1.16371439211019
-1.24330684699733 -1.32686947950174 -1.16207901696112
-1.2402100902465 -1.3229560836468 -1.15946064068952
-1.23601278589043 -1.31849327883516 -1.15506104041793
-1.2314120408903 -1.31566450740607 -1.15125110644401
-1.22902702070392 -1.31305027559049 -1.14845694448479
-1.22187347488737 -1.3051577353409 -1.14141535017637
-1.21695316157034 -1.3010977330539 -1.13660843687705
-1.21231233222852 -1.29640659298091 -1.13170378842537
-1.21068202939912 -1.29539772356572 -1.13023675382378
-1.20949888862151 -1.2939704122409 -1.12908078240849
-1.20809295947932 -1.2924110349606 -1.12782112001753
-1.20201903170744 -1.2847255762987 -1.12147825880033
-1.19789233697755 -1.2817060331784 -1.1177849554823
-1.19400469177959 -1.27678211331452 -1.11390084103387
-1.19296072152914 -1.275672179331 -1.11280213068639
-1.19104360978748 -1.27416570847162 -1.1109306359629
-1.18375078367948 -1.26592104564699 -1.10280432098872
-1.16108042649714 -1.2442464251974 -1.07983183846779
-1.15404149682328 -1.23765837378523 -1.07382109244621
-1.14879674843605 -1.23163911732429 -1.06887904811894
-1.14544775282785 -1.22747751578934 -1.06544582954967
-1.14320355907347 -1.22540874527671 -1.06271373935622
-1.13948480085504 -1.22153976981736 -1.05974641419363
-1.13673050494286 -1.21886227028744 -1.0566298204689
-1.11998866163692 -1.20398914224205 -1.03761495743115
-1.10611091561937 -1.18653157254596 -1.02366612001081
-1.1024349968052 -1.18336028177968 -1.01965448482416
-1.09882494303355 -1.17909761856069 -1.01699410175585
-1.09725637009866 -1.17804693206999 -1.01527550799688
-1.09538400628323 -1.17591878294911 -1.01343919589386
-1.09144596565355 -1.17295265790392 -1.01032651993065
-1.08699301908151 -1.16843980516361 -1.00631380948989
-1.08513568000878 -1.16637259617914 -1.00503058292443
-1.08089745183765 -1.16265909663478 -1.00024128995001
-1.07906253604668 -1.16084320996011 -0.998707225084169
-1.07515788026023 -1.15706217800623 -0.993302340369431
-1.07103160007144 -1.15325960128418 -0.989438894022009
-1.0683105513843 -1.1502841910552 -0.985943851992667
-1.06142557742741 -1.14230813940032 -0.978207383213624
-1.05770154187572 -1.13811929977754 -0.975752185411255
-1.05555603110445 -1.13591100338863 -0.973470616551605
-1.05256569380216 -1.13298686990665 -0.969839467088357
-1.04631263824121 -1.12745554507559 -0.963679202417266
-1.04042644097387 -1.1206437822467 -0.957834934547719
-1.03858164652686 -1.11855712250519 -0.955742632162584
-1.03276526955611 -1.11345542867246 -0.949596930408904
-1.02940040046824 -1.10944099298641 -0.946347115850148
-1.02238663694693 -1.10314738569858 -0.940616529570536
-1.01737639092926 -1.09777784387539 -0.935882025939771
-1.01406927685242 -1.0947759376337 -0.932184451403603
-1.01164615999979 -1.09270243520577 -0.930074244628943
-1.0098336088575 -1.09032340377239 -0.928050092494753
-1.00693945739301 -1.08801203967585 -0.924969948855671
-1.00375334844827 -1.08379058326354 -0.921616631582208
-0.9982600609358 -1.07913525615674 -0.917253463711614
-0.994006572297154 -1.07524342501419 -0.913723397087143
-0.988554543665984 -1.06912700622574 -0.90601399874911
-0.987038793052697 -1.06774554719241 -0.904499107222599
-0.984429147626823 -1.06440124806179 -0.902289908807954
-0.981352426362924 -1.06127239049242 -0.899771415242348
-0.97966337587787 -1.0598431073101 -0.897829056043343
-0.9750134293031 -1.05509489839553 -0.892842310716075
-0.972436672790092 -1.05265576003644 -0.890702305720658
-0.970007856766284 -1.04969329092842 -0.888599455816285
-0.96560377254883 -1.04643029135496 -0.883632867521318
-0.959829724364874 -1.0402607664189 -0.877942128792494
-0.957321694027957 -1.03770674429048 -0.875198062840506
-0.952745363550053 -1.03303864404146 -0.870756823012139
-0.947174159332937 -1.02881076487514 -0.864734086272043
-0.945208490031885 -1.0264927514006 -0.863024720290682
-0.93900089679182 -1.01997785796248 -0.855593052872738
-0.934621032010816 -1.01452249878911 -0.852081712437029
-0.930770229428495 -1.01157598310589 -0.846867455242055
-0.928078135116748 -1.0085141319768 -0.844525025706185
-0.925317681190565 -1.00591059973289 -0.842104453380165
-0.924121568319212 -1.00476048254509 -0.84105272618151
-0.922570077427841 -1.00366533309496 -0.839735541024354
-0.91636481954992 -0.997950027052273 -0.833846571204411
-0.911096915019523 -0.992062573558536 -0.828624879768751
-0.90845541595056 -0.989713016595652 -0.825603053618576
-0.903398786162063 -0.985102415654088 -0.821024057059344
-0.894507922505619 -0.975258447641425 -0.810767953339188
-0.887940012871658 -0.968132257148766 -0.805652236719071
-0.878576039568971 -0.960094677045696 -0.794749163029663
-0.874173617661138 -0.955962670262273 -0.790767111024266
-0.870687379284601 -0.95138973785805 -0.787442102756829
-0.868598741310535 -0.949801514967884 -0.78552471385193
-0.864410526903619 -0.945354962245177 -0.780707382919969
-0.85958671745685 -0.940833977496778 -0.776427309848575
-0.855991707460414 -0.936625016083518 -0.773055068625532
-0.850463966426336 -0.931624228012166 -0.766871946790513
-0.843976751165494 -0.925809525226482 -0.760172604359398
-0.840747315244246 -0.922372389917101 -0.756707452867415
-0.838870485010783 -0.920585908192622 -0.75462952591409
-0.836475278887586 -0.918075229981781 -0.752491725226077
-0.832763572417268 -0.914613668268519 -0.748670526746348
-0.82732384846568 -0.907643593112249 -0.742611651708307
-0.822704007452399 -0.903885396186844 -0.739313244568622
-0.81959923696316 -0.900684029991125 -0.73573319640712
-0.816731205711838 -0.898041494539819 -0.733278222190435
-0.813913854925079 -0.89540029972277 -0.730931701987556
-0.812373393936308 -0.894115427168624 -0.729230502552942
-0.81067700940195 -0.893048889117783 -0.728293382698922
-0.809421112084489 -0.891527005586243 -0.726897132313565
-0.806801502570025 -0.889493846682083 -0.723075522328777
-0.804922004516098 -0.887808934568375 -0.721138457243451
-0.80298361859524 -0.885846629590474 -0.719448797194308
-0.801060299904344 -0.883081105868323 -0.717721908880326
-0.799369488966679 -0.881258275761137 -0.716288550479261
-0.797300929378921 -0.879131561051629 -0.714779437936942
-0.794260850412696 -0.876614058920004 -0.709316261686826
-0.791276828980781 -0.872052441644171 -0.706936761946507
-0.788965982168356 -0.869904695052507 -0.705394340354635
-0.786677839074773 -0.868060430103153 -0.703678692673742
-0.784467286294723 -0.865728606866299 -0.701121789124856
-0.78160852737682 -0.8626792623814 -0.697809775870754
-0.778342897826824 -0.859642873932102 -0.694143116402496
-0.776535018719559 -0.858196002423998 -0.69139117683632
-0.77447077721035 -0.856140836298158 -0.688186338221124
-0.772456076646408 -0.853735551446007 -0.687127447948604
-0.769960096531477 -0.851619230254747 -0.685734049214235
-0.767174253849236 -0.849624633376125 -0.684257788576633
-0.765175204920279 -0.847467450434267 -0.681496368792939
-0.762930016554488 -0.844792610748934 -0.679062041440894
-0.760897130341681 -0.842159786337053 -0.676775506962515
-0.75849048253192 -0.840092546795337 -0.674228935147393
-0.755182346152674 -0.837380108680858 -0.670970320306363
-0.752592628443902 -0.834764512527866 -0.668061320939933
-0.749939282976275 -0.832328389094357 -0.666094248902505
-0.747158134179086 -0.828954463720343 -0.663780581505249
-0.739315714792515 -0.823739377477185 -0.654904251251384
-0.73641775917254 -0.820803678592857 -0.652366777567596
-0.731034928572576 -0.813619196768542 -0.647315187260794
-0.728305609764711 -0.811375302433505 -0.644920860310906
-0.724917701252344 -0.806740210452574 -0.640735715246603
-0.721758078779002 -0.802779644037507 -0.637194853732699
-0.716331831440764 -0.798042178770514 -0.631545996139387
-0.71433305725237 -0.795779629643467 -0.62967809961627
-0.711096690420525 -0.79220573283275 -0.626015465516273
-0.707855460819741 -0.789437632802557 -0.622784043640288
-0.704794608497375 -0.786469671794442 -0.620240004599838
-0.702308306358427 -0.784670754094245 -0.617550129718238
-0.699831184074829 -0.780982166993045 -0.615119949304932
-0.697741024707393 -0.778778485158123 -0.612105368007464
-0.693970274178253 -0.775488742092207 -0.608591867148711
-0.691967337336028 -0.773420422183811 -0.606293457479353
-0.689381727186729 -0.77030765858745 -0.603875378152077
-0.68703291250583 -0.768298287132444 -0.600670435296118
-0.684553693147707 -0.765923093804471 -0.597828277427007
-0.678633960509236 -0.761290274320842 -0.594049414117858
-0.674966357978582 -0.75667169490097 -0.590795399865056
-0.672873690909461 -0.754447631342023 -0.588503621277281
-0.669963956757848 -0.752491439612253 -0.585170914413874
-0.665177604712058 -0.74823615613857 -0.580709803006354
-0.660939682266745 -0.745119792901732 -0.575752034690029
-0.656120962688625 -0.74070468273125 -0.571156390090504
-0.652465282930865 -0.736774852500346 -0.566925336043823
-0.646507663358338 -0.730294696012949 -0.560649536171459
-0.641585641845157 -0.723146807873056 -0.555849970307316
-0.639226658370769 -0.721354928413456 -0.552557825160226
-0.636491709157629 -0.719242800162889 -0.550075547914907
-0.634192790240756 -0.716307483669958 -0.547836716651284
-0.632740055704108 -0.714232534594579 -0.546945689616255
-0.63081538831179 -0.712106792595584 -0.543933332373086
-0.628390998747816 -0.71036427757038 -0.542274957683908
-0.62621167143923 -0.70822785381368 -0.540035149082806
-0.622234349530171 -0.705139174857351 -0.53672223026477
-0.619815541774064 -0.703761349942255 -0.534579836318957
-0.618151631123065 -0.701898234857769 -0.532417312290583
-0.615960850895984 -0.699617673249137 -0.530373455956461
-0.613889814612322 -0.698004107960384 -0.527428147344258
-0.61119956145526 -0.696140528313076 -0.523685728329781
-0.609251372224202 -0.693438324707818 -0.521980964546596
-0.607698488865412 -0.691784859334613 -0.520034940871374
-0.604436600816064 -0.688279400685828 -0.51745583150395
-0.602551212826912 -0.68662776026352 -0.515780231875002
-0.599365659003634 -0.682629215984065 -0.512412052791577
-0.596560892516628 -0.679172277557684 -0.509809370955354
-0.593862976047842 -0.676229696672588 -0.506833928498415
-0.591216499753099 -0.674737255154582 -0.504510567228899
-0.588408687300953 -0.671337859470594 -0.501378959449318
-0.584075022875829 -0.666980247266405 -0.4971721151268
-0.580954914124398 -0.663242077879056 -0.493400927513593
-0.578692599715097 -0.660946194457157 -0.49108404412062
-0.575491314293168 -0.658468736023631 -0.487637609387273
-0.571884096443026 -0.653978229926143 -0.485371734622412
-0.568892920953945 -0.650689200475616 -0.481630829385172
-0.565027966274725 -0.648118903903326 -0.47710734110167
-0.563015937623855 -0.646425796991363 -0.475317894689671
-0.560961305250433 -0.644051978713042 -0.473468662466888
-0.558071329734909 -0.641312898857049 -0.470127767758399
-0.554247737160839 -0.636963634415783 -0.465900380441003
-0.5478139735583 -0.630887494656222 -0.459644480527352
-0.545434862809009 -0.629057035419209 -0.457810239294666
-0.542941215692425 -0.627070532397993 -0.454163009176846
-0.540900735396729 -0.624580107827904 -0.452187745382089
-0.537508935778051 -0.622011203307333 -0.449015137209237
-0.535125643288524 -0.620381936588193 -0.446520608350408
-0.533208719670153 -0.617410590392634 -0.445490165516005
-0.530116441889686 -0.613994979550259 -0.441890645128924
-0.52828038431489 -0.612681313254668 -0.440044272001731
-0.525286045301113 -0.609647557206111 -0.436726236946574
-0.523327624292812 -0.607431405609834 -0.434518612301079
-0.51871874584922 -0.602040690606804 -0.429472956323458
-0.517007943245933 -0.600304654573265 -0.42781397006301
-0.51420844578101 -0.598490733552743 -0.426070193649996
-0.512173693320795 -0.596288820669485 -0.423720985777404
-0.509899444375663 -0.594568889092733 -0.420951123802727
-0.506773484356143 -0.592681213134582 -0.41833702104478
-0.505466913043626 -0.591380938461918 -0.417111249073674
-0.501968494479262 -0.587401158598804 -0.412872712280152
-0.500055033244771 -0.585810192140257 -0.411306959206612
-0.497225532350017 -0.583102125001679 -0.408828665598065
-0.494948639106196 -0.58066961532528 -0.40495606106453
-0.492797769431155 -0.578843824520773 -0.403061727194568
-0.489525100732597 -0.576196516785868 -0.399158424794001
-0.48549745096358 -0.571191880352869 -0.395644218085366
-0.482316712463992 -0.568492315111054 -0.392267078860623
-0.48002533137753 -0.565406310550618 -0.39004334850331
-0.474358954562084 -0.560346772761005 -0.383486605075273
-0.471269005751342 -0.557013335896093 -0.380747822209147
-0.468710277788712 -0.555200336854192 -0.378956447937902
-0.465752915276703 -0.552625745284689 -0.37586863935685
-0.463392471416193 -0.550041633195093 -0.37343608589231
-0.458442056810295 -0.545187801984036 -0.368071802972518
-0.454760891814201 -0.5415975052604 -0.365141816405414
-0.450641132289738 -0.537216877724627 -0.361679965679245
-0.448154882151688 -0.535201296765218 -0.358851559528514
-0.446320080657287 -0.533279647349572 -0.357282738017761
-0.443035942965433 -0.529829258988079 -0.353644064813101
-0.438632244137114 -0.52510498116959 -0.348626246057174
-0.434412542988416 -0.521452218098557 -0.345169736643528
-0.432234593958564 -0.51913204095777 -0.343353124627553
-0.429854442284372 -0.516580174594907 -0.341040910504033
-0.427672658707761 -0.514678604485838 -0.338545774688235
-0.426251959677294 -0.513103770797047 -0.337411549399587
-0.424427487743476 -0.510870487551434 -0.334201727476512
-0.421769154770853 -0.509000618653857 -0.331474470307769
-0.419494598687463 -0.5071116711783 -0.329265831596307
-0.417679413522295 -0.504484798858426 -0.328003479978729
-0.413797908661717 -0.500612216998898 -0.324509430436049
-0.409438867603217 -0.49726776492515 -0.319547434304466
-0.406983269953916 -0.494062648134073 -0.317258959879084
-0.401869941043201 -0.489122916108639 -0.312263358039103
-0.399162860136885 -0.486256499609336 -0.309570725922041
-0.397074866866801 -0.484790913200163 -0.307303085278135
-0.395271386530052 -0.482972364655025 -0.305631123289487
-0.391604994105396 -0.479017274893793 -0.301890718149796
-0.389759748208752 -0.477670160348428 -0.300231529862266
-0.388214486228406 -0.47537724400175 -0.298492552496873
-0.386659217909716 -0.474004867144392 -0.296948633118457
-0.385181065893744 -0.47276980950348 -0.295425717856525
-0.382732528664821 -0.471067099222211 -0.29306581217411
-0.379411310257082 -0.468569203503509 -0.288793755482043
-0.375023164695808 -0.464243813358468 -0.282605985998061
-0.372461040434053 -0.461698044564871 -0.280084967866802
-0.367460926074112 -0.457072186050612 -0.275098422210583
-0.364317555060321 -0.453914045026825 -0.272571543372469
-0.360790885096157 -0.450028985752587 -0.267624560437157
-0.356898355795075 -0.446388387664729 -0.264512540898109
-0.353372647480196 -0.443544160618231 -0.262016401854219
-0.351071931634167 -0.441618144941307 -0.260035647793835
-0.347066205703435 -0.43776803679858 -0.255390471603007
-0.344140673921419 -0.43443104277838 -0.251015549341404
-0.33912610672684 -0.429052647999107 -0.246691194789518
-0.333466137150777 -0.422097167557363 -0.240034558212156
-0.329601976701941 -0.418205018804047 -0.237493376713545
-0.326205919628924 -0.414547935761605 -0.233238725304298
-0.323090863517431 -0.410860911094488 -0.231269216749731
-0.320628836793958 -0.410108351170841 -0.227895896641694
-0.319175673386401 -0.409023672661209 -0.227751429273668
-0.317405800820645 -0.407375579617472 -0.225591991243767
-0.313577874072137 -0.403966754301647 -0.221608690857953
-0.310875508169787 -0.40125433738215 -0.219233027265227
-0.308551219544034 -0.39950887287244 -0.216823839283476
-0.305598384132701 -0.396347452170164 -0.213677129771708
-0.304133150252577 -0.394353859128258 -0.211942019951735
-0.300869964053545 -0.391760826303445 -0.20919691918804
-0.298478025575152 -0.390463576446588 -0.20548378368542
-0.294592395421018 -0.385237303169476 -0.201342514546002
-0.288322566074527 -0.377802607034894 -0.195337379166359
-0.282730044475806 -0.371726218848689 -0.19037798695506
-0.280111028379126 -0.369459774247784 -0.187556685802255
-0.278410295406364 -0.367997764519479 -0.1854293501498
-0.271834686984188 -0.361074351327705 -0.176971250596923
-0.268227768910796 -0.357472363746421 -0.173400085904565
-0.265780307483533 -0.354697659734289 -0.17062718869941
-0.264236841880595 -0.354125318748487 -0.169668933272237
-0.263111916254627 -0.352457408028421 -0.168669229376395
-0.260755591519484 -0.350260107469022 -0.167185393172051
-0.258344245753908 -0.348490627634672 -0.164635929804615
-0.256963510012301 -0.347677886467403 -0.163528445374061
-0.255001038656867 -0.344948503521002 -0.160894836909712
-0.253290089835817 -0.342927335157275 -0.159257479583404
-0.251568588734279 -0.342244205355767 -0.157893081692008
-0.24892946469062 -0.33837815151915 -0.154114160586701
-0.246719868219855 -0.336505217636461 -0.151565088888786
-0.239774613605827 -0.329837427930814 -0.143846337988676
-0.237703772162672 -0.327915211412712 -0.142088245111057
-0.235373547854723 -0.326283712084983 -0.139753365431012
-0.233551466491293 -0.323785391395106 -0.137776336360299
-0.231342597780947 -0.321779036542927 -0.136179120774499
-0.229000916057065 -0.31927431255885 -0.134141386841497
-0.226488353501435 -0.316566263409875 -0.130880751626053
-0.222956103792902 -0.314009306852782 -0.12718251560892
-0.220432351973249 -0.310653728546913 -0.12470331296661
-0.218068133188566 -0.309169364518065 -0.121772580480789
-0.215719367934192 -0.307723913219119 -0.120372192302889
-0.212974675495562 -0.304660958169397 -0.117981582413287
-0.211476560422981 -0.303131133018012 -0.116267841185669
-0.209721291312717 -0.301278844504661 -0.113749317110015
-0.208343179114602 -0.299826883060395 -0.11277591517502
-0.206405080334199 -0.297851960548756 -0.110787810448291
-0.20461532371727 -0.296700263667386 -0.108905505823975
-0.201950422996146 -0.294384224420639 -0.105883167763246
-0.199466495188367 -0.291465262594021 -0.102406113344133
-0.19632950313748 -0.288514701787033 -0.0995054363837187
-0.192618196255646 -0.284110225343624 -0.0956632038096036
-0.190704596789949 -0.282086172988016 -0.0940438959875312
-0.188989550815589 -0.280624496045044 -0.0918208380929084
-0.187278442371965 -0.278823033429614 -0.0899404805659958
-0.185335503443693 -0.277208289976123 -0.0877962918270782
-0.182663047977978 -0.274451026682595 -0.0857413575900214
-0.179687943948243 -0.270953449934448 -0.0832241666106368
-0.176562699632654 -0.268183690987761 -0.0803970634574575
-0.17460362745988 -0.266925692733433 -0.0780918459273696
-0.171801308862906 -0.264236016458932 -0.0751353874945448
-0.168940416164955 -0.261964264091833 -0.0708027655655701
-0.165964387566103 -0.258935048709761 -0.0688309998240109
-0.164548248120286 -0.257657170684023 -0.0669639656047264
-0.162503385860314 -0.255341064933143 -0.0657784777260266
-0.160394671093511 -0.253636751033813 -0.0619501922898537
-0.157676394474087 -0.25084928803103 -0.0595634966742793
-0.155496294661233 -0.248860881169219 -0.0577631994280489
-0.153444126689416 -0.247143129196441 -0.0556111284451888
-0.151837196104802 -0.246073880675012 -0.0545819293856922
-0.149584409925673 -0.243803530764261 -0.0515165480922237
-0.147304113507526 -0.241445701516371 -0.0494040697457936
-0.145945421546866 -0.239950758859823 -0.0487311693517734
-0.14416597400797 -0.239076187862682 -0.046109124623779
-0.142749867759744 -0.237711627994244 -0.045349824396254
-0.140717917512914 -0.235675075920383 -0.0437672765433824
-0.139352530240892 -0.234402113886455 -0.0429688713275467
-0.137682493170408 -0.233019451837094 -0.0403422651838595
-0.135409067849039 -0.231966130367206 -0.0383998755910509
-0.132693689954031 -0.228505630994221 -0.0351582610857685
-0.130229565551172 -0.225063129498651 -0.0329156234227098
-0.126818982596833 -0.22240627169578 -0.0308637899826278
-0.124686856709568 -0.219754539022457 -0.0265898227720511
-0.123325577506244 -0.218306719302395 -0.0257470363254009
-0.122079376461978 -0.217120548092494 -0.0239229864784248
-0.119852136984715 -0.216364563426773 -0.0217795620174322
-0.116832970888099 -0.212979088550655 -0.0200385897528018
-0.114484132022519 -0.209767237707399 -0.016842626242605
-0.111341220174594 -0.20725687699758 -0.0123660572043813
-0.109471153752472 -0.204437361601813 -0.0110283227580099
-0.106830704468004 -0.201248317754251 -0.00806164703761962
-0.103962027432005 -0.199386311102372 -0.0055091529491632
-0.100306089173653 -0.196571029623687 -0.00199452461901596
-0.0979465035231984 -0.193019671864519 0.00072184558528117
-0.0935418100873074 -0.189555418748996 0.00623098894609456
-0.0910741707461469 -0.187818546590539 0.00892903768126995
-0.0877737062824365 -0.184162435864428 0.0126242435677258
-0.0853297093381517 -0.180900128246094 0.015399769934761
-0.0833885116339765 -0.179032786313067 0.0170340078486988
-0.0809971344597877 -0.177193965747384 0.0191067770904799
-0.0785277452642162 -0.175613384407382 0.0219336758461058
-0.0759759779731888 -0.172864299398484 0.0239370667686911
-0.0740868731368828 -0.170643441403879 0.0267289144874338
-0.0717443502458519 -0.167012863679245 0.0300387959963759
-0.0698330657777547 -0.166636953295726 0.0303870453102503
-0.0677482939495417 -0.164893550692704 0.0338132751891375
-0.0662167740298074 -0.16359285221877 0.0355610222063306
-0.0630460129778826 -0.160607034085755 0.0383574938536705
-0.0605551904237162 -0.158573549721557 0.0406303472923594
-0.0587425330550108 -0.156623799059922 0.0422296202953994
-0.0566183079910637 -0.154164869907416 0.0447532205821339
-0.054030457068987 -0.152018860114344 0.0479107645423734
-0.0516419901403347 -0.149680080446301 0.0494660080873055
-0.0488667344294923 -0.147991032980056 0.0545492622133941
-0.0470642967545832 -0.14554452585248 0.0570530866376239
-0.0453971646445278 -0.143949565315163 0.0575276569631032
-0.0435914318583947 -0.14234716610032 0.0593010672642461
-0.0418895351377893 -0.140135464441338 0.0607395980838522
-0.0404877632415479 -0.138301380826083 0.0623894686057137
-0.0379071636162315 -0.136288567897035 0.0642851362636173
-0.0350335677549995 -0.13301795874544 0.0672145748966024
-0.0328363712526596 -0.131375647033518 0.0695720455637935
-0.0286740410216384 -0.127052379804442 0.0736829666700488
-0.0255808538693921 -0.124513438531152 0.077157653596789
-0.0222978469122751 -0.121272396669411 0.0799635663152727
-0.020540465480416 -0.11962675877361 0.0824626735754478
-0.0179191693606413 -0.117786070535642 0.0846835756377507
-0.0150031342609555 -0.115527428642934 0.0867124636671963
-0.0117045827276618 -0.112481447790601 0.0906775781416785
-0.00930109813357232 -0.110844946689592 0.0941698449514521
-0.00647665291692412 -0.108020564551186 0.0964549514641201
-0.00310546647561439 -0.104393638193277 0.100249089568705
0.000428733352011266 -0.101099599366373 0.103262196763477
0.00279870602286528 -0.0979503570611345 0.105253295311174
0.0046922956308498 -0.096260623729718 0.108152510073571
0.00756056468214516 -0.0923983750401055 0.110065539874034
0.00980540590713202 -0.0907505958576769 0.113905211473192
0.0126257436184186 -0.0885629693650872 0.116092265231247
0.014922017478555 -0.0867764932463784 0.118315217604303
0.0186172827656284 -0.0828974890743393 0.122814142678653
0.0219135264096807 -0.0784946643238355 0.125599060441652
0.0244590727708798 -0.0761831708824541 0.128079894499581
0.0266049448689907 -0.0746583208576334 0.13172453752862
0.0292246665512853 -0.072052457976388 0.134197879144409
0.0318745072639279 -0.0700993170041405 0.137551788706949
0.0362010674280485 -0.0664436311184392 0.143275951009439
0.0387053296553675 -0.0632325507429792 0.145192020665578
0.0406701478391353 -0.0613685937335312 0.147957769742612
0.0448608411889117 -0.0571664257109598 0.151782294465187
0.0464912418675079 -0.0560066379574244 0.154154584755393
0.0497725444063826 -0.0532087965374475 0.158289675561817
0.0523965744243071 -0.0508786285290576 0.159387221117943
0.0548960042436104 -0.0494156049869608 0.162038998960548
0.0572608858789584 -0.0472411287935777 0.166158084103908
0.0602679975885001 -0.0428949217668704 0.167979159879654
0.0643212992416984 -0.0396754714826779 0.171352071110136
0.0681490699081984 -0.0361963799074449 0.175894909012092
0.070618926209733 -0.0340899171281993 0.177720423443087
0.0732113696317969 -0.0308632944151716 0.179998679636388
0.075895347703979 -0.028419990286766 0.182320514533588
0.0777470407397731 -0.0268061543857433 0.183447074548004
0.0799155574388059 -0.0248794775670348 0.187034455639291
0.0823958522516138 -0.0224909892242915 0.189200889846387
0.0861973509121746 -0.0187656574873764 0.194569753063944
0.0899813778613174 -0.0150227841299102 0.197171203256445
0.0922869564113013 -0.0128952776635263 0.199384334088483
0.0940398804009599 -0.0107353834457322 0.201655902664828
0.0959623139254374 -0.00781805810198502 0.204589165371299
0.0984959747449251 -0.00506683283984316 0.207966832500045
0.100901178746037 -0.00349058636896387 0.210054723934484
0.104581518365634 -0.000899940912747178 0.213507321656932
0.108251014973111 0.00352302627457056 0.216974239987564
0.111473578574991 0.00523093559098913 0.220337025028095
0.11552739599809 0.0101138650570693 0.223429897445639
0.119442469511883 0.0133610643765298 0.227459733584994
0.122898614454066 0.0162379197700838 0.231453960321664
0.125471222082041 0.0193649056050917 0.234942120679605
0.127884647971851 0.0220787178423667 0.237012631960549
0.132132272715748 0.0250117347976928 0.242308835814358
0.135867111420928 0.0281963963932798 0.244631480828369
0.141208567875089 0.0333642348326477 0.249841066511888
0.144263628790138 0.0346926435166785 0.255038124088632
0.145988484389852 0.0367696769517289 0.256655131485595
0.150045509981642 0.0407688430807545 0.260137463937497
0.152125802540304 0.0439006856602298 0.262618119267506
0.154813905923703 0.0451738747579895 0.265454431302009
0.157263378688533 0.0470631406721549 0.267560357642025
0.159697807894182 0.0501186601498415 0.269057712677808
0.162129090066713 0.05301591881145 0.273029692658689
0.164300610883128 0.0552344267967182 0.275289191841787
0.167049343762747 0.0579532271290021 0.279039702102617
0.171592573740651 0.062291317542044 0.282473504852119
0.175056407986728 0.0669806756754958 0.286758216772785
0.178512987618073 0.0686880572122961 0.289874450401098
0.182630031954789 0.0715774264494283 0.293478593936484
0.184016491586392 0.0743110365725889 0.295296888869496
0.186715845452902 0.0762536571086365 0.299425736455786
0.190018901989198 0.0804308413194294 0.303341711352171
0.195629960647851 0.0855910877095414 0.308531311918418
0.198159155044033 0.0888784146788819 0.310544327892071
0.200957831194789 0.0915460095648209 0.314557113866917
0.203962861916545 0.0936115479542381 0.317855536681693
0.205669536276684 0.0958365953603744 0.319042031842981
0.20767424255567 0.0974606139400764 0.321729431564494
0.211887279817041 0.100194402469897 0.324495179958923
0.216017128874856 0.10235921201704 0.330247156282383
0.21772191191178 0.104266063031278 0.331479604410054
0.219245954843696 0.106012243197732 0.332877843031145
0.221819119007382 0.107434016958644 0.336019901864815
0.224688287950473 0.109602453946275 0.339466638828795
0.227636892442214 0.111997351249756 0.343063339869931
0.230821978882046 0.116006930828511 0.34542509658044
0.232921704316123 0.117293864066823 0.348297130022983
0.234904090523514 0.118401875392864 0.35094216660324
0.237862816586691 0.122086525898962 0.353723571423896
0.241009046146252 0.124888965936839 0.357834679877072
0.243014475997577 0.128139348774355 0.360183231091025
0.244687648844565 0.129374480787829 0.361522163308618
0.246041021730424 0.130085953908111 0.36220477494192
0.247529830808391 0.132221538102268 0.363433336970592
0.248926699653052 0.133061427005972 0.365590656106108
0.250435028529459 0.134139818836491 0.366626169931078
0.252568330353209 0.136772106626126 0.370381269467361
0.254717034568689 0.138674095620444 0.370699655165218
0.257649835103208 0.140094032051706 0.37590234328942
0.259336669573919 0.141976420081506 0.377748149094719
0.260865702421879 0.142429809146517 0.379300552884097
0.262776340018573 0.144951925398034 0.381054656333969
0.264204454947209 0.146352294520768 0.382116054977098
0.265666169701254 0.147924327983276 0.383910572875396
0.268368850529365 0.149679331935055 0.386844356473623
0.270123990943809 0.152244233252569 0.387914396197397
0.272929416933271 0.155758157654365 0.390691304781599
0.275247220074042 0.158276655902229 0.393900720253166
0.278292713209758 0.161047030672525 0.39538192859635
0.280330073578361 0.162787790182493 0.398562128606809
0.282092325708758 0.164082398425664 0.400066599239253
0.283975545977501 0.165783886991933 0.402506160105219
0.286560037290694 0.168573053921434 0.405075209671423
0.288344103944173 0.169880619847396 0.40673446090159
0.291270697769528 0.173647929343905 0.40977739701218
0.293015659593509 0.176433981506231 0.411470737860959
0.29581302773661 0.178864154327534 0.414600487736281
0.297788182515726 0.180107887771776 0.41805054268337
0.298621130398004 0.180589109712911 0.418418713227203
0.300342450460112 0.182234867148919 0.420259672674816
0.301724335333203 0.183338008650145 0.421472596530788
0.304371104311665 0.185668683994999 0.424233804495529
0.306187226049415 0.187436972748832 0.425561537613518
0.309068019255898 0.1898605395414 0.428474046329689
0.310672850590444 0.190580252630329 0.430156426314319
0.312993430174957 0.192457550924342 0.432202899234822
0.317001575230414 0.19577491224311 0.436894874410057
0.319118574668057 0.197740878809255 0.439568054330954
0.320416965260722 0.198571374657441 0.440825404974298
0.322871189018083 0.201790222295802 0.443241364245376
0.325476283927998 0.204826166823975 0.447144139642003
0.327638724321301 0.207638611121338 0.44830956354963
0.330380890871886 0.210165580107841 0.451111087242973
0.332925714513324 0.211835310484065 0.454847835188198
0.335541902832146 0.214180501366701 0.455746132205453
0.337149382889991 0.215252741278596 0.458294949509689
0.339478346112348 0.216356334852041 0.460300763691801
0.342631529607988 0.219093309510494 0.464752770314423
0.344650736201419 0.220988559991096 0.466631869692487
0.346433723136454 0.222949604178711 0.469126479423681
0.348414781926045 0.224038548266485 0.470563339794554
0.350558691938143 0.225281501217791 0.471813307868876
0.35225745235761 0.22818798103149 0.474207355547883
0.354470343253347 0.230916436469432 0.476552276860613
0.356398427050422 0.232777301884773 0.479379822447573
0.358991687951528 0.234592571739023 0.481468734282514
0.361826033435789 0.238639356793385 0.483790530822338
0.364755672178253 0.240826832491556 0.487199733418072
0.367968676488478 0.242964116689484 0.49037707901063
0.370850533133656 0.249141135751155 0.492618079667155
0.374053022270285 0.251055903876071 0.496695162833909
0.37783264395416 0.253948261282121 0.501213933766244
0.382143759058773 0.25669311164291 0.50594376217755
0.385809591936248 0.260867537789046 0.507730857339938
0.389430744137739 0.264938590538742 0.512658783334692
0.392809137946719 0.267749887274006 0.515793151294739
0.395460331717834 0.269616454504101 0.517648760467661
0.399078993575528 0.272416922638834 0.520264372380091
0.402393973899509 0.275480145324514 0.523608580167978
0.40573528671319 0.278718046158651 0.527879013369639
0.409668621388596 0.282545596335355 0.532813683021971
0.412432200111771 0.284997271290522 0.536852757881396
0.417883719828859 0.289859513863179 0.540206276944066
0.421383233009895 0.293256840057682 0.543213774194047
0.42572802775739 0.298745384507256 0.549199372571387
0.428403820760652 0.301183253307295 0.551821081467372
0.431927411967648 0.305775453440502 0.555571353560377
0.435046858502546 0.308600944619695 0.557272308004813
0.438444957408468 0.311185180911755 0.561504274957445
0.443362837176821 0.314686539588163 0.565390028536474
0.447010006503305 0.318212378195203 0.570030253295289
0.449626539272131 0.321531696252362 0.571184016704204
0.452773728814724 0.325706290924681 0.574222230229033
0.454581552271912 0.327520048933464 0.575888488807722
0.456991869942282 0.330573353935479 0.578538675296563
0.459183147119469 0.3320153307363 0.580497429831398
0.461794642603621 0.334384283831717 0.584023018032312
0.464552920485994 0.337657277094122 0.586422289413941
0.466130584999464 0.33887315875783 0.587988072280013
0.468894632245335 0.342201105112709 0.590905962916063
0.470473032172963 0.342668985765739 0.592676888022871
0.47233468756717 0.3440144545605 0.593961379474729
0.4738907932753 0.345975702036499 0.595236485076932
0.476072039042767 0.346781510895095 0.597460441184899
0.478693230121579 0.350127110251639 0.600124532456902
0.480582536732992 0.35242925398632 0.602146708186843
0.482577016583295 0.354386028903639 0.603997214659186
0.484601704147791 0.355676096303986 0.605362769987104
0.486298606797058 0.358914533372745 0.607024929931278
0.488194394270702 0.360156069254861 0.608429338541518
0.489823196707387 0.361107328550575 0.609167332653234
0.492635536321421 0.36355742048024 0.611681515647653
0.49602685519673 0.367909306314567 0.6152794172928
0.498858326770114 0.370538444982819 0.618027443518123
0.501127393363391 0.371437831726047 0.61951474949665
0.502469274026983 0.372805134701129 0.620974204178155
0.504516957382537 0.375370010469903 0.62308374720551
0.508131764082657 0.378650996187858 0.626019131295223
0.510500126336752 0.380676432209098 0.627719373159254
0.511619198961804 0.382512890479073 0.629179381500637
0.512983937486321 0.384614880775922 0.630342985769947
0.514388812296598 0.386270301563453 0.631693404766372
0.516343795838651 0.388440185055882 0.633395673794287
0.51780606002701 0.389407717174821 0.633980617475602
0.519643187131546 0.391441578211192 0.635648841723806
0.522164990745601 0.394154642811065 0.637930574210384
0.524590209141699 0.396075641474027 0.639919947730853
0.527456477154579 0.399634166046502 0.642932334134481
0.530024029765959 0.401505913378869 0.644775344354903
0.533741410253536 0.405590037971618 0.649153819214353
0.536010163036743 0.407111823092163 0.650972705046859
0.538053844646997 0.408776897702459 0.653021588037724
0.540601796470869 0.411495846858751 0.655104046829851
0.5428520874242 0.413747539908119 0.657149732105607
0.544925595422041 0.415961276732636 0.658774131536623
0.547054855251064 0.419595029624815 0.660138680138155
0.549939161098657 0.421773596695205 0.663928958228581
0.552882478886539 0.423950014724515 0.665620634684443
0.556374426413075 0.427450820724671 0.667749085196309
0.55894050637745 0.429741553064979 0.669744883654372
0.561614263657317 0.432423212074993 0.672203834882284
0.563995408915509 0.435481210785249 0.673835026042574
0.566573802061971 0.438976473572335 0.676647743057521
0.568650527192938 0.441450449712745 0.679090235265543
0.571175520306794 0.443667657219467 0.680436757271706
0.573411620513254 0.445306512473013 0.682022549299652
0.575506015804505 0.448217400272551 0.684310733091152
0.579764037511976 0.451949983468979 0.688755149078899
0.581807305947106 0.45385546809829 0.690488433818778
0.585185582320157 0.457126670285605 0.693048672020137
0.587773290865657 0.45982471371777 0.695806550730689
0.590135158165127 0.46278085413459 0.697655251885578
0.593302813081792 0.467085512569887 0.700631611307789
0.595597407973034 0.470902117941833 0.703603051058078
0.597673040667609 0.472697871049319 0.705220548525056
0.601211004635455 0.475258354193165 0.708078950373365
0.604730100002755 0.478217031855399 0.711806319012825
0.607300913601663 0.481576529893436 0.713789503189145
0.611100184289974 0.48617312543608 0.715805660965805
0.613942686182097 0.490344174974503 0.718275608297675
0.61696816004681 0.494753697557099 0.720967098422984
0.622789701013384 0.499768642087398 0.727201320417932
0.626402742867733 0.504661838326794 0.729515314685688
0.629467063222842 0.506963637238754 0.732221778980097
0.632787429301303 0.511003204567025 0.735206939623513
0.634898997530577 0.512975913656068 0.736915681937219
0.640601979120029 0.520692165631962 0.741734610870922
0.64323609355468 0.52293777864205 0.743351402980466
0.645231741153458 0.526127991776497 0.745404302234959
0.64745158814895 0.528802360620304 0.747502550489378
0.650298209350723 0.532597350421208 0.7498666292924
0.653668002423965 0.536921616033289 0.752870137828374
0.657040386226511 0.540457352758669 0.755334984331866
0.659621588645054 0.542786979359839 0.757830276266717
0.662445804802919 0.545499299981393 0.759596709289843
0.664347976150779 0.548950068093838 0.761966940807425
0.667453909795908 0.552471553021854 0.764081570040269
0.669498099734861 0.555900196054454 0.765668873911426
0.67127648104396 0.557967074755874 0.767166326251313
0.673372976773917 0.560134400394221 0.768833142505649
0.677346268577542 0.565766067413341 0.772357699123341
0.680160400367556 0.569361203505253 0.774922756332763
0.685635230473837 0.576276879470234 0.780256893333343
0.690305557084776 0.582102402235223 0.78438119136888
0.703998417337336 0.598189753728467 0.795745832692295
0.705756535835665 0.600399775347606 0.796893491922343
0.710234309561472 0.607753913027866 0.799985473989544
0.716708692449568 0.618455762602063 0.807090579895889
0.718888714213626 0.620239219198282 0.808766368593823
0.721370414646242 0.6236336922389 0.811361975995635
0.723946113842835 0.626602794684849 0.813067615362826
0.726680450226739 0.630212927919873 0.815907438909531
0.729125854978603 0.632975338514558 0.8178875000809
0.734177641796363 0.639817559994154 0.823181758625725
0.738996952221723 0.647590692550097 0.827158559335909
0.74265037251448 0.652467160343528 0.831181861308959
0.74421560666731 0.654371727965976 0.832570458537799
0.744921088327015 0.655435240366997 0.833511439297265
0.748652169319633 0.660255308280658 0.837005238312272
0.750934318027507 0.661979226909396 0.838744200701007
0.757615485549271 0.670173914809778 0.845566964381356
0.758232138020681 0.671318255071987 0.846424064389317
0.762449106300273 0.676075884134463 0.851154612781069
0.76712554158127 0.68130793474564 0.856022733395251
0.770103947946321 0.684003619432438 0.858994246451223
0.781109387098525 0.694676749193333 0.870163159864813
0.78343102585803 0.697449876297675 0.872434027095083
0.790532549286844 0.703313163285083 0.878612994975061
0.798113985177894 0.710970383645475 0.88642423388531
0.798475228128415 0.711245926067393 0.886725716699343
0.80312608067479 0.715359456096574 0.891502645173629
0.81182491924978 0.724709521381153 0.89994783888599
0.815348069311965 0.729060428737446 0.903571779532952
0.820009032488829 0.733316362268425 0.908205771282254
0.82152956621216 0.735325078625364 0.909980779277644
0.823122368169516 0.736972253805371 0.911645052535
0.828098399850683 0.74090991367191 0.91644598029972
0.829914127328534 0.742719566039522 0.918166463378441
0.831545835419111 0.743770677813629 0.919755645735922
0.833693407328658 0.746219313789063 0.922050745049573
0.836076666785316 0.748634833146811 0.924309151051224
0.841111483111568 0.755000870190413 0.930257827725767
0.853536775000559 0.76654817338628 0.942742753729865
0.855909038656096 0.768480073051096 0.944981790264718
0.857826081379109 0.771180739698204 0.947221837823325
0.859041731739643 0.771901163853373 0.948395792161706
0.860392253078213 0.773439638109014 0.949674036973953
0.861943725665075 0.774871797654439 0.951228559419015
0.862886089102581 0.775404530978538 0.952094600398635
0.863772867630781 0.776795247693079 0.952743765711151
0.86626801216298 0.778264454367248 0.9546551186959
0.868047267059232 0.77997019986739 0.956816285173732
0.871290829087395 0.783593766800494 0.959721183057605
0.872801993484273 0.785172383070592 0.961676478154115
0.873135031213246 0.785266330979337 0.961773874132628
0.875373929911206 0.787191603861592 0.964817938226158
0.876926068200424 0.789467055950451 0.966858748649553
0.878759509682706 0.791625261731518 0.969394540804519
0.881032824136096 0.793539659774244 0.971094813121126
0.891002933590229 0.802953988448904 0.982677485222681
0.8915762642158 0.803547019042549 0.983136494521701
0.900397838509802 0.811653999148358 0.993214124850266
0.909276584413691 0.820409838795869 1.000247280602
0.912040225596847 0.823330015238814 1.00333844003932
0.914340502658338 0.825947427447999 1.00633424330572
0.918722641008121 0.830519658291694 1.00982396918734
0.920959600097689 0.832762590724988 1.01241514559568
0.922991775606057 0.835058048183851 1.01483577966769
0.924183880264625 0.836246776183547 1.0156184515682
0.925637700553649 0.837395728523394 1.01749773809188
0.929633744632486 0.840761855317471 1.02250330253923
0.934884450724952 0.845887077128009 1.02714285127149
0.93856714684924 0.849106924540896 1.03113650328182
0.941760170105272 0.852195290244481 1.03419465834107
0.947355072702349 0.857415684438213 1.03990281243435
0.953950571897705 0.864592420720945 1.04695039576531
0.956665160049053 0.86716437033504 1.04954937496553
0.959430192454557 0.869585202836055 1.05281102451658
0.961672214693667 0.871037126239723 1.0549908332212
0.963712145162936 0.873175321372972 1.05666491954888
0.966767841214586 0.876659705275102 1.05976527048454
0.969891570704543 0.879581463910098 1.06291861251002
0.972429571949105 0.881501730147378 1.06578479825442
0.977600272965809 0.887208495590857 1.07047867912613
0.981335373293216 0.890450241084217 1.07499909628996
0.9865140979771 0.895230785983399 1.08100903051636
0.989865654969511 0.898564488027452 1.08446260568964
0.993227051769488 0.901223943258843 1.08817858386114
0.995001063608863 0.903324685652895 1.0903122110743
1.0001862910731 0.908180348560694 1.09555013298519
1.00283636857935 0.910962079805654 1.09835555497145
1.00903715707969 0.917563596590121 1.1033314425057
1.0118602044465 0.920057574581375 1.10546195557931
1.01781749225825 0.9257669477818 1.11301145657256
1.02169868041268 0.929543878997926 1.11688541584429
1.02509457172826 0.933572166602453 1.12022688876266
1.02998609535082 0.937763024192523 1.12389282615153
1.03646700412199 0.94348794247185 1.13042007905667
1.04153791852026 0.949183248095864 1.13605524868364
1.04844194102978 0.955294429065123 1.14347992182279
1.05644878229669 0.963749482933019 1.15195587860832
1.07110598435589 0.977369516761496 1.16715239803221
1.07525660069283 0.982003849648549 1.17064674633867
1.0785915348652 0.985436773365052 1.17382236021951
1.08033090893897 0.986973776038616 1.17584960418624
1.082213819825 0.988958442609842 1.17806533436677
1.08565248091303 0.992494598720823 1.18091843674799
1.0886572272532 0.994964516787858 1.18398368106799
1.09574712399739 1.00027520726026 1.19146213816986
1.09956327191782 1.00463793627082 1.19519312683068
1.10582875140744 1.01054538086887 1.20316381271657
1.10957031837232 1.01472456705724 1.20678299757395
1.11314069542136 1.01790023761313 1.21009573234976
1.11948706373597 1.02499552469828 1.21514194858471
1.12408952505868 1.02910014985586 1.21990598040767
1.12915809727178 1.03411657784329 1.22510082950112
1.13644426804126 1.04027373032771 1.23352767389249
1.14503165271574 1.04914501862039 1.24288943396914
1.15144410561534 1.05521308056227 1.25002426636037
1.15558282098489 1.05725142047723 1.25658908447582
1.16033167559921 1.0621524263754 1.26049741064391
1.16515721238106 1.06621204412719 1.26612005228825
1.17000029883674 1.07020423202443 1.27215303427973
1.18428391794024 1.08591625246253 1.28497649365258
1.18701201929297 1.08891599232364 1.28826674954879
1.19261295187906 1.09351317734168 1.29382949295931
1.19736722415911 1.09862932510517 1.29866667443441
1.20756883643421 1.10937646756232 1.30961657123387
1.21611188247829 1.11671424177032 1.31808160086394
1.22531891486307 1.12585927641253 1.32920189703465
1.24003985999175 1.13750104940995 1.34644150340688
1.24874008906365 1.14460855797742 1.35742730281946
1.25681202425127 1.15372238495892 1.36482783085568
1.26198680097607 1.15902974563583 1.36916077693556
1.27054743719303 1.16649107201697 1.37902334662142
1.27374633199131 1.17033258271823 1.38229602599653
1.2790675620861 1.17466243340405 1.38708202992619
1.28211892348618 1.17784037988964 1.38937263526963
1.2848890287998 1.18012388693863 1.39234274091056
1.28932785171383 1.18422630693427 1.39791974421173
1.29426301725406 1.18884117136809 1.40162659815643
1.29770550544265 1.19193216700595 1.40594799920662
1.30150021484009 1.19564176241473 1.40931261298569
1.30763760648889 1.20030939311906 1.4163244178677
1.31224895554677 1.20625851264401 1.42130511062773
1.31646930727015 1.20972088222538 1.42710738349634
1.32263405500422 1.21414192244533 1.43268314825024
1.33103336464534 1.22283541218354 1.44280323881346
1.33429610130107 1.22510486234804 1.44692616536806
1.33710254337398 1.22766990490336 1.44937961641811
1.34313233232044 1.23221230039162 1.45730166111327
1.34872949545706 1.23811875593735 1.4632299268717
1.35881443426775 1.24791959043518 1.47264551792511
1.36355214645934 1.2508708411222 1.47746201230112
1.36826052044502 1.25521354050559 1.4837466928298
1.37093087515248 1.2573919429746 1.4878294431799
1.37569959440608 1.26163430966267 1.4926486168021
1.37857714852926 1.2643372997848 1.49477531173082
1.38158575706792 1.2671286501443 1.49812748964922
1.38568924297424 1.27008961136002 1.50276083505081
1.38898666164535 1.2733758953254 1.50557780972971
1.39598125478808 1.28010499412663 1.51493483370131
1.39969683849725 1.2833620472674 1.51909137120625
1.40487843447035 1.28936979151607 1.52471858648778
1.40945947271754 1.29286424587575 1.53010269800613
1.41358663098531 1.29652044592448 1.53426418506836
1.41964588279918 1.29972268894161 1.54092224201688
1.43192062861549 1.31252167877447 1.55754506486715
1.4432501355522 1.32272230616107 1.56974169569518
1.45043374332143 1.3292186922759 1.57625797291759
1.45393303991677 1.33304839473594 1.57939197491419
1.4627605865438 1.34084223716162 1.58982778110371
1.46955214237066 1.34688880535578 1.59598264935492
1.47453460747441 1.35240634785935 1.60063700263002
1.47998241621837 1.35820195960096 1.60648357050604
1.48731606832237 1.36387888937138 1.61324951586965
1.4907831691508 1.36749708140079 1.61745079511238
1.49860119870227 1.37280883992216 1.62522697361307
1.50832997962981 1.3826138094086 1.63520093888401
1.51920529347611 1.39252952354199 1.6477118443707
1.52564078391882 1.39935007333194 1.65606316557985
1.53072379340644 1.40448857456782 1.6617002091915
1.53784878821321 1.41138378536467 1.668732243886
1.54476624962986 1.4175666530847 1.67495346221335
1.54949835307051 1.42229050414139 1.67916975963763
1.55790414460297 1.43205231360357 1.68751981536734
1.56932589322768 1.44336536174792 1.70021170155951
1.5738211027767 1.44776278399759 1.70619249412175
1.5896975112905 1.46205204562597 1.722330928664
1.60734601303265 1.4791238142228 1.74068258831787
1.62353568943383 1.49541503475531 1.7598383282381
1.6438225195914 1.51565105167094 1.78231447472821
1.65095951797982 1.52271369016985 1.78874045231388
1.65569725347697 1.52650369297558 1.79417033219462
1.66423910258028 1.5334232506857 1.80266387784862
1.66975919032352 1.5376744973316 1.80684651629019
1.67515813249605 1.54361024253585 1.81369097480014
1.68071405409642 1.54888077324624 1.81889804547099
1.68904712423673 1.55726794736553 1.82694120243172
1.69533976134071 1.56445043916088 1.83413737157113
1.70253267240656 1.56915070470952 1.84385524326335
1.71249796970014 1.57799656009962 1.85215166770556
1.72209242337685 1.5898190821082 1.86225342436329
1.74520269128201 1.60966783523957 1.88886341523717
1.76444297175634 1.62836542257751 1.90701956862221
1.76872532737021 1.6311272914938 1.91182839756586
1.7772598321897 1.63823126138633 1.92132159353606
1.78972678967532 1.65031765157643 1.93487053316926
1.80239625713651 1.66206554875245 1.94960805077683
1.80926569692534 1.66926316469436 1.95455704430461
1.81623550770939 1.67374187512742 1.96372646113242
1.83087891401127 1.68852595543954 1.97797128570905
1.85708778393256 1.71483068186072 2.0085844285606
1.86971889321567 1.72763972659311 2.0216596395144
1.89299844390425 1.74913889451481 2.04652428526916
1.90769414484019 1.76253390323115 2.06219480337496
1.93460043161059 1.78676516137135 2.08961955854647
1.95587213793276 1.80452509942382 2.11478927061478
1.97528868935741 1.8225552265662 2.13584309040999
1.98747193571182 1.83280940751972 2.1507127354924
2.00482896277965 1.8476929637188 2.16882846277554
2.04228019590757 1.88027690551752 2.21337246254367
2.09026655812212 1.92224452148434 2.2666732624661
2.09973585420453 1.93380919162122 2.27377751874165
2.13211806448153 1.96155958971721 2.30824145089683
2.13824445584438 1.96718795453677 2.3153100215953
2.15027292961843 1.97975809823552 2.32929911170439
2.16269492697569 1.99044864827716 2.34370323042523
2.20851970764336 2.02671385906372 2.40323929174021
2.23208091246344 2.04760014983775 2.42632017696299
2.25856132090778 2.07012036944182 2.45577856491918
2.28733954094825 2.0924295485687 2.49143572261432
2.33609317276584 2.14252805877071 2.54068582675448
2.35536616637197 2.15777936447593 2.56415194742653
2.38240345037929 2.17768595983042 2.59489875497056
2.40577172224997 2.20043800712305 2.61831681134054
2.4603786373941 2.24506102096268 2.69096173120562
2.47909870043832 2.2647541293332 2.70962232434637
2.48425812486143 2.26908225181767 2.7145641029759
2.50679373859373 2.2919559592944 2.73434948827853
2.61499756542154 2.38693675871275 2.85469821230046
2.73533248466432 2.49538500472676 2.985204251784
3.01249742758354 2.73827920452781 3.29167226037873
