"res" "LCI" "UCI"
-3.58344325369633 -3.87527114839445 -3.30089431912476
-3.16994179851222 -3.40339447046526 -2.94121786006771
-2.93940351099124 -3.14641041657523 -2.73988015479677
-2.87736757493202 -3.07704018255822 -2.68503137787046
-2.79316708054709 -2.98258141156192 -2.61063250869065
-2.73362387160197 -2.91787573017917 -2.55611527048444
-2.67963079887742 -2.8588437877916 -2.51039578092558
-2.50758718780343 -2.67015376433927 -2.35266219261213
-2.4336984861323 -2.58873317719988 -2.28395180931874
-2.42307221202817 -2.57957632637683 -2.27377740616061
-2.41142727060627 -2.56517813155499 -2.26302330316828
-2.38676225087187 -2.53809201760931 -2.23995426917208
-2.35834888696202 -2.50746124766225 -2.21433417279495
-2.30423731906572 -2.4503211177722 -2.16321053395857
-2.29275813095845 -2.44028712822268 -2.15126185726383
-2.1834428560153 -2.32381500372543 -2.04932944311426
-2.08741553721886 -2.22071216960693 -1.95617022608833
-1.99559726221599 -2.12960793792895 -1.86373553417592
-1.98180321796901 -2.11080880470939 -1.85348613192834
-1.97481615538522 -2.10438924166001 -1.84776303594828
-1.94230523136201 -2.06709907878398 -1.81888966159082
-1.91653612867907 -2.0410067538896 -1.79422458215894
-1.91051715948181 -2.03443494822232 -1.78830112409043
-1.90393087811535 -2.0270766272577 -1.78029626763157
-1.89606764845795 -2.01894913551744 -1.77099245485093
-1.88396045173427 -2.00776398310656 -1.76015462922739
-1.87629002771197 -1.99816956474381 -1.75293606425691
-1.87140047643539 -1.99485917644568 -1.74934519388538
-1.83988480300767 -1.96095100227376 -1.72123852760471
-1.83540003088527 -1.95639568164424 -1.71685415628094
-1.82902402087792 -1.9478154146676 -1.70986521040245
-1.82155128646837 -1.9400734765999 -1.70313197855647
-1.81412052731208 -1.93243025321646 -1.69581466103252
-1.79824756338954 -1.91790688687554 -1.67877196695194
-1.78350923748995 -1.90130102136023 -1.66595864337554
-1.7754365194839 -1.89286476096006 -1.65695862778407
-1.76501522606145 -1.88088248893371 -1.64853343979515
-1.75576338663873 -1.87178771623434 -1.63940673016369
-1.74992121552288 -1.86610440222373 -1.63430109592555
-1.74535336536795 -1.86066927235008 -1.62917763659605
-1.70737113316552 -1.82153833163009 -1.5924715469881
-1.67297049482456 -1.78964796154106 -1.55644764554212
-1.65316134505531 -1.76608868926796 -1.54077445217406
-1.63190004384364 -1.74486463407147 -1.5172498228135
-1.62658013089437 -1.7386772056789 -1.51315782232777
-1.6191747310782 -1.73024441830387 -1.50727094000841
-1.60896220019929 -1.72070937695318 -1.49689882284043
-1.6054458737077 -1.71748078853549 -1.49268638735072
-1.60205880218085 -1.71375002129037 -1.49075452356395
-1.59679605773452 -1.70694309939303 -1.48406691795572
-1.5893317958021 -1.69833037204334 -1.47856210967967
-1.58601553210786 -1.69510398530849 -1.47464614108631
-1.58323504139482 -1.69315134411366 -1.47202120450955
-1.57683614056187 -1.68720393001417 -1.46619334687728
-1.57199783915711 -1.68213809683006 -1.46108205816878
-1.566170142925 -1.6759028766973 -1.45518077668092
-1.55737294225701 -1.66720596694499 -1.44679687714135
-1.5472280896534 -1.65702033822431 -1.43549972268205
-1.53973460252804 -1.64909023018187 -1.42948814574184
-1.53406403780038 -1.64313370835307 -1.42430471647587
-1.52201914983639 -1.63035008414422 -1.41163870840617
-1.51780356599602 -1.62605444498844 -1.40799852575454
-1.51109803941325 -1.61895503832193 -1.4020168490176
-1.50198471056843 -1.6097624004356 -1.39239436207568
-1.49547540885595 -1.6035965463732 -1.38594526352431
-1.48709931902397 -1.59570019605204 -1.37826420204017
-1.47985984141473 -1.58835715815522 -1.37100434085871
-1.46933382830054 -1.57970555241575 -1.35948403349356
-1.46120786586686 -1.5730859939151 -1.34950570163795
-1.45830450698389 -1.56903403096361 -1.3462226865673
-1.4560280363206 -1.56654134340144 -1.34425085563585
-1.45005021481355 -1.55937906029627 -1.34060924137986
-1.44698517416811 -1.555324201702 -1.33642637464593
-1.44342620489863 -1.55167771060702 -1.33447561001961
-1.43348672035666 -1.54054728540221 -1.32635571985103
-1.42822308354008 -1.53442270444401 -1.32105460998439
-1.42273376472002 -1.52801053724803 -1.31539870575178
-1.41386021737774 -1.51880249158094 -1.30724135967218
-1.40334039387436 -1.50971711428832 -1.2971737254573
-1.39768596082193 -1.50306593014156 -1.29108693046434
-1.39451419534752 -1.50030245750859 -1.28740773197341
-1.38978640116223 -1.49515569879885 -1.28357367679158
-1.38477123778657 -1.4890377377786 -1.27798283615246
-1.37861017316954 -1.4836423566323 -1.27245468025799
-1.37404358880579 -1.47824618651151 -1.26750192254544
-1.36995816264692 -1.4745484512867 -1.26405945901054
-1.36111561601393 -1.462708111259 -1.25760576512241
-1.35839749721464 -1.46096394200545 -1.25469805098112
-1.35345487156216 -1.45565429175352 -1.24966799509026
-1.34880821626713 -1.45086305375678 -1.24569734269677
-1.34310493013369 -1.44514613688215 -1.24000553916117
-1.33476171711876 -1.43626592475731 -1.23144874921386
-1.32833095821536 -1.43097225662445 -1.225555925642
-1.31970463659333 -1.42225710441288 -1.2165888575329
-1.31592180262086 -1.41842045153044 -1.21307141002584
-1.31292089775562 -1.41553028061112 -1.21054477554564
-1.30858551907987 -1.41233675989134 -1.20465599377211
-1.30292448162242 -1.40509456102586 -1.20009076900204
-1.29832811849049 -1.40044264804799 -1.19587429010753
-1.29580072613599 -1.39718637336588 -1.1938347554071
-1.29309979071516 -1.39390424217431 -1.19180515462809
-1.28683269424855 -1.38815259488528 -1.18429962845851
-1.28306205086111 -1.38403949007217 -1.18150688301324
-1.2774345482975 -1.37741638705632 -1.17652712010464
-1.27083582246989 -1.37100105353843 -1.16911677056821
-1.26846981842641 -1.36886867800087 -1.16687539658267
-1.26596666053111 -1.36678757279069 -1.16401637021365
-1.26049823181316 -1.36092670326667 -1.15978885144885
-1.25470277637523 -1.35454157565273 -1.15317875137526
-1.25093613629133 -1.35120282265121 -1.14956505018894
-1.24548881407088 -1.3454438331945 -1.14441091336371
-1.23879766190777 -1.33757764010589 -1.13872800282712
-1.23575328994598 -1.33504937136445 -1.13572159794568
-1.23238187112513 -1.33046242949055 -1.13282313939438
-1.22858466262467 -1.32745284858617 -1.12903657665323
-1.22515161586435 -1.32462726185942 -1.12508698165702
-1.21945842977874 -1.31819901651224 -1.11925019462436
-1.21491419236284 -1.31442604911792 -1.11599239137647
-1.20813239245321 -1.30684146870825 -1.10849823073201
-1.2012135682739 -1.29888186723105 -1.10166089640705
-1.19826242312396 -1.29574975807592 -1.09859736491976
-1.19514207613172 -1.29277625501487 -1.09647913409247
-1.19220037631889 -1.29050242462264 -1.09374939175789
-1.18860627997858 -1.28690630048532 -1.08976927008976
-1.18404483300692 -1.281495154176 -1.08536855355991
-1.17926633090288 -1.27719057751928 -1.08189337263222
-1.17512710009421 -1.27308540094854 -1.0772845942665
-1.17006742551167 -1.2684474683719 -1.07218920047137
-1.16207513948933 -1.25928991653695 -1.06475797273016
-1.15746514110341 -1.25496044203917 -1.05905363085583
-1.15124302860353 -1.24914381451435 -1.05247400926401
-1.14718718782566 -1.24406130640015 -1.0495374828359
-1.14344418557942 -1.24045716076134 -1.04574023530403
-1.13957339208172 -1.23638995672008 -1.04252407866593
-1.1364648247145 -1.2330587588341 -1.04029848029376
-1.12956198777003 -1.22524119002513 -1.03328295945153
-1.12469780363919 -1.22113699308422 -1.02740040291522
-1.1214908924371 -1.21756180698746 -1.02493627783354
-1.11921653694219 -1.21414089908102 -1.02280777323289
-1.11690481559563 -1.21239215157654 -1.0211444191876
-1.1141739398241 -1.2094088143934 -1.0176808384965
-1.11031487354545 -1.2062082123257 -1.013888649335
-1.10611232178344 -1.20068450113328 -1.01106618962388
-1.1014603851716 -1.19510857697352 -1.00572908339921
-1.097010950559 -1.19184802361721 -1.00176696577049
-1.09127996615117 -1.18501269309766 -0.99570170623052
-1.08621409761873 -1.18076278957044 -0.991988328396553
-1.0846782701513 -1.1792554413746 -0.990284003412133
-1.08201011409652 -1.1767612834967 -0.987252779425123
-1.07760517507476 -1.17185373294697 -0.982291145269492
-1.07395417521541 -1.1674475641204 -0.979326072144859
-1.06846032814083 -1.16229096495582 -0.974325556875313
-1.06328770426343 -1.15709842102151 -0.968645335021266
-1.05652137581663 -1.15104204263256 -0.963179946113041
-1.05008800997006 -1.14444559929135 -0.956588979012004
-1.04576678039772 -1.13968026274179 -0.952480332309303
-1.04397306579326 -1.13748525689866 -0.950671886416626
-1.04140528986838 -1.13511669837465 -0.948131622066192
-1.03883139010679 -1.13226761121691 -0.945958180955382
-1.03330283214397 -1.12733274725217 -0.940252573130865
-1.02675924582694 -1.12046184931216 -0.933409133292211
-1.01771914355102 -1.11124759890065 -0.923180508906134
-1.01041102663283 -1.10241675012745 -0.916523430882518
-1.00748613900586 -1.09967877310296 -0.914607377328221
-1.00219857802658 -1.09396401326557 -0.909418324504161
-0.999907261726961 -1.09172222461593 -0.907355410602258
-0.996230300745068 -1.08863141291598 -0.90330937795146
-0.993072446484928 -1.08483416866877 -0.899775868551135
-0.989608460910496 -1.08209807752386 -0.895967372009892
-0.986553325910889 -1.07928091603197 -0.893550410004023
-0.981580277233846 -1.07294279224729 -0.888896310705681
-0.977382323276804 -1.06849312512577 -0.884674763962791
-0.973852438840563 -1.06516603165115 -0.882424636324222
-0.967851324843096 -1.05979467291804 -0.876722841741562
-0.963049539414643 -1.05489525144651 -0.872259875024567
-0.957210260948403 -1.04976243951824 -0.866143263645487
-0.952372841759041 -1.04411589830286 -0.860087300940845
-0.947446540693227 -1.03992188103767 -0.855352728679915
-0.939532163497125 -1.03194357010792 -0.847201068836552
-0.930256785416781 -1.02310337645685 -0.839149317750629
-0.926161207277086 -1.01911211161333 -0.834699680125839
-0.922014676446796 -1.01422855338111 -0.831692437498368
-0.910881519676191 -1.00266137052159 -0.818554683427099
-0.908185316013008 -1.00034275490335 -0.815995784054661
-0.904217767938986 -0.996491985817744 -0.812422616755876
-0.900848192682092 -0.993007799095325 -0.809453553070785
-0.896682594044572 -0.988093249144514 -0.805923096553762
-0.893765857994091 -0.985669448581081 -0.802631423753586
-0.890671542794597 -0.983482978375394 -0.799461616751503
-0.887982363370594 -0.980970802488806 -0.796964795050316
-0.882662887179351 -0.975341221558974 -0.791384742031815
-0.879201301396117 -0.972449377456093 -0.788633222219842
-0.877360950022809 -0.970344394396915 -0.786212219037757
-0.871547017119201 -0.964645397654015 -0.780184182994094
-0.865923565008139 -0.960569647774943 -0.773124156098139
-0.860707184482952 -0.955428926497223 -0.768334725170128
-0.854654921030278 -0.950018853586345 -0.762970514084901
-0.849816515294058 -0.945184905118013 -0.75695000784441
-0.846301978079216 -0.939500605308919 -0.754678793280231
-0.842685273989079 -0.936999074064081 -0.752016909782124
-0.837978941669383 -0.9319801002396 -0.748043857853326
-0.834845321877354 -0.928893985072684 -0.745254611251976
-0.83093343346307 -0.923929990889533 -0.740806422727687
-0.826835587757059 -0.919918013179945 -0.736466505211871
-0.822199266849955 -0.914743071836422 -0.731834541270248
-0.818172124797254 -0.910785723423714 -0.727947085324087
-0.813762026104902 -0.906257046654875 -0.724477227917736
-0.808950752077717 -0.901859065525225 -0.718763986315907
-0.800613177948926 -0.893751783615339 -0.711278983808544
-0.792476904356257 -0.885647054805183 -0.702572425570068
-0.788407523398172 -0.881312523392008 -0.698105994533135
-0.784116623321019 -0.87728345231269 -0.693659103304546
-0.780733772957506 -0.87429636856372 -0.691353716573512
-0.777238427544429 -0.870255174821345 -0.688496825049234
-0.77423300201566 -0.866942563485764 -0.68563396928604
-0.772375393466596 -0.864729450646169 -0.684097117497416
-0.765309826812294 -0.856640279261923 -0.677859651132939
-0.759859432530683 -0.851330593707417 -0.671341300153848
-0.75757839409058 -0.849249620022977 -0.668851096080133
-0.754344668385773 -0.84547611526302 -0.664930182423192
-0.75245707221236 -0.843959052623188 -0.664035571157646
-0.750012226301294 -0.841445599978002 -0.661322454617358
-0.746896576084945 -0.837791143461683 -0.657737369597579
-0.744447822504248 -0.835976568545753 -0.655839738041438
-0.742580317507674 -0.83386344405929 -0.654103877969125
-0.740273472558602 -0.831207206112464 -0.651849015361893
-0.737506861702867 -0.828337000791477 -0.649862316028973
-0.731483286466506 -0.822842287885647 -0.642908979060252
-0.729224162057635 -0.820598981660247 -0.640784852894577
-0.726325092528687 -0.817202454888644 -0.638218763971929
-0.724549010138373 -0.815119677108436 -0.636330805198539
-0.721851755674315 -0.812843592950429 -0.633454140346605
-0.719627323851605 -0.810349421864174 -0.631655508137063
-0.718094951704124 -0.808873590952314 -0.630699948280824
-0.716811457115371 -0.807293902108473 -0.629003360448148
-0.71529663036788 -0.806108145304896 -0.627051009969316
-0.712739385083399 -0.80351653616187 -0.62517730060899
-0.710991656336983 -0.802117584787488 -0.62339673273409
-0.709686986916557 -0.800693050928142 -0.621253417527428
-0.707164859351485 -0.798608802867383 -0.618476783419252
-0.705482499281433 -0.796647184852959 -0.616852367569801
-0.703547603194477 -0.79510433878156 -0.615374142537785
-0.701260572879343 -0.791634951515799 -0.612292670691407
-0.69906574053942 -0.789337304219758 -0.61020949193659
-0.696540005017808 -0.787545457227493 -0.607538708437484
-0.693235351874834 -0.785499248285827 -0.604129855073965
-0.690058774328769 -0.7813876340263 -0.59975575743299
-0.687273597382898 -0.778453342221918 -0.597403033900352
-0.682630716318902 -0.773526771745443 -0.592984557524806
-0.677913415903785 -0.768054113439642 -0.589042485464674
-0.670858355740789 -0.760560972362972 -0.583821693910942
-0.665938915471134 -0.757071206089071 -0.578203600439306
-0.663718281906044 -0.755441924125248 -0.575136329780759
-0.661410857510342 -0.752683735145238 -0.573390238423981
-0.658352309485715 -0.748697026371091 -0.571085016756111
-0.654062680642182 -0.744687603705067 -0.56717795502987
-0.652750296209203 -0.743264987462916 -0.566094271466066
-0.651285337117214 -0.741917794466505 -0.564849956568138
-0.648816340651406 -0.738397982179167 -0.562854050147006
-0.64597383687677 -0.735491885932963 -0.559197234418645
-0.643920453404509 -0.733083831578099 -0.557279270193891
-0.641270656908216 -0.729858288440278 -0.55470096865351
-0.638952885351117 -0.727795269145905 -0.552153419808226
-0.635887703423509 -0.724414624162767 -0.549383396320702
-0.63417573481374 -0.722970344261053 -0.547418200194721
-0.631858561067937 -0.720213687186481 -0.545354600403099
-0.630146586129857 -0.718726584420608 -0.54340326676224
-0.62727817567234 -0.71610661047111 -0.54187070877962
-0.624993821391529 -0.713081131088436 -0.539190702600024
-0.622794455545941 -0.711606711512041 -0.536958428566921
-0.620417839235028 -0.707845776354908 -0.53381600504057
-0.618385954263158 -0.705782199093415 -0.53207299404257
-0.613433060039579 -0.700673498151135 -0.529126701840687
-0.610904644101526 -0.69809890397266 -0.525599615460343
-0.609103520269986 -0.695332367141218 -0.52417007031078
-0.606107003904213 -0.693057528404736 -0.52190067134343
-0.603575368672707 -0.690459403185846 -0.518832721378326
-0.600303193781546 -0.686513329479566 -0.516401317181926
-0.595212199829687 -0.682189422561279 -0.510538952935365
-0.590813214803467 -0.676561138302967 -0.507487171494633
-0.586036625003016 -0.67212336964107 -0.50272411993631
-0.582874768074401 -0.668217509313012 -0.499371539238628
-0.581028576347691 -0.666570310666285 -0.497812533836345
-0.579218333763701 -0.665481223570651 -0.496392239199995
-0.577761179559635 -0.663100512381896 -0.494833266210219
-0.575529248026359 -0.659578233391801 -0.492247912173213
-0.570043233773411 -0.654663927875924 -0.487010295336744
-0.563038030240816 -0.646989199354213 -0.480397300730001
-0.552275998529625 -0.636188060722752 -0.470828412791242
-0.550867851394717 -0.634344977169782 -0.469271829133648
-0.549126373884589 -0.632374898876988 -0.46835017339754
-0.547736414089966 -0.629911445116375 -0.467121227282221
-0.546108081644642 -0.627917346578344 -0.466184321230284
-0.545119158097685 -0.626811768192626 -0.464917124393963
-0.543326686634815 -0.624679649857665 -0.463532599802683
-0.541856592306741 -0.623344721136863 -0.46174451777698
-0.539174053365157 -0.62100275151268 -0.459948130266123
-0.53267855349456 -0.614365419730926 -0.453850744925947
-0.530437751596799 -0.612197582400086 -0.452021374633976
-0.52500628206103 -0.606353375921078 -0.446546731434613
-0.524483448884965 -0.605972379275795 -0.44603184934117
-0.524110315331021 -0.605769397214696 -0.445708191638534
-0.521377998810703 -0.603310428310183 -0.443163365349896
-0.518608778104151 -0.600763593487033 -0.440426468456348
-0.518040567408377 -0.60009587557233 -0.439844143085167
-0.512608051007645 -0.594467570087759 -0.434519302916506
-0.508773886859352 -0.590688563371868 -0.430730259530154
-0.507618291913626 -0.589380138347389 -0.429678314036216
-0.507401196895463 -0.58914699325712 -0.429560711514935
-0.501216163180374 -0.582798666471701 -0.423268104301159
-0.500993232395023 -0.58254273239298 -0.423060826275794
-0.499367960083737 -0.581043902783811 -0.42152678895331
-0.498991021653979 -0.580564442862497 -0.421425633671316
-0.494879607896637 -0.576590253557441 -0.417285358866483
-0.480542008385952 -0.560840366134659 -0.403175988634206
-0.479618337386888 -0.559584254101716 -0.402214898511036
-0.478502719394963 -0.558555738471187 -0.40114923569132
-0.474495316500413 -0.554084675727824 -0.397245900548389
-0.471078735787911 -0.550696013650262 -0.393916707121796
-0.467864814690339 -0.547344807110323 -0.390703382790013
-0.466013153519751 -0.545777834350039 -0.388797003947462
-0.465234799996286 -0.544953958504293 -0.388192276197635
-0.459987691296899 -0.539471492863891 -0.382939671429921
-0.4556544805054 -0.534658320304225 -0.378804657885884
-0.452552839791852 -0.532301316246309 -0.375935484466951
-0.448177884087368 -0.5265440512683 -0.371523742704783
-0.447224762160462 -0.525697285760673 -0.370726923959863
-0.44061533766947 -0.51946393406365 -0.364451106271146
-0.437613721276874 -0.516889777721939 -0.361316036825377
-0.435895409234362 -0.515079207594931 -0.359502232229985
-0.42983073341468 -0.508323954062533 -0.35363752986097
-0.428785036180554 -0.507440999596101 -0.352499233176693
-0.427297014306413 -0.505599827057 -0.351101863206412
-0.4254727106071 -0.50423103798035 -0.349734781974699
-0.423795803804926 -0.502310422498083 -0.347722806251044
-0.422584144658596 -0.501076595032067 -0.346255466834361
-0.420793136670057 -0.498896048936982 -0.344550560564292
-0.420345316374808 -0.498353197821742 -0.344118633262848
-0.419717983271614 -0.497746687757545 -0.343492078599589
-0.412124504373435 -0.490859157421211 -0.336074386718731
-0.409886968775512 -0.488755234754544 -0.334201595438898
-0.405094606741253 -0.483972364869723 -0.329668320855879
-0.401902725083202 -0.480619238089033 -0.326700840988912
-0.400743588712448 -0.479287873147388 -0.32542126546734
-0.398866889225558 -0.477331146992237 -0.323434982611505
-0.397762529105059 -0.476371846638777 -0.322504171453447
-0.397236940694932 -0.475449015103779 -0.321735224551555
-0.395817461348503 -0.474181257512912 -0.320715157712859
-0.395066965307633 -0.473424272407442 -0.320025968042919
-0.393384546561017 -0.471649549243905 -0.318597580624023
-0.392250654886776 -0.470426268235858 -0.317146000646696
-0.390356828422143 -0.468664459321942 -0.315390516238302
-0.384490600331177 -0.462143984751651 -0.309797331948444
-0.381986122141866 -0.460335292391021 -0.307231873805835
-0.381350544897763 -0.459326722419882 -0.30644814554796
-0.379249487385265 -0.457979962489628 -0.304782851360447
-0.377025775345021 -0.455396938319873 -0.302198782699183
-0.374151868841343 -0.452905534745779 -0.299213648119484
-0.371309925908309 -0.449619731398466 -0.296784495795971
-0.370750941337809 -0.448981625409111 -0.296196863381418
-0.370518445205356 -0.448597825369797 -0.295953244995161
-0.368760363363521 -0.446708190480232 -0.294724707899435
-0.36743086664349 -0.446002210724873 -0.293091940682487
-0.366830528240007 -0.44510996516987 -0.292477462791345
-0.364952959645884 -0.443017381232574 -0.290568358795327
-0.358313943821352 -0.436470975593238 -0.28367448516936
-0.35611296408807 -0.43428102803416 -0.281472852747492
-0.354901091820633 -0.432760111633088 -0.280100055389756
-0.352842679801175 -0.430774027723995 -0.278507914646351
-0.351185915569906 -0.429105027801411 -0.276744335496777
-0.3453247343386 -0.423189973640502 -0.26962488309509
-0.341870519794276 -0.419644628844624 -0.267124304086185
-0.337141515659267 -0.414630133856331 -0.261838251344101
-0.335853772676287 -0.413472214800688 -0.260920498806965
-0.330932934208351 -0.408767631956377 -0.255782374021462
-0.32685768706336 -0.405296979339113 -0.250631659732475
-0.321939807905643 -0.399467437593773 -0.247039121535452
-0.315457768490533 -0.393122182292255 -0.239846752028738
-0.313171837907597 -0.390972442221849 -0.23786505275635
-0.307466192115449 -0.385747086566678 -0.231822218842588
-0.304020023448831 -0.381704348966485 -0.228081650223927
-0.302118245321539 -0.379348551654388 -0.226477943372903
-0.300366655029281 -0.378232662832018 -0.22468906321953
-0.299489541009178 -0.376854792919832 -0.223577810978702
-0.298232979128344 -0.376150831148661 -0.222695522215311
-0.29510784826053 -0.372628002563332 -0.220004148005035
-0.293008175060818 -0.370790200975409 -0.218442021289883
-0.288722271390667 -0.366851684348952 -0.213718770169526
-0.286530539503583 -0.364213383960338 -0.21131370857568
-0.286243492453141 -0.363906065421734 -0.210905439834157
-0.281784688226065 -0.359821452034586 -0.206861446716433
-0.272828448948204 -0.350664435495093 -0.1974870854454
-0.266429188878121 -0.344210320683684 -0.190541980113581
-0.263362802563622 -0.341568488928829 -0.187444017892844
-0.258471896522851 -0.336510306373338 -0.182241158252945
-0.256786247779584 -0.334902274969068 -0.180279155157122
-0.255752811344979 -0.333782739815374 -0.179312914517878
-0.25453467806971 -0.332760229507383 -0.178596616456871
-0.252976506354549 -0.331063931459643 -0.176702335965837
-0.250997082847418 -0.328297245532128 -0.174790945499872
-0.248795719721768 -0.326852832838765 -0.172736355432464
-0.246522675396339 -0.324695046203491 -0.170914156845219
-0.245272110100887 -0.32356825884506 -0.169496541067675
-0.243017526413736 -0.32132769659282 -0.166715215353707
-0.241165003978333 -0.320451356585116 -0.164552174537991
-0.239752866716088 -0.318221243593837 -0.163336401746124
-0.237928810276261 -0.316578912871812 -0.161832874123172
-0.237212667991134 -0.315608789260221 -0.161147888958098
-0.235045850334973 -0.312799797069027 -0.158642865584174
-0.23202824009922 -0.310524365967633 -0.156170506238172
-0.229841950968942 -0.30860441210784 -0.153237218558349
-0.226801276285676 -0.305724573344602 -0.150267341131577
-0.225143540444204 -0.303793203656989 -0.148385909536551
-0.22321817061464 -0.302578640525446 -0.145843581601937
-0.219831486314674 -0.299320279346917 -0.143059768673865
-0.218643225236591 -0.298036889490902 -0.141542949538978
-0.21371676988516 -0.292660382103527 -0.136833110966212
-0.21039124715984 -0.288868233419598 -0.133114489524004
-0.209339094330003 -0.288179331272881 -0.132184663370042
-0.205991906317498 -0.284321970563649 -0.129015861116603
-0.202721464815275 -0.28136469807835 -0.125941458273113
-0.198389671149093 -0.277100833478193 -0.120976712462908
-0.197688496353394 -0.276626610380092 -0.120322092799451
-0.195873152959467 -0.275538476621419 -0.118563174845287
-0.193924216614565 -0.273250520786246 -0.116549285818041
-0.190169299651286 -0.269464062920781 -0.112628393241771
-0.187381784574831 -0.266400063670727 -0.109859035209477
-0.182130731051359 -0.260813600528271 -0.10553202580408
-0.18002697980646 -0.257964085566426 -0.102564000396591
-0.177253485674128 -0.255959605808621 -0.0986491799241249
-0.173304332915673 -0.252215146618043 -0.0959006290547283
-0.171325577041856 -0.25032655102958 -0.0940799615289354
-0.167740869166794 -0.247441924928627 -0.0898721220664448
-0.163391606748503 -0.242249745011882 -0.0850736939564266
-0.160889695060038 -0.240052161453039 -0.0826615993786866
-0.157986333250478 -0.236969643460725 -0.0798320758239371
-0.155140319360592 -0.234528665293446 -0.0768673494351994
-0.149030007913034 -0.227921916122859 -0.0713493309719899
-0.145783620103513 -0.224593100636013 -0.0677208464861679
-0.143841793724151 -0.222553338567916 -0.0662176559202524
-0.142087517298238 -0.221570857668013 -0.0646795860162241
-0.141173650224426 -0.220061204586856 -0.0638608981950338
-0.140243143590258 -0.219026856552694 -0.0629065731385149
-0.136889199641375 -0.215808481958731 -0.0597271369692522
-0.134484400340842 -0.214045107903669 -0.0573649406102823
-0.128808901405902 -0.207756751656319 -0.0508885793154361
-0.126505153900132 -0.20563194784824 -0.0483794387716959
-0.122573376494991 -0.201376888225195 -0.0446120198832414
-0.116437547571355 -0.194783558559768 -0.0375431262776825
-0.113451941544946 -0.193499206184479 -0.0341543162216125
-0.111975409975794 -0.191994885682033 -0.0325827838248477
-0.110546236482157 -0.190600183620331 -0.0309037035278659
-0.106001699985517 -0.185244550443284 -0.02694362277638
-0.102459154056899 -0.182572853600116 -0.0234732754196835
-0.0994160023951865 -0.179423336275385 -0.0208866979650149
-0.0978566273975287 -0.17758286693111 -0.0195961296243009
-0.0945659862386761 -0.17408150910515 -0.0163528474934367
-0.0921808714666225 -0.171147246005933 -0.0147761374129449
-0.0894033134986892 -0.16851188933455 -0.0114742269089494
-0.0858124285779046 -0.164777986047098 -0.0076183123796203
-0.0837155845374864 -0.162623538404168 -0.00588216176676881
-0.0826855699516247 -0.161516519778153 -0.00480682068786837
-0.0798202542657425 -0.158303873082035 -0.00257813663414915
-0.0761587058663517 -0.154682989382526 0.00154026927538422
-0.0735465823462474 -0.152420673865661 0.00421890867286937
-0.0683118225945522 -0.147680458046561 0.0100479244430103
-0.0666097803145409 -0.14596131410402 0.0118644224183343
-0.0650536849444351 -0.145161386192901 0.0132230297400629
-0.0632866020498238 -0.143284549167202 0.0148488976804986
-0.0617736672936115 -0.141362796724945 0.0167530302286657
-0.0590461214185644 -0.139609621435438 0.0189532127056354
-0.0561933891922415 -0.136520654651409 0.0222173576798293
-0.0522883457754612 -0.131976363330961 0.0254989265134168
-0.0483945283255207 -0.129057480278788 0.0302988052707996
-0.0446499465616534 -0.12593760207622 0.0343268198486211
-0.039816892935537 -0.119658272675448 0.0379724321559846
-0.0362583538086611 -0.115717059178028 0.0415720300901616
-0.03274796565455 -0.111708795684357 0.0445106876370267
-0.0277569292815309 -0.106488496021083 0.0513593647204354
-0.02428204016534 -0.102802432972069 0.0544151323519145
-0.0180311118636731 -0.0977501342548611 0.0598738506399238
-0.0163324013999137 -0.0959938730554364 0.0615027962082707
-0.0133016671133391 -0.0932392431876314 0.0647182473457401
-0.0107167025507973 -0.0909427967006824 0.0676013013353618
-0.00885094865741652 -0.0891374806154018 0.0694457019738418
-0.00808679343592979 -0.0883880153455673 0.0704923895483433
-0.00726516754600767 -0.0875712368492946 0.0711259279772714
-0.00542810758966523 -0.0857956798316526 0.0730466624931819
-0.0026418559630543 -0.0829892170573677 0.0761138316440669
-0.00139806224975739 -0.0817817312914396 0.077455740485865
0.0032879544813771 -0.0773339215504628 0.0817586676059809
0.0047879992072704 -0.0755966705478367 0.0836992123838789
0.00679606972316556 -0.0734492466936848 0.0848758436499617
0.00804922195632039 -0.072694636801026 0.0863058897044325
0.0107586595729485 -0.0694290586639923 0.0893355179001347
0.0126723952160892 -0.0674841643343855 0.0911001183495644
0.0144714703045369 -0.0654116740633573 0.093456470272914
0.0156975698936895 -0.0645725911350635 0.0951662407383608
0.0187370267306217 -0.0613603025724015 0.0976134304368676
0.0225963508511252 -0.0584117647863039 0.102750448575784
0.0255564660539336 -0.055175534780994 0.104171923764032
0.0285748922976115 -0.0512002301879073 0.108104558020055
0.0308113556834979 -0.0502459109324441 0.110883791231479
0.0331514746121569 -0.0470464487999488 0.112609863168716
0.0349707377022691 -0.0453834882248181 0.114550545545742
0.0369547350679199 -0.0435823796587174 0.116456204779944
0.03886472345048 -0.0422376029458782 0.118799278605656
0.0398012222546084 -0.0407534584910438 0.119814439313193
0.0411584853170465 -0.0388812790183523 0.120913974446393
0.0425193121220939 -0.0381378908632324 0.122878398728822
0.0440956254321154 -0.0364016496543294 0.124291400540697
0.045531467465269 -0.0355027650182444 0.12530466123901
0.046914698515652 -0.0339385079766699 0.127115948735684
0.0481893491382023 -0.0318553598049681 0.128198486114638
0.0497154635246341 -0.0304328302954402 0.129666547074936
0.0517289377680196 -0.028054164551937 0.131590558514838
0.0536935951327647 -0.0256393612498125 0.134600153746763
0.0556177729774703 -0.0236652056869782 0.136310749034753
0.0575433741230139 -0.0211228474839032 0.137910421634272
0.060060194121583 -0.0193361978064337 0.140520296900629
0.0624739390505249 -0.0172128423644096 0.143729891572776
0.0637676973362726 -0.0161655155219833 0.144911082655224
0.0650577563452567 -0.0146939229159015 0.145860951407304
0.0666383689708749 -0.012894258930086 0.146794999305318
0.0683630512170353 -0.011804541795536 0.148767144322129
0.0700560941307705 -0.0098168758168327 0.150563971632834
0.0724465575901454 -0.00731814930821581 0.153300789392688
0.0739812724609121 -0.0062619966385112 0.154281399531953
0.0761936537274673 -0.00426814890716988 0.156755033747685
0.0784933408650416 -0.00237186655161211 0.158818187520159
0.0807327699332533 -0.000185975785391242 0.160770009618984
0.0823726893130576 0.0011579745773382 0.162884667513375
0.0837947130367283 0.00245778277191957 0.164090874656427
0.0863535579341753 0.00484673222674491 0.167144997771404
0.0889162405722533 0.00871462133816007 0.170154322728537
0.0909046279392433 0.0108586681943121 0.171872225575522
0.0942386582083482 0.0127155259234273 0.174903747559966
0.0971714085887763 0.0159955844588415 0.177821663319396
0.0995162086512284 0.0188536224428653 0.179945922934376
0.101255395629478 0.0203462976717438 0.181920451955416
0.102775404692568 0.0216421082956997 0.183903522253198
0.105999689572758 0.02423311676624 0.186584043236508
0.111172506670799 0.0302632102894468 0.191363581662701
0.113177587377173 0.032465415887747 0.193684313122062
0.115456578952929 0.0346212615052082 0.196192070910156
0.117543806767489 0.0361973315883398 0.198839939967171
0.121603345778115 0.0409094028025689 0.202104588310507
0.124492627927313 0.042917222665473 0.204895290726754
0.126799329886377 0.0454136502543229 0.207433439617902
0.128731034820724 0.0479151634498422 0.209792144555228
0.132329933646777 0.051217586769235 0.213818794569605
0.134597350302496 0.0532051320430581 0.216201366358681
0.138153160683128 0.0563915127191908 0.220168304979077
0.141148897257179 0.0586782957398842 0.223801332008625
0.145067342407805 0.0626109297746007 0.228033260809554
0.147285605537341 0.0651893520330077 0.230643875606446
0.149271136653892 0.0669430972177338 0.232458500104455
0.150827559235228 0.0688620069328141 0.2336929192662
0.152414549856629 0.0703908234731576 0.235238791900333
0.154283575965106 0.0719282137446599 0.237368281202105
0.156245863199381 0.0743641513347995 0.239206944271376
0.16023799763596 0.0775649799675042 0.24250084532167
0.163065172853249 0.0809155662081937 0.24563169980521
0.164848020062419 0.0825808465123756 0.246764966948937
0.166738889637388 0.084250552499334 0.248233142130878
0.169002766966998 0.0874901842820679 0.250915293168905
0.171506538238722 0.08959736808329 0.254025876640271
0.173248582811286 0.0908661438940367 0.255781160506332
0.178232770136505 0.0964277421060492 0.260775252843906
0.181227544002884 0.0986391800024988 0.264385078499761
0.183965228976423 0.100932461717009 0.267301774679561
0.186469705736898 0.103555803101677 0.26968783297658
0.190466144894537 0.108624519642256 0.273866194707808
0.194581624751188 0.111480228272386 0.277660276211091
0.197891298734997 0.113907046329371 0.281664609852885
0.200259183789644 0.117204332625741 0.284330365932439
0.201823744588666 0.118161267331972 0.286289603588039
0.202760533594099 0.11855657473071 0.287392324505203
0.204826976078253 0.121061312833915 0.289077085557339
0.208450885469281 0.124611423220271 0.293054140002324
0.210197860912242 0.126082320698809 0.295146032816615
0.211862697152823 0.127141743467087 0.296701827655419
0.213709621307477 0.128931688178492 0.298505489157527
0.215852731263065 0.130988093622897 0.300839364796423
0.218104510748692 0.133140927490182 0.303058440038692
0.220112543838373 0.1354643304157 0.304880828358457
0.223189935495326 0.13884383614809 0.307125025241096
0.224533809429138 0.139712922270197 0.308385206876382
0.227518573056266 0.142474441508705 0.312615994205455
0.230009705946726 0.145338965881783 0.315118709579705
0.231388278253372 0.145836110434237 0.316428433168197
0.232407333260142 0.146790538407404 0.317531282133092
0.235047527547325 0.150553990346305 0.319870047951454
0.23820804920212 0.152726810211739 0.323422742061409
0.242101664823471 0.157046134157461 0.328263415460609
0.244343865239824 0.159089700086235 0.33059326222423
0.246610976259263 0.161632325902851 0.332995860489469
0.25008245324385 0.164488061141469 0.336696646277138
0.251873733730537 0.166036255862514 0.338238928010155
0.253719509066489 0.167704586519383 0.339727116994279
0.256615500561775 0.171861451394126 0.342427944434488
0.257917422995317 0.172525733823533 0.343296914472488
0.26012520274636 0.174315189168496 0.346618171014243
0.262374441567382 0.176457883280747 0.348836377461565
0.26429882122405 0.178782350534421 0.351418648150617
0.266768174337245 0.181000490291534 0.353897853058719
0.268692376275141 0.182700878754363 0.355765322446927
0.271143409914779 0.18469997093958 0.356971739778121
0.273688726112674 0.186889128487864 0.360614182106259
0.275742916541389 0.189767733663649 0.363097526450317
0.278565491363316 0.192533585084665 0.365329676454697
0.28103162234883 0.194415979601137 0.368425957315801
0.283598075662429 0.196671228005706 0.370903984448946
0.286682075741492 0.199766783301162 0.374842397399969
0.28890500357839 0.202691619306507 0.376897332059416
0.292555687062866 0.205289651252155 0.380308231772112
0.294931249421473 0.207658631749235 0.382902558757833
0.296493869571578 0.209481202252123 0.384777070100164
0.298596328273495 0.211841227602221 0.387202509904789
0.30083337044882 0.214005176914074 0.389720516225061
0.30422484528833 0.217399878914014 0.391937016598049
0.307516379266974 0.220404653367795 0.395571263735179
0.311782854703973 0.224433478501558 0.399704942094125
0.316120706641296 0.229341737990462 0.404621661099843
0.320066823848759 0.231816876988742 0.408989411670707
0.325063320521996 0.238411261482395 0.413458586714301
0.327582760898342 0.240595960742845 0.415621185176786
0.331858528212197 0.24428317291683 0.419787184207661
0.336490780246615 0.248735558640743 0.424841426443784
0.340216132439771 0.252306605432106 0.428463728962848
0.34332829378189 0.254644420584164 0.431932100060083
0.345229484270038 0.256999349858387 0.433461626054929
0.347619262754208 0.259131303803685 0.435336114622722
0.350309888804891 0.262605523779602 0.43834133018341
0.356023689617383 0.268239740018233 0.444791024996657
0.357834288061085 0.270489026558204 0.446790215008741
0.360316132799128 0.272413625366141 0.449166697068219
0.362191122165036 0.274364225046245 0.451139526500374
0.365016781700403 0.277473741832045 0.454593468862804
0.368043577164254 0.280886933474376 0.457697097716862
0.370772923370171 0.283795570130722 0.460625161005156
0.372253750773485 0.284672468981519 0.462265606883699
0.373745454712879 0.285995863102585 0.463458065945603
0.376019718865301 0.287374949506512 0.465837963676868
0.378177295226763 0.289291894203746 0.467666196957769
0.38013022245415 0.291516384104221 0.469391578391028
0.382965580970479 0.294357523505782 0.471196492225132
0.385430749562011 0.296973333119164 0.474965232498149
0.388046515445243 0.299833846389631 0.477326217114392
0.389778965050527 0.301078051380135 0.478492990846502
0.391272936189528 0.302530283684187 0.480217454981111
0.392776251601034 0.303911070921143 0.481752223901149
0.395233239170653 0.30589964786579 0.484123524914937
0.398120759152831 0.308647332915039 0.486613594446389
0.39960302080894 0.310264075102786 0.488449684560621
0.401282753425772 0.312132705071358 0.489994606067438
0.402933568367552 0.313976100774323 0.491646027577639
0.406151935328257 0.316722370308415 0.495415369945715
0.409140637097929 0.320206540071014 0.497454769918705
0.410296312840357 0.321378154412126 0.498651894316844
0.411647360785803 0.322654062599231 0.499928820453052
0.412794484215842 0.323404912382861 0.500912843055423
0.415189950906922 0.326536399638107 0.504081388702958
0.417861905651591 0.328820171559382 0.507231248876284
0.420889960238979 0.332846794629105 0.509271776990874
0.422859616237329 0.334531677316606 0.510715112470774
0.425048677033287 0.335984373491152 0.513469117858877
0.427307219899491 0.338532059908736 0.515921890716713
0.430878896161273 0.342283117127165 0.51831979495536
0.434015892714838 0.344667908097941 0.521212946598643
0.437107954281174 0.348673514192728 0.522425663720362
0.438973167710529 0.351051584559643 0.524675859930907
0.441865366709682 0.354910009882062 0.527617774111567
0.445037794859684 0.358558303588865 0.530584407282458
0.448817212478815 0.363099570478902 0.53476507553197
0.450193562505588 0.36420526867291 0.536012129458454
0.451762987829933 0.366179310216335 0.536842549585991
0.455312640420226 0.369791133097642 0.54152688567945
0.457183168760332 0.371750644953201 0.543238153314472
0.458644102000331 0.373133613161767 0.544768626981591
0.461734943695019 0.376735117726247 0.547454404394757
0.467315024460709 0.383937636447337 0.551725696112277
0.469866796981261 0.386688700270393 0.553386190410218
0.473225311675496 0.390121039242805 0.55701476277015
0.474727959537604 0.3918699510938 0.55827576394786
0.477765551877826 0.395444408100038 0.561282719290468
0.482806752121276 0.401628859617411 0.565848735636189
0.487876980004279 0.40672598009995 0.571125739582204
0.491206936119227 0.409883584725128 0.574681647332431
0.499522493255625 0.418234715530397 0.582375831140187
0.5054374931436 0.423811914350829 0.588627050828732
0.509763446577155 0.428131255379974 0.593056487003567
0.513097997220182 0.431086241234333 0.596899262165553
0.514921848305722 0.432968026528978 0.599279248304066
0.516853568706569 0.435025446389568 0.601463907207622
0.520568576301046 0.438021365286732 0.605482723042005
0.52242478790259 0.440079293235025 0.607498913399071
0.524351448594893 0.441636950131387 0.60989767414462
0.528271953675503 0.445372650256265 0.614642272745716
0.531066261341105 0.448226935153383 0.617900121691756
0.533574111391341 0.449912240709806 0.620091523672617
0.537005346850455 0.453277482095398 0.624070999745611
0.538658172009788 0.455035643764777 0.625778316842
0.540328057520852 0.456161376474537 0.627066048594127
0.54186541370726 0.457883087736649 0.628838846128808
0.544049236486482 0.460233294324896 0.631196937285127
0.546135457322635 0.462071791757814 0.633631268145949
0.547308935347642 0.462736344400102 0.634590695906815
0.548840809162876 0.464403579494223 0.635955542859063
0.550058973962918 0.465411135472917 0.637242112005678
0.55210817659044 0.467379667391143 0.638873560216278
0.55539428615715 0.470733183084964 0.642291427342891
0.556448542044546 0.471726988137625 0.643273281754757
0.558831568858187 0.474863188793029 0.645930507023954
0.559906472545868 0.475841857685356 0.647216440183485
0.562959200472251 0.478380628587672 0.650477954094263
0.568039147830571 0.483262492444605 0.656825921432411
0.572138411776789 0.487743871436339 0.660323217840736
0.573448057466474 0.48912221485046 0.662106104390257
0.577355804642747 0.492756673006974 0.665763410123402
0.5803855239366 0.49513024400037 0.668184254121788
0.582779054839153 0.496835391989018 0.670772327403479
0.585518638587817 0.498146115002626 0.673644562092006
0.587126789469867 0.499287879178243 0.674859288287084
0.588531512275576 0.500855834144932 0.676403196377871
0.590866005531744 0.503333374345934 0.679484850428273
0.593304791248342 0.505303426927064 0.682095946479075
0.597448182993417 0.510495259619336 0.68524250532353
0.599965306166854 0.512455866397007 0.688047356366259
0.601505204274137 0.514198111128231 0.689252246201697
0.603029156912462 0.515540817916645 0.690194290572585
0.606803511846737 0.519121657492769 0.69502774840828
0.608034219369682 0.52036182191782 0.696216439120659
0.611608078746464 0.52530033045822 0.698812715227854
0.615049431328884 0.527661648414669 0.702711900312498
0.617309521405207 0.529885310798738 0.704056613300416
0.619871439141094 0.532148562596816 0.70758274355204
0.625704855200063 0.538217553538133 0.713452393458594
0.628541191257695 0.540233590566378 0.716767093357634
0.62994883289112 0.542222729303571 0.718609777020368
0.631739056171313 0.544328702351009 0.719173281637588
0.633525781050919 0.546578685183155 0.721380631024535
0.635981021996936 0.548926230438195 0.723327405938609
0.638214418855897 0.551119772155458 0.72573141930001
0.640088066434071 0.552541998305302 0.727954492686818
0.642002570738765 0.554586914545283 0.72979367050628
0.643266160273256 0.555522862249227 0.731327155836434
0.646323399764633 0.559177873304564 0.734282687770173
0.652155644678516 0.564678486084102 0.73963861017845
0.656006481051733 0.568928064744868 0.743526885666662
0.658347453243594 0.572062952391312 0.746233630342472
0.660579183858748 0.574244331706176 0.747585311274859
0.662789211551233 0.576059738113647 0.750533745927182
0.665104850396697 0.578038187135807 0.753063252385674
0.667973298962396 0.580353399342787 0.755737600790002
0.671768642031416 0.583435269285161 0.759947535525586
0.675913604764706 0.586822908378158 0.763387742413157
0.679126577945798 0.590257756630384 0.767893432918817
0.683625616355895 0.59586704255058 0.772170313456992
0.687316981676041 0.599972314886032 0.774543759511982
0.690767726844338 0.603492269702554 0.778328571064465
0.6931475804431 0.605800090921528 0.780457223878779
0.697818868677178 0.610178911757352 0.784838600041582
0.703039994726388 0.61554205058885 0.789816072523217
0.704273449250757 0.616884588051292 0.790620862204027
0.707130106774638 0.620047976303182 0.793991361459061
0.708636147732144 0.621289852509744 0.795505010304015
0.712625425407308 0.625716104309669 0.799376136208312
0.718201976657981 0.629399144149988 0.80511546852746
0.723409454749417 0.634251913608006 0.810707768992846
0.729814799161046 0.641675489008753 0.816862052864117
0.73983251803676 0.651028205890307 0.827834260353923
0.744469578033027 0.656390016190066 0.832209482065011
0.748677305017975 0.660277879338742 0.836578676255631
0.753672422256632 0.66408233958611 0.841328795356109
0.755422741196472 0.665910863984399 0.843130405788098
0.759660448918579 0.669681937545867 0.847684997693072
0.762570566147027 0.672900713788167 0.850349878101001
0.764723775875383 0.67526810237214 0.852519514383944
0.769557194113032 0.680233080683088 0.856922147022228
0.775650395061606 0.686992071717919 0.86417721412168
0.77796209583863 0.68966516009823 0.865605023554002
0.780766904200738 0.692767765669567 0.868329840628313
0.783729751729339 0.696473629467338 0.87188909648981
0.786001832058455 0.697823543846237 0.87441429667061
0.792872221070699 0.705411523615642 0.880889970627916
0.801821792999944 0.714438290895204 0.890562924080036
0.807868747787545 0.719740337872861 0.895567212197285
0.813017158408951 0.725884370522365 0.900801645160096
0.818447759452267 0.730886310354954 0.90559853748483
0.822636902007518 0.735147863816208 0.909882170745466
0.824620695762956 0.737104844296906 0.912399702789129
0.827771469776205 0.740179237061741 0.915426653152321
0.830688920796407 0.74245933130418 0.918171866633881
0.833574966837639 0.745597636574112 0.921140677189601
0.838610556151259 0.751533356952621 0.926921003666264
0.840836827147927 0.754064293046694 0.929095033568341
0.84475973635282 0.757488950084645 0.932564171875806
0.846610526706692 0.75947294299342 0.935422929087935
0.849769310568408 0.762277423803175 0.937808339560486
0.854356999437451 0.766996426892225 0.941493787504661
0.858623703167468 0.770698158054556 0.947727200089281
0.86101796379596 0.773109828640604 0.950057532029729
0.863179824393836 0.775298466734724 0.951736699061392
0.871354552489821 0.783273388306593 0.958697276778627
0.872983569336963 0.785264611000406 0.960960096062712
0.874855300099263 0.786487563536635 0.96222326074617
0.877462068745586 0.7896766299884 0.965138355061863
0.880409914358081 0.792667754714562 0.968184532198264
0.882681254171118 0.794672141783166 0.971274767337258
0.88706193801211 0.797732966937183 0.976051321661208
0.88915654862266 0.799943969128868 0.977788874100056
0.893426231906654 0.804257195693235 0.982147235686855
0.895779386259775 0.807123512943742 0.984780973401132
0.901837646953131 0.814416258152083 0.990643170004968
0.907471934601387 0.819342227925113 0.996894868280675
0.909733255138661 0.821827130544449 0.999061026296692
0.913029093632334 0.82546816515131 1.00217730605532
0.914947222636109 0.826858597688386 1.00341684639655
0.920470858282185 0.832025068916427 1.00890214982299
0.924051432182213 0.836198053393621 1.01319466848996
0.926760075899144 0.839173639689876 1.01644751137589
0.929913308530937 0.841549922493207 1.02035530369071
0.934494984295387 0.846382194682892 1.02350954919648
0.940336329756604 0.85226391964149 1.02970692920987
0.944184527500948 0.856105770191963 1.03351067334664
0.948611103310491 0.860670062410268 1.03805335404603
0.953700490825605 0.865611792551684 1.04331808686859
0.957776678357507 0.868700272964118 1.04765172379205
0.962723871811499 0.874185918670566 1.05211109519686
0.966677865194731 0.878318444093336 1.05630747210694
0.972482936150606 0.883944783211404 1.06223519515664
0.977686374341115 0.888567124613895 1.06854962407461
0.979946542708187 0.890858053966271 1.07025374978472
0.992643660873419 0.901650838407588 1.08475862459146
1.00172157054817 0.912751608817616 1.09365704971806
1.00499068985411 0.916542565325721 1.09721009695295
1.01183693840651 0.922911408146808 1.10342847457575
1.01922424531065 0.928709333534445 1.1111758424753
1.02740698689213 0.937649213640375 1.11921798047608
1.02970276128798 0.940570387335239 1.12123045944998
1.03123406573866 0.941576167607412 1.12300644270043
1.03366210280145 0.944303786858631 1.12560558145306
1.03737781628624 0.948098125162409 1.12976205999049
1.04236162222929 0.952416520729302 1.13424915125357
1.04688464729662 0.956898502519071 1.13928952556504
1.05026099634536 0.958774303420092 1.14286422486295
1.05333103037508 0.962018461796495 1.14646728078619
1.0575111045857 0.966638302560211 1.15024215702539
1.06298954663947 0.972371546006775 1.15535844474525
1.0663730056441 0.976625116780743 1.15864640609043
1.07167374302946 0.981791797324364 1.16342495224252
1.07561478388688 0.984742891317261 1.16737582533072
1.07808844481505 0.987717073051973 1.17058295878746
1.08639381227725 0.995414119036394 1.1802569137554
1.09191644157863 1.00005881175687 1.18623978021792
1.096527076663 1.00384184607353 1.19063612468031
1.10578402642532 1.01385995789095 1.19968980784637
1.11010745834784 1.0188851169268 1.20430572703786
1.11231062034453 1.02041621826117 1.20622510558479
1.12029143600381 1.02834146377715 1.21385095057599
1.12565587799426 1.03285596634672 1.2195458904082
1.1305336661645 1.03743626543817 1.2246376561711
1.13474636762336 1.04146868664612 1.22946380594443
1.13634356874358 1.04328046322737 1.23204061818237
1.14069071479358 1.04805909671211 1.23599544835732
1.1446470003537 1.05166386671124 1.2395095359446
1.14694248774713 1.05336528014131 1.2426122034816
1.15098250286059 1.05719219872573 1.24690402459332
1.1538665910153 1.0600625294303 1.25011991191436
1.1560180245046 1.06149001044847 1.25172774718223
1.15898443739984 1.06518007930829 1.25554992718695
1.16401639159361 1.07099275073507 1.25999533331681
1.16728712127758 1.07335380377284 1.2622283968496
1.170638999615 1.07704608442017 1.26471829863554
1.1757627819807 1.08346816747928 1.27052806352294
1.17960847328456 1.08644630601563 1.27435497584068
1.1880266401555 1.09426718664388 1.28253465764617
1.19119601806591 1.09707055780104 1.28632522750691
1.20461851349555 1.10885291653517 1.30178595182583
1.20813571075296 1.11364899565794 1.30433746756501
1.21582697147377 1.11922256109826 1.31319995807343
1.2253733874344 1.129291741691 1.32373418333423
1.23727360118367 1.14249021180967 1.33357369937139
1.24131308698962 1.14541226752529 1.33805342742651
1.24435020699597 1.1496698181199 1.34105432011549
1.24737702295013 1.15239791003002 1.34429983382278
1.2504912371048 1.15485808841984 1.3474112470251
1.25481493748474 1.15900093722855 1.35206761184897
1.26177159633708 1.16563956415746 1.35890785093917
1.270562665569 1.174194111765 1.36689073902712
1.27868830754011 1.18246701324082 1.37560670379576
1.28500420555125 1.1886631334668 1.38166009303033
1.28839800811256 1.19120884949136 1.38457332585618
1.29359404747235 1.19677013270285 1.3914855174731
1.30362077599573 1.20521698832541 1.40262711392046
1.30826344988637 1.20999957645985 1.40679007818097
1.3129042090108 1.21480336404721 1.41170150305905
1.31564968070189 1.21779523215109 1.41314507135315
1.31776372802629 1.22003841068258 1.41563236558168
1.320180515336 1.22209967823873 1.41906789985327
1.32226361433996 1.22433005295215 1.42137735493719
1.32700525967707 1.22772846410042 1.42606236305328
1.33415411378954 1.23492960277967 1.4336653999436
1.338037280434 1.23847037964654 1.43825637116478
1.34156294070468 1.24190568867913 1.44278341148654
1.34395935039877 1.24385675239017 1.44519953581506
1.34642888218711 1.24629967642729 1.4473421251774
1.34917460151279 1.24926150743177 1.44974082711198
1.35131589473742 1.25192813307182 1.45180370918181
1.35404894992287 1.25406020058076 1.45468468549722
1.35653952908819 1.25624784264577 1.45749672672312
1.36022914742976 1.25989668554609 1.46103461754883
1.36239693814431 1.26253600802616 1.46283757868374
1.37068090106964 1.26951659370587 1.47280259899142
1.37623881962396 1.27442390165392 1.47849995469533
1.38306127137214 1.28217271536735 1.48368502495363
1.38842938604924 1.28859864911944 1.48964164413461
1.39484685389889 1.29403479728977 1.49739670593867
1.40041628702853 1.29833884410354 1.50483891982624
1.40789075377847 1.30427664843228 1.51292773381193
1.41114389530147 1.30901702301537 1.5150757120208
1.41816569581845 1.31618950838889 1.52176603579322
1.42277136554101 1.32047803433207 1.5263956897486
1.42450561178271 1.32270027348098 1.52763880278324
1.42833125585959 1.32695475436107 1.53066150512073
1.43549074178086 1.33391424407549 1.53775308415482
1.44073262245409 1.33946016096104 1.54242213561699
1.44347152180107 1.34239785401571 1.54463132030442
1.45083134785039 1.34932840513343 1.55349886805017
1.45404597992501 1.3521300265756 1.55612219022067
1.4564147915251 1.3549756256144 1.5583894395791
1.46371925051 1.36210709473539 1.56710103612957
1.47504066330665 1.37129496987342 1.57987107114757
1.47766033865131 1.37416639198042 1.58125043287668
1.48343872758673 1.3797533270629 1.5879611657877
1.4888890225167 1.38476616916309 1.59346013179979
1.5091572694581 1.40361038029901 1.61519511159904
1.5244109463566 1.41932385381566 1.6303648613583
1.53364197104621 1.42658939620837 1.64218328305226
1.53866228412244 1.43291752620622 1.64655054648251
1.54288762746317 1.43690793786098 1.65124445571661
1.5470987362428 1.44151390254717 1.65511335993172
1.56044474316448 1.45534636133199 1.66663239856525
1.57363036641881 1.46886116117447 1.67961262309348
1.57971967047845 1.47465772110053 1.68617643769953
1.58749608111956 1.48106840936842 1.6954042155485
1.58968828107996 1.48320557481047 1.69755142976102
1.60230154323932 1.49624265935688 1.71077379758918
1.61978370328617 1.51094420978071 1.72909054364707
1.6441553463781 1.53695878847001 1.75300143252632
1.6547703289094 1.54640995783373 1.76517450580633
1.65901436568834 1.55121730298507 1.76869594310946
1.6618810249018 1.55402373935428 1.77199509481642
1.67011147923984 1.56278262611153 1.77949782776694
1.67669991389787 1.56831079299681 1.78690793444135
1.68118834018717 1.57269120813381 1.79230018722507
1.69356811501482 1.58555197025513 1.80460933330368
1.69762770508082 1.58790912355833 1.80979730850693
1.70527670692968 1.59674143907172 1.81732743897812
1.70793531169712 1.59869128321624 1.81993986367773
1.71396776097837 1.60355728286769 1.82701926044746
1.73080010358821 1.62115451832717 1.84334288718975
1.73801070724031 1.62786844394013 1.85097880325392
1.7500209632473 1.63913813310578 1.86378649116121
1.75530730575966 1.64396339644053 1.86902143867706
1.75869663937897 1.6467722625561 1.87297102874371
1.77007758660079 1.65899591418689 1.88491149837412
1.77670803168633 1.66536042044916 1.8916788296034
1.7783870783065 1.66618215491754 1.89394689099163
1.78315040162527 1.67018174689649 1.90014425451879
1.80344135000004 1.68781382705656 1.92118126127736
1.81630717997861 1.70332509785539 1.93277416478516
1.81951223575744 1.7060063697045 1.93643896630202
1.83134794473589 1.7158742467757 1.95024060325956
1.88790300823875 1.77021594674212 2.00813452133179
1.91424106956138 1.79490721470451 2.03327083908802
1.91798562738066 1.79839245333674 2.03863211721445
1.9883940875395 1.86567017886001 2.11165341989717
1.99644381327773 1.87299880113179 2.12106801062647
2.0011400519105 1.87727858471674 2.12565267977763
2.00737859031687 1.88363361033574 2.13167692255745
2.02040504841604 1.8954046828383 2.1466336576826
2.031517214735 1.90719304309764 2.15758773480725
2.05538302007734 1.92817112321847 2.18490144915283
2.0734029523862 1.94577681769618 2.20170328305877
2.17411169128573 2.04061524003739 2.30942648870713
2.18669064361954 2.0530709651571 2.32112649464256
2.19525403428658 2.06031800639324 2.33071405818472
2.22928216047876 2.09225789893722 2.36673967140861
2.23671861742101 2.0991359537959 2.37438951048435
2.28320295017621 2.14266017522434 2.4249158467955
2.39185047966453 2.24348353100523 2.54184300638974
2.43152170695803 2.28045310775257 2.58437524402678
2.46950382153983 2.31666570635668 2.62615258467583
2.47412383301272 2.32222739009246 2.63075197316716
2.66836285442263 2.50017842528811 2.84601217012792
2.74729489210514 2.571460954684 2.93258764764172
2.87993073074128 2.68833794416684 3.08146818697425
3.01829939917563 2.81089090741075 3.23481110534758
