"comp1" "comp2" "comp3"
-2.103344 1.113838 -0.9996846
-1.918564 1.061374 1.77706
-1.980115 0.9242656 -0.1789755
-2.397214 1.03386 0.09632301
-2.164609 1.039422 -1.554999
-2.42155 1.01047 1.540422
-2.373497 1.046305 -1.087397
-1.986058 1.074607 0.7267426
-2.326703 0.9609758 -0.3694011
-2.137323 0.9783777 2.371304
-2.245161 1.003677 1.290657
-2.348525 0.9877759 -0.5536929
-2.6011 1.018572 -0.8226312
-2.443348 1.068903 -1.335274
-2.242634 1.103231 -0.4210037
-2.174358 1.06227 0.4335637
-2.281539 0.9800666 -0.4730719
-2.135529 0.9950262 -2.617172
-2.089384 0.9885852 -1.106774
-2.288005 1.036081 -1.526496
-1.62026 1.02172 -1.537926
-2.026223 0.9734302 -1.292568
-1.862574 1.018417 -1.195236
-2.199844 0.9818746 -0.306794
-2.346392 0.9631904 -0.3122783
-1.990846 0.9860776 0.5654676
-1.664093 1.024833 -1.018858
-2.196433 0.9851579 0.5731828
-2.160721 0.9895622 -1.569758
-1.601341 0.9784441 1.094283
-1.994735 0.9882073 -2.434411
-2.405956 0.9981709 -1.9553
-1.989137 0.9966214 -0.3501151
-1.89782 1.007307 -2.105934
-2.212306 1.134567 2.627134
-1.738736 1.046189 0.5193028
-2.113277 1.151142 -0.9410269
-2.195101 1.134283 2.407024
-2.089505 1.124532 -1.969028
-2.092458 1.163317 -1.479863
-2.248123 1.134418 -0.04005688
-2.354263 1.09835 -0.6161948
-2.129144 1.137349 -0.3148076
-2.09008 1.121947 -1.252974
-1.823086 1.038368 -0.56641
-2.084334 0.9902412 -1.970974
-1.987623 1.000842 -0.5191729
-2.316195 1.056792 1.581973
-2.017924 1.05207 1.314053
-2.296403 1.061013 -2.305733
-2.662194 1.040397 0.3055162
-2.309327 1.094244 -0.9202718
-2.169159 1.060132 -0.9922798
-2.346328 1.056067 0.7898853
-1.937128 1.110868 0.1123929
-2.090354 1.129285 1.585696
-2.113797 1.038088 -1.445064
-1.875324 1.061984 5.411068
-1.869217 1.078133 0.1336687
-1.920371 1.105433 -1.615739
-1.917559 1.043436 -0.5544017
-1.810263 1.009957 -2.76831
-1.684049 0.9649165 -2.317405
-2.28825 0.9759261 -0.6311324
-2.398627 1.031282 1.830957
-2.416935 1.099652 -2.711036
-1.758874 1.078161 -0.4098558
-1.984187 1.093958 -2.104125
-1.770383 1.131275 3.609512
-1.833917 1.185352 -1.010592
-1.904029 1.172154 -2.467256
-1.902159 1.131725 -1.378769
-2.096253 1.09264 0.0336343
-1.674139 1.105659 1.144212
-1.782621 1.055347 -1.947184
-2.388292 1.085582 -1.959786
-2.188039 1.102535 -0.6406872
-2.208398 1.074199 -0.5956562
-2.347944 1.090737 -2.224895
-2.546988 1.075838 0.03952185
-2.307342 1.079739 -0.6365667
-2.107918 1.069753 -1.598566
-1.718247 1.012632 -1.181772
-1.735245 1.037986 -3.095625
-1.881831 1.018369 0.1016734
-2.380088 1.069434 1.280861
-2.684845 1.059957 -1.090511
-2.145868 1.053275 -2.493556
-2.35262 1.069596 -1.763995
-2.390032 1.076675 -2.85204
-2.187116 1.071008 -1.555325
-2.291253 1.040978 -1.586636
-2.258171 1.064361 0.3566577
-2.064396 1.010417 -0.2281627
-2.399338 1.027018 -1.299103
-2.006115 1.083253 -0.9326705
-2.181216 1.118943 1.316048
-2.4167 1.092812 -0.3960987
-2.190022 1.050441 -0.554178
-2.263669 1.030342 0.8974201
-1.855631 1.049004 -1.221326
-2.065911 0.968021 0.5002568
-1.755075 0.9952739 0.5851149
-2.216006 0.977399 -1.252674
-2.08598 0.9823028 -1.108966
-1.919856 1.013437 0.1428178
-1.961428 0.9724929 -1.427593
-2.066975 0.9845779 -0.2081612
-2.051406 1.009682 -0.2301816
-1.71278 0.9556629 0.4691638
-1.720371 0.9430037 0.7071714
-1.696213 1.020503 0.3774576
-1.936007 1.02521 -1.577137
-2.043678 1.059779 0.3924992
-1.933476 1.057022 0.4146444
-2.055225 1.037121 0.1164049
-1.760876 1.031036 -1.447169
-2.021597 1.028273 -1.973106
-2.032952 1.034189 -0.5700065
-2.115154 1.015154 -0.9337027
-2.139507 1.015153 0.1477668
-2.178447 1.01572 -2.892524
-1.829231 1.046817 -0.8446646
-2.202307 1.036045 -0.1722244
-2.132655 1.042228 -0.3987889
-2.094649 1.047444 3.497725
-2.073494 0.9766584 -2.087755
-2.143448 0.996296 -1.359723
-2.031793 0.9780365 -0.2689393
-2.605569 0.9770223 0.5760274
-1.721037 0.9860921 -1.483639
-1.94727 0.9205814 -0.9947757
-2.039604 1.015815 -0.3061308
-1.98336 0.9867876 -1.027471
-1.886129 0.996008 -1.716617
-2.309505 1.024895 -1.297062
-2.198095 1.052756 -2.600655
-2.194993 1.00744 -1.359078
-2.331542 1.026301 -1.907617
-2.004736 1.004572 -0.7304402
-1.950514 1.076598 -0.4269456
-1.950087 1.056168 -0.6432891
-2.351355 1.037808 -1.784696
-2.195709 0.9766211 -0.6237781
-2.293304 0.9890793 -1.305301
-2.080237 0.993592 -1.500373
-2.087887 1.007598 -1.492272
-2.105881 0.9847813 -1.099306
-2.01256 0.9948361 1.483194
-1.835394 1.068565 0.0733651
-2.086495 0.9487407 -0.0505813
-1.894633 0.9673258 -2.008759
-1.95501 1.017903 5.00712
-1.946702 1.058505 -1.430974
-1.921365 0.9759774 0.2260865
-2.239151 1.020814 -1.720884
-2.063046 0.9949417 0.7105767
-2.482334 1.045588 1.402832
-2.453918 1.076718 -1.247467
-2.249023 1.053981 -3.091643
-2.165766 0.9853307 -1.479989
-1.958376 1.012179 -2.107991
-2.217243 1.005999 -2.678314
-1.916788 1.059892 -0.4081656
-2.067027 1.082743 -2.342949
-1.799816 1.044646 1.217367
-2.031931 1.037302 0.398827
-2.311269 1.036503 0.9321995
-2.06409 1.053394 -1.583713
-2.64285 1.01626 0.4114369
-2.044764 1.048698 0.1298681
-2.132501 1.064034 1.661026
-1.985626 1.077131 -0.4100725
-1.995116 0.9995304 -0.7630999
-1.881665 0.9947296 -0.9927444
-2.184992 0.9894511 -1.022059
-1.988271 0.9512331 -0.553335
-1.580147 0.9847388 -0.5501139
-1.963457 0.9701163 -0.06802926
-1.907301 0.9991272 -1.881253
-2.035181 1.02112 -1.032029
-2.167332 1.044248 -0.2568384
-1.847978 0.9469654 -0.5895441
-1.611285 0.9708319 -1.755746
-2.283444 0.9797481 -0.2723268
-1.955967 1.031828 -2.266784
-2.213948 1.006949 0.4422759
-2.06627 0.9925235 -1.340676
-2.015873 0.9683325 -1.503244
-2.421177 0.9611559 -0.2500377
-1.94147 0.9928237 -0.9107934
-1.837297 1.070182 -1.529118
-2.043402 1.065727 -0.2064519
-1.956092 1.072619 -2.74492
-2.022893 1.051835 -0.9487031
-1.93462 1.045305 0.09301077
-1.923939 1.002817 -2.389095
-1.948552 1.000367 -1.647136
-2.200381 0.9953473 -2.996417
-2.305408 1.007906 -0.322858
-2.503267 0.984178 -0.8709297
-2.350694 0.9820971 0.5102674
-2.381974 1.045435 -0.6957155
-2.375404 1.002125 -0.05134635
-1.956104 1.035064 1.24761
-1.835119 1.014096 -0.01965743
-2.272343 1.069883 1.665787
-2.319049 1.044152 -0.7553116
-1.716623 1.024387 -2.344646
-1.966098 0.9252585 -1.343923
-2.072743 0.9431997 0.9437479
-2.209904 0.939198 0.8275095
-2.158726 0.9690789 -0.7799681
-2.277233 1.027619 -0.08000064
-2.214041 1.110499 -1.051139
-1.827562 0.9955996 -0.1101788
-2.307049 1.112726 -2.237151
-2.052827 1.035028 -1.345182
-2.454882 0.9906955 -1.778207
-2.417922 1.027792 -0.4979229
-2.081005 1.011281 -1.893908
-1.972627 1.019535 -1.571379
-1.982305 1.017774 -1.614781
-1.524587 1.071217 1.308202
-1.958192 1.066956 -1.285838
-2.077351 1.048768 -0.1453823
-2.452915 1.080213 -2.056651
-2.515938 1.089312 -1.770907
-2.897256 1.056825 0.3068753
-2.242655 1.095681 -1.699865
-1.934702 1.058053 2.307753
-2.504494 1.001492 0.162769
-2.552216 0.9674626 -2.016718
-2.10775 0.9938983 -1.171555
-2.105873 0.9701158 -0.3486249
-2.128364 0.9883684 -1.309311
-2.026884 1.019177 0.8520613
-2.080492 0.9641438 0.3401254
-2.010207 1.032231 -0.9210492
-1.723778 1.00423 -1.522757
-1.951811 0.9802568 -0.4270261
-1.90713 1.003024 -1.577105
-1.913297 0.9560817 -0.5675695
-2.177232 0.99676 0.7367244
-2.11242 1.049634 -2.402885
-2.199601 1.018666 -1.392791
-2.124843 1.033511 -1.404754
-2.03777 1.047586 -2.005577
-2.121118 1.026082 -1.564495
-2.682046 1.01186 -0.01937355
-2.247614 0.9595769 -0.9977193
-1.954641 0.9974691 -0.4459243
-2.497916 1.011328 -2.444617
-1.713556 0.9822885 -2.275003
-2.177785 1.005076 -0.1171204
-2.333638 1.036152 0.02727301
-2.006133 0.9961551 -1.447179
-2.185318 0.9817407 0.2648201
-2.377571 0.9504005 -0.5422948
-1.723121 0.950512 -2.669976
-1.925241 0.9947688 -0.5503701
-1.932991 1.009125 1.768018
-2.067169 0.9762507 -0.1139311
-1.945245 1.006146 -0.4833292
-1.89379 1.068745 0.2489695
-2.085839 1.030343 -1.73985
-2.014819 1.053151 -1.832475
-2.465169 1.096743 -2.396696
-1.973673 1.081799 -0.4947908
-2.11627 1.082065 -2.154558
-2.709348 1.085048 -1.386214
-2.066613 1.090517 0.5140292
-2.208533 1.113598 -1.679095
-1.766417 1.11151 -2.318029
-2.364464 1.122309 -1.866658
-2.324509 1.101116 -2.09338
-2.015933 1.121488 -1.413636
-2.177926 1.10478 -1.759461
-2.059572 1.085256 -2.16559
-2.596044 1.040531 -2.271308
-2.26951 1.039311 -1.434509
-2.456822 1.072197 -0.7905037
-1.9699 1.056221 -1.484484
-2.164024 0.9926266 -0.995318
-2.186244 0.998518 -0.02370354
-2.269695 0.9732857 -2.156334
-1.979362 0.9934863 -1.980674
-1.987099 1.024779 -2.133894
-1.749059 1.021293 -1.29283
-2.128251 0.9992031 -0.6955013
-2.797585 1.008961 0.6686113
-2.628109 0.9752924 -1.770937
-2.457042 0.980639 0.09038963
-1.93829 0.9642975 -1.040488
-2.440771 0.9904856 0.6845549
-2.334712 1.021549 -0.256454
-2.142439 1.053785 1.081674
-2.058565 1.079853 0.08827267
-2.026685 1.085172 -0.1318822
-1.835141 1.086137 0.430138
-2.220035 1.073227 -1.220228
-1.872313 1.112145 0.3335652
-2.062441 1.066216 -1.906055
-2.005894 1.054452 -0.3339887
-1.920953 1.017083 -1.810493
-1.891105 1.045034 -1.721172
-1.673912 1.058376 1.188445
-2.195568 1.041079 -0.3160177
-1.593277 1.045782 -2.182639
-2.061485 1.042813 0.5985663
-1.934251 1.059802 -2.06226
-1.966141 1.004429 -1.394776
-1.655998 0.9959723 -0.8506335
-2.153638 0.9710809 -2.064064
-2.221987 1.007266 -2.986651
-2.323917 0.9968804 -0.9062037
-2.445663 1.058493 -0.03804581
-2.404167 1.015912 -2.230877
-2.082212 1.050395 1.016301
-1.906706 1.035344 -1.228115
-2.243645 1.066174 -0.9389234
-2.135013 1.082602 -0.2768382
-2.119837 1.050079 1.123034
-2.474643 1.022728 0.213944
-2.48144 0.9838922 0.1346217
-2.373205 1.007168 1.551948
-2.112157 0.9911691 0.1888435
-1.873699 1.036607 -0.8913115
-1.944448 1.00618 -0.175673
-2.316103 1.065865 -2.476417
-2.419774 1.028481 -0.6718064
-2.660951 1.063307 0.1672481
-2.424703 1.0949 -0.9886443
-2.256529 1.044544 -1.308872
-2.366815 1.030961 -3.822999
-2.44162 1.027099 -0.9975056
-2.64222 1.081913 -1.844451
-2.44631 1.078844 -1.873937
-2.097349 1.051036 -0.2565863
-1.995021 1.071934 -0.5412994
-2.338468 1.069557 -0.2949339
-1.848764 1.106122 -1.247893
-1.90456 1.138152 1.177554
-2.165159 1.080433 -2.823206
-2.324416 1.029606 -0.4445601
-2.256475 1.015508 -0.3515473
-2.288714 1.003978 -1.628799
-2.095402 0.9922145 -0.5324322
-1.678368 1.057011 -1.113654
-1.588017 1.045018 0.6398761
-2.249295 1.060514 1.540328
-2.016583 1.059822 -1.329368
-2.156368 1.026815 -1.288359
-2.115869 1.052198 -1.544613
-2.508281 0.992604 1.04462
-2.567153 0.9504255 -0.4880321
-2.197137 1.041409 0.08329764
-1.903097 0.9757341 1.81264
-2.225371 1.030432 -0.1802074
-2.345062 1.102234 -1.418587
-2.297726 1.059072 0.456702
-2.245313 1.028294 -1.639735
-2.437577 1.044326 -1.277471
-2.187052 1.029372 -0.4897904
-2.437913 0.9843935 -0.2505683
-1.656837 0.9731605 -0.2682127
-2.012433 0.9361979 -1.512696
-1.988376 0.9517165 0.1999245
-2.172651 1.007072 -1.676245
-2.202844 0.9879953 0.2487703
-2.073288 1.048198 -2.328911
-1.524899 1.073136 -1.001123
-2.263663 1.011345 -0.7105675
-2.291655 0.9873141 -0.2923156
-2.122001 0.9954126 -1.069784
-1.964088 1.054195 -1.697076
-2.063186 1.094798 -1.592897
-2.152326 1.059593 2.677885
-2.425417 1.046993 -2.114209
-2.433871 1.033373 0.2575954
-2.531378 0.9767716 1.770158
-2.157112 0.9859251 -2.14777
-2.165067 0.9937032 -0.4903079
-1.72544 0.9702939 -1.194531
-1.753441 1.001117 0.4848544
-2.073469 0.9934981 -1.183108
-1.953133 0.9768399 -0.9421799
-1.995612 1.040277 0.170768
-1.923808 1.071222 -2.126288
-1.931557 1.048925 -1.767078
-2.215415 1.102474 1.636853
-2.532522 1.065211 -0.5986993
-2.224648 1.029257 -0.5870074
-2.061685 1.056125 1.675113
-1.836458 1.05508 -2.704951
-1.975263 1.002418 -1.346575
-2.368878 0.9199082 -0.2809085
-2.489096 0.9279297 -0.8577615
-2.08548 0.9553827 -2.413079
-2.170987 0.9820869 -2.568221
-2.163325 0.9861362 -0.8745691
-2.154763 0.9328139 -1.582693
-1.940806 0.86842 0.3334515
-1.877155 0.9061318 1.023048
-1.701797 0.8739694 -1.10077
-1.808027 1.036367 -0.05580243
-1.929304 1.023267 0.2145647
-2.041715 1.071733 -0.6186564
-1.882249 1.061432 -0.5392528
-1.975757 1.099473 0.123977
-2.079601 1.022099 -0.4700709
-2.248684 1.003708 -2.409719
-2.016744 1.046063 -0.7521919
-2.053101 1.052816 -0.6028687
-2.221894 1.072791 -1.263233
-1.796035 1.070455 2.691544
-1.877493 1.073484 -1.230709
-2.589407 1.107735 0.1692672
-2.227292 1.063678 0.1091835
-1.867842 1.037464 -1.640532
-1.787853 1.079581 -0.389908
-1.891862 1.067494 -0.7661094
-2.308583 1.057201 -1.290497
-2.180301 0.9992211 -0.7151005
-2.066583 1.022249 -0.09578347
-2.197325 0.9796444 -1.27729
-1.887953 1.030485 -2.353212
-2.149473 0.9382479 3.239958
-1.864106 0.9570167 -1.751475
-1.789555 0.942061 -1.914643
-2.05847 0.9498599 -3.595779
-1.976224 0.8955722 -0.864782
-1.890173 0.920014 -1.602948
-1.80328 0.9817221 -2.08744
-1.62871 0.9722279 -0.02553263
-2.041012 0.972556 -0.2266633
-2.183657 0.9215916 -0.5517085
-1.825199 0.9467849 -2.778041
-2.001626 0.9756687 -2.405901
-2.006777 1.054094 -1.464538
-1.98464 1.024294 1.20178
-1.847786 0.973423 -0.7917806
-1.792655 1.002083 -0.08674894
-1.743208 0.962243 -1.59794
-2.137451 1.045745 -1.437189
-2.132365 1.07869 -0.8625892
-2.541553 1.059699 0.8105538
-2.881588 0.9821048 1.086551
-2.552377 0.9959662 -2.055968
-2.230631 1.039459 0.9860055
-1.857059 1.044802 1.252964
-2.156749 1.033737 1.918661
-2.108289 0.9718532 0.1527548
-1.759415 1.055549 -1.09639
-1.866096 1.017604 -2.042856
-1.814941 1.019716 -0.9129983
-2.361145 0.9799475 -0.2575755
-2.278419 1.005626 1.509353
-1.789566 1.026407 0.03272056
-1.895633 0.9684528 -1.177848
-2.112239 0.9232281 -1.015448
-1.986703 0.9579952 -1.339574
-2.251076 1.076721 -2.48819
-2.382086 1.14121 -1.480795
-2.081311 1.072671 -1.801535
-2.291047 1.002811 -0.878442
-2.2225 1.021017 -1.648062
-2.130139 1.003868 -0.7434372
-2.172673 0.9780292 -1.905398
-2.358591 1.059391 0.1509611
-2.184028 1.034029 0.5408843
-2.248971 1.039528 -0.9740859
-2.075752 1.039634 -1.279871
-2.123594 1.085237 -0.261504
-2.066538 1.063983 -0.8567751
-2.204595 1.075382 -1.328291
-2.263777 1.02233 0.858976
-2.344682 1.034064 -1.797263
-2.59043 1.020222 -0.7934424
-2.15372 0.9786852 1.762547
-1.953966 0.9670712 0.1646562
-1.997262 0.9273284 -1.809009
-1.89949 0.8749191 1.938548
-1.834834 0.9138107 -0.7778648
-2.031904 0.9069299 1.387687
-2.214367 0.8855589 -1.146365
-1.849779 0.9122173 -0.8926447
-1.766942 0.9331178 -1.599497
-1.569431 0.941295 0.8901942
-1.916817 0.9441566 -1.417968
-2.277003 0.996301 0.563005
-2.219715 1.038443 -1.440218
-2.858548 1.076347 -2.432533
-2.606202 1.066195 -0.7194369
-2.362375 1.074832 -0.2357752
-2.585353 1.047827 -1.894288
-2.368659 1.039909 -1.301607
-2.008583 1.029835 -2.235345
-2.195295 1.030166 -0.3021787
-2.620751 1.022475 -4.222564
-1.971103 1.038768 1.157818
-2.185603 1.090621 -0.3436514
-2.048552 0.9659609 -1.379602
-1.981694 0.9823218 -1.750259
-1.894283 0.9621146 -0.005224978
-2.197368 0.9706544 -1.541853
-1.781291 0.9950073 -2.359327
-2.307742 0.9963875 -0.6740975
-2.207804 1.026839 -0.8642521
-2.167635 1.036582 -2.098123
-2.118602 1.067207 0.9931921
-1.699893 1.064242 0.3705469
-2.220242 1.011874 2.929712
-2.439987 1.031875 0.6603751
-1.898984 1.067325 -1.792858
-2.126365 1.04592 -0.7395187
-2.127948 1.086219 2.188497
-2.110011 1.072705 1.781176
-2.157356 1.04474 1.594826
-2.242306 1.057608 -1.765539
-1.955655 0.9878549 -0.2664239
-2.101997 1.029844 -1.55121
-2.328667 1.032949 -1.420746
-2.001843 0.9795651 -0.9455375
-2.102631 0.9717046 -1.773286
-2.334514 1.078068 -0.1656394
-2.572983 1.044764 -1.081556
-2.086318 1.023585 -0.8269354
-2.201387 0.9749243 -1.137009
-2.223458 0.9679693 -1.576079
-2.026308 0.9439681 0.1396897
-2.18083 0.9754667 -2.022576
-1.291019 0.9738414 -1.822576
-2.048468 0.9898794 0.01201162
-2.153648 1.014499 2.468293
-2.535123 0.9996545 -1.483113
-2.401921 1.034284 -0.5191217
-2.369743 1.027014 -0.09628733
-2.426475 1.054236 -1.029076
-2.427872 1.012567 0.07141947
-2.376942 1.024238 -1.716977
-2.107191 0.9536034 -1.40743
-2.123398 1.014939 -1.204888
-1.996771 0.9935371 -1.297626
-2.098791 1.081894 -1.136465
-2.325378 1.142602 -0.9560629
-1.996463 1.122834 -2.031939
-1.994233 1.08216 0.8946536
-1.816337 0.9899738 -2.073531
-1.980533 1.015333 -0.8854113
-2.095066 1.009709 -1.362951
-2.145954 0.999988 -0.2080706
-2.11965 0.9696696 -1.825782
-2.22318 1.024207 -0.3634116
-1.96646 1.004951 -1.418832
-2.184073 0.9534042 0.3271466
-2.129137 1.032061 -1.190821
-1.928491 0.9857046 0.07033984
-1.808938 0.9876271 -0.7966244
-1.984728 1.036852 -0.9646847
-2.00884 1.06313 1.215456
-2.141014 1.073043 -0.5730704
-1.916832 1.033375 -1.026225
-2.183517 1.002765 0.2768037
-2.275229 1.043566 -0.5783031
-2.317288 1.071458 -2.141141
-1.953741 0.9863141 -1.190036
-2.232733 1.046564 -2.221565
-2.31526 1.026172 -1.648762
-2.125325 1.006866 -1.055326
-1.984836 1.032574 -1.555449
-2.196484 1.03631 0.09647675
-1.980512 1.022813 0.06146938
-2.020447 1.055482 -1.029783
-1.932171 1.040637 0.0391588
-1.989687 0.9861414 -2.64971
-1.88334 1.049294 -1.275221
-2.196594 1.014903 1.681425
-2.106926 0.9799256 -0.325236
-2.07358 1.004387 -2.084381
-1.912961 1.028265 -0.6680976
-1.757034 1.016706 2.015174
-2.344236 1.063649 -1.594817
-2.001643 1.058873 -1.536413
-2.646149 1.024973 -2.97919
-2.264189 1.061589 -1.762528
-2.546302 1.016956 0.3267935
-2.671029 1.080244 -0.1064975
-2.200361 1.131061 2.389446
-2.187504 1.126481 -1.394898
-2.319796 1.12692 -0.7430762
-2.423585 1.130564 1.635957
-2.121829 1.03292 -1.043163
-1.900299 1.0406 -0.5719153
-2.075126 1.015751 -0.6116146
-1.690794 1.040772 -1.415834
-2.199917 1.040174 -1.080072
-1.752261 0.9726939 4.949458
-2.259583 0.9563614 -1.549285
-2.192074 0.9212174 -1.129997
-1.461827 0.9198666 -0.2008492
-1.905426 1.015369 -1.251413
-2.250746 1.018393 -1.085228
-2.158751 1.025912 -1.088285
-2.190819 1.005725 -0.3399587
-1.921643 1.037696 -1.245174
-2.295845 1.073296 -2.490941
-2.518636 1.041623 1.769334
-2.830643 1.101777 -1.319036
-1.697767 1.10384 2.086941
-1.660139 1.076754 -0.8731127
-2.068772 1.060262 -0.3465374
-2.20453 1.084686 0.06228083
-2.260606 1.034404 -0.9643829
-2.337115 1.084095 2.455742
-2.126029 1.037267 -2.279752
-1.541885 1.086925 -0.006575239
-1.584399 0.9965524 1.743213
-1.652367 0.973903 -0.4426231
-2.254906 0.9669478 -2.232147
-2.046092 0.925771 -0.1661843
-1.93937 0.9504787 -1.238961
-2.30146 0.9574476 -0.5346134
-2.653788 1.00215 -0.716029
-2.55089 0.989704 -1.768444
-2.651275 0.9867407 0.3880283
-2.1688 0.9459308 -0.5450388
-2.206031 0.8899072 -0.7907454
-2.006575 1.026969 -1.402768
-2.166433 1.02067 -1.484001
-1.990577 0.9413327 0.1707909
-1.992249 0.991367 -0.4852387
-1.865463 1.067642 -1.644725
-2.123466 1.082544 -1.542286
-2.024085 1.081099 -2.719441
-1.887453 1.115205 1.260623
-2.271082 1.085458 -0.8872063
-2.187649 1.083605 -0.298705
-1.997627 1.037307 -0.3197901
-1.938626 1.027409 -2.260046
-2.059793 1.059813 -1.717757
-2.106217 1.074584 -3.400219
-2.328383 1.004889 -1.987686
-2.050015 0.9881813 -2.138497
-1.547915 1.042416 -1.658626
-2.503452 1.060286 1.267406
-2.219305 1.022795 -2.133192
-1.844161 0.9984572 -0.4689239
-2.471203 1.028783 -1.550885
-2.290361 1.043031 -1.854076
-2.159977 1.068448 -2.065171
-2.394454 1.044872 -2.006089
-1.970462 0.9961996 -2.419966
-1.918906 0.9280289 -2.021613
-2.522085 0.9539094 0.4230492
-2.313724 1.05122 -1.108909
-2.414105 0.9197204 0.2909139
-2.021999 0.9687222 1.814461
-1.892877 0.9786803 -1.747574
-1.852109 1.024895 -0.7827141
-2.31119 0.988695 -1.267498
-2.190511 1.010914 1.076219
-2.318673 1.020959 0.6584572
-2.169868 1.052594 -1.68535
-2.1105 1.034556 -2.106105
-1.813179 1.042075 -1.960766
-1.69927 0.9808748 0.545563
-1.959902 1.033397 -1.559833
-2.026525 1.066886 0.7655082
-1.957883 0.9835425 0.3509087
-1.805432 0.9431014 0.03357087
-1.689099 0.9794918 -1.130994
-1.964078 1.055277 -1.603063
-2.154995 1.004157 0.2512351
-1.993519 1.019447 -0.4051546
-2.473026 1.020301 -0.4003727
-2.121127 0.9612706 -0.4100697
-1.782231 1.018411 -1.942973
-2.029698 1.042343 -0.01506448
-2.573917 1.01211 2.342682
-2.365534 1.049296 1.947579
-2.265998 1.038283 -1.943711
-2.032094 1.062495 -1.672011
-2.311 1.069803 -3.043076
-1.857328 1.08483 -0.4566744
-2.577128 1.094779 -1.062261
-2.601199 1.090635 0.930437
-2.624682 1.118409 0.04347053
-1.987716 1.011969 0.7469416
-2.110663 0.9889424 -1.229082
-1.891022 0.988404 0.2710358
-1.913621 1.055728 3.316231
-1.811234 1.113452 0.9971022
-2.187045 1.144327 0.09885858
-2.358887 1.089063 -1.57311
-2.070515 1.14756 -2.005957
-2.151693 1.150304 -2.075764
-1.776544 1.110107 -1.118909
-2.451526 1.099859 -2.028963
-2.218243 1.078041 -2.191699
-2.508822 1.050313 -1.512529
-2.482842 1.074117 -1.593765
-1.589626 1.094557 -0.6194199
-1.499366 1.069805 -1.134924
-2.619792 1.124659 -2.632619
-2.402839 1.108798 0.6746553
-2.273713 1.100302 -2.353801
-2.078357 1.109405 -0.7140998
-2.366544 1.05381 -1.030297
-2.133241 1.028321 -0.3936347
-2.3127 0.9849688 -1.862142
-1.992812 1.021601 0.5433783
-1.927684 0.9814846 -1.322843
-1.94824 1.013512 -0.6773842
-2.486886 1.057263 -0.2275176
-2.402351 1.063916 0.6921009
-2.377683 1.067578 -0.2606514
-2.012307 1.075784 -0.1851397
-2.183822 1.026612 0.5381533
-2.027643 0.9796077 -1.917732
-2.209603 0.9954485 -1.688587
-2.425569 1.058725 -2.911661
-2.183933 1.106652 -1.076861
-1.889069 1.106974 -2.246846
-2.105895 1.102665 -0.5985708
-2.23252 1.032991 1.729628
-2.737968 1.01989 -1.286153
-2.123121 0.9451682 -1.795698
-2.620881 0.9631294 -0.5925762
-2.015047 1.06847 -1.55919
-2.313556 0.9796526 0.3248135
-2.07093 1.003055 -1.043712
-2.250842 1.049617 -1.54985
-2.272494 0.9602456 -1.382983
-1.651781 0.9537353 -1.96258
-1.854959 0.9974821 -2.427756
-1.918532 1.004525 -1.267969
-1.928464 1.022051 -0.4323695
-2.258657 1.071106 -0.5716298
-2.476009 1.05572 0.6257161
-2.048075 1.078935 -0.7245761
-2.383701 1.032957 -0.1132581
-2.161762 1.008153 -0.1786122
-1.929128 0.9887067 -1.71295
-1.745884 1.022297 -1.176508
-2.22322 1.030499 -2.521088
-1.99852 1.091377 -0.7655023
-2.090754 1.049493 -1.301997
-2.440462 0.992925 1.130064
-2.132303 1.005172 -1.913444
-2.143192 1.139309 -2.630051
-2.575901 1.117064 -0.7253704
-2.710943 1.111509 -1.123313
-2.705692 1.078115 -0.9018943
-2.523503 1.103457 -0.9384733
-2.587366 1.123346 -0.1196428
-2.344049 1.130854 4.116866
-1.990784 1.119306 -1.648867
-2.22808 1.06201 -0.7911995
-2.520308 1.066184 -0.4258452
-2.185709 1.02286 -0.0115728
-1.49428 1.051957 0.2199904
-2.090199 1.043198 -0.002860596
-2.266166 1.027364 -1.882749
-1.939161 1.080659 -1.218101
-2.091219 1.033487 0.4591492
-2.270928 1.040049 -0.7605873
-2.171291 1.089753 -1.136134
-2.133923 1.060794 -2.549472
-1.685643 1.079339 -0.8429637
-2.130746 1.062202 -2.892468
-1.861588 1.073024 -1.253262
-1.904567 1.048449 -1.674001
-2.304983 0.9861726 -2.07719
-2.236323 1.015087 -1.693534
-1.845201 1.037361 -1.975333
-1.778957 1.067072 -0.827207
-2.448848 1.05074 5.404298
-2.631206 1.042579 -0.1940053
-2.350908 1.034284 -0.9262689
-2.376896 0.9773905 -1.5841
-2.477353 0.9808131 -1.17648
-2.036577 0.9710877 -0.1180788
-1.91974 0.959877 0.484883
-1.818545 0.9454092 -0.2200117
-1.910788 0.9923602 -1.689254
-2.03017 0.9455219 2.037618
-2.078116 0.9981719 0.2506464
-1.897091 1.014409 -0.7355382
-2.118961 1.051944 0.3863583
-2.247754 1.069018 1.872375
-2.500029 1.08235 -1.955559
-2.456766 1.080267 -2.285639
-2.344583 1.072639 -1.533593
-2.626044 1.118887 -1.305646
-1.910667 1.125617 -2.881919
-2.190492 1.087359 -1.497148
-2.03795 1.063139 -2.042707
-1.837033 1.006688 -1.614685
-2.453707 0.9876687 -2.07451
-2.765111 0.9790387 -0.1331434
-2.196388 1.042016 0.4917137
-2.079201 0.9558749 -2.188237
-2.239201 0.94248 0.5347513
-2.230902 0.9446764 0.6866415
-2.426358 0.9606501 -0.8287892
-2.303426 0.9944102 -0.9723755
-2.054258 1.006704 0.8093314
-2.005284 0.9917598 1.907035
-1.913246 1.021775 -2.704298
-2.334826 1.022777 -1.009334
-2.381467 1.000128 0.401676
-2.382234 0.9509697 -1.142778
-2.339872 0.9503406 -0.208152
-2.348604 1.008373 -1.747344
-2.355783 1.026192 0.6211291
-2.154204 1.035835 0.3665786
-2.240958 1.045639 0.7711982
-2.18266 1.089141 -1.034494
-2.441863 1.071339 -0.7085147
-2.516492 1.078684 -1.74319
-2.635988 1.076614 -0.5692867
-2.418758 1.087153 -1.774783
-2.676114 1.023528 -1.279384
-1.708812 1.046377 -0.2556782
-2.098426 1.028091 -0.7398125
-2.333195 1.072634 -2.372201
-2.00895 1.093877 -0.4143017
-1.831826 1.058705 -1.551437
-2.152443 1.022991 -2.217319
-2.18706 1.02667 -0.5521984
-2.345469 1.044837 0.6465493
-2.55833 1.026876 0.08373581
-1.868314 1.026032 -2.188869
-2.161809 1.072418 -1.519482
-2.203843 0.9806146 -2.436146
-2.020714 0.9374762 1.550736
-1.923294 0.9248289 -0.4985824
-1.321766 1.010977 -1.532736
-2.166987 1.018891 -1.566662
-2.03157 1.076994 -1.61299
-1.758916 0.9852817 -2.292192
-2.182457 1.046515 -1.326525
-2.169573 1.015923 0.2974123
-2.268458 1.043864 -1.753404
-2.042274 1.064754 -1.928391
-1.920993 1.034014 -0.06388631
-2.12035 1.007903 -1.217037
-1.606437 1.015407 -2.457731
-1.765174 1.016698 1.742856
-2.062504 0.9921256 -1.822974
-2.058604 1.055581 -2.186016
-2.238332 1.082118 -0.0192158
-1.943219 1.082722 -1.395243
-1.9157 1.088581 -4.486925
-2.635197 1.074738 -0.3623073
-2.516442 1.020552 -0.5473197
-2.34359 1.030528 -2.486126
-1.808945 1.042444 3.456892
-1.869593 1.022045 -2.123478
-2.043392 1.045338 -1.236291
-2.198637 0.9808949 -1.746442
-1.935575 1.049564 1.333724
-2.239632 1.045922 -0.3480714
-2.238235 1.030459 -2.436935
-1.955058 0.9743924 1.16582
-1.919962 1.019282 -0.7066754
-2.140626 1.04117 -1.173568
-1.958457 1.019761 -0.9939897
-2.086183 0.9822239 -1.449446
-2.199055 0.9879573 0.3590203
-2.102532 0.9631662 0.2186331
-2.04757 1.028938 -1.759597
-1.869775 1.007993 0.1749051
-2.252398 1.013165 -1.28275
-2.217669 1.080407 -0.7121773
-2.514117 1.083078 -1.089613
-2.198142 0.9769764 -3.07652
-2.085667 0.964041 -1.135688
-1.985797 0.9969248 -1.035552
-1.725617 0.9601736 -2.221183
-1.797431 1.007442 -1.52943
-2.151822 1.005494 0.9465635
-2.037726 1.034247 -0.3696538
-1.918121 0.9682064 -1.347002
-2.527259 0.947705 0.06999219
-2.511877 0.9921509 -0.899328
-2.290435 0.9789465 -0.8285117
-2.416416 0.9941351 -1.220477
-2.488931 1.014719 0.2174769
-2.385233 1.018845 0.4058732
-2.525764 1.047165 -0.6665828
-2.193889 1.066628 -1.419503
-2.412216 1.139754 -1.684049
-2.414903 1.039698 -1.878926
-2.690765 1.031129 -2.81736
-2.272882 1.074168 -2.666658
-2.082604 1.075518 -0.2127625
-2.019818 1.063137 -0.3661679
-2.021014 1.040159 -0.8054157
-1.908189 1.036336 -0.7752219
-2.048023 1.006861 -0.8267878
-1.977463 1.050476 0.5191703
-1.976854 0.9548236 -0.8823674
-2.345813 0.9864094 0.5508812
-2.379668 1.019906 -0.1514196
-2.820835 1.092524 -1.87053
-3.308874 1.092896 -1.743268
-2.908204 1.11389 -1.897364
-2.751247 1.112526 -0.4090277
-2.844563 1.0759 -2.125476
-2.739353 1.115269 -0.9100156
-2.290358 1.123026 -2.474919
-1.920897 1.110145 0.006275367
-2.510653 1.085176 -3.493232
-2.076378 1.09518 1.716385
-1.943381 1.088858 -2.729408
-1.98854 1.099467 -2.120803
-2.169105 1.054819 3.421533
-1.840227 1.029223 -0.1980422
-2.141343 0.977276 2.668913
-2.191189 1.019722 -1.445429
-2.116221 1.034179 -0.1241708
-2.041565 0.9631005 0.3157825
-2.003197 0.9329849 0.682784
-1.862355 0.9899724 -2.067001
-2.376105 1.09702 -0.2081158
-2.144455 1.108331 -2.34925
-2.342862 1.092319 -0.5552946
-2.328225 1.044387 -2.580872
-2.453673 1.034807 -0.3951733
-2.058932 1.008322 -0.3321802
-2.023128 1.014536 -0.4599685
-1.931639 1.014014 -1.753517
-2.047282 1.042512 1.363837
-1.685885 0.9842446 -0.3528241
-2.392158 0.9615581 -1.1346
-2.210445 0.95383 -1.545383
-2.226166 1.02837 2.496774
-2.120185 1.031924 -0.3314948
-1.926904 0.9800355 1.759967
-2.321159 0.9728821 -2.179189
-1.997862 1.0937 -0.3531567
-1.855533 1.074171 -0.263644
-2.057085 1.039733 -0.9796846
-1.831304 1.067988 -2.04762
-2.31213 1.08626 -2.585781
-2.461811 1.073289 1.303693
-2.321741 1.117257 -0.2662849
-2.213793 1.096093 -1.163042
-2.10195 1.12596 -0.603647
-2.376701 1.075217 1.294677
-2.1258 1.088051 -2.528208
-2.342564 1.013399 -2.111302
-2.478602 1.026774 -0.8006275
-2.497506 1.017421 -2.698068
-2.008355 1.070217 -1.678775
-2.051011 1.093342 -1.432318
-2.15596 1.002473 -1.630981
-2.285854 1.138479 -1.977295
-2.263692 1.103784 -0.04717575
-2.370281 1.129977 -2.276633
-2.534614 1.091575 -1.26418
-2.066376 1.079075 -2.273532
-1.91769 1.095068 -0.3499773
-2.290719 1.100692 1.05634
-2.076658 1.040426 -1.398573
-1.852402 1.030279 -2.276616
-2.112011 1.086625 -1.204047
-2.027347 1.031171 -1.273806
-2.244627 1.076246 -0.517982
-2.229155 1.09873 -1.457912
-1.832394 1.107098 -1.910856
-1.931782 1.058279 0.2413048
-1.998984 1.0591 -0.6482933
-2.199559 1.079269 -2.251329
-1.887971 1.044538 0.3626101
-2.021121 1.030299 1.66195
-2.005612 1.068651 -0.838055
-2.303119 1.151586 -1.258836
-2.330245 1.135811 -1.35307
-2.387006 1.182273 -2.294755
-2.35638 1.196381 -1.450742
-2.100767 1.061944 2.544754
-2.346188 1.052261 1.087057
-2.197735 1.000186 -1.574674
-1.867479 0.9607253 0.06190643
-1.904673 1.000171 -1.428731
-1.63361 0.9742662 0.2758837
-1.939448 0.9419657 4.283481
-2.142763 0.9260216 -1.557854
-2.229889 0.9204098 -0.5791243
-1.886329 1.021471 -2.949716
-1.882549 1.024726 -1.554661
-2.225279 1.013379 -1.488353
-2.107624 1.012783 0.3183222
-1.850939 1.008861 1.101167
-1.966599 0.9893204 0.4009741
-1.564078 1.024748 2.913785
-1.775144 1.07479 -0.4981112
-2.219809 1.090217 -1.4032
-1.891956 1.045816 -0.6565876
-1.991868 1.048149 -0.4316781
-2.185098 1.088655 3.109016
-2.019206 1.096303 2.507019
-2.060971 1.095666 -2.011688
-2.279415 1.047459 -0.2507461
-2.254857 1.02644 -1.577422
-2.342931 1.022424 -1.345277
-1.950189 1.075035 -1.584602
-2.062231 1.031142 -1.118282
-2.071247 1.089038 -1.413878
-2.480362 1.075582 -2.913603
-2.579165 1.088819 2.732006
-2.168729 1.12803 0.01647427
-2.205935 1.074384 -1.335016
-2.572707 1.153779 -0.4679932
-2.860949 1.144892 -1.755399
-2.253079 1.037278 2.27625
-1.814098 1.047238 -0.8565466
-1.769054 1.009615 -0.1569049
-2.126161 1.046495 1.018569
-2.297657 1.031705 -1.590125
-2.396752 1.060193 -0.9414059
-2.524056 0.9946803 0.2063982
-2.345752 1.057943 -2.066383
-2.224086 1.042849 -1.511676
-1.944977 1.078338 -1.808344
-2.538949 1.080819 1.129861
-2.033572 1.134088 -1.137133
-2.008199 1.104407 0.4980253
-2.001793 1.121469 -1.817992
-1.987622 1.041876 0.6100222
-2.026856 1.033202 -1.865207
-1.738025 0.9700259 -1.313085
-1.858421 0.9735169 0.9698708
-2.390576 1.005046 -0.5130251
-1.845914 1.104965 -1.217979
-1.839013 1.050127 0.7421346
-2.402437 1.070264 -1.642663
-2.558339 1.050346 -0.748531
-2.278855 1.055048 -0.3622473
-2.027049 1.066302 -2.225105
-2.121521 1.133384 -0.3246402
-1.923362 0.9971375 -0.9017948
-1.910641 0.9995926 -1.662308
-1.925538 0.9938875 -0.6869879
-1.894256 0.9691647 0.9367648
-1.847109 0.9431969 -1.092092
-1.836284 0.9416783 -0.6510203
-1.998418 0.9006982 0.6948484
-1.953252 0.9466258 3.426651
-2.250808 0.9303791 -0.2827294
-2.03065 0.9483546 1.14854
-1.820876 0.9291804 0.04700601
-1.947046 0.9677101 0.6358756
-1.209837 1.002794 -2.458129
-1.980038 0.9818621 0.3666553
-1.871021 1.052865 -0.5078186
-2.067747 1.123834 -2.146322
-2.440184 1.022685 -0.001040851
-2.189441 0.995742 -1.866453
-2.034031 0.9894112 -1.057584
-1.79822 0.9628568 1.577698
-1.993244 1.070382 1.658049
-2.015347 1.011065 -1.143622
-2.214254 1.009008 -1.926881
-2.006254 1.028376 -2.099891
-2.190824 0.9933566 -1.999979
-2.124755 1.047802 -1.239173
-1.656919 0.9708689 -1.240014
-1.919244 0.9151519 -1.163719
-1.715627 0.9230277 -2.028264
-2.079714 1.042112 -0.1597595
-1.950456 1.035166 -0.002301639
-2.009831 1.007946 -2.989715
-1.725527 1.042789 -0.8699381
-2.062426 1.020002 -0.4482038
-2.292949 0.9964353 -1.340673
-1.81702 1.000488 0.1162837
-1.753736 1.040369 -1.29968
-1.872818 1.034142 0.7027356
-1.705985 1.014527 -1.782169
-1.742217 0.9752154 1.345342
-1.696011 0.9903205 3.238768
-2.203855 0.9677596 0.7011733
-2.055747 1.046832 -2.322693
-2.170701 1.045963 -2.20578
-1.866323 1.002935 -0.6396508
-2.258291 1.027556 -1.763052
-2.285535 1.000847 0.07147437
-1.949317 1.025436 -0.7094642
-2.227457 1.071363 1.84278
-2.086295 1.042334 -0.3838533
-2.11365 1.053797 1.68972
-1.738223 1.036545 1.529065
-1.962366 1.038041 -1.38721
-1.928003 0.9795676 -0.5944429
-2.189717 0.9770112 -1.503229
-2.173988 1.025616 -1.718072
-2.400442 1.068042 -0.4249893
-1.695963 1.057502 0.7378232
-2.348555 1.04754 0.5943262
-2.093356 1.023922 -0.4234925
-2.472391 0.985221 -1.418335
-2.171199 1.038631 -0.1473736
-1.907343 0.9878876 -0.08921188
-1.885513 1.081085 -0.002164085
-1.941337 1.012182 -0.1206421
-2.048846 1.006193 -1.063314
-2.472907 1.009629 -1.291926
-1.99969 1.053336 -1.159292
-1.644324 1.025619 -1.142425
-1.565395 1.00813 0.9026627
-2.016618 0.9686948 0.3977791
-1.828877 0.9772799 -0.3616328
-2.105006 0.9370272 -3.096353
-1.870223 0.9342339 -0.5372559
-1.755641 0.9730656 -0.3359748
-2.04814 1.020844 -1.901746
-2.372563 0.9599517 -0.06058448
-2.421836 1.057547 -0.7328873
-2.27146 1.058218 -1.109347
-2.318976 1.072337 -0.4229606
-2.102076 1.01124 -0.8425797
-1.892694 1.035864 -3.086423
-1.670846 1.042667 0.1537547
-2.048814 1.063891 -0.7732666
-2.157144 1.092794 0.6374124
-2.336406 1.067175 -2.579873
-2.185745 1.071284 0.1438632
-2.228657 1.051928 -1.08318
-2.229196 1.0883 0.4630725
-2.09407 1.052221 -0.3181851
-2.302375 1.07818 2.003802
-2.23242 1.008864 -1.446679
-2.019801 0.9985069 -2.644125
-2.172367 1.068498 0.5916873
-1.810229 1.072621 0.1228568
-1.62336 1.070672 0.2325132
-2.176191 1.066704 -1.900676
-1.934987 1.109442 -2.503067
-2.073262 1.048617 -2.41024
-2.028203 1.038743 1.607129
-1.952717 1.08172 1.283423
-2.10572 1.066188 -2.039343
-2.420326 1.063557 -1.774061
-2.445525 1.098023 -2.035582
-2.14399 1.049896 -2.551579
-2.316665 1.04632 -1.548775
-2.30457 1.041616 -2.064438
-2.312585 1.051022 -2.151971
-2.145308 1.09974 -0.3157502
-2.426666 1.000164 -1.735484
-2.092487 0.993415 0.1506509
-2.156734 1.015582 -1.791196
-1.813716 1.025044 1.660714
-1.976852 1.00966 -2.04851
-2.268079 0.952647 -0.4137136
-2.338468 0.9838568 -0.6942501
-2.193428 1.000785 -0.07315029
-2.149716 0.9493331 -2.367332
-1.852987 0.9202558 -0.4704412
-2.414373 0.9468121 -1.378188
-2.080562 0.9611215 -1.06305
-2.114739 0.9591209 -1.875026
-1.823003 0.9612935 -1.918473
-2.049237 1.02797 -1.816032
-2.135752 1.015725 -0.951124
-1.637993 0.973168 -1.563474
-1.961357 0.914923 -0.2654839
-1.941631 0.9780486 -1.0613
-2.275009 0.9996675 1.237185
-1.43964 1.013167 -1.034682
-2.408649 1.046459 -0.5493418
-2.24338 0.9977107 1.003709
-1.857744 0.978873 -2.265583
-2.04902 0.9651693 -0.3581122
-1.777677 1.047053 -2.25909
-2.030681 0.9634725 1.513526
-2.415665 0.9706464 -1.44699
-1.974168 1.035334 -0.3982168
-2.142426 0.9801037 0.9695406
-2.184191 0.9936229 -1.214122
-2.343813 0.9224601 -0.9405221
-2.621332 0.9263432 -0.5352172
-2.290948 0.9846415 0.1622332
-2.398384 0.9455008 1.05684
-2.405951 0.9331366 -2.023822
-2.070781 0.9262644 0.04946586
-2.091533 0.9015897 -0.07721591
-1.786774 0.918346 -0.648714
-1.890177 0.997309 1.846849
-2.676028 0.9957409 -0.6379911
-2.888402 1.002471 -0.9068128
-2.650384 1.034671 -2.276359
-2.474087 1.037387 -0.3752228
-1.479748 0.9920384 0.8279419
-2.156596 0.9894 2.27809
-2.09959 0.966842 0.6385524
-2.027574 0.9956244 -0.4679203
-1.878255 1.021999 -2.108379
-1.784524 1.043556 -2.153023
-2.093768 1.010127 -2.059535
-1.51019 0.9895741 -1.359312
-2.306254 0.9778982 -0.8611137
-2.044976 0.9547439 -0.1112693
-2.345366 1.001467 -1.106374
-2.845473 0.9939876 -2.03618
-2.117499 0.9633327 -2.041246
-1.818441 0.9609597 -0.8296423
-2.142128 0.9553751 -0.9572705
-2.235224 0.9393648 -1.545041
-1.677201 0.9380865 -0.5665785
-1.981181 1.035542 -1.127911
-2.451851 1.018542 0.1303194
-1.813144 1.046337 -2.769818
-2.395945 1.054626 -1.339927
-2.260889 1.053668 -0.1280958
-2.135932 1.020464 0.5306659
-2.029946 0.9868726 -1.428355
-2.190756 0.9856112 0.03607132
-1.912339 0.9909396 1.469032
-2.251729 1.012255 -2.376889
-1.942019 0.9521518 -0.14429
-2.086925 1.104986 -0.2569598
-1.972371 1.095702 -2.1009
-2.129374 1.017684 -1.449537
-1.967517 0.9856764 -1.474128
-1.934446 0.9789143 -0.3247864
-2.056273 1.00256 -1.024906
-1.818962 1.011845 -0.743031
-1.947595 1.006671 0.03249371
-2.063557 1.067745 0.2928938
-2.216162 1.091346 -0.5148392
-2.246396 1.070132 1.792985
-1.894485 1.047586 -0.7577914
-1.890907 1.031576 -0.4504115
-2.079056 1.069662 0.05982941
-1.662188 1.039294 0.4241082
-2.334976 1.087155 3.301962
-1.866722 1.147657 -2.083828
-2.044649 1.171106 -0.9268958
-1.923581 1.139904 -2.644973
-2.248545 1.10318 -2.669387
-2.072914 1.136591 -0.265538
-2.165709 1.113256 -1.934084
-2.364 1.104841 -0.5652576
-1.90759 1.026328 -2.68567
-1.87175 0.9376033 -1.649168
-2.142664 0.9565892 -2.29307
-2.261834 1.054015 -0.3531049
-2.390254 1.065088 -1.325942
-2.414304 1.07578 -1.031552
-1.895375 1.054937 -0.6497004
-1.881735 1.047421 -1.434403
-2.192995 1.056988 0.800185
-1.992979 1.050168 -1.652071
-2.195851 1.052103 -2.03482
-2.524677 1.065452 0.2241707
-2.839028 1.02061 -0.3632358
-1.913344 1.055049 2.262352
-1.998764 0.9998017 -1.024607
-2.29699 0.9666049 -1.821963
-2.394319 0.9950111 -0.6378201
-2.260437 1.006284 0.7402087
-2.102819 1.002444 -1.923934
-2.196233 1.005053 -0.06416197
-2.159472 0.9834542 -1.630622
-2.175217 1.00491 -1.32265
-1.97214 0.9906264 0.1404862
-2.308267 0.9942036 -2.117365
-2.285326 0.9468408 -1.860901
-1.769913 0.9612823 -1.16342
-1.751758 0.9749367 -1.306413
-1.927132 0.9289501 0.0113934
-1.894102 0.9129449 -1.940177
-2.043742 0.9394468 -1.266636
-2.284001 0.940864 1.258971
-1.691296 0.9244729 -0.4817553
-1.961107 0.9035889 -1.68003
-2.07676 0.9266598 -1.747079
-2.187152 1.005852 -0.7804127
-1.897676 1.010988 -1.791797
-2.438012 1.077299 -1.188271
-2.388721 1.070481 0.4096477
-2.293644 1.028357 -1.34979
-1.950021 1.062308 -1.194472
-2.093179 1.003212 -1.452134
-2.192086 0.9968182 1.238698
-2.155346 1.001257 0.511732
-2.054158 1.054861 1.111248
-2.286635 1.063533 -0.9282424
-2.103061 1.078197 -1.089552
-1.881435 1.04084 -2.023779
-2.241669 1.092168 -2.682162
-2.162223 1.12759 -1.848387
-1.962601 1.100257 -1.084791
-2.511025 1.028803 1.911254
-2.329062 0.9995348 -0.670214
-2.248767 0.9846611 0.0859992
-2.296939 1.030819 3.559328
-2.102563 1.015788 1.193147
-2.452879 1.052779 -1.913699
-2.104285 1.068312 -1.009339
-2.352402 1.072366 -1.937882
-1.918973 1.082788 -1.952671
-2.038843 1.112608 0.03729496
-2.090122 1.138823 1.837519
-2.200647 1.146892 0.3005388
-2.391876 1.158143 -2.024058
-1.998639 1.129088 -1.731333
-1.992457 1.110052 0.5749469
-1.860212 1.068938 0.4122939
-2.069651 1.135933 1.745214
-1.845304 1.1746 5.270898
-2.27942 1.152278 -1.337895
-2.087241 1.137942 0.1610101
-2.101239 1.117421 0.8205844
-2.408491 1.119816 -1.236624
-2.656222 1.145175 -0.771852
-2.31614 1.021133 -2.09326
-2.002054 1.034372 -1.856962
-1.934946 1.100606 1.223282
-2.552091 1.105526 -1.089886
-2.216676 1.169854 -1.307447
-2.151884 1.121043 -2.370088
-2.47683 1.155021 0.751602
-2.225946 1.123827 -0.1037513
-2.330375 1.074719 -2.221268
-2.810489 1.066621 -2.750134
-2.379888 1.046372 -1.951558
-2.366973 1.080862 -0.1790867
-2.574169 1.045932 -2.134141
-2.431418 1.051807 -0.05996705
-1.962883 1.046665 -2.249098
-2.335971 1.018098 0.8395312
-1.807527 1.050804 2.095539
-2.096301 1.076692 -0.8878503
-1.8434 1.051015 -2.385089
-2.120181 1.074605 -1.199221
-1.878951 0.9905747 0.5315642
-2.40215 1.026361 -0.5184721
-2.376642 1.029981 -2.258619
-1.930494 1.040708 1.640907
-2.357021 1.056527 3.597568
-2.424729 1.093417 -1.222829
-2.141645 0.991933 1.148024
-2.342441 1.041306 -2.113773
-1.718071 1.010566 -2.434706
-2.382328 0.9965164 -0.05487864
-2.569045 0.9848209 -0.6908368
-2.378624 1.025582 -0.1042607
-2.247311 0.9976201 -1.61681
-2.003574 1.025704 3.013534
-1.71592 0.9067093 -1.950531
-2.274684 0.9605966 -1.741591
-1.614484 0.9209002 1.108795
-1.761982 0.8864922 -2.990891
-1.852962 0.9119448 -0.1446111
-1.913768 0.9165084 -1.595212
-1.80777 0.9921597 -0.9777806
-2.025431 1.032494 -0.4753873
-2.422748 1.058397 -3.049037
-2.357803 1.025042 -1.133301
-2.342748 1.038092 -0.1063329
-2.10562 1.027565 0.2558933
-1.938704 1.075915 -0.4681669
-1.66556 1.022059 -0.5896733
-1.717922 0.9844159 -0.8266335
-1.974279 0.9630651 -1.085521
-1.908815 0.9798726 2.199667
-1.816132 1.002437 -1.557597
-2.184431 0.9689101 -1.377031
-2.369934 0.9881998 0.08719486
-2.497719 0.9918463 -1.082778
-2.181992 1.059026 -0.2400303
-2.06555 1.019866 -0.161098
-2.038398 1.037801 -1.114864
-2.1759 1.083702 -1.062516
-2.413931 1.094177 -0.2652295
-2.253139 1.08886 -1.511839
-2.515819 0.9961048 -1.585402
-2.303162 1.064317 -1.613623
-2.496439 1.058381 -0.07999453
-2.324486 1.018423 -2.095623
-2.55654 1.034477 0.664947
-2.172717 1.004493 -0.511791
-2.005066 0.9762492 -2.02547
-2.165608 1.016641 -2.026768
-2.423601 1.085149 2.643255
-2.373365 1.06385 -1.626769
-2.190106 1.11346 -0.08174081
-2.170912 1.032563 -1.869164
-2.142952 1.00686 1.674306
-1.644716 0.975022 -2.02808
-2.128454 0.9810963 1.963577
-2.227602 0.9378046 -1.081338
-1.970537 1.029514 -0.599244
-2.320962 1.021294 -1.128352
-1.760761 1.046335 -3.056892
-2.009099 1.035578 1.464569
-2.040632 1.026514 -2.395917
-1.714971 0.985116 1.035207
-1.870229 0.9543865 0.6385119
-2.456632 0.9382684 -1.222865
-2.07643 0.965625 -1.489714
-2.477058 0.9506278 0.1628929
-2.29359 0.9774969 -1.354287
-2.358316 0.967009 -0.7994793
-2.300095 0.9535996 -2.335754
-1.873072 0.9622488 -2.422905
-2.15638 0.9871633 -0.2549036
-2.290196 1.073544 0.120181
-2.072773 1.049842 0.9183637
-1.75975 1.025353 -1.525619
-1.717237 1.062507 -1.525056
-2.107653 1.029055 -2.218969
-2.106096 1.055041 -1.868579
-1.430618 1.071546 0.9863057
-2.130782 1.089878 -2.585193
-1.997541 1.018404 -1.315172
-1.794353 1.028072 1.557018
-1.9222 1.007983 2.697724
-2.096524 0.9758156 -0.39552
-2.187562 0.9733036 -1.146242
-1.974255 0.9452903 -1.837634
-2.292724 0.9450215 2.015413
-2.131207 1.029603 4.177024
-2.209072 1.060739 1.550003
-1.956273 1.04092 -0.5766877
-2.146784 1.087421 0.7901877
-2.138263 1.03115 -0.2761018
-2.01331 1.045695 -1.126314
-1.871105 1.008947 -0.3633831
-2.357189 1.029083 -1.826569
-1.927902 0.9845045 -1.867761
-2.366702 1.081425 -0.7985523
-1.812183 1.076324 1.359452
-2.152779 1.103248 -1.041864
-2.116871 1.110001 -0.2774272
-2.130341 1.022344 -1.093035
-2.094238 0.9779705 -0.9832815
-2.045764 0.97852 1.194941
-1.699314 1.021067 1.641819
-1.704051 1.010313 1.020147
-1.614803 1.004864 -0.8212447
-2.199451 1.034516 -1.267509
-2.293157 1.019917 -1.504747
-2.505755 1.014574 -1.66324
-1.832184 1.000869 1.81045
-2.307538 1.00931 -1.228839
-1.869426 1.078352 -2.706856
-2.174063 1.107948 0.0554059
-1.625682 1.014852 -2.005552
-1.979905 1.039316 -1.45438
-2.08062 1.072295 0.1483215
-1.760995 1.063638 -1.459063
-1.942646 1.001069 -1.377287
-3.034673 0.9651439 -1.263237
-2.336521 1.05823 -0.09262063
-1.719956 1.010972 -2.362383
-2.192875 1.017333 -0.8751071
-2.386109 1.074592 -0.1269116
-2.155753 1.075831 -2.446141
-2.290188 1.023119 -0.1283205
-2.106487 0.997124 1.288466
-2.062981 1.046777 -0.04188634
-2.281364 1.035575 -0.6696437
-2.460584 1.104263 -1.791037
-2.195685 1.078935 -1.775959
-2.18645 1.055537 -0.95404
-2.472081 1.013604 0.5045178
-2.304037 1.06868 -0.3314839
-2.634728 1.076533 1.240032
-2.689156 0.9990821 -1.434756
-2.287656 0.9943357 -0.2129092
-2.014546 1.004936 -0.9238639
-2.13473 0.9948294 -0.714328
-2.967193 1.009759 -0.6590752
-2.423747 1.055476 -2.344253
-2.060759 1.044394 -1.177897
-2.243228 1.057267 -1.649634
-2.298867 1.037982 -1.600119
-1.885755 1.036993 -1.647745
-1.99704 1.051321 -1.605669
-2.464402 1.092006 -1.598216
-2.915264 1.088719 -0.4161518
-2.156288 1.034648 3.072699
-2.1867 0.992286 -0.2104689
-2.578831 1.005477 1.687706
-2.489627 0.9786611 -0.003206532
-2.244896 0.9556691 0.3068759
-2.408966 0.9417892 -1.411553
-2.367594 1.018354 1.494556
-1.95151 1.077848 -0.6168842
-2.320305 1.0716 2.679974
-2.289203 1.039089 -2.167743
-2.090585 1.057234 0.371886
-2.133829 1.049147 -2.654448
-1.808576 1.033869 -1.643281
-1.673793 1.069814 -2.057961
-2.099063 1.027623 -3.465354
-2.011461 0.9947983 -1.100111
-1.932947 0.964715 0.07960145
-2.056164 1.026751 -1.235004
-2.066172 1.034718 -0.1851043
-2.078987 1.002665 -2.79382
-1.831854 1.061166 -2.412175
-1.8684 1.046568 -0.8399725
-2.39406 1.018232 -1.53509
-2.114429 1.034457 -1.113019
-1.672957 0.9985611 0.787294
-2.259953 1.036939 -1.353078
-2.583715 0.9976921 -1.618454
-1.836302 1.056252 -0.1252838
-1.91353 1.073858 -0.0359924
-2.447007 1.072787 -2.607144
-2.296133 1.079428 -0.3014725
-2.233245 1.085893 -1.622656
-2.444085 1.063553 0.7751374
-2.018001 1.062992 -1.03092
-2.212786 1.134998 -0.1498848
-2.177449 1.043044 -1.336884
-2.399289 1.049313 0.592589
-2.097269 1.090812 -0.1388312
-2.203238 1.06326 -1.239254
-2.472626 1.120561 -1.606208
-1.751264 1.094551 -1.171802
-1.869177 1.047065 -1.307463
-1.998661 1.127898 2.670819
-2.152592 1.148507 -1.621627
-2.383186 1.101682 -1.595835
-1.962088 1.089795 -2.161754
-2.217628 1.051424 -1.774722
-2.306496 1.076645 -0.0130951
-2.280077 1.089141 -0.5782704
-2.287325 1.019049 -1.638706
-2.40461 0.9579004 -1.006073
-2.534606 0.9660513 -0.949136
-2.152825 0.9720948 -1.657532
-2.212623 1.030433 -1.217741
-2.450405 1.003042 0.4981186
-2.426605 0.9988605 -1.856698
-1.798586 1.029534 1.234929
-1.974934 1.053053 1.703304
-1.911415 1.118889 -1.18196
-2.073192 1.114493 -0.9544433
-2.013569 1.099688 -0.1984589
-2.030194 1.059318 -1.292296
-2.318071 1.064952 -0.7997742
-2.214536 1.084072 -2.199479
-2.408904 1.164064 -1.869217
-2.19963 1.007265 0.3983789
-2.107796 1.01303 -2.001832
-2.005209 1.042287 0.4700215
-2.090618 1.112572 -0.6979385
-2.060082 1.096317 2.770553
-2.477094 1.087111 1.377613
-2.313042 1.127148 -0.4873366
-2.260459 1.110762 -2.441305
-1.961368 1.089584 0.7108711
-2.200558 1.130871 0.6482528
-2.281895 1.085694 1.418388
-2.614786 1.091783 -0.2388051
-1.867149 1.036381 -1.124638
-2.118631 1.005437 -2.308784
-2.094969 1.065917 -1.606631
-2.140161 1.053847 -2.180079
-2.475815 1.032458 -1.7767
-2.541379 1.009845 -1.468145
-2.406702 0.9744448 -0.3027348
-2.179426 0.9438567 0.6503541
-2.150203 0.9008978 -1.628281
-2.132496 0.9460242 -1.170148
-1.89131 0.9106779 0.8077848
-2.366843 0.9653112 -2.353807
-2.141596 0.9605661 -2.47942
-1.986278 1.026346 -0.3021506
-2.341648 1.058444 -2.147335
-2.045555 1.08363 -1.299701
-2.13004 1.092012 1.809843
-2.340791 1.095009 -2.389233
-1.770011 1.130255 -2.044509
-2.079498 1.059198 -1.323384
-2.147739 1.050554 -0.3610114
-2.14182 1.081872 0.696445
-2.159644 1.047518 0.4419232
-2.544198 1.027166 -0.8070451
-2.320694 1.063345 -2.49625
-2.378259 1.061243 -0.6451453
-1.978356 1.062414 -1.482076
-2.014122 1.085384 -0.4578676
-1.909549 1.047891 -0.6973381
-2.320056 1.023921 -1.680598
-2.117173 1.046042 -1.726882
-2.320815 0.9372231 -1.632088
-2.346406 0.985061 -1.576613
-2.172154 1.024387 -0.9345774
-2.318155 1.085483 -1.763291
-2.631905 0.9928469 -0.9054205
-2.352147 0.9845686 -2.386425
-2.244591 0.9793327 -0.7747364
-1.927925 1.024742 -1.205725
-1.525439 1.013212 -0.870455
-2.229593 1.01243 -1.431596
-2.05962 1.01334 -1.669116
-1.944973 1.01066 -1.720134
-1.995501 1.005383 -0.1906842
-2.040089 1.006947 1.113595
-2.035785 0.9964449 0.9794831
-1.696819 1.024457 0.7717087
-1.788561 0.9963072 -1.845386
-2.655773 1.043927 0.5825866
-2.09998 1.084557 -2.612015
-2.019548 1.060661 -2.000838
-2.231365 1.093088 0.01072139
-1.896851 1.046902 0.5881937
-2.564683 0.9871648 -1.355194
-2.203187 0.9808525 -0.5339883
-2.434695 1.024818 1.671632
-1.945599 1.050391 -1.922099
-2.525037 1.150313 0.2085334
-2.442491 1.135558 0.04960533
-2.162693 1.095121 0.3234042
-2.103835 1.160466 -0.9588266
-2.061824 1.150931 -0.530379
-1.884405 0.9357257 0.3598647
-2.173125 0.9609386 -0.3471917
-1.993628 1.095923 -1.344854
-1.997146 1.053877 -0.9475327
-2.157449 1.052446 1.513118
-2.28962 1.069861 1.624473
-2.422053 1.063093 0.06869003
-1.966721 1.062712 0.2593207
-2.184186 0.9976058 -1.870866
-2.191726 1.005119 -1.014687
-2.108431 1.072567 -1.698544
-2.040863 1.075505 -2.40767
-2.480167 1.032893 -1.319811
-2.215943 1.087985 -1.266953
-2.067327 1.117386 -1.126601
-2.16703 1.022113 0.5578288
-1.768595 1.052009 -3.54969
-2.226729 1.0812 -2.325657
-2.406882 1.070215 -0.3816621
-1.811134 1.112305 -1.077052
-2.582049 1.078796 -2.10913
-2.166763 1.049429 -2.629358
-2.166622 1.073707 -2.601684
-2.181973 1.045033 -0.1630112
-2.180846 1.058319 -1.999252
-2.46248 1.039835 0.5890034
-2.474898 1.093309 -2.485456
-2.436922 1.032003 -1.876449
-2.076861 1.058256 -0.8886139
-1.801755 1.036657 -2.50093
-2.404339 1.073699 -1.115334
-2.369368 1.068221 -0.6929489
-2.206726 1.081517 -1.412633
-2.352955 1.098658 -0.7943834
-1.696111 0.9936645 -2.434517
-2.047111 0.9857132 2.005936
-1.805567 1.046059 0.9844042
-2.112636 1.048173 0.3436162
-2.266272 1.060616 3.150822
-2.439497 1.062711 0.2475961
-2.084177 1.150651 -3.04029
-2.010094 1.074714 -1.194024
-2.591878 1.075832 -0.160226
-2.389698 1.035721 -0.4945074
-1.820701 1.086663 -1.882433
-2.187469 1.099242 -1.163155
-2.558565 1.119886 0.8222774
-2.506818 1.047319 -2.976126
-2.730949 1.142255 -1.941344
-2.577366 1.106883 -2.74679
-2.024303 0.9691747 -2.014201
-2.021927 0.9674161 -2.162417
-1.628043 0.9868749 -1.103355
-1.985528 1.044981 1.086634
-1.749485 1.057313 -0.9238867
-1.956094 1.069843 -3.097341
-2.07332 1.075169 -3.326863
-2.447041 1.025532 1.276802
-2.031319 0.9762935 -0.5594036
-1.612767 0.9970421 0.3319979
-1.859176 1.04066 0.4213007
-2.43236 1.033256 1.533525
-1.767567 1.018104 -0.592811
-1.738888 1.050631 0.3107758
-1.959571 1.076149 0.756757
-2.386247 1.052907 -0.06762293
-2.089365 1.057352 -2.1696
-2.272666 1.024907 -1.088637
-2.315443 1.030896 -0.6531473
-1.669313 1.01231 -0.4576351
-2.199076 1.01016 1.438433
-2.153846 0.9923405 0.06271974
-2.536052 1.003533 0.7440224
-2.222453 0.9858662 0.3946092
-2.204433 0.9959076 1.883475
-1.662714 0.9874201 -0.7033626
-2.049262 0.996453 0.1092031
-2.299538 1.019996 2.440708
-2.410467 1.03756 -2.824888
-2.107247 0.9740889 0.1843198
-2.186035 1.0505 -1.240575
-2.243465 1.066928 3.02169
-2.183168 1.003189 -2.169207
-2.384004 1.08143 -1.385021
-2.011482 1.043587 -0.5324164
-1.790054 1.08854 -1.560556
-2.200523 1.047175 -2.21315
-2.095585 1.046316 0.8872854
-2.114271 1.046346 0.8249086
-2.032924 1.083687 0.9082456
-2.367654 1.065978 -1.740528
-2.149441 1.007721 -1.737529
-2.181862 0.9960118 -1.713121
-1.59344 0.9837724 -1.502592
-2.121185 1.018698 -2.471279
-2.44112 1.11075 -0.4219498
-2.156275 1.074836 -3.019108
-2.408062 1.02374 -0.3661842
-2.4887 1.045157 -2.543283
-2.415328 1.051872 -2.240894
-2.281585 1.075933 -1.707129
-2.022587 1.089094 -0.9855338
-2.080645 1.06702 -2.238466
-2.363373 1.041514 -2.380313
-2.010918 1.04944 -1.195422
-1.813553 1.084954 -0.4810558
-1.98077 0.9964892 -0.05292418
-2.077958 0.996078 -2.00819
-2.452541 1.002809 -2.047161
-1.950624 1.065399 -0.3608344
-2.499634 1.113256 -1.494845
-2.30715 1.082235 -1.529107
-2.424062 1.078246 1.634762
-2.191214 1.036818 -0.2659124
-2.023193 1.036988 -2.598903
-2.142368 1.073156 -1.161962
-2.034318 1.092159 -1.669668
-2.087641 1.086024 -0.7368276
-2.063998 0.9983629 -1.560492
-1.861704 1.031254 -2.250561
-1.942853 0.9438348 -1.532652
-2.280071 0.9522912 -1.274108
-2.472458 0.9711276 -1.402019
-1.772391 1.003061 1.126219
-1.686515 1.032794 2.903214
-1.702599 1.009602 -1.88962
-1.829414 1.002844 0.04094283
-2.565222 1.006126 -1.760213
-2.255063 1.045132 -1.93955
-2.204503 1.02348 -2.705554
-2.105862 1.00537 -1.274478
-2.181128 1.040324 0.1496477
-2.098183 1.017396 1.786234
-2.198188 0.9981936 -0.6024871
-2.511555 0.9920273 -1.916467
-2.075234 1.009893 -1.193214
-2.418896 1.045451 -3.314608
-2.063163 1.026825 -1.218747
-2.297367 1.012637 -1.073342
-2.208387 1.019337 0.600844
-2.058473 1.02692 0.4124987
-2.165023 1.033626 0.3077748
-2.298623 1.02823 -1.367719
-2.056796 0.997919 -0.6272885
-2.004958 0.9891527 -2.081872
-2.309347 0.9964148 -0.61662
-1.713747 1.005689 -1.606071
-2.00256 1.008397 -0.1285682
-2.197795 1.064678 -0.7582036
-2.353475 1.01583 0.03025026
-2.242587 1.026094 -0.3455953
-2.074479 1.085788 -2.713239
-2.184514 1.093194 -1.043865
-2.308403 1.047188 -2.084487
-2.149021 1.038162 -0.3749534
-2.035407 0.9862904 -1.833844
-1.754294 0.9776324 -0.7875332
-2.018211 0.9442123 -1.309291
-2.326324 0.9546587 -0.9384145
-2.459924 1.052862 2.290172
-1.6352 1.067053 0.9226293
-1.663902 1.057158 -1.571025
-1.840982 1.013567 -1.236841
-2.365734 1.027424 -0.752577
-2.482904 1.022668 -1.903378
-2.469414 1.043918 -0.8484477
-2.040899 1.005808 -1.278223
-1.888977 1.012239 0.519427
-2.052841 1.011715 0.4614935
-2.724485 0.9828628 -1.310881
-2.499872 1.021176 -3.094532
-2.233224 1.015178 -1.84079
-1.971006 1.028064 1.060566
-2.188715 1.057755 -1.451174
-2.242433 1.028574 -2.327268
-2.278844 1.053099 -0.4823304
-2.11805 1.060464 0.9963782
-2.440557 0.9463008 -2.082019
-2.280249 0.9783656 2.515116
-2.013511 0.9823434 0.6795553
-2.282583 1.038403 -0.4397907
-1.936634 1.08542 -2.148479
-2.83197 1.042953 -1.149034
-2.398192 1.081042 -1.831868
-2.03676 1.063121 -1.178963
-1.974575 1.088893 -0.6419843
-2.092277 1.102864 -1.046119
-2.086759 1.103276 1.066467
-2.574171 1.075687 1.535858
-2.312736 1.094627 -0.6093203
-2.146323 1.118632 -0.6296197
-1.830916 1.106088 -1.369017
-1.896419 1.126932 2.788328
-1.794612 1.076124 1.669129
-2.287602 1.111531 0.2200184
-2.082415 1.123399 -3.572349
-2.370274 1.051064 1.622047
-2.272787 1.070591 -1.935177
-2.177421 1.032891 0.4631498
-2.199076 1.040737 -1.113683
-2.186529 1.08028 -0.6233999
-2.072095 0.9983982 -0.7976823
-1.55896 0.9926488 -2.222321
-1.8743 0.9680516 -1.607627
-2.102457 0.9978369 -0.8143357
-2.351511 1.039463 -1.239663
-2.306253 1.026133 -0.2280203
-1.795662 0.9974586 0.112982
-2.176804 0.9711083 -0.775938
-2.240425 0.9932385 -1.507415
-2.582185 0.9361985 -1.557027
-2.036771 0.9513122 -1.815769
-2.177187 0.999634 -1.631732
-2.216045 1.070942 -0.1990962
-2.156777 0.9966031 -0.6927873
-2.39655 1.004443 -1.769687
-2.236155 0.9992067 0.4279787
-2.530245 1.047904 0.3326005
-2.213732 0.9972908 -0.7991638
-1.983903 0.9555038 -0.5738075
-1.713042 0.9568188 -1.345762
-1.788814 0.9407606 -0.2744574
-1.987258 0.9430189 -1.217347
-1.926835 0.979501 -1.573797
-2.021604 1.014195 -0.01403049
-2.157669 1.012175 -1.430542
-2.337092 1.052937 -0.1737969
-1.676193 1.008674 -1.905133
-2.020621 1.057023 -1.270021
-1.849702 0.9635192 0.6083489
-1.997028 1.011204 0.4521787
-2.368782 1.028827 -0.02348432
-2.165739 1.017461 2.028451
-2.419971 1.008786 0.6707932
-2.282787 1.071968 -0.6730412
-2.327006 1.032492 2.266278
-2.091087 1.047944 -0.9399986
-2.11505 1.019557 -1.235141
-2.116731 1.049868 0.7168664
-2.116362 1.050897 -0.5581204
-2.046355 1.062067 0.5623929
-1.931196 1.003793 -1.713313
-1.967536 0.9157585 -0.6088953
-2.056629 0.9401731 -1.412016
-2.127803 0.9876247 1.151148
-2.152461 1.017888 0.1298906
-2.2811 1.013064 1.12247
-2.400621 0.9915029 -1.290327
-2.015707 1.026665 -0.6082156
-2.054243 1.062146 -3.302247
-1.68312 1.043724 -1.543674
-1.938205 0.9395982 -1.533177
-2.031247 0.9688502 -0.4031956
-2.345664 0.984588 -1.889272
-2.136128 1.055619 -2.223715
-2.361325 1.002191 -0.6748316
-2.349062 1.027457 -1.800799
-2.141062 0.9937963 -1.481752
-2.166851 1.026046 -0.2134339
-2.322865 1.00966 -1.400034
-2.072431 0.9823999 -0.09455311
-1.881533 1.020841 3.639584
-2.613768 1.031729 1.376297
-2.252687 1.020878 1.36354
-1.885216 0.9923883 1.546159
-2.084488 1.055354 0.1313348
-2.030058 1.080856 0.4009444
-1.913266 1.099474 -1.752452
-2.142473 1.083866 -1.186401
-2.27736 1.124814 -2.876817
-2.323648 1.105332 -1.305633
-2.473283 1.079584 -2.336256
-2.399749 1.150665 -0.2389607
-2.027682 1.157091 -1.360008
-2.32924 1.143362 -1.723479
-2.067156 1.060531 -0.3194409
-2.193579 1.126159 -1.723612
-1.514196 1.058985 -2.043427
-2.272231 1.012773 -0.8998499
-2.228703 1.036763 0.9153537
-1.899604 1.094709 -2.961659
-2.353252 0.9649041 1.670388
-2.164937 0.9840787 -0.50382
-2.447955 1.001233 -0.07308112
-2.121721 1.038681 -1.677351
-2.055304 1.017912 -1.492839
-2.120424 0.9799022 -0.793624
-2.285409 1.035583 -1.660226
-1.930901 1.029804 -1.157015
-2.233304 1.089261 -3.746959
-2.227024 1.000272 1.104907
-2.567958 1.063019 2.914186
-1.93943 1.010693 -1.688625
-2.643585 1.072315 -2.0658
-2.249331 1.06095 -1.1913
-2.292381 1.045003 -0.7331179
-1.876322 1.029002 -1.362309
-2.168445 1.06704 0.1116271
-2.083708 1.02293 -2.073951
-2.331593 1.100761 -0.003292337
-2.451227 1.089475 -2.275527
-1.995901 1.156829 -2.422347
-2.127573 1.0739 1.644787
-1.97164 1.07633 -2.026041
-2.240764 1.10844 -1.395298
-1.986079 1.002409 -1.122275
-2.229336 1.02518 0.3548477
-2.338558 1.031423 -1.547559
-2.065454 0.9791244 1.144487
-2.400249 1.038418 1.548605
-2.054981 1.013644 -0.7096306
-2.474574 1.097994 0.01566596
-1.908701 1.058402 -1.87759
-2.590351 1.07972 -0.9126181
-2.105063 1.033049 -1.912717
-2.015174 1.008073 -1.41397
-2.089662 1.019295 -1.385821
-2.104544 0.9810024 -0.06873774
-2.113867 1.041877 -1.358175
-2.16568 0.9747132 -2.01832
-2.181492 0.9213273 0.8920517
-2.099467 0.989935 -1.5876
-2.525724 0.9219481 -0.2677425
-2.440774 0.9945553 -1.919184
-2.115631 0.9871558 0.03619631
-2.591861 1.013592 -0.8497075
-2.356472 0.9701678 -0.2980305
-1.814336 0.9598471 1.670677
-1.987835 0.9496721 -0.5621608
-1.770241 0.9372711 1.296036
-1.896697 0.9826023 -1.187118
-1.905194 1.033502 -1.516433
-1.991443 1.018415 0.9163107
-1.622635 1.002685 -2.720951
-2.113161 1.051765 2.646354
-2.273548 1.012219 -0.1603744
-1.671056 1.021506 -0.9249249
-2.405671 1.135804 0.5421874
-2.249979 1.098005 -2.280021
-2.164277 0.9555562 -1.668538
-1.829595 0.9474931 -1.213855
-2.090481 0.9114471 -1.765636
-1.620238 0.9656828 1.39672
-1.565744 0.9653571 -1.964516
-2.155726 1.027532 0.2487938
-2.231708 1.071034 -0.8738877
-2.075442 1.089958 -1.500693
-1.692383 0.9811632 -0.9505814
-1.822657 1.069434 -1.426181
-2.260357 1.059002 1.759626
-2.405859 1.032297 0.838361
-2.206639 0.9637789 -0.5064922
-1.978316 0.9644883 -0.5155128
-1.862668 1.013453 -0.3938464
-2.013271 1.091336 0.209891
-2.004573 1.106256 0.8192686
-2.21002 1.041724 0.3896672
-1.822694 1.02619 0.5958191
-2.007536 1.090734 -1.19989
-2.111686 1.069643 -1.835664
-2.783215 1.065365 -0.8131705
-2.790461 1.100831 -0.3692015
-2.261103 1.089166 -1.655357
-2.337456 1.078333 -0.7115228
-2.569693 1.062881 -1.569157
-1.992191 1.037579 -0.9467767
-1.923523 1.033212 1.837764
-1.739521 1.097229 -1.340647
-2.034837 1.075915 -2.725928
-2.01645 1.066332 -1.122945
-1.998962 1.100705 -0.1463337
-2.031736 1.013292 -1.542681
-1.702227 1.017407 -1.312196
-2.158485 1.035332 -0.586046
-2.003333 1.043209 1.021834
-2.257897 1.047296 -0.9055997
-2.415793 1.064862 -0.5390177
-2.6066 1.060581 -0.212221
-2.273751 1.109077 -1.263117
-2.595799 1.014876 -0.8785717
-2.385769 0.9748878 -0.4143471
-2.465426 1.031039 -0.9774903
-1.773045 1.019267 -0.7493984
-2.006429 0.9435998 -1.094919
-2.40368 0.9442983 -2.47508
-2.424497 0.9399963 -0.2402316
-2.513687 0.9467356 -1.240403
-2.398039 1.018257 -1.339269
-2.055044 1.049143 -0.7867277
-2.146418 0.9710593 1.272284
-1.974885 0.9607173 0.2667401
-2.191582 0.9726698 -0.6364854
-1.931563 1.03616 0.2294806
-2.185673 1.01926 0.06824568
-1.781235 1.063003 1.891201
-2.005048 1.066961 0.1858284
-1.693798 1.084513 1.133463
-1.646068 1.055975 -0.2604623
-1.941195 1.09125 -1.779698
-1.898269 1.107809 1.437173
-2.303631 1.020096 -0.3940337
-1.764266 1.069076 -0.6818822
-2.054254 1.050004 -1.675034
-1.609847 1.153373 -1.996764
-2.125275 1.105036 -1.788822
-2.269125 1.048171 -1.66166
-2.328903 1.066954 -0.02983698
-2.172842 1.038624 0.2503939
-2.092407 1.061236 -0.3061278
-2.387664 1.025009 -0.8978418
-2.021661 1.003904 0.07765542
-2.130486 1.023078 -0.7791612
-2.168583 1.021251 -1.356184
-1.843104 0.9838955 -0.01608991
-1.689301 0.9364928 0.07817084
-1.663871 0.9490416 3.857011
-1.881427 0.9525503 -0.2902321
-1.884775 0.8936321 -1.426088
-2.081045 0.8934783 -1.524308
-1.699549 0.9220456 -2.306531
-1.998367 0.9029587 -1.239431
-1.819118 0.9182596 -1.372826
-2.179533 0.9096529 -1.086159
-2.356766 0.8925106 -2.456554
-2.057946 0.9536152 -0.494329
-1.895963 0.9385792 -1.510241
-1.597121 0.9960166 -0.4107173
-2.087156 1.05526 -1.660822
-1.955046 1.030974 -2.120707
-2.267558 1.05073 -1.609027
-2.317963 1.078113 1.006764
-2.042464 1.084539 -0.00783909
-2.080882 1.019287 2.244109
-2.067324 0.9764512 -0.4542985
-1.972282 0.9777819 -1.146657
-1.975607 1.006741 -1.037851
-1.958681 1.066551 -0.8144196
-2.243233 1.06685 1.981596
-1.888133 1.11994 -2.464499
-1.746805 1.065318 -0.5341716
-2.154949 1.047546 -2.054657
-1.70415 1.009947 -1.290154
-1.941173 1.039556 -1.80624
-1.88677 1.035055 -3.130889
-2.09478 1.031194 -1.436877
-2.244236 0.9721334 -1.006352
-2.339736 0.9567217 -1.730991
-1.90654 0.9611218 1.448576
-2.12241 0.9568242 -0.7761282
-2.038628 1.037518 -1.823372
-2.462168 1.06139 0.3978638
-2.408873 0.9981448 -0.7825132
-2.386021 0.9761931 1.609351
-2.160509 0.9350586 -0.068813
-1.929981 0.9596746 -1.204317
-2.186902 0.9446714 -0.903343
-2.082893 1.013842 -1.939319
-1.750796 1.002346 -0.9334008
-1.736842 0.9633651 -0.6678907
-1.40967 1.011915 -1.42303
-2.107389 1.038531 1.252377
-2.021034 1.018098 -2.068843
-1.975185 1.012525 -0.6324128
-2.345112 1.012755 0.776443
-2.278411 1.034701 -2.001662
-1.799811 1.023821 -0.5152454
-2.139611 1.044648 -1.684806
-2.522792 1.011098 -2.274123
-1.922687 0.9953029 1.115148
-2.00227 0.9956052 -0.1025032
-1.947458 0.9880904 -1.549765
-1.794868 1.047158 0.5371134
-1.842825 1.050175 -0.2655512
-2.369818 1.059132 -1.084179
-2.151165 1.092303 -0.6579548
-2.045598 1.108138 -1.724048
-2.749442 1.117137 -1.157349
-2.258574 1.108762 -2.545581
-2.286557 1.063401 -1.375501
-1.81382 1.049248 -0.7464766
-2.175869 1.061815 -1.381426
-2.209385 1.054287 -0.2296055
-2.099189 1.093672 -2.216758
-2.015018 1.041387 -2.066954
-2.46272 1.060743 -1.896089
-2.173594 1.024164 -1.066681
-2.170112 1.083473 -3.109408
-2.194348 1.010276 -1.66993
-1.70288 1.044144 0.263995
-2.029444 1.043803 2.192472
-2.415784 0.9920589 -1.517699
-2.411438 0.9825985 -1.431141
-2.369857 0.9903326 0.4238674
-2.17794 0.9960128 -0.5271734
-2.164385 1.119462 -0.8776841
-2.012084 1.03836 -0.7584093
-1.806772 0.9603071 -1.180622
-2.018188 1.038098 -2.842465
-2.022 1.095418 -0.8463674
-2.084332 1.068144 0.08737292
-2.088483 1.064325 -1.150341
-1.803046 1.007566 -0.1726434
-1.813025 1.032273 -1.550676
-2.446553 1.029895 -1.293211
-2.253055 0.9919256 -1.775224
-2.165309 0.9841452 1.700399
-1.977297 0.9575743 -0.1886572
-1.778858 1.021153 0.513065
-1.875811 1.043239 -0.5105529
-1.821689 1.041166 0.3338916
-1.665323 1.027428 -0.8871915
-2.015756 1.008458 -2.174157
-2.310127 1.038162 -1.388631
-2.537331 1.007735 -0.703168
-2.326621 1.013158 -1.412645
-2.010939 1.002376 -0.1062955
-1.920296 0.927249 -0.2027931
-2.028916 0.9661166 -0.2605747
-2.09003 0.9820089 1.076943
-1.734854 1.003601 -0.9191119
-1.563155 1.031715 -1.475814
-2.479093 1.110368 -2.666329
-2.25383 1.004693 -0.980011
-2.426414 0.9641777 0.4921943
-1.968656 0.9624636 1.736029
-1.917126 1.008902 1.391487
-1.934213 0.9999519 -0.4865897
-1.724685 1.018065 0.160794
-1.705542 1.016752 -1.75262
-1.887344 1.037469 1.910862
-2.164412 1.041016 -2.623061
-2.028793 1.103927 -1.254813
-2.440507 1.086749 0.2916741
-2.602081 1.075691 -1.312489
-2.024446 1.036405 1.121996
-1.978792 1.028756 -1.311271
-2.023001 1.023632 -0.9168138
-1.931361 1.046934 -1.271717
-1.717286 1.081984 -0.9449515
-2.301668 1.028542 -0.6553922
-2.357632 1.087124 0.2342841
-2.256576 1.119098 0.3553305
-2.422651 1.045155 -1.151991
-2.499142 0.9901305 0.2626751
-2.071672 0.9936279 -1.348964
-2.063838 0.9551088 -1.556715
-1.866752 1.019669 1.125652
-2.100049 0.9868481 -2.058159
-1.818685 0.9770362 -1.667805
-1.991115 1.026142 2.985514
-2.305344 1.021407 1.620828
-1.779762 1.03257 -1.600297
-2.230749 1.016525 -1.305551
-2.050951 1.019628 -1.059051
-1.84911 0.9573125 -1.225125
-1.932907 1.02778 -1.107629
-2.169951 1.035663 -1.377713
-2.086797 0.9965862 -1.670705
-2.137164 1.100892 3.496503
-2.31225 1.013925 -1.023254
-1.992658 1.026579 0.7806359
-1.689314 1.0085 -1.074882
-2.331098 1.00583 -2.057293
-1.900695 0.9903106 1.337274
-2.176375 1.067344 -2.17452
-2.01308 1.052606 -0.3962896
-2.565506 1.05734 0.3810007
-2.358896 1.087341 -2.358721
-2.124931 1.120764 -1.765088
-2.286989 1.080408 -0.6474709
-2.224371 1.055433 -0.9673574
-2.431062 1.047735 -1.728396
-2.451957 1.023901 0.2620378
-2.004184 1.038278 0.5793769
-1.823701 1.006608 -1.624726
-2.254145 0.9513779 -0.006681784
-2.096608 1.007176 0.1419903
-1.971419 1.032085 -2.9775
-1.875591 0.9905551 -1.574444
-2.128245 1.010383 -1.270329
-2.038786 1.027373 -0.9742565
-2.136172 0.9457062 -1.949371
-2.044178 0.9638243 -0.7310116
-2.074056 1.012386 1.302136
-2.260049 0.9783755 -2.436397
-2.275375 1.044122 -1.62687
-2.305442 1.019713 -2.202778
-2.338545 1.026993 -2.349478
-2.346942 1.039133 -1.881998
-1.952754 0.9696872 -0.2665117
-1.798134 0.9618089 0.1634234
-2.585513 1.025324 -0.0724732
-1.911276 1.050412 -1.275484
-2.030776 1.027266 -1.729592
-2.272535 0.9976506 -1.355645
-2.459189 1.078623 -1.577158
-2.150852 1.07683 -2.5473
-2.262064 1.012014 3.096103
-2.434397 0.9825576 -1.138587
-2.518288 0.9905445 -1.842171
-1.969313 1.027083 -1.885104
-2.259039 1.02314 -1.124543
-2.418331 0.9314514 1.220532
-1.61359 0.9865289 1.365819
-1.881958 0.9893251 0.2594035
-2.094754 1.016209 1.302456
-1.803122 1.057343 -2.26141
-1.96146 1.010432 -2.523883
-2.25463 1.007664 1.59782
-2.387239 1.054951 0.1530063
-1.904817 1.075805 -0.8567928
-2.345497 1.049984 -0.3513625
-2.269881 1.035319 -0.5512908
-2.336768 0.9690023 -0.6384825
-2.254973 1.019934 -0.6632241
-1.677151 0.9912371 -2.763324
-1.76975 0.961185 -2.767987
-2.130356 0.974704 0.862995
-2.13523 0.9525551 -0.9590784
-2.225091 0.9617341 -0.9430865
-1.99473 0.9626348 -1.21035
-1.963277 0.9789253 -1.865978
-1.982563 0.9687499 0.8323421
-2.264187 1.010994 -0.9977122
-2.037766 1.100574 1.213058
-1.89064 1.132828 0.8871282
-1.969838 1.051342 0.81782
-1.53789 1.042898 -2.973671
-1.930878 1.005732 1.054611
-2.252644 0.9680956 0.08091457
-2.305885 0.9180422 -1.329872
-2.28985 1.025908 -1.430655
-2.330969 1.032481 0.1277528
-2.221778 1.017228 -0.6287771
-2.195719 0.9795711 -0.8765481
-1.888296 0.9927572 -0.9279817
-2.155719 0.9701065 0.4959877
-2.093575 0.9774985 0.7466573
-2.173289 1.016825 -1.148986
-1.837813 1.013211 -0.9508617
-2.147862 1.053149 1.529102
-2.213868 1.050739 -2.626512
-1.35679 1.062222 0.4615361
-2.409838 1.042693 -1.127286
-1.756555 1.059547 -1.623528
-2.234725 0.9956553 -0.9658409
-2.378349 0.9946869 0.7106327
-2.316043 0.9900375 1.290594
-2.562565 1.040404 -1.231418
-2.636745 1.011772 0.03331375
-2.187565 1.057543 -1.05183
-2.140529 1.113552 -1.292955
-1.541209 0.9996126 -1.472239
-1.853477 0.9790297 -1.300703
-1.820575 1.015357 3.013214
-1.994832 0.9712287 -0.106892
-2.162524 0.9507815 0.2799019
-2.076725 0.9394321 0.3601618
-2.226473 0.9807911 -2.225639
-2.510261 1.036294 -0.993546
-2.472166 1.044999 -0.7746063
-2.507192 0.9933863 -1.298002
-2.323477 0.9648799 -0.3754853
-2.176993 1.001936 2.446284
-2.234161 1.009304 0.09409085
-1.932584 1.021938 -0.5273747
-2.050425 1.043649 -2.05015
-2.295611 1.079238 0.956764
-2.506159 1.090251 0.4803084
-2.125964 1.069354 -1.560834
-1.784245 1.11043 -0.984855
-1.842405 1.098195 -1.386597
-1.777141 1.086522 -1.471548
-2.086516 1.072393 -2.497716
-2.624154 1.110865 -1.600594
-2.071068 1.118273 -1.28486
-1.469099 1.110252 -2.100919
-2.003782 1.148825 0.1746036
-2.071578 1.180647 -0.3394925
-1.20267 1.077584 2.314696
-2.483273 1.095664 0.9557042
-2.43947 1.116567 0.07987893
-2.316411 1.105309 -1.351836
-2.285418 1.144248 -0.7704254
-2.126184 1.128766 -1.023028
-2.148704 1.164217 -2.370391
-2.504264 1.132638 -1.417783
-2.342605 1.077769 -1.396748
-2.321879 1.080161 -2.921873
-2.060921 1.072199 2.008173
-1.792105 1.076503 0.1138378
-1.864109 1.07663 -1.753034
-2.372991 1.066325 -1.524574
-1.853357 1.038667 0.5681924
-2.279318 1.071229 0.1455857
-2.250737 1.037159 -1.562113
-1.961791 0.9539727 -1.013021
-2.010104 0.9912843 -1.430618
-1.972031 0.9857749 -1.691742
-2.106066 1.033037 3.678816
-1.790304 1.065371 1.26047
-1.863159 1.015429 -0.8001849
-1.988684 0.9518316 -0.2275751
-1.825335 1.020748 -0.9834888
-1.866668 1.056718 -2.185893
-2.37634 1.086556 -0.3429844
-2.115181 1.038845 0.5928882
-2.157095 0.9994111 -2.062392
-2.252092 0.9828515 -0.00384128
-1.798502 0.9462098 -1.682047
-2.577182 1.009269 -0.8356717
-2.366274 1.044624 -0.6165278
-2.647755 1.034481 -1.951364
-2.531318 1.030558 -1.327765
-1.898355 1.01228 -1.534695
-1.945762 1.017119 -0.7372821
-1.789402 0.9827006 0.2515729
-1.84194 1.023063 -1.747655
-1.870305 1.00469 -0.07952202
-2.069894 1.041052 -1.082086
-2.051442 1.057854 2.759867
-2.354227 0.9969944 -0.4760322
-2.368023 1.073018 -2.553263
-1.906972 1.057458 0.3774213
-1.618286 1.019213 1.750073
-2.129949 1.016679 -1.455002
-2.473814 1.037261 -2.380791
-2.594088 1.048143 -2.224088
-2.461808 1.052725 -1.421204
-2.357629 1.009213 3.606963
-2.258926 1.011415 -0.8397806
-1.936446 1.045141 -1.54848
-1.795705 1.064504 -1.582629
-2.266089 1.039023 -2.389692
-2.155093 1.013661 -2.555072
-2.003917 1.043009 -1.986747
-2.356867 1.016068 -1.884164
-2.429685 0.9921149 -1.918974
-1.554732 1.004727 -2.414906
-1.986599 1.073021 0.3425886
-2.285065 1.068741 -0.2904254
-2.106457 1.102962 0.2800479
-2.067169 1.109117 -0.1765411
-2.110369 1.062936 -2.023784
-1.987651 1.079332 -1.718509
-2.145926 0.9920537 -0.04932369
-2.258926 0.9600295 1.723931
-2.154056 1.028738 -0.9015561
-2.11383 1.073295 1.143111
-2.379279 1.04856 -0.06755486
-2.271097 0.999986 -0.2787904
-2.474867 1.031202 -1.532782
-2.624864 1.036024 -0.5138023
-2.700593 0.9867647 -0.5014778
-2.313427 1.00467 -2.118504
-2.140482 0.9771071 -1.598818
-2.249735 0.9707348 -1.392348
-2.180226 1.00343 0.2880395
-2.107664 0.9389319 0.7862019
-2.085339 0.9902725 -2.163362
-2.052341 1.003436 -0.9413224
-2.062385 1.056125 -2.925052
-1.539458 1.000527 -2.313449
-1.978667 1.068134 -1.14102
-2.194414 1.040492 -1.791054
-2.244086 1.062997 0.5044615
-2.380164 1.044853 0.4087679
-2.440519 1.080657 -1.1741
-2.661932 1.071982 -2.650274
-2.140181 1.101594 -1.232316
-2.318698 1.088043 -1.584986
-2.392597 1.156455 -1.498099
-1.811781 1.173353 4.910207
-2.131451 1.125944 -2.291256
-1.888395 1.107947 -0.2371345
-2.361711 1.019533 0.3013209
-2.12403 1.068958 1.475073
-2.131257 1.016067 0.1142019
-2.236545 1.04181 0.5485445
-2.191874 1.052506 0.5524805
-2.247231 1.066646 -0.9975096
-1.951799 1.132137 -0.1485769
-2.009376 1.059473 -0.1333691
-2.097189 1.058436 -2.77214
-2.020322 1.057506 -1.600702
-2.113066 1.079483 -1.758789
-2.312588 1.091728 -0.931965
-1.880642 1.095738 -0.3990594
-2.00412 1.07691 -1.179813
-1.978932 1.154883 -0.2406747
-1.857328 1.084834 -1.598262
-2.41041 1.068565 -0.9637912
-2.260805 1.044087 0.8450571
-2.011095 1.062603 -0.5218803
-2.230524 0.9705489 1.435656
-2.189178 0.9971172 0.07260103
-2.222204 0.9433132 -1.589621
-2.007921 0.9511792 -1.351859
-2.505825 0.996706 -1.667902
-2.263279 0.9547049 -1.052333
-1.997675 0.9631161 -1.594884
-2.247318 0.9866285 -1.85475
-2.22056 0.986775 -2.194153
-2.204082 0.9702759 -1.746179
-2.042035 0.9799315 0.4469019
-2.117832 0.9761652 2.227349
-2.253555 0.9450758 -1.947383
-1.979084 1.00049 -1.190676
-2.000554 1.056997 -0.9129155
-1.955915 1.075624 2.092085
-2.117708 1.061354 1.835049
-2.219156 1.045056 2.710925
-2.755875 1.033076 -0.06249882
-2.626086 1.084987 -1.612999
-2.81617 1.063115 -1.343376
-2.226898 1.045529 -0.1233373
-2.289553 1.058177 0.09475749
-2.085738 1.041574 -1.0408
-2.194415 1.018873 -0.7209497
-2.424814 1.056662 -1.941356
-2.114093 1.060016 -0.8507185
-1.855407 1.142507 -2.821481
-2.195809 1.089224 -1.090746
-2.33261 1.09886 -0.4537022
-2.259852 1.090087 -1.663643
-2.10515 1.096474 -2.101204
-2.050845 1.109139 -0.9704602
-2.011241 1.091669 -1.723723
-2.043404 1.063926 0.1720076
-1.989999 1.083769 -2.563332
-2.218031 1.056598 0.06261543
-2.354976 1.136064 -0.3684435
-2.032226 1.103169 -2.251737
-2.426814 1.116143 0.8239118
-2.302365 1.07626 4.06295
-1.927904 1.041073 -1.180558
-2.00885 1.064091 -1.152838
-2.605224 1.050645 -1.595267
-1.853459 1.054348 2.027062
-2.41195 1.043504 0.2988993
-1.942071 1.045961 -2.076796
-1.987016 1.072558 -2.074173
-2.154561 1.075726 -1.642606
-2.3042 1.037141 -3.144475
-2.678553 1.040152 0.6484609
-2.490752 1.057318 1.013506
-2.008696 1.046597 -2.234473
-2.43732 1.068427 0.5578757
-1.792014 1.038801 -0.2751358
-2.176961 0.9853004 0.6027803
-1.90719 0.9848409 -0.9957201
-2.149093 1.023825 -1.803144
-2.083473 0.9933683 1.276442
-1.897634 1.038546 -1.287733
-1.931002 1.065833 -1.013993
-1.757931 1.056622 2.134607
-2.04388 1.052172 -0.03264493
-1.898409 1.062902 0.01843069
-2.082456 1.088173 -1.12592
-2.192151 1.117237 -0.4794377
-2.450397 1.177789 -1.492294
-2.345226 1.148691 -1.362725
-2.112479 1.120563 -1.201257
-2.2485 1.089932 -3.246392
-2.665191 1.046558 -2.256943
-2.095925 1.060394 -1.426559
-2.239711 1.095013 -2.421913
-2.417901 1.128686 -1.485998
-2.27987 1.107038 -1.113717
-1.888137 1.109918 2.612446
-1.895155 1.049651 0.4030704
-2.010652 1.067433 -1.295938
-1.824222 1.019246 -1.982584
-1.883708 1.06337 -2.107046
-1.699126 1.084911 -1.755148
-1.488626 1.022662 0.2765969
-2.030146 1.020506 1.412495
-2.590828 1.079271 0.5850091
-2.014559 1.062022 -0.3488769
-1.754133 1.040447 -1.97616
-1.830577 1.079771 -1.539016
-2.04472 1.040873 -1.883968
-2.031368 1.056752 -0.8981222
-2.333021 1.007433 -2.138439
-1.721687 0.9961154 -1.114117
-1.682277 0.9835565 4.230778
-2.213954 1.048086 0.7394657
-2.637941 1.045325 -1.659949
-2.265167 1.088821 -1.590443
-2.207497 1.055515 -0.9062136
-2.147928 1.064076 0.6397346
-1.920389 0.9707169 1.364682
-1.620775 1.002222 -1.152003
-1.319826 0.9774383 -2.270237
-2.06907 1.010561 -1.949805
-2.281925 1.034775 -1.469022
-1.794519 0.9968895 1.340631
-1.783661 1.009804 -0.02872108
-2.261866 1.021314 -1.484317
-2.147916 1.026546 -0.9292728
-1.926493 0.9675821 -2.070252
-1.778559 0.9986246 0.1706004
-1.687519 0.9687742 -0.0007913475
-2.127288 0.9835761 -0.5894638
-2.524869 1.002285 -1.080671
-2.529071 1.032308 -2.10604
-2.428427 1.108629 -0.9534432
-2.021761 1.080699 -1.907707
-2.258347 1.034533 -1.95783
-1.898667 0.9704501 -0.9674012
-1.984555 1.007494 -0.6456212
-2.226416 1.039682 -0.9914692
-1.639418 1.044836 -0.7710247
-2.45912 1.104617 -0.1192125
-2.309024 1.115548 0.6333259
-1.873608 1.098699 -1.426556
-2.136846 1.144664 -1.810515
-2.323518 1.16367 -0.9358554
-2.048732 1.112521 -0.04087375
-2.609464 1.001437 -1.092498
-2.039267 1.108239 -3.176707
-1.96017 1.067535 -0.2265231
-1.661474 1.045054 -0.1503328
-2.174211 1.059145 -2.342391
-2.153141 1.013905 -1.798329
-1.705034 0.9847735 -0.804235
-2.073752 0.9904133 -2.385916
-2.176129 0.9395294 -0.4432118
-2.151119 0.9584797 -1.737468
-1.952089 1.015985 -0.9027038
-1.946777 1.045224 2.336218
-1.916439 1.055276 -0.2455464
-1.924045 1.024724 -1.211608
-1.967303 1.031609 0.1969719
-1.722682 1.060405 0.1239132
-2.728379 1.04329 -0.1547294
-2.00429 1.011329 -1.92178
-2.374112 0.9985479 -0.008356967
-2.151062 0.9997837 -0.9547971
-1.904596 1.006254 1.093499
-1.805533 0.9996961 -2.243658
-2.192429 1.06096 -2.181296
-2.66137 1.026254 0.6915057
-2.471103 1.029477 -1.062038
-2.261783 1.017726 -0.3547092
-2.375848 1.019286 -0.6187791
-1.672916 1.02251 -0.8992081
-2.055062 1.101426 -0.8290586
-2.07125 1.091485 0.1480625
-1.946193 1.072906 -1.678807
-1.922783 1.161673 -0.4626128
-2.034355 1.119649 -1.608615
-2.022507 1.081588 -2.353404
-2.284488 1.131313 -2.455553
-2.588084 1.088178 -1.718566
-2.236363 1.083075 -0.8834817
-2.131809 1.092834 -1.35854
-1.78799 1.079112 -2.504516
-2.821673 1.098068 -2.382482
-2.354534 1.100728 -0.8448861
-2.188513 1.042047 -0.48431
-2.478554 1.043193 -1.037224
-2.348378 1.038851 -3.556303
-2.55553 1.057934 -1.933173
-2.223193 1.086046 0.4264646
-1.964605 1.096171 1.275059
-2.232523 1.080987 -0.5562083
-1.679065 1.069555 -0.155307
-2.168008 1.07956 -1.17461
-2.590047 1.11848 -1.138724
-2.326833 1.021977 -0.2402803
-2.244598 1.020641 -0.9065787
-1.858193 1.040352 -1.662762
-1.755815 1.026242 -0.7202712
-2.041976 1.037886 -1.752348
-1.966668 1.037563 0.2008927
-2.237483 1.029145 1.242258
-2.043069 1.046582 -2.66304
-2.369105 1.046564 0.7121542
-2.141719 1.034821 -2.135098
-2.099278 0.992448 -1.61208
-1.984308 0.9978782 -1.282014
-2.259216 1.05287 -2.249653
-2.567349 1.011778 -2.144325
-1.548064 0.994709 -1.344742
-1.974622 1.017908 -2.748921
-2.08827 1.00127 0.3224417
-2.039933 1.037194 -1.449221
-1.839997 0.9578803 -1.482159
-1.888292 0.9888595 -2.228929
-1.74556 1.010587 -0.8838931
-1.891312 0.9979234 -0.8007192
-2.300542 1.065121 -1.1156
-1.932817 0.9710503 0.3255799
-2.024029 0.9603746 -1.888631
-2.275163 1.040987 -1.325471
-2.272165 1.046403 -1.099768
-1.752933 1.01452 -0.6482928
-2.196738 0.9126007 -0.8993045
-1.702982 1.011524 -0.6418494
-1.703046 1.030031 -2.562621
-1.859268 1.009573 -1.892552
-2.314958 1.008693 -1.222976
-2.259104 1.024022 -0.6300044
-2.336715 1.090449 -1.034417
-2.404612 1.063147 -2.186278
-2.113173 1.148994 -0.5107214
-2.077734 0.9872269 1.172985
-1.975958 0.999501 -1.838371
-1.65576 1.02017 2.095307
-1.874654 1.03485 -1.591456
-1.940154 1.057051 -0.4215162
-1.940225 1.053666 -0.9028686
-2.172305 1.075446 -2.251499
-2.409981 1.051305 -2.314231
-2.420406 1.016999 -0.2598816
-1.995097 1.035828 -1.589597
-2.44681 1.042886 0.03288872
-2.236493 1.064735 -2.065459
-2.029749 1.014205 -1.278026
-2.226222 0.9926968 -1.27819
-2.268929 1.064496 0.2927186
-1.748168 1.049743 1.177846
-1.852079 1.101016 -0.5855789
-1.599845 1.108793 -0.4262813
-1.926161 1.039315 -0.93014
-2.000367 1.054239 -1.725897
-1.937715 1.005672 -2.521891
-2.101851 1.002912 -0.4475789
-2.087128 0.9554665 -1.716586
-1.897394 0.9180169 -0.636427
-1.950947 0.9854165 -2.264422
-2.560812 0.9567392 0.5627186
-1.079269 0.9513936 -2.931585
-1.863006 0.9361141 0.3967956
-2.069072 0.9516647 -1.502155
-2.041003 0.9496563 1.187222
-2.331765 1.014515 -1.256874
-2.581985 0.9942906 1.488037
-2.58312 0.9949651 -1.574473
-2.187912 1.056157 -0.1405503
-2.376526 1.035001 -0.5143214
-2.105256 1.073604 -2.771508
-2.004297 1.115052 -0.8366529
-1.973894 1.082673 1.436429
-2.075082 1.096532 -1.805995
-2.183443 0.9841903 -1.528507
-2.275673 0.9715927 -0.8095401
-2.045585 1.008658 -1.487242
-2.256268 1.077033 2.003045
-2.133021 1.068202 3.328966
-2.395118 1.073016 0.628683
-2.082644 1.029039 -1.875801
-1.833943 1.027564 -2.001565
-1.793743 1.021312 -1.075936
-1.777274 0.9580268 0.5551716
-1.814149 0.9795576 2.963008
-2.028319 1.038843 1.46267
-2.154506 1.098825 0.2197492
-2.021994 1.092243 -1.478506
-1.927226 1.101397 0.2208539
-1.791437 1.108755 2.731604
-2.081433 1.104118 -1.699842
-1.998395 1.041395 -1.232596
-2.562431 0.9767288 -2.593213
-2.316048 0.9621961 -1.233146
-1.981462 0.9896149 -0.920425
-2.330267 0.9907171 -0.4742695
-1.670296 0.9558271 1.351094
-2.443917 0.9857213 -1.792977
-2.099737 1.020938 -1.678025
-2.484947 1.102408 -0.2155735
-2.055488 1.090748 -1.488609
-2.170071 1.066263 2.694817
-1.732776 1.095039 -1.978992
-2.459429 1.023217 -2.843958
-2.262168 1.032199 -2.217554
-2.256964 1.001022 0.4183947
-1.924726 0.9894472 -0.8687197
-2.055664 0.9934294 -1.028337
-1.773539 0.9891973 -0.6716507
-1.868669 1.051621 -1.339855
-2.066254 1.045546 0.3602355
-2.135521 1.034817 -1.353865
-2.406359 1.049078 -1.714361
-2.223504 1.08955 -1.974612
-2.55625 1.111646 1.088484
-2.546268 1.068442 -2.35375
-2.367544 1.052827 0.8392207
-2.371726 1.126716 0.4661713
-2.301412 1.057041 -2.645826
-2.051921 0.9849494 -1.745279
-2.415851 0.9379013 -1.780728
-2.225087 0.9869898 -1.874522
-1.98059 0.9936214 -1.032033
-2.101824 0.9721729 -1.492047
-1.856494 1.008686 -0.9443072
-1.540311 1.038969 -0.2277339
-1.914012 1.020445 -2.982719
-2.060654 1.010585 -2.799238
-1.837366 1.049563 -0.2432828
-1.424834 1.094366 -1.888817
-2.317801 1.014924 -0.4395447
-2.252092 0.9453105 -1.406481
-1.668727 0.9682332 -0.7577203
-2.021236 0.9671222 -1.806723
-2.207521 0.9695321 1.54578
-2.124836 1.009166 -0.8065483
-2.119058 0.9825785 -1.224879
-2.400479 0.9960882 -0.5591874
-2.170414 0.9628703 -1.501123
-2.606017 0.9729693 -2.858905
-2.387044 1.00204 -3.534762
-2.286626 0.943665 -1.237987
-2.149587 1.027218 -0.7978647
-2.283254 0.9917693 -0.6809042
-2.108129 1.034843 0.3719612
-2.027266 1.077693 -0.05760932
-1.580803 1.103722 0.1779674
-2.481361 1.111837 0.009158231
-2.106935 1.153298 -1.349592
-2.474092 1.12849 0.2886641
-1.967863 1.10301 -1.430943
-1.575615 1.03999 0.8702418
-1.64481 1.044887 0.6290319
-1.826468 1.088851 0.4454145
-2.495225 1.114005 -1.886025
-2.807149 1.136437 -0.8089022
-2.356037 1.043315 -0.004696873
-2.393229 1.096601 -2.581228
-2.227847 1.08893 -2.388552
-1.844259 1.071147 -1.220007
-2.215918 1.073597 1.343195
-1.929998 0.9988118 0.4555876
-2.075409 1.038854 -0.8508688
-2.108723 1.055786 -1.392193
-2.422221 1.088578 -1.467597
-2.556697 0.9686726 -1.143796
-2.343024 1.026859 -0.6111799
-2.270228 0.999805 0.5774546
-2.17106 1.030866 -1.037036
-1.76399 1.008791 -1.812114
-2.001223 1.001173 -1.573084
-2.067816 1.008343 -1.379848
-1.882535 1.034712 -1.812077
-1.929551 1.061521 -0.9521018
-1.295692 1.02188 -0.9049954
-1.858415 1.098817 1.714878
-2.500653 1.130769 -1.581862
-2.547694 1.121896 1.747884
-2.27746 1.10126 0.276253
-2.28261 1.080571 -0.271617
-2.139601 1.083219 -1.932857
-1.996432 0.989688 -1.709321
-2.22182 1.015265 -0.6946424
-2.520621 0.9889516 -0.7137985
-2.348537 0.9334203 -1.413818
-2.819951 1.078143 0.9211727
-2.135603 0.9949143 -0.8450442
-2.456442 0.9832696 -0.9991321
-2.231973 1.024813 0.626967
-2.320704 1.013066 -2.127856
-1.505166 1.045929 -1.412219
-2.124358 0.989027 0.08856881
-2.019511 1.030923 -1.32937
-2.329546 1.030852 -1.262315
-2.243338 1.079894 -0.2150466
-2.163075 1.014131 -0.864204
-1.72675 1.020185 1.275826
-1.744654 1.02455 -3.279537
-2.374723 1.008954 0.4754161
-2.259757 0.960126 -1.883331
-2.097113 0.9559183 -0.8544212
-2.368666 1.008366 -0.8342983
-2.429077 1.005787 0.2744852
-2.422924 1.001828 1.223618
-1.98264 1.01849 -1.34468
-2.076682 1.045646 0.2704505
-2.3964 1.007738 0.543436
-2.0124 1.038096 -3.092429
-2.605429 1.040096 -2.583965
-2.448719 1.136485 -2.208436
-2.256426 1.128979 -1.347708
-1.648823 1.075452 0.9151037
-2.128374 1.05295 -2.424795
-2.422476 1.107614 -1.887137
-2.025562 1.115499 -0.8954224
-2.445299 1.097489 -1.563355
-2.311985 1.039963 1.300672
-2.049565 1.105533 -0.2724742
-2.208455 1.019758 -2.302515
-1.861611 0.998978 -1.780781
-1.788929 1.013154 -0.7181586
-1.881482 1.020728 -1.881133
-2.524636 1.055822 -0.7521081
-2.505597 1.05524 -0.1463756
-2.17338 1.037408 -2.18175
-2.189376 0.9969858 0.6669071
-2.313987 1.02241 -1.840692
-2.380791 0.9907835 1.085842
-1.909378 1.005322 -0.7338958
-1.589522 1.052446 -1.099992
-2.000739 1.069366 -1.661409
-1.861966 1.056941 0.01530986
-1.811516 1.007906 -1.191388
-2.226663 1.002765 -1.27366
-2.379616 0.9767714 0.9084906
-2.152431 0.9293833 0.5547132
-2.27861 0.9778013 0.33299
-2.289524 0.9859469 -1.67688
-2.26617 0.9875182 -1.718785
-2.338366 0.9377643 -1.860196
-2.259241 0.9329191 -0.9585161
-2.028408 0.9534652 -2.471983
-2.501644 1.012451 -0.0289169
-2.30535 0.9859357 0.2483164
-2.064507 1.03665 2.229898
-2.308663 1.068128 1.585927
-1.657463 0.9854926 -1.426488
-1.644162 1.010718 1.392593
-1.893332 1.038795 1.293997
-2.132046 1.059358 -1.053616
-2.023053 1.034915 -0.06015586
-1.796555 1.009036 -1.449157
-2.079397 1.047202 -2.459148
-1.977181 1.057761 -0.06852296
-2.267012 1.049204 -1.43604
-2.701108 1.080912 -3.150105
-2.447495 0.9353556 -0.2939844
-2.093585 0.9202153 0.08273196
-2.018847 0.9469241 1.377374
-1.937903 0.9562686 3.806711
-2.122377 0.9649844 -0.5514928
-1.944265 0.9355781 -1.796242
-2.262549 0.9127325 -0.5418265
-1.993431 0.9475673 -0.05928764
-2.091294 0.9092744 -2.696989
-2.130333 0.918085 -2.356356
-2.109573 0.8939711 -1.698684
-2.488628 0.9844955 0.911115
-2.335234 0.9967804 0.9834489
-2.034455 0.9630358 -1.08973
-1.554574 0.9858896 -1.898818
-1.894644 0.9565116 1.457893
-1.545257 0.9679303 -2.373158
-1.785767 0.9400495 -1.735226
-1.710498 0.9330091 -0.03372753
-1.569661 0.9848228 0.8107765
-2.002959 1.018486 -0.100219
-1.855903 1.018247 -0.04387333
-2.000935 0.9951249 -0.7523815
-2.266789 0.9918098 -1.113427
-2.280149 1.008998 -1.150392
-1.692643 0.9406109 -1.672962
-1.947033 1.0083 2.015501
-2.252709 0.9594759 -2.484632
-1.958192 0.9743419 0.3911878
-2.509897 1.038997 1.108386
-2.509148 0.9832626 -1.700804
-2.562556 1.004319 -0.9157081
-2.053551 1.022172 -0.1613433
-1.966061 1.035598 0.2272873
-1.623851 0.9922442 -0.4701995
-1.987642 0.9713847 2.143126
-1.754823 0.9726089 -0.4412455
-1.617587 0.9960826 -1.663927
-1.993342 1.00896 -0.9527729
-2.433416 1.04712 -0.8624162
-2.233948 1.058292 -0.9865371
-2.037469 1.024704 -0.9912245
-2.537953 1.080816 -1.767135
-2.126805 1.029313 -1.768819
-1.848186 1.028503 -1.464148
-1.886543 0.9937534 -0.8948324
-1.783827 0.9726013 -1.365262
-2.242939 1.0217 -1.318502
-1.963477 1.116548 -2.05909
-2.263478 1.033986 0.9380599
-2.366733 1.078195 -1.557563
-2.24433 1.023607 -1.778253
-1.978378 1.002626 -1.955136
-1.939146 1.015135 -1.415959
-1.870527 1.026275 0.8700211
-2.039578 1.011875 -0.5650847
-2.215045 0.9890549 -0.1822448
-2.084073 0.9810865 -1.111028
-2.023403 1.012028 -2.550046
-2.527094 0.9352373 -0.8013751
-2.284258 0.9848947 -1.470973
-1.930673 0.9711361 -1.483731
-1.670035 0.9867212 0.6489939
-1.762537 0.946542 -2.116666
-2.113389 0.9338232 0.1855302
-2.091892 0.9925674 -0.2689504
-2.259117 1.03123 -0.05065443
-2.118385 1.026311 -1.95648
-2.041129 1.053283 1.574147
-2.507562 0.9779113 0.3304042
-2.25539 0.9315946 1.389975
-2.219947 0.9519133 0.03578051
-1.605426 0.9616697 0.9056079
-1.923572 0.9693711 0.06455305
-2.195589 1.044075 -0.893859
-2.232813 0.9989892 2.158993
-2.252545 1.008235 -1.950857
-2.104709 1.089952 -0.3765461
-2.053657 1.114345 -1.771461
-2.090746 1.115157 -0.4144772
-2.031514 1.110387 4.428424
-1.902478 1.104289 0.4425152
-2.162544 1.095891 -1.50754
-2.254096 1.050812 -2.303933
-2.157041 0.9712207 -1.22535
-2.239602 1.008483 -1.194512
-1.918843 0.9273667 -2.050534
-1.951347 0.9795761 -1.018161
-1.560119 1.039657 -1.547029
-1.78186 1.049543 0.1077762
-1.977052 1.059551 -0.9412988
-1.722867 1.033202 -2.487541
-2.277072 1.023011 -0.5927712
-2.171352 1.047231 0.8400393
-1.938382 0.9891549 -0.425665
-1.775788 0.9868184 -2.166164
-1.770981 1.003245 -0.4277662
-2.150925 1.000143 -2.062391
-2.402053 0.9570511 -2.008235
-2.296143 0.9252093 -1.25336
-2.314392 0.9719854 -0.4007237
-1.970604 1.00006 -0.8761572
-2.01254 0.9649546 -0.4901512
-2.260581 0.9651895 0.624924
-2.670317 0.9981644 -2.704328
-2.949873 0.9488197 -0.2998646
-2.970565 0.9538158 -0.8083978
-2.577238 0.9544605 0.1291186
-1.9923 0.9964797 -1.464809
-2.181233 0.9705576 -1.906552
-2.259556 0.9598361 -0.6253402
-1.678007 0.9505279 -1.374349
-1.810967 0.9637942 -2.857792
-2.350846 0.9712278 -1.619728
-1.923129 1.045264 -1.339815
-2.023657 0.9838703 -1.499739
-2.234812 1.038007 -1.716485
-2.009278 0.9895564 -0.7081408
-2.098556 0.976683 1.349589
-2.27991 0.95592 -1.087605
-1.65869 0.9393784 -1.175527
-1.665039 1.006222 0.2384148
-1.946183 0.9674209 1.630992
-2.003934 0.9665746 -1.480387
-2.061738 0.9681124 -1.130463
-1.882039 1.018921 -0.8336251
-1.963555 1.081452 -0.4206421
-1.97385 1.081145 -0.7186852
-1.959775 1.080656 -2.654769
-2.147407 1.048951 1.539167
-2.328437 1.123513 -2.495876
-2.246361 1.083206 -1.670787
-2.434174 1.06062 -1.219252
-2.260949 0.997335 1.457217
-2.252489 1.043206 -0.1429923
-1.793595 1.048958 -1.616028
-2.333034 1.019366 -1.87905
-1.918237 1.01616 -0.9619385
-2.423669 1.019235 -0.7788862
-2.208247 1.082333 -1.795301
-2.171079 1.021813 -1.406388
-2.094676 1.06798 -1.081988
-2.094225 1.037322 -1.320335
-2.158648 0.9996156 -0.7833314
-2.010794 0.9617223 0.1090279
-2.278559 1.061151 1.721427
-2.272317 1.087818 0.4451918
-1.988748 1.020405 1.02625
-2.153767 1.064062 -1.902846
-2.203785 1.005646 -2.263551
-2.183102 1.035046 -0.9024217
-1.637275 1.025617 -1.581759
-1.72934 0.9780946 0.1364693
-1.861066 0.9237002 -1.622044
-2.225228 0.9569345 -1.379578
-2.343855 1.005828 0.7047792
-2.173834 1.077467 -1.463654
-2.056607 1.083747 -2.166952
-1.926266 1.080946 1.477559
-2.101417 1.107733 -0.6864824
-2.079184 1.101023 -1.891602
-2.283693 1.075579 -0.6385123
-2.349852 1.103205 -1.088862
-2.269287 0.9728222 -0.3851652
-1.99489 0.939019 -1.753552
-2.12078 1.052213 0.364105
-1.785958 1.055087 -0.7141108
-1.836214 1.04737 -2.235274
-2.367036 1.01128 -1.843747
-2.141883 1.055975 -1.571823
-2.785881 1.069675 -1.511836
-2.588739 1.054871 -1.180292
-1.982091 1.028986 0.04157911
-2.373151 0.9859946 -2.855918
-1.947749 0.9876443 1.986346
-1.788219 1.026541 -2.088348
-1.697557 1.113931 0.000205923
-2.167554 1.144768 3.058091
-2.138618 1.159258 -1.578763
-1.750967 1.017655 -1.544278
-1.614028 0.9971778 -0.7000747
-1.55723 0.9864617 0.3310137
-1.833482 1.001001 -1.99481
-2.161465 1.020912 -0.8175868
-2.257223 1.031221 -2.429351
-2.198987 1.012524 2.040097
-2.210015 0.9809926 -0.3158923
-2.14689 0.9703902 1.028388
-2.254751 1.015277 -2.292041
-2.352165 0.9844764 -0.9971359
-2.352864 1.03746 -1.55989
-2.092554 0.9851333 0.3603915
-2.401532 1.06579 1.995859
-2.150908 1.038024 -1.822162
-2.0395 1.077043 0.1035631
-2.168703 1.071935 0.9761688
-1.947258 1.024627 -0.510732
-2.298373 1.067006 -1.474268
-2.601878 1.066958 -1.616228
-2.180399 1.094414 -1.780131
-2.070918 1.026133 -2.434722
-2.295176 1.057993 -0.5995168
-2.170605 1.031423 -0.7226206
-1.912722 1.000644 1.42408
-1.900648 0.9991025 -0.7207454
-2.251647 1.109759 -0.992146
-2.628498 1.06114 -1.572078
-2.065949 0.9887389 0.5652966
-2.33971 1.053105 -1.804345
-2.134213 1.041896 -2.420299
-2.119083 1.000258 -1.0211
-1.88257 0.959158 -2.029292
-2.04355 0.961034 -2.905973
-1.97731 1.010422 -1.603329
-2.202154 1.034639 2.326338
-2.05302 1.008861 -1.214631
-2.035069 1.047561 -1.624148
-1.936588 1.04963 2.868568
-1.985476 1.049616 -0.3552956
-2.00614 1.058963 -2.138772
-1.950589 1.018638 -1.638622
-2.091152 1.041955 -1.325928
-2.150775 1.08302 -0.2419202
-2.289518 1.050965 -2.31576
-2.294632 1.056949 -0.4218196
-2.02195 1.047906 0.1732464
-1.784149 1.03008 -0.8864007
-1.603245 1.068393 -1.099278
-2.278757 1.040575 -1.781204
-2.547732 1.008702 1.693435
-1.92173 1.023885 0.6175698
-2.320663 0.9865101 -0.4038599
-2.574431 1.02544 -1.293451
-2.850489 1.04197 -1.177859
-2.113946 1.044132 0.4799767
-2.402785 1.013908 -0.3361867
-2.42256 1.008332 -1.418338
-2.209219 1.072409 -0.7055193
-1.439516 1.040017 -0.2602423
-2.207241 1.035863 1.327079
-2.098573 0.9924662 0.327197
-2.043643 1.013197 -1.55735
-2.024445 0.9966267 -0.9077829
-2.330354 1.048794 -0.9601887
-2.089659 1.007104 -0.3473128
-2.277586 0.9925075 -2.095659
-2.447495 0.9506593 -0.4932111
-2.376954 0.9273275 -2.703612
-2.073507 0.9616287 -2.113876
-1.778995 1.036151 0.131283
-1.924346 1.035317 0.03197603
-2.11624 1.047845 -0.0739284
-2.423228 1.020946 -0.8947999
-1.445101 1.116939 -1.002967
-2.303512 1.045828 1.397296
-2.224828 1.005947 -2.072811
-1.9457 1.018362 -1.226349
-1.792919 1.037833 -2.02454
-2.395603 0.978143 -1.573967
-2.097095 1.05179 0.1022786
-1.802857 1.087349 -1.72524
-1.952702 1.068732 1.682301
-1.938669 1.140644 1.926786
-2.082611 1.10865 -1.076039
-2.269158 1.111138 -2.032437
-2.106768 1.058071 -1.077004
-2.496235 0.9699381 -1.578946
-2.190896 1.015159 -1.467973
-1.74837 1.046807 -0.0863752
-2.239501 1.062083 -1.599626
-2.475814 1.004698 -1.162836
-2.160697 0.9937905 -0.5929113
-1.642169 1.008382 -2.599465
-2.004373 1.052854 -1.266042
-1.930672 1.041439 3.800932
-2.56478 1.054362 -2.050463
-2.242978 1.096044 -1.649599
-2.218099 1.078101 -1.170982
-2.011186 1.013229 -1.387656
-2.205947 1.056036 0.04767583
-2.04566 1.046807 -0.4127771
-1.909445 1.053012 -1.671229
-1.786763 1.02937 1.757667
-2.338645 1.038237 -1.303082
-2.142287 1.026529 -0.604799
-2.053526 1.076472 0.7118541
-1.781945 1.082037 0.190449
-2.036567 1.099413 0.06199321
-2.065651 1.115425 -0.9129759
-2.002655 1.100345 -0.1719026
-2.141706 1.077132 -0.762121
-2.083458 1.101833 2.288985
-1.830512 1.133661 -3.227105
-2.045281 1.103415 -1.424306
-2.23329 0.9950301 0.5265207
-1.80653 0.9659854 0.9792351
-1.897599 0.9426084 -0.08430197
-2.285328 0.9181011 0.7714251
-2.165047 1.054923 -0.02709602
-2.244085 1.103511 -1.951273
-2.193303 1.024625 -1.489639
-2.302534 1.032616 -1.161973
-2.019135 1.072475 -1.146238
-2.272533 1.047405 -1.322529
-2.406548 1.057334 0.9780999
-1.994053 1.048726 -0.3033075
-2.268219 1.013178 -0.4002214
-2.319964 1.027375 1.40273
-2.453974 1.096845 -0.1503557
-2.471672 1.105696 -1.428623
-2.398376 1.113851 -0.3961028
-2.254602 1.044558 -0.6331747
-1.878918 0.9825605 -1.273889
-2.188382 1.002107 0.3402667
-2.180993 1.043883 -2.703764
-1.95295 1.0299 -0.9846653
-2.163341 1.006604 -2.030113
-1.98438 0.9258183 -2.256595
-1.995253 0.8923303 -2.058083
-2.304574 0.9316784 -0.3062516
-2.383339 1.000977 -0.7575667
-2.104841 0.9849799 -2.904697
-2.237207 1.075939 0.5094685
-2.04681 1.051324 1.0351
-1.906633 1.056577 1.677952
-2.11909 1.030946 0.9048155
-1.933852 0.9915195 -1.077184
-2.020482 1.024428 -1.737749
-1.961977 0.9919107 0.2818115
-2.114403 1.077024 -2.418423
-2.128482 1.081311 -1.105598
-2.246482 1.035632 -2.21374
-1.939926 1.073854 -1.203864
-2.112793 1.046635 -1.653288
-2.130108 1.059885 -0.4333402
-2.237575 1.091771 -0.4223164
-2.162686 1.100716 1.574252
-2.302006 1.043672 -1.662706
-2.060986 1.031189 -0.90699
-1.726533 1.035219 -1.25586
-2.246527 0.9963205 -1.992329
-2.315927 0.9876622 0.5495831
-2.356408 1.039798 -0.05593782
-1.984825 0.989352 -0.4383751
-2.226486 1.011129 -0.9143888
-1.680474 0.9982258 1.832757
-1.909541 0.9942235 -2.696061
-1.913906 0.9821794 -0.4641228
-2.159907 0.9815964 -1.430042
-1.919604 0.985302 -1.155756
-1.709701 0.9331105 -0.7217495
-1.907854 0.9814108 -0.2135224
-1.898311 1.017592 -1.382096
-1.885059 1.022322 0.4634125
-2.086584 1.027818 -0.6345543
-2.21057 1.028537 -1.938797
-2.187161 1.048607 -0.9204331
-2.152668 1.026048 -2.100613
-1.94665 0.9802634 -1.271505
-1.845675 1.021316 0.9996207
-2.143368 1.099987 -0.9833086
-2.575067 1.102162 -1.650607
-2.114251 1.065652 -2.309051
-1.9369 1.040146 -2.7361
-2.249122 1.021401 0.9787773
-2.251408 0.9745525 -0.3517562
-2.084993 0.9767624 -1.57623
-2.027397 1.029732 -1.554521
-2.330608 1.08514 -0.879288
-2.126637 1.06042 -0.9674302
-2.286063 1.103776 0.4083057
-2.132023 1.043353 -2.614421
-2.0045 1.016867 -2.052317
-2.434409 1.026365 -2.466738
-2.242747 0.9839307 -1.573117
-2.366557 0.9972467 0.1063567
-2.254862 1.022044 0.1608459
-2.071664 1.039062 -1.604295
-2.016145 1.029216 0.1261507
-2.572883 1.07173 1.297262
-2.385746 1.050894 2.349419
-2.014389 1.075522 -2.348486
-1.610645 1.056542 -1.351892
-2.356377 1.001226 0.1063355
-1.849977 1.050011 -2.168192
-1.81693 1.030726 -1.104743
-2.0132 1.039117 -1.173671
-2.151212 1.061687 -0.6342543
-2.148686 1.039217 -2.210205
-2.460201 1.046347 -0.6564589
-2.061588 1.057135 -2.103076
-2.431202 1.105144 -0.1713232
-2.452331 1.107491 0.5819781
-1.804513 1.108933 2.076131
-1.926473 1.029921 -1.103559
-2.179305 0.9693681 0.137535
-2.199538 1.015556 -2.865755
-1.9855 0.9853406 -1.646909
-1.982724 0.9996034 0.1610227
-1.653234 1.044392 -1.775978
-1.914997 1.044333 -0.3456163
-2.857253 1.058099 -0.2795512
-2.282069 1.029852 0.7124425
-2.763007 1.052497 -2.490903
-2.735506 1.019303 -1.155842
-1.938438 0.9645861 -1.827279
-2.295816 1.043971 0.4435729
-2.31327 1.096431 -0.4855609
-2.088481 1.100439 -2.331743
-2.385585 1.017629 0.3703127
-2.050147 1.007953 -1.447481
-2.5887 1.005061 1.488884
-1.829623 0.9985692 -1.423639
-1.868434 0.9879976 2.256178
-1.897129 0.969607 -1.158659
-1.98666 1.001132 -1.171581
-2.362937 1.051088 -1.45029
