"comp1" "comp2" "comp3"
0.1683311 0.007286327 6.543512
0.3545118 0.01731766 10.1403
0.3024666 0.01545127 8.32807
0.3976527 0.01943859 5.599787
0.1745461 0.008836945 3.960709
0.1828124 0.01796752 6.558462
0.1425243 0.0133682 3.934992
0.3091733 0.01607959 6.767317
0.1325161 0.01804137 4.822396
0.1285148 0.01184759 8.959076
0.03921664 0.01269238 6.583727
0.1426518 0.01832124 4.42542
0.1365542 0.008984914 5.859431
0.04468249 0.01249523 6.950347
0.2198953 0.01351378 4.107037
0.1294397 0.01558518 4.253543
0.2839729 0.01548793 3.89453
0.3299233 0.02370125 3.261531
0.1332365 0.01105142 3.092207
0.4130861 0.01204286 3.845171
0.5307423 0.0152812 3.796932
0.07911283 0.009063238 2.425454
0.09119533 0.01050822 7.579537
0.06543455 0.009359552 7.147224
0.09338825 0.01151366 5.500418
0.1193292 0.01305425 6.366662
0.2948219 0.009594937 3.254047
0.1218249 0.01557333 5.637367
0.2265219 0.01402753 3.176874
0.2922192 0.01046401 7.735104
0.1298506 0.01313343 3.433918
0.2167789 0.01226792 5.070549
0.1104051 0.01146847 7.214773
0.3902325 0.01814033 5.805115
0.1840781 0.0145493 7.817094
1.018701 0.01787233 9.900541
0.0790134 0.00831309 7.488779
0.08128483 0.01214483 5.74567
0.1187093 0.009902052 2.773862
0.2696456 0.01255666 4.98701
0.1545505 0.01298565 10.25325
0.07738838 0.01110277 5.143083
0.08836109 0.0126509 7.609134
0.1718357 0.01132423 4.543356
0.2937701 0.01646923 6.922957
0.2237303 0.01419175 3.276823
0.2300567 0.01405503 4.823056
0.1669909 0.02408891 5.274994
0.09810056 0.01234793 9.588348
0.1063777 0.01212887 3.197114
0.1144442 0.01512096 5.450957
0.4640644 0.01410147 5.547063
0.4337774 0.01703402 6.073476
0.05375012 0.0140679 6.378712
0.1413439 0.01119994 5.942102
0.2801581 0.007564655 5.749956
0.1709699 0.01268971 2.939145
0.1773098 0.01051981 8.321942
0.5880926 0.01099827 17.67217
0.1416377 0.007716821 5.944474
0.3015331 0.01645741 6.420625
0.171562 0.008969746 3.815589
0.4045765 0.01499175 3.464295
0.2545574 0.01273202 4.368748
0.05933667 0.01328029 6.808245
0.1217827 0.01515398 4.197165
0.2697023 0.009988703 4.292679
0.212509 0.009745919 8.873021
0.04308236 0.01112659 17.62651
0.3412394 0.007687992 4.92971
0.1783143 0.006842486 4.268425
0.4876774 0.007870978 6.36019
0.2455954 0.01181927 5.392296
0.4723906 0.00906111 6.104464
0.6805441 0.0117965 3.711812
0.215013 0.01012626 3.039348
0.1129183 0.01340346 3.599193
0.3216313 0.0108461 5.3239
0.3713382 0.01164305 3.279618
0.1494521 0.01522635 6.54713
0.1206226 0.01407581 5.330983
0.1995986 0.01476974 6.453314
0.2401859 0.0237655 4.075862
0.1162993 0.01133992 4.434193
0.3764525 0.0141722 5.815952
0.4641626 0.01347593 6.166046
0.1325841 0.01312828 4.463941
0.3783885 0.009464517 6.175682
0.1463902 0.008509023 4.041563
0.1694506 0.01094026 4.161269
0.1002605 0.01116044 10.36587
0.346252 0.0143809 2.973561
0.6518193 0.01645803 7.157784
0.177929 0.01442076 4.713268
0.1738161 0.01207031 4.569901
0.2596388 0.01167872 9.296877
0.06573002 0.01454614 7.040386
0.06972967 0.01038613 5.316088
0.2103931 0.01371058 4.619619
0.2155917 0.01060134 8.422261
0.4333173 0.008202255 3.37133
0.3556318 0.0136577 3.354516
0.3335496 0.01177411 9.075717
0.3708161 0.01245379 5.347395
0.07993458 0.01156503 4.802809
0.2817766 0.01187036 6.44799
0.2395087 0.01696604 4.922746
0.4170938 0.01456849 8.892086
0.1223172 0.01503912 8.882815
0.1492028 0.009149211 3.902608
0.2428758 0.008146978 9.872054
0.4831483 0.01347724 4.615967
0.3342984 0.01072218 5.291424
0.09574658 0.01467172 5.703881
0.06390551 0.00972425 4.47384
0.05256537 0.009548701 6.945868
0.2987767 0.01082265 7.779125
0.2497599 0.01014395 3.871938
0.06166527 0.01285941 2.869287
0.1555924 0.008166523 5.095788
0.2642149 0.01259615 7.217338
0.2825573 0.01475789 6.65175
0.2496004 0.007431366 5.890411
0.1562312 0.01140239 7.548389
0.2136832 0.008733945 2.533065
0.09795464 0.01532477 5.078545
0.1075137 0.01353985 3.952885
0.230265 0.01063917 5.104043
0.1149359 0.01876776 3.82976
0.2812108 0.01246165 4.889002
0.7393144 0.01844444 4.163705
0.2725813 0.01455914 6.417113
0.1386569 0.01195584 4.324602
0.2532854 0.0137998 6.204757
0.05033389 0.02076771 3.386907
0.06552427 0.01022198 12.41136
0.2699378 0.01254606 3.443429
0.08106517 0.01301993 4.904293
0.1292164 0.0272456 2.746041
0.1870771 0.02116153 8.855588
0.2045534 0.01389998 5.9315
0.1438681 0.01161141 5.986116
0.04787841 0.01342937 7.221865
0.3253394 0.01411069 7.031484
0.1155314 0.01674663 2.412623
0.2347393 0.01517353 3.172803
0.2658527 0.01775207 8.916525
0.145231 0.01299144 5.358151
0.3203571 0.01484688 3.326777
0.2635905 0.009914035 5.541746
0.1323783 0.0290961 5.430495
0.1994986 0.01315767 5.074134
0.5602628 0.01677148 9.506085
0.1832464 0.01151759 4.835666
0.3021951 0.01755289 4.796
0.1211632 0.0158579 3.261475
0.163732 0.01266257 7.743834
0.1195003 0.01113278 4.600282
0.1651903 0.02056224 9.436617
0.08459421 0.01247686 5.595739
0.1245469 0.01346104 5.832275
0.3632421 0.01137304 3.309237
0.2748381 0.008635216 4.687156
0.2081968 0.01580344 7.645157
0.08836308 0.009639153 5.641912
0.1174138 0.009673168 12.64859
0.5766448 0.01286925 7.128988
0.06976826 0.01442545 7.853911
0.1557551 0.009350873 4.8884
0.1508563 0.009393597 6.253476
0.09747434 0.01636656 7.744902
0.0779234 0.0137073 7.857999
0.2603341 0.01540141 2.720425
0.3064032 0.01366068 6.509333
0.3442381 0.02007341 6.501828
0.1196905 0.0171271 5.880622
0.336926 0.01396804 7.779318
0.5796521 0.008779154 13.07798
0.3552111 0.01201675 4.752362
0.3618183 0.01432466 3.006201
0.4257758 0.0128414 4.197431
0.1602092 0.01038895 8.68371
0.1136251 0.006600857 7.8284
0.4871619 0.01048585 3.123294
0.1903262 0.01135029 5.448836
0.3492981 0.01348052 3.223349
0.4160569 0.0121132 8.23973
0.2028737 0.007945642 6.052427
0.1999637 0.008689997 3.034668
0.2384592 0.01631238 6.432351
0.1827954 0.01291168 3.488647
0.2061041 0.009284855 3.48883
0.1726121 0.01049212 8.154469
0.1876144 0.01376052 4.921656
0.06482883 0.01183712 5.972513
0.1055136 0.01248161 4.204643
0.4645108 0.01121381 4.746196
0.2127158 0.01357945 6.78335
0.1404602 0.01211215 8.885308
0.2247882 0.01085013 7.266642
0.3570042 0.01125313 6.02218
0.380668 0.008233634 7.707074
0.1767006 0.0102244 5.111248
0.1827599 0.01688669 7.036785
0.2264037 0.009640272 8.454619
0.5025933 0.01750427 10.19673
0.1257787 0.01219144 11.73861
0.1364138 0.01465549 9.26427
0.2987401 0.01406964 4.455228
0.1892416 0.02043275 6.337332
0.1275098 0.01701509 6.045744
0.1497136 0.01440126 6.086906
0.168978 0.0150351 6.053872
0.3356786 0.02949794 5.98095
0.1502932 0.00896409 8.969628
0.0969756 0.01990489 5.328839
0.07889946 0.01235857 6.240432
0.07447192 0.007468825 4.37207
0.2281085 0.01616242 5.128003
0.09531138 0.007398818 4.409849
0.3529414 0.01712414 5.306002
0.1269225 0.01238465 5.225844
0.3006045 0.01379176 2.977179
0.4135408 0.007166394 11.21289
0.145738 0.01092495 6.349548
0.07543193 0.01315595 8.865527
0.107043 0.01373204 7.400503
0.35528 0.01466676 5.999468
0.1311765 0.01276373 7.207962
0.1162217 0.01394264 4.332885
0.1037562 0.01638223 5.437491
0.1594774 0.01930127 9.422282
0.05673522 0.02060872 8.335801
0.2803558 0.01469449 2.653164
0.1379249 0.01252581 5.243039
0.1890951 0.01499672 4.309867
0.07021034 0.01085104 9.2366
0.06846396 0.01666111 6.222408
0.09472184 0.01130289 6.751481
0.3407023 0.009661731 5.158099
0.2538802 0.01097767 5.612354
0.1566272 0.01015087 5.035186
0.3153604 0.01215611 3.097236
0.2783674 0.01829633 9.00726
0.2191586 0.01685751 4.264313
0.1384216 0.01182621 8.606863
0.1483208 0.01016061 4.006009
0.2344981 0.008758999 3.268559
0.301553 0.008769287 3.519748
0.1439031 0.01554813 5.702035
0.2223307 0.01125499 5.384605
0.1023962 0.01236391 6.720339
0.3500504 0.01187756 5.554852
0.3704575 0.01407287 8.444685
0.3250758 0.01128207 4.090208
0.2476506 0.01116744 4.212574
0.2750305 0.01681398 6.458803
0.2548429 0.0112337 8.087425
0.1216505 0.01421035 3.889
0.2858521 0.009909317 3.502088
0.06195199 0.01204009 4.764265
0.1697582 0.009695676 9.1243
0.05425295 0.00702441 6.53587
0.05892011 0.008636032 4.750962
0.1810356 0.0102819 7.717377
0.1896031 0.01883906 5.666808
0.4555296 0.008453691 4.225878
0.06713265 0.008565029 5.466794
0.1165702 0.0177945 4.397779
0.1654515 0.01728689 3.177105
0.1119919 0.01663495 7.048171
0.3441001 0.01112858 6.401752
0.1823133 0.009189526 4.344228
1.196528 0.01308764 3.569428
0.1246337 0.0104889 3.850266
0.1795102 0.02057812 5.150474
0.1539079 0.01067018 5.715327
0.3792523 0.006455627 3.893214
0.1969918 0.008144716 3.086988
0.1213928 0.0141536 5.976125
0.08980881 0.012372 4.437225
0.3160587 0.009043825 7.2043
0.2499742 0.01910407 6.183483
0.08829315 0.009202708 4.370564
0.1022567 0.0101542 6.412318
0.3683659 0.01645574 3.879436
0.2779255 0.01456627 2.774536
0.1498681 0.01203946 5.332765
0.4213786 0.01180807 4.913419
0.3648699 0.01876831 8.632581
0.04387412 0.01204426 5.500707
0.1228443 0.01910304 3.892183
0.1708262 0.01663542 7.368311
0.2139442 0.02360233 5.722421
0.2220812 0.01195953 5.217119
0.05888022 0.0158823 5.888161
0.07841935 0.01660774 8.220448
0.233256 0.01839251 6.315667
0.2259579 0.01185875 9.500294
0.08948064 0.007460774 6.010345
0.1336293 0.01151589 4.828031
0.1371968 0.01649831 6.458975
0.1876718 0.006879551 2.807421
0.06825899 0.01201827 6.557655
0.1319796 0.01298564 3.360232
0.08841986 0.0117548 6.902642
0.1635272 0.01101989 7.65685
0.2807638 0.01281307 4.259123
0.2565828 0.01273868 4.113726
0.278667 0.01109491 13.77517
0.6015283 0.00618393 3.231941
0.2402097 0.01244005 6.780462
0.2318897 0.0129938 3.583763
0.1737667 0.01279268 5.076763
0.1582415 0.009390699 3.626932
0.09244584 0.01238297 3.867462
0.1935375 0.01278612 8.552395
0.09501903 0.01283039 4.337411
0.226197 0.01153713 6.160525
0.1323835 0.01356521 12.14165
0.06371354 0.01289962 4.741486
0.4174463 0.01347959 7.536569
0.07866559 0.01658034 4.950725
0.1313733 0.009626541 7.616681
0.2520205 0.01286798 5.887349
0.3249198 0.01123124 8.654896
0.1672518 0.01247828 4.412038
0.2589808 0.01913571 7.191565
0.4761445 0.01119115 6.497028
0.09484469 0.01787126 4.873449
0.2260666 0.02530177 6.263501
0.1415226 0.01360258 4.420127
0.08657052 0.01312248 4.285374
0.1330592 0.01085667 5.697994
0.03478941 0.01010451 6.411601
0.03206427 0.01100395 5.698773
0.1207694 0.01011937 5.49739
0.2472304 0.01284863 4.4106
0.1227257 0.01041166 7.453842
0.1385669 0.009002735 9.227456
0.1822114 0.009716494 5.503298
0.2744369 0.007357807 6.490254
0.2003821 0.0102152 3.632836
0.1241856 0.01378083 3.689487
0.2303481 0.01514547 3.376736
0.175047 0.01115818 5.261136
0.1785644 0.01760628 2.883534
0.0977393 0.02018428 4.103872
0.2856733 0.01817149 5.967325
0.4054508 0.01779772 5.310914
0.1683276 0.01604126 5.429883
0.2559868 0.01647477 4.238342
0.1887355 0.01113854 4.293806
0.07401576 0.009405374 4.627503
0.1318706 0.01203491 5.64013
0.2580132 0.01479201 3.851587
0.4467253 0.009855842 6.70556
0.5404377 0.01675537 4.982482
0.1376326 0.01450189 4.25519
0.2581181 0.01695436 5.775094
0.1181327 0.0107873 9.448803
0.3841483 0.01009668 4.378875
0.09533722 0.008095831 2.905336
0.09967375 0.01401255 6.006864
0.1104439 0.01046659 6.481839
0.3573172 0.01605987 6.509627
0.2040388 0.01167682 4.4994
0.2244507 0.009597637 4.888116
0.5554213 0.01165491 5.390427
0.1196306 0.0120723 4.252645
0.1436384 0.009296665 3.223227
0.5915942 0.009696047 3.581882
0.09023871 0.01503333 4.1963
0.08062969 0.01839521 9.065381
0.2360122 0.01084144 4.676438
0.5027003 0.01526106 6.184041
0.4359584 0.01489594 4.772912
0.2256695 0.01583317 7.544969
0.07557444 0.01220443 3.097339
0.2281144 0.01014611 6.028319
0.1472496 0.01341796 7.055002
0.1882255 0.008979821 5.84691
0.2108388 0.01433102 3.878349
0.210209 0.01709472 4.121743
0.2960421 0.0154132 8.746674
0.2604213 0.01212189 2.971354
0.1655344 0.009827652 4.414181
0.1926277 0.01684154 5.147945
0.1790139 0.0155074 5.512236
0.2282692 0.01259511 3.250892
0.2168344 0.01417377 5.213602
0.1064245 0.01196053 5.007075
0.128162 0.008889817 7.29772
0.2003899 0.01145498 6.05073
0.2206591 0.006335804 9.195023
0.4089197 0.01444331 3.56095
0.1101262 0.008076991 6.954961
0.109432 0.01100988 3.270279
0.1722261 0.01449309 4.32977
0.1596116 0.0087666 4.93328
0.3490862 0.01528531 5.780977
0.205239 0.01019836 4.757976
0.2525422 0.01303546 3.843162
0.1098841 0.01179838 5.091272
0.2682493 0.01779273 4.264738
0.2419546 0.007619054 4.99537
0.1602035 0.007367375 5.8981
0.1580406 0.01137375 6.68116
0.1112484 0.01351818 5.931262
0.1556738 0.01178541 6.22748
0.1576245 0.01272299 9.584299
0.2473243 0.01309992 3.301508
0.08916351 0.01124836 4.87869
0.1631976 0.01091279 4.579589
0.2122825 0.008732189 5.313999
0.2572737 0.01520941 6.556818
0.5388664 0.02096456 2.967744
0.08063451 0.01667791 6.865438
0.2488005 0.009887663 7.847377
0.2552219 0.01260514 4.73726
0.3008037 0.01051903 11.26454
0.2825709 0.01037729 7.423323
0.1576927 0.01617674 4.565638
0.1221167 0.01816585 5.236156
0.2038756 0.01481927 6.376832
0.124785 0.02163991 5.69684
0.4617633 0.01354785 8.259787
0.4143697 0.009068607 7.392063
0.1374484 0.01614963 4.188945
0.3547106 0.01303793 3.142288
0.1026841 0.01128852 4.831931
0.08977271 0.01322257 4.824172
0.2320714 0.02006048 4.615334
0.3406619 0.01987221 3.481922
0.5608808 0.01574244 6.067403
0.1865507 0.01390083 7.738001
0.3352852 0.01889306 3.960395
0.2085976 0.01411888 3.89163
0.4644671 0.009088137 4.357435
0.2001851 0.01474702 4.0202
0.6712244 0.007788971 8.391382
0.5704831 0.01592096 5.202564
0.2868652 0.008351492 5.577192
0.3760808 0.01423759 10.43112
0.2531597 0.01926719 4.517444
0.1076306 0.0133089 5.680948
0.1571144 0.009503671 5.815991
0.03859949 0.02267335 11.62016
0.1524065 0.01528137 3.732762
0.6815215 0.01027747 7.252321
0.2995347 0.009761864 6.900557
0.1727687 0.01514829 4.379656
0.1479848 0.009055613 8.506238
0.255742 0.009888622 7.260996
0.3552279 0.01615938 3.309152
0.4051164 0.01846642 4.607335
0.249503 0.01799378 3.746286
0.1702186 0.01265362 8.040935
0.1929135 0.01081891 8.751631
0.149477 0.01348643 6.174389
0.1725014 0.01479662 4.526749
0.3458833 0.01822479 3.666645
0.155896 0.01253931 6.190092
0.219496 0.01199687 5.01688
0.4338643 0.01137026 3.983733
0.1020265 0.006280132 3.609974
0.2043807 0.009244609 5.365389
0.2522789 0.01031381 2.61744
0.4223405 0.009818152 3.184039
0.1540312 0.008531754 4.381946
0.1846944 0.00651272 6.999733
0.06266811 0.009610349 6.87717
0.1568772 0.01458041 3.842743
0.1431655 0.01358326 4.71525
0.107259 0.01192421 7.855076
0.05011981 0.01776329 4.395709
0.1052229 0.009465902 7.345194
0.1294297 0.01312744 3.835878
0.29958 0.009513925 11.39921
0.1742129 0.01476094 4.930406
0.3853087 0.0179129 7.641967
0.3053321 0.0126269 2.769822
0.0810908 0.01306918 6.969614
0.2414434 0.009533103 5.928502
0.3787987 0.00894653 6.348854
0.1501118 0.0133629 5.17987
0.1790004 0.01444484 4.688207
0.2641434 0.01288839 3.747924
0.344083 0.01615395 6.932884
0.3815326 0.01578432 3.284337
0.4689801 0.01255091 5.233641
0.2280824 0.01389121 2.873396
0.2094054 0.01327208 5.993174
0.1202557 0.01344257 4.036961
0.1111716 0.012865 4.805811
0.1542714 0.01243948 3.203606
0.1458817 0.01061027 4.232671
0.281894 0.01409001 3.118045
0.103166 0.02051095 6.999139
0.099885 0.01570792 4.606563
0.3977875 0.01267336 5.99432
0.4986221 0.0125334 4.985988
0.09029579 0.01380069 4.755898
0.1781739 0.01203351 3.674413
0.1939754 0.01037309 2.622769
0.1930368 0.01512526 6.613608
0.5295393 0.008237946 5.326361
0.2312587 0.01450628 6.209414
0.1195376 0.01409495 2.348529
0.07348673 0.01955808 3.569127
0.1158274 0.0128842 9.814231
0.6028656 0.01026821 10.6753
0.1160356 0.01063777 8.380702
0.6723371 0.009843031 5.55594
0.551832 0.01715177 7.624176
0.1426037 0.01835946 8.360485
0.09065353 0.008737957 13.22566
0.147183 0.01302511 7.110665
0.1083442 0.01776309 5.489048
0.09563128 0.01672071 3.396851
0.1916519 0.01805077 5.105923
0.1704933 0.01221584 6.629743
0.2525483 0.01410286 4.410739
0.1595629 0.01356382 3.966739
0.2129626 0.01234746 4.386332
0.06179977 0.01077297 4.889889
0.1787235 0.01145372 4.100509
0.2559983 0.01108308 5.972127
0.1979277 0.01254553 6.817601
0.1297977 0.01381948 5.592656
0.1107311 0.01139459 5.832581
0.1328264 0.0141694 3.481539
0.6760998 0.01459314 3.602404
0.463058 0.01527323 6.456385
0.4763259 0.00753459 7.272587
0.4506955 0.009943231 4.957883
0.1895315 0.01000428 5.378945
0.09538411 0.01179593 6.095937
0.3084388 0.01026877 2.716504
0.1156605 0.01075824 3.329641
0.2683545 0.01482966 3.160457
0.1105205 0.01637492 6.283129
0.203024 0.01060682 5.712077
0.1499964 0.01250004 3.220326
0.2236663 0.01326313 3.274757
0.1083708 0.0116691 6.788875
0.2023763 0.01387645 7.511409
0.1449192 0.01324717 6.512221
0.1929689 0.01035925 2.956402
0.3124013 0.0132046 3.077941
0.100619 0.01281519 6.987965
0.2511761 0.02195489 4.703178
0.1455 0.01725418 5.81968
0.4008552 0.01821257 3.656994
0.1776875 0.01353548 4.578741
0.1859664 0.01945272 3.482828
0.18765 0.01434783 5.761359
0.3539856 0.01595408 6.38251
0.3085196 0.01502697 3.145529
0.2058976 0.01079124 4.555447
0.1666032 0.009236183 14.08394
0.1404554 0.01374531 6.214364
0.4399004 0.0100611 9.494882
0.09446714 0.01340788 4.02531
0.09426725 0.01480851 4.769636
0.08775927 0.01771563 9.4366
0.1121134 0.01361832 3.850741
0.1049962 0.006529121 4.014197
0.08116681 0.01144361 2.860924
0.2415074 0.01196991 5.51852
0.1756329 0.01186142 6.910278
0.1864697 0.01107946 4.569018
0.1706454 0.009060485 6.129775
0.2538756 0.008491557 2.762906
0.05688781 0.009450408 5.160327
0.2210603 0.0171196 5.819105
0.2721476 0.006829224 5.782328
0.11629 0.01138355 7.845672
0.1505575 0.009740832 4.803685
0.3050336 0.01481163 6.334206
0.1920636 0.01579525 8.301199
0.1823781 0.01031547 6.287659
0.2139333 0.01210049 5.685441
0.1740128 0.01774176 5.368114
0.2546696 0.01683744 3.859868
0.1717593 0.01502055 4.265331
0.1010375 0.01238107 6.184505
0.0984559 0.01539773 7.219964
0.1090991 0.009783221 4.456586
0.1055242 0.0104491 2.891306
0.1358269 0.01662098 7.461264
0.05327556 0.01484966 6.277604
0.1263798 0.01400004 3.78002
0.1477065 0.020883 6.340554
0.1316002 0.01111585 8.144372
0.4708625 0.01081236 3.283764
0.09004625 0.0180596 5.807128
0.472645 0.01149455 3.586116
0.2957714 0.01416936 5.101328
0.3035072 0.0207363 3.877099
0.6147076 0.01405195 3.809922
0.1760589 0.008860789 4.771635
0.09224125 0.01358684 3.088273
0.1853188 0.01452221 4.506965
0.09813267 0.01671524 6.519461
0.07485569 0.009758832 5.145539
0.2058552 0.01234769 5.969415
0.08051104 0.007479383 8.362527
0.131013 0.01195311 4.209134
0.2267707 0.01052341 6.985442
0.3478409 0.0140777 4.301101
0.2377885 0.01295728 7.215793
0.2244419 0.01054401 3.664727
0.0495359 0.01021733 4.027558
0.06162445 0.009423537 3.729142
0.1978263 0.01132801 4.041028
0.4816954 0.01817573 9.998453
0.1805644 0.01409123 8.424936
0.3844837 0.02056271 4.201745
0.2106356 0.01066839 3.541325
0.3541447 0.01241963 5.246874
0.4245454 0.01143507 4.291756
0.07466478 0.006273395 2.24166
0.09948711 0.008331341 4.690189
0.05611812 0.01216607 6.318512
0.1136414 0.00883932 8.833697
0.1601556 0.0113676 3.919236
0.1192142 0.01076228 6.110245
0.2075137 0.009659856 6.998727
0.04285291 0.01473204 3.223282
0.1771613 0.00893742 4.304261
0.126346 0.009464264 2.968861
0.4550528 0.01092907 4.237668
0.4983067 0.007829865 5.339426
0.1421021 0.009191744 5.392428
0.348784 0.01188132 4.881119
0.2236023 0.01304953 10.94227
0.333856 0.01604306 3.047472
0.2166419 0.02189107 4.891733
0.3146937 0.01400142 4.38904
0.07040664 0.007277422 5.185552
0.2095882 0.009275896 7.953255
0.2306115 0.01077432 3.031115
0.2384492 0.01426376 3.50698
0.4956021 0.018648 2.904695
0.07872177 0.01955075 11.67414
0.1347652 0.01603638 8.665021
0.3115316 0.01146946 5.972629
0.1196278 0.01089666 4.273312
0.2224324 0.009627449 6.090067
0.1107907 0.02011957 2.949404
0.2484623 0.01170557 3.89438
0.2445476 0.01917887 5.038534
0.3534892 0.01236887 4.177182
0.1647465 0.009892485 5.268711
0.1972262 0.01782231 7.748751
0.05160605 0.01461524 5.032532
0.123904 0.01793946 6.163488
0.3115316 0.01319963 4.76752
0.5283456 0.009533215 6.660683
0.1194934 0.01364168 6.447773
0.09928941 0.01111152 4.601722
0.1099125 0.009205527 9.163537
0.1068379 0.01055066 6.473889
0.2501139 0.01013382 4.834795
0.2405301 0.0124767 3.094032
0.4814845 0.01994986 8.375063
0.2983792 0.01016677 7.956235
0.4323499 0.008405903 7.185406
0.6047347 0.01537748 6.603192
0.4237858 0.01431971 3.410242
0.8624657 0.016508 3.417959
0.3251944 0.02159342 3.824566
0.1178962 0.01081249 8.359049
0.1602647 0.01142212 9.969717
0.4420803 0.01582753 4.943627
0.08032349 0.01805709 2.582398
0.1507309 0.008424779 5.06655
0.33234 0.01508565 4.224399
0.1094464 0.01327924 8.906575
0.2717349 0.01441715 4.59377
0.1026449 0.01546969 7.121814
0.1023599 0.009768763 5.324872
0.3478762 0.00432699 5.756545
0.2718451 0.009233629 6.526765
0.1450282 0.01045947 8.543913
0.144526 0.01206226 5.846071
0.1031482 0.01443177 11.67421
0.09611081 0.02310302 12.83353
0.1755088 0.01917699 3.609716
0.2540482 0.01346761 5.701881
0.4658432 0.01140917 3.628217
0.3709777 0.01941617 6.445282
0.2419251 0.01381476 7.65226
0.2512888 0.01130128 2.709662
0.1420708 0.01242214 10.1157
0.177297 0.008395683 3.595597
0.6555524 0.009507567 5.132554
0.305967 0.01059427 4.043602
0.2225335 0.01414443 5.630758
0.09890283 0.0118486 5.536874
0.1221874 0.01205102 5.561053
0.4321054 0.007383291 5.15004
0.3182572 0.007883325 7.939596
0.06786949 0.0128839 3.848196
0.2568307 0.0109813 16.98354
0.2298096 0.008972886 6.980998
0.2020318 0.01370304 4.792391
0.2039238 0.01333228 6.020841
0.1580702 0.01055112 4.317992
0.05728509 0.01524604 5.800564
0.1416341 0.01359964 5.233892
0.1335431 0.01096563 4.878778
0.5416276 0.01405523 7.610438
0.1741717 0.02067953 6.499837
0.1793006 0.01128387 5.428212
0.1229988 0.00983738 5.762154
0.3176055 0.01371859 8.864761
0.1927336 0.01489856 4.773389
0.08668174 0.009306257 4.186734
0.4349467 0.01800059 3.612451
0.5065953 0.01172779 6.690551
0.190445 0.01105677 4.975575
0.3082182 0.008400225 5.533419
0.06000893 0.007470258 6.278175
0.1924367 0.01402583 6.556361
0.0537818 0.01508861 4.000227
0.2638098 0.02175857 3.014762
0.2731382 0.01772432 5.075281
0.3067756 0.01369858 4.101708
0.09255486 0.0112037 7.297938
0.2457463 0.01278885 3.367233
0.3423562 0.02063565 4.803503
0.1678088 0.014108 2.604325
0.6023178 0.01580406 2.904849
0.2820409 0.01132978 9.022635
0.07057326 0.01531064 6.248728
0.1443793 0.01573292 5.896022
0.228149 0.01491007 6.293794
0.1797165 0.01207627 4.857954
0.09883623 0.01040848 4.874869
0.1657107 0.01219316 7.63062
0.177295 0.01292063 4.120556
0.5460616 0.01281961 3.37162
0.4800035 0.007877927 4.219983
0.2420575 0.01353106 3.337778
0.1332288 0.01544497 7.194016
0.077995 0.01519813 2.857016
0.03091338 0.01543601 6.871688
0.1937026 0.01123302 5.025606
0.3642458 0.01198359 5.119575
0.1904738 0.01461375 4.289514
0.06371159 0.01601487 4.582173
0.03182041 0.01057096 6.369894
0.393438 0.01182309 3.116892
0.0794929 0.01564768 7.055031
0.2229139 0.01140254 10.04395
0.5447523 0.01210418 4.810769
0.1682313 0.01008079 5.227375
0.2356584 0.01109482 8.429394
0.3952984 0.01544691 6.276374
0.4789945 0.01350821 10.09674
0.4525345 0.01362325 8.002852
0.1959377 0.01339728 3.501438
0.349678 0.01483694 4.096366
0.1270445 0.01223951 5.628998
0.05381298 0.01069896 6.079903
0.1001323 0.007464063 5.73565
0.08379744 0.01223024 3.991106
0.1495617 0.01282704 6.396501
0.3038889 0.009472631 3.598228
0.1952138 0.01202667 5.321891
0.3824155 0.01150896 2.941711
0.3942485 0.01920426 5.096722
0.2280086 0.01256915 6.245269
0.2615654 0.01808212 5.876116
0.4873013 0.01259352 4.645467
0.1166406 0.01110175 7.002427
0.09233237 0.01321769 7.035085
0.2637355 0.00936008 4.582624
0.1590106 0.01248987 6.281205
0.1744866 0.01506308 4.320819
0.1924184 0.01492694 4.922186
0.3051865 0.01782445 5.360411
0.3787028 0.01237857 6.967142
0.06288353 0.01158563 6.361546
0.2162833 0.02053942 8.738636
0.1401147 0.01319161 9.288112
0.3340082 0.01344657 7.832472
0.1160884 0.007445768 6.294463
0.08455298 0.01587185 7.198195
0.2140018 0.01103236 3.350028
0.1101541 0.01191836 5.412584
0.1633656 0.01283641 6.10522
0.2278888 0.01791222 6.465574
0.148592 0.01116196 3.515715
0.1019202 0.007749314 5.153292
0.1108774 0.01371281 3.820544
0.4156283 0.01464925 3.023765
0.08583092 0.01728047 5.698428
0.1375906 0.01344302 4.831795
0.06861843 0.01731417 6.267663
0.1423907 0.01851579 2.991057
0.1307208 0.0163205 7.052154
0.1187631 0.01439737 7.683676
0.03534977 0.01737772 3.04415
0.1168537 0.01188307 5.848573
0.2603771 0.01845778 6.707002
0.5016994 0.01039293 4.968675
0.2670031 0.008934826 3.855227
0.2141706 0.009692961 5.680892
0.2498593 0.005716159 5.363406
0.2172168 0.01401732 2.896657
0.1012716 0.02136533 3.609837
0.08149306 0.01463261 5.220322
0.2210999 0.01484271 6.20397
0.084363 0.01421792 6.086678
0.1966718 0.01165031 10.89577
0.1342956 0.008589995 8.380745
0.1298798 0.01163404 19.0341
0.06767181 0.007993241 4.859297
0.1256139 0.011334 6.556004
0.06414874 0.01120684 9.175258
0.1498491 0.01296318 4.521221
0.3874509 0.01671997 5.509863
0.3247896 0.01622417 4.82388
0.2197559 0.01938173 7.611144
0.2063606 0.01156711 6.501959
0.07253695 0.0172913 3.188753
0.178042 0.01390598 7.265436
0.1046418 0.01442933 6.969615
0.05175191 0.01611246 7.238033
0.07670245 0.009145712 7.533267
0.2578865 0.008911536 3.311984
0.104044 0.01333008 5.3618
0.191296 0.009148747 5.242924
0.1586517 0.0136852 6.197129
0.2094787 0.01439498 6.048718
1.020884 0.01148618 8.710265
0.2330879 0.008862497 2.616516
0.5553623 0.008801523 2.668258
0.201055 0.0120402 4.180654
0.2087075 0.01357373 4.046396
0.1183438 0.01761321 5.777784
0.09134243 0.02375036 5.631902
0.1474727 0.01492171 5.073422
0.3602157 0.01434239 7.638723
0.597134 0.01280775 5.558724
0.2778283 0.008358799 4.013433
0.5220077 0.007737743 3.789259
0.2790089 0.01352075 3.422484
0.1495959 0.007362311 5.220494
0.3313274 0.01154639 8.550216
0.4129512 0.0130812 7.992878
0.3503933 0.01508017 5.419734
0.1811304 0.008584057 6.257858
0.1080265 0.007410777 4.813589
0.09980405 0.01344371 4.196919
0.1253372 0.0116173 7.488843
0.2298382 0.01291093 3.524332
0.2716433 0.009185535 6.983014
0.2166546 0.01966377 3.00215
0.1251544 0.0148206 9.351596
0.1039971 0.01131247 5.387316
0.1592235 0.01353932 6.71417
0.2951931 0.01653208 9.134573
0.1210946 0.01409193 8.112463
0.2739637 0.007310155 5.494092
0.1823302 0.01578934 4.715719
0.201402 0.01052433 7.513573
0.1260274 0.01287301 7.873563
0.07978031 0.01540883 4.364458
0.2635582 0.01451741 8.05601
0.1154161 0.009517373 5.722455
0.1979041 0.01159523 4.429901
0.1660166 0.01049817 4.884143
0.1573469 0.01086753 4.013714
0.2442645 0.009985892 3.906572
0.3110456 0.01845606 3.841071
0.1900464 0.01404386 6.005164
0.4027103 0.01486421 3.824057
0.2599595 0.01706916 6.702193
0.1048708 0.01525678 11.20104
0.1543455 0.00865592 3.200074
0.2021027 0.007261403 3.775584
0.0746297 0.008094143 5.948684
0.1643344 0.01253592 5.936927
0.1020702 0.01716419 10.00288
0.1250417 0.01268634 5.361437
0.2469769 0.01252452 6.080822
0.1200831 0.01099546 4.873102
0.1311545 0.01349218 5.990047
0.305994 0.01560776 7.545571
0.06091594 0.01318317 5.103331
0.09968109 0.01971285 4.510969
0.07202239 0.01276309 4.61407
0.5172976 0.01078096 3.380453
0.1772607 0.01650241 3.608138
0.2943826 0.00950556 4.466872
0.5322863 0.01187843 2.669912
0.2679263 0.0184956 7.397559
0.2002599 0.01112825 5.422702
0.246466 0.01327136 5.857395
0.2135368 0.01056984 3.395977
0.363457 0.01489171 3.650608
0.1513754 0.009245354 3.874256
0.1024747 0.01110526 6.057215
0.1741765 0.01303386 4.50417
0.09237732 0.006000034 3.244748
0.06475504 0.01386197 5.732149
0.09621 0.01169023 3.107231
0.218047 0.01237873 7.945377
0.2795655 0.01718557 6.1816
0.3291025 0.01183877 6.730131
0.2176757 0.009139071 5.356373
0.1549708 0.008724787 10.68315
0.08870735 0.01063647 3.372011
0.1610154 0.01552141 3.293
0.2727847 0.01158786 6.03753
0.207312 0.01263664 12.31914
0.1576278 0.02461217 9.050059
0.2862666 0.0146356 4.569065
0.1184941 0.01093799 8.392899
0.1339835 0.01249922 8.220547
0.1819551 0.01293942 4.434797
0.1589258 0.01114016 5.976226
0.1481128 0.01385514 5.416079
0.153205 0.01522393 3.774054
0.1174256 0.009627856 3.591845
0.2263934 0.007689048 4.673351
0.3151718 0.0156698 9.807514
0.05295624 0.01181339 5.028345
0.1176862 0.01008742 10.11439
0.1332348 0.01122432 6.029767
0.2359797 0.01203666 5.94158
0.2550471 0.02388542 8.993368
0.078665 0.01802116 4.367577
0.1568153 0.01402556 5.89143
0.1236714 0.008646605 12.04821
0.3438315 0.01658718 3.823913
0.3398285 0.01363341 4.625259
0.05546269 0.02153993 5.839664
0.1777568 0.01272188 5.88522
0.1678138 0.008813142 4.770597
0.3353975 0.0110798 3.843514
0.1758511 0.01197131 5.536584
0.1698251 0.01087619 6.654133
0.1313318 0.01556693 6.436336
0.119344 0.01575336 8.668925
0.2553521 0.01557245 6.548962
0.06948178 0.01225529 4.123308
0.0175862 0.018953 7.903696
0.1127747 0.01083488 6.864692
0.3203849 0.01276277 3.495524
0.0711631 0.01514874 6.022999
0.2906755 0.01296394 5.09852
0.1014849 0.01252816 3.694725
0.09377194 0.01781613 6.258719
0.2483032 0.01347765 4.598661
0.4342446 0.009869859 4.764737
0.1470935 0.01251972 6.118528
0.1638576 0.0176219 4.175899
0.09550043 0.01682836 7.961302
0.1042411 0.01324354 3.343927
0.1153414 0.009744833 4.634883
0.1444244 0.01457731 4.025009
0.2672294 0.01267886 3.894884
0.456679 0.01156027 7.000628
0.1188584 0.01049197 5.698455
0.1025298 0.01538661 4.419584
0.07678705 0.01090909 6.755641
0.1931703 0.006377181 7.003941
0.1849367 0.01129948 3.436966
0.1360288 0.01494434 10.0864
0.4235098 0.01892941 2.879931
0.3257243 0.01696282 8.48963
0.3680835 0.01318032 6.987832
0.03873692 0.01886889 5.421486
0.1303637 0.009179107 3.954096
0.1895942 0.009184259 5.840302
0.08068502 0.01217728 4.032047
0.02150986 0.007109804 3.631511
0.15667 0.01806889 5.574405
0.1127644 0.008645589 4.844846
0.3860985 0.007043226 5.824602
0.3221423 0.01294401 2.526341
0.1815148 0.009747341 4.670925
0.4348537 0.01364012 4.598925
0.3978539 0.01124713 6.311668
0.1329979 0.01374816 17.08149
0.275717 0.007862424 2.748801
0.2492361 0.02340241 4.810486
0.2888352 0.01208665 5.633936
0.3012067 0.01284103 6.064868
0.1148128 0.02057096 4.786366
0.1071621 0.0137083 9.047023
0.5564324 0.01126759 3.987972
0.5631558 0.0101658 5.974595
0.1087885 0.00879098 7.24408
0.2080966 0.009546667 7.982054
0.406766 0.008950833 3.386878
0.179012 0.01329347 4.760332
0.0610385 0.01472887 9.28823
0.2370943 0.008036249 7.983864
0.4533 0.01098185 7.551263
0.286289 0.01130584 5.07028
0.2606721 0.01246963 6.625885
0.1551083 0.01988688 6.122129
0.1359902 0.02266893 4.560902
0.1237839 0.01249492 5.209015
0.1206813 0.01157303 7.038819
0.2938897 0.007652561 6.00164
0.1188921 0.009479261 5.670434
0.07653743 0.01863854 7.48125
0.3498035 0.01555339 5.570005
0.2366625 0.01046146 4.239606
0.04234896 0.01187865 6.859149
0.177661 0.01688736 6.611951
0.1242673 0.0138122 5.194119
0.1358607 0.008618289 4.685401
0.2155007 0.01202872 5.728295
0.5024456 0.01686789 7.594989
0.3219795 0.008559958 7.211608
0.1141692 0.02042856 3.285828
0.2633972 0.01993858 6.422025
0.1411552 0.01134812 4.34113
0.1629912 0.0185918 6.206593
0.2349326 0.01384184 5.269401
0.1212385 0.01904928 8.445123
0.2298906 0.009771016 3.965406
0.09247444 0.009390461 6.40984
0.07882947 0.008481794 4.785076
0.2910422 0.007569358 10.01738
0.2623411 0.01269894 7.726473
0.5767472 0.01051707 3.231985
0.3166629 0.01030815 8.727629
0.0569497 0.01680838 4.543645
0.09879883 0.007856211 5.214439
0.5102276 0.007873469 10.66518
0.1547331 0.01251396 5.897261
0.0797394 0.01032244 4.03769
0.09995221 0.01211878 6.928637
0.9191068 0.01078123 3.105164
0.2095775 0.01347317 14.85489
0.824788 0.0165666 4.234941
0.3581021 0.01384357 11.60251
0.1428304 0.01951977 5.527632
0.1725727 0.01425868 5.48307
0.07321375 0.01590843 5.824577
0.1087713 0.01076913 10.99767
0.08192676 0.01073443 6.072099
0.06876203 0.01342843 7.734516
0.08996459 0.02308896 4.514134
0.2240504 0.01674109 5.689322
0.1412746 0.02124514 6.563189
0.2066318 0.01603098 8.598645
0.8715068 0.01199937 3.422595
0.1239763 0.01467912 5.864449
0.2035391 0.01661437 9.015431
0.1312339 0.01369143 3.352794
0.09877184 0.01012081 9.345312
0.1041835 0.01351114 3.293195
0.3469845 0.02106552 5.064983
0.09736628 0.01668777 13.06596
0.05516346 0.01366434 9.087179
0.0994352 0.01260859 6.076537
0.07471493 0.01499993 4.99456
0.3594855 0.007694545 4.313174
0.0959617 0.01709265 3.063381
0.1331562 0.008659444 7.619024
0.1813059 0.01177183 3.81172
0.1972709 0.01546939 6.099687
0.2183514 0.01877675 3.964979
0.7677205 0.01072597 2.906633
0.1607186 0.009508921 6.196735
0.3769476 0.01134934 3.570996
0.5053617 0.01083177 3.471227
0.4753047 0.01793015 4.59311
0.1348072 0.0106077 5.558854
0.28144 0.01720643 8.142492
0.8641584 0.01480768 2.729062
0.3326275 0.01779192 6.775112
0.1924508 0.01189694 5.355938
0.6486645 0.01352972 8.814227
0.3381106 0.01688635 5.344155
0.1596053 0.02558054 8.606084
0.3004975 0.01273446 3.55696
0.4057843 0.01176806 5.882255
0.672009 0.01339572 3.364095
0.267596 0.01574173 5.080808
0.2159982 0.01312664 13.47559
0.1582735 0.01404331 5.743291
0.1697936 0.01021359 3.786498
0.1248555 0.01681261 5.64781
0.4581998 0.007195009 6.604179
0.1338263 0.006708757 7.774321
0.1411851 0.01670995 4.012894
0.07752834 0.0133738 9.066461
0.1669768 0.01289209 5.141937
0.2227949 0.01043492 3.826376
0.2458048 0.008264225 5.207076
0.7231969 0.008915378 7.195105
0.2950291 0.01199884 4.339297
0.3027769 0.01397596 7.700179
0.1383426 0.01473858 5.244842
0.2918106 0.007542348 3.53594
0.6843095 0.01039976 7.184504
0.08006937 0.01725819 6.415597
0.09310451 0.01318774 9.125988
0.4804473 0.01049455 5.322446
0.2614024 0.01532185 5.898257
0.1083603 0.01566683 3.508523
0.2936135 0.02017817 4.325056
0.1974299 0.01521324 6.028549
0.1896988 0.01169401 6.990589
0.2718159 0.01195721 11.33088
0.1884602 0.0136924 3.621878
0.1436052 0.01334198 3.747191
0.06020221 0.008658615 5.649805
0.3520333 0.01447953 6.378159
0.1480335 0.01607912 4.588854
0.1224259 0.0118819 4.698001
0.03248406 0.008762897 2.872849
0.1823342 0.007694288 5.029475
0.08994831 0.01504287 4.17742
0.2428378 0.01390732 3.993648
0.1611068 0.01067649 5.835371
0.2648587 0.009028576 7.738728
0.1661232 0.01487057 4.411678
0.1132164 0.0146797 6.08164
0.1296828 0.008980775 4.319722
0.2351534 0.00879425 5.472698
0.2276768 0.009096509 10.7739
0.3439687 0.01066386 12.42218
0.0783668 0.01020076 8.103765
0.1936929 0.02048783 3.860034
0.266535 0.015755 4.056439
0.1807889 0.008089743 6.824303
0.1981233 0.0153267 11.28765
0.4614156 0.008410284 5.047113
0.2438606 0.008258048 4.723299
0.1602885 0.008322598 6.351517
0.2356076 0.01283348 3.337163
0.7936751 0.02115173 5.705323
0.1585945 0.02050356 5.916959
0.1577144 0.006661479 3.712739
0.04235666 0.01013319 3.400073
0.1109568 0.007178977 8.783418
0.08264964 0.01286553 4.111216
0.3704199 0.01696985 4.65962
0.2035768 0.01110955 3.147121
0.1642295 0.01913872 3.786865
0.142743 0.0122417 5.912724
0.181271 0.01144015 3.930773
0.1892901 0.01663101 6.58573
0.365804 0.008488648 5.889879
0.2956561 0.01752975 7.295999
0.1649921 0.01555438 6.128734
0.08512497 0.009761565 5.356634
0.1516858 0.01281457 7.437978
0.2712799 0.01356526 5.656367
0.1428413 0.01090564 3.009735
0.1032665 0.01996543 3.922847
0.1251901 0.01792354 11.19627
0.4877608 0.0154168 4.521085
0.1740026 0.01021688 3.688453
0.3242458 0.02140665 2.944627
0.1610728 0.0102839 2.798843
0.1237783 0.01550305 5.458704
0.2506328 0.01147167 3.195554
0.2054534 0.01389573 6.824783
0.1127238 0.01403256 5.066032
0.3770434 0.0139962 5.504886
0.7801372 0.01156501 6.063436
0.1997383 0.01576433 7.192727
0.2078649 0.01035925 4.504062
0.4030543 0.01444115 5.039807
0.5142315 0.01057785 4.251226
0.296299 0.006609362 6.133883
0.3811426 0.01218544 7.745628
0.4079538 0.01305653 5.688483
0.3069782 0.009434735 7.356852
0.07848342 0.01089164 12.4717
0.08545088 0.01313204 2.669967
0.09087868 0.02117558 5.114832
0.1957031 0.02134506 7.18894
0.2887997 0.01881366 4.73273
0.1558913 0.01195336 7.11583
0.08392446 0.01466136 6.075499
0.1651192 0.01887145 5.711819
0.3535508 0.007436355 6.066736
0.2359146 0.01508478 5.752663
0.07101592 0.01287518 15.85632
0.09744915 0.01105693 6.432498
0.2816819 0.01582687 5.445812
0.1453398 0.009964472 3.269747
0.1348335 0.01008301 5.542035
0.5418852 0.01356936 4.387679
0.2329944 0.007437977 9.414861
0.237156 0.01530565 4.520971
0.3727898 0.01869957 5.833783
0.1277574 0.01966603 5.188641
0.426176 0.01316904 4.971351
0.147951 0.0129541 5.484856
0.4505445 0.01350953 6.023769
0.1139733 0.01205596 4.694504
0.1122609 0.01450754 6.836533
0.05896154 0.01259269 6.732765
0.3958786 0.01034925 7.00013
0.1312356 0.01211545 4.809523
0.3017627 0.01117418 5.924198
0.2007423 0.005738332 3.862216
0.3687373 0.0120686 3.009525
0.8778305 0.01575545 5.727134
0.326545 0.01860731 5.294448
0.117043 0.01307942 4.685184
0.6315766 0.01497007 4.119525
0.1721727 0.01536489 3.062395
0.3036241 0.01307778 5.984429
0.2805901 0.009856219 11.22522
0.4257875 0.007607794 4.386885
0.1724401 0.01142825 5.159873
0.5364534 0.01206075 7.515362
0.1476014 0.01009282 3.860374
0.1981602 0.009576271 6.079532
0.1008939 0.00955215 8.940492
0.4607756 0.01265205 3.3646
0.1680425 0.01081456 3.486624
0.1947967 0.01828411 6.943043
0.2939301 0.02053199 4.038893
0.1685039 0.02414748 3.205308
0.4813633 0.01164343 6.477371
0.1118307 0.01705894 8.97507
0.255357 0.01161543 5.921915
0.3176643 0.01192262 5.291807
0.1953963 0.01173739 7.717487
0.08401374 0.009073456 5.179883
0.1857597 0.01290743 5.401081
0.1839688 0.01129004 5.067722
0.2675937 0.008270703 3.647761
0.1663494 0.01464753 6.784082
0.156731 0.01865467 4.7341
0.08451684 0.01657806 5.961091
0.3845995 0.01084175 3.952032
0.3777529 0.01627111 3.231471
0.2835927 0.01087962 6.625169
0.1909399 0.009532642 6.675173
0.09940126 0.00974091 4.420948
0.2539556 0.0180801 3.308904
0.1163848 0.01483532 4.648608
0.06473533 0.01718868 6.305467
0.25854 0.00909077 3.567174
0.1332105 0.01025244 4.316322
0.1509114 0.01025341 6.909485
0.3752068 0.00818171 5.279089
0.5901624 0.01248443 3.49704
0.1239514 0.01274481 3.913331
0.1611094 0.01502991 4.918121
0.227416 0.02211795 2.953518
0.1827678 0.008839077 4.432409
0.08941137 0.01423916 6.688948
0.1525722 0.01267511 6.922901
0.2305083 0.0147697 3.541321
0.2574013 0.01321279 2.908387
0.1696421 0.007262148 4.596954
0.1797523 0.01645256 7.370216
0.1125334 0.007102987 4.078514
0.4941159 0.01536409 4.442117
0.06266519 0.02161032 7.25351
0.142145 0.01447327 5.025399
0.2982743 0.0104734 9.155452
0.2090249 0.01344951 7.185721
0.2531368 0.01249954 4.392897
0.2332832 0.01227592 4.892908
0.4763873 0.00974119 3.358232
0.1393433 0.01433784 4.101846
0.3418512 0.01082833 5.067802
0.3013119 0.01187964 4.840393
0.4014177 0.01288139 7.038762
0.3495422 0.01135418 7.68142
0.2620515 0.01912222 5.051561
0.3973549 0.01087395 3.321961
0.1896475 0.01315685 5.085431
0.263482 0.01755907 3.70223
0.6147624 0.008592937 6.813616
0.1508345 0.01081377 5.903027
0.2070767 0.009226188 4.965946
0.2068315 0.01498295 3.630797
0.7205145 0.01249785 2.753588
0.2604413 0.01182669 7.712854
0.19598 0.009271809 4.726623
0.08232901 0.006696323 6.713828
0.3109 0.01215446 5.725156
0.2609942 0.0104891 6.593452
0.363169 0.01634309 2.786896
0.29093 0.01500907 3.55169
0.3143307 0.01011351 3.103487
0.216154 0.0098508 2.897003
0.09661783 0.01340569 2.948607
0.181296 0.01517698 3.042985
0.06779695 0.01693856 5.986689
0.1395644 0.0147165 6.526239
0.2429209 0.01138106 11.54121
0.09393076 0.01365749 4.362297
0.1347729 0.01012662 6.029979
0.1696317 0.005977072 5.56553
0.2057282 0.009869703 3.59998
0.07094392 0.0103216 6.577601
0.1331999 0.01388683 5.335751
0.1223906 0.01273582 6.60179
0.1986645 0.01789975 5.056641
0.2066108 0.01220479 5.17117
0.3010254 0.01142456 5.879135
0.1001841 0.01418348 13.71026
0.1571684 0.01672669 8.14181
0.07223001 0.008497106 9.050205
0.1693818 0.0108318 4.745468
0.1564379 0.007678851 7.109941
0.1709396 0.01050479 6.46178
0.1075834 0.009574407 5.513719
0.09945914 0.008375389 6.676668
0.06336234 0.01460679 3.153461
0.1607669 0.008665809 3.602804
0.1284997 0.01776509 9.013029
0.3855864 0.02148144 6.742664
0.1268156 0.009330125 5.748573
0.3078393 0.01381668 10.44423
0.1286754 0.01196369 17.92843
0.299525 0.01639653 6.204239
0.1281478 0.0155738 3.344617
0.05568209 0.01099023 3.460445
0.08318837 0.01368086 5.462917
0.09613875 0.0125423 8.002296
0.06568522 0.01475327 5.318501
0.1719481 0.01111742 8.836759
0.07488614 0.008426716 9.695371
0.08992009 0.008908722 5.868445
0.1631417 0.01004656 6.821771
0.08908258 0.01033404 5.419867
0.1320055 0.0147364 5.031182
0.2304882 0.01157158 3.422746
0.08765131 0.007147195 4.129315
0.2354152 0.01106299 8.301912
0.2718056 0.0171484 2.986483
0.2085907 0.01437848 11.02121
0.1733574 0.0155478 3.898178
0.1681531 0.01262864 5.454184
0.1012351 0.02100797 5.34562
0.2058631 0.01831938 4.212219
0.1872627 0.00945969 3.826942
0.1385822 0.009999971 12.85824
0.3020138 0.01038616 8.011644
0.05549937 0.01286276 7.493276
0.1476117 0.01201365 4.037942
0.3307644 0.01582668 6.637801
0.2537816 0.01934791 3.288207
0.4315142 0.0151196 2.782852
0.427617 0.01918413 8.113267
0.1626869 0.01607408 9.569995
0.19529 0.02022513 2.756518
0.2466963 0.01530456 4.596725
0.07450274 0.01342985 6.761227
0.1607934 0.01710677 8.602332
0.09204257 0.01534954 3.633157
0.09300736 0.009842956 3.927821
0.02953492 0.0158893 3.246034
0.09956013 0.01921975 3.619296
0.4188636 0.01385005 5.705028
0.4395182 0.01640865 6.413222
0.3753358 0.006186403 2.847104
0.1254563 0.01587422 4.850963
0.07794101 0.01259384 5.095069
0.4303663 0.009644561 2.876239
0.140771 0.01126913 5.719624
0.1464101 0.00705842 4.779156
0.08921146 0.007532744 4.740064
0.5301608 0.01171153 8.441169
0.0848007 0.01913742 14.19927
0.1335599 0.01062688 3.792072
0.2729325 0.01293267 7.461959
0.3591054 0.01255559 6.557579
0.02612469 0.0127337 3.004385
0.2645567 0.0158175 7.440123
0.1662837 0.01233678 2.891028
0.08953902 0.01709298 4.492685
0.2179651 0.01434996 3.422084
0.1800327 0.008484795 4.773078
0.3862247 0.01411381 4.813791
0.1339632 0.01238948 3.838312
0.4108941 0.01339889 3.999381
0.2032615 0.0118581 7.110872
0.210296 0.01555318 4.053489
0.4317981 0.01335766 3.891412
0.1657031 0.01507483 2.717183
0.07795504 0.01451796 4.590484
1.109997 0.01701493 4.057873
0.634109 0.0127844 6.817079
0.2541327 0.009541381 5.90314
0.3215407 0.01139883 6.917047
0.2138242 0.01956792 4.744143
0.7966346 0.01287077 3.735854
0.435317 0.01116268 6.629996
0.2008074 0.01412877 3.446632
0.3851937 0.01616797 8.898532
0.7844206 0.01284922 5.725939
0.09665619 0.0116424 3.551589
0.1161308 0.008895199 4.693129
0.3998882 0.008026382 5.204903
0.1733347 0.01580498 3.884732
0.2199268 0.009168128 3.543852
0.2404178 0.01538677 5.654453
0.2299666 0.012784 3.670217
0.3468353 0.01807443 7.729462
0.2667095 0.01219617 6.53651
0.2122106 0.01266251 5.53874
0.1957776 0.01240083 3.530102
0.417813 0.01341851 3.717557
0.09704566 0.01031994 4.33337
0.3109635 0.01169852 4.549637
0.8638881 0.01242655 7.95746
0.3269039 0.01294658 7.120292
0.2037554 0.02204519 3.884486
0.3026141 0.01499444 9.425497
0.2407746 0.01702372 6.945487
0.1428795 0.01516007 6.106705
0.09535195 0.01204957 6.035583
0.3068694 0.01579744 5.866241
0.04903641 0.01870792 3.777003
0.115452 0.01304955 3.977073
0.2897151 0.01340623 7.790532
0.1823588 0.01107158 8.20995
0.1886765 0.01483482 5.074032
0.1558453 0.01120281 8.554195
0.1827525 0.0141569 4.442205
0.3906254 0.01603833 11.36078
0.2505688 0.01620964 4.753452
0.5283281 0.01459309 3.082918
0.14219 0.01336131 5.57586
0.224394 0.01069584 6.344528
0.2187899 0.01517372 5.902139
0.201428 0.01187772 4.939682
0.4312995 0.01373634 3.969883
0.262848 0.01103033 4.093961
0.2324933 0.0167302 4.324043
0.3367904 0.008439548 8.983576
0.4418845 0.008258417 5.575011
0.3722731 0.006698709 3.289591
0.08799714 0.009825566 6.920581
0.1100008 0.01091412 4.576603
0.4209189 0.01129583 6.366185
0.4144817 0.01363543 5.031618
0.1003541 0.01606784 6.864962
0.2617419 0.01709927 4.243769
0.197652 0.009779796 6.160546
0.2772843 0.01563187 8.850735
0.2592231 0.0071756 4.40198
0.2559818 0.01358871 7.041726
0.2090346 0.01076843 3.59245
0.1149922 0.02123025 3.842592
0.1089229 0.01789311 3.4568
0.1920954 0.01186356 6.241363
0.4275111 0.01041054 4.275849
0.2658872 0.01451767 4.011889
0.08888462 0.007432474 4.668599
0.3632994 0.008166935 3.797103
0.1377512 0.006811119 5.248522
0.33743 0.007976763 5.9555
0.1187393 0.009263648 9.60261
0.1499293 0.01150833 5.280132
0.2832594 0.008890386 3.38553
0.1695446 0.01019608 4.698726
0.1464079 0.01104107 6.408667
0.121439 0.009865238 7.108573
0.1117113 0.01526835 5.088184
0.1711331 0.0130194 6.924238
0.09588899 0.00968374 6.533525
0.3167606 0.01100744 6.203053
0.08737869 0.01038676 5.337315
0.08523081 0.01329689 9.986247
0.2831761 0.01293303 4.702881
0.2118742 0.01546852 4.098071
0.1475099 0.01101276 5.055704
0.0591007 0.009432952 4.867704
0.1753637 0.01255057 6.860716
0.1049389 0.01336294 7.120918
0.2144726 0.01930373 7.687248
0.3061543 0.0142895 5.663076
0.2315924 0.01145448 6.990142
0.0706803 0.01424153 5.488623
0.04887727 0.01788781 17.20811
0.07414331 0.008424847 4.527664
0.1676769 0.01385719 7.149685
0.2202389 0.0238172 5.026018
0.2229221 0.01317054 7.145206
0.1244807 0.0131412 13.6772
0.1610656 0.007986566 5.697268
0.1471415 0.01114658 4.814782
0.0968111 0.01383761 3.984737
0.09258062 0.01376944 6.175113
0.1491377 0.01618344 3.460593
0.315808 0.01535309 3.325252
0.150301 0.01199012 3.179303
0.1060254 0.01250523 4.58789
0.1209136 0.007668287 6.967665
0.2125833 0.01499239 6.876212
0.2117635 0.0101141 3.233064
0.08539067 0.01047418 9.523647
0.05563462 0.01762212 4.856786
0.2034986 0.009680376 4.670183
0.4526235 0.009933477 4.085716
0.1342614 0.01843349 3.658491
0.4003313 0.01354456 3.875801
0.7023154 0.01577326 4.657442
0.08148589 0.01436481 4.22565
0.1847498 0.01052551 4.28546
0.3730445 0.01272539 6.417512
0.4155277 0.0154477 5.626624
0.4275627 0.01212925 4.404546
0.1989197 0.008006617 10.06529
0.2360317 0.01151347 7.72275
0.1145002 0.0159176 8.55193
0.1243069 0.008239227 6.402526
0.335429 0.01076897 5.486912
0.07025895 0.0195902 3.637794
0.1534353 0.01308496 7.708161
0.1342661 0.01102618 6.234166
0.1158906 0.01001474 3.559802
0.1956742 0.006572382 4.824491
0.1012363 0.01322152 8.276956
0.1080626 0.0112957 5.148605
0.261506 0.01558622 6.157614
0.07865938 0.01433247 2.924912
0.1050536 0.01041919 2.721615
0.710627 0.008881793 3.160499
0.2011845 0.01293239 5.851079
0.197227 0.01114341 7.142532
0.08994302 0.01639451 4.592325
0.1391456 0.01516068 2.87386
0.1353865 0.01105411 4.793473
0.07213513 0.01595607 4.631045
0.2143045 0.01494641 3.243407
0.2269149 0.008030778 3.635328
0.08549671 0.01100221 6.803026
0.1662294 0.01499101 3.979723
0.7027909 0.0140719 6.164002
0.3154049 0.0202778 7.222981
0.4740709 0.0139162 8.667053
0.1452878 0.0108273 6.14293
0.07237181 0.01174321 4.852784
0.1011623 0.0145077 5.562948
0.2120049 0.01104066 5.784292
0.2752588 0.01111106 2.933409
0.02471138 0.011711 3.265744
0.08704971 0.01121576 6.244002
0.03264535 0.01642962 2.911598
0.08209059 0.01106948 10.82418
0.2794273 0.01086619 6.408863
0.2282695 0.01478114 4.33963
0.129479 0.01161343 8.409459
0.2375434 0.01666162 9.208245
0.3747926 0.01265113 6.100013
0.2072329 0.01453968 4.638213
0.3923476 0.01176172 8.240133
0.09454922 0.01465451 7.349084
0.2121183 0.01097721 7.920449
0.2710705 0.0113901 2.330323
0.1914441 0.01301061 5.951262
0.1867363 0.01296437 3.876606
0.2400952 0.01197496 7.435582
0.1704596 0.01409701 4.11969
0.1176722 0.01081217 4.233197
0.09109272 0.008736354 3.379971
0.07563523 0.008768759 6.001712
0.07735872 0.01819803 3.234183
0.1676082 0.01830826 3.305729
0.2664979 0.01308085 9.041176
0.08858246 0.01362965 3.323738
0.2394986 0.02105205 4.912303
0.144638 0.01252578 7.13655
0.06192208 0.011713 4.240862
0.2870946 0.01361798 5.633656
0.1095064 0.01629086 8.417262
0.2089433 0.01724366 3.203121
0.3300175 0.009992706 4.054316
0.532232 0.01461011 4.167472
0.1856637 0.01329008 4.912213
0.4670232 0.01105615 9.793919
0.2115284 0.01407874 7.962641
0.1290012 0.01685892 3.293481
0.177831 0.01253634 3.980231
0.1113286 0.009716422 5.608981
0.1651222 0.01474023 4.641503
0.1116434 0.01561794 4.899321
0.3231521 0.009289263 5.602904
0.2169613 0.01345626 4.868589
0.3217817 0.01118726 3.750081
0.1043318 0.01265018 3.251919
0.2213106 0.01196425 4.263115
0.1801819 0.009928429 2.388385
0.1512693 0.008056447 3.739371
0.2766269 0.01135346 3.738632
0.2677445 0.01557625 6.057714
0.2606799 0.0111223 10.13514
0.1941707 0.01172962 5.408447
0.3425747 0.01117829 6.172005
0.2552299 0.008739151 4.309641
0.2391423 0.00772458 6.189746
0.3579397 0.0107362 5.912535
0.1921642 0.008833936 6.907281
0.2156333 0.007025873 6.712299
0.2619818 0.008747261 9.612718
0.5839219 0.01462992 6.257584
0.3842156 0.01714205 2.967621
0.9936876 0.009294193 3.996328
0.3634372 0.02002505 4.22156
0.1560138 0.01166806 3.154706
0.2097357 0.009577067 5.320853
0.1589541 0.009446084 5.53678
0.1010105 0.011175 4.390107
0.246965 0.008143828 6.314137
0.08272595 0.01041361 6.628999
0.2318827 0.01193718 3.008768
0.07822019 0.01044963 6.792427
0.05507893 0.00983706 8.323662
0.2522376 0.01683473 5.134503
0.193958 0.01589057 6.260653
0.4334225 0.01812301 4.273592
0.1128597 0.01350834 6.880015
0.178091 0.01326585 3.97849
0.5303343 0.01511961 4.189008
0.1153845 0.01424069 5.069097
0.07280925 0.01990651 10.59889
0.05157711 0.0103532 6.712361
0.04839348 0.009483151 7.464293
0.1571939 0.01036393 7.435002
0.0470438 0.01382508 3.706674
0.1220567 0.01353443 5.564918
0.2668791 0.01225947 5.654431
0.3839497 0.01175913 4.760566
0.08967749 0.01153445 2.79124
0.1130915 0.008895071 4.626246
0.2502023 0.01240505 7.380093
0.09677692 0.01088733 5.102623
0.3648708 0.008887013 4.506824
0.1445376 0.01195444 3.290604
0.4315657 0.01105248 5.087114
0.1571028 0.01481181 3.180578
0.1886737 0.01702131 3.032355
0.07722114 0.01330154 5.117619
0.176077 0.01401586 3.524882
0.1889316 0.01741499 6.191442
0.2148815 0.0212637 3.521628
0.1355994 0.01930567 7.796984
0.2178412 0.008657362 4.725951
0.2478912 0.0105269 8.40897
0.2573001 0.008394688 7.303334
0.5434485 0.02229993 3.541556
0.1682184 0.01271246 3.543756
0.1507689 0.009312627 4.433666
0.1915838 0.01227986 4.477932
0.3088374 0.008290335 6.924293
0.7239632 0.01577425 4.590923
0.4416481 0.009908458 13.46881
0.1213063 0.008020234 6.391252
0.07648838 0.01143314 12.8483
0.1205047 0.0180948 8.415391
0.2305751 0.01192803 4.933609
0.1887797 0.007468401 4.184453
0.1270179 0.01379731 6.205555
0.2100843 0.01177166 5.459931
0.1487506 0.01686095 6.591283
0.2843554 0.02129717 3.368465
0.1724153 0.01003575 4.949169
0.06021201 0.01548244 5.28224
0.1248175 0.02524244 4.240909
0.05986844 0.01081169 7.376622
0.09115725 0.01083006 5.459271
0.1242977 0.01691377 3.38445
0.5614307 0.01815143 5.478134
0.4569802 0.01641512 4.459666
0.2620149 0.01119206 9.06869
0.09820771 0.006384499 3.009707
0.4006652 0.0109534 7.842022
0.2235275 0.01001571 3.835692
0.1129688 0.01532616 6.922545
0.1260999 0.01103425 5.357293
0.1222239 0.01836008 13.39825
0.3075102 0.01918081 6.705869
0.5074489 0.01581652 8.835292
0.1503909 0.0160499 7.102018
0.7230919 0.008617348 3.681923
0.09744334 0.006425192 9.194321
0.05173656 0.01083423 7.103086
0.1191917 0.01055171 4.862241
0.2509455 0.01389714 6.857007
0.2771955 0.01213602 9.843982
0.5382174 0.01245708 5.711288
0.2951283 0.01307684 6.931175
0.2756365 0.01298405 4.883408
0.09325798 0.007863158 3.894706
0.09745086 0.009054084 5.743159
0.1260059 0.01107132 10.33206
0.7673475 0.01587061 5.319534
0.2379193 0.008938847 5.305548
0.1285406 0.009963509 7.808589
0.1796032 0.01087776 4.062416
0.03079256 0.0119895 3.737721
0.1588984 0.01215722 7.605564
0.08222903 0.0199002 10.99371
0.3330037 0.01131677 4.367856
0.131644 0.01153865 5.165616
0.06564264 0.01081753 5.889023
0.2450623 0.01094364 6.297937
0.1733855 0.01910673 3.269804
0.05844085 0.01491593 9.272933
0.1110077 0.01726515 5.955714
0.2490593 0.01542658 7.147979
0.2169595 0.01862726 3.278504
0.1063485 0.00984004 6.275265
0.2338701 0.01328793 3.914345
0.2962257 0.02034741 2.752827
0.3265913 0.01148117 4.394481
0.07608543 0.007128273 4.663866
0.2235233 0.009512249 3.801042
0.08223644 0.01234987 6.610399
0.2585933 0.01362782 3.427958
0.08134678 0.01624969 5.171052
0.1882916 0.01390646 9.70111
0.3152131 0.01078422 6.163384
0.2948639 0.009229727 5.832477
0.3279897 0.01090704 4.219455
0.367518 0.0102063 6.976466
0.2762168 0.00886731 6.52482
0.1813755 0.01149453 9.266138
0.4434925 0.0104012 4.175065
0.1240141 0.01576853 4.869265
0.2381921 0.009885065 4.435662
0.102172 0.01170687 4.446821
0.1251972 0.01512171 7.257342
0.2188532 0.01145766 5.327854
0.6868811 0.01229177 5.966044
0.3089066 0.0114341 4.838467
0.2086684 0.008276981 4.074408
0.2005405 0.02025391 4.622361
0.2064569 0.007287495 6.359145
0.1504054 0.01522485 2.557002
0.2225224 0.01171532 4.573611
0.1762196 0.01531266 2.913127
0.2092347 0.01459256 5.786891
0.1773098 0.01310697 6.62571
0.2294276 0.01260231 10.78173
0.2242257 0.01108204 5.809971
0.6793695 0.01496373 9.445095
0.4674288 0.00997501 4.855106
0.04281288 0.02025724 10.02993
0.1318352 0.01040906 3.22871
0.1003468 0.01120753 4.201536
0.2663908 0.01224182 3.59254
0.2244563 0.009333571 6.541441
0.2221083 0.01074183 3.532612
0.1629607 0.01112142 3.267421
0.1293025 0.01343942 3.383277
0.1208614 0.010038 6.36905
0.3569876 0.009841712 6.610524
0.1688166 0.01038666 4.491834
0.4727756 0.01020057 6.178447
0.4472019 0.01435614 5.694085
0.3221318 0.01821094 6.523523
0.08822037 0.01364815 6.093508
0.09872568 0.01880655 4.04614
0.0422899 0.02505433 6.440557
0.1126506 0.01489914 3.45672
0.1862848 0.01649584 3.049151
0.4319092 0.01445994 8.557135
0.1753904 0.01857961 15.21367
0.4143124 0.01300403 4.809644
0.1744657 0.01322322 3.867287
0.1679895 0.01071759 7.631883
0.6580961 0.00960438 4.05592
0.1725896 0.009872334 3.493167
0.3460655 0.01145023 3.231434
0.1460897 0.01376433 4.706136
0.1772153 0.01167867 4.156194
0.3424641 0.01154447 5.213064
0.1648635 0.01336948 3.528408
0.152846 0.01660693 7.384364
0.03416182 0.01370891 9.57147
0.1783289 0.009675075 9.318181
0.8326787 0.00990711 7.783575
0.3893387 0.01017124 4.096292
0.07058369 0.01449685 8.012905
0.03341882 0.0128329 3.066976
0.1818248 0.00901806 7.518419
0.2859538 0.008100487 3.596981
0.1647987 0.01155127 9.550043
0.3198818 0.01715201 6.622404
0.1898914 0.01179845 3.620726
0.05952751 0.008230506 3.558227
0.1154686 0.01537491 3.666109
0.07621622 0.01269318 11.4931
0.1404058 0.01559943 3.47921
0.07143526 0.0145681 8.092779
0.1137899 0.009491766 9.683782
0.2425866 0.01672033 5.31893
0.1629695 0.01931473 4.191874
0.1804377 0.01090203 7.028255
0.6598424 0.0154571 14.71879
0.2596728 0.01072063 5.303986
0.2641828 0.01355362 4.894516
0.03941956 0.01209288 3.833756
0.05448696 0.009283642 3.548425
0.1341836 0.01247911 6.69768
0.2080982 0.009751735 4.762168
0.262211 0.00949815 5.168768
0.07374502 0.01152199 11.81269
0.1958122 0.01363278 5.733202
0.07000759 0.008881018 9.116965
0.1594517 0.009858999 5.580436
0.3162703 0.00565927 4.400877
0.05264602 0.009448231 8.177645
0.149273 0.01043359 10.78571
0.09210736 0.006233725 9.972465
0.1406437 0.01073629 4.29425
0.2071039 0.01328263 4.858111
0.2150554 0.01246579 5.396905
0.1877199 0.01468513 7.886373
0.05217484 0.01096071 3.97206
0.09739659 0.01102371 5.022592
0.1414768 0.00939616 5.94081
0.283761 0.01379997 5.490491
0.2576711 0.01488136 3.8126
0.3801364 0.01373203 5.819124
0.8759383 0.01325843 4.246806
0.05957968 0.009839832 5.781501
0.1720589 0.01497459 5.082372
0.134205 0.01335095 6.169014
0.2457829 0.01280711 4.496287
0.08956986 0.01580924 2.939205
0.2268712 0.01166396 4.47657
0.2773324 0.01320308 2.834934
0.1912744 0.01593962 5.349182
0.2039664 0.012756 4.502261
0.3024085 0.01744712 3.684281
0.3722868 0.01317837 7.796499
0.1829633 0.01619181 6.213693
0.1958343 0.009211124 3.480358
0.1377906 0.01402322 6.433651
0.1408177 0.006623999 6.726672
0.1145982 0.007876325 3.718118
0.09356967 0.01595537 7.404065
0.3543621 0.01044274 7.703233
0.233313 0.01381155 6.202242
0.4740831 0.01088956 7.744834
0.14932 0.009038481 3.542292
0.2908436 0.01162125 5.790643
0.6718268 0.01012144 2.602526
0.1173821 0.01051878 3.984535
0.118103 0.009082152 4.007889
0.2214982 0.0082164 6.723063
0.1188944 0.01816476 3.50551
0.02560824 0.01554303 4.448727
0.03822336 0.01016046 5.29917
0.2460157 0.02255554 8.419745
0.2381034 0.01085862 4.789047
0.302037 0.01247639 3.445648
1.046897 0.01108835 9.031339
0.07770494 0.01396913 4.001221
0.2217633 0.009426241 7.504516
0.1194483 0.01277666 4.942218
0.08919845 0.02642414 6.888101
0.3102097 0.01337944 6.085242
0.1970059 0.01604911 8.947131
0.3465128 0.01516604 6.014847
0.1444504 0.01170773 8.392296
0.08183973 0.01058695 7.551794
0.1478204 0.01769651 5.45685
0.1008645 0.006926289 6.59785
0.120864 0.01538333 4.248531
0.04378507 0.01810054 5.62174
0.1157724 0.01041215 4.288873
0.1056967 0.00879322 2.726324
0.3670114 0.008310758 5.745469
0.134208 0.009868515 3.25934
0.1218547 0.01374732 2.768573
0.1743637 0.01949751 3.327083
0.09373194 0.01430067 9.898195
0.1609031 0.009768384 2.48688
0.2296925 0.01392112 6.671297
0.2815469 0.00802029 12.75538
0.1457453 0.01615086 11.26573
0.1919421 0.01500208 7.545784
0.4113556 0.0194384 7.576102
0.2549005 0.01519936 5.651409
0.1203652 0.009027404 2.994081
0.3059981 0.008244605 4.318678
0.09692593 0.009862667 8.670475
0.1081406 0.009368014 5.01713
0.1563439 0.007926102 6.175256
0.06429442 0.01264016 5.996806
0.3155575 0.009250822 3.506103
0.2615149 0.005977646 9.23883
0.1609752 0.01159358 2.957858
0.2112859 0.0134396 8.244064
0.188813 0.01344117 8.253619
0.4477131 0.01262502 3.360708
0.1374473 0.01454169 3.340482
0.2361508 0.01769704 4.285137
0.2330589 0.01468574 3.896145
0.1966975 0.02361908 5.332894
0.08258561 0.009632631 5.229653
0.1630385 0.008901435 6.74684
0.1615874 0.01322953 2.849764
0.4505114 0.008524035 2.57149
0.1317553 0.01233321 5.07452
0.4275678 0.007644158 7.151884
0.4051141 0.007506162 3.383246
0.03275435 0.007785413 4.483346
0.1081996 0.01674247 4.33025
0.10051 0.009121246 5.126428
0.3400284 0.01436596 8.6614
0.1454837 0.01042036 4.380914
0.0903212 0.01013107 3.479412
0.2280205 0.01314702 3.862688
0.7092076 0.01308535 3.090683
0.106319 0.01224756 8.265132
0.2707061 0.01113719 4.335227
0.1737775 0.009397716 5.870109
0.09992082 0.01059689 3.509488
0.296393 0.008314926 7.722493
0.3111227 0.008059248 13.68984
0.2618912 0.01247726 4.699298
0.07007114 0.01812654 4.852937
0.1828867 0.01500124 5.060825
0.4767649 0.02603761 4.469456
0.06851832 0.01836327 3.904867
0.2056551 0.01505392 6.546795
0.08622904 0.01174093 8.69613
0.1286655 0.02233745 6.325338
0.4370311 0.01695262 5.228344
0.2747954 0.02128806 6.191162
0.4825243 0.01672618 7.199798
0.06932282 0.01013456 8.710302
0.2469161 0.01215553 2.833598
0.1511606 0.01552925 4.676006
0.3133333 0.009721816 8.984049
0.1742215 0.01205615 5.332837
0.273247 0.01179757 3.994472
0.1171267 0.01234009 5.994641
0.2186387 0.01237518 5.136859
0.1749535 0.01296226 3.775946
0.211598 0.01296806 5.218448
0.2379717 0.01515086 6.616495
0.1481518 0.006627095 3.042323
0.2369921 0.008464082 4.694586
0.370366 0.01042744 3.296587
0.2641982 0.01592607 4.647221
0.1232548 0.02093805 11.67242
0.08154657 0.01348785 5.09888
0.2680591 0.01435316 4.956711
0.4016258 0.01177409 8.949294
0.1731731 0.01997286 5.088542
0.1337323 0.01515846 5.00019
0.03469359 0.01893437 6.781126
0.5400415 0.013067 9.176766
0.1474272 0.01134604 6.696523
0.1618633 0.01197051 4.552771
0.2977496 0.01231325 7.178332
0.3705129 0.01020676 5.516061
0.1811342 0.008160159 3.895681
0.2576229 0.01320807 8.71046
0.482049 0.01855757 3.999601
0.4795778 0.01938224 7.29595
0.4135981 0.01470112 9.474873
0.7807451 0.01579894 4.112821
0.2272335 0.01311961 5.155867
0.5849899 0.01025428 7.094901
0.2106603 0.02203852 6.384037
0.1541544 0.01359209 3.033295
0.1368138 0.0194609 13.63221
0.1622277 0.01609082 5.525478
0.1630962 0.01166247 8.629875
0.1563465 0.01227305 9.905938
0.1347938 0.01387856 5.767326
0.06583838 0.01503006 6.964683
0.1008708 0.00804776 6.840805
0.171776 0.01872146 3.480886
0.1725055 0.008842559 3.818845
0.1867284 0.007499826 2.817454
0.1069178 0.006982971 3.822191
0.1404546 0.008473434 4.72857
0.3875081 0.009668675 4.41305
0.07861714 0.01176561 4.791325
0.5280814 0.01049238 6.1088
0.2560787 0.01278842 8.670979
0.5639126 0.01460051 6.901881
0.06476112 0.01064074 3.622803
0.1609462 0.01568941 3.809916
0.1849198 0.01181283 10.70471
0.08039781 0.01760767 4.350014
0.4597365 0.01630886 5.931589
0.09918014 0.01237025 4.234326
0.08258631 0.01024607 7.003469
0.2997196 0.01328583 5.145747
0.132818 0.01075551 5.841822
0.09057739 0.01287869 3.000751
0.0331087 0.01062676 4.324542
0.1486707 0.0150223 8.685202
0.1377559 0.01729233 7.291282
0.1093316 0.01435516 3.04524
0.2914293 0.0138863 6.795508
0.2821451 0.017483 5.025186
0.1079478 0.02179923 4.224431
0.02629961 0.01078126 8.877944
0.3346465 0.01217756 2.665607
0.06775251 0.008266808 5.657148
0.2331606 0.01284744 6.210345
0.08769046 0.01010477 7.075386
0.1167105 0.01839424 9.934716
0.1730968 0.01588435 6.76175
0.1309136 0.01364375 6.514972
0.1528648 0.01115279 6.2403
0.2273227 0.01124569 5.577989
0.1048708 0.0133675 10.40806
0.2217055 0.007825077 8.692884
0.2022889 0.01150478 4.564181
0.5022287 0.01161141 10.10238
0.2594119 0.0104493 8.29622
0.2655837 0.01400281 7.94984
0.4077835 0.01817609 5.907349
0.3899501 0.01330573 5.629305
0.4851545 0.009799948 4.654376
0.2491817 0.01063808 3.429568
0.0959905 0.01227983 6.090694
0.2719223 0.01243773 5.412498
0.2086175 0.01425826 10.6648
0.08374336 0.00937361 4.639072
0.5361524 0.01355114 7.144679
0.221801 0.02251456 8.048778
0.1070418 0.01385778 3.909499
0.1902473 0.01446281 6.831279
0.2777694 0.00994919 7.198237
0.5375622 0.01047336 6.338553
0.6614021 0.01244052 10.78379
0.07267295 0.01741625 3.980628
0.2619264 0.01274035 3.853721
0.2171978 0.01015447 3.168163
0.2234233 0.01721621 4.599075
0.2688462 0.01692471 3.637301
0.2183599 0.01524053 3.811403
0.06976153 0.01401055 10.395
0.2461756 0.01992867 4.081971
0.09811657 0.01475852 6.382031
0.3940542 0.006720995 3.897459
0.3489585 0.01009198 10.29696
0.1338651 0.01288714 4.874528
0.0842066 0.009884733 3.894989
0.02854754 0.01191015 5.133874
0.08129647 0.006165121 7.805541
0.1922761 0.0112336 5.615255
0.1431759 0.01574386 8.43796
0.1806417 0.01786749 7.647389
0.5242815 0.01737114 4.956054
0.2436814 0.0198025 4.834354
0.4348264 0.01138543 3.927152
0.07799246 0.01426737 4.733168
0.4071275 0.01855872 5.678065
0.2548219 0.01584079 6.704076
0.4822106 0.0127492 3.206699
0.2795989 0.01014027 4.844353
0.5412565 0.01351341 4.295874
0.2524668 0.01518587 4.182714
0.1436639 0.01071811 4.445684
0.1343606 0.01322019 7.589558
0.1398706 0.008921737 4.943627
0.3620508 0.01047169 2.956699
0.2402288 0.01777565 9.110206
0.3113919 0.0118139 2.786498
0.2136555 0.008204118 5.032757
0.06578159 0.01623001 8.995435
0.07829669 0.01236548 7.731965
0.2325697 0.01223698 3.196742
0.178527 0.01170544 9.73363
0.1441958 0.01410983 3.244537
0.2070122 0.01153112 4.179566
0.3360106 0.01560408 7.759243
0.1842477 0.01604749 5.419695
0.9978806 0.007118673 6.576854
0.1892189 0.01391572 5.149443
0.05863975 0.01331021 2.829205
0.2506198 0.0128453 5.476899
0.08484986 0.006925483 5.092795
0.06277084 0.01382882 3.101254
0.2090104 0.01515132 4.78937
0.09819033 0.009438396 3.521761
0.1638141 0.01130182 3.636434
0.2532751 0.01074354 6.892203
0.04421618 0.01205032 5.303929
0.1017848 0.01788843 5.301011
0.1745313 0.01717669 7.491343
0.1162303 0.007994415 6.403507
0.1514251 0.01019858 5.507955
0.1644502 0.01657821 7.412113
0.5904669 0.01131495 3.219858
0.1358106 0.007792095 3.15449
0.07370589 0.01133672 5.240621
0.05372005 0.01329407 6.93682
0.3252667 0.01551287 5.641978
0.2944956 0.01108394 9.736526
0.1194363 0.01283182 7.229159
0.2628138 0.007662827 3.577736
0.09496352 0.008717111 4.933525
0.0443637 0.008442341 4.66726
0.1391634 0.01326169 9.600019
0.1327445 0.01941092 4.275964
0.3856317 0.01087142 12.20259
0.6376876 0.01172068 5.125825
0.3766433 0.01118012 6.7339
0.1705693 0.01184633 8.751301
0.1049906 0.01444132 3.807192
0.2199541 0.01168431 4.920252
0.1171248 0.01250814 5.360121
0.08912637 0.01626701 4.908668
0.1586595 0.01238749 6.510231
0.1182885 0.01143356 3.190133
0.194442 0.00945369 4.505487
0.3189386 0.01720594 4.198512
0.1966225 0.01237768 8.093437
0.1223021 0.01817357 5.625693
0.1264592 0.009693481 4.907099
0.1953223 0.00824784 4.078072
0.2270756 0.01174832 6.805108
0.467117 0.01137411 2.675862
0.1132974 0.00991672 8.02399
0.09859178 0.01527326 5.113969
0.3082379 0.009428286 6.187191
0.4114914 0.008432964 5.768966
0.159414 0.01570418 4.748298
0.1815715 0.01494566 9.588643
0.2147866 0.01338137 3.701012
0.1567572 0.01364959 3.78189
0.1201122 0.0113389 6.295191
0.1627575 0.01095754 5.046506
0.3694166 0.01060685 7.514013
0.1561495 0.01171839 5.354904
0.08911743 0.01138576 7.568878
0.09933378 0.01389997 5.630765
0.7667638 0.01183461 5.847065
0.444394 0.01240457 3.472259
0.09163628 0.009661447 4.521494
0.2753695 0.01584488 4.246928
0.0650982 0.01817581 4.865625
0.1689926 0.01286111 8.123158
0.54805 0.01208467 4.137334
0.2819561 0.01632298 7.29264
0.3018963 0.01105745 8.663573
0.2890812 0.01130447 4.94362
0.1809875 0.01043398 10.21684
0.2036094 0.01397689 3.667176
0.2629243 0.01636671 2.705449
0.3315686 0.0109241 6.338983
0.1753565 0.007747859 3.908219
0.08024307 0.01709806 8.369106
0.3770921 0.009375686 3.380167
0.3830906 0.01619856 4.730765
0.1461621 0.01412581 4.987118
0.197081 0.01183542 4.520009
0.1112283 0.007967804 5.457097
0.1833398 0.01348903 8.304102
0.1370527 0.008062928 6.281167
0.1296445 0.01375621 6.125879
0.08992433 0.02245191 6.455778
0.1404488 0.01127179 3.877531
0.1245617 0.01553691 3.897421
0.1571598 0.01049267 4.908466
0.2982538 0.01346454 3.566031
0.6968559 0.01371937 6.639074
0.4534735 0.007610821 4.654353
0.3446964 0.01476267 5.358664
0.1618938 0.01592722 4.744184
0.08337071 0.01812049 2.515108
0.4370275 0.0136185 7.335851
0.2048407 0.009835449 3.565317
0.5092698 0.01227679 4.733627
0.1544111 0.007766652 5.800478
0.1395526 0.01479206 4.788105
0.2928725 0.007798619 5.803306
0.06504761 0.02097812 5.435688
0.1111786 0.01534241 6.454727
0.2833662 0.01310742 4.811886
0.1726772 0.0112551 3.330227
0.2335978 0.01129069 10.07941
0.1263967 0.009159432 3.904209
0.1904757 0.01125923 6.560957
0.1581536 0.01327375 7.658085
0.233975 0.0085074 6.172532
0.2217898 0.01196589 5.473133
0.2101884 0.01693955 7.958884
0.2697173 0.01318924 8.020663
0.1668683 0.01536254 3.627822
0.3355964 0.01328096 6.958564
0.1307946 0.01247622 7.967735
0.1436616 0.007104479 3.508674
0.06699549 0.01185026 4.663691
0.1639622 0.009596842 8.330457
0.1548129 0.008526977 6.215542
0.4000797 0.008498835 7.433155
0.3151744 0.01494512 4.352153
0.2465458 0.01720271 4.022508
0.09751364 0.02271429 2.80006
0.1414415 0.01457929 5.026162
0.08559778 0.02137823 8.078662
0.1392344 0.02612551 4.455834
0.09092345 0.009207632 3.555889
0.1210195 0.01122334 3.423785
0.1452212 0.01764132 3.150169
0.07587348 0.0104706 2.88517
0.1172875 0.01635252 6.359887
0.1575845 0.01180805 16.88096
0.3512447 0.01412405 5.821578
0.2010203 0.01473623 7.314287
0.2227022 0.0109084 3.365034
0.2663617 0.01151192 4.072389
0.3004221 0.008890013 13.04711
0.19677 0.01366232 4.936367
0.05295085 0.01545668 8.668146
0.08023501 0.01691252 3.175239
0.08757534 0.01229957 3.80056
0.3497861 0.01283825 3.87751
0.1689528 0.02352477 4.936957
0.4400545 0.02526121 4.203832
0.7802526 0.01248705 8.646866
0.241023 0.01333842 5.744248
0.140317 0.01465951 2.75503
0.4824309 0.01431663 3.540815
0.3579852 0.01759157 3.41543
0.178148 0.009374937 7.431081
0.1794538 0.0104233 5.800383
0.4482714 0.01561371 3.553029
0.1369507 0.01444705 4.770486
0.1650833 0.01399817 8.316272
0.05805816 0.01216319 10.73897
0.133548 0.02147427 5.84334
0.1881987 0.01527597 5.109676
0.3572001 0.01365211 3.517397
0.07244861 0.009270534 8.850481
0.2655909 0.00954975 5.167182
0.3173576 0.0139946 6.640238
0.1148212 0.008861894 4.197456
0.08627839 0.00970713 3.434071
0.07340034 0.01533519 7.199456
0.2585251 0.01343065 5.403389
0.1083027 0.01048772 6.221552
0.1153323 0.0114228 10.84591
0.1323883 0.01198073 7.951722
0.2450395 0.01016078 5.003483
0.1430952 0.009417896 6.395181
0.107736 0.009180205 5.845727
0.1928235 0.01231427 3.897489
0.0544426 0.02270297 8.968897
0.0830415 0.0181691 8.030649
0.1165769 0.0128558 14.51339
0.1135828 0.02452152 4.39514
0.1298459 0.009044286 5.058309
0.0372332 0.01083015 8.442129
0.1331633 0.01292079 4.846029
0.05069058 0.01065313 4.494627
0.3218695 0.01399454 3.430289
0.1254242 0.01428478 4.073509
0.1555523 0.01750572 5.906067
0.4299005 0.01570199 10.14648
0.3820955 0.009610573 5.981418
0.2365512 0.01581734 2.81941
0.1864657 0.01149931 2.768748
0.06113908 0.01314143 7.65376
0.1600497 0.02148677 4.916837
0.05923974 0.01276976 4.422176
0.09317426 0.01119898 4.473432
0.2330385 0.01100084 6.769733
0.4791514 0.008647672 4.449162
0.2876888 0.009863908 4.976536
0.1273955 0.0168112 7.497576
0.1094185 0.01101809 4.946311
0.08336905 0.01756883 8.749679
0.09079531 0.01923711 3.512173
0.284028 0.01280478 4.824274
0.238288 0.009324077 3.70153
0.1619945 0.01431069 5.089657
0.07937776 0.01268944 3.25585
0.1284675 0.01974563 3.132574
0.2874267 0.01855448 6.649704
0.1786353 0.008344018 5.351955
0.5148871 0.01007723 3.620097
0.1223481 0.01058269 6.70482
0.1287791 0.01086195 6.961488
0.1973468 0.007834414 5.51184
0.2102002 0.006816623 6.412252
0.2283425 0.01833102 3.518137
0.7052039 0.01162226 5.136201
0.2430093 0.008432332 3.645057
0.150319 0.007067229 4.90396
0.1177723 0.0141872 4.054938
0.1499598 0.006554539 3.69616
0.1418403 0.01301641 8.344763
1.294677 0.01600364 3.388997
0.3760881 0.009158546 8.584353
0.3417615 0.007229368 6.214214
0.8428078 0.01286008 5.989159
0.1536056 0.01162428 4.672082
0.1213582 0.0173403 4.735024
0.1010017 0.01049678 6.38342
0.1144425 0.01849472 6.397154
0.1904973 0.01207881 7.216473
0.08698277 0.009029898 4.27096
0.1029008 0.0107426 6.463933
0.1215683 0.01241054 2.89618
0.1226898 0.01365183 6.240401
0.1286791 0.01509991 7.159394
0.04515028 0.01303412 5.095155
0.07557721 0.0118779 4.597762
0.4539575 0.008699489 4.082157
0.4004028 0.01169602 6.078661
0.2915648 0.009199849 3.671252
0.2247401 0.01281887 3.65253
0.1682695 0.01067603 6.702615
0.2101799 0.02055465 5.986137
0.2255035 0.01399109 7.428022
0.1048448 0.02052625 8.055202
0.3845336 0.009212931 12.51741
0.3852009 0.008756359 4.726538
0.2239812 0.01865585 5.131566
0.2974263 0.01198598 2.495642
0.4787605 0.0124788 5.773421
0.0809808 0.02005321 4.800473
0.2125899 0.01309011 6.493983
0.2095116 0.0136063 3.921636
0.341081 0.01236277 6.972233
0.4335297 0.02174801 4.398885
0.2301081 0.01605783 4.852613
0.3076365 0.03521517 4.095887
0.4510062 0.01528135 3.954
0.1183306 0.01029526 3.818445
0.1252194 0.01224047 4.836179
0.07392195 0.01142999 13.47462
0.2370082 0.01586052 6.411019
0.0463103 0.01682871 5.949343
0.1743814 0.01969863 4.945543
0.1364698 0.01072942 6.122759
0.1331509 0.01098857 4.511976
0.0819847 0.01063862 4.255127
0.2991352 0.007814776 3.437324
0.1893042 0.01486407 9.981777
0.6114623 0.01185776 6.883404
0.07259918 0.01033924 3.128577
0.2213603 0.008075981 3.520201
0.2008337 0.01699539 5.036218
0.09866676 0.0168132 3.229376
0.2322765 0.01225267 5.214031
0.1482749 0.01440983 2.953341
0.4129359 0.01734049 6.802454
0.2445979 0.01020618 3.495255
0.1797798 0.009174432 5.035774
0.103475 0.01699184 3.931654
0.1134641 0.01245097 4.226252
0.1470895 0.009775583 2.785563
0.09841701 0.01211525 3.071228
0.4833525 0.01190502 3.456256
0.06533765 0.01172764 4.226958
0.1212336 0.0101543 5.023728
0.05127673 0.01102083 8.267985
0.2545943 0.01480326 4.253562
0.2962308 0.01515562 4.149454
0.2726848 0.01061224 4.486156
0.3587033 0.01107986 7.168455
0.07803528 0.01464481 7.581763
0.3254105 0.01108212 5.401567
0.3660807 0.01589792 6.502185
0.2543088 0.01405305 5.425109
0.1134485 0.01200645 5.597132
0.07070053 0.0130821 6.314578
0.03759611 0.0208675 4.486109
0.1416031 0.01707626 3.252616
0.2467542 0.01027686 3.642807
0.2556467 0.01302378 3.597169
0.117567 0.01615058 4.032089
0.1431105 0.02431272 5.357574
0.1785791 0.01661944 6.159805
0.4921519 0.01426832 7.167733
0.0904642 0.01019163 4.853012
0.09164492 0.007280593 3.925758
0.3168688 0.01302997 4.690098
0.1794084 0.00966868 3.572103
0.07400696 0.01350863 5.318963
0.02687777 0.01836244 6.676608
0.1254585 0.01384912 4.802248
0.09378758 0.01066807 5.902435
0.0587217 0.009734046 6.127354
0.05303858 0.01433258 3.68184
0.1108152 0.01218081 2.631483
0.05341894 0.01714509 6.358387
1.220184 0.01573635 7.974819
0.1795121 0.01154506 4.099105
0.1944052 0.01019618 9.978151
0.2508445 0.0122696 7.086636
0.2374223 0.01197336 4.378919
0.07108436 0.01435651 5.626991
0.2196947 0.01492103 12.36893
0.6210601 0.01251387 9.504384
0.1759148 0.007154964 4.719682
0.1495647 0.0151282 7.929389
0.1110403 0.01388945 6.153479
0.1782208 0.008077775 3.687442
0.2355349 0.009390545 4.012155
0.188558 0.01025165 6.667649
0.1545705 0.01452073 4.078628
0.07512527 0.01160292 6.440119
0.08421868 0.009863519 5.150834
0.2096068 0.01292839 7.119602
0.3227608 0.009990337 4.537782
0.153772 0.01405837 8.643954
0.06297191 0.01184867 7.903807
0.1494693 0.009016321 7.719403
0.1455217 0.01533082 6.893301
0.258732 0.01417863 6.696108
0.2613003 0.01377329 3.710798
0.1263096 0.009508453 4.739434
0.05508225 0.01080643 5.075405
0.1915932 0.01555493 6.084373
0.1375167 0.01732326 3.734205
0.1109953 0.01537012 4.924915
0.3038077 0.008680182 4.391778
0.2657266 0.01275431 4.465289
0.1669892 0.009518166 6.815312
0.3493856 0.006644779 9.534372
0.2614638 0.02041288 4.000986
0.3000602 0.01526003 3.19165
0.4991142 0.01261746 9.877456
0.1729704 0.008868616 7.529339
0.1212349 0.01026323 7.664564
0.167843 0.009621676 7.184631
0.06558047 0.01344517 8.723686
0.116381 0.01369742 2.960924
0.1449347 0.01391363 6.824488
0.1128916 0.01536502 3.48543
0.112963 0.01201292 6.530157
0.2839112 0.01398339 4.585223
0.4343277 0.01518533 6.119411
0.09837187 0.01493441 3.879925
0.1780496 0.02018367 5.689424
0.2505277 0.008025088 5.607813
0.3225281 0.008773986 4.226879
0.3798379 0.01093672 6.654033
0.1336272 0.0168951 4.28228
0.1254968 0.01470976 5.070354
0.2663719 0.01108534 3.895816
0.1804726 0.01017798 3.699215
0.1754524 0.009052399 8.924264
0.3668524 0.01749725 4.473659
0.1186941 0.01173293 6.872876
0.2581675 0.01866926 4.987857
0.1937501 0.01955825 5.529154
0.2734873 0.01436684 11.29791
0.1237678 0.01709918 2.937217
0.2353747 0.01547811 9.404954
0.09626922 0.01264452 4.468119
0.1206218 0.009884643 4.10738
0.09704413 0.01155668 6.650718
0.5376152 0.01052809 5.027393
0.3782499 0.01517434 4.054453
0.2091314 0.01553601 5.121723
0.05549505 0.01195204 6.378502
0.1625703 0.009420097 4.329941
0.1187615 0.01074762 3.531277
0.2116579 0.01824627 8.397406
0.3430668 0.01176424 6.610427
0.1093073 0.01235875 5.150351
0.1923033 0.01184136 4.420205
0.272933 0.01287627 3.897604
0.1479186 0.006420621 3.806976
0.0645467 0.01796094 5.698914
0.08931131 0.01923785 8.435559
0.1114028 0.009792323 7.151521
0.1552504 0.0191708 9.201988
0.2041589 0.0317745 7.635158
0.2126065 0.01116204 6.393553
0.07963149 0.01064915 7.542545
0.08685121 0.01453322 3.932793
0.1017079 0.0115628 8.007143
0.1697904 0.02207457 5.349767
0.117597 0.01205329 5.611888
0.1322683 0.01840516 6.02499
0.07815215 0.01261254 4.632901
0.1474114 0.01617412 3.445145
0.2099987 0.007927616 5.133154
0.168352 0.006907078 6.395623
0.2005115 0.01035749 5.994066
0.1804468 0.01451658 3.829848
0.1761807 0.01079301 7.10617
0.2324479 0.01671001 4.968862
0.1667519 0.01295557 7.141632
0.3677233 0.01553263 3.297926
0.1860163 0.009986187 3.093359
0.655222 0.0107829 6.768453
0.4441597 0.01504308 9.606033
0.2010403 0.0121744 4.808441
0.3310452 0.01668695 7.539584
0.1971464 0.01873686 8.017382
0.6269814 0.02093555 5.902204
0.2018122 0.0135216 9.434418
0.1407977 0.008423221 5.820578
0.4119892 0.01304579 6.367609
0.1729719 0.007300388 3.378878
0.2707344 0.02201824 6.346587
0.565262 0.01850519 10.34867
0.2814972 0.01050461 6.922059
0.1621981 0.009780649 5.166908
0.2372835 0.01876247 3.505656
0.08006357 0.01413386 3.682887
0.1693645 0.01282735 8.944881
0.4327135 0.01684371 4.287625
0.2939165 0.01616553 3.606315
0.9411993 0.01679469 4.676765
0.2562372 0.01301187 2.971821
0.1793215 0.01337712 8.188512
0.136704 0.01096266 7.386611
0.3170505 0.00785794 5.38735
0.152846 0.01247547 5.534157
0.2480074 0.009375799 9.103986
0.2156625 0.01272232 3.227992
0.4031277 0.0113854 4.459847
0.8413298 0.01579201 6.596455
0.3828571 0.01696647 3.012676
0.2620685 0.009897403 5.448035
0.1049386 0.01839479 5.816561
0.08076567 0.01840532 4.09791
0.2096243 0.01979385 3.890106
0.4434128 0.01462881 4.075704
0.1788621 0.01550532 4.915576
0.2119737 0.01259646 4.968925
0.1528571 0.01396492 5.536076
0.2465104 0.01055167 8.2792
0.1361037 0.01528517 7.539131
0.1959866 0.01321128 7.728245
0.1351113 0.01381905 3.499691
0.3074145 0.01155719 4.608065
0.1308243 0.009124141 10.66616
0.1597833 0.0161685 5.802315
0.2637227 0.01146145 5.062331
0.3078369 0.01250624 3.901929
0.1870643 0.01034839 7.086962
0.2149847 0.01570747 11.60033
0.1784571 0.009299045 3.128839
0.07965505 0.01398222 3.917811
0.3699301 0.01309757 3.924413
0.1465833 0.01089567 4.853613
0.09843637 0.02268439 3.676084
0.1397377 0.01661072 3.31257
0.4267077 0.01051678 3.781261
0.05054311 0.01601485 4.037979
0.2000396 0.01598594 6.005648
0.1791484 0.009774537 3.309376
0.1109869 0.00996956 6.258935
0.2552228 0.00853212 3.359651
0.2815709 0.01195593 8.999253
0.189299 0.02195693 4.082633
0.05831846 0.01343494 4.212834
0.3196899 0.01049877 3.209562
0.1754872 0.01407933 3.065448
0.3107473 0.01004074 3.133201
0.4995519 0.007914773 9.259261
0.08743442 0.01207056 3.845316
0.1876406 0.01121229 8.040111
0.3291691 0.01041066 3.259559
0.1750814 0.01181819 4.757283
0.1950939 0.02080888 2.434469
0.1259738 0.01689191 6.041806
0.2746865 0.01023411 6.629464
0.3461278 0.01748611 2.986914
0.5230314 0.01501269 7.514505
0.1854066 0.01181994 4.328791
0.05678659 0.008254428 3.325384
0.113327 0.01877361 4.123635
0.1795635 0.01658117 3.073128
0.4334099 0.00832982 4.591285
0.08929551 0.01155658 3.558746
0.2279936 0.01035603 4.485284
0.1649859 0.01296404 4.319238
0.1745555 0.01769495 6.786769
0.2213024 0.01339509 4.325401
0.1670458 0.01941693 4.106705
0.07601688 0.01674718 5.169806
0.1251085 0.01919324 2.98981
0.14305 0.01404175 3.695049
0.291008 0.01265817 5.246209
0.1292061 0.02160811 5.472269
0.3100242 0.0095549 5.807962
0.5743229 0.0127521 6.993117
0.314966 0.007192263 4.544008
0.1109733 0.01491784 4.275112
0.3846113 0.01800808 4.687674
0.09291211 0.01444384 4.745013
0.1785237 0.01455117 7.152193
0.2773983 0.02123891 4.472711
0.4999153 0.01647462 7.068216
0.06829282 0.01662218 7.036563
0.4792028 0.01217582 4.654537
0.0784029 0.01923456 7.092689
0.179092 0.01281593 3.403584
0.1299707 0.009407563 5.147281
0.09956977 0.01104613 6.046879
0.2816303 0.01267699 2.983872
0.1911066 0.01572782 3.040388
0.5429628 0.007524422 3.574167
0.2038229 0.01185329 6.436795
0.1039984 0.01101115 5.766918
0.5717856 0.01354924 3.716826
0.2163941 0.007178044 4.588974
0.3320464 0.00841261 4.397218
0.2547995 0.01096128 8.387865
0.1939326 0.01392909 3.324647
0.1182481 0.01515891 5.304809
0.4482252 0.01158267 4.345858
0.2214287 0.01401866 3.058393
0.4284952 0.01590046 4.319489
0.2187016 0.01765446 3.572438
0.1283326 0.009344143 6.190197
0.05400546 0.01020937 5.285927
0.6801706 0.01676088 6.955422
0.6940634 0.01201552 4.491362
0.3690165 0.01431875 3.57674
0.1493381 0.01611043 4.791198
0.06971607 0.01225227 3.527374
0.1018747 0.01290436 5.732202
0.04879691 0.01524766 7.650305
0.2067214 0.01679131 9.043304
0.207522 0.008449783 8.61204
0.1852045 0.0164161 4.433188
0.8223691 0.01104138 3.524716
0.1273236 0.009952922 4.113412
0.1027907 0.01258369 6.931133
0.1697347 0.01264031 3.842464
0.1029732 0.01705501 3.451951
0.2711196 0.01428547 3.026327
0.1330363 0.01980458 3.852195
0.1272814 0.008279872 2.683382
0.1119558 0.006873134 3.531779
0.1957145 0.01085796 3.799722
0.09105606 0.01121493 8.582107
0.3086018 0.0126908 3.364911
0.1491447 0.009254746 5.115881
0.7531234 0.01190311 4.369842
0.229736 0.01410079 6.214588
0.2617742 0.02206056 8.418765
0.2179628 0.01868378 9.308918
0.1814349 0.009869463 4.377908
0.2130786 0.00679739 3.207299
0.2996843 0.009089837 4.487833
0.1326401 0.01071239 2.841058
0.0508868 0.01562718 2.538625
0.1827001 0.02310194 3.050323
0.1992452 0.01396418 11.2242
1.244427 0.008356743 3.936039
0.4062973 0.01107915 5.240861
0.3712893 0.01990812 3.473009
0.08438213 0.01351774 9.104655
0.2807344 0.02022561 7.054849
0.06669867 0.01213006 5.439518
0.03800566 0.01582973 4.071567
0.1130023 0.01272032 7.144367
0.4313921 0.01312803 5.211
0.1413372 0.008671623 4.919802
0.3241201 0.01185277 3.984987
0.1821988 0.01056344 5.451152
0.3874621 0.01178644 3.494437
0.3157721 0.0148219 3.152015
0.3208935 0.00999376 8.221761
0.1331323 0.01184543 3.283535
0.2687659 0.01727176 3.80916
0.07916746 0.01068509 5.555922
0.08478845 0.008557809 10.05179
0.1141683 0.009254993 3.971564
0.1602865 0.0150028 3.085322
0.1328294 0.01380384 7.319928
0.1951934 0.01297495 9.990539
0.3106086 0.01501115 6.507551
0.1484952 0.01889707 8.084463
0.06206743 0.01008138 4.929273
0.08034486 0.02299628 3.156882
0.2023879 0.01671056 6.038189
0.3333453 0.01247459 10.44073
0.1473397 0.008011008 4.49527
0.2489025 0.01366334 7.683864
0.2572413 0.01148054 5.349752
0.1612461 0.01602306 5.991035
0.4945988 0.009424903 2.445421
0.1099964 0.009676301 4.739189
0.2055914 0.01146701 7.177373
0.7905743 0.008492179 4.864206
0.3207796 0.01102803 6.682139
0.1660397 0.0124552 6.393224
0.3474477 0.01188048 3.830004
0.101295 0.01344168 7.404808
0.6234708 0.0131556 3.011358
0.1574384 0.01310765 3.927082
0.1509328 0.008810156 5.218386
0.1268176 0.01044406 5.707088
0.2392261 0.02083249 4.044538
0.1076296 0.01627044 8.666204
0.1466098 0.01171881 10.25477
0.6214361 0.01210002 3.653016
0.2003482 0.008092458 5.791612
0.06716471 0.01457901 6.598746
0.1268769 0.01207702 3.585738
0.1170422 0.009477666 3.502243
0.03715032 0.01605471 7.550384
0.04992707 0.01906766 3.963565
0.168478 0.01333952 13.56239
0.2511915 0.01198647 6.675844
0.07615131 0.01252081 5.033621
0.1011054 0.008355674 6.766059
0.1003378 0.009633583 4.605962
0.1343696 0.01780994 9.782264
0.2900356 0.01461908 10.78611
0.3132326 0.01620907 3.154429
0.1277532 0.0124358 4.114228
0.3833606 0.009782431 3.817388
0.813844 0.01227936 5.948621
0.3773295 0.008786895 6.588667
0.50743 0.009633026 4.553955
0.6066849 0.009115928 3.222921
0.03731421 0.01664442 6.371048
0.166163 0.02330498 5.665393
0.2459305 0.01898923 5.308369
0.1392644 0.01639986 4.389571
0.4045245 0.01661222 7.835156
0.1359141 0.0194454 6.217795
0.38735 0.01154811 10.81405
0.2099967 0.01295476 3.999563
0.1569757 0.01383712 3.354635
0.1936319 0.01617478 4.860844
0.1246803 0.01458971 4.13031
0.2431946 0.01596308 2.735164
0.09969941 0.01689889 5.776139
0.1105067 0.01626931 2.66199
0.2113389 0.01772985 9.898495
0.5091049 0.01393473 6.766189
0.5687062 0.01405224 8.579554
0.1491649 0.01244128 5.19986
0.3486743 0.01174415 4.71526
0.1217698 0.01308498 7.396792
0.1326029 0.0189963 4.372478
0.7746791 0.01541031 8.853547
0.6664579 0.01621872 5.153798
0.3175791 0.01551128 10.0129
0.07335951 0.01073799 4.999105
0.1525096 0.008553329 6.687631
0.1212595 0.01236848 8.281229
0.1393648 0.01183366 4.080684
0.1328264 0.010591 3.915556
0.1166426 0.01004411 6.980919
0.07962723 0.01722788 8.765833
0.1229796 0.01137866 7.998442
0.349034 0.01749535 8.810656
0.1364003 0.01766921 4.467497
0.2359962 0.0110452 4.513919
0.2257959 0.01182448 2.59618
0.3303176 0.01303889 5.550587
0.1284641 0.007618969 5.663531
0.2291927 0.01224749 6.468375
0.2940925 0.009214106 2.942202
0.1431203 0.009694778 5.47729
0.2523759 0.01879357 2.93607
0.2082683 0.01352401 5.872293
0.1424136 0.01199578 8.399962
0.9346505 0.0144547 3.890118
0.209951 0.01439691 6.843794
0.1135387 0.008726008 8.114382
0.0617357 0.01850025 6.23851
0.1608485 0.01030346 5.833097
0.1183774 0.01109246 4.544341
0.3999077 0.006343232 3.549215
0.1305024 0.01711394 3.933213
0.1701847 0.01657344 6.412965
0.1053574 0.01547917 3.388864
0.1037583 0.009751861 3.818493
0.08791275 0.0147872 5.784163
0.1708989 0.01520506 2.835048
0.1923614 0.01083765 7.535834
0.1703295 0.01015913 7.560943
0.1521277 0.01007958 7.653299
0.7493485 0.01140778 3.624167
0.07459715 0.01220368 7.030794
0.1537673 0.01181317 3.959633
0.1532734 0.01990614 7.671638
0.1113321 0.01159843 6.752875
0.3742126 0.007369877 4.135196
0.7107946 0.01237812 8.167336
0.2691129 0.01188468 6.989259
0.1801776 0.0217413 3.326422
0.1682615 0.01749476 3.257748
0.07564463 0.01463393 10.27537
0.06374878 0.01402592 2.409771
0.2355114 0.0100995 7.31093
0.184174 0.01036161 4.293655
0.2343916 0.01694921 8.697698
0.561559 0.02039779 6.179294
0.1605846 0.00959123 5.381289
0.2578486 0.01762258 4.064381
0.292059 0.01609742 5.066108
0.1236638 0.01305259 7.191726
0.1451984 0.01445838 4.794682
0.391325 0.01253046 4.876536
0.1956526 0.01156271 4.16613
0.1136008 0.01092195 4.954799
0.04820992 0.01182307 6.83326
0.08841098 0.02484211 5.058229
0.1205757 0.02383653 16.52295
0.1642156 0.01304578 6.092762
0.3158964 0.01238404 5.145163
0.3328865 0.0113078 5.694666
0.2491884 0.00999182 5.594662
0.2350156 0.01524362 4.846447
0.2548296 0.01894353 3.578886
0.1705595 0.01756591 4.996018
0.2857981 0.01067193 4.452579
0.09168051 0.01494312 6.280774
0.1159526 0.01189888 4.84716
0.2908026 0.01830449 7.481131
0.3410513 0.01415807 4.074662
0.5596264 0.01280538 6.480432
0.2562454 0.01281335 2.969651
0.3574695 0.01367355 8.576807
0.2475005 0.01387329 11.49147
0.1846936 0.01456726 4.43742
0.1356792 0.01211935 11.02097
0.1706288 0.01374858 5.748124
0.1650407 0.02060005 4.64512
0.3475234 0.01507794 3.26224
0.08201718 0.01287992 5.86314
0.1088788 0.02037809 5.618729
0.1467989 0.01148057 9.252487
0.1444296 0.01144926 4.563049
0.2146929 0.01333196 3.248677
0.1621437 0.01223027 4.870092
0.2963676 0.009641923 8.960987
0.2508236 0.008713577 5.449694
0.4583751 0.00883992 3.560742
0.7235654 0.01550712 6.142134
0.3157253 0.01228793 7.703553
0.2519258 0.01273934 7.667803
0.2687938 0.009160506 7.785199
0.156838 0.0188964 3.825073
0.2716512 0.01552347 5.171896
0.1035234 0.01261068 4.928784
0.2602361 0.01174429 5.05693
0.09148349 0.01347743 4.538804
0.04426795 0.02164858 6.326417
0.3099202 0.01909872 4.748221
0.1246572 0.0125814 4.951036
0.2137076 0.01610605 8.252675
0.2014196 0.01419927 10.6406
0.1204431 0.0117459 3.456604
0.08466218 0.01044038 3.338865
0.325127 0.01547689 10.1612
0.2913877 0.01231448 3.762622
0.04093607 0.007526191 3.130983
0.08006436 0.01463808 4.579845
0.1678936 0.01146062 9.79985
0.06251236 0.01136636 7.815695
0.2396815 0.0220357 4.108682
0.4253892 0.01714765 3.552312
0.2392759 0.01086587 12.90637
0.5029211 0.01278183 5.549648
0.3701564 0.01575873 3.035338
0.1746764 0.01242193 4.073098
0.3806432 0.01331597 7.211337
0.2583299 0.01680816 5.446336
0.4324361 0.01418787 3.851071
0.2240164 0.01459454 8.164435
0.1562558 0.01509387 12.57366
0.2817903 0.01117123 7.171519
0.1588392 0.01638235 3.883104
0.465174 0.01614525 5.276619
0.2799624 0.01167848 3.402785
0.09771986 0.01726741 7.809785
0.04629693 0.01493382 12.51919
0.08441738 0.01309581 3.83927
0.2249056 0.01639713 8.260877
0.2432439 0.01764155 6.32965
0.3482107 0.01001373 5.505415
0.1227032 0.01642011 3.21602
0.2287584 0.02590558 5.567993
0.1795668 0.01476256 3.799541
0.1266636 0.009692878 4.34385
0.3176919 0.007928555 6.230406
0.2055281 0.009018351 7.853436
0.4117465 0.01190536 5.121995
0.5638165 0.01364038 4.164788
0.1489534 0.008970166 3.418362
0.2291235 0.01656066 3.477218
0.7883283 0.02026237 3.481453
0.6031053 0.01150199 7.589841
0.1295821 0.02487354 6.329982
0.2639519 0.0156123 3.0168
0.4824319 0.01394037 4.886551
0.5155223 0.01823816 3.907553
0.2745599 0.01657488 4.477581
0.1198379 0.01546996 3.713116
0.1658497 0.01866816 3.56425
0.1163916 0.009019851 3.686492
0.1249502 0.01064573 13.28197
0.20282 0.01370136 3.883492
0.2291511 0.00712486 4.200823
0.3726892 0.008234283 6.227138
0.1813852 0.01170453 3.931196
0.2168462 0.01748335 3.413323
0.3015424 0.009920309 3.538081
0.2169022 0.01253612 4.811701
0.5898875 0.01285238 8.502639
0.08661934 0.009890473 4.705015
0.08899199 0.01138803 5.885683
0.2621959 0.006986004 8.429282
0.05381939 0.0107321 6.353991
0.08446532 0.011566 4.244123
0.1637394 0.02031954 4.256041
0.2303602 0.01494137 3.783498
0.2501043 0.01997325 4.191669
0.3376687 0.01472616 12.73719
0.3354533 0.01321073 5.431566
0.7473537 0.01501028 4.963876
0.05915107 0.01155335 4.874755
0.2663997 0.01562823 4.706146
0.1140188 0.007779668 3.720144
0.1497209 0.01319137 5.737194
0.2574274 0.01713648 4.958436
0.4525639 0.01377453 7.355236
0.2138037 0.009206247 10.40421
0.04602994 0.01269778 10.61984
0.08211114 0.009533346 3.99012
0.05781381 0.01773291 3.989862
0.1431012 0.0154064 7.350479
0.09322702 0.01779942 3.733515
0.2089967 0.02179181 3.365014
0.2625243 0.01426348 5.986232
1.193404 0.009125247 4.603986
0.5048846 0.009188707 6.017198
0.2277707 0.01597559 5.509149
0.6566348 0.01013673 4.033353
0.0537339 0.01465189 8.450565
0.1778007 0.01334039 7.694782
0.1959729 0.01091011 4.778189
0.9988589 0.01177664 3.690535
0.5789151 0.01485758 9.454303
0.2343151 0.00916609 3.699565
0.1060438 0.01342424 4.242208
0.2188973 0.01598841 3.653229
0.1444583 0.01485279 3.046846
0.1615988 0.01367642 6.767405
0.3976126 0.01027794 4.041973
0.1883519 0.009089839 6.398386
0.04391311 0.01975025 3.755913
0.04851465 0.01376295 12.00501
0.1744987 0.01249227 3.902358
0.1541925 0.01552283 7.283666
0.2663843 0.008608989 4.838592
0.2931907 0.01156097 4.944227
0.1527399 0.02264789 6.592639
0.9276609 0.01015239 6.234149
0.2076141 0.01218339 5.068777
0.3035385 0.01136325 3.042198
0.2470853 0.008487342 4.123659
0.3687707 0.008470699 6.758868
0.1547198 0.01256399 2.768289
0.1717082 0.01138017 6.150244
0.1974446 0.009328578 7.078937
0.1972823 0.01134572 5.24395
0.2104152 0.01260384 3.430153
0.1280116 0.01175205 9.574241
0.5823301 0.008712867 7.10665
0.3009681 0.01287239 3.153611
0.1442455 0.01166887 4.04505
0.1884062 0.0139891 6.027891
0.1986953 0.011231 4.588865
0.2951828 0.01131471 3.970424
0.2959126 0.01127838 5.432491
0.0804419 0.01705591 6.274465
0.04487136 0.01870119 3.515371
0.06405867 0.01365763 4.149634
0.2024096 0.01219017 4.005264
0.2452629 0.01789385 5.990489
0.112045 0.007500214 4.135017
0.2377761 0.007069921 4.704289
0.1370337 0.01393092 3.228003
0.07362754 0.01538517 5.255455
0.2820827 0.00854591 5.469337
0.2835526 0.007700566 3.04269
0.1660499 0.01643571 6.92662
0.210128 0.01877813 4.186433
0.08341583 0.01253502 3.663885
0.1369422 0.01253015 3.869465
0.2503937 0.008696035 7.12426
0.1567916 0.006655812 7.450629
0.2089792 0.01302576 4.476832
0.240763 0.01798349 10.5639
0.1694468 0.01224004 2.730287
0.3501165 0.00715853 3.59732
0.3165772 0.01066874 5.562238
0.4998869 0.0163069 4.472161
0.5224832 0.01607175 3.970734
0.3637824 0.01692113 3.997729
0.2508025 0.01052814 5.364311
0.2150021 0.01805719 5.040848
0.1052867 0.007562564 2.463086
0.160793 0.0109835 2.87887
0.2050588 0.01031582 11.00507
0.278446 0.01118383 5.306442
0.1548225 0.00884282 3.377102
0.2355102 0.01160552 2.375448
0.1247579 0.01295789 5.455394
0.1010568 0.01195736 6.485859
0.1887306 0.01123647 5.159495
0.2243037 0.01485871 5.763185
0.2073255 0.01185483 5.582125
0.2184822 0.008486121 3.305045
0.1155959 0.01752859 2.939159
0.2319982 0.01504885 4.099469
0.1270928 0.01864645 2.951899
0.05337788 0.01563964 4.624122
0.3962576 0.006752836 6.898716
0.3554042 0.01167332 3.543278
0.3294529 0.01453696 14.11431
0.3751119 0.009688897 4.551532
0.4534385 0.01115067 7.227348
0.03881438 0.01216527 4.658312
0.5263772 0.009634852 4.107937
0.245322 0.01354389 5.160466
0.2741186 0.02382819 3.682535
0.1871411 0.01413828 5.836178
0.2694718 0.01255038 4.528018
0.2889595 0.01665325 6.905165
0.1918859 0.01534195 3.958352
0.1296093 0.01490469 10.55244
0.3408196 0.01513232 4.011587
0.3833574 0.01378576 5.159554
0.1844369 0.01951232 4.241773
0.1096648 0.01450773 11.78666
0.2152641 0.0206709 13.34263
0.2652939 0.008558503 7.181847
0.1366844 0.01134049 7.918391
0.3264952 0.01273442 3.545305
0.09271718 0.01252883 12.01469
0.2256306 0.009306469 7.664839
0.1356837 0.008193488 3.714069
0.2088458 0.01791098 7.970148
0.2142043 0.01207741 3.485636
0.09394199 0.01447319 7.924532
0.2226226 0.01238909 8.939618
0.35548 0.01454162 4.471028
0.1574858 0.009806152 5.217447
0.5394288 0.01268907 5.885926
0.1992846 0.0100953 3.931003
0.1845324 0.01155016 5.695636
0.1122714 0.01458645 5.010518
0.3715727 0.02296183 5.145141
0.1782467 0.01305476 6.930547
0.4723917 0.01744241 3.526206
0.2039195 0.01637471 3.724543
0.2155416 0.01606061 3.747775
0.1496543 0.008938216 11.86728
0.1698466 0.01291975 4.303166
0.04740197 0.007556404 5.569035
0.1148043 0.01180784 4.779429
0.1611461 0.01438202 2.871674
0.217197 0.00600614 4.909798
0.1888622 0.00986846 8.841952
0.1362133 0.01161464 3.57422
0.2226062 0.01865442 4.675978
0.1480221 0.01612498 5.703208
0.1090906 0.01487049 3.894246
0.1367928 0.01086329 4.338897
0.09786702 0.01249402 8.260208
0.260717 0.01371131 5.298315
0.1535118 0.01060549 10.97643
0.8388308 0.006134025 5.436386
0.2414341 0.01027958 3.79863
0.1691998 0.01699263 2.922129
0.1183976 0.01057185 6.330152
0.1977619 0.01499723 5.38875
0.2366235 0.009816301 5.136877
0.09421249 0.009249666 7.088488
0.3757591 0.01436189 4.250726
0.1486418 0.007370442 7.930221
0.1365473 0.01612841 4.042505
0.2679734 0.01515999 5.00044
0.6401538 0.01201797 7.856531
0.09513065 0.01082372 5.560837
0.4387315 0.01281783 6.327995
0.4201355 0.01302544 4.310344
0.4055334 0.008002154 7.202726
0.1671233 0.01183787 6.754156
0.1662968 0.01405961 5.865
0.1656107 0.009849502 3.895333
0.04723716 0.00899451 4.848489
0.21352 0.009579669 5.745384
0.1880922 0.01558878 3.330378
0.2237733 0.01727547 7.350296
0.09457786 0.01667169 7.424601
0.1609728 0.01168479 6.35678
0.1167437 0.0091918 9.018113
0.9060777 0.01028747 7.169251
0.3739226 0.01249548 6.642152
0.2599172 0.0150661 3.00519
0.1014131 0.01544561 3.611759
0.2847806 0.01627908 4.352131
0.1842389 0.01400518 3.300756
0.2446358 0.01497396 6.628133
0.2115844 0.008576285 2.66587
0.1329845 0.01265865 6.188251
0.1778436 0.009082785 3.392431
0.2937817 0.01457956 4.538335
0.1403918 0.01367387 3.075848
0.1484262 0.01214562 3.417773
0.3794846 0.006494829 3.502982
0.1446095 0.00844332 3.991428
0.4347205 0.01241512 7.160334
0.1176297 0.01592324 8.961051
0.04282448 0.0150007 7.230151
0.2120352 0.01591051 6.44444
0.3419547 0.009756258 4.472752
0.2772558 0.0123383 4.683686
0.3711421 0.01116473 5.6953
0.09288408 0.008710736 3.773595
0.2703617 0.01166059 5.173392
0.269258 0.01140492 7.232766
0.1407615 0.01794909 4.701003
0.06107119 0.0119158 4.783655
0.0915074 0.01220302 6.197908
0.1715086 0.009266242 8.888094
0.1198551 0.01983803 5.037621
0.3519019 0.01653513 4.860401
0.1328299 0.0188439 7.768822
0.1691426 0.007680707 6.883619
0.4403935 0.01075396 5.646865
0.3205012 0.01122688 8.817286
0.08152361 0.005093508 7.860691
0.303492 0.01860927 10.06515
0.2104985 0.00849051 3.562993
0.04090078 0.01131442 8.48697
0.1456142 0.01295419 5.578952
0.2347991 0.01155514 2.640372
0.3025476 0.01306376 6.413532
0.055688 0.0136108 4.892895
0.1408862 0.01340358 8.368973
0.2719355 0.009881432 3.716851
0.1818702 0.01198441 6.965243
0.3128657 0.008132414 3.874061
0.4111154 0.01287936 10.1756
0.1865835 0.01052279 4.539217
0.06106719 0.009484772 3.650623
0.175531 0.01871602 5.326535
0.1913073 0.01009233 4.743384
0.2863277 0.008616362 18.06097
0.08502582 0.01711254 6.750186
0.2099011 0.01384115 7.123645
0.2436607 0.007812819 7.879768
0.3319615 0.01531783 5.988113
0.161081 0.008739217 6.794127
0.1579019 0.01407545 4.56897
0.1718922 0.01397687 3.566725
0.1583248 0.009944753 7.611724
0.1397464 0.01122734 3.898824
0.1164624 0.01264716 6.873661
0.3437356 0.01144248 9.433883
0.3211853 0.01610401 10.1008
0.3695905 0.01850921 9.910481
0.1034342 0.01041796 9.905549
0.1371516 0.01144318 5.440104
0.2163637 0.011153 5.593615
0.149789 0.009260269 6.397481
0.1799006 0.0140608 4.510747
0.1503988 0.01494238 6.573078
0.1632576 0.01219458 7.98837
0.4008212 0.01627675 5.735012
0.1043168 0.0190133 6.489056
0.1690471 0.02469237 8.455795
0.1189812 0.01111051 4.646809
0.1585165 0.01398787 6.022587
0.1480196 0.009854679 3.396599
0.1869812 0.009654616 3.188444
0.3280824 0.01505212 5.198314
0.2708104 0.02116683 2.921595
0.3382441 0.01437067 4.619359
0.3603803 0.01521919 7.132759
0.453381 0.02001747 10.59722
0.1346219 0.009200485 3.428471
0.5254934 0.01622491 10.10757
0.1208691 0.01889939 4.360102
0.2298952 0.01525398 7.398794
0.1937274 0.008269524 3.404331
0.3095277 0.01392008 10.0105
0.1033937 0.01840418 15.89777
0.07128935 0.01300257 5.455276
0.05246256 0.01247548 4.231401
0.3135497 0.0102281 5.109166
0.2430179 0.01295714 3.007698
0.1932797 0.01139119 2.788936
0.2990023 0.01161304 4.954517
0.105751 0.01077187 7.555116
0.3121403 0.01289794 3.865595
0.09034565 0.01156998 5.156571
0.2506285 0.01124716 7.403054
0.2025673 0.01070315 3.584541
0.2285692 0.008127956 5.790229
0.2319547 0.009221734 6.889704
0.4857675 0.01093379 3.411744
0.1105989 0.01525843 8.941064
0.1379213 0.01398662 5.02665
0.1478836 0.007139373 3.949062
0.2748173 0.01272154 3.072992
0.2007734 0.0151432 3.617635
0.1405684 0.01401537 4.193609
0.4736638 0.01328463 5.25057
0.3639559 0.01823016 2.983963
0.2923131 0.01078099 11.13022
0.3630342 0.0132201 5.905449
0.2009437 0.009517535 5.057828
0.2504509 0.01445651 9.380621
0.07294922 0.01457189 3.331509
0.1523727 0.0168591 3.953903
0.1563373 0.01439434 4.694018
0.1905222 0.01822458 3.533501
0.04572318 0.01048082 6.483898
0.07884817 0.01536927 9.929874
0.07854628 0.009114819 5.855021
0.2261543 0.0116749 5.643542
0.2172003 0.007172716 8.351591
0.1289338 0.01780458 7.356955
0.222463 0.008893176 6.159281
0.3041774 0.008230536 5.080187
0.1074063 0.01777291 7.296453
0.3314516 0.01354733 3.139852
0.2420073 0.01697782 4.185988
0.2402719 0.01948995 5.047632
0.3733197 0.01612801 4.715717
0.1839008 0.01179311 5.760835
0.114706 0.009000672 9.521988
0.1389924 0.01126513 3.545264
0.118981 0.00774111 11.23881
0.1260713 0.01245892 8.486026
0.4073182 0.01335565 7.101681
0.1037293 0.01339916 8.751734
0.2752938 0.01188628 5.529367
0.3654994 0.00961147 3.527113
0.2502662 0.0221893 4.557131
0.1214114 0.01825078 9.980226
0.09414631 0.01066486 3.428757
0.08538187 0.01075844 4.385665
0.04064389 0.00969556 4.236734
0.1106894 0.01448335 6.737409
0.1452162 0.01137879 3.497032
0.1778474 0.01035724 6.828092
0.198408 0.01389501 5.496837
0.1622178 0.01453302 8.108392
0.262745 0.01854498 8.521018
0.177384 0.008376324 3.178121
0.06177239 0.009847853 6.455168
0.1445568 0.0210322 3.522601
0.3129852 0.02022157 4.049677
0.1773903 0.01085414 3.248825
0.465922 0.01347533 7.799114
0.383166 0.004936644 3.456014
0.2838223 0.01204613 9.407531
0.1935283 0.01418399 6.425645
