"nu" "alpha"
8.485764 0.04151537
7.189343 0.2982236
8.033225 0.4491036
7.790109 0.2851692
6.869276 0.4051339
6.369831 0.172143
7.270223 0.1132139
8.013365 0.2476213
5.787296 0.2981178
7.666362 0.05077981
6.701134 0.1278247
6.292576 0.1799771
8.347476 0.3850251
6.268644 0.2925199
6.977575 0.0849625
9.514717 0.1003185
6.4683 0.3344132
7.447352 0.257173
7.416744 0.3699255
8.895661 0.2755911
9.012831 0.1434153
9.566317 0.1101917
6.665035 0.2153004
7.153857 0.1079454
7.477312 0.1913338
7.689344 0.2243978
9.387085 0.07467831
9.008654 0.4119547
7.634141 0.1418962
7.559311 0.2048787
7.115933 0.1393829
5.546667 0.3162418
5.805898 0.1257979
8.283573 0.1211536
10.52907 0.2579285
7.046786 0.4494274
9.993082 0.306013
9.615383 0.2006776
6.30996 0.262513
7.952802 0.3040616
5.309616 0.2211543
8.733379 0.0898074
6.902091 0.2514378
7.742158 0.2814334
8.548369 0.2920897
13.83296 0.2913868
8.420955 0.4426733
9.27971 0.2330723
8.21408 0.113594
10.31757 0.2489811
8.645022 0.1387334
7.650361 0.3996772
8.063377 0.2685427
7.939571 0.1350113
11.06405 0.1689941
7.060883 0.03876381
7.752603 0.2894924
10.04997 0.3408064
7.044391 0.1332178
7.27767 0.06475418
6.110603 0.1409715
5.552868 0.1852362
10.46688 0.4453998
5.392997 0.4036439
6.673067 0.1599732
5.42071 0.03231986
9.630952 0.2087482
7.360873 0.290174
6.871212 0.2793847
8.477298 0.2624076
8.689142 0.2115091
7.235252 0.1002932
10.51311 0.02493554
8.603002 0.3009239
6.085139 0.2662941
8.493602 0.07344019
10.37664 0.06478044
8.825881 0.0827492
7.229133 0.3938086
7.283946 0.04209024
7.279895 0.1659551
6.469049 0.03017109
7.051896 0.1484686
7.457992 0.2629157
7.592914 0.106737
9.004644 0.1285143
6.266655 0.2779175
8.166456 0.1944805
6.716725 0.1927015
5.925725 0.4717263
5.76459 0.3720473
6.247389 0.2275204
6.476584 0.2652011
8.822314 0.1058926
11.86883 0.2302786
7.943945 0.4786745
9.942731 0.25078
11.15818 0.081239
8.654382 0.3243071
8.388709 0.1451374
7.176126 0.3329016
10.26889 0.4432874
8.058775 0.1662051
5.430546 0.267345
9.493238 0.1571298
9.713074 0.2042674
8.393274 0.3423837
6.001256 0.2780587
8.302986 0.3325197
9.159647 0.2106694
7.622453 0.2338971
7.057011 0.2283774
10.25565 0.02663082
6.024086 0.1225321
7.094356 0.4253531
6.464509 0.06458843
8.42868 0.1472354
8.486375 0.1735269
6.716406 0.154526
7.646524 0.1732229
8.449883 0.2407826
7.070868 0.1930417
7.973748 0.1641189
6.818336 0.1808735
6.406009 0.1794187
8.940645 0.08208228
7.581564 0.3143584
6.933093 0.1793764
6.6439 0.1144654
7.666107 0.2785803
5.470399 0.2189162
7.543058 0.4106051
10.76204 0.1958963
5.493979 0.1558695
7.949285 0.142566
6.692934 0.2291592
6.990018 0.1981357
6.914501 0.2300832
6.674241 0.3980281
6.332328 0.08832353
7.132618 0.06535188
8.542899 0.106894
7.553498 0.09530898
6.05849 0.0564525
8.455551 0.1443052
6.853037 0.149917
10.49104 0.09391344
9.416006 0.1892095
7.806286 0.4362928
7.522652 0.4058394
8.32489 0.06567001
7.216549 0.4639876
5.85515 0.3031544
8.870718 0.06306002
7.781959 0.1551444
9.307263 0.02236794
7.499238 0.05946736
7.55239 0.2513863
7.32907 0.1376538
8.834016 0.04232433
7.666635 0.1767426
7.702308 0.05750812
8.446301 0.3167399
7.73623 0.2176544
6.271766 0.3011695
5.530665 0.4448607
6.071053 0.4609598
10.06831 0.1185473
9.958601 0.346468
10.68276 0.2669621
9.713127 0.245188
13.20144 0.1927477
9.957094 0.1851764
9.431019 0.1262284
8.363851 0.126077
5.738781 0.3601874
9.021723 0.2139438
9.965421 0.4568226
8.688037 0.2585108
5.89686 0.2796687
7.499833 0.2398029
7.939043 0.1579618
7.879437 0.07796278
7.25312 0.3150175
9.375089 0.118068
10.6965 0.08220573
6.912468 0.2943231
6.070287 0.4488744
6.245613 0.391076
8.450115 0.1605336
5.510317 0.1796383
6.449864 0.1860613
7.884271 0.2876593
8.089878 0.1761331
7.710859 0.1577941
6.719463 0.4063792
5.965772 0.09799794
8.961008 0.1341199
6.563492 0.3140268
8.879914 0.1115709
7.375121 0.4199541
9.44412 0.3754326
9.547021 0.3195342
7.209682 0.1687389
7.5671 0.2098501
6.50231 0.2339191
7.33111 0.1263035
7.59895 0.1125837
8.832567 0.1658352
4.985633 0.04922207
8.81602 0.06939138
7.219796 0.1814709
6.361774 0.2621902
7.241213 0.1956204
7.307197 0.081541
6.925187 0.2470591
7.680174 0.2009635
6.317464 0.4095448
5.985613 0.3754423
9.082373 0.1313695
8.03794 0.2795642
8.195106 0.07387554
7.153718 0.1204343
6.459835 0.3715913
7.260819 0.07598166
9.494916 0.230693
9.35128 0.08406479
9.357922 0.1207939
9.56749 0.1541923
8.080571 0.3292616
8.800001 0.09583024
6.427503 0.06051838
6.368716 0.2256388
5.625121 0.4477182
4.953784 0.2720431
7.632143 0.1196657
6.294746 0.04794364
5.862561 0.0386235
5.76465 0.4329216
5.589793 0.3729486
6.389558 0.1779813
7.447487 0.264428
6.653746 0.4162217
6.351114 0.05161583
5.842413 0.0224838
6.02995 0.05966295
9.767757 0.1285638
8.88005 0.2422812
6.425491 0.3469679
9.046885 0.1584926
7.705067 0.3818774
7.416209 0.290623
8.050514 0.3249056
9.21739 0.3481323
7.143768 0.1482401
6.6047 0.1069547
6.074292 0.1156105
6.536283 0.4466741
10.02696 0.2663261
7.949984 0.1941462
7.748624 0.2890092
12.39527 0.2510935
7.516427 0.3803308
6.420772 0.1934117
6.830218 0.4031395
9.545257 0.1390297
7.730896 0.1085495
6.361204 0.1677193
6.257456 0.4028675
6.858221 0.2046789
6.885298 0.2257542
7.349825 0.1223475
6.870397 0.1435235
7.352931 0.4254612
8.465399 0.3046106
7.398526 0.3007302
9.453266 0.1938374
7.044272 0.2289574
8.259862 0.1943427
7.621223 0.4945655
6.488473 0.1025813
8.253269 0.3542282
7.086489 0.1729772
7.944218 0.285662
8.321541 0.06839501
7.175235 0.2521147
6.95503 0.2138429
8.572665 0.1234176
15.66715 0.06373432
10.21699 0.277395
9.069193 0.07229063
8.304685 0.3985373
10.27496 0.05067141
9.028354 0.04236777
10.13587 0.2469197
9.444611 0.2098367
8.385031 0.03899737
8.209663 0.2558019
7.274646 0.09481609
11.59798 0.03498228
9.609895 0.2631616
11.68204 0.03907042
8.255795 0.07128429
7.431189 0.2914943
6.635543 0.1208514
6.647061 0.1086582
5.209047 0.1436705
6.712892 0.1716
5.864938 0.4336207
7.360854 0.3269525
6.964733 0.03025796
8.372671 0.2270107
7.538867 0.3539364
6.553038 0.104719
7.410043 0.4999844
5.253108 0.2148946
6.040598 0.1243759
7.623266 0.23866
6.411587 0.3489197
5.776365 0.2592071
6.895475 0.05284344
5.461432 0.2805982
5.096173 0.3899997
7.428059 0.402077
9.009778 0.2367314
8.208046 0.1836638
7.108338 0.2685457
6.167869 0.2650183
7.89855 0.1896132
7.761749 0.2557519
6.874111 0.3306696
9.460934 0.05999398
8.277621 0.224691
8.247714 0.190907
8.962989 0.2027755
7.460647 0.3607555
5.562041 0.4642244
5.674034 0.2186806
5.930467 0.2092175
7.669878 0.02470561
7.466644 0.1707641
8.561603 0.09284227
13.08572 0.1098994
8.124809 0.32644
8.808678 0.13383
6.965043 0.0798819
5.77068 0.1255052
6.331906 0.4638868
5.514698 0.4113114
7.080825 0.1084835
7.565952 0.3403877
9.741248 0.03634919
8.563905 0.09502445
9.389197 0.09466964
11.78271 0.1572568
7.500925 0.1701547
8.747684 0.1715592
8.300285 0.1290588
8.042014 0.1091628
7.037452 0.4774149
6.812795 0.2977012
7.017364 0.1723797
8.16424 0.2931578
8.678302 0.3476924
7.730061 0.07215408
13.07489 0.3348999
9.472717 0.2611539
8.494897 0.4703983
6.349175 0.1000933
7.71853 0.1991831
6.348698 0.4641662
7.965476 0.3302982
6.679099 0.02996579
7.661953 0.120154
6.770283 0.1637512
5.645721 0.1926096
6.672123 0.2710049
9.223094 0.2011416
6.952552 0.2372258
6.673961 0.2865649
7.281993 0.2479642
6.700544 0.08608231
6.338045 0.3251741
7.536956 0.128377
7.023128 0.03379208
5.884422 0.05584241
6.701926 0.16687
7.249536 0.2920718
6.659205 0.3305148
6.833518 0.086532
9.284867 0.0312225
10.14802 0.1706281
8.75619 0.03307504
8.372392 0.0816506
11.77314 0.06988771
7.988781 0.1228075
7.473291 0.07804324
6.289719 0.05041671
6.572604 0.4932035
7.880095 0.1941509
5.429366 0.1953546
8.327534 0.1591696
11.6338 0.2313908
7.592197 0.1886605
8.377734 0.1852586
7.924239 0.1247818
6.502518 0.0855737
8.779637 0.1408891
7.536408 0.2433388
7.983121 0.0926179
7.919443 0.1279384
9.794322 0.142363
7.31711 0.3423269
9.549418 0.1284774
7.08778 0.2374757
9.472687 0.06793164
6.850925 0.3810638
6.788541 0.3091554
6.541405 0.08893942
6.35824 0.2997521
7.998983 0.2091076
8.920457 0.1078989
9.609085 0.19204
11.6115 0.07609934
10.30555 0.3291015
6.951463 0.1082223
5.421939 0.2288055
6.474368 0.2917568
10.37366 0.09001562
11.436 0.1604359
10.61993 0.2886827
8.633404 0.3064613
7.353747 0.2049102
7.082034 0.1179399
9.942186 0.1478693
9.64203 0.05680476
9.847004 0.07293461
6.339512 0.2399421
6.864733 0.04538089
6.643448 0.07617945
7.895713 0.02798415
6.918187 0.43189
7.529946 0.1534942
5.733339 0.07611552
7.462027 0.4658327
6.201967 0.1421331
6.530946 0.2371917
7.604771 0.2148598
7.857897 0.2497275
10.83008 0.1890788
8.414086 0.1968439
8.031739 0.3066785
5.702318 0.1964729
6.668971 0.3457429
7.322243 0.1103716
7.795118 0.3218522
8.601378 0.1879912
6.594313 0.1890671
6.002792 0.08339646
6.417883 0.2818307
5.691554 0.1249439
8.016578 0.2194096
6.016295 0.2571107
5.99035 0.1579815
6.721032 0.1855745
5.38252 0.06704069
8.940009 0.06617512
8.685524 0.1240635
8.654921 0.1544445
7.28493 0.09529905
9.028668 0.1751093
7.760964 0.1010089
7.50767 0.3127885
7.681813 0.4580602
7.106316 0.2423003
7.635711 0.2100256
6.729387 0.122659
6.067704 0.2219389
6.18557 0.2195883
7.393666 0.1932449
5.646485 0.05807959
8.119453 0.0315788
4.763054 0.4286033
5.426338 0.1112276
6.806458 0.1776666
8.777856 0.2422566
6.054887 0.07112729
8.53292 0.2753646
7.224515 0.3941744
8.846447 0.3436691
6.640469 0.1158628
5.896012 0.1500322
7.649003 0.1103832
8.111884 0.3208144
8.596238 0.07240185
7.58413 0.2015605
6.98808 0.1361538
5.80656 0.3668593
6.532209 0.1045596
9.255838 0.1795791
6.90067 0.08172634
5.564681 0.1799493
6.953799 0.3542495
8.522821 0.2344154
6.105149 0.216901
5.062679 0.2561404
5.767173 0.455498
4.835554 0.06526946
7.647958 0.07583981
7.688283 0.05450185
8.372087 0.256678
6.801055 0.3499367
5.878291 0.1534528
7.597562 0.2117273
6.466227 0.3803503
6.289964 0.4442427
5.561313 0.2132993
7.653299 0.2535983
5.039286 0.3735439
11.21051 0.05797638
9.167113 0.1230118
10.40976 0.1704467
10.23394 0.2165334
13.43522 0.1851223
7.169631 0.1801882
9.276626 0.3108097
7.286196 0.2449136
8.068259 0.2387839
7.354449 0.4183967
5.821069 0.4057341
9.666764 0.04856594
7.302934 0.09736842
5.665547 0.115462
6.878356 0.1356679
6.331824 0.164995
7.029397 0.3054507
6.86092 0.1793912
7.633082 0.2071378
9.107952 0.4372897
8.864895 0.1218008
7.90644 0.2537806
8.368665 0.3355074
7.534956 0.06837162
7.109483 0.1245442
8.475479 0.07208976
10.12607 0.3370567
7.808924 0.232015
8.339617 0.4306737
9.131009 0.2059733
6.593531 0.3241167
6.258183 0.2367752
7.778312 0.2989913
7.204642 0.4205061
8.358813 0.07373842
7.688445 0.2324236
7.367396 0.04816417
10.30344 0.3260872
7.781373 0.2839293
10.27451 0.09655876
10.32638 0.1956698
7.674486 0.2601678
7.833328 0.2365724
7.031438 0.329664
6.963283 0.1904905
6.838948 0.1882099
7.052656 0.1433187
6.768934 0.3985264
11.96192 0.03510248
8.340823 0.28241
8.086144 0.1071986
9.543763 0.06859958
9.588582 0.2646754
8.340779 0.05605266
12.08397 0.2850449
8.593062 0.110712
8.055231 0.2236156
9.789157 0.09147215
6.52069 0.4982457
9.298386 0.07563755
7.681713 0.4676829
6.697288 0.3228473
8.665724 0.1327682
8.4474 0.1553511
7.894624 0.1971014
5.642542 0.2157016
7.436735 0.06503312
8.590202 0.06618307
6.882268 0.1086534
6.301962 0.1507676
6.494349 0.2845682
6.529509 0.1957392
8.071688 0.08425705
6.804271 0.2104341
7.745643 0.4590562
6.038739 0.2939333
6.801911 0.434204
7.83705 0.227321
8.511974 0.1553616
11.15245 0.1216348
8.236249 0.03338499
7.463895 0.1578593
8.866398 0.06622722
14.02953 0.2809901
12.57607 0.08986366
8.49278 0.08627383
6.484279 0.2352125
11.88262 0.08409293
7.213321 0.2737407
10.09617 0.1701689
7.107945 0.2012257
10.75676 0.0700677
8.242108 0.4745011
9.346377 0.02968978
6.394668 0.1562427
6.096242 0.2306133
7.937762 0.4533553
7.797818 0.3567954
5.801955 0.3866147
6.159627 0.451324
6.867181 0.1003876
7.616287 0.1739238
6.422513 0.1148885
7.891431 0.1592998
7.371412 0.02195113
6.500895 0.4132919
6.603482 0.4920264
8.198164 0.3082503
6.611092 0.03611013
7.305687 0.1910252
9.026577 0.08055913
6.39381 0.1576182
8.984867 0.1361575
9.736811 0.04759771
5.913852 0.3608823
8.701615 0.3853302
8.397335 0.09425839
6.066254 0.1583143
8.145636 0.1226565
7.571975 0.360338
6.751891 0.05473789
6.836366 0.2650115
8.530397 0.07193382
7.960367 0.3482581
5.258991 0.09305594
5.615447 0.2594213
8.442906 0.04907437
5.286442 0.4457071
5.383524 0.4347385
6.575439 0.07725247
5.039598 0.1498124
6.356293 0.2777131
5.372588 0.02746515
7.009395 0.1822622
6.742503 0.2986034
6.035422 0.45178
9.785175 0.150211
8.330008 0.05037446
9.025192 0.3737729
8.78008 0.05969625
8.293272 0.1515306
8.708346 0.1555914
9.422139 0.1836395
11.79716 0.05276084
10.20703 0.07821732
9.073679 0.07867155
8.2823 0.04514983
8.767731 0.1410731
6.963212 0.1346716
8.670722 0.4235856
5.925416 0.3838329
6.124889 0.296571
8.786617 0.2625209
8.249297 0.179078
7.039397 0.1645026
9.075029 0.1304561
7.43905 0.217863
6.592194 0.1722461
7.334256 0.2805186
7.562581 0.1408431
6.817467 0.4209569
6.03538 0.3698025
4.97196 0.3380936
6.146406 0.06316444
9.267924 0.3485811
5.886247 0.4687271
6.732281 0.05109399
8.165489 0.1762819
7.241442 0.2819461
6.920802 0.1620327
6.96846 0.3640164
9.465152 0.07468872
7.587811 0.1961527
7.685385 0.1972268
8.777936 0.2215766
7.173189 0.1288046
7.432927 0.3057572
5.664363 0.2493543
5.712654 0.26349
5.294708 0.259142
7.251783 0.1284543
6.303045 0.1725025
8.536864 0.453094
8.451649 0.1329594
7.589046 0.12573
8.106877 0.2343248
7.794222 0.1588273
6.013533 0.1127771
8.356152 0.09546524
6.5834 0.1110089
6.475279 0.1058059
8.263349 0.1376393
7.7569 0.1488535
6.005922 0.4922315
10.70086 0.1868644
8.251495 0.2497987
8.015968 0.312977
6.31036 0.3359767
5.982781 0.2179181
5.337781 0.02600106
4.580718 0.2124529
7.703088 0.3829588
7.256097 0.1892097
6.986732 0.1468967
12.86915 0.2119647
7.251502 0.4396353
6.680877 0.3316503
9.085189 0.1393647
4.736575 0.1636273
6.1943 0.1244237
9.829023 0.3605034
7.93839 0.2242679
6.807733 0.3008099
7.945224 0.2357911
6.553576 0.2631796
7.189248 0.3681624
7.921856 0.1644505
9.303811 0.3595881
8.236734 0.07146034
8.509884 0.3811884
9.914039 0.1079913
5.282036 0.2635584
6.486811 0.1213087
6.655842 0.4144852
6.384818 0.4674699
6.914881 0.3365059
8.177892 0.3955059
8.588596 0.3959199
7.056068 0.2996485
10.67852 0.1518484
6.13369 0.3028088
7.227195 0.2295298
8.580919 0.3091518
9.439961 0.2364093
7.43105 0.2337677
9.106218 0.1027464
7.568462 0.2057879
6.060142 0.2910546
6.16265 0.4946995
6.752191 0.243889
6.417799 0.1813945
6.888467 0.2443881
10.84525 0.02548981
11.15128 0.1599846
9.836792 0.1772204
10.36317 0.2993411
8.769859 0.06503007
13.8002 0.04981778
10.12914 0.2282599
11.84292 0.1016047
8.393033 0.06156999
8.23713 0.4142478
11.17666 0.2769247
11.9185 0.04428985
8.246428 0.2182744
7.879753 0.2994001
6.293837 0.07291161
7.102895 0.1281068
5.889444 0.09351701
7.673341 0.4195925
7.984919 0.3218946
6.25213 0.07909558
7.604406 0.2986529
6.852627 0.1924773
7.400905 0.2631962
7.974054 0.4017141
5.932506 0.1600683
5.875889 0.1841494
8.527929 0.08834858
7.179365 0.04270961
7.361234 0.3384251
6.200953 0.06481323
6.841705 0.3378289
9.598363 0.1279264
6.974639 0.4569942
6.549807 0.2392303
8.127924 0.05557837
10.9699 0.1075629
7.580577 0.2188956
6.159557 0.3384903
12.27495 0.1903197
9.098472 0.07790696
7.903518 0.07370943
7.904969 0.3064298
5.584469 0.1383029
7.788399 0.1949503
7.006539 0.1600131
7.290636 0.08547517
6.618929 0.09049522
6.725954 0.08529905
11.19281 0.09445841
7.019097 0.1206543
10.30677 0.1982723
6.724114 0.1150509
7.020287 0.1569935
6.040921 0.1056499
6.441189 0.3026889
5.766007 0.4210384
5.302217 0.1063533
8.504105 0.1518447
7.552388 0.4087539
6.157793 0.147105
8.883492 0.08721108
9.059682 0.1541359
6.929513 0.1299118
8.816698 0.1234531
7.62387 0.2682189
7.83924 0.1604504
6.83926 0.3625128
6.370826 0.3611563
10.01708 0.3027934
8.79939 0.1834321
9.484587 0.1501534
7.22528 0.04677567
7.857237 0.155887
7.614455 0.2818784
8.563588 0.2711346
8.185527 0.1715434
6.423287 0.3826584
10.31441 0.1869753
6.787784 0.2066142
8.474852 0.3492364
6.375874 0.1500122
8.454406 0.08619624
9.968928 0.1522748
8.17561 0.2629253
8.625601 0.2157335
7.521579 0.2004807
7.845826 0.3664341
8.797156 0.1163995
10.81474 0.0766043
7.40763 0.2261896
8.82487 0.2728768
9.799893 0.02608392
6.732123 0.4817747
8.425674 0.1852968
8.127175 0.3948212
8.793979 0.2075577
6.601888 0.1453433
8.769968 0.2051206
9.353037 0.06299478
7.633657 0.3377264
8.680594 0.06235838
10.62195 0.1621826
9.30891 0.2824067
7.851953 0.1787425
9.608184 0.2183303
7.358605 0.09133818
8.450369 0.2683256
7.807546 0.05879489
5.682356 0.03401383
6.810302 0.381199
9.669817 0.08427945
9.538149 0.3236289
8.013622 0.08517852
9.801309 0.2429509
9.904762 0.1498497
8.939963 0.1635878
6.822014 0.08871123
9.72367 0.3154788
10.21452 0.116406
6.33431 0.0563128
8.07955 0.2830117
10.53854 0.3137586
8.973952 0.1596613
8.07023 0.08027807
8.046127 0.1888355
6.158747 0.2092012
7.23716 0.4317901
9.023687 0.2231576
8.4617 0.2157197
8.659544 0.1259279
7.663809 0.05548258
8.722401 0.2357842
9.724435 0.2579922
7.579176 0.4418946
5.63684 0.4064828
7.616651 0.125408
6.971521 0.1203099
6.456145 0.2502398
7.171087 0.3176307
8.251399 0.4676863
8.282507 0.4865826
9.50462 0.1962769
9.09234 0.09385685
6.430774 0.1594853
8.330086 0.1281194
6.40165 0.07433674
6.691472 0.1580919
6.048629 0.04707863
6.755998 0.2867792
8.032375 0.2353524
11.58098 0.08836052
8.450262 0.06871012
9.929123 0.128911
7.745045 0.3513636
10.57738 0.103816
6.911255 0.2407274
8.224328 0.0817427
6.725258 0.3080617
8.489497 0.3485529
6.410892 0.170137
9.010551 0.3515887
8.868519 0.3409621
6.048633 0.17665
8.44622 0.06004623
8.252475 0.1623798
5.909901 0.3912268
7.407901 0.1054318
9.211126 0.2315986
8.896283 0.3742437
8.5797 0.1988566
7.710462 0.1650936
7.063555 0.2539069
10.91906 0.1278376
10.67449 0.1391787
9.208313 0.2593917
8.337257 0.3399746
7.912592 0.1972898
9.739287 0.07769019
6.413049 0.2943895
6.219769 0.07814313
6.208752 0.2530442
6.419747 0.4366726
9.04085 0.03215676
6.406099 0.299794
9.192605 0.4675694
5.976514 0.09766239
7.814358 0.4168555
6.407411 0.2106675
6.043756 0.2297449
7.095407 0.1465681
6.631571 0.3169713
6.584628 0.2429831
6.329811 0.1392341
8.917933 0.2624769
8.434869 0.3711584
7.474552 0.02316627
8.455752 0.2198703
6.328476 0.4916677
5.498205 0.2506242
7.47721 0.2073082
5.672816 0.1996429
6.130246 0.4215169
7.712555 0.2970325
9.486683 0.1822082
10.18064 0.04558569
6.844298 0.1381504
8.21268 0.3486548
8.40944 0.1192158
7.023533 0.1021634
8.236102 0.4366096
7.776499 0.3717593
11.8585 0.1391068
8.664372 0.4397758
7.606416 0.175285
6.890228 0.2780846
6.44249 0.2303617
9.242893 0.2321019
8.663451 0.3618914
5.656285 0.1443422
6.264225 0.130883
6.774521 0.3096435
7.988856 0.08459805
7.76455 0.1641242
11.44654 0.1654475
5.640178 0.447063
6.196057 0.2766154
6.753239 0.1244649
7.661136 0.2438626
8.770808 0.2146977
5.271878 0.1686333
7.2815 0.2005748
8.258821 0.2236921
5.459373 0.1002354
10.2332 0.04734331
8.831626 0.130433
9.08464 0.1409923
6.156278 0.1587423
10.25938 0.2023845
8.446822 0.2794739
7.960548 0.2315719
7.634652 0.2648294
6.714018 0.1990804
6.702281 0.07998123
6.193327 0.2063057
6.734014 0.1451804
6.74993 0.04845134
6.592339 0.1837962
7.427228 0.2986011
6.908738 0.1557871
7.783786 0.2113205
8.032566 0.1300105
7.43457 0.4204125
5.980474 0.269695
5.319109 0.1802038
8.268177 0.2703315
6.954925 0.1688966
5.719393 0.1406178
8.345662 0.4239786
9.003782 0.2790046
5.83994 0.4571363
7.709604 0.3769067
7.541224 0.06007326
9.342362 0.07895445
6.886853 0.3338645
7.890459 0.1101412
11.56565 0.3025548
9.698208 0.4259954
11.98166 0.06992137
9.09595 0.08944808
7.575693 0.3991558
8.457825 0.2574971
9.188799 0.2768864
7.242326 0.1323068
9.565967 0.1325232
7.78497 0.05442882
7.362882 0.04668125
6.21098 0.2736209
7.133986 0.4375649
9.058469 0.3395594
7.006453 0.3782711
9.137547 0.1833559
10.85225 0.2089972
7.548119 0.2151507
10.43618 0.2035001
7.31561 0.1485878
10.01391 0.1325831
6.854012 0.1420658
7.791487 0.09433533
5.876132 0.07831666
7.166463 0.2270237
7.631318 0.1727941
6.282865 0.1012756
6.303461 0.05949515
7.792777 0.1321255
10.03446 0.3768219
8.635124 0.2475604
8.025115 0.1835078
5.853912 0.2225043
9.27656 0.1520914
5.899019 0.4210555
8.685009 0.2826593
8.574139 0.0337679
10.6717 0.3891951
6.678328 0.1044436
10.15722 0.08817665
7.403056 0.1830492
7.015278 0.2485038
8.753193 0.4033323
7.658402 0.42553
7.010227 0.2073197
8.408968 0.2799546
9.511757 0.03138212
8.629088 0.1177102
8.944648 0.1806903
8.041697 0.2067814
6.615675 0.3519877
7.536772 0.09870327
6.518188 0.08915999
9.342285 0.2434794
10.30231 0.04990317
9.06831 0.1418983
6.68561 0.1527271
7.795562 0.07651469
7.377213 0.1129644
8.481172 0.2250864
6.611313 0.4074008
7.464074 0.4641973
8.417538 0.1161379
8.009388 0.04694761
8.594995 0.06238486
8.325766 0.2150606
7.701149 0.1870582
7.942707 0.2452178
7.877115 0.2250791
4.862077 0.1727935
5.62497 0.2988005
6.127592 0.3793698
6.272563 0.2553412
8.417589 0.06672313
6.253234 0.1577214
6.970989 0.4251515
7.095019 0.4789743
7.886343 0.3082676
7.191399 0.2606718
9.194369 0.3187108
9.893258 0.4555588
8.687587 0.2947163
7.618766 0.1179504
9.537968 0.439792
6.172101 0.1508204
10.0918 0.08116837
8.997902 0.131209
10.57834 0.2239337
10.06241 0.402719
9.258552 0.06683307
9.612162 0.08464506
7.994154 0.2624626
7.230025 0.09406844
10.2959 0.2135069
7.195458 0.04204115
11.11061 0.1044187
5.356035 0.4620802
6.184663 0.02591157
6.684623 0.2777439
6.987788 0.2323254
6.279121 0.3662516
6.624906 0.0943417
9.029997 0.1299972
12.68414 0.08859181
10.26999 0.3781611
8.184232 0.3756423
6.106707 0.4214192
5.693286 0.1953417
6.681546 0.1043864
5.377141 0.2257218
6.101905 0.1455202
5.830282 0.3686714
6.368931 0.07401178
7.322327 0.3791775
6.127133 0.3856771
9.288892 0.3458619
5.661999 0.3708495
5.188567 0.3995636
6.953614 0.1492656
7.223409 0.2987867
6.129911 0.1875195
7.895543 0.2123361
8.38314 0.2222624
5.429281 0.4847094
8.093345 0.1720042
8.321301 0.1635144
6.983438 0.1252863
7.824241 0.2042015
5.656143 0.1452166
8.651791 0.1224205
6.717181 0.02557067
6.845223 0.06979253
6.706055 0.1533728
8.45106 0.1849508
7.006704 0.1489945
6.855141 0.2478558
6.833592 0.09627229
6.286767 0.2397008
8.989408 0.4826402
9.222982 0.2655905
10.08189 0.1495163
6.441328 0.170788
7.758186 0.09593674
7.207975 0.1150275
7.983926 0.06002929
7.418657 0.4080961
7.22242 0.1007296
7.38135 0.1229331
8.83636 0.3015982
8.880833 0.08769728
8.081869 0.4074998
7.557746 0.1965309
8.962108 0.1492371
8.508329 0.03497181
8.797923 0.1765679
8.189077 0.4383301
6.133033 0.2378574
6.145724 0.3109984
9.296734 0.05679088
7.048251 0.3249413
7.814579 0.2278675
8.298688 0.1449817
7.877742 0.1483026
7.390007 0.2156255
6.261918 0.1344078
7.357959 0.3386744
5.525347 0.1913055
7.200852 0.3585911
9.239877 0.3199153
6.740136 0.08478693
7.517851 0.3813341
9.859389 0.1753654
9.79447 0.2437125
9.703759 0.1697906
7.788206 0.09627245
12.43992 0.4788012
7.068418 0.1746437
7.280706 0.08515176
5.672207 0.2165089
8.314465 0.1720861
6.372142 0.0785405
6.890183 0.2713108
6.105768 0.1326469
5.517521 0.06871374
5.697061 0.1998334
5.824455 0.2399467
7.589532 0.110417
6.553691 0.1778251
7.474431 0.1596588
5.792843 0.4230675
5.991785 0.2376523
8.771402 0.19083
7.269598 0.1727621
7.687458 0.3076388
8.492744 0.2663498
9.751645 0.1339342
10.18179 0.3472641
6.449677 0.06588816
6.012678 0.1331256
6.459961 0.02520309
7.014341 0.4255253
6.489541 0.4098706
6.718408 0.3055572
8.817684 0.1521952
6.798973 0.1204863
5.683275 0.1303005
6.841593 0.1295681
6.040462 0.1452983
5.632305 0.4951319
8.244184 0.3691367
7.711883 0.1225615
11.02361 0.1867211
7.005038 0.09843344
13.05087 0.1427973
7.951498 0.4562392
7.260595 0.1494958
8.550742 0.06480372
8.155862 0.3826075
8.355481 0.1740093
7.375171 0.1542835
9.30358 0.08186361
8.66193 0.1739206
9.439557 0.3150225
7.658325 0.3033275
7.996837 0.4852599
8.170922 0.1149662
8.30544 0.0213092
8.255457 0.03434934
8.237565 0.06086297
5.902464 0.1109728
9.408851 0.3655976
5.918885 0.2911584
6.239923 0.2812673
6.505419 0.2339652
7.439551 0.2683703
8.386003 0.3651079
10.60865 0.1488797
9.76414 0.2395937
9.076045 0.1989269
10.41768 0.3278981
9.779267 0.06506479
8.113726 0.0460085
7.485812 0.1327214
10.44315 0.07347057
11.32453 0.3407396
6.844534 0.2150611
7.548264 0.3598198
7.479935 0.4477818
7.647324 0.08751092
8.087782 0.1272513
9.399804 0.2838144
7.269356 0.1576501
7.008337 0.08727847
10.02153 0.1908928
7.157731 0.06384104
6.918332 0.06428294
7.138805 0.2569076
10.81595 0.1809444
7.738609 0.06385291
6.5465 0.1289967
7.410557 0.2027933
7.188516 0.2319367
9.688129 0.07318646
8.67922 0.2981953
7.780548 0.2485091
7.822858 0.2177182
6.84034 0.1484534
8.114477 0.2782388
5.076439 0.1343489
10.58315 0.2175126
7.495666 0.1094605
9.337032 0.08551953
6.895847 0.08410578
8.533611 0.1929087
9.382923 0.2706579
8.296009 0.1031369
7.483575 0.2747174
7.109645 0.3135528
5.910873 0.2819953
6.074779 0.1469968
7.581873 0.2457899
7.524603 0.2318068
7.132663 0.1418769
8.919208 0.3065392
6.876534 0.2713964
6.992579 0.167327
9.0719 0.08142495
7.169048 0.2183064
6.805725 0.3055721
8.752084 0.1021973
7.529661 0.2104299
8.083087 0.4913999
6.582375 0.1991063
6.8466 0.08446383
8.920646 0.1248003
8.708665 0.2900113
7.433484 0.2197737
7.320985 0.4002558
6.340772 0.3692392
7.075185 0.332043
7.990412 0.213153
8.570803 0.3775816
4.99701 0.3642004
7.182945 0.2335917
6.350218 0.2839371
7.054501 0.0669477
9.665997 0.485696
10.08942 0.2500877
12.08827 0.07503649
14.49149 0.2366689
9.556563 0.06384834
6.695847 0.2145692
8.049308 0.09658931
8.204164 0.3788338
6.694006 0.1119628
8.575992 0.1264983
9.928651 0.2938996
8.447996 0.04276337
9.521884 0.05233111
6.731258 0.06294408
9.2966 0.04504717
7.418265 0.2797137
6.672736 0.3989992
9.581869 0.1300742
6.853534 0.1079019
12.60523 0.2514915
7.850926 0.06226639
8.637475 0.05221247
7.524096 0.4980234
10.70666 0.08309322
9.19529 0.04654994
6.173607 0.2264193
9.200489 0.1354945
7.727571 0.4050513
11.88285 0.144587
9.832061 0.1485767
7.324069 0.02835489
10.30726 0.1551563
8.06106 0.2813199
9.83524 0.1648379
6.468749 0.1167945
8.714024 0.4743466
6.945016 0.09329515
9.277694 0.3570242
8.564999 0.2779534
6.915219 0.2234917
11.79442 0.3272787
8.855956 0.2683741
11.23011 0.2631671
6.141441 0.2425108
5.710882 0.03996266
7.205466 0.1634444
5.938341 0.3045442
6.861539 0.09299868
8.973767 0.09544339
9.354975 0.4883025
8.544691 0.1357282
9.738719 0.1355702
8.986022 0.07945574
7.158305 0.3326945
10.14453 0.1656828
8.587664 0.3127369
8.701482 0.05411107
10.86142 0.02748474
11.94558 0.1065235
9.026223 0.1950098
9.318581 0.1232639
7.554395 0.4721664
7.367191 0.2366255
8.379648 0.02133143
10.36696 0.1098384
8.904975 0.1143753
9.661609 0.4527539
7.526205 0.1460569
9.717154 0.09238302
9.067613 0.04867998
8.328296 0.1543109
7.388395 0.08420855
5.926523 0.283658
5.508094 0.1662193
5.905867 0.2646657
7.297032 0.316122
6.782368 0.1795335
7.046819 0.2040535
8.474504 0.4423473
5.441132 0.171948
7.23935 0.1469762
8.078609 0.03568175
7.304543 0.1872541
10.74518 0.3084353
11.37728 0.3033264
11.0742 0.05873093
7.52939 0.2339303
6.30131 0.1558504
5.788994 0.4755519
7.35269 0.2858713
5.493047 0.4150126
6.674079 0.1011472
5.869849 0.1751073
6.183532 0.2953216
6.234761 0.1673631
9.612675 0.253408
7.375562 0.1349219
7.641996 0.08885856
7.185305 0.1773927
6.026912 0.2026017
6.875514 0.160442
5.898724 0.4058091
6.87012 0.279376
8.733082 0.1803189
9.271424 0.1124679
8.874768 0.3849937
7.027746 0.2192675
9.492006 0.1091959
8.669337 0.3010936
7.749588 0.3294885
5.509513 0.188514
5.803287 0.07051544
6.080045 0.1452213
7.922451 0.1136886
7.364993 0.3962391
7.239208 0.2150426
7.069503 0.2666745
8.627392 0.05766175
7.330924 0.2829259
5.729272 0.2895736
5.228676 0.09330456
9.72952 0.2553466
8.456004 0.2121467
10.86878 0.02849416
9.969863 0.1226312
9.086826 0.4032092
10.53032 0.2934288
13.25722 0.04869724
6.370442 0.3141517
8.673599 0.1203068
7.440927 0.3234563
6.801751 0.2317708
6.495778 0.03244854
8.744064 0.05893475
9.261161 0.1458337
18.05047 0.162781
8.484617 0.3400579
9.399352 0.1920092
8.580136 0.0257744
8.557799 0.185183
8.508222 0.3889355
7.317562 0.0853401
8.798904 0.2885035
6.054392 0.1475911
6.798344 0.1875215
9.398135 0.2962831
6.816125 0.08018424
8.728574 0.338654
6.544269 0.2375093
7.134325 0.08938655
8.739013 0.05915694
6.634204 0.09292829
5.075556 0.4565451
8.450544 0.1080314
8.497959 0.2752956
9.820988 0.2534718
6.43491 0.4160506
8.747894 0.02336716
8.648234 0.4558664
8.115813 0.1584198
7.160613 0.1432136
8.12171 0.05776317
7.194665 0.1549866
7.07284 0.2970862
8.598371 0.1015038
6.622884 0.3259704
6.621372 0.4656449
6.427674 0.4772638
7.050939 0.2090784
7.562388 0.07241319
8.536323 0.2206378
9.923585 0.1702998
8.920396 0.2377896
9.019511 0.1202494
6.986986 0.193431
6.482221 0.2370632
10.02913 0.05042597
6.055148 0.2517794
7.725115 0.2721234
5.906145 0.1555979
6.310013 0.2424768
5.326227 0.1325131
7.060344 0.1189624
5.729378 0.2620634
10.25532 0.3705436
10.41158 0.2208953
8.122057 0.09218445
9.88049 0.1782129
8.880251 0.4328065
7.869515 0.3467608
8.056876 0.1375892
8.647829 0.2071375
10.78901 0.2530219
9.062388 0.1685329
7.646342 0.1638311
5.738523 0.4748148
6.495548 0.2398382
7.244288 0.2348231
6.101003 0.2429902
8.701611 0.09288799
10.72134 0.1989332
5.857436 0.2183589
10.04502 0.2941679
7.718278 0.1373346
7.692147 0.1660995
10.31953 0.2186972
7.206145 0.2389469
7.416163 0.1421309
5.842301 0.3126585
5.763545 0.04828203
6.434443 0.3765839
5.904109 0.4537724
5.497838 0.4462106
6.613713 0.2349561
6.656004 0.08204896
7.149417 0.4644011
10.86777 0.07316286
6.84315 0.1742118
8.044923 0.09589189
10.14776 0.1502549
8.199084 0.1433214
7.099964 0.3635659
6.154601 0.1348328
6.599228 0.4637626
5.562693 0.3826688
6.767431 0.2918774
6.841048 0.4961995
8.756356 0.1129685
8.183394 0.100324
5.976943 0.3514776
7.778463 0.06906569
9.528668 0.2103849
9.09937 0.4285073
8.453305 0.02840204
9.440956 0.2614887
9.804135 0.128159
7.57439 0.2624992
8.490916 0.4768153
7.889948 0.2247783
8.604794 0.3230999
9.161834 0.1088874
8.618676 0.159444
7.02463 0.4892303
8.231122 0.1963729
7.996463 0.1839445
6.64829 0.2304354
6.575377 0.2111882
6.825889 0.2995736
9.306233 0.05596404
6.056025 0.4645404
9.810459 0.3356651
11.07933 0.1899712
13.66445 0.07888192
7.344347 0.3835069
6.647425 0.1917918
8.09188 0.06141787
6.574336 0.1535353
7.602368 0.4752797
10.92662 0.1324493
6.393751 0.4391487
9.274107 0.3949182
10.15322 0.112233
8.14468 0.231836
8.458352 0.1325428
7.2199 0.1513998
6.334688 0.0768657
8.484213 0.1552964
12.79694 0.1814591
11.48004 0.03032708
9.01836 0.3269898
6.969033 0.09023673
7.340294 0.2092269
7.631449 0.02801834
7.973646 0.3939197
9.795794 0.07523467
8.971703 0.2193964
9.298118 0.1587313
7.119488 0.338071
7.32987 0.1807639
7.287274 0.497992
6.854517 0.2069246
9.152388 0.1180848
9.139711 0.3295622
6.704168 0.2166901
6.548626 0.4410085
8.752353 0.2934875
8.409228 0.362671
7.847245 0.07923331
9.235704 0.1866286
11.53592 0.1859918
8.249691 0.2005964
7.415268 0.1581284
8.100222 0.2822746
8.274435 0.2457663
8.064962 0.3434241
7.680694 0.207582
8.899077 0.03497658
11.42762 0.3509326
9.21193 0.4955172
6.364815 0.2208772
9.386187 0.03316524
7.727966 0.1560505
7.132539 0.3253563
9.243624 0.251797
7.97762 0.4034707
6.346776 0.4346393
9.781902 0.2934417
7.7463 0.3576108
9.864046 0.05083122
8.558102 0.04490895
8.471532 0.07951596
10.06968 0.3168228
11.19512 0.0345523
7.531388 0.04683706
10.35689 0.1311319
11.94539 0.2043729
8.768535 0.3907401
8.984212 0.2627864
10.13162 0.2006194
7.506694 0.4608884
6.601672 0.2613037
8.301582 0.4937566
6.585852 0.2648531
6.935885 0.1631335
7.608798 0.1874336
6.530126 0.3727789
7.071984 0.08725977
6.591869 0.3541478
9.334546 0.3262572
7.042435 0.366076
5.96538 0.4477921
9.214847 0.1683153
10.27141 0.08232794
7.170683 0.3342589
7.971982 0.1180381
5.826004 0.30696
7.958623 0.1553889
7.14995 0.2338953
6.481884 0.1397394
7.771926 0.3490248
8.603971 0.1025751
8.943247 0.1589014
8.138454 0.4128625
7.996347 0.1933806
7.079659 0.3828255
8.318267 0.1231312
6.504333 0.3009429
5.873755 0.3402164
6.58218 0.2419683
6.762447 0.1976844
7.530007 0.2844151
7.106426 0.139418
6.134104 0.3771035
6.500069 0.1356063
7.693235 0.1320353
7.766297 0.2110297
6.483585 0.3037514
8.121765 0.1679889
7.38334 0.328863
7.789783 0.3089758
9.734818 0.1313026
8.274335 0.2075057
6.618416 0.1404951
8.024946 0.07872234
6.249576 0.1055894
6.867255 0.4482828
6.77809 0.4705893
6.478428 0.05515952
7.682642 0.05464017
7.285678 0.2605175
6.730358 0.2293425
7.089344 0.1014164
8.187122 0.3995679
7.232622 0.09286618
8.215297 0.2145712
7.78203 0.07384659
6.501518 0.3169983
8.677427 0.08789126
5.526586 0.497057
5.953248 0.1697872
6.775505 0.252045
8.00405 0.2131211
7.744508 0.1130765
9.056958 0.1215474
7.237933 0.2358493
8.607939 0.2822934
8.221399 0.379749
8.449367 0.3027518
6.750508 0.05093131
7.668013 0.2947556
7.209773 0.06576788
6.360085 0.1032041
7.14614 0.4093837
8.306201 0.2759234
10.91241 0.2218382
7.44076 0.1020905
7.470557 0.3986367
7.455866 0.1893097
6.609866 0.4555714
6.696676 0.3347863
12.87672 0.2246731
10.24613 0.2304854
7.391697 0.2582848
9.491575 0.03993551
6.214046 0.3590075
6.580621 0.06343794
6.550187 0.09935487
8.874801 0.3016133
8.302664 0.1550307
9.332152 0.3608543
9.082479 0.293212
9.740908 0.08657435
6.043603 0.318013
7.461236 0.4142472
6.861746 0.1247551
6.984582 0.1689837
7.137314 0.2369874
6.93933 0.1447404
6.600259 0.03855043
7.991683 0.1444184
6.916614 0.1063171
7.469386 0.2859668
7.076005 0.1248905
9.543445 0.2736112
7.658801 0.1979192
6.721887 0.04845196
7.393131 0.2204192
9.426178 0.3353839
8.406969 0.05647936
6.602551 0.1638591
5.997813 0.2540457
6.784521 0.314946
9.389385 0.1033199
6.632633 0.320893
8.070103 0.1328967
5.728562 0.1389827
7.723227 0.08887839
9.003442 0.1638193
5.777406 0.2704738
7.458878 0.4170359
6.74588 0.4173378
8.763314 0.1726775
9.052565 0.2985115
9.37238 0.2343199
11.10904 0.07282171
7.467854 0.2254981
9.989601 0.089894
11.74644 0.08424887
6.857916 0.1982703
7.252132 0.08634458
6.856425 0.1124888
9.244622 0.2038624
6.05691 0.06862573
7.857287 0.175015
5.801634 0.1227263
6.990253 0.1179051
7.080148 0.02327207
6.81459 0.03817058
6.985212 0.2520051
10.83819 0.180442
5.902411 0.2225025
6.615767 0.0691896
6.987297 0.09381359
7.985552 0.09365691
9.140007 0.3182718
8.654995 0.2957858
7.184717 0.2185091
9.21022 0.2011147
8.844783 0.2020681
7.156576 0.4171582
8.054252 0.2266681
7.031274 0.2032612
7.693047 0.4272413
8.342727 0.1718087
6.505956 0.3432413
7.215336 0.4226605
7.298188 0.1543242
7.809839 0.2398179
8.645488 0.1950236
8.031889 0.345483
8.292839 0.1395039
6.710096 0.1403429
6.196717 0.07655273
8.064727 0.1976081
7.522041 0.217838
7.872797 0.0485042
6.767 0.18924
8.274636 0.4760853
8.438165 0.2158579
6.564754 0.414418
6.064526 0.3047268
8.400545 0.4086111
7.245732 0.1450504
5.551479 0.3440817
9.582466 0.297533
6.215686 0.213168
7.28213 0.4217596
7.465884 0.05329003
8.927937 0.1959815
7.659476 0.1391036
8.605301 0.4505085
6.799555 0.4187102
8.919568 0.03586384
7.791227 0.3976584
9.514156 0.1568215
6.084937 0.2007677
5.973627 0.04462966
6.686767 0.1018644
6.386126 0.4347862
7.932619 0.1445646
7.096981 0.161936
6.962657 0.2156949
6.48786 0.3564127
5.22833 0.3571412
5.645286 0.3566525
5.748925 0.1711832
5.432827 0.4786885
6.401972 0.2567892
6.350924 0.4232343
7.454948 0.0598337
7.705189 0.1281475
5.42846 0.4364814
6.038781 0.08591515
8.747243 0.1883398
7.156517 0.2236833
5.606747 0.2921023
4.870965 0.247914
6.48412 0.12717
6.12121 0.06793457
8.210142 0.3418673
8.406126 0.4344188
6.811164 0.1049807
6.705934 0.1564767
7.190674 0.1683889
5.221835 0.06608755
6.856975 0.02529985
10.54702 0.1398765
6.874999 0.2831198
6.443045 0.4491843
8.20944 0.09453941
5.739336 0.123895
8.115319 0.06830681
7.300395 0.3074126
8.156312 0.1757312
10.49072 0.03062184
7.522368 0.2484866
7.638657 0.1112881
7.688013 0.09760426
8.088327 0.05235582
6.201388 0.1263452
5.480954 0.3697049
8.653877 0.08839005
6.449671 0.09963745
7.738876 0.07398694
7.201686 0.1451379
8.007249 0.3210112
7.602414 0.2152676
5.891783 0.1956932
6.915212 0.1080451
7.908748 0.0570058
8.219153 0.02871303
8.465733 0.4731728
5.236415 0.4616522
6.881915 0.4176973
8.018777 0.1921625
9.560417 0.05840183
9.671898 0.4130163
5.961151 0.193209
6.346338 0.1931195
6.226653 0.02127449
5.219443 0.2617236
6.311557 0.1212498
7.130359 0.2166363
7.322369 0.143948
6.322279 0.3617404
9.524172 0.2081655
9.961215 0.2028471
9.048778 0.1742324
8.106594 0.0738698
11.81619 0.05704239
9.23862 0.1947904
11.55391 0.3834422
6.372507 0.256089
7.915897 0.130935
7.370247 0.3112452
6.909738 0.08267799
9.56738 0.1575441
7.65699 0.05819968
6.820297 0.1694977
9.802585 0.1252021
6.70022 0.1952257
6.565607 0.2931479
7.896976 0.4955732
7.257375 0.3247004
6.173157 0.1459809
12.38741 0.2923406
7.066121 0.1355499
7.876006 0.2469704
5.712095 0.3835104
5.92924 0.2065681
6.269368 0.1445631
8.17292 0.1036383
7.770765 0.235758
8.640086 0.04659369
8.162166 0.1445583
7.130188 0.2295278
7.902871 0.3150746
9.43154 0.2512004
8.237558 0.1104536
7.988789 0.4485957
8.377672 0.2865163
7.289802 0.1140041
9.288963 0.1587042
8.100332 0.1252945
8.095616 0.3764659
8.242397 0.3617732
8.145708 0.3381026
6.554868 0.2157415
8.320431 0.2372886
6.209848 0.3690344
5.917563 0.1711198
7.961191 0.4272926
7.2226 0.156305
6.985481 0.06574164
7.910775 0.1100882
6.535113 0.3625117
7.792289 0.3094908
6.403889 0.02514905
5.414785 0.3145302
6.953157 0.4483475
5.198989 0.2569621
7.494982 0.06522631
6.568161 0.08345799
6.304444 0.3386329
8.062789 0.1110709
8.280728 0.4134946
9.456014 0.2103162
5.078109 0.1627041
7.290271 0.2928953
6.465783 0.44552
7.528093 0.2342041
6.769377 0.314022
7.506242 0.2866416
8.042886 0.2840677
6.664854 0.2662289
6.289387 0.2673497
6.529185 0.264291
6.560586 0.377603
7.074827 0.2754303
5.543467 0.08543249
6.893218 0.3579698
4.954038 0.3765682
8.061743 0.2511961
8.059501 0.224938
6.57863 0.1056499
6.731156 0.4718079
6.568967 0.2520207
5.91355 0.3796327
9.755202 0.1310221
8.077638 0.2000906
7.824186 0.302777
6.772333 0.1998153
8.166937 0.2502517
9.0205 0.3520484
10.29703 0.4407513
10.33038 0.1836542
7.683418 0.2935135
5.44859 0.2480155
8.332102 0.2438233
9.209672 0.1316089
6.603405 0.3429201
6.545745 0.2291652
4.960782 0.2253136
7.110186 0.3592763
6.306685 0.2392003
6.337402 0.1437196
5.210171 0.2970366
6.248256 0.4621316
8.545907 0.1163313
6.903075 0.2887491
6.456233 0.1777054
7.411358 0.1440222
7.22866 0.1006315
5.001134 0.1116579
8.273909 0.4299282
14.57935 0.1206161
9.706313 0.09071016
8.743049 0.03265196
10.32672 0.1162807
9.973425 0.3083988
7.955642 0.05570425
9.932425 0.236248
9.770891 0.3808192
10.26696 0.07041344
6.0439 0.2676437
6.637579 0.1321548
6.957696 0.1034854
8.594548 0.1198555
13.00411 0.05165406
9.253878 0.1328251
8.395298 0.186109
6.384732 0.3165875
7.296623 0.2019323
5.589942 0.2244896
5.717989 0.1627036
6.539672 0.3129722
6.613229 0.3630778
7.079405 0.2939388
7.193997 0.248533
7.375543 0.1011015
6.337273 0.1594436
6.027056 0.4482326
7.573419 0.263307
6.994226 0.05130175
6.655106 0.3936057
6.57132 0.1709033
8.926548 0.2440873
4.65479 0.3756047
8.453336 0.3957955
13.30695 0.3298036
9.088803 0.1822474
7.816184 0.4554496
6.926318 0.2943552
7.424384 0.3011994
6.528184 0.1645457
8.430999 0.2923968
6.310891 0.273509
9.1999 0.0946545
12.34255 0.1084589
11.3836 0.07631869
8.059414 0.03712782
7.975458 0.1613194
10.9431 0.09865356
10.46734 0.3455323
9.968076 0.1564797
7.085739 0.3848046
7.691529 0.1780505
6.529417 0.3537002
8.48523 0.1306112
7.839283 0.4563432
8.203446 0.1765834
6.232228 0.0983573
7.801257 0.1652796
8.46112 0.3963983
8.531774 0.09969808
10.11406 0.2236928
7.26384 0.07539062
8.901965 0.2963622
8.924397 0.0820253
9.29095 0.07509242
8.068421 0.1928126
7.647687 0.2264639
6.277239 0.1857139
6.187386 0.3809214
6.45216 0.350907
7.198352 0.07000827
6.96429 0.06857671
6.883187 0.1324591
9.321446 0.07174529
9.153914 0.4545048
6.793814 0.2919514
8.068579 0.4032355
9.85461 0.1123401
8.539789 0.1764833
6.438176 0.2093048
7.421056 0.2284341
6.156993 0.3193659
7.49218 0.2577656
8.766064 0.159375
9.651595 0.05725287
7.326367 0.1866969
8.926519 0.04732579
6.036844 0.2170361
6.87419 0.4371587
6.441314 0.2527226
6.966252 0.02205925
11.72764 0.3346886
7.587376 0.3914949
7.890617 0.2011716
6.720154 0.1734922
5.747605 0.1505235
8.886138 0.1016485
6.539312 0.2992879
5.857477 0.2633068
10.68663 0.0807826
8.02774 0.2689449
8.120659 0.2352943
9.476567 0.1762864
6.725697 0.03390282
7.332123 0.09268062
8.047112 0.1985072
8.352284 0.4746405
9.04882 0.1674663
7.402084 0.3146998
10.44018 0.1589959
6.859492 0.3309866
9.824001 0.1562976
8.670012 0.2674659
5.761718 0.1574349
11.9703 0.2606544
9.558791 0.1255114
7.882458 0.05689036
11.06578 0.06635797
7.556376 0.03403434
6.319372 0.1579347
9.99863 0.06168201
10.75752 0.2533937
8.373541 0.2257977
7.733021 0.03912197
9.674483 0.3824027
6.808514 0.1175435
6.782 0.03021385
7.667268 0.03834233
6.163651 0.2382895
7.6664 0.379764
7.541911 0.04573179
7.156125 0.2730455
6.436624 0.09641726
6.965279 0.3619028
7.977166 0.03286091
5.96744 0.09989128
8.566285 0.1815271
10.909 0.1459258
9.548511 0.1795183
8.366347 0.1865852
8.050214 0.2017513
11.23724 0.2903285
5.488259 0.05330854
8.925194 0.1399483
7.494386 0.1103135
8.000428 0.2761374
6.880154 0.2176084
8.469768 0.2006541
9.804316 0.2293942
7.713027 0.2140246
9.206463 0.1860287
8.503727 0.4128602
8.69335 0.1044689
6.640862 0.06013187
6.78421 0.1368023
6.99399 0.03152916
8.400175 0.1652411
9.804497 0.1582921
6.743398 0.4118761
8.517524 0.09763901
6.468354 0.3272834
7.084707 0.241256
7.812822 0.4406871
7.379864 0.2370395
6.641017 0.1685771
6.677913 0.2340101
9.076154 0.2911734
6.657634 0.4554983
8.212905 0.07831877
7.398172 0.3194182
8.699708 0.1387884
6.659147 0.08976903
5.750604 0.3346395
6.85344 0.2014445
6.562533 0.170175
6.861966 0.1263749
11.69107 0.05424819
6.803306 0.08641478
6.806303 0.137972
7.297714 0.06916885
6.289826 0.2613472
7.604554 0.1689156
5.814541 0.4397182
6.898487 0.4028392
10.61834 0.2005153
7.767436 0.06902009
7.684302 0.1323376
6.914556 0.3885921
7.997628 0.3399976
5.832046 0.3522661
10.55174 0.1786403
7.466642 0.0631739
8.467331 0.2388461
7.347317 0.2208006
8.817986 0.2323232
8.220878 0.1839061
7.742134 0.0811176
6.688581 0.10117
7.652019 0.1200947
6.112767 0.09686437
7.317422 0.2364993
6.906 0.3788569
7.498896 0.4893877
7.150406 0.2684189
8.173054 0.1330037
7.189572 0.3168899
7.635485 0.4201513
8.608238 0.05801045
7.051415 0.3294641
8.955641 0.2704173
6.482392 0.2408355
7.116927 0.4934827
10.54897 0.3592536
7.685883 0.0258372
6.930015 0.1281187
9.576686 0.03620993
7.481007 0.2881794
6.368007 0.3286266
6.706002 0.04505536
8.989164 0.4407656
7.874689 0.1746101
7.221532 0.3312434
6.973297 0.3353775
9.398682 0.06615999
7.859286 0.02682295
9.736219 0.1277094
8.0162 0.3997441
8.459581 0.1302297
5.26966 0.308874
6.770568 0.2570218
6.317061 0.428848
6.845097 0.1808758
8.827549 0.2526095
7.157458 0.07490038
5.940349 0.2207766
6.741526 0.1549533
6.408565 0.178798
5.305238 0.2379928
7.487974 0.3328538
5.272321 0.03293646
8.904488 0.1927268
9.426493 0.1160004
7.882207 0.4520118
7.081649 0.365352
10.85865 0.09219533
11.42023 0.1138116
6.553356 0.1455003
8.709401 0.0674878
6.491226 0.07445268
9.681189 0.1109746
7.440448 0.3206894
7.429966 0.1783306
6.944712 0.2666147
7.446049 0.3476631
9.144502 0.2834967
7.29809 0.4104318
6.436235 0.07178471
7.66054 0.154557
7.261378 0.2730656
5.340596 0.1913887
6.89925 0.4456003
5.444081 0.2528964
7.285947 0.2449924
8.201947 0.2691307
10.66898 0.1690447
8.684467 0.1770384
7.01923 0.3834546
8.758274 0.3871196
6.803506 0.03950692
6.319045 0.110443
7.240425 0.2701682
6.989375 0.2554837
6.515415 0.2196651
6.99405 0.04690339
12.59726 0.08120584
6.171342 0.03081361
8.364752 0.2489466
7.430752 0.1896796
6.260095 0.4370407
7.700155 0.1215756
7.387878 0.3921292
9.597507 0.200095
9.52508 0.485829
7.965721 0.1731871
8.035665 0.09501629
6.874336 0.2167759
7.815814 0.2819214
8.328392 0.07026404
7.151242 0.1765765
7.735725 0.2110393
8.83093 0.2227551
8.578508 0.3304288
7.140778 0.2843356
6.896065 0.2114661
5.544389 0.05651213
5.815254 0.2295298
6.149844 0.2327536
6.195256 0.1134612
8.7933 0.3131217
8.084721 0.1486818
6.938844 0.08420614
9.553282 0.07303103
8.865505 0.1234747
5.126328 0.1847043
7.116159 0.243892
6.80954 0.1554217
9.485106 0.2634248
6.340145 0.2318776
8.238784 0.02000741
6.2938 0.2089964
6.934361 0.4595578
6.988346 0.04661685
7.43646 0.04857058
9.685036 0.104184
9.545952 0.05029765
14.02415 0.1389895
9.75652 0.1006045
7.668475 0.4903053
8.918498 0.1143291
8.105871 0.1528862
6.205767 0.121103
9.841197 0.1688525
8.855753 0.06421082
9.420981 0.1165506
8.204193 0.185807
8.368675 0.06416439
8.790982 0.4308365
7.587136 0.1129344
7.81883 0.335982
6.577986 0.4265287
6.40847 0.1261319
9.124758 0.0910004
5.144653 0.3268272
6.149209 0.07991264
7.312057 0.2079287
10.52306 0.1622741
11.50702 0.05172489
6.970029 0.09196731
7.460659 0.07000516
8.439373 0.2956366
10.60985 0.1500723
5.85514 0.1386565
7.362277 0.07868957
6.168529 0.1063087
7.906337 0.1005778
6.996823 0.1906959
5.783528 0.3398965
6.932494 0.2482792
6.737941 0.1813984
4.915564 0.2397251
7.959517 0.09694692
7.726808 0.1236413
9.446948 0.4095101
14.11598 0.1934698
7.8807 0.1038349
8.768324 0.2250181
11.35232 0.4348609
12.53461 0.1280855
8.426633 0.1207948
10.09744 0.1338621
6.721865 0.3984767
9.331554 0.2674634
8.207993 0.1633209
7.258171 0.1175026
7.048261 0.3647838
7.608854 0.1464701
6.626402 0.2622219
7.63294 0.1546057
6.36034 0.2735294
5.884046 0.2112123
6.674887 0.1207776
6.552743 0.1642621
6.771697 0.1861466
8.493891 0.3672389
8.441338 0.2920292
10.47776 0.2826815
9.095924 0.3947112
7.026094 0.08473056
7.323351 0.1389734
8.156312 0.2622715
5.880063 0.4368072
8.709806 0.2560881
7.610903 0.02346819
8.73792 0.08017111
7.131198 0.1655039
6.458167 0.2995368
8.482852 0.4131092
7.717152 0.1232062
6.691396 0.3156621
7.915712 0.117762
6.66389 0.1189699
7.155009 0.1851674
8.224071 0.2801006
9.585351 0.1036453
5.606476 0.4016823
8.842468 0.1863687
5.505977 0.2314255
7.10213 0.07610286
7.390852 0.3816567
9.629444 0.1914888
9.913604 0.04930841
6.83751 0.2526174
8.266437 0.07034731
8.361928 0.1420291
8.84665 0.2880004
7.362092 0.09884205
8.564963 0.05575632
5.239863 0.3309
5.492969 0.178533
4.418572 0.3096687
4.855916 0.4866911
5.690375 0.451
8.313237 0.1637435
5.575943 0.1527506
9.130012 0.0856839
6.493802 0.1426135
9.122282 0.1717391
6.608489 0.3647102
8.782336 0.1355454
11.46836 0.250598
6.10362 0.1403498
7.842911 0.3351543
5.673423 0.09597667
8.07263 0.2671264
7.362702 0.09205489
10.56938 0.33258
9.860916 0.2835085
9.206924 0.03661667
8.982586 0.1772674
11.91677 0.1146996
9.598499 0.1139676
8.688995 0.08419054
6.705086 0.1818741
8.435631 0.4044329
8.560365 0.08326042
8.179455 0.3500583
8.359798 0.07162653
8.082333 0.06392135
7.696859 0.4507041
8.490828 0.05415602
13.31806 0.1064286
6.936415 0.2929046
8.454086 0.3098797
8.603906 0.1425118
5.780687 0.02702174
7.474785 0.1908527
7.765443 0.234807
7.195971 0.2186618
7.096022 0.273472
8.02423 0.4738827
7.347509 0.05570327
8.438985 0.1686823
7.18663 0.0788197
7.316215 0.2313665
6.512999 0.2091666
6.780974 0.405487
9.492065 0.4280622
7.87381 0.08315007
7.150533 0.1067095
7.003334 0.08545162
6.350324 0.1528616
6.512299 0.3783067
7.439671 0.3880024
5.726671 0.3981825
6.998069 0.2120367
11.45358 0.2799862
10.51458 0.1684342
7.941311 0.4048401
8.933976 0.03080999
12.95611 0.2119483
9.845303 0.2746255
7.593652 0.2081678
9.694014 0.09943754
8.364631 0.2597734
10.27491 0.2253145
11.16547 0.03252155
10.48406 0.1289221
9.397614 0.09772931
9.677157 0.1848793
7.156721 0.3651759
7.400469 0.2023329
7.745703 0.2825047
7.924512 0.2970126
5.534474 0.2713528
6.851881 0.2684283
10.87285 0.2956171
6.830598 0.3720394
8.660321 0.1131879
11.33969 0.2756588
7.496096 0.05512385
10.0649 0.2448839
10.09214 0.2758653
8.067725 0.1693902
7.885239 0.4513773
5.789934 0.4273874
6.380668 0.1656204
9.763674 0.1232806
9.366037 0.2170591
7.932966 0.1403953
6.673712 0.1301458
6.357012 0.170346
6.321125 0.304803
6.687161 0.3117194
8.843982 0.2212913
6.116595 0.3434642
5.937255 0.2461136
6.65483 0.2705895
7.332279 0.1049309
9.072488 0.3418897
9.182234 0.3522709
9.032123 0.1653771
8.269282 0.3067732
7.502289 0.1448109
6.257217 0.1968735
5.441507 0.317792
5.759864 0.2783436
6.176297 0.3597263
6.832095 0.3641327
7.97675 0.1552808
8.58468 0.2284289
8.97391 0.3160034
9.442635 0.2356448
8.861285 0.1196177
6.707154 0.4973704
9.280134 0.1174045
6.529556 0.08513594
7.381361 0.09606138
6.520909 0.2229384
8.988965 0.2909306
6.228111 0.2343482
6.713477 0.08813116
6.402197 0.3126026
4.988234 0.2765786
7.770534 0.08448515
9.497189 0.09185924
7.092871 0.2559617
9.49706 0.15774
7.131528 0.4025265
6.183434 0.2461032
9.30885 0.2441555
7.613512 0.2785759
6.897978 0.1052572
8.805568 0.475399
5.961032 0.1266356
9.003464 0.4926881
7.480286 0.06490334
8.567413 0.2514
9.019718 0.2565261
6.073819 0.4849539
7.960174 0.2151453
7.884681 0.1243625
6.735078 0.3303113
8.803418 0.3317604
8.165312 0.3429549
7.48761 0.145131
6.644541 0.1723945
9.051618 0.153321
9.907221 0.1273942
9.46957 0.101439
6.624145 0.350792
8.098576 0.1200611
8.69055 0.4438005
8.281774 0.2493849
9.479462 0.2931578
11.4188 0.02650024
10.42031 0.1916133
5.392514 0.3528431
10.3395 0.219464
9.31428 0.3774645
8.71009 0.4509852
5.625764 0.2620765
4.964069 0.2746755
5.18392 0.4592921
6.021983 0.2247594
8.818457 0.07499115
8.148329 0.1609898
7.403391 0.08930054
7.198953 0.2072803
9.8821 0.04530303
5.108823 0.4605376
7.462204 0.2424702
8.104572 0.05548021
6.883794 0.2447204
6.889996 0.2579546
7.257903 0.1290404
6.575825 0.131024
6.510396 0.2234369
8.029682 0.3683113
6.901894 0.1060863
6.388517 0.2153081
6.224677 0.2280261
6.201461 0.07788779
10.85434 0.4259944
8.918084 0.04139186
6.306045 0.1663746
9.392988 0.02512735
6.814273 0.3554717
11.70684 0.2108215
8.930259 0.2036918
9.20847 0.2344919
10.87046 0.3480727
6.357694 0.2111482
6.582812 0.2119156
8.208677 0.09221135
8.717495 0.1136263
7.908809 0.1924478
9.643752 0.04667018
6.614664 0.393769
8.801233 0.08951161
7.121659 0.2434507
6.466221 0.3382214
6.502903 0.1760668
7.020552 0.2273835
7.231075 0.141717
5.867407 0.148789
6.657755 0.1054969
5.522144 0.1593404
6.204258 0.4899417
7.515068 0.1126096
8.090989 0.3947676
6.174196 0.3240719
7.739015 0.4403453
6.244381 0.1219245
8.544976 0.1213552
4.833598 0.2632469
7.010994 0.168003
7.794514 0.3281467
5.910147 0.1778756
9.686137 0.1339618
10.35088 0.07050996
8.189489 0.03347506
8.349267 0.1628078
8.845798 0.2948602
7.227653 0.1477946
7.444393 0.1544277
6.05131 0.4261407
7.619741 0.2269908
7.956708 0.08762992
8.332647 0.151888
9.617833 0.1485834
9.238583 0.3973125
10.2108 0.4238273
7.602675 0.4097437
6.559695 0.1037018
8.126832 0.1360199
7.096921 0.2608576
6.339208 0.09136635
7.082332 0.4789598
6.832004 0.1682516
7.764387 0.02806564
7.767582 0.2356986
6.053335 0.4412446
7.690047 0.3151044
7.980589 0.1156303
8.443171 0.04180652
8.266474 0.04788101
6.720338 0.1248942
7.483588 0.2738844
7.798737 0.1202792
9.497423 0.2044153
8.889186 0.07702511
8.836567 0.02930963
10.20781 0.2638279
8.287033 0.2188676
7.341535 0.14135
8.250612 0.1225031
7.235277 0.3274291
7.765916 0.270183
8.152176 0.302904
9.193204 0.1156072
7.224446 0.08830316
8.200004 0.3744344
11.50682 0.3115348
9.74348 0.2682683
15.20294 0.3144995
10.00909 0.08854137
8.148848 0.08634306
7.911026 0.483116
11.98355 0.1590751
7.857804 0.1332054
8.512252 0.0895732
7.381113 0.1178109
9.60834 0.2445087
9.964534 0.04659032
6.637364 0.2473396
8.752653 0.1609215
9.138079 0.252669
8.551022 0.1597417
10.66785 0.4383648
6.87532 0.3072501
11.94482 0.2946524
8.78114 0.2394146
7.346811 0.07920465
6.589968 0.2195167
10.87591 0.1140271
6.02973 0.3359222
6.768141 0.2498938
8.143908 0.1539599
8.08972 0.1975398
7.800552 0.09389589
12.27161 0.0868932
7.058923 0.06930302
11.18883 0.1836649
7.422544 0.1883701
7.148509 0.06962599
9.975288 0.06099267
8.538199 0.08120387
9.89726 0.1041234
6.797103 0.2166561
5.446949 0.4933517
8.203967 0.1423651
6.909497 0.2326617
6.030611 0.3731929
6.525739 0.3881027
7.05566 0.1523684
7.495878 0.1951499
6.83332 0.02909411
7.25828 0.1057848
6.762507 0.1330212
5.262531 0.3039794
6.051481 0.3541153
7.560184 0.3157298
7.068208 0.1734666
8.377766 0.2267963
6.379588 0.06012094
6.345361 0.1591478
8.662066 0.03099219
6.19393 0.1910737
9.417032 0.0619566
9.258791 0.06475108
9.693781 0.1966058
5.887764 0.4955182
5.921925 0.308909
8.500051 0.1523306
9.219268 0.2317091
8.584595 0.03151634
7.745935 0.1664923
8.907031 0.3703036
6.890814 0.3115921
7.060881 0.09779242
7.618502 0.212924
6.143394 0.1761561
5.045636 0.2748587
6.221589 0.1920735
6.150196 0.2559038
5.98237 0.3410738
5.099597 0.3542322
5.257072 0.4110228
6.676147 0.1033162
6.44356 0.2646594
6.832012 0.1465314
5.704197 0.2904881
6.182128 0.2861787
6.742463 0.07132009
6.90512 0.2676073
6.037656 0.2598418
5.303921 0.2142483
5.193218 0.1089533
5.698852 0.2649581
6.480533 0.1936749
7.419679 0.2440916
7.356893 0.3995821
6.217828 0.1658187
8.624697 0.06921349
7.117659 0.2518175
7.129014 0.1919684
7.865403 0.1223629
7.042395 0.3362627
6.550055 0.1664762
5.785602 0.4161214
5.406845 0.3760453
7.691826 0.1568502
7.946326 0.2353067
9.214684 0.1476056
7.01711 0.3782943
7.99901 0.3966036
7.09827 0.3183242
8.184213 0.07998175
7.09848 0.1783684
5.697191 0.3232852
6.604479 0.3631347
9.30867 0.08240855
8.790289 0.3504279
8.796711 0.3289221
8.644646 0.06946233
9.03775 0.1594273
11.87095 0.1331444
10.35196 0.3011577
7.855254 0.126071
7.417772 0.2857773
7.576768 0.03637226
8.192085 0.1824444
8.884503 0.03221342
6.543285 0.3295484
7.628591 0.3066037
6.966424 0.03966273
8.606322 0.1587014
7.969243 0.4516719
6.169203 0.2199968
6.375859 0.05277578
5.084491 0.2531803
5.235806 0.3005077
6.11121 0.359397
5.52464 0.339105
6.415086 0.2266666
6.373801 0.3505245
7.398317 0.04966563
6.901249 0.3875188
5.496686 0.09027069
6.644872 0.06211951
6.675733 0.2051685
5.743815 0.1028388
7.010192 0.4672507
5.922218 0.03810885
7.243056 0.2347312
9.449831 0.02850342
5.412382 0.05349078
7.324199 0.2090169
11.04379 0.1911203
7.008207 0.2129258
8.221618 0.2566564
8.177354 0.2004674
9.088062 0.02695235
9.354912 0.05894552
7.101108 0.4143146
9.267037 0.1564635
6.64787 0.4606421
6.611733 0.1209005
6.817587 0.106279
6.831949 0.3113312
8.164002 0.1961184
7.580672 0.290486
6.700839 0.08358616
16.09241 0.1349142
7.937379 0.197191
8.840434 0.04265076
10.65612 0.2273791
7.642042 0.09601806
8.005993 0.4058191
9.117879 0.1591962
8.546345 0.06411488
9.186068 0.1286756
10.00988 0.1478974
5.894615 0.3510455
4.795306 0.4028411
7.053784 0.0563402
8.45477 0.08479316
9.030705 0.05603661
6.763433 0.3018028
9.554258 0.2508852
8.35144 0.2335916
7.235126 0.1940583
6.742492 0.2424027
7.258841 0.2944116
7.425517 0.1758856
5.672116 0.3572924
6.235983 0.06080167
8.891794 0.1117902
9.067652 0.1956935
9.720897 0.1418911
7.130339 0.2719337
8.44311 0.1702696
7.879789 0.3400383
9.526115 0.1346059
10.55583 0.2074222
9.957894 0.2310094
7.312801 0.3357368
4.73171 0.3150001
7.590626 0.2514108
9.538764 0.2731589
6.826936 0.1612413
7.52985 0.4127783
7.258617 0.2459323
6.44453 0.08465336
5.712112 0.09066746
6.123745 0.399226
6.429297 0.1496621
8.810668 0.09836175
10.14868 0.08672971
7.648166 0.1081284
8.266117 0.2339529
7.416312 0.264702
8.537234 0.2214837
6.371147 0.1832918
7.760351 0.1814321
6.668794 0.1451688
7.610203 0.04246062
6.437203 0.4173923
8.734085 0.1294002
8.818495 0.2430739
8.887202 0.09299166
7.183497 0.07929666
6.183951 0.2264121
7.257186 0.1093003
7.96268 0.2537592
7.213393 0.1773926
6.10747 0.3444278
6.353014 0.1051999
11.8027 0.1041107
7.167277 0.1436491
7.835944 0.1362958
9.247114 0.1566546
8.297875 0.1916638
9.235445 0.1304895
8.454443 0.124376
6.782256 0.3958091
8.782442 0.359743
5.829407 0.4875432
6.204833 0.3657338
8.470113 0.1481783
7.359583 0.1644759
6.050096 0.4062722
6.979618 0.1407401
7.64041 0.1414157
8.670289 0.2563624
6.796682 0.232797
6.435999 0.1837104
9.111101 0.2964103
6.066577 0.2201372
8.385983 0.3098445
7.823891 0.3935846
7.880087 0.1650891
6.678761 0.4549893
7.63183 0.4148904
8.287929 0.4917714
9.635657 0.07769289
7.491363 0.08525999
9.878694 0.4208544
9.399294 0.3651517
8.613863 0.2114231
7.471297 0.1318472
10.46858 0.213796
6.831425 0.05386872
7.116578 0.3730158
7.181138 0.03413379
6.479585 0.1864321
7.672889 0.4391393
6.8436 0.351928
6.611649 0.05391443
9.725638 0.04153302
9.99098 0.1012605
11.16025 0.3247943
11.10112 0.177584
6.892126 0.1199581
8.809572 0.3370064
7.758092 0.2841434
6.09346 0.1887464
9.131019 0.1290851
6.798438 0.2821371
10.43376 0.1208542
6.778576 0.2489604
6.556223 0.1781096
6.20492 0.2008497
9.115822 0.2039877
7.52253 0.1698858
8.171227 0.2208774
8.850966 0.1091864
7.550676 0.2935182
8.577091 0.1040198
6.45428 0.3993088
7.084259 0.2764161
7.189797 0.09007001
9.010738 0.173957
5.92492 0.1203794
10.14176 0.05105433
6.271206 0.1392455
5.957368 0.1565452
6.429585 0.366478
6.652297 0.2378964
5.747071 0.244174
7.46681 0.2343455
6.853381 0.202772
8.087973 0.326127
7.704861 0.1904795
5.4409 0.2847965
5.981781 0.3263406
6.315772 0.2187499
5.665968 0.4818015
7.037777 0.1886807
8.750662 0.1281739
8.408827 0.2875548
8.699138 0.2048996
5.923986 0.2400422
10.65404 0.2302335
10.06425 0.0383059
7.976625 0.4351068
5.119368 0.3934941
7.392617 0.07961644
5.621433 0.08069461
6.653574 0.1016968
8.862105 0.05941188
6.940963 0.1374815
8.043253 0.4194315
8.346859 0.1552535
7.552215 0.08892884
10.16104 0.2483582
7.699131 0.07142827
9.496788 0.05315566
11.4145 0.02758317
7.483101 0.06381076
6.682708 0.1452931
10.75225 0.2374384
8.752792 0.08569216
7.30472 0.2729322
6.963616 0.09827949
6.651317 0.0203148
6.235068 0.1381246
7.998037 0.1003635
7.504508 0.1672223
10.03585 0.318801
7.93564 0.4856747
9.752729 0.05452241
10.78188 0.3975761
7.267669 0.2219018
5.197771 0.4204881
6.074974 0.0861734
7.460395 0.2436009
6.719711 0.1370863
7.488732 0.4353521
8.023921 0.1723418
5.452359 0.1329416
7.57853 0.05473012
7.141223 0.08903392
8.714526 0.2701939
7.439684 0.09781399
8.524388 0.2945913
5.652488 0.141464
7.378195 0.3273055
8.883187 0.227699
8.516676 0.07780713
7.790578 0.1279482
7.12882 0.4278623
10.04571 0.09705441
8.063399 0.1067789
9.237862 0.262004
8.101428 0.3492578
7.716609 0.06861527
9.735107 0.0999923
8.155639 0.165571
8.591194 0.08894187
7.777772 0.1225717
7.1047 0.3683011
7.608349 0.09924202
7.236264 0.2141872
7.239203 0.151074
7.156446 0.2946195
7.943582 0.278251
5.857275 0.1718272
8.026168 0.08637753
6.841436 0.2178599
9.313607 0.06359065
7.674101 0.1766019
6.641896 0.2504652
6.971802 0.3415797
9.838057 0.1634738
7.442777 0.2941122
6.647026 0.4234792
7.888141 0.1960773
9.213467 0.09805778
8.502419 0.3765577
6.645726 0.1967909
6.289203 0.4055149
8.122916 0.107027
7.174459 0.305813
5.539925 0.3099353
6.035131 0.2327232
10.5566 0.07663445
6.478929 0.2113962
6.909678 0.1983099
3.654389 0.4522644
4.81139 0.2615385
5.287591 0.1529619
7.080971 0.08197001
6.518445 0.2043947
5.427679 0.2892137
6.338412 0.3995663
6.524194 0.05446329
4.809067 0.2225527
6.518316 0.2686934
4.651072 0.1816972
5.826104 0.08204656
8.050787 0.05885076
8.059769 0.1974776
9.22146 0.03482802
6.511165 0.3641128
8.678132 0.2533505
6.57205 0.07373997
5.43019 0.1658371
8.33462 0.05199539
7.303194 0.2481487
8.24018 0.08943026
7.104168 0.115142
6.833186 0.3005953
9.936811 0.2728343
9.339633 0.1939563
6.461488 0.1831788
6.840831 0.03375122
6.113099 0.3418525
9.660332 0.1714144
8.448928 0.2187168
10.2286 0.07808242
10.05652 0.07098299
10.369 0.06472289
14.10034 0.2171258
9.987879 0.174003
10.20453 0.03612756
11.63587 0.14495
7.587675 0.2819233
8.216997 0.178774
8.001003 0.2246695
4.900046 0.3842489
9.224785 0.09688061
7.023412 0.3662812
6.68347 0.4396306
7.820611 0.3141108
8.899777 0.1703497
6.579618 0.09127679
6.448374 0.3722413
6.427138 0.2313545
6.429018 0.1058228
5.699504 0.144963
7.443278 0.346496
6.57816 0.1054813
7.723111 0.3546218
6.028086 0.1257575
7.662427 0.02652249
6.478795 0.2673674
7.929121 0.17518
5.610266 0.4416895
8.173288 0.05363207
7.012143 0.06151552
7.002099 0.2261212
7.01729 0.1480827
5.379424 0.3417684
8.495923 0.05033272
9.545593 0.2211966
7.904877 0.08060414
7.236099 0.2484454
7.157136 0.1242425
6.502495 0.2637187
6.09309 0.1565332
7.202755 0.4633861
9.509878 0.09186628
6.243634 0.07177882
6.0289 0.2027264
6.511567 0.1492002
7.216456 0.0942129
10.28304 0.2257495
8.514594 0.171329
8.602339 0.2315254
8.119993 0.2119574
7.567401 0.2402921
5.499725 0.1027165
6.551034 0.2256592
6.589491 0.3453539
8.101674 0.3790077
4.935655 0.3042521
7.019415 0.1096504
9.959275 0.1340075
5.776984 0.4625698
6.870925 0.3501402
5.833007 0.0237129
9.105232 0.2917183
8.006183 0.3608879
9.245187 0.07812074
10.76147 0.02229992
10.39054 0.07609643
8.711812 0.357428
7.619849 0.2962443
7.646961 0.05384717
7.117159 0.06711084
10.21385 0.1707958
7.699372 0.2058684
7.420485 0.2733292
5.663724 0.2550261
7.316825 0.1087323
7.685667 0.1272134
7.076565 0.2475061
9.725678 0.2737391
7.785157 0.1651422
8.839441 0.2049396
7.59066 0.1947386
6.815677 0.3254704
9.555957 0.2933502
5.765707 0.2996608
6.636565 0.4677054
7.013911 0.3863109
6.451573 0.4454243
8.69461 0.1123861
6.41375 0.2247149
8.855172 0.1413071
7.56648 0.3244734
5.701562 0.3580848
7.468338 0.4321914
10.63411 0.2380313
9.651896 0.06338084
9.599556 0.03105769
7.820098 0.256585
5.595576 0.2916073
7.642632 0.06936929
9.047156 0.2230888
10.26027 0.1899758
6.608275 0.2560115
7.316921 0.4327969
6.416532 0.1614476
7.868856 0.1570344
7.470317 0.4806444
7.78772 0.2834754
7.361531 0.1541681
8.442738 0.1930561
7.171547 0.2342699
9.300883 0.3274461
5.396952 0.1784308
6.235254 0.3102685
6.936087 0.3299895
7.219665 0.3869462
7.740532 0.2867108
6.384791 0.3992827
5.36458 0.3214943
6.65074 0.1968554
8.594801 0.385537
8.272279 0.2915682
8.119248 0.3488788
7.04897 0.215973
7.70527 0.1461031
9.273931 0.206213
9.499134 0.1756834
7.308946 0.2397581
7.556411 0.1790299
7.497488 0.2004107
7.098991 0.04421587
7.175028 0.1242318
6.662587 0.4043784
7.850169 0.3367449
8.135537 0.1307599
7.61711 0.4918599
7.806512 0.321787
8.598014 0.4465549
8.892005 0.4215968
8.454211 0.2812818
5.880876 0.06369363
8.593033 0.3054718
6.192752 0.02461324
6.410287 0.2209556
11.03635 0.1472157
6.39266 0.2210317
7.611227 0.4146905
7.979363 0.1675497
8.229712 0.02194248
6.560614 0.4006906
6.952767 0.2469141
8.180748 0.1484327
8.795924 0.07884769
6.849057 0.251464
6.592687 0.1330222
6.48984 0.4825592
8.561513 0.3058242
9.204198 0.400434
7.951544 0.2305296
5.629865 0.4304755
6.910333 0.3945821
7.020132 0.2753342
5.958899 0.2827374
5.386739 0.2816004
8.229293 0.2525532
7.772769 0.2953883
6.841617 0.1383397
7.995996 0.1987833
10.09671 0.1168195
10.8462 0.4988284
10.36818 0.08056702
8.376572 0.1518916
10.85855 0.1331656
8.701651 0.1091976
10.44406 0.208206
11.37944 0.06991988
10.89342 0.1322626
16.70073 0.05672434
12.65185 0.07718847
7.384457 0.234634
10.29095 0.08600105
8.754809 0.04609982
10.23688 0.1085035
8.41281 0.1973149
9.709714 0.1668497
9.056647 0.1323276
7.635377 0.3739002
8.477762 0.1725871
7.819761 0.09425734
5.543326 0.3871492
5.457535 0.07579083
10.23315 0.1722793
7.778134 0.2275572
7.247626 0.4074345
5.179152 0.07530028
5.587901 0.1206005
9.371288 0.06333948
8.171248 0.3758742
7.515849 0.245344
8.365222 0.3294776
7.198386 0.3058325
8.278601 0.450352
6.817129 0.09914256
9.641904 0.140078
11.10432 0.1813762
7.338804 0.04031339
4.444915 0.1635737
8.725624 0.4507394
6.167616 0.02532168
6.989872 0.1887425
5.901653 0.3058834
8.795759 0.09428966
6.767395 0.1423787
5.944821 0.04873337
6.741986 0.1107857
5.060088 0.3213062
5.883081 0.2571311
8.358814 0.2486848
7.642291 0.2675149
5.782737 0.3387597
7.959395 0.3705554
11.06165 0.05858279
7.149895 0.3640919
6.604005 0.05815557
9.263826 0.06420532
6.552797 0.4849473
7.153087 0.3435511
6.986467 0.1798652
6.275999 0.3023991
8.203965 0.3222376
7.986094 0.07963253
7.398815 0.2883137
9.124295 0.1127453
7.556323 0.2552824
6.743126 0.2355329
7.042877 0.02353152
6.70984 0.2184412
8.333487 0.1076778
8.110316 0.2884949
7.023791 0.1904808
8.545216 0.02737795
7.28561 0.1056521
8.723567 0.4040285
6.24934 0.331305
9.546424 0.06974581
7.093783 0.4444995
6.371818 0.1806617
7.696199 0.03348989
7.424983 0.1033933
7.590331 0.08871715
6.815791 0.27318
7.65462 0.1373451
7.7186 0.08352873
9.547034 0.3501817
6.897685 0.07990662
8.473927 0.2888173
9.056286 0.1367422
9.027829 0.3140651
7.566172 0.3762342
10.82429 0.2159618
12.2546 0.4125823
8.91366 0.3057726
12.43984 0.2019356
9.248848 0.1253856
8.646217 0.06195587
8.053284 0.06796171
6.64587 0.2932314
7.385393 0.1234745
5.702773 0.4388626
6.465475 0.3443531
8.806641 0.115365
7.630034 0.03844298
8.655632 0.2680654
7.268965 0.05861259
8.320501 0.1809686
8.930476 0.3708092
6.219046 0.1751629
6.601469 0.180223
7.446032 0.05951883
6.465454 0.4756461
4.593525 0.03352451
8.226688 0.1612812
7.69063 0.1142692
5.580933 0.3323949
8.826742 0.1473245
8.904796 0.09286314
6.536164 0.1962254
6.849396 0.1991593
5.808568 0.1322317
6.463984 0.3184999
11.09108 0.06394038
6.930389 0.2288579
7.282466 0.4047007
7.222254 0.2022734
8.116765 0.2687335
8.726626 0.2361165
6.209113 0.2681699
9.324263 0.1501263
10.4352 0.09674447
6.825849 0.3685011
11.21427 0.02665276
7.898628 0.1292826
8.931456 0.2229127
6.66503 0.3424122
7.609249 0.2778791
5.980982 0.2202691
8.830422 0.07500838
7.604484 0.3119221
9.617477 0.2521585
12.50627 0.09328648
7.653186 0.3011842
5.235767 0.4890785
9.420521 0.3032247
9.006354 0.3348257
6.515335 0.2068124
7.798059 0.366018
12.44048 0.06403973
8.684457 0.1399093
7.90649 0.1821908
9.249144 0.4064941
7.658749 0.2599466
11.34075 0.07501741
8.960609 0.3509358
7.026215 0.3098942
7.467952 0.117597
6.246691 0.09185852
8.10252 0.3874361
7.77174 0.1022731
6.756612 0.3190196
7.259891 0.1258644
7.968344 0.3646103
6.774108 0.2709553
7.965879 0.1207546
6.957911 0.2056959
7.843957 0.05296311
7.403292 0.3818175
6.022811 0.2157495
7.410814 0.1286762
6.744877 0.2297057
9.92175 0.1116829
11.28305 0.03222777
9.093008 0.1423078
7.265411 0.0429602
8.662182 0.1127774
8.721986 0.3312248
7.463265 0.3519074
5.741166 0.3722469
7.710438 0.2815012
6.059977 0.243475
8.262937 0.2503888
6.677446 0.1399762
8.945667 0.1063816
10.82071 0.4193239
13.08503 0.1746986
9.157931 0.0662212
12.64514 0.1071261
9.684929 0.0449905
8.392825 0.1105152
7.831142 0.1808811
9.099738 0.06625923
11.51754 0.2273756
7.695851 0.1173019
9.131515 0.2061703
7.06544 0.315745
5.892125 0.2001809
7.521889 0.3299558
5.354742 0.1877529
7.670741 0.1851655
8.788291 0.1036026
6.996201 0.2343702
8.761365 0.03195661
8.365022 0.1638625
9.105406 0.08263628
8.684685 0.3239279
6.947436 0.1501658
6.808712 0.3285044
8.038636 0.09378831
5.308343 0.1781593
7.009095 0.1972857
9.261235 0.4893287
8.209254 0.3601351
8.45397 0.06203127
10.53238 0.1929552
8.008763 0.07063569
8.628359 0.06891101
8.578225 0.1653533
10.33768 0.1883882
8.430657 0.1245938
5.924743 0.09603726
7.958714 0.0797729
6.450583 0.3968271
8.945688 0.4369387
6.368557 0.4380275
11.52081 0.2034959
8.03544 0.07073046
7.325555 0.09367782
7.534634 0.2985336
8.140379 0.1374228
8.519693 0.1452896
6.020138 0.1426605
7.589601 0.1224478
6.591951 0.05922682
8.024802 0.1132423
6.27488 0.03698632
6.146667 0.1888319
6.179821 0.3151271
12.56162 0.1240407
6.598002 0.403036
7.812299 0.1332295
8.105567 0.1937613
6.717436 0.07292185
8.943934 0.1150439
8.656976 0.2098178
7.204433 0.1161895
6.697764 0.3498961
6.788569 0.2757593
7.168491 0.1681877
6.646011 0.4099139
4.984611 0.3846039
8.116782 0.4765863
7.654276 0.2125277
6.200862 0.3065353
6.176404 0.09691433
9.101871 0.1899429
12.9953 0.1856512
9.38421 0.2972992
12.15558 0.2296934
6.552388 0.4753397
5.091564 0.1301067
5.622146 0.2175007
8.708481 0.3201296
5.633395 0.4557283
6.486209 0.3625555
6.408101 0.3806555
7.30079 0.1713834
7.963964 0.03668156
6.703623 0.4831677
8.126901 0.0233602
12.30276 0.04890019
5.709114 0.195968
6.430383 0.09636484
8.218579 0.1627984
6.245105 0.255269
6.584386 0.1542821
5.425148 0.08083806
8.521414 0.05140647
6.874208 0.2307545
7.282768 0.4519954
9.192548 0.0808258
6.80198 0.09274447
7.025909 0.1680238
7.830812 0.139841
8.212457 0.02722082
10.8913 0.0375599
7.59008 0.347229
6.987532 0.289499
6.772426 0.2554413
7.194616 0.0716249
8.644695 0.1068095
6.862485 0.2286868
8.726032 0.1856209
6.742458 0.3324827
6.347197 0.3030917
6.621194 0.483563
5.693992 0.2370394
7.706367 0.1842695
6.696477 0.1904703
8.117227 0.1707058
7.83821 0.03407079
11.41337 0.06332587
6.032679 0.2752357
14.48799 0.05631246
7.918665 0.1703167
6.289505 0.08497927
8.925507 0.3625902
6.071912 0.06999679
6.972106 0.2337187
5.918913 0.3017169
10.65013 0.3144881
6.972708 0.3854726
8.876314 0.05395532
10.75244 0.05307846
7.72381 0.1618913
9.622588 0.1131524
8.65292 0.1934792
7.628789 0.1422487
8.682721 0.1116483
8.34428 0.02226959
9.789139 0.1514759
8.82054 0.1651569
5.051231 0.2750254
5.118468 0.2316441
5.669331 0.140375
8.379915 0.0717499
7.225407 0.4107972
6.191363 0.3592299
9.737233 0.2093674
6.543912 0.4486383
6.719279 0.2580037
6.563544 0.4534429
8.832145 0.2857149
8.146879 0.1900347
6.468767 0.491536
6.35812 0.1611039
6.510076 0.2855421
7.946702 0.07513767
8.941115 0.3237024
7.085457 0.1988032
7.82564 0.1116527
8.042099 0.07622578
6.149116 0.1055294
6.911685 0.2846484
6.514165 0.2995464
5.976032 0.493546
6.512625 0.03931968
5.890814 0.3907353
6.779552 0.2337708
6.984758 0.1387134
8.418764 0.08132622
5.728303 0.3995022
8.238737 0.398434
8.461423 0.03801319
7.81268 0.06989984
8.740008 0.2495114
13.44766 0.1220147
7.601244 0.168938
8.126192 0.2194714
9.709482 0.2973465
9.648085 0.3020115
11.61946 0.08595676
8.802391 0.2194857
8.534056 0.1024734
9.682535 0.09456319
6.036336 0.2755894
7.944453 0.4543291
10.45065 0.2590422
9.916097 0.2143689
5.5345 0.2144642
7.851218 0.168323
8.452324 0.4668138
9.290826 0.05228092
7.068964 0.2056798
6.284115 0.25111
7.06842 0.02565193
5.718616 0.3266684
5.283494 0.3755147
6.027182 0.2836398
8.107262 0.3412439
6.453281 0.3575684
8.758545 0.1221897
6.832531 0.2037548
5.700495 0.4591285
8.54305 0.2282095
7.430163 0.2410478
11.39294 0.07646306
5.952679 0.03183026
6.633858 0.1198347
6.9776 0.1370077
6.889521 0.06555777
9.100938 0.4466765
10.20406 0.1792968
8.216309 0.2617107
9.807935 0.25493
8.750162 0.05906796
8.388581 0.08087008
13.20172 0.02657194
7.044503 0.07525502
6.018997 0.3932623
6.16018 0.4508024
10.05474 0.3284244
7.971444 0.4980045
7.150785 0.2486102
7.249423 0.2222935
9.652767 0.0902232
9.717174 0.2799669
8.991176 0.1048259
5.781728 0.2056652
7.122128 0.2943292
7.76489 0.3346245
5.840717 0.1084421
6.694772 0.07477842
8.867691 0.3494426
8.04965 0.08479407
8.963001 0.1627212
6.550295 0.1395601
7.755801 0.155256
6.87454 0.1870391
9.911653 0.478895
5.629676 0.3732896
7.665763 0.06791784
6.886014 0.3085988
7.411143 0.1034905
7.572213 0.4445804
7.85585 0.3015336
12.74569 0.1927784
9.236969 0.3576563
8.461137 0.1639321
7.152169 0.3091361
9.885913 0.387276
6.614723 0.08500064
5.342938 0.06949595
7.428669 0.1685922
6.059927 0.4727424
5.176829 0.3885588
6.613142 0.09009486
5.352621 0.3243009
7.621531 0.06668467
8.103253 0.08144322
8.507244 0.1857254
5.696434 0.2003389
7.647694 0.1374149
7.942275 0.1024057
7.77529 0.2524215
11.65692 0.1057225
7.27623 0.3693615
7.912388 0.09463517
8.377421 0.2666436
9.177849 0.1420744
5.981387 0.3257363
8.922118 0.1475981
7.451178 0.3023063
9.269239 0.4281349
7.822904 0.04957124
7.531484 0.06174434
7.285321 0.1082195
6.224047 0.1607179
7.551497 0.1338678
6.968155 0.1432976
7.698544 0.1750541
7.803505 0.213841
12.89135 0.2547163
6.042661 0.4465478
6.783077 0.1428594
6.915218 0.229993
4.627256 0.34146
9.325051 0.1537343
7.698078 0.116041
9.148461 0.2636365
9.549636 0.2223259
9.002084 0.2078529
8.18567 0.05717901
9.611283 0.3253059
10.58826 0.3616683
9.809021 0.05947817
7.815673 0.4568237
7.164863 0.09047796
5.874656 0.3641453
10.30131 0.1383028
9.18498 0.190896
6.594216 0.1591528
9.560184 0.04214508
9.107582 0.1209177
10.69164 0.1794065
8.218129 0.1184902
11.29642 0.03899682
8.780786 0.1932374
8.155262 0.02678001
7.315674 0.2218231
5.985074 0.3185207
7.505719 0.05896479
6.865801 0.4126796
7.763858 0.3777275
8.044822 0.03025469
7.975136 0.02388828
8.883349 0.08152421
7.965363 0.2725614
6.309216 0.08936602
7.65672 0.4479397
7.321261 0.3722985
6.245482 0.4287963
7.5121 0.1698298
9.435573 0.1007378
7.073224 0.2416292
7.195635 0.08887376
7.540505 0.4193446
8.923232 0.3857348
6.075413 0.1315806
6.648958 0.2322059
6.055119 0.0878371
7.674416 0.1342395
7.404934 0.07072944
7.30796 0.09905106
8.465667 0.1300366
8.195186 0.3019496
5.686642 0.2374602
7.413616 0.1589188
6.375566 0.4161386
7.693608 0.160132
9.374056 0.4251051
6.930262 0.2277536
8.809761 0.296395
7.403627 0.0929289
5.185167 0.1675844
6.605088 0.355312
8.411333 0.2693656
6.601833 0.4887424
7.401746 0.2552218
7.766348 0.318149
7.608302 0.3238674
9.93722 0.2594156
6.499169 0.1620519
5.343433 0.3028786
8.330479 0.4561184
7.592744 0.2027577
9.62544 0.1193857
8.0373 0.3987354
6.36266 0.1856545
6.030467 0.09834829
9.199808 0.09771014
7.070802 0.04226187
10.1246 0.1143422
6.887062 0.4708888
7.575771 0.3555392
9.254609 0.2296237
8.252344 0.1661011
8.861264 0.02928245
10.09942 0.1333146
9.328887 0.08980295
11.64497 0.05305306
12.30168 0.1392719
8.295707 0.1116223
12.74514 0.2574695
7.441588 0.05015468
9.558023 0.1276069
6.134822 0.1373859
9.753705 0.3906679
7.338458 0.128452
5.870649 0.06815455
7.960896 0.07713861
7.738765 0.1740456
7.548727 0.03477519
8.512128 0.3392395
12.6428 0.1130217
8.037626 0.329701
6.954453 0.2346975
6.421386 0.1914662
5.875321 0.3002823
7.408871 0.2384437
5.790456 0.2855742
6.626041 0.3337185
9.722124 0.0940888
8.495518 0.4400765
8.155607 0.2806248
6.061802 0.4178981
7.703707 0.09177334
6.972895 0.1976452
7.661624 0.3305802
8.066645 0.03189374
9.066178 0.1387951
8.301382 0.06361712
6.446082 0.2626341
7.109343 0.3477051
8.205203 0.0821459
7.938767 0.2860392
9.519513 0.1817496
9.905141 0.1877511
8.797603 0.4061607
8.250795 0.2867991
8.222872 0.1720976
6.777952 0.1016205
9.44985 0.313474
7.268975 0.05842345
6.572789 0.1151849
10.39822 0.3608655
8.566412 0.03149151
6.141109 0.190634
5.807008 0.05780031
4.728323 0.1398374
5.632728 0.3490746
7.887771 0.2577698
8.112795 0.1254438
7.038332 0.2849048
9.959352 0.3338787
8.132872 0.4277221
8.592763 0.1422585
5.879051 0.4165279
6.931865 0.2425053
6.372512 0.2654962
6.68757 0.1047797
6.842234 0.1247101
8.013057 0.1643158
5.890278 0.36157
9.201731 0.3220793
7.80388 0.296972
8.419269 0.3299314
7.882776 0.3521799
9.75193 0.4243173
6.349366 0.3377906
9.418069 0.2695894
8.078088 0.2081625
6.437401 0.3279407
6.716687 0.2028492
8.520336 0.2658412
7.437295 0.1702963
9.358606 0.1072488
8.247514 0.06255759
5.121812 0.4872897
7.381683 0.1028891
6.92372 0.4808502
6.654506 0.2179689
6.824026 0.2639202
8.66692 0.1402277
6.475728 0.1697511
7.566354 0.3661985
7.068846 0.2840453
8.596274 0.2018276
7.263447 0.09596808
7.24372 0.2933785
8.761063 0.1761955
5.922908 0.436535
7.001989 0.4316631
7.906895 0.138861
10.02046 0.05937981
9.172021 0.281127
8.445888 0.04549302
7.108213 0.3442129
7.951538 0.1980034
9.637284 0.2820972
7.328243 0.2854187
9.78131 0.1518397
8.399271 0.1162454
9.230001 0.2997469
8.687027 0.02550221
8.319326 0.0697647
6.784858 0.4643596
6.440434 0.1965215
8.000479 0.3081191
8.657698 0.0333219
7.287824 0.09897257
8.998588 0.03796977
7.178997 0.1470285
8.408001 0.04530322
6.801869 0.0985045
8.104734 0.2369998
6.927965 0.3456926
8.673143 0.4193161
7.265621 0.2754684
10.15075 0.02534009
5.827528 0.1332345
10.23327 0.1048319
10.22144 0.06465212
6.503901 0.3051854
9.163624 0.1985958
9.468069 0.1422368
7.6514 0.101223
7.000985 0.08744609
7.615385 0.1211236
6.09343 0.2717227
8.097606 0.3707009
8.234211 0.04992847
7.741823 0.06981117
12.59051 0.1162096
11.36811 0.06748947
10.56884 0.2133937
9.692419 0.1609937
9.676362 0.4310125
7.642995 0.0962721
7.671174 0.200478
7.383183 0.3215187
6.999464 0.1444766
5.165258 0.09652484
7.050355 0.190358
8.691566 0.1365163
7.387988 0.3410495
6.479619 0.3561868
8.372129 0.1497194
6.537334 0.3328409
8.036676 0.06978472
7.059201 0.2172692
7.393431 0.07962282
8.846947 0.08790686
8.747662 0.1716087
6.902857 0.03095025
7.714143 0.222768
7.089141 0.3614255
7.589018 0.09337516
10.61004 0.02014408
6.590781 0.3090988
9.885647 0.06914657
6.51677 0.4521204
7.932239 0.2883871
7.928369 0.03833496
7.027471 0.1457341
10.02809 0.2255267
8.030531 0.1387525
7.781053 0.4305201
10.48004 0.182724
5.880492 0.3848899
8.177614 0.2140644
8.517061 0.2324021
12.5134 0.1769962
7.981175 0.1292582
6.206855 0.4651396
6.953583 0.2440672
8.577254 0.2609728
7.369931 0.06318859
9.375611 0.3106931
5.659672 0.4470884
8.57679 0.1984417
5.792076 0.2257401
6.618302 0.07242689
7.923258 0.2077685
9.855752 0.08688826
6.505944 0.2608414
7.776414 0.04670328
8.255135 0.2698236
11.46812 0.3308825
8.544681 0.1694228
9.339809 0.1284325
8.937922 0.3425453
7.961481 0.2070077
9.474515 0.3716068
9.947391 0.1366201
9.285144 0.1927782
10.46561 0.03037321
7.427184 0.2611497
7.078416 0.07668605
7.77572 0.1710189
7.63036 0.3450399
10.81882 0.4430659
6.656696 0.1568498
8.524389 0.2084839
6.435057 0.1011706
8.567407 0.1375766
8.52642 0.2778003
6.257303 0.3830211
13.27396 0.09538841
7.795055 0.4387803
8.59663 0.09269377
8.089643 0.3770491
9.195191 0.2231511
10.66208 0.1036875
8.117975 0.2061307
12.20726 0.2198565
6.368682 0.2650147
8.333156 0.139886
5.806471 0.09264299
6.583013 0.1870322
6.65368 0.1243834
6.060983 0.3397445
6.513428 0.4468325
10.20312 0.3395063
9.170888 0.391106
5.694235 0.08644594
6.132156 0.07138046
8.153068 0.1887549
7.23982 0.2351503
6.977556 0.0639933
6.161559 0.2380581
4.954708 0.1046965
5.353414 0.07831786
5.319996 0.3127118
6.034484 0.292133
6.094197 0.08555528
5.782135 0.1637893
6.548868 0.4617654
8.58454 0.3493432
6.522037 0.02314433
6.318065 0.1457293
6.214147 0.1391697
7.565327 0.1904542
6.432692 0.1589781
8.73593 0.05318157
14.16552 0.05242555
11.55116 0.2322312
11.25864 0.2106567
11.31563 0.322398
6.869897 0.3873274
8.321037 0.1122507
9.455387 0.1421456
8.125474 0.2893249
7.019793 0.1743715
6.625358 0.1940281
8.198728 0.1351161
7.530141 0.2499033
9.959395 0.3134357
10.15914 0.3243368
8.585711 0.04997619
8.369993 0.1155855
10.33276 0.2261953
10.2792 0.02455312
10.40456 0.02954716
6.262037 0.2587358
9.573702 0.08206887
8.056293 0.2395724
7.576009 0.1567281
7.503696 0.07701092
9.249488 0.08264597
6.503141 0.2124752
8.063801 0.09354545
10.60157 0.02655614
5.996343 0.223587
7.138134 0.2264949
5.863638 0.4575964
7.63418 0.3246639
7.831707 0.204059
5.52267 0.2334245
7.357314 0.4407196
5.923475 0.3053423
7.123497 0.3269859
7.33943 0.185133
7.339742 0.2584918
7.238899 0.1935599
7.723369 0.05326411
8.961538 0.2914897
9.728072 0.1317225
7.880656 0.02753499
6.343243 0.2573918
7.487362 0.1491019
7.077116 0.1879931
7.572377 0.2822805
10.17627 0.3748573
7.435378 0.1209806
7.468289 0.3147895
7.554952 0.4688528
6.110266 0.3170017
8.797749 0.121735
6.858944 0.3578116
7.113389 0.3613158
5.481914 0.2287149
6.507084 0.1760219
5.534205 0.3605147
7.028144 0.2968141
7.02215 0.1034598
7.15512 0.3681936
7.456357 0.2861706
6.901574 0.1046617
6.526992 0.3100672
7.566205 0.0633943
6.359761 0.3659416
7.048767 0.1885733
5.587122 0.2420686
7.064261 0.1988825
8.93631 0.2180526
7.642545 0.4703783
6.900186 0.3165119
7.063892 0.339104
8.705837 0.3807846
7.483641 0.1935328
6.17935 0.1122874
9.131461 0.1889387
7.873139 0.09677746
7.057961 0.189481
7.819095 0.4137257
7.700472 0.2398796
7.983464 0.2910143
6.756818 0.2104203
7.756966 0.13217
5.979964 0.3771139
7.399719 0.2340623
5.970774 0.3510439
6.553585 0.1440453
6.553712 0.2508903
5.480258 0.1605497
5.821138 0.323333
7.102391 0.4358922
6.607615 0.4611654
8.881746 0.2142513
7.111423 0.1463102
6.100862 0.2554131
7.135684 0.3066089
7.909662 0.2117338
5.881066 0.0443886
6.676122 0.3437698
8.718823 0.2262485
6.729561 0.1878869
8.232736 0.3181042
8.55359 0.141623
9.418835 0.306273
6.603529 0.1538621
6.062529 0.2056162
9.411603 0.3112237
7.889785 0.3718075
9.068938 0.08802761
5.670716 0.1982669
6.503844 0.3136064
6.968245 0.2132047
6.741436 0.1956272
13.82473 0.1154461
6.159713 0.1888827
7.459299 0.212741
7.91294 0.327551
6.742826 0.1748268
8.169954 0.1758025
7.373765 0.07507301
8.148836 0.1462595
10.23016 0.2312877
5.34559 0.4121829
6.763022 0.4231065
6.099025 0.4253459
5.797727 0.3548928
7.215476 0.03575
6.787599 0.1059536
6.04601 0.2979519
7.673367 0.4858174
8.785649 0.3893131
8.80144 0.2403225
9.853128 0.1264882
8.072999 0.2291079
9.765598 0.2643208
6.961665 0.4035065
7.831389 0.3712168
7.008371 0.09553065
7.49037 0.2756773
9.133398 0.0276097
11.04194 0.3173545
9.296208 0.121587
7.078874 0.3890645
8.184192 0.2689746
9.358971 0.08879918
11.92112 0.443159
9.106126 0.09156172
11.63513 0.1154861
7.79242 0.3035006
7.635206 0.1352678
10.65808 0.1050978
9.436566 0.2453651
6.769212 0.166662
7.554077 0.1388312
7.12922 0.2237033
6.581274 0.05885738
8.803941 0.05447883
5.839096 0.0772944
8.191004 0.2603719
6.210806 0.1501107
5.77161 0.4622412
6.68587 0.4057508
7.068506 0.1338814
6.808653 0.2622493
6.577279 0.4064609
6.096588 0.4312012
7.468728 0.3397198
10.35199 0.02885621
6.352484 0.2503111
6.630389 0.06259384
6.626025 0.479816
7.252472 0.09857648
6.327831 0.2969087
7.433902 0.2083348
7.223668 0.1407095
8.114269 0.2565579
6.70896 0.241726
8.354619 0.3507679
7.701836 0.1554362
8.367521 0.1394158
9.189573 0.2496099
9.72063 0.4702088
7.444864 0.03553825
7.716022 0.2023811
6.250555 0.2411216
5.543831 0.4497138
6.321184 0.06216574
8.438779 0.09222256
6.620995 0.2092931
14.26108 0.1754082
10.25665 0.04403351
6.341272 0.135067
8.115085 0.1412578
8.419198 0.1684813
10.1995 0.1532836
7.342768 0.2735518
11.93152 0.04566531
7.525689 0.2312951
8.618681 0.1784326
9.241046 0.1261919
8.272913 0.02695825
7.985882 0.08649864
7.765833 0.06174003
9.087457 0.08957549
7.778027 0.1938428
11.55189 0.2096897
7.175935 0.09101223
6.958076 0.1341437
7.960197 0.3168126
12.69805 0.07629599
6.982446 0.4207947
5.629083 0.1701626
7.738698 0.2421112
10.77785 0.3948664
8.560793 0.3399179
9.895738 0.1721337
10.3181 0.1475038
6.780162 0.2921964
9.590655 0.4637323
7.808502 0.3074729
11.55705 0.2448384
8.148496 0.3493212
6.998008 0.3893811
11.42288 0.2933409
8.73873 0.2659055
7.66308 0.3964628
7.965155 0.1176814
9.092169 0.2088574
9.019492 0.09790796
9.188843 0.3355422
8.856909 0.388538
6.893461 0.1078685
7.014621 0.3197873
9.926853 0.3739301
5.840792 0.4140733
7.531504 0.1072367
11.84105 0.1735888
8.817016 0.4168043
7.550316 0.1325096
7.935538 0.07673153
6.431759 0.3727689
9.213432 0.1418641
7.014076 0.3158163
5.246808 0.1964261
9.353691 0.09575048
8.874275 0.2040204
6.198015 0.2257278
7.171386 0.1532392
6.869959 0.281545
9.326775 0.1648179
8.691928 0.2045051
8.22142 0.2524809
8.953631 0.4772082
6.95912 0.1751629
6.42953 0.2654986
8.277874 0.4158241
8.332143 0.3181833
8.486898 0.1845551
7.618683 0.02398693
7.09283 0.163816
6.864292 0.372261
7.664868 0.2827885
7.123156 0.4021467
7.103982 0.2506438
10.62609 0.1073275
8.438161 0.1356555
7.118131 0.149556
8.812374 0.2058954
6.030639 0.2135689
5.835583 0.2365989
11.92665 0.08954732
8.323166 0.1123985
7.149778 0.3527703
7.181319 0.2300529
8.542595 0.02449679
6.810022 0.09532802
9.462739 0.03025433
7.952715 0.07589852
6.797577 0.0548824
9.455359 0.1127376
7.433351 0.3776645
8.648635 0.2436263
8.232219 0.1479912
9.604109 0.2668028
9.180441 0.2934061
7.152181 0.1876284
7.476207 0.2202852
5.512289 0.07977371
6.665868 0.06242813
5.749271 0.1477081
5.899942 0.327501
6.045021 0.4746942
5.372778 0.3245906
5.368772 0.2572148
6.94078 0.2033841
7.729754 0.2608135
5.564521 0.1317572
7.176565 0.3135952
6.151172 0.08709348
8.657028 0.4182672
7.014254 0.2223278
8.089487 0.1003255
5.820783 0.1076329
6.722245 0.1008405
7.27288 0.08998867
6.37112 0.4980108
5.002105 0.3624793
6.579906 0.04058871
6.875798 0.4536444
6.508675 0.1701193
4.465298 0.2926733
7.456416 0.4905635
7.052623 0.2428586
8.547613 0.1507161
8.244763 0.1349902
7.829407 0.1017123
8.115406 0.04180073
11.7869 0.07792885
7.972404 0.06425553
10.94497 0.1872548
7.221959 0.09450285
9.092489 0.2098052
6.506546 0.2194176
8.284584 0.3778078
7.518594 0.1021524
6.918015 0.3352842
7.460497 0.4956119
5.042527 0.118967
6.386581 0.1004896
6.100716 0.05404047
7.596978 0.1240441
5.394847 0.3686005
10.19475 0.06869076
7.417189 0.1176696
9.336638 0.1016392
7.847934 0.2453148
7.676526 0.1910336
6.343589 0.07372911
5.915614 0.451495
5.659509 0.06244031
6.955421 0.2644738
5.352261 0.2026243
6.286263 0.3226713
11.98057 0.2594218
6.68029 0.1393974
6.466849 0.4092942
6.050726 0.2287272
4.511647 0.1997561
7.428321 0.123125
6.905306 0.124683
6.97367 0.05088784
6.247022 0.3048119
8.351404 0.1683991
5.45785 0.4523598
7.127478 0.2203571
8.353923 0.1757356
10.8674 0.2067407
8.647889 0.2836937
7.078576 0.09116726
6.501006 0.3516493
8.398638 0.2391255
6.618193 0.2462548
7.451122 0.1166827
6.934147 0.1725179
6.764304 0.3007213
7.356953 0.2465118
7.383066 0.1617525
6.605506 0.0668036
7.884412 0.248049
8.188633 0.120706
10.68366 0.07192485
6.648136 0.2786076
6.749147 0.2685221
5.961594 0.4768066
6.004858 0.0857823
5.06403 0.05399003
8.083672 0.0872966
8.024663 0.2063255
6.436192 0.206062
8.263331 0.3248241
10.07178 0.07871953
7.174633 0.08679431
7.884977 0.1407921
9.046564 0.1898625
7.78694 0.07444256
7.354049 0.08513615
7.658964 0.4669177
10.31028 0.04501807
8.499731 0.1233356
9.993366 0.06171335
7.572496 0.2529065
9.317078 0.05273174
6.597461 0.2872176
6.737444 0.1236962
6.134368 0.2520152
7.43823 0.2374282
5.83482 0.2544235
7.480888 0.2926685
6.490815 0.1389781
6.164385 0.1423869
8.679996 0.338726
8.073742 0.1595994
6.587174 0.10834
4.997879 0.2840072
7.401188 0.3933328
7.933784 0.1440631
8.094179 0.157747
6.262944 0.1686828
7.94835 0.4972827
7.354205 0.08807284
7.866802 0.4294548
6.771705 0.08681244
7.067774 0.2884276
8.239584 0.3900771
8.160824 0.3901584
5.858728 0.4932474
6.29472 0.1678862
7.315543 0.3968373
7.39942 0.1264635
9.796265 0.1296801
8.043668 0.08167242
7.486393 0.08297727
6.857142 0.04204681
8.219883 0.2004244
6.976485 0.08778544
5.994283 0.2369953
8.440741 0.3672205
6.335043 0.3185495
9.902016 0.4193038
6.024019 0.232541
8.058541 0.3540616
8.168703 0.03714162
6.006936 0.3598078
7.802339 0.4539628
10.26793 0.21559
6.278602 0.03227723
8.41889 0.2110711
8.203759 0.4772458
7.923516 0.1278784
9.824704 0.1869592
7.10947 0.35024
9.420066 0.1712346
7.651107 0.1530485
6.940103 0.3074359
8.744732 0.2102933
6.585308 0.3694086
8.980292 0.1157296
5.898987 0.2929877
9.364287 0.2260702
8.41095 0.3835219
7.50508 0.3791696
7.317328 0.2189651
8.321651 0.2603024
9.523108 0.07195578
6.797674 0.4370207
7.646661 0.1424352
6.391491 0.1877923
9.992523 0.1537154
9.636901 0.3155269
8.310628 0.1970619
7.175099 0.1254818
7.526303 0.3314277
6.223281 0.09045455
7.041308 0.4620005
4.968723 0.2828928
6.041609 0.2257634
9.407707 0.2082785
11.75995 0.3540643
9.906694 0.33372
8.270727 0.08390525
7.649354 0.08278129
5.888751 0.2817382
7.254211 0.08410039
7.887028 0.2840308
7.169015 0.1108441
7.07447 0.2646356
10.74126 0.0950976
5.801867 0.3159862
7.67846 0.4118796
8.96102 0.07828185
6.888668 0.1073556
8.496062 0.2986276
8.013836 0.02142286
6.843884 0.03425792
7.032462 0.3489973
6.702083 0.1726697
4.845636 0.2985646
8.916528 0.2426201
6.042468 0.06310977
6.792368 0.3925345
9.180742 0.3333945
6.260611 0.1590257
7.249835 0.1477936
7.699775 0.06033699
10.07336 0.1205471
8.766035 0.2181952
8.746478 0.1280646
10.27423 0.2122784
9.399909 0.2313232
5.851032 0.4638712
7.575552 0.1753366
5.993985 0.1025867
5.976749 0.1728326
11.32131 0.09732291
6.862039 0.2119387
12.77332 0.08940086
11.23493 0.1546369
7.990744 0.06458913
11.69589 0.05853171
8.462624 0.1554947
10.62082 0.2448315
8.362413 0.2424573
7.555967 0.3989675
6.746229 0.2752779
7.606424 0.1064012
7.468755 0.2700907
10.11617 0.1674793
7.446071 0.2409029
8.867397 0.2401043
8.714543 0.08203184
7.434067 0.4380647
7.409794 0.4527608
8.695383 0.05027698
6.363186 0.1115932
7.63833 0.2646823
5.916293 0.2192955
5.459063 0.05225985
6.515579 0.2970998
6.117008 0.09206647
7.063561 0.266961
6.73374 0.2352868
9.692111 0.2413898
10.23471 0.08747896
9.125164 0.1134384
8.83867 0.05322615
12.39025 0.1605479
9.15177 0.4070463
7.784748 0.1562214
7.882518 0.2552321
8.379078 0.4893013
8.438005 0.2132994
9.022889 0.1007029
9.327035 0.1395933
9.219606 0.2325445
7.480986 0.3559313
5.654145 0.2092807
8.365724 0.4283148
7.281252 0.1174364
7.263615 0.03906241
10.03666 0.108403
11.37505 0.3989172
11.80507 0.08424671
9.864233 0.06244755
10.23764 0.02352477
8.257299 0.1138806
12.24774 0.03029015
9.839274 0.207424
9.082913 0.2798775
9.823305 0.1542537
7.359112 0.08466771
9.947891 0.1878438
6.862591 0.1138494
9.33574 0.3559442
8.975124 0.158787
6.605169 0.04793758
8.065803 0.3663675
8.496049 0.2860943
7.836044 0.02045009
8.291199 0.4895272
6.223166 0.10818
7.562894 0.3235288
10.312 0.2189731
8.305362 0.0847086
10.53457 0.2951703
8.16278 0.1658914
6.876269 0.1380779
9.408402 0.1087045
8.296805 0.1479482
6.541319 0.250205
8.218227 0.1472203
8.841946 0.2009129
9.311763 0.1756122
7.705709 0.1963973
6.585635 0.3200009
5.905544 0.08726577
7.622078 0.1915975
7.25621 0.3573811
6.759321 0.2972407
6.694467 0.08230761
8.420499 0.222626
8.196293 0.2803725
8.310132 0.4546108
8.226166 0.1803344
9.728221 0.3818097
12.32205 0.08412046
8.888055 0.3339287
7.955014 0.3046726
9.317208 0.2728295
15.46428 0.3407158
9.340341 0.2513626
7.977131 0.1084315
9.500712 0.2866395
12.43412 0.06591307
8.148015 0.03718716
9.550935 0.2369947
5.950627 0.2550437
5.916666 0.4999494
6.746484 0.1548852
8.037305 0.3387146
7.584652 0.04909224
9.925136 0.169292
9.364853 0.2323257
21.49576 0.06202588
13.97469 0.1954994
9.306111 0.1118919
5.471826 0.1092707
7.08172 0.3075784
6.057401 0.2066221
7.019962 0.1396057
6.476813 0.1348469
8.968963 0.03038469
6.985469 0.3684405
9.278237 0.3817178
5.91191 0.2038373
8.152577 0.3209859
10.21565 0.1102852
6.47669 0.4040026
4.955042 0.224833
6.863092 0.234031
5.575848 0.1786576
7.432068 0.05832729
10.05502 0.1606536
5.250069 0.2331596
13.03511 0.1665508
6.81264 0.4286665
6.071938 0.08071026
9.453547 0.110354
8.218419 0.1795788
7.040438 0.4557833
6.001538 0.2511412
6.335546 0.1347354
5.608569 0.1698408
9.049431 0.4701355
4.928928 0.1747886
8.870616 0.2602498
8.919861 0.2287585
5.7611 0.05578087
8.144888 0.4159557
5.860769 0.4835291
6.340627 0.329949
8.606557 0.1169743
6.599042 0.2986647
6.838269 0.3761168
6.738595 0.1949127
6.108975 0.1292409
8.608257 0.1738757
7.865561 0.1017055
6.296718 0.1793931
6.728329 0.0864443
8.391911 0.06285411
5.669844 0.3200153
5.551142 0.1367815
5.186935 0.4662304
5.653381 0.307177
9.249112 0.1559113
6.473759 0.4312574
8.287784 0.1794623
6.432425 0.06840594
5.561927 0.2619355
7.504596 0.2880935
5.378416 0.4997396
6.979136 0.2741434
9.915805 0.2336347
5.792122 0.1923336
7.889209 0.147168
5.741231 0.4904318
5.727288 0.3628001
11.50793 0.3546856
9.907376 0.1632273
11.98628 0.09367477
7.60628 0.1403792
11.24844 0.2553217
6.109625 0.09975291
7.026003 0.07852789
6.046362 0.158832
9.984248 0.1466444
8.084649 0.1764815
6.53946 0.1573887
6.601395 0.3754104
8.558254 0.1384555
7.851974 0.1289392
7.207231 0.3470048
6.318592 0.2127995
7.809411 0.1660193
6.548344 0.1848113
6.310285 0.1790357
6.837698 0.2715462
8.288719 0.4242266
9.235885 0.4059772
9.677027 0.06581881
8.432343 0.2614147
7.140059 0.379428
9.764602 0.1074809
7.849904 0.2189145
7.002322 0.1151302
8.547316 0.3326837
8.945001 0.3110793
8.347603 0.2142036
6.249268 0.2135052
10.83161 0.3919923
7.332296 0.1294849
6.658133 0.2712487
7.222057 0.1726588
5.500898 0.4081459
5.697634 0.034556
5.382659 0.308277
7.7389 0.1840942
10.53565 0.380741
9.210124 0.3357767
7.22943 0.2072431
8.103776 0.0936072
9.326343 0.2745543
7.725555 0.4275925
9.706338 0.4745839
7.7644 0.2229796
7.639079 0.4361891
9.848487 0.02650298
6.770707 0.06406214
8.246752 0.2807625
6.853227 0.3323813
4.659828 0.3803292
7.756881 0.04926126
7.709729 0.236907
6.087772 0.2247393
6.580394 0.2553083
5.973356 0.3003352
7.422132 0.1111879
7.968992 0.2527713
10.10344 0.08375152
9.158928 0.08293359
6.672355 0.3345494
9.754802 0.2079386
6.184691 0.08393076
8.002091 0.3182937
8.286143 0.03623418
8.312906 0.321436
10.13962 0.1865746
7.754678 0.06116696
7.708523 0.2591892
7.162563 0.3224422
8.053498 0.2900612
6.414429 0.3344059
6.967138 0.3660706
10.30511 0.203176
5.965249 0.2958164
6.875585 0.0981356
7.608028 0.3162935
7.32141 0.4551353
9.255901 0.2735639
8.054199 0.05576159
7.455708 0.2874848
7.678609 0.4949799
8.847142 0.1349791
8.847905 0.06745866
8.674576 0.05949674
7.596071 0.2581958
9.415033 0.2258855
6.742344 0.2919863
8.964547 0.4779953
7.322264 0.3728033
8.256738 0.07471785
7.635691 0.2583485
5.896032 0.4017932
10.72468 0.02023874
7.544108 0.1327309
6.732962 0.1669154
7.03793 0.299779
5.668389 0.4061031
6.05018 0.09160264
5.814267 0.3553866
10.87781 0.04746603
7.861783 0.1049296
7.10982 0.2793067
9.574893 0.05504699
5.939554 0.2952937
6.221341 0.372061
10.03442 0.236635
7.747032 0.2186001
6.890385 0.143268
7.489772 0.1839859
8.950196 0.1633251
7.41659 0.1087118
5.539011 0.3430915
10.47656 0.3410058
8.291555 0.319948
6.661875 0.1997993
5.561473 0.3780892
6.787303 0.2647356
7.014724 0.4182016
7.424628 0.3266643
7.388577 0.1064593
8.041693 0.2113217
6.323758 0.2877473
7.408034 0.486171
6.631389 0.09104032
7.829386 0.1109051
9.163043 0.0454961
6.710131 0.2969779
8.123086 0.242917
7.123551 0.3103637
7.229027 0.1164791
9.4256 0.2256335
6.255987 0.3162602
6.203794 0.306534
6.663437 0.3669731
5.783752 0.3046227
5.964046 0.2270881
6.819162 0.1726111
7.793386 0.2671538
7.354209 0.05198009
8.377088 0.3843219
8.253989 0.08764931
6.509812 0.1708815
6.405245 0.04485359
5.939699 0.4985173
5.38189 0.06280475
6.843987 0.1293249
7.763784 0.2036854
9.498571 0.4639378
8.991049 0.2129992
6.611491 0.03596704
7.12799 0.2997335
6.029084 0.1230837
6.614396 0.1947229
8.773689 0.2275184
9.364451 0.120859
7.168299 0.3173756
6.243874 0.4741016
7.819049 0.03160141
5.711565 0.3817523
7.435269 0.3534214
6.87612 0.330707
7.217042 0.1990892
6.796229 0.06447133
6.950073 0.3682511
8.874877 0.4224612
8.500935 0.211521
7.255292 0.3306484
7.723747 0.06719679
5.539188 0.4159821
5.147146 0.3007225
6.03705 0.3095575
5.669125 0.2071413
5.399311 0.3834996
6.329526 0.2492514
7.284081 0.07107133
9.436688 0.1429648
7.94515 0.1565708
5.185148 0.4778929
11.74413 0.1850335
6.141873 0.2865988
8.450249 0.1254395
8.34854 0.1384567
6.857801 0.1117015
7.860977 0.1444575
9.354593 0.2125014
9.945077 0.2536552
10.15586 0.04323774
6.993909 0.2698888
7.32573 0.3092968
7.521861 0.2899684
5.723981 0.04951989
6.479517 0.4361697
6.601049 0.2836726
7.569507 0.04040167
6.87729 0.4977114
8.085414 0.277867
5.671648 0.2274873
8.781317 0.1412756
9.524856 0.3802253
8.029406 0.02530514
7.330441 0.07687405
7.79765 0.4892708
5.705346 0.2718228
5.803126 0.1977003
6.86789 0.206776
6.814805 0.2671323
8.775649 0.288584
8.082645 0.09294438
9.049397 0.197321
9.300223 0.2188818
7.469807 0.06958527
8.285119 0.1594233
9.995553 0.1911364
5.333395 0.4899651
6.512666 0.1354801
6.198656 0.398014
12.42537 0.286444
6.050849 0.2899629
9.383082 0.06906195
6.341334 0.1338837
8.17126 0.2723231
7.124347 0.3740718
7.064975 0.1192339
6.922436 0.3239063
7.760438 0.2351488
7.957939 0.145689
8.640118 0.2756529
10.03215 0.3591322
8.195194 0.1363958
8.25453 0.3810921
8.04117 0.2333464
6.670581 0.1540256
9.344028 0.09513016
7.006615 0.4501424
9.06255 0.1026467
8.650794 0.225373
7.536029 0.07837315
