"u.bar" "t.bar"
1.063965 0.9205125
1.013862 0.8748635
0.997594 0.8270847
0.9983434 0.9036317
1.011559 0.7959307
1.016478 0.9152289
1.043649 0.7572889
1.003118 0.7871224
0.9906648 0.8053899
1.017781 0.7363749
0.971336 0.8484268
1.03529 0.7466715
1.039216 0.8768526
1.002465 0.8814896
1.046103 0.9419055
1.004202 0.7884978
1.026256 0.8730536
1.01015 0.8200731
1.031349 0.8757265
1.107018 0.8330203
1.04882 0.8384413
0.9882937 1.098483
1.166644 0.8678366
1.073157 0.9365606
1.060528 0.8501012
1.09031 0.8553497
1.02254 0.7987291
1.017791 1.00492
1.081287 0.9327937
1.020106 0.7926338
0.9637286 0.992747
0.9608054 0.7724276
1.059563 0.8678383
1.129713 1.001119
1.033025 0.8386295
0.9950418 0.8894804
1.055845 0.9832707
1.190091 1.014724
1.001746 0.8583982
1.047807 0.8554175
0.9570386 0.7881924
1.08427 0.7938964
1.03052 0.8488535
1.004298 0.755228
1.025726 0.7908917
1.030119 0.789311
1.029496 0.9156139
1.011128 0.8432248
1.087926 1.086508
1.019299 0.8202479
1.033069 0.8336661
1.061735 0.8195708
1.050097 0.8071983
1.013747 0.8670802
1.063026 0.903891
1.031487 0.9485712
1.04599 0.7949113
1.032255 0.7803385
0.9681006 0.8495163
1.013896 0.8050086
0.9989994 0.890448
0.9970083 0.8789028
1.023802 0.8638109
1.029845 0.8410915
1.06462 0.8665042
1.121211 0.8343386
1.086554 0.923454
0.9518668 0.8640812
0.9640684 0.8257504
1.010626 0.7879705
1.037669 0.7968616
1.056654 0.9495245
1.02921 0.9174742
1.105543 1.103811
1.021144 0.8993168
0.9802464 0.7769978
1.067612 0.8422108
0.9620513 0.7739268
1.081822 0.7237992
1.164011 0.8322718
1.107538 0.8153891
1.173195 0.8818407
1.028659 0.8871011
1.034417 0.7335338
1.009516 0.8730405
0.9981386 0.722726
1.024808 0.8465101
1.021937 0.7683471
1.020634 0.7588667
1.014908 0.8829513
1.052218 0.8045142
1.025671 0.8335612
0.9871936 0.9404222
1.005374 0.9012679
1.073912 0.8924704
0.9982713 0.8501547
1.077064 0.7837445
1.262999 0.8235188
0.9614962 0.834034
1.026159 0.886326
1.041119 0.8289005
0.9902691 0.7315443
1.146138 0.9952115
1.14728 0.8531521
1.013924 0.8217343
1.039703 0.8498273
0.9832404 0.8424237
1.026921 0.7883763
1.013649 0.8988634
1.017006 0.9185519
1.097173 0.8487632
1.018227 0.7743023
0.9649164 0.9265026
1.048618 0.9155133
1.139274 0.9040045
1.095948 0.8737492
1.151513 0.9488681
1.11281 0.8544971
1.085187 0.926284
1.033032 0.7625055
1.024467 0.8117875
1.061284 0.760214
1.080636 0.8297237
1.018465 0.871583
1.05487 0.8339836
1.089561 0.9221038
1.11361 1.096737
1.029269 0.9260378
1.140075 0.9767126
1.07591 0.831233
1.035867 1.143893
1.041714 0.8017612
1.04448 0.8659597
0.9917966 0.9903385
0.9979075 0.8964385
1.063895 0.9820899
1.008898 0.8024416
0.96685 0.9757087
1.081684 0.9441247
0.9909882 0.8936713
1.046762 0.8560595
1.113397 0.8603245
1.072466 0.8505214
0.9972535 0.7570391
1.092867 0.9196618
1.072345 1.069249
0.9908471 0.7965031
1.078363 0.9044758
1.063377 0.9398286
1.191495 1.143922
1.032416 0.8796104
1.002545 0.8850961
1.013488 0.7715502
1.003474 0.7969164
1.066023 0.8962618
1.081771 0.9563904
1.033404 0.9836487
1.052257 0.8357553
1.081412 0.8818703
1.00119 0.8449828
0.9654344 0.8027861
1.071489 0.8773442
1.007704 0.8825078
1.095967 0.9287763
1.102716 0.894214
1.004899 0.8814254
1.02394 0.8941272
0.9291626 1.203511
1.05044 0.9141543
1.056809 0.9251057
1.04973 0.8253058
1.007858 0.8722919
1.005715 0.7670339
1.057736 0.8945901
1.049178 0.8054461
1.049431 1.060053
1.088017 0.770297
0.9842134 0.9778846
0.9835405 0.8453157
1.133142 0.7893133
1.022833 0.8888282
1.155961 0.8856894
0.9989166 0.8109883
1.077654 0.8757957
1.003442 0.7333539
1.026069 1.004514
1.042902 0.7731919
1.046769 0.902371
1.038954 0.876892
1.030477 0.9111362
0.9914331 0.7722682
1.01212 0.7868402
1.000211 0.8352726
1.018673 0.7745456
1.006785 0.9119529
1.009874 0.8740374
1.043958 0.9388877
1.068863 1.113015
1.023526 0.9272114
1.042062 0.8058286
0.9893451 1.017889
1.09667 0.8614157
1.033037 0.7487735
1.087133 0.8615995
1.040243 0.7854929
0.9744728 0.8422728
1.008808 0.8093203
1.084233 1.040516
1.028321 0.9433894
1.080773 0.7642794
1.011682 0.8174316
1.023333 0.8971013
1.012138 0.7974211
1.009916 0.8853526
1.07361 0.7880737
1.068899 0.7692489
1.014442 0.7113637
1.055522 0.7825883
1.052254 0.7454357
1.02376 0.8899533
1.06643 0.8803676
1.039284 0.8224957
0.9846158 0.7966181
1.016891 0.8726865
0.9988502 0.752804
1.125654 1.060547
1.102241 0.89155
1.045876 0.9767434
1.094118 0.7419287
1.103583 0.8858774
1.007871 0.8249023
1.03038 0.8226339
1.052578 0.8534051
1.176698 0.8172655
1.099994 0.8824547
1.041944 0.889834
1.022772 0.8150531
1.005803 0.8012871
1.053801 0.8606919
1.191775 0.9047039
1.018785 0.8874471
0.9979465 0.7306956
0.9826324 1.087513
1.027777 0.9392915
1.020269 0.9338503
1.064617 0.9920311
0.9961442 0.8264428
1.038695 0.7475224
0.9532593 0.8182041
0.9768654 0.7590619
1.004062 0.7720825
1.155649 0.9202532
1.09562 0.8481158
0.9747189 0.7758535
1.062405 0.873362
1.109327 0.9673697
1.036208 0.9057169
0.9925212 0.9160841
1.053298 0.8054542
1.144479 0.9427146
1.026177 0.8647642
0.9838292 0.874704
0.9905982 0.8856262
1.041992 0.8065601
0.9819669 0.7964784
1.088311 0.85403
0.9968597 0.7866177
0.9944615 0.9440411
1.09812 0.9950128
1.258454 0.9042062
0.9995654 0.7995033
0.9729201 0.946782
0.9958738 0.875012
0.9988167 0.8260649
1.030795 0.8707124
1.014093 0.786975
1.046981 0.8050516
1.057881 0.969343
1.029282 0.8240462
1.071168 0.8439729
1.068331 0.8450211
1.007684 0.8257114
1.052084 0.8992158
1.118188 0.9619549
1.066836 0.8662146
1.032555 0.9439167
1.026415 0.9155616
1.008947 0.8679103
1.028396 1.044774
1.02142 0.8759233
1.14557 0.898633
1.222254 0.8958988
1.065438 0.893594
1.103891 0.9222887
1.021199 0.6952373
1.049336 0.8787238
1.005438 0.8768797
0.9864305 0.8469736
0.99949 0.9227406
1.042556 1.089756
1.056829 0.9067713
0.9854258 0.8653163
0.9783307 0.7499626
1.090404 0.8405863
1.052275 0.7530041
1.140561 0.8795246
0.9897805 0.8051116
1.077971 0.8972795
1.005833 0.8399451
1.025105 0.8508048
1.124467 1.130929
1.137519 0.9106487
1.0072 0.8957428
1.061924 0.7944135
1.140438 0.8511073
1.04972 1.003876
1.007825 0.7762444
0.9824666 0.860264
1.014455 0.7849125
1.120274 0.9174222
1.037169 0.9783206
1.052409 0.8653229
0.9882349 0.8096054
1.023625 0.8012203
1.075751 0.8085291
1.111522 0.8474366
1.07494 0.7954385
1.108099 0.9436041
1.095374 0.8758612
0.9708451 0.9036408
1.121534 0.9174647
1.021872 1.090821
1.016609 0.8979996
1.075867 0.8444447
1.008231 1.007573
1.000231 1.03275
1.159561 0.8283883
1.060164 0.8199482
0.9794408 0.8930332
0.9808285 0.811883
1.04158 0.6692908
1.057005 0.7380677
1.036759 0.8662225
1.043138 0.8126046
1.034731 0.8079425
1.036234 0.7828037
1.044599 0.9764094
1.090834 0.8973837
0.9612458 0.9114037
1.000871 0.8898592
0.975735 0.8941949
1.072108 0.8958007
0.9600823 0.8754343
1.019732 0.80049
1.01937 0.8352076
1.007547 0.8910553
1.018023 0.8259851
1.045148 0.7984773
1.136227 0.9302008
1.008984 0.9189376
1.000218 0.8360411
1.096303 0.9223792
0.9918224 0.9348683
0.9962737 0.8042964
1.027195 0.8562319
1.015076 0.7790972
1.029412 0.8304353
1.041633 0.9065742
1.126586 0.9110767
0.9847499 0.911414
0.9808602 0.7574664
1.000886 0.8579654
1.050468 0.8623587
1.021946 0.8039405
1.048827 0.744669
1.017561 0.864241
0.9868049 0.888206
1.015801 0.8464801
1.038756 0.8562762
1.077218 0.9078748
1.065357 0.9762488
1.062254 0.7964954
1.004574 0.8671103
1.00748 0.9597526
1.047284 0.8702479
1.017327 0.8751873
0.9770801 0.863011
0.9704116 0.8536187
0.9974053 0.8428565
1.106208 0.8549424
0.994282 0.7069443
1.007581 0.8539399
0.9915916 0.9483975
1.056325 0.8758055
1.001927 0.8577337
1.043167 0.8771747
1.027131 0.8862529
0.994724 0.8054365
1.02066 0.8475196
1.030745 0.7783879
1.076173 0.8352084
1.024586 0.7842387
1.155886 0.9749495
1.076714 0.9008768
1.073662 0.870188
1.020271 0.730573
1.051415 0.8857979
1.10743 1.16045
1.014554 0.7951161
1.057805 1.078084
1.058731 0.9463848
1.035117 0.8435905
0.9987358 0.7550523
1.120555 0.8398187
1.03855 0.9000495
1.151907 0.9088088
1.017522 0.9417867
0.9768487 0.8072767
1.046769 0.8325501
1.018905 0.8840829
1.00236 0.8398497
1.002526 0.8015558
1.008488 0.808871
1.045542 0.8173462
1.219853 0.8808689
1.14464 0.8871374
1.084098 0.8354958
1.041739 0.8721041
1.041636 0.7560291
1.055174 0.7984547
1.110671 0.8921296
1.025271 0.8178796
0.9916627 0.7758153
1.035436 1.288165
1.077537 0.9128931
1.048516 0.8980997
1.046815 0.9100135
1.171257 0.9547392
1.038161 0.8266084
1.002972 0.7789389
0.9974155 0.8645837
1.007515 0.7895517
0.9877453 0.8409381
1.083992 0.7795867
1.060182 0.8400125
1.017456 0.8912541
1.02255 0.8379553
0.9812607 0.7721877
1.060986 0.8687661
1.025045 1.056797
1.093679 0.8975465
1.018366 0.8341116
0.9981879 0.881212
1.046676 0.9154702
1.047723 1.038164
1.173574 1.013834
1.116599 0.8026196
0.9932589 0.7480391
1.037771 0.7128748
1.018032 0.8630945
0.981085 0.8183304
0.9993799 0.8036309
0.9773555 0.935626
1.049039 0.7180606
1.037622 0.9107197
0.9521929 0.8581743
1.093978 0.8398732
1.038031 0.8021937
1.013596 0.8998094
1.020639 0.8265719
1.069011 0.8435668
1.018911 0.6729286
0.9962196 0.7978339
1.006462 0.7986579
1.17303 0.9674965
1.033215 0.7853938
1.011158 0.888623
0.9865926 0.8578346
1.056046 0.7962575
0.9946394 0.8856098
1.04116 0.9128334
1.081853 0.8490066
1.015543 0.924348
1.061129 0.842415
0.9697225 0.7654984
1.161151 0.8401268
1.008688 0.8512127
0.9650789 0.9035622
1.062971 0.7033873
1.062132 1.04599
1.0544 0.8049977
1.090011 0.8293474
1.037871 0.7670462
1.019078 0.8549691
1.038655 0.7826104
1.044779 0.8868537
1.115145 0.7483117
1.050418 0.8594777
1.027203 0.8011469
1.044206 0.8129152
0.9868072 0.8692403
1.060286 0.8145903
0.9970529 0.8356962
1.102863 0.8296001
1.120636 0.7544077
1.018772 0.8029527
1.090124 1.118077
1.044467 0.9697499
1.081557 1.025667
1.038596 0.8597819
0.946954 0.9258734
1.030989 0.8860324
0.995438 0.8435093
0.9857321 0.8271143
1.010026 0.9664034
1.072816 0.914722
0.9921893 0.8718949
1.173388 0.9777464
1.114868 1.029381
1.089579 1.038362
1.055332 1.00182
0.9933079 0.6803886
1.033465 0.8829407
1.047963 0.8540887
1.016485 0.9245913
1.084211 0.9841022
1.034898 0.9363246
1.053464 0.8376471
0.9808344 0.9206754
1.023202 0.7849839
1.050803 0.7733229
1.00771 0.7947687
1.02686 0.7948295
1.109808 0.8402743
1.05565 0.8725778
1.036066 0.9058419
1.01587 0.8514923
1.062249 0.9360335
0.9990579 0.8212481
1.023153 0.8272374
1.056236 0.8156847
1.002886 0.7808785
1.020526 0.7097553
1.020245 0.924829
1.054951 0.7955041
1.027888 0.8551098
1.048913 0.9237648
0.9992013 0.9468999
0.9830685 0.9340564
1.019755 0.8201655
1.062688 1.020131
1.083466 0.8343696
1.086959 0.8656991
1.049909 0.7634045
1.040522 0.7728011
0.96713 0.8787576
0.9854849 0.7887327
1.167803 0.8273376
1.023121 0.7773198
0.968075 0.9440086
0.9698636 0.9029716
1.043948 0.738179
1.037809 0.8707638
1.078935 1.032294
1.007231 0.847732
0.9782457 0.8059476
0.9978013 0.7666921
1.00803 0.7982648
1.077241 0.9764124
1.029458 0.7708087
1.037783 0.8328374
1.005378 0.6973842
1.045551 0.8704928
1.086117 0.866905
1.027693 1.091574
1.016153 0.7993116
1.076639 1.038595
1.014562 0.9419143
1.050647 0.8333068
1.098642 0.9687192
0.9977583 0.7449056
1.200523 1.009354
0.9928746 0.9946629
1.189634 0.9948592
1.155414 0.8885176
1.028254 0.8607162
1.223512 0.9675811
1.061426 0.9069998
1.119678 1.214108
1.050805 0.9412797
1.001249 0.8716477
0.9934315 0.8668542
1.015849 0.8592554
1.043625 0.7808612
1.009821 0.7831841
1.079891 0.8034911
0.9715274 0.9069833
1.028744 0.9000149
1.094897 0.9475309
0.9636237 0.7836043
1.182197 0.8248779
1.125402 1.060148
1.014193 0.7533779
1.002383 0.8818014
1.009769 0.8301755
1.012821 0.8416135
1.015096 0.8586556
1.016704 0.7327866
1.045811 1.000704
1.097638 1.043742
1.068176 0.8808173
1.028289 0.8614106
1.000984 0.8684279
0.9928595 1.009891
1.020679 1.044309
1.049603 0.8591349
1.021471 0.9339984
1.007564 0.9245597
1.013157 0.8559074
1.08275 0.8647061
1.02769 0.9114345
1.070397 1.050732
1.025322 0.9868021
1.087159 0.933483
0.9996302 0.8177685
1.054013 0.8914361
1.019117 0.7291534
1.026859 0.8320361
0.966423 0.9679316
1.173013 0.8811206
1.011122 0.8358125
1.024178 0.8561522
1.026627 0.7559389
0.9942988 0.9363857
1.00903 0.7778712
1.062617 0.7698154
0.9756103 0.9288935
1.07125 0.9121303
1.031858 0.8459362
0.9826531 0.8676235
0.9919429 0.8875972
1.131365 0.9926233
1.011522 0.8784227
1.010985 0.7993653
1.009332 0.7901897
0.9991411 0.7619355
1.080572 0.8598448
1.016143 0.9077137
1.032342 0.9082037
1.032333 0.7541325
1.000684 0.7935901
0.9739245 0.7850309
1.008079 0.8591831
0.9973951 0.6830599
1.064435 0.8539737
1.030103 0.8086974
1.029004 0.8429383
1.085554 0.7452133
0.9949591 0.8754438
0.9975366 0.9219424
1.097283 0.8202103
1.110112 0.9655887
1.050587 0.890044
1.065537 0.7014044
0.9969408 0.8999191
1.015051 0.8394047
0.9709716 0.8585826
1.06875 0.8329081
1.077009 1.038542
0.9975792 0.869996
1.108076 0.7968263
1.226329 0.8753389
1.044698 0.890177
1.074898 0.8585956
1.070793 0.8302695
1.031515 0.8382851
1.003231 0.7902869
1.031116 0.8073418
1.083096 0.8373607
1.018214 0.8878613
1.040485 0.9427844
0.9785192 0.7638009
0.9688936 0.764021
1.052201 0.8213202
1.017812 0.9739395
1.017915 0.8004217
0.9648407 1.12157
1.020273 0.8793182
1.032132 0.8455447
1.083992 0.9927111
1.042192 0.9620106
1.102789 0.9827843
1.031615 0.8503971
0.98743 0.9871125
1.014483 0.8024495
1.017211 0.8318943
1.051755 0.8479397
1.003869 0.8058258
1.010472 0.8905338
1.104651 0.9082186
1.037739 0.769625
1.015169 0.8652392
1.027742 0.761282
1.019236 0.9320749
1.015311 0.7230433
0.9582015 0.7527185
1.073139 0.879426
1.035997 0.8558433
1.056967 0.8263225
1.003563 0.8333264
1.052024 0.7149661
1.061989 0.8484422
1.072144 0.8271686
1.049122 0.8558219
1.092918 0.9696604
1.038621 0.8132332
1.047164 0.8958723
1.039925 0.8878213
1.083134 0.9393696
0.9945181 0.7474848
1.070669 0.8081453
0.9681457 0.8654208
0.9945064 0.9227949
1.003151 0.7714218
1.053859 0.8636716
1.016437 0.8528792
1.205152 0.8651986
1.097118 0.8761762
0.979387 0.7335544
1.039591 0.8693859
1.036056 0.7678962
1.023176 0.9460913
1.037631 0.9284491
1.021702 0.9986128
0.9795064 0.8503635
1.027995 0.9232182
1.068773 0.7915726
1.034788 0.7547513
0.9769207 0.8784774
1.02953 0.9111809
1.040169 0.8469537
1.020706 0.8845839
0.9700035 1.034271
1.162698 0.9770511
1.049144 0.8796814
1.105347 0.8696928
1.102397 0.8755647
1.016904 0.8103854
1.149072 0.9226162
1.005444 0.8322222
0.9813512 0.9181555
0.9813975 0.8509425
1.012791 0.8981987
1.135417 0.7953547
0.9894684 0.993241
0.9469529 0.8820721
0.9830433 0.9680699
0.9991446 0.7844498
0.9997449 0.9909614
1.026944 0.8686974
1.07618 0.8656621
1.012526 0.7241364
1.107857 0.8407282
0.9787798 0.9914917
0.9865575 0.8212136
1.145967 0.9853413
1.084803 0.8331715
1.036874 0.9128715
1.145119 0.9367158
1.006162 0.8580648
0.9536247 0.9361748
1.073913 0.8589864
0.9991745 0.8804533
1.004134 0.7510853
1.035076 0.7337737
1.011792 0.8277574
1.05918 0.8601539
1.077929 0.7846526
0.983334 0.8070726
1.03317 0.7602132
0.9728698 0.8758789
1.077324 0.9305169
1.0721 0.9752484
1.082069 0.856917
1.065761 0.9635922
0.9588303 0.9282883
1.173357 0.9654443
1.023165 0.9400699
0.9995586 0.816568
1.020529 0.8355994
1.031839 0.7706876
1.066919 0.8195533
1.266981 1.004442
1.109456 0.8783973
1.127045 0.9107173
1.101753 0.9253739
0.9903135 0.8955733
1.023319 0.9456105
1.017623 1.092561
1.025429 0.8125184
1.033877 0.9326581
0.9554249 0.8722655
0.9641829 0.8256861
1.08805 1.007721
1.167172 0.912084
0.9754906 0.8140723
1.171365 0.86436
1.051782 0.7722369
0.9710583 0.8092956
0.9978633 0.9690302
1.0747 0.7819135
1.083976 0.9034172
0.9509241 0.9133547
1.074941 0.8467074
1.051658 0.8274091
1.028711 0.8798578
0.9992952 0.8520081
1.135946 0.9712563
1.008986 0.8345241
0.9898923 0.7287387
0.9858902 0.8466058
1.020212 0.8859495
1.039317 0.9002488
0.9982466 0.9045244
1.036831 0.7952238
1.022727 0.8008626
1.044358 0.7893355
1.033564 0.8314348
1.040064 0.9473697
1.053081 0.8366806
1.002592 0.8844295
1.032954 0.7960574
1.168724 0.8684687
1.042775 0.9299209
1.105386 0.9356037
1.070171 0.8414286
1.014586 0.8188599
1.063955 0.7509116
1.027498 0.7960671
1.044634 0.820912
1.049886 0.840217
1.053716 0.8224684
1.06227 0.7743326
1.0767 0.7298928
1.102236 0.8250049
0.9944003 0.8362784
1.022817 0.9570998
0.9908173 0.8389546
1.006819 0.9913509
1.002398 0.8673713
0.9896657 0.8305029
1.076322 0.8069664
1.037172 0.8711997
1.021671 0.8803901
1.056933 0.8738963
0.9947583 0.7699399
1.001652 0.7564232
0.9627363 0.7984084
0.9970505 0.9266595
1.031715 1.165867
1.074786 0.8301434
1.080268 0.8205311
1.084852 0.9616047
1.114277 0.9571705
1.04002 0.8226716
0.9924094 0.825721
0.9779533 0.7949306
1.045076 0.7675343
1.003119 0.9623386
0.9980609 0.9117691
1.032774 0.9050697
1.074816 0.8495843
1.04355 0.8005816
1.028284 0.8562254
1.042678 0.9650718
1.051085 0.8871558
1.039931 0.8722503
1.019447 0.9377551
0.9505458 0.8644878
1.001966 0.805015
1.039884 0.7471856
1.101984 0.792005
1.033407 0.844319
1.004944 0.8335842
1.027074 0.8310389
0.9849828 0.8342905
1.000751 0.7842705
1.157023 1.16079
0.9678192 1.047639
1.029508 0.765911
0.9776619 0.8735084
0.9990873 0.8744402
0.944509 0.7972152
0.9816445 0.8514128
0.9925525 0.8906603
1.01561 0.8356315
1.163201 0.8873154
0.9852031 0.7900109
0.993789 0.8869251
0.9462873 0.7944633
1.012426 0.7778269
0.9641406 0.8127187
1.090469 0.8129118
1.030346 0.813424
0.9928417 0.9245626
1.098451 1.159072
1.027496 0.9138881
1.045227 0.8063355
0.997695 0.8353553
0.99574 0.836052
1.040997 0.7499962
1.0786 0.9371862
1.004087 0.8858831
1.306202 1.118352
1.038678 0.7891951
0.9767702 1.031107
1.134777 0.9011599
1.001463 0.799975
1.0545 0.845174
1.013662 0.8494327
1.046602 1.243542
0.9693092 1.037886
1.045704 0.9777677
1.075599 0.829976
1.062705 0.8720831
0.9707715 0.9203192
0.9429635 0.9688897
1.140532 0.9046819
1.047365 0.8460244
1.013407 0.7874845
1.019718 0.7940243
0.9938857 0.8267083
1.039928 0.7616453
1.001116 0.889216
0.9957042 0.9318842
1.19273 0.9884092
0.9751538 0.8087501
1.016348 0.7865085
1.060203 0.8973497
1.129379 0.9034416
0.974703 0.7229639
1.000087 0.8246336
0.9913595 0.8303926
1.004767 0.733809
1.052155 0.9418468
1.052566 0.754647
1.005101 0.9725817
1.038229 0.8805889
1.007016 0.9008196
1.083955 0.8337021
1.045683 0.7481239
0.9985212 0.8336278
1.039881 0.8890271
1.113797 0.8610307
1.024878 0.8684001
1.009892 0.8257087
1.019389 0.7877058
1.024457 0.7966564
0.9895255 0.8687142
0.9627679 0.7693779
1.011628 0.8183285
0.9898104 0.7960926
1.008881 0.8436479
1.014071 0.8077806
1.075946 0.8710329
1.071698 0.746447
1.057929 1.027701
1.029582 0.9382894
1.066227 0.9215816
1.029166 0.914701
1.003247 0.8840527
1.098045 1.00686
1.000016 0.7555445
1.008864 0.7959059
1.047211 0.844042
1.054178 0.8514545
1.059499 0.8612704
1.114927 0.7358003
1.044262 0.904367
1.101806 0.8438941
1.060215 0.8123991
1.086827 0.8648075
1.044081 0.9336028
1.028154 0.8171404
0.9428159 0.8415816
1.015109 0.8535352
1.117491 0.8655806
0.9957263 0.7979876
1.027137 0.8989255
0.9745101 0.9549284
1.011875 0.8844778
1.075709 0.9079313
1.126152 0.830921
1.034053 0.7976525
1.024542 0.8414671
1.061019 0.8254376
1.052581 0.8897752
1.113667 0.843332
0.9969918 0.751674
1.013638 0.7970651
1.030011 0.9235752
1.039657 0.8095683
1.084312 0.8642701
1.07381 0.8161786
1.000977 0.8927132
1.035725 0.8265684
1.019505 0.8201092
1.002731 0.8956532
1.001292 0.7946738
0.9829254 0.9426045
0.9757919 0.9119246
1.004699 0.8122915
1.123091 0.8862475
0.9937322 0.8014993
0.9942226 0.8108195
0.9788963 0.8406926
1.013985 0.8238498
0.9898922 0.8125093
0.9981271 0.7287916
1.045872 0.892812
1.012749 0.8251781
1.001805 0.7391501
0.9944408 0.9799938
1.139488 1.007978
1.244009 0.8792762
0.978749 0.9143944
1.070239 0.8236842
1.026398 0.8428834
0.9957134 0.814492
1.064912 0.8600497
1.021904 0.8405263
0.9529352 0.7211509
1.076179 0.801653
1.024148 0.8573022
0.961615 0.8997824
1.006502 0.8774914
1.081312 0.9177752
1.005899 0.898007
1.120462 0.866668
0.9959561 0.8434268
1.042839 0.8704793
1.090145 0.9277634
0.9852564 0.8575776
1.019869 0.8667087
1.040896 0.8420035
1.041707 0.8891912
1.037548 0.886713
1.004538 0.8570787
1.039172 0.8540103
1.010126 0.9009803
1.003494 0.8894886
1.117736 1.028113
1.072054 0.7912611
1.004405 0.9447289
1.010498 0.7666399
1.060571 0.9072381
1.035835 0.8346529
1.205861 0.8387803
1.096279 0.8123794
1.090364 0.7891367
0.9822077 0.8342495
1.050567 1.013416
1.015142 1.077468
1.025021 0.844318
1.019081 0.9086042
1.072247 0.8512883
1.00863 0.9479027
1.077139 0.8540266
1.011071 0.8614092
1.033479 0.8310819
1.019424 0.8918364
0.9579437 0.9536382
0.9640826 0.8589817
1.163299 1.033978
1.065011 0.8720947
1.124025 0.9361661
1.018495 0.9845596
0.9420698 0.9493139
1.021466 0.8172024
1.092967 1.019552
0.9787129 0.8846618
1.0757 0.9007183
0.9986851 0.8032367
1.165107 0.7684626
1.018314 0.8614474
1.009971 0.79724
1.039054 0.8084981
1.047147 0.9517021
1.062806 0.8107757
1.038197 0.8341694
1.012925 0.8542472
1.20219 0.9379485
1.010657 0.8210065
0.9986974 0.8240115
1.097901 0.9113369
1.092635 0.7864834
1.229503 0.9656644
1.030702 0.9730232
1.077807 0.9592562
0.9784903 0.9530978
1.04537 0.757919
0.993424 0.7381592
1.021005 0.9469316
1.114007 0.9086984
1.062325 0.8385325
1.046872 0.9320974
1.047528 0.8013951
1.040183 0.854376
1.057004 0.8327898
1.118027 0.9108356
1.031127 0.7765581
0.9687341 0.9079694
1.173747 0.8412877
1.07038 0.9066722
1.0762 0.8499063
1.054517 0.8570644
1.006294 0.8218667
1.035941 0.8475877
1.005394 0.844285
1.072742 0.8073296
1.018413 0.9145676
1.052201 0.8818537
1.010362 0.8260422
0.9761208 0.8373387
1.041282 0.9082122
1.153831 1.053376
1.010699 0.8206137
1.044131 0.8331779
1.051009 0.9307795
1.052636 0.7075886
1.134436 0.8593365
1.05002 0.924563
1.078806 0.8593528
0.9861871 0.8436707
1.006206 0.7235561
0.997922 0.8284103
1.014853 0.8792574
1.049605 0.7198097
0.9806973 0.891634
1.033189 0.7806103
1.044356 0.8170209
1.072432 0.8492241
1.118382 0.877959
1.012753 0.8761852
1.106017 0.9322957
0.9977296 0.8124732
0.9947219 0.9127044
1.010008 0.8712086
1.04346 0.8252583
1.018974 0.9593447
1.081141 0.8412268
1.113497 0.76986
1.15258 1.113811
1.031015 0.7497485
0.9548337 0.8141188
1.051541 0.8744692
1.119744 0.9034327
1.022336 0.8631382
1.005176 0.9633439
0.9912135 0.8364259
1.012621 0.8723945
0.9890335 0.7793096
0.9967349 0.8691003
1.093038 0.7302832
1.031449 0.8979679
1.05908 0.729962
1.088671 0.845463
1.014995 0.8150189
1.004547 0.8691188
1.039859 0.8033868
1.063301 0.8011452
1.100315 0.9041765
1.067749 0.8810448
1.075 0.8485763
1.02131 0.9163957
1.037176 0.9074115
0.9966636 0.9080395
1.067025 0.8566978
1.061937 0.8470067
0.9925785 1.058268
1.10906 0.8780923
1.002659 0.8718317
1.124446 0.8488967
1.035537 0.8623827
1.041338 0.7993847
1.080446 0.7697551
1.020179 0.834949
1.003392 0.8007107
1.042738 0.876586
1.060675 0.7489052
1.001964 0.835953
0.982875 0.9007661
0.9800189 0.8559716
0.9743962 0.8457428
0.9887063 0.760475
0.9982166 0.7697522
1.002871 0.7710204
1.061181 0.8712648
1.030766 0.884525
1.088056 0.9341837
1.029642 0.974464
1.046431 0.813765
1.034946 0.7600184
1.016859 0.7394186
0.9898623 0.8062847
1.06265 0.8702449
1.009359 0.6986524
0.9755273 0.7809938
1.022593 0.959541
1.032261 0.9880176
1.080022 0.9557755
1.225869 0.9009949
1.071874 0.7923866
1.055259 0.8405862
0.9814167 0.8510479
1.114088 1.032015
1.039087 0.7699309
0.9845463 0.7961316
1.22222 0.7823342
1.037787 0.7905384
1.028406 0.8115917
1.014705 0.7980853
1.000246 0.8122568
1.037856 0.836222
0.9995866 0.7531432
0.998581 0.7967492
0.9889364 1.000667
0.9613761 0.9256321
1.132967 0.9776401
1.040158 0.8154492
1.015485 0.871575
1.022449 0.8544527
0.9809604 0.9166219
1.070065 0.8487273
1.045965 0.866197
1.126217 1.216496
1.126225 1.094936
1.039273 1.166826
0.9798874 0.945728
1.03986 0.9698361
1.031497 0.8541823
1.113596 1.001369
1.052082 0.8674804
1.041234 0.8794871
1.026112 0.9068546
1.107369 0.8458109
1.031627 0.8645049
1.043627 0.7940431
1.111888 0.9124276
1.022846 0.8007703
1.010078 0.7458285
1.080933 0.9983108
1.012958 0.8105628
1.009874 0.7458778
1.197488 0.7930689
0.9942722 0.9128865
0.9755138 0.8160342
1.008243 0.8315966
0.9576353 1.019944
1.033563 0.794958
1.059382 0.7984659
1.018948 0.7875023
0.9952845 0.8132746
1.02718 0.7986907
0.9900781 0.7863666
1.00686 0.8658903
0.9971428 0.9182567
1.039152 0.8699507
1.048189 0.835703
1.019119 0.8103287
1.063991 0.8709264
0.9947067 0.921499
0.9988303 0.9261279
1.042332 0.7644757
1.122967 0.7814791
1.053391 0.8410798
1.112997 0.8231224
1.024359 0.7516424
1.002351 0.8721523
1.20625 0.8968785
1.025456 0.7503019
1.014214 0.8084573
0.9979265 0.8200518
0.9996541 0.7443079
0.9765693 0.8030275
1.05212 0.9312798
1.220075 0.8975182
1.028443 0.9120736
1.115383 0.8611763
1.082981 0.8258877
0.9872444 0.9342033
0.9859663 0.8186316
1.111449 1.022896
1.040718 0.8437706
0.9769108 0.818243
0.9979637 0.828652
1.132659 1.089239
1.053838 1.066962
1.05793 0.7783994
1.049822 0.897057
1.134684 0.8781404
1.254407 1.065902
1.098009 0.885148
1.141669 1.022418
1.295237 0.8877305
1.115698 0.8117524
1.015744 0.8696757
1.006724 0.8763674
1.045938 0.9264301
1.185378 0.7450152
1.00938 0.8692915
1.000075 0.7794477
0.9801304 0.8767551
1.150599 0.8392898
1.004921 0.8209761
1.01627 0.9112321
1.051034 1.088479
1.022002 0.8759056
1.129948 0.8583322
1.007294 0.7405441
1.004691 0.7852578
0.9692738 0.8633859
0.9582935 1.171152
1.011545 0.7601522
1.032764 0.8075742
0.9891592 0.7469186
1.022628 0.7416683
1.017166 0.8412393
0.9824214 0.8898222
1.050464 0.7835194
0.9938193 0.8042935
0.983518 0.9324523
1.055588 0.9552088
0.9836096 0.7550546
1.061059 0.8649541
0.9879599 0.9432452
1.201947 0.8906062
0.9754125 0.966166
1.038066 0.7303193
1.086305 0.8567014
1.02898 0.9217571
1.012251 0.8102522
1.012935 0.8699912
1.011021 0.9204855
1.042517 0.8195354
1.03709 0.713556
1.008032 0.8226249
1.090439 0.848856
1.026301 0.8728166
1.049829 0.9321974
1.088401 0.842907
1.047482 0.80666
1.000031 0.8980277
1.058823 0.9535659
1.161213 0.972448
1.017067 0.8010126
1.059324 0.8624413
1.0554 0.8826906
1.052638 0.8299557
0.9808238 0.6744257
0.9684221 0.8322238
1.009296 0.7449191
0.990737 0.7975475
1.21561 0.8591567
1.096466 0.9104654
1.092572 1.080542
1.088935 0.9158791
1.063135 0.8561485
1.086143 0.9541527
1.0527 0.9697985
1.071165 0.7803281
1.016933 0.7427427
1.089462 0.8051955
1.023002 0.898806
0.9764864 0.868607
0.9868006 0.8622821
0.9712427 1.013956
1.02618 0.8530567
0.9781305 0.9638344
1.004783 0.7555303
1.027878 0.8219738
1.002551 0.796341
0.9843648 0.7867384
1.001106 0.830207
1.009615 0.7933724
0.9842353 0.9364526
1.084892 0.8047572
1.049511 0.9656912
0.9605202 0.8628038
1.018138 0.7884297
0.9767417 0.9485104
1.042606 0.7709036
1.085886 0.840004
1.076687 0.911271
1.203444 0.9120681
1.136748 0.8202319
0.9552847 0.7360556
1.024634 0.8323849
0.9940005 0.9268071
0.9976509 0.8481672
1.115055 0.8578309
1.007505 0.7568221
0.9913475 0.9286005
1.022461 0.8415274
1.035401 0.872108
0.9915012 0.8143203
1.018178 0.8422844
1.068767 0.7620289
1.01193 0.8449442
1.054702 0.7816194
0.9817595 0.9325168
1.002564 0.9196387
1.003803 0.7337127
1.002483 0.8154926
0.9781343 0.8515936
0.9737251 0.752179
1.039156 0.9161028
1.031067 0.789486
1.062048 0.9645923
1.149073 0.8145865
1.034049 0.9206001
1.124072 0.8250437
1.00932 0.8379376
1.028834 0.8161667
0.9783125 0.7270889
0.9845477 0.9171668
1.062938 0.8809962
1.024563 0.8302383
1.015433 0.7915191
1.003303 0.9319633
1.140564 0.9919038
1.06427 0.7533809
0.9583897 0.9423466
1.070309 0.9968033
1.050902 0.9100991
1.067115 0.7891565
1.147826 1.116377
0.9843393 0.9356631
0.9734625 0.8249289
1.019354 0.9964042
1.017451 0.9476916
1.018528 0.762775
1.133121 0.7910441
1.054845 0.771201
0.9928911 0.8832994
1.051553 0.8271679
1.067774 0.822915
1.105285 0.8854924
1.145489 0.9496201
1.031176 0.871044
1.008873 0.8972977
0.9762083 0.9610072
1.070139 0.7698293
0.978784 0.8302874
1.035947 0.8168166
1.10042 1.012746
1.040213 0.7974789
0.9787122 0.7917967
0.9867262 0.7816646
1.02777 0.8276774
1.04638 0.8074825
0.9771819 0.8371168
1.018301 0.8699435
0.9966742 0.8646967
1.03727 0.8263251
0.9758789 0.8428915
1.098004 0.823858
1.060016 0.752539
1.122729 0.9254966
1.077429 0.9007926
1.000993 0.7064022
1.023663 0.8965139
1.003902 0.9391056
1.046218 0.8612691
1.08169 1.037251
1.075215 0.9470561
1.049464 0.904212
1.010809 0.9475483
1.112884 0.8778454
0.9914968 1.007082
1.086063 1.131635
1.005761 0.8679411
0.9864469 1.108301
1.089954 0.9452128
1.053316 0.8355303
1.025338 0.7238064
1.001265 0.7804231
0.9858542 0.873871
0.9964832 0.8709385
1.183443 1.013747
1.021932 0.7600263
1.004711 0.8001537
1.05756 0.9566144
0.9768245 0.8211904
0.9931858 0.8564125
0.9953148 0.8796771
1.02428 0.8093583
1.034233 0.7563736
1.011911 0.940756
1.159157 0.9813207
1.038697 0.862944
0.9215899 0.8808113
0.9708071 0.9226701
0.9934199 0.9338958
0.9977659 0.7413737
0.99587 0.8121395
1.063313 0.9262966
1.057359 0.7301072
1.003277 0.9678133
1.009617 0.8098061
0.9766052 0.8251227
1.020709 0.8328573
1.005875 0.8995214
1.009612 0.8236147
1.007599 0.7758711
1.093811 0.9217932
1.087452 1.021762
1.012276 0.823662
1.003493 0.7756343
1.021693 0.923334
1.09578 0.9025087
1.03914 0.9309947
1.019716 0.7897576
1.077113 0.8375984
1.164113 0.8844313
1.123813 0.9844973
1.012639 0.8006674
1.01118 0.8381711
0.9997721 0.8538771
0.985156 0.7545468
1.099907 0.8732687
1.166978 1.007389
0.9844269 0.9625063
1.025356 0.7886318
1.037726 0.8468678
1.064391 0.8322856
1.112791 0.8740029
0.9424369 0.9100191
0.9850447 1.136135
1.009641 0.8101841
1.008791 0.8184814
1.021263 0.8044171
1.009198 0.9205701
1.003103 0.9357993
1.102821 0.8735951
0.9745288 0.9712412
0.9764264 0.8435695
1.024686 0.756933
1.112622 0.8719153
1.142358 0.9299964
0.9833072 0.8857857
0.9969076 0.8116775
1.043119 0.9148914
1.074299 0.8323329
1.115684 0.8721007
0.9940797 0.8752823
1.012602 1.012834
1.036984 0.7561783
1.030387 0.7939595
1.004245 0.7860805
1.028333 0.8815988
1.050189 0.7102277
0.9910099 0.8605713
0.9885069 0.8710914
1.127594 0.8377348
1.062327 0.9194783
0.978619 0.7787912
1.076452 0.7679805
1.056353 0.7457631
1.017758 0.8076602
1.066332 0.7734379
1.030694 0.7949374
1.154766 1.010447
0.9840314 0.9453488
1.038263 0.8537595
1.025857 0.8330415
1.05359 0.8159831
1.035496 0.7799211
1.061843 0.8413087
1.00396 0.8771184
1.020309 0.8898323
1.011512 0.9110344
1.068654 0.8339978
1.077027 0.9383711
1.060499 0.9802351
1.091684 0.832507
1.010315 0.7558501
1.054976 0.8730422
0.988766 0.8256357
1.002608 0.7294711
1.053071 0.7898059
1.03148 0.9941326
1.040571 0.8623075
0.9703514 0.7965759
1.041307 0.9783109
1.042894 0.8411666
1.010028 0.815971
1.010787 0.8660845
1.007231 0.8589519
1.015347 0.9393574
1.074647 0.999788
0.9730742 0.8881944
1.069202 0.8910351
1.020412 0.8157376
0.9986087 0.8959498
1.024031 0.9762324
1.026738 0.8277027
1.030758 0.7495529
0.9765953 0.8513988
1.052475 0.8206004
1.052881 0.8095471
1.001797 0.7791989
1.05059 0.8088609
1.049572 0.8043006
1.022106 0.8500803
1.045393 0.7816652
0.998174 0.9086312
1.067817 0.9567686
1.018931 0.8312511
0.9786135 0.8021435
1.029597 0.7707153
0.9879541 0.738877
1.033427 0.833257
1.053043 1.06
1.082103 0.9052145
1.071484 0.8656686
1.024608 0.8037842
1.006134 0.8755107
1.042186 0.8286363
1.024983 0.8046064
1.134066 0.8666898
1.06007 0.9420518
0.9293992 0.8589241
1.097235 1.022122
1.00846 1.03009
1.00634 0.9055776
0.994785 0.8175548
1.112925 0.9118495
1.076483 0.807433
0.9796788 0.8106135
1.010407 0.813134
1.026553 0.7986551
1.132115 0.845595
1.047814 0.9982414
1.099801 1.119087
0.9858678 0.8287254
0.9930498 0.8603374
1.117771 1.092843
1.061773 0.9234667
1.104653 0.8332313
1.050761 0.8562518
1.095403 0.8670995
1.003891 0.7826385
1.017539 0.7652661
1.050431 1.075602
1.044022 0.80476
1.029377 0.8068998
1.010303 1.057865
1.038791 0.8037553
1.061568 0.9115391
1.047892 0.8242483
1.073099 0.8531245
1.093703 0.7683083
1.132083 0.8439585
1.163243 0.8415828
1.108749 0.8242673
1.110601 0.8347484
1.084916 0.9648881
1.116209 0.7816648
0.9868334 0.8345951
1.042858 0.8748827
1.086893 0.9328922
1.102857 0.882193
1.067836 0.803946
1.061632 0.765087
1.029396 0.9063852
1.025851 0.9415729
1.088574 0.8070094
1.182084 1.068914
1.072222 0.9277423
1.030303 0.7984121
1.027689 0.9362914
1.096068 0.8567072
1.054889 0.8946909
1.115769 0.907294
1.028494 0.8111596
1.037285 0.9199129
1.0503 0.7517445
1.000252 0.8771334
0.9710755 0.9242991
0.9950575 0.8424313
0.9910306 0.828839
1.047167 0.7986869
1.024614 0.9125712
1.036375 0.8665438
1.227912 0.9380256
1.003124 0.8714772
1.023162 0.8173896
1.067715 0.9280333
0.9843731 0.9831155
1.017929 0.8791066
1.018087 0.8469388
1.010635 0.8560744
1.067194 0.8341843
1.046553 0.8324659
0.9680482 0.9431184
1.011397 0.7921593
1.119755 0.9165778
1.133509 0.9012985
0.9992935 0.8027544
1.042877 0.8170046
1.010059 0.8675738
1.068256 0.7799298
1.030634 0.8742503
1.022651 0.7882394
1.221089 0.97599
1.049593 0.8961781
1.024367 0.9961742
0.9707931 0.8106212
0.975839 0.8062883
1.023092 0.9651448
0.9960437 0.8185783
0.97142 0.9108575
1.043652 0.7774726
1.049857 0.8864507
1.074701 0.8752284
1.020284 0.9221462
0.9601254 0.8794086
1.043586 0.8845546
1.289847 0.9379842
1.053186 0.7539503
1.198315 1.061352
1.095562 1.017964
1.088109 0.7585855
1.252027 0.9365613
1.081096 0.7306024
1.019584 0.8694116
1.101456 0.8375654
1.028974 0.7973471
1.09675 0.9176006
0.9805542 0.8542356
1.027805 0.9270344
0.9963073 0.7965252
0.9985427 0.7510634
1.042926 0.9282354
1.059081 1.108467
1.064314 0.8055292
1.030631 0.7880774
0.9883562 0.7634923
1.08431 0.8149116
1.01299 0.8615306
1.085844 0.8831738
0.9868182 0.936419
1.013966 0.7539756
0.9933512 0.7405657
1.030171 1.086694
1.047038 0.8433107
1.048526 0.7945257
1.000174 0.896202
1.024523 0.7720112
1.063807 0.946136
0.9687507 0.7746762
0.975198 0.8979281
1.022787 0.6857138
1.140088 1.031437
1.046933 0.9375781
0.9864497 0.865667
1.031359 0.8377273
1.005343 0.8635018
1.081597 0.9003676
1.150663 0.8616525
1.000681 0.8545069
1.031607 0.8779282
1.007255 0.9082375
1.012018 0.7101995
1.008988 0.8450334
1.030157 0.7539415
1.032814 0.7152517
1.068066 0.8365731
1.140911 0.8467699
1.025308 0.772952
0.9947406 0.8775701
1.053427 0.795434
1.007504 0.7830885
1.079868 0.8409596
1.12679 0.8720268
1.056157 1.062686
1.076304 0.8953878
1.176407 0.7891428
1.016552 0.7707181
1.025022 0.8530816
0.9515876 0.816284
0.9635536 0.7898055
0.9873121 0.8853572
0.9786712 0.8651488
1.078514 0.9444067
1.043781 0.8887404
1.156446 0.957638
1.094859 0.9041417
0.9823406 0.8543847
1.07571 0.9308199
1.009488 0.9463428
1.007964 0.8438788
0.9504576 0.9695954
1.151938 0.865958
1.112547 0.888119
1.02697 0.8660274
0.9965065 0.9845532
1.022093 0.8689006
0.9775197 0.740049
1.024667 0.8639085
1.064181 0.8240294
1.048965 0.8504261
1.041839 0.7587086
1.161753 1.067417
0.9602879 0.890978
1.017466 0.7747411
1.050512 1.077802
1.054867 0.990841
1.180259 0.8573796
1.047274 0.8033482
1.020768 0.8171449
1.04395 0.8730982
1.155977 0.8095757
1.052749 0.88538
1.08103 0.8043774
1.035318 0.7850841
1.099261 1.031581
1.055472 1.078021
1.038497 0.7752719
1.073708 0.9254335
1.098653 0.8355816
1.050998 1.038896
1.01322 0.810297
0.9894581 0.8351513
0.9952661 0.898078
1.047863 0.8514616
1.039899 0.7649053
0.977428 0.8463639
1.013724 0.763896
0.9937074 0.8164618
0.9807513 0.9345743
1.015992 0.9410667
1.22603 0.7957128
1.15098 0.8986659
0.9871813 0.8321638
1.057521 0.8539279
1.025602 0.8966323
1.036582 0.8571324
1.102926 0.8718771
1.013112 0.8332651
1.213302 0.8137788
1.101084 1.229962
1.106549 0.9176946
0.97296 0.8661191
1.100871 0.8589578
0.9640338 0.8212182
1.07548 0.7900976
1.040548 0.8117259
0.9827312 0.8804103
0.9239602 0.8783656
1.033957 0.833337
1.016763 0.8996302
1.07712 0.9370899
1.029163 0.7705984
1.018297 0.9741661
1.02977 0.8135994
1.04529 0.8934034
1.164656 0.7999117
0.9828165 0.8411007
1.007161 0.7981681
1.067085 0.7379754
1.084891 0.8995892
1.13277 0.8271177
1.03832 1.05769
1.055722 0.7543006
0.9585763 0.7564787
1.103124 0.765845
0.9124416 0.935318
1.073318 0.7818442
1.159866 1.085875
1.018828 0.8464995
1.031156 0.9229897
0.9980569 1.024477
0.9909784 0.9455236
1.004938 0.8421014
0.9977594 0.8635357
0.9867186 0.8660982
1.081838 0.8370384
0.985129 0.9562003
0.9916164 0.8330015
0.9737819 0.8664255
1.222765 1.068082
1.100824 0.8984625
0.9988774 0.9601268
1.172416 0.9879561
1.183149 0.9373258
0.9886786 0.9238238
0.9806272 0.8633287
1.132828 1.015735
1.050244 0.7955357
1.18359 0.9054836
1.037491 0.8057624
1.004941 0.8501444
0.9817367 0.8148881
0.9985142 0.853752
1.102366 0.8105907
1.072096 0.8577082
0.9711889 0.9005404
0.9795569 0.8141721
1.178417 0.9030403
1.160935 0.7450501
0.9964164 0.8223477
1.051119 0.8473372
1.053443 0.9945816
0.9845554 0.8965206
1.119711 1.101914
1.116454 1.014465
0.9907615 0.8962522
0.9825694 0.7901964
1.073163 0.8533815
1.020594 0.8417833
1.045891 0.9498096
1.10306 0.8297604
1.016619 0.8773406
0.9717801 0.8579619
1.036535 1.051513
1.000717 0.8764746
1.070172 1.027828
1.150048 0.8580083
1.141151 0.9261835
1.056289 0.8599937
1.004511 0.8611917
1.088638 0.8294603
1.133721 0.8905211
1.017763 0.7882151
0.9919689 0.8130889
1.005526 0.8375911
0.9912183 0.8614985
1.071847 0.9391713
1.040643 0.8657563
1.054984 0.9203685
1.058049 0.6916603
1.009107 0.8634814
1.094479 0.8631606
1.055894 0.9134469
0.9958545 0.792422
1.128539 1.000425
1.123307 1.04274
1.19716 1.109144
1.048045 0.839685
1.100566 0.8711226
1.023856 0.7581953
1.015239 0.8259914
0.9811558 0.8751293
1.042624 0.8806906
1.066524 1.1053
1.045437 0.8614889
1.033196 1.199398
1.024066 0.8720827
1.045007 0.8537893
1.025449 0.84021
1.024768 0.8646579
1.135178 0.8631357
1.010718 0.7722267
1.015185 0.8467414
1.020543 0.6970742
1.016315 0.9212762
1.083749 0.8175843
1.027945 0.8035462
1.042935 0.7971991
1.004007 0.7282203
1.082632 0.9189911
1.053334 0.9756038
1.080307 0.8613429
1.143265 0.9470667
1.012725 0.8562439
1.042513 0.8929947
0.996629 0.8927865
0.9856507 0.7545047
1.191212 0.8602644
1.044281 0.9363503
1.085385 0.7767296
1.0142 0.893916
1.16717 0.9739925
1.018937 0.8409365
1.051453 0.8562233
1.09263 0.8255705
1.078323 0.9180498
1.012398 0.8043038
0.9993906 0.7820018
1.008514 0.7297879
1.057817 0.9027813
1.054769 0.8061465
1.078878 0.7649074
1.071995 0.9326988
0.9916906 0.7678462
1.010416 0.8502226
1.042453 0.9022487
1.094877 1.011936
1.135028 0.7992189
1.085295 0.9410858
1.124938 0.9197721
1.026729 0.9371541
1.112895 0.8582697
1.117762 1.139489
1.021433 0.8050695
1.058735 0.7384537
1.087456 0.9041767
1.00086 0.8352756
1.244614 0.9162025
1.104437 0.8922248
1.065508 0.7370682
1.016992 0.8653093
0.9842808 0.8489997
1.047779 0.8716192
1.034732 0.7522884
0.974332 0.7973743
1.027086 0.8686069
1.011842 0.9551377
1.076705 0.8074486
1.050914 0.7626167
1.116022 0.8093294
1.022944 0.8291224
1.031368 0.8390954
1.008989 0.8065275
1.068926 0.7517637
0.9834289 0.9295748
1.100234 0.9745644
1.119319 0.9522986
0.9787049 0.7979686
1.06421 0.9967675
1.018412 0.8951916
1.068623 0.8697217
1.038509 0.8679651
1.00675 1.186931
1.008446 0.8760299
1.197039 0.8990739
1.030003 1.029917
1.082247 0.9971961
1.034411 0.9945443
1.192143 0.9878316
1.13049 1.101909
1.115208 0.8291131
1.00523 0.9294813
1.020655 0.8484316
1.046578 0.8639468
0.9839341 0.9476514
1.147216 0.8115942
1.035474 0.8030308
1.067868 0.9101463
0.9995604 0.7833886
1.000914 0.7166654
1.090015 0.8715569
1.051143 0.846814
1.006747 0.8806762
1.029585 0.9377363
0.973391 0.8191281
1.040527 0.8116121
1.077067 0.7629875
0.981878 0.8806176
0.9892 0.9330606
1.048494 0.7196434
1.171308 0.9667131
1.065863 1.033121
1.115806 0.9957798
1.157511 0.7857767
1.026571 0.8822215
1.017307 0.8572894
1.01178 0.948125
1.008598 0.7890474
0.9990165 0.8840232
1.033304 0.9238123
1.002479 0.8438229
1.00698 0.8755585
1.202448 0.8753215
1.062111 0.9938301
1.01389 0.894326
1.086766 1.022756
1.041826 0.9483851
1.108529 0.8491058
0.9760124 0.880618
1.028285 0.8192279
1.050939 0.8949902
1.061785 0.8768603
1.061605 0.8037239
1.141874 0.8913292
1.090142 0.8268198
1.04443 0.9190649
0.9399144 0.9893148
1.005902 0.7687286
1.050438 0.9422375
1.111315 0.8874823
1.103684 0.9645478
1.204035 0.8630456
1.113866 0.9174846
1.014636 0.7421049
1.085094 0.8365787
1.110748 0.7771194
1.045729 0.8649232
0.9838237 0.9331525
1.034342 0.7764207
1.083378 0.9433633
0.9923048 0.8402964
1.065053 0.8580109
1.03854 0.8629824
0.9919372 0.9860169
0.9917495 0.9554385
0.9634099 0.8612102
1.029911 0.9693104
1.017922 0.7793937
1.110875 1.060057
1.056282 0.9212671
1.005177 0.7942234
0.9670486 0.6991865
0.9675288 0.9267588
0.9939549 0.7362542
0.9629631 0.8595081
1.058655 0.9618457
0.9602653 0.8767103
0.9976328 0.7995301
1.010447 0.7924098
1.032342 0.8160759
1.004081 0.880341
0.996376 0.828038
1.028467 0.7942584
1.106948 0.8938399
0.9921991 0.9116409
1.11715 0.9050649
1.138241 0.9767321
1.02024 0.9395474
1.022634 0.9521138
1.044146 0.9342707
1.09936 0.87999
0.9603108 0.8503184
1.010139 0.9532314
1.140871 0.8975225
0.9999549 0.7770178
1.062519 0.8827363
1.007011 0.8028451
1.04027 0.7371761
0.9867886 0.8899256
0.9897152 0.7993028
1.020674 0.7935987
0.927484 0.8881893
0.9603252 1.060913
1.0086 0.7456665
1.115617 0.9451784
1.017892 0.8600453
1.085482 1.229886
0.9858027 0.7688306
1.127052 0.837858
1.020586 0.9016374
0.9959063 0.8675173
1.013008 0.870842
1.027533 0.836251
0.9969508 0.893955
1.020643 0.8737662
1.07458 0.8149011
1.051703 0.7963628
1.079979 0.8593706
1.010451 0.9818142
0.9696864 0.978654
0.985591 0.8550405
1.029917 0.8072316
1.060079 0.8122754
1.077271 0.8900926
1.099983 0.9551364
0.994543 0.8018295
1.079525 0.799898
1.003107 0.9512643
0.9813124 0.9906053
1.050732 0.8754324
0.9991621 0.7663582
0.9993101 0.7620917
1.045951 0.7737206
1.027845 0.7563311
0.9970464 0.8079141
1.150865 1.102205
1.000453 0.8622953
1.026872 0.7773419
1.053703 1.03165
0.9797702 0.9732741
0.978412 0.9747772
0.9798848 0.8073974
0.9775304 0.8353677
1.078389 0.9000208
1.001411 0.8208541
1.006108 0.7979207
1.009836 0.7453021
0.9737102 0.8590159
1.073656 0.7633221
1.080232 0.8938313
1.003076 0.8470482
1.013504 0.7748695
1.018128 0.7968182
1.032778 0.7986568
1.008345 0.8441495
1.015161 0.8366355
0.9869072 0.8342507
1.002385 0.8055377
1.072037 1.059368
1.074852 0.9801975
1.08338 1.0249
1.003527 0.919553
1.027535 0.8304837
1.007785 0.799965
1.070885 0.8393137
1.068212 0.9344666
1.097107 0.8458253
1.055008 0.884983
1.05778 0.839265
1.036133 0.867573
0.9883131 0.9453397
0.9715569 0.8214071
1.001584 0.8499942
1.008045 0.8046223
0.9969102 0.8989328
1.051672 0.7808976
0.9881431 0.7750181
1.072684 0.8485027
1.014882 0.8463092
1.119692 0.9299396
1.028606 0.8175826
0.9556574 0.9166586
0.9444299 1.006095
1.135832 1.002006
1.114076 0.9297307
1.000681 0.8943563
0.9873954 0.8880728
0.960258 0.8731696
1.006388 0.8041252
1.00505 0.7715051
1.069114 0.7690441
1.006053 0.9206194
1.050906 0.9740102
1.032444 0.8430654
1.091721 0.9217697
1.040853 0.8912549
1.018535 0.8513911
1.044321 0.8626295
0.9948437 0.763856
1.06427 0.9214305
1.033016 0.9035383
1.209864 0.9107905
1.011885 0.917814
1.022531 0.915704
1.016799 0.891425
0.9698316 0.8377594
1.057258 0.781662
1.027664 0.8722793
1.018716 0.8160119
1.037452 0.8521214
0.9928159 0.7730294
1.061322 0.8072515
1.008439 0.8292172
1.013473 0.8414816
1.041068 0.9060769
1.038671 0.9711547
1.031512 0.6910819
0.995305 0.83491
1.038087 0.8831479
1.197168 0.7947842
1.001541 0.7430166
1.034551 0.7708927
1.031411 0.9183878
0.9893449 0.7385505
1.067205 0.8258997
1.098848 0.9468162
1.086579 0.842372
0.9861575 1.019426
1.066812 0.9163975
1.066583 0.8942297
1.027902 0.7643836
0.9726549 0.9204823
1.02322 0.8295367
1.209629 0.8446072
1.023007 0.8243462
1.001193 0.9056336
1.00435 0.8109539
1.030495 0.7848249
1.027378 0.7638567
1.042106 0.826254
1.083163 0.8502763
1.027529 1.029756
0.9817945 0.8881862
0.9995719 0.8193794
1.003241 0.8748687
1.084592 0.8053687
1.030688 0.8136498
1.125755 1.023463
0.9754065 0.8462888
1.03056 0.8896136
1.055716 0.8187296
1.013774 0.8224249
0.9692021 0.8092977
1.049377 0.7664771
1.054093 0.9115882
1.021073 0.8123004
0.9935188 0.8190641
1.005463 0.7996305
1.055521 0.7805055
0.999026 0.8727154
1.059854 0.8477482
1.036661 0.8320487
1.066825 0.967762
0.9994609 0.8269748
1.170165 1.180475
1.03457 0.9230564
1.061704 0.8570468
1.166068 0.8484637
0.972615 1.053167
1.040179 1.084
1.032896 0.966128
1.116753 1.006383
1.038055 0.7355934
1.009331 0.824977
1.002772 0.9221642
1.067818 0.8867424
0.9601593 0.8574888
1.01043 0.7771144
1.037103 0.8640201
1.019848 0.7880987
1.020875 0.9578838
0.9844941 0.8228972
1.026864 0.7649853
1.009987 0.8353984
1.058107 0.7600671
1.027362 0.9402536
0.9672421 0.8476134
1.149249 0.8744324
1.042527 0.8090566
1.022331 0.8633496
1.029195 0.7779445
1.029629 0.8668048
1.005698 0.8875183
0.9847012 0.7730932
1.031923 0.8646166
1.155856 0.9154739
1.009849 0.8917981
0.9367385 0.8950701
1.015785 0.9452297
1.040023 0.9630072
1.15941 1.035692
1.046203 0.8749058
1.024764 0.9118337
0.9929321 0.8718867
1.005894 0.8498939
1.091787 0.7982065
1.035696 0.8595831
0.9942196 0.756572
0.9710384 0.8920454
1.040631 0.7066664
1.009297 0.8488281
1.002321 0.7452167
0.9718567 0.8229675
1.040081 0.8653859
1.011271 0.7253363
1.02493 0.908016
1.016609 0.8472286
1.097716 0.9239923
1.010513 0.9235682
1.010993 0.7968369
1.136614 0.9352833
0.9994094 0.8870565
1.149293 0.9711684
0.9907207 0.8622292
1.004949 0.8388288
1.059214 0.9416387
1.001768 0.7635551
1.06404 0.8795276
1.014715 0.8172702
1.137144 0.8887748
1.042886 0.7789007
1.033253 0.7821732
1.050066 0.7947252
1.113414 0.9018645
0.9888384 0.9053776
1.022771 0.7174767
1.013058 0.7328418
0.9677614 0.8931851
1.188285 0.8108457
1.052618 0.7942235
0.9966586 0.8806269
1.031759 0.9639158
1.194322 0.959805
1.038453 0.9710722
1.072948 0.8852593
1.01869 0.7529711
0.9929269 0.8933025
1.026566 0.8455993
0.9614776 0.7663262
0.9989477 0.9633265
1.004321 0.9352978
1.16333 0.9195892
1.006358 0.8721729
1.054235 0.9549947
1.000184 0.9166301
1.047544 0.8255279
1.032419 0.7467553
1.059425 1.051895
1.10241 0.8955676
1.042509 0.7339093
1.028696 0.8522895
0.992866 0.8873995
0.991334 0.9226988
0.9663606 0.7322986
0.9837678 0.781353
1.205 1.016149
1.03704 0.8086457
1.036274 0.7815113
1.081711 0.8579955
1.018604 0.8769351
1.002012 0.88564
1.018899 0.9784519
1.027913 0.9805939
0.9857445 0.8508485
1.021793 0.9176814
0.9976907 0.8482683
1.000361 0.8102165
1.086501 0.8456838
1.020544 0.8676469
1.103359 0.8977
1.142876 0.7369301
0.9897235 0.7724975
0.9568529 0.8768242
1.015286 0.7818663
0.9800862 0.8302913
0.9766704 0.9013978
1.050868 0.7768618
0.9907433 0.8064057
1.16229 0.9467347
1.201222 1.055018
1.10332 0.8707016
1.043996 0.7835676
1.011869 0.9026363
1.041483 0.8235041
1.033699 0.9168875
1.025178 0.9003664
1.015145 0.8192281
1.018323 0.9311869
1.12939 0.9804079
1.014099 1.054067
1.05677 0.9039211
1.02086 0.9229076
0.974596 0.8710324
1.047553 0.9275766
1.001318 0.8011684
1.053428 0.88522
1.24482 0.9210489
1.152293 0.8825194
1.034158 0.7964682
1.086333 0.7361291
1.00596 0.8219599
1.004961 0.7880615
1.047932 0.8750888
1.034225 0.8887173
0.9890649 0.8375691
0.9797634 0.8965254
0.9815953 0.8597131
0.9916344 0.75171
0.9958307 0.7881574
0.9806192 0.7425357
1.142255 0.8625335
1.131013 0.9946218
1.142918 0.7795457
1.069165 0.9130332
1.032074 0.7803849
1.014736 0.7896744
1.026338 0.8360906
0.9987569 0.8054604
1.050894 0.9374245
1.040677 0.9236
1.060829 0.912363
1.050993 0.7513574
1.012429 0.8403411
1.035249 0.7515574
1.044299 0.7967115
1.201102 1.057154
1.124688 0.9378254
1.019901 0.8311627
0.9887842 0.8035266
1.031674 0.8733085
1.092896 0.9574447
1.145247 0.8486961
1.07661 0.8506477
1.07676 0.8301197
1.005306 0.9355705
1.055457 0.8356458
1.083175 1.03726
0.9909698 0.9050788
1.032851 0.8011817
1.186828 1.028964
1.066616 1.006401
1.03297 0.8306509
0.9631791 1.021724
1.009024 0.8520481
1.084184 0.8504534
0.9919378 0.8994398
1.026454 0.849368
1.019218 0.8371235
1.032911 0.8117727
1.05783 0.7336699
1.097946 0.9356759
0.9815633 0.7469816
1.021038 0.8772528
1.063426 0.7965291
1.036361 0.8935982
1.070216 0.7494306
1.00944 0.8159992
1.127388 0.9022564
1.052436 0.8787145
1.110104 0.9337137
1.023838 0.739009
1.00456 0.8884025
1.041948 0.9010977
0.9982591 0.8472729
1.008238 0.7961558
1.059045 0.855771
1.054819 0.8335939
1.109591 0.9071702
1.006441 0.9464894
1.039916 0.9326482
1.036445 0.8767737
1.021026 0.8835848
0.9816369 0.9279579
1.009407 0.7551632
1.018465 0.85894
1.013262 0.8614751
1.014037 0.8449559
1.00264 0.8747832
0.9810655 0.9167668
1.068297 0.8013363
1.000799 0.7626143
1.051902 0.7603648
0.9267586 0.8583614
1.012821 0.9325796
0.9802377 1.068045
1.007547 0.8600233
1.049454 0.9006415
0.9789671 0.8331313
1.031275 0.9685165
1.147535 0.8904901
1.118589 0.9249975
1.043076 0.8092132
1.126938 0.7580579
0.9836397 0.8453852
1.074211 0.8548873
1.001351 0.8817272
1.003879 0.903857
1.057116 0.9251552
1.088771 0.8805793
1.084878 0.8713552
1.029969 0.8086618
1.041205 0.8902613
0.9873102 0.9938129
1.041597 1.009483
1.122934 0.9178791
1.013746 0.8321698
1.104892 0.9854431
1.035288 0.9305701
1.100882 0.795033
1.120596 0.7781819
1.05464 0.8809627
1.010056 0.7803518
1.086564 1.028458
1.028105 0.8286968
1.275545 0.9667243
1.095874 0.8694033
1.00532 0.8095925
1.005886 0.8780854
0.9939089 0.9475827
1.025311 0.741334
1.001243 0.8619619
1.034409 0.8062572
1.085678 1.04144
1.013156 0.931919
1.024981 0.8150387
0.9744993 0.7579807
1.185434 1.050159
1.000536 1.005124
1.017544 0.8925838
1.103666 0.8613575
1.051511 0.8507015
1.01567 0.7415758
1.075821 0.9131142
0.9807752 0.793797
1.138505 0.7921917
0.9999076 0.7768466
1.006917 0.8860735
0.9983957 0.9177583
1.00633 0.7072603
0.9779915 0.7888386
1.002975 0.8004972
1.048428 0.8015013
1.086555 0.8334184
0.9940256 0.8559338
0.9986481 0.8797906
1.007867 0.8882513
0.969972 0.8402207
1.013966 0.8976391
1.144697 0.862541
1.159537 1.059454
0.9430342 0.8662414
1.015195 0.9665858
1.158993 0.876183
1.038602 1.022372
1.074132 0.9113311
1.083039 0.8250469
0.9670347 0.8442228
1.160029 1.106727
1.062257 1.025823
1.03361 0.818601
1.163127 0.7475246
1.067975 0.9630968
1.057443 0.8955992
0.9937179 0.817917
0.9863135 0.9239962
0.9976842 0.8813846
1.209322 0.8515174
1.029013 0.909928
1.090728 0.7522603
1.059852 0.741916
1.078371 0.8161441
1.027916 0.7818248
1.003457 0.9262749
1.070968 0.8636613
1.017635 0.8992289
1.077146 0.9162893
1.001575 0.8184831
1.03118 0.7419638
0.9501574 0.8441746
1.015574 0.7806371
1.029226 0.7430403
0.9833258 0.7642385
1.066034 0.8544519
1.033469 0.8677997
1.016654 0.8603674
1.05202 0.8722657
0.9944315 0.7822005
1.035526 0.9032034
1.024876 0.8076772
1.085312 0.9294893
0.9920401 0.8662022
1.054313 0.8914009
1.012186 0.8544396
1.010861 0.8357009
0.9946346 0.7973442
0.9618246 0.9445395
1.040926 0.762078
0.9968442 0.8833374
1.044504 0.8032644
1.137908 0.9325053
0.9609628 0.7691038
0.9822756 0.9596786
1.010005 0.9278983
1.100066 0.8774131
1.01817 0.9491103
1.063814 0.8690725
1.063046 0.9759823
1.039199 0.9109319
1.059734 0.7542359
1.067685 0.776304
1.04047 0.802867
0.9930818 0.9072197
1.063407 0.8460298
1.02836 0.8952179
0.9766169 0.7780193
1.03054 0.9020555
1.035364 0.8583625
1.003672 0.8522748
1.05278 0.8147937
1.057738 0.7965653
1.063173 0.8248071
0.9839114 0.8854397
1.016435 0.9776875
1.121579 0.8967725
1.098573 0.8177712
1.066121 0.9355932
1.089326 1.140393
0.9949732 0.8694621
1.004647 0.8016687
0.9900257 0.8640978
1.107548 0.804869
1.073148 1.018719
1.145938 1.037828
1.054389 0.8373181
1.017732 0.8737269
1.049975 0.9243719
1.014112 0.8846854
1.098367 0.8741463
1.134641 0.8114191
1.080141 0.8478894
1.093106 0.8593661
1.029253 0.9299402
1.043181 0.8489319
1.077721 0.8147194
1.053808 0.9809451
1.015329 1.013127
1.024533 1.155354
0.9939246 1.028807
1.069468 0.9010884
0.9893847 0.8677658
1.08261 0.7974817
1.037403 0.9945211
0.9922459 0.8323774
1.027393 0.7536473
1.019848 0.8034781
1.060119 0.8086364
1.184226 0.8718421
1.080567 0.9230478
0.9702449 0.842386
1.131112 0.8462401
0.9283721 1.039477
1.153727 0.8731161
1.16169 1.312319
0.9589207 0.8906255
0.9825774 0.8144775
0.9508095 0.9224309
1.058475 0.7790355
1.024795 0.7619602
1.00154 0.7453259
1.051673 0.8919195
0.9790814 0.7960765
1.047533 0.8376458
0.99687 0.7756701
1.106502 0.8954405
1.121973 0.836279
1.037434 0.7914581
1.031124 0.9569999
1.030838 1.033776
1.066475 0.8861926
1.060271 0.8238303
1.165546 0.831428
1.041254 1.159439
1.108862 0.9639761
1.050603 0.8666584
0.9777511 0.8117945
1.007681 0.9136464
1.10757 0.8066251
1.107327 0.9824837
1.103146 0.9074963
1.02812 0.988127
1.052837 0.7546235
1.032817 0.839792
1.029408 0.8258
1.217238 0.8236801
1.06017 0.9970058
1.08915 0.8625994
1.078339 0.9368246
1.009063 0.7189445
1.131601 0.9213141
1.057326 0.9441872
1.066417 0.9749105
1.057698 0.8520183
1.178624 0.8754804
0.9950709 0.8667745
1.100951 0.9227262
0.9939101 0.7904766
1.048073 0.8430753
1.043287 0.8036145
1.070526 0.8609621
1.034052 0.9172022
1.051683 0.9236049
1.083981 1.008809
1.065586 0.9289676
0.9882354 0.8416297
1.157157 0.9951264
0.9998345 0.9422644
1.098944 1.058913
1.089027 0.8376267
1.055144 0.7844971
0.988182 0.7522965
1.002508 0.8781398
1.011291 0.7342088
1.034906 0.7448133
1.034293 0.8009777
0.9654807 0.7849866
1.251157 0.8046741
1.005095 1.057043
1.006568 0.8304616
0.9793594 0.9120231
0.9988128 0.9641666
1.092914 0.9437041
1.089204 0.9442951
1.088508 0.8321078
1.066757 0.857036
1.022715 0.8757631
0.9884017 0.8967273
1.137193 0.9687915
1.12419 0.914815
1.102907 0.8766825
1.090694 0.9685563
1.037767 0.8231371
1.068567 0.8525464
1.072903 0.8575488
1.011118 0.7376855
1.052907 0.8077197
1.000027 0.8871082
1.21928 0.894536
1.037823 0.8133086
0.9943585 0.8817449
1.036827 1.306379
1.030576 0.7277338
1.038396 0.9889438
1.023308 0.8207169
1.094055 0.9953414
1.152068 1.007813
1.136426 0.9481906
1.074231 0.8528795
1.001649 0.8521583
0.9730823 0.9505714
0.9974562 1.001042
1.012585 0.7734875
0.9996796 0.9084154
1.098494 0.760072
1.012073 0.8603012
0.9914276 0.8494868
1.155547 1.044087
1.014854 0.8171942
0.9597337 0.98205
1.040816 0.8205488
1.071096 0.7635629
1.050078 0.8478631
1.097287 0.991105
1.04933 0.9972269
0.924287 0.9172678
1.018738 0.969208
1.007108 0.7387244
1.036491 0.8063069
1.133392 0.864259
1.020288 0.9364223
1.061092 0.9051158
1.066287 0.9113782
0.9780763 0.8761473
1.06169 0.8121337
1.133889 0.9498293
1.036161 0.9203816
1.054196 0.7719177
1.171537 0.857711
1.038389 0.8036664
1.017215 0.8375597
1.056817 0.8415105
1.1391 0.9442529
1.093013 0.8931192
1.050194 0.8185988
1.018417 0.7691076
1.10458 0.903067
1.105726 0.9378785
0.9939553 0.7633815
1.008736 0.8095227
1.002375 0.8570947
1.045592 0.8450555
1.112167 0.907582
0.9536669 0.824447
1.034649 0.8188743
0.944682 0.9497551
1.032677 0.7991837
1.088892 1.070175
1.003129 0.7648066
0.9939675 0.9747587
1.012963 0.9130676
1.015422 0.8503974
1.026558 0.8117653
1.055764 0.8775004
1.154487 0.9149703
1.010792 0.865486
1.092496 0.9382345
0.9813766 0.8771053
1.093074 0.8109568
1.029996 0.9158815
1.106788 1.25516
0.9875014 0.8472784
1.067355 0.9682854
0.9548595 1.111988
1.016894 0.8747104
1.060968 0.7880368
1.011412 0.7631912
0.9948059 0.8417421
1.107653 0.8734515
1.094586 0.8659656
0.9810289 0.8253675
1.014828 0.7655763
0.9923503 0.8908142
0.9993293 0.8755833
1.097226 0.8455328
0.9988322 0.7795526
1.018745 0.8917334
1.108866 0.69314
0.9743924 0.8443889
1.017793 0.9346132
0.9898263 0.9070592
1.10301 0.8269412
1.071156 0.9492523
1.04026 0.877106
1.049119 0.9185703
1.080112 0.8124241
0.9810357 0.7564875
0.9400512 0.7563816
1.113924 0.9466376
1.074633 0.8805967
1.082988 0.8862993
1.020478 1.024859
1.022925 0.8023483
1.002848 0.9907809
0.9929115 0.8878252
0.9957608 0.8861211
1.016723 0.8108377
0.999434 0.8332091
1.041475 0.7440533
1.163061 1.008997
0.998187 0.7179149
0.9982238 0.8599141
1.138156 0.8106198
1.017647 0.9726258
1.199089 0.9689926
1.049865 0.8292756
1.060427 0.8334972
0.9927148 0.8649854
1.0639 0.9318113
1.067653 0.7845715
0.9803656 0.8410298
1.024759 0.8263271
0.979826 0.9992323
1.176591 0.8514217
0.9971312 0.8528517
1.071989 0.8128843
1.132638 0.9708402
1.030079 0.9926749
0.966734 0.8399774
1.050506 0.8971255
0.996599 0.9108447
1.037852 0.7721236
1.00988 1.050483
0.9863037 0.8317396
0.9550333 0.9663069
1.044864 1.030515
1.11667 0.9252096
1.086864 0.8675618
1.066004 0.8315042
0.9989064 0.8508535
1.014598 0.9551117
1.027659 0.8583282
1.063064 0.7503971
1.006298 0.7696205
1.025927 0.9413359
1.051936 0.8673657
1.03051 0.8016632
1.011421 0.9009129
1.053089 0.8956773
1.046033 0.7737667
1.004047 0.7812092
1.009136 0.8948656
0.9975618 0.9011648
1.027648 0.8959813
1.037596 0.8046804
1.111877 0.966234
1.06744 0.8449612
1.155625 0.8886062
1.01114 0.8158457
0.9549694 0.9012643
1.014412 0.8289098
1.114089 0.7621805
0.9856147 0.9871438
0.9859117 0.8889615
0.9609407 1.017471
1.033694 0.739772
1.014146 0.7968308
1.063337 0.9284676
1.037358 1.108209
1.139819 0.9214874
1.045422 0.833938
1.058438 0.8546702
1.060924 0.9633346
1.040993 0.870431
1.011718 0.8378002
1.005083 0.7710468
0.9892553 0.803441
1.014214 0.8908808
0.9944151 0.8116856
1.011941 0.8290137
1.079282 0.8453277
1.02744 1.025707
1.141202 0.9022526
1.031956 0.7968986
1.037065 0.8549109
1.02612 0.9604609
1.070457 0.8707355
1.083482 0.9461383
0.9591894 0.9149075
0.9906802 0.9011624
1.002624 0.8794643
1.083237 0.6521851
1.14048 1.155965
0.9788056 0.9369927
1.013482 0.7463655
1.025676 0.8786824
1.021912 0.8791841
0.9930028 0.8075079
0.9958299 0.9856419
1.229574 0.8241733
0.9868499 0.9420965
1.032897 0.7763564
0.934212 0.8268634
1.021739 0.8252756
0.9990429 0.8461892
1.032442 1.005704
1.066935 0.8557935
1.048009 0.8373408
1.008388 0.9356476
1.017151 0.8558388
0.9522876 0.8729432
1.036883 0.7504001
1.00625 0.7663486
1.022477 0.8508486
0.9885825 0.7970243
0.9771827 0.88706
0.9909654 0.7973932
0.9967038 0.8519191
1.023574 0.8969947
1.01409 0.9363457
1.032651 0.7951827
0.9912202 0.8862759
0.9961241 0.7805807
1.031942 0.9051996
0.9912255 0.7501726
1.069904 0.8995656
1.085178 1.000111
1.027257 0.8154913
1.034933 0.8473671
1.078902 0.8757639
1.089599 0.8419771
0.9989806 0.8842997
1.014289 0.9362248
1.005279 1.02164
1.049385 0.8248249
1.122601 0.8501345
1.002534 0.8628637
1.020667 0.9148598
0.9982075 0.9445154
1.030663 0.8302887
0.9882112 0.7548854
1.025291 0.8552184
1.049486 0.8325279
0.9884144 0.8021961
1.017557 0.8249851
1.04738 1.07083
0.9919936 0.8474845
1.00957 1.137191
1.112324 0.7553026
1.075426 0.9430033
1.027678 0.7811403
1.023115 0.8054327
1.046011 0.9213438
1.008706 0.8302381
1.029503 0.8535246
1.052185 0.8970957
1.027527 0.8133509
0.96749 0.8435286
1.006952 0.8182645
1.069372 0.9400951
1.112813 1.01076
0.9555835 0.8516198
1.026086 1.019484
1.017236 0.7691478
1.039314 0.8877737
1.044154 0.8438391
0.961724 0.9220466
1.018022 0.8022913
1.008609 0.8859221
1.003904 0.8230033
1.101363 0.9298536
1.006008 0.8638483
1.056183 1.042882
1.042989 0.8187373
1.125564 0.9449423
1.019345 0.8672518
1.132405 0.7259569
1.023821 0.8991933
0.9970944 0.7989002
1.015618 0.9338621
1.014826 0.8649908
1.118055 0.9753349
1.004911 0.8411975
1.042707 0.8912111
0.9721792 0.8527713
1.031713 0.8300238
1.008166 0.7879443
0.993112 0.86484
0.9557164 0.9709441
0.9689306 0.8701035
1.041867 0.770196
1.003395 0.7950792
1.038458 0.8434515
1.139034 1.02419
0.988037 1.018312
0.9902961 0.7466815
1.003958 0.8644398
0.9900603 0.8498542
1.067675 0.866532
1.056407 0.9126362
1.035577 0.8562615
0.9811188 0.9499452
1.194958 0.9606585
1.033484 0.9779682
1.143254 0.9117019
1.05507 0.8716145
1.090146 0.8883428
0.9316686 0.9513048
1.027613 0.8594571
0.9607483 0.88393
1.083415 0.8351971
1.136573 0.8808363
1.114563 0.9192463
0.9956492 0.8650448
1.039619 0.8500918
1.005745 0.7644
1.042776 0.7616309
1.024356 0.8037527
0.9409781 0.9361059
1.202285 0.9328282
1.219038 1.012031
1.011528 0.8449648
1.097078 0.8211645
0.9605562 0.8225862
1.052817 1.158028
1.013648 0.8995021
1.0182 0.7646017
1.006364 0.9807543
0.9929136 0.8122343
1.026215 0.7434733
0.9898852 0.8051409
1.014722 0.7907825
0.9922912 0.9417548
1.106468 0.7950377
1.117967 0.8939121
0.9840649 0.916072
1.161429 0.9464084
0.9965498 0.7673347
1.045028 0.8533197
1.038617 0.8092629
1.192346 0.8729344
1.009203 0.8432212
1.020587 0.8681226
1.040473 0.7533755
1.012252 0.934914
0.9862663 0.7496629
0.9726664 0.8404285
0.9976762 0.8517191
1.066857 0.8552599
1.01249 0.8584569
0.995029 0.7551245
1.078903 0.901789
1.019482 0.9145669
1.239867 0.958206
1.010787 0.6750689
0.9743905 1.057902
1.017254 0.845788
1.011808 0.8952707
1.173605 1.039033
1.059177 0.9283615
0.9888966 0.8222699
1.114011 1.14532
1.109171 0.9542151
1.024251 0.9881157
1.062491 0.7601445
1.098553 0.8955018
1.032986 0.8656865
1.08102 0.9081835
1.107911 1.041798
1.093582 0.8320604
1.019717 0.9087597
1.073352 0.9193538
1.028656 0.7498901
1.082144 0.8550566
1.184711 0.8932139
1.096926 0.9955589
1.007287 0.8188141
1.061778 0.8622961
1.074267 0.7861784
1.028991 0.7956906
1.096202 0.8389667
1.115635 0.9655022
1.024441 0.7347465
1.075385 0.8075391
1.060693 0.9638253
1.034512 0.8113727
1.015006 0.7891203
0.9735457 0.7420954
1.042014 0.7833145
1.050729 0.7050137
1.02319 0.8087539
1.026598 0.7860952
1.043859 0.9552635
0.9967369 0.9077312
1.083158 0.9847131
1.004673 1.134277
1.096135 0.9844331
1.116401 0.8732647
1.05135 0.952323
0.9586405 0.8339107
1.040559 0.8547265
0.9907519 0.9516598
1.001512 0.7814962
1.044787 1.137439
1.014317 0.8841742
1.017763 0.9487372
1.023055 0.9579383
1.036053 0.7915846
1.03858 0.873858
1.03756 0.8962049
1.029242 0.8081452
1.021791 0.6758783
1.057738 0.8005804
1.080714 0.8878957
1.103685 0.8536078
1.03473 0.8864392
1.025812 0.9767588
1.023998 0.7991679
0.9746121 0.7354985
1.016369 0.9451588
1.096144 0.9064711
1.036778 0.7170821
1.122962 1.002742
1.061653 0.8585981
1.14121 0.9827617
1.018445 1.036329
1.033372 0.784951
1.04962 0.9056516
1.147518 0.9658623
1.085992 0.8218485
1.037627 0.7886912
1.19046 0.983863
1.009117 0.7941846
1.028273 0.8225297
0.983292 0.7921934
1.047696 0.9861292
0.9922028 0.8984735
1.045496 0.8127558
1.023854 0.8622483
1.105126 0.9201903
1.055044 0.9238491
1.039094 0.8409264
1.035856 0.8204551
1.07041 0.9001823
1.159815 1.139883
1.057803 0.7890111
0.9722639 0.9001444
1.006829 0.9253832
0.9941238 0.8949149
1.014011 0.9822591
1.01701 0.8435887
0.989838 0.8142338
0.9606835 0.767725
0.9907834 0.8481852
0.9654117 1.007654
1.063326 0.8883934
0.9891325 0.9006819
1.082573 1.00014
1.002686 0.789654
0.97463 0.9384208
0.9521564 0.9871908
0.9965201 0.8300172
1.022745 0.8610269
1.140988 0.9696827
1.015066 0.9731566
0.9947602 0.7957489
1.015993 0.826203
1.147492 0.8637563
0.9984648 0.8505888
1.018982 0.8122052
1.097727 0.8397885
1.019494 0.7592574
0.9718518 0.8291929
1.220853 1.029941
1.057963 0.9351902
1.092525 1.033415
1.071619 1.062388
1.114819 0.7953551
1.015093 0.9035229
0.9906495 0.8908588
1.048288 0.815699
1.093403 0.8669517
1.138301 0.9487488
0.9529331 1.177542
1.025658 0.8562297
1.043845 0.7760227
0.9796587 0.7405933
0.9258287 1.007377
1.061562 0.9839181
1.007693 0.8083563
1.006772 0.811495
1.015317 0.9632374
1.061489 0.7870758
1.022943 0.6804165
1.065537 0.8162757
1.0961 0.8402178
1.05869 0.828691
1.066415 0.785732
1.070966 0.8114113
0.9881769 0.8632826
1.157037 1.104796
1.081915 1.043348
1.209681 1.040251
1.035652 0.9342701
1.06702 0.9526849
0.9851925 0.818954
1.055308 0.894142
1.228046 0.9277831
1.001388 0.9342235
1.012631 0.9737233
0.9879704 0.8393374
1.018877 0.8617424
1.036254 0.8430272
1.122629 1.005387
1.090627 0.9481272
0.981553 0.8980892
1.082869 0.8216716
1.096329 0.8378832
0.9930667 1.009787
1.032565 0.7429205
1.105555 0.8570689
1.030131 0.8230251
0.9993083 0.9274147
1.053929 0.7834664
1.01809 0.7720979
0.979688 0.7803809
0.979679 0.7362184
1.045947 0.8316437
1.18024 0.9950433
1.041424 0.8620379
1.04414 0.8181278
1.124026 1.116976
0.9867115 0.8866355
1.0627 0.9492482
1.035788 0.9230793
0.9976056 0.9165397
1.052345 0.9365705
0.9844574 0.8944775
0.9559111 0.8984729
1.083177 0.7947387
1.036548 1.035777
1.125709 1.092904
1.074513 0.8627219
1.009436 0.9116898
1.008234 0.7689936
1.097083 0.7682694
1.026119 1.175742
1.058218 0.8801317
0.9785905 0.789945
1.01858 0.9870329
1.030155 0.8718723
1.008242 0.8916393
0.975505 0.8152244
1.026281 0.8804562
1.027394 0.9475973
1.018603 0.8577177
1.041117 0.7533756
0.9936189 0.7650134
1.025392 0.8225275
0.9589155 0.8205422
0.9997723 0.8667462
1.041285 0.7176984
1.084298 0.7336829
1.115214 0.8499582
0.9825731 0.8274526
0.9682494 0.954007
0.9843089 0.7871552
1.032947 0.7862452
1.103421 0.7962455
0.9744267 0.8243823
1.031727 0.754261
0.9045618 0.9831481
0.9527818 0.9574283
1.047701 0.7528918
1.008004 0.866595
1.02073 0.8242193
1.032375 0.7908166
0.9647165 0.875517
0.9935728 0.807069
1.023002 0.7402174
1.013029 0.9222817
1.109309 0.8599199
1.000546 0.9782766
1.022545 0.8922236
1.042623 0.8302116
1.064816 0.9461353
1.037999 0.8036407
1.021481 0.8726594
1.147478 0.8743239
1.048466 0.8077081
1.059358 0.9456484
0.9928145 1.032988
0.9513411 0.8714785
1.003278 0.827873
1.032413 0.8565313
1.001599 0.9893348
0.9639324 1.040623
1.040375 0.9219149
1.036531 0.8049353
0.9767699 0.7070251
1.006848 0.828074
1.146451 0.9812848
1.021976 0.9252304
1.047122 0.7814281
1.197932 0.9503032
1.188804 0.889709
1.190066 1.000126
1.162701 0.9862395
1.1616 0.9528011
1.126511 1.020081
1.006406 0.8479061
0.9896448 1.007618
0.981599 0.8915622
1.047 0.9024462
0.9981221 0.8048509
1.150472 0.8983347
1.081059 0.8083641
1.004597 0.8447774
1.105495 0.913533
0.9774801 0.8948104
1.114166 0.8531967
1.021696 0.685328
0.9680481 0.8245536
1.041715 0.8153656
1.077476 0.8575642
1.024909 0.788114
1.059943 0.8648797
1.110892 0.9495489
1.009125 0.8471856
0.9892635 0.7814138
1.019941 0.8385065
0.9969696 0.9028248
0.9963992 0.8377333
1.03001 0.7267857
0.9869622 0.830764
0.9837993 0.8015474
1.1626 1.034498
1.023578 1.063045
1.048848 0.9400644
1.177917 0.9704123
1.160165 0.9044498
1.209501 1.011723
1.052995 0.9901763
1.120769 0.8199109
1.068559 0.9602404
1.038577 0.9945759
1.053607 0.9440226
0.9907343 0.9440153
1.023171 0.8911102
1.030638 0.8555122
1.06724 0.8523899
1.111948 0.9471472
1.074816 1.006852
1.019197 0.8270179
1.036046 0.8136761
1.031858 0.7911406
0.9854579 0.8631963
1.018734 0.9473465
0.9884894 0.8554725
1.006184 0.7509606
1.019323 0.9067275
1.03667 0.9488189
1.060747 0.8139461
1.069207 0.9777856
1.101316 0.8074697
1.070716 0.8264775
0.9933932 0.9451081
1.17106 1.071682
1.003655 0.9444604
0.9750198 0.7931839
1.006339 0.920806
1.050862 0.8961824
0.9738636 0.8515029
1.111719 0.8332672
1.153935 0.9178481
1.024187 0.9008497
0.9992815 0.8577237
0.993715 0.7772383
1.015569 0.8465391
1.054916 0.8639426
1.022225 0.8845354
1.127394 0.8428841
1.07302 0.8669334
1.046463 0.8378179
1.015621 0.8317097
1.101439 0.85405
0.9944058 0.944468
1.003929 0.8595738
1.061456 0.7939553
0.9901371 0.9249209
0.9990747 0.818674
1.073196 0.8761896
1.067672 0.7770523
1.066576 0.9283869
1.017704 0.8386232
1.067182 1.062347
1.042126 0.8848314
1.084871 0.8552181
0.9529854 0.8540752
0.9959771 1.129038
1.068744 1.238273
1.007829 0.9107594
1.089506 1.05902
1.060246 1.014621
1.009764 1.016883
0.9830676 0.8148317
1.104892 0.86258
0.9860449 0.8861239
0.9875803 0.8240428
1.00452 0.8662759
1.001126 0.7551937
1.04625 0.8221023
1.085172 0.8102662
1.044023 1.011681
1.115255 0.8939785
1.08622 0.9464992
1.115313 0.8767922
0.9851327 0.8394402
1.006478 0.8581677
1.180723 0.8862831
0.9986296 0.806174
1.086944 0.8516428
1.178575 0.9896037
1.082372 0.8301913
1.18436 1.155709
1.069868 0.8784733
0.995487 0.8257993
1.064908 0.8733914
0.9872433 0.802363
1.038474 0.9077049
0.9881826 0.9307684
1.023484 0.8176374
0.9953892 0.8224644
1.002196 0.7940027
0.9821963 0.943453
1.011793 0.8691293
1.02296 0.7758505
0.9978375 0.7914236
1.049508 0.9656668
1.116519 0.8574889
1.083677 0.8546417
1.018181 0.767799
1.024686 0.8366333
1.065411 0.8137035
1.060457 0.8957251
1.069127 0.8130068
1.111214 0.8672203
1.096911 1.022708
1.026974 0.8777398
1.101174 0.8414212
0.9987976 0.8446819
1.108737 0.8487744
1.074972 0.9057
1.059509 0.9349499
1.132941 1.047781
1.035802 0.8604239
1.00931 0.7492677
1.026477 0.7990266
1.041463 0.8605967
1.012262 0.9500875
1.019681 0.7766685
1.020281 0.8625111
1.006004 0.7991227
1.042679 0.8379155
1.005844 0.8018779
1.059591 0.8271603
0.9947027 0.800654
1.003668 0.9625991
1.02699 0.7529317
1.031891 0.7548765
1.05639 0.8812676
0.9762101 0.8279473
1.026457 0.7039443
1.115152 0.9923845
0.9959725 0.9929741
0.9781253 0.8167441
1.033569 0.8639224
0.9598914 0.9136469
0.9961007 0.7393824
1.016242 0.853006
1.006762 0.7654469
1.049508 0.8452558
1.051602 0.9202882
1.037888 0.8915246
1.105587 1.132588
1.052183 0.7832667
1.008816 0.8293003
1.088722 0.8385416
1.095329 0.8750488
1.012306 0.9111848
1.019675 0.8659922
1.008507 0.9162179
0.9992681 0.9220094
1.009659 0.8947773
1.088995 0.8764767
1.04095 0.8491184
1.051583 0.8525577
1.126997 0.9090598
1.017014 0.8522408
0.9810042 0.7453177
1.020445 0.9592422
1.134431 0.7919857
1.044815 0.9029443
1.143586 1.012286
1.046181 0.7754602
1.118368 1.003471
1.061641 0.76081
1.068803 0.7700783
1.014058 0.8576735
0.9935394 0.9006851
1.004817 0.8959653
1.033894 0.8266335
1.002397 0.8600685
0.9970455 0.7946905
1.063016 0.9592091
1.038764 0.8758814
1.040917 0.8140716
0.9904193 0.8293108
1.118321 0.7993099
1.014005 1.090706
1.003141 1.131101
1.011608 0.9086326
0.999093 0.8413965
0.9372596 0.9493288
1.097572 0.8313369
1.035269 0.8644136
1.090334 1.069714
1.019352 0.9492198
1.000711 0.8532067
1.000747 0.8339334
1.00123 0.8402024
1.011716 0.87516
1.007223 0.7462643
1.023325 0.8062895
1.017229 0.8109312
1.003788 0.8238983
0.968531 0.9422769
1.163676 0.8091254
1.021918 0.9063342
1.025197 0.8472337
1.008035 0.8369747
0.9894381 0.8541029
1.025288 0.8079078
0.9786192 0.8078174
1.045487 0.7963871
1.042982 0.8050354
1.052553 0.8510997
1.093132 0.8402349
1.020518 0.992194
1.014007 0.9087859
1.12227 0.8990337
0.9612163 0.9186594
1.023001 0.8815409
1.000089 0.8878333
1.040998 0.7061695
1.00624 0.8394554
1.009623 0.8220352
1.092019 0.8867252
1.049615 0.8535811
1.130313 0.8556235
1.008927 0.7501547
0.9555392 0.8644508
1.05612 0.8514135
1.118553 0.7908172
1.033802 0.8605332
1.196937 0.8464936
1.000717 0.8713639
0.9649613 0.9022956
0.9485955 0.9002217
1.201465 1.014828
1.01805 1.106913
1.025729 1.019947
1.015562 0.8438169
1.019862 0.7950072
1.077598 0.8314586
0.9916133 0.9234866
1.097201 0.7605454
1.000809 0.7892035
1.008281 0.8614163
1.005588 0.8613542
1.036215 0.9415687
1.031347 0.8383525
1.000164 0.7818609
1.053242 0.8963605
1.107681 1.053964
0.9819683 0.7859901
1.044532 0.8571451
1.171551 0.9949308
1.014538 0.9006868
0.993359 0.8709864
1.098535 0.961939
1.024882 0.813432
1.011023 0.9327321
1.045827 0.9467975
1.145972 0.8610422
1.009994 0.9091806
1.114468 0.8363079
1.078313 0.9456949
1.063571 0.773213
0.9752178 0.9582881
1.016376 0.8468216
1.000635 0.8248763
1.079631 0.9937003
1.1087 0.7654184
1.139252 0.7954814
1.008003 0.8915529
1.010859 0.7126795
1.048347 0.868122
0.9851126 0.9377198
0.9785656 0.8823672
1.002228 0.7183749
1.156589 0.7885675
0.9809467 0.8961386
1.063792 0.8220339
1.003733 0.9265226
1.070682 0.7969381
1.041139 0.732626
1.001968 0.8398454
0.9948831 0.8349297
1.203601 0.7718363
1.10097 0.9038544
1.097359 0.9557692
1.056106 0.9005598
0.9793044 1.031529
1.024823 0.8324213
1.038982 0.7775725
0.9936629 0.9168907
1.031819 0.8343822
1.072485 0.833684
1.038882 0.9341255
1.077064 0.8655755
1.065009 0.8119464
1.092893 0.7450286
1.03936 0.8555812
1.014089 0.8292054
1.091697 0.9163369
1.031863 0.8575319
1.073202 0.7736966
1.070662 0.7107036
1.015854 0.8259423
1.085783 0.9598643
0.9463543 1.012353
1.063555 0.9055837
0.937401 0.8156943
1.049713 0.9842115
1.017658 0.8624009
1.032291 0.7635458
1.016479 0.7557182
1.031514 0.7660721
1.001657 0.8673405
0.9876917 0.7423533
1.045877 0.8010666
1.054583 0.863223
1.073909 0.7817645
1.005937 0.859351
1.032322 0.8499172
1.0613 0.7135867
1.110532 0.8459438
1.003412 0.8466841
1.057898 0.8069234
1.021371 0.9255054
1.049705 0.8294942
1.106658 0.9906264
0.9867319 1.188217
1.137069 0.7736146
1.123615 0.8632456
1.018031 0.7944438
1.005611 0.8364792
1.005659 0.7662348
1.079212 0.9502022
1.034309 0.8555658
1.039478 0.7799494
1.184297 0.7077398
1.145643 1.031651
0.9973754 1.102428
1.068317 0.9189745
0.9968544 0.8119292
1.008982 0.7478108
0.9913865 0.8509272
1.014515 0.7759025
1.07272 0.7528463
1.148723 0.7607062
0.9808179 0.8748924
1.029317 0.7819482
0.9932307 0.7789768
0.9943327 0.7737732
1.173221 0.9707752
1.0806 0.8013507
0.9945373 0.8976957
1.176149 0.9507279
0.9787714 0.9417755
1.224499 0.8182052
1.039181 0.7424669
1.022589 0.8833853
1.017419 0.8627921
1.086401 0.9012478
1.011993 0.8236616
0.9926797 0.8183474
1.001084 0.9006513
0.9456253 0.8385111
1.034416 0.7404898
1.031952 0.9406703
1.22752 0.829177
1.057332 0.8510731
0.989788 0.902761
1.052566 0.9040547
1.092357 0.9637287
0.9972027 0.8176929
1.0441 0.8660956
0.97651 0.8312447
0.9956723 0.8408757
1.059506 0.9435467
1.003975 0.8371029
1.052458 0.8730175
1.046732 1.000124
1.104424 0.8399571
1.012252 0.8094975
1.027045 0.8905704
1.175805 0.9484738
0.9769904 0.9665496
1.041892 0.8783597
0.9821182 0.8053459
1.027497 0.8394454
0.9986606 0.7685743
1.022595 0.7583431
1.029996 0.7719035
0.9964472 0.9434041
1.014227 0.8079845
1.018641 0.8328849
0.9811043 0.8274105
1.051058 1.025925
0.9443308 0.8189428
1.007354 0.8705766
0.9812571 0.9103916
0.9863018 0.8780596
0.9893577 0.6949701
0.9635192 0.9461296
1.021074 0.8987325
1.061432 0.872859
1.111804 0.8848076
1.129796 0.8645585
1.067858 0.8625189
1.092643 0.768149
1.05153 0.8452298
1.006594 0.8543331
1.019991 0.8830434
1.104639 0.8178765
1.055794 0.780855
1.040874 0.8338256
0.9975766 0.841162
1.074317 0.8295865
0.9733475 0.8372005
0.9934725 0.8981755
0.9875354 0.7596971
1.058359 0.7322382
0.9821047 0.7926206
0.9920231 0.8455711
0.9926963 0.8701761
0.9792276 0.8393823
1.083749 0.8901264
1.031378 0.8919248
0.9998484 0.8909528
1.049872 0.7242459
0.9728349 0.794806
1.032826 0.9599335
1.026458 0.8374078
1.191051 0.7783132
0.9937535 0.831669
1.089277 0.8960226
1.22953 1.036509
1.037337 0.8504036
0.9781771 0.9580077
1.071812 0.7630824
1.022655 0.9805275
1.039197 0.8094931
0.9725101 0.8058778
1.02183 0.8500156
0.9945946 0.8490348
1.00633 0.8613287
1.022048 0.8023483
1.009267 0.8302861
0.9695965 0.8430862
1.017406 0.8487747
1.041264 0.8424375
1.057051 0.7726341
1.032397 0.9650348
1.02456 0.8357644
1.031346 0.8091459
1.061186 0.8428397
1.081611 0.9145662
1.01678 0.8995747
1.021888 0.8217907
1.013383 0.8376604
1.050732 0.7361249
1.02933 0.7526283
1.016733 0.8279737
1.106791 1.022747
1.17552 1.007339
1.0271 0.8135047
0.9980304 0.86266
1.076315 0.8677121
1.055815 0.8796062
1.043226 0.9458834
1.060844 0.8527927
1.04574 0.913778
1.179509 0.9384194
1.034561 0.8321468
1.044855 0.7707571
0.9892914 0.770081
1.044111 0.8075542
0.9848045 0.8641972
1.053545 0.6986306
0.9890609 0.8264718
1.096684 0.8345772
1.010586 0.959083
1.065039 0.8937683
1.018534 0.8242874
1.00437 0.8587392
0.9876666 0.8367417
1.091058 0.9445125
1.172184 0.9477263
1.07676 0.9061604
0.9380878 0.9812778
1.071612 0.822303
0.9374009 0.77043
1.040449 0.9175253
0.9789959 0.8836748
0.9860303 0.8131109
1.045153 0.8950503
1.043868 0.8730072
1.025293 0.8307796
0.986658 0.8341826
1.148913 1.164834
1.006725 0.8854848
0.9975068 0.8249412
1.017688 0.8286336
1.065972 0.9817576
1.017593 0.9295599
1.103334 0.8802306
1.045948 0.8296088
1.07844 0.9840721
1.016735 0.8601171
1.259518 0.9033386
1.101506 0.8817624
1.010124 1.034135
0.9544009 0.8410868
1.012608 0.8897107
1.027225 0.7755802
0.9629082 0.8831009
1.127528 0.9465172
1.233867 1.3291
1.130699 0.8934659
1.016855 0.884204
1.080639 0.874393
1.168729 0.8589046
1.065785 0.9163189
0.9826257 0.8057401
1.051086 0.9083755
1.125267 0.9232925
1.055892 0.9339647
0.9878071 0.8804025
1.027199 0.7929558
0.955291 0.7802786
1.031534 0.8093882
1.031063 0.8566251
1.06192 0.9969685
0.9520885 0.9238049
1.132018 0.9161465
1.052987 0.9648637
1.000161 0.8827842
0.9787019 0.863321
1.015165 0.9016029
1.040257 0.8733193
0.9938285 0.8537001
1.000621 1.005465
1.031689 0.985063
1.01221 0.8228321
1.004816 0.8507756
0.9847827 0.8461313
1.10252 0.9862571
0.9836663 0.8106114
1.019757 0.8018077
1.072468 0.8815092
1.140793 0.8753763
1.053527 0.9826417
1.051014 0.8510365
1.02997 0.9846144
1.187883 1.00968
1.008051 0.8551213
1.123176 0.89423
1.041459 1.017112
0.9924649 0.831494
1.008195 0.8553577
1.03223 0.8663341
0.982442 0.929181
1.017247 0.770361
1.034601 0.8279696
1.066388 0.8103346
1.070269 0.9873032
1.00534 0.8666816
1.085195 0.9614218
1.119586 1.001955
1.106149 0.8796236
1.011665 0.8503331
1.024574 0.798447
1.022976 0.8016272
1.054026 0.8271357
1.002427 0.8182233
1.133912 0.9376725
1.076915 0.9183165
1.071103 0.9526899
1.135622 0.7882162
1.008447 0.7245443
1.029966 1.020483
1.005284 0.8380676
1.100523 1.086819
0.9936944 0.8270153
1.017873 0.8722544
1.065994 0.7767752
1.133159 1.025553
1.011085 0.8638453
1.017269 0.9465182
1.009948 0.8132898
1.156458 0.8479554
1.069796 0.8205108
1.138473 0.9441198
1.076086 0.7861089
1.088678 1.045597
0.9741346 0.9450267
1.185095 0.9247991
1.02592 0.804816
1.043535 0.8873365
1.104151 0.8277845
1.022675 0.7846893
1.033968 1.013616
1.113705 0.9777187
1.103629 0.8724582
1.003037 0.8959593
1.019241 0.9988189
1.013062 1.057491
1.045796 0.8957441
1.006202 0.749389
0.9932172 0.9033623
1.087068 1.013966
1.198231 0.7949544
1.077746 0.8323593
1.001087 1.065281
1.00973 0.8201379
1.015126 0.8320344
0.9668549 0.8736236
1.008037 0.7708541
1.013722 0.8047242
1.090956 0.9486824
1.033444 0.8036206
1.064487 0.7471835
1.014592 0.7100703
1.010487 0.83702
1.025591 0.8091958
1.035529 0.8961478
1.018801 0.8449652
1.202944 0.8601749
1.125772 0.9960719
1.176319 0.9813933
1.029712 0.9586668
1.081163 1.007301
1.177868 0.9402043
1.09647 0.9369301
1.016793 0.8636198
1.034897 0.8033246
1.019248 0.8633503
0.982782 0.8209256
1.132833 1.027065
1.10767 1.14195
0.9993864 0.946604
1.046911 0.8608626
1.216459 0.9636339
1.148684 0.8809763
1.187982 0.8051415
1.056401 1.137385
1.072636 0.8175892
0.9969984 0.8188257
1.18804 0.8506185
1.120241 0.8376888
1.023506 0.7085236
1.033753 0.930444
1.054609 0.8110464
0.9880727 0.8173448
1.073841 0.9239124
1.046876 0.7926964
1.102761 0.9155312
1.144471 0.8861657
1.031858 0.8562724
1.054301 0.8539182
1.134501 0.9533889
1.16939 0.865474
1.005283 0.9166331
1.070957 0.9021747
1.053834 0.8431355
0.993688 0.8414688
0.9937613 0.8767235
0.986403 0.7284623
1.051642 0.8286923
1.02325 0.7613493
1.103894 0.9270713
1.034184 0.8072612
1.00459 0.9724421
1.016897 0.7787446
1.00646 0.9858704
1.110156 0.9119199
1.061901 0.8683498
1.010591 0.7853182
1.027466 0.8097303
1.129142 0.9275262
1.020986 0.7067288
1.02633 0.756569
0.9972835 0.7071453
0.9611916 0.9043161
0.992788 0.7961558
1.096108 0.9024197
1.028918 0.7942208
1.055321 0.8880308
0.9712151 1.079487
1.104653 0.8228335
1.02816 0.8031221
1.015224 0.8613387
1.035932 0.8587237
1.036987 0.8901637
1.025646 0.8027162
1.054365 0.8644192
0.9966103 0.8151055
0.9738565 1.131881
1.080256 0.9153888
1.176722 0.7904077
0.9928717 1.138047
0.9946465 0.9489305
1.009324 0.8976332
1.169801 0.9066807
1.035343 0.804456
1.02573 0.7806207
1.044306 0.8623775
1.009561 0.9163951
1.007651 0.9118449
1.060825 0.9124339
1.04165 0.7799638
1.060526 0.902409
1.033693 0.810619
1.041891 0.7620954
1.189117 0.8856689
1.00009 0.8680211
1.003862 0.8907721
1.051163 0.9150738
1.022805 0.909701
1.044037 0.9247298
1.163017 0.9383984
0.9987674 0.7404469
1.023189 0.9195135
0.9879629 0.7594631
1.034432 0.7558592
0.9915508 0.8851137
1.005574 0.776777
1.019455 0.7800719
0.9792525 0.8107721
0.9972907 0.964412
1.05356 0.8202812
0.9939938 0.8532271
0.992694 0.8618394
1.089507 0.856942
1.027454 0.8271799
1.056679 0.8311644
0.9957649 0.7847442
1.123135 0.7973462
1.094318 0.8206905
1.0174 0.7928397
0.9834908 0.933669
0.997934 0.8210514
1.081322 1.10356
1.03372 0.8585919
1.323956 0.9086417
1.00797 0.9386991
1.007144 0.7358019
1.044192 0.8635743
1.164391 0.904293
1.040356 0.9020584
0.9974738 0.8381041
1.07676 0.7944356
1.042701 0.923754
1.039513 0.8775124
1.170507 0.8222869
1.008154 1.12431
1.043268 0.8450456
1.005618 0.9602319
1.041189 0.8819606
1.087688 0.8703798
1.222181 1.00957
1.047278 0.8743615
1.010194 0.8584678
1.07829 0.8148941
1.005132 0.7670904
1.050325 0.8486419
1.051544 0.740161
1.134395 1.096727
1.056939 0.8167518
1.093312 0.826572
1.062018 0.8149492
1.0294 0.9405864
1.072436 0.9206185
1.09275 0.9022362
0.9937518 0.811263
1.032696 0.763782
1.004442 0.872792
1.006765 0.8293666
1.011674 0.8298767
0.96913 0.7349769
0.9451283 0.8296937
1.068743 1.102848
1.11912 0.8776902
1.010784 1.173132
1.270015 0.9095823
0.9755319 0.904792
1.02607 0.9480256
1.046185 0.799183
1.103544 1.128347
1.047589 0.809515
1.095612 0.9478131
1.02945 0.8829076
1.173258 0.8167882
1.019166 0.85724
1.083758 0.9414828
1.11807 0.96814
1.119152 0.8778418
1.121882 0.8748029
1.170262 0.8653969
1.005578 1.008999
1.019891 0.8199554
1.043887 0.8463179
1.233555 1.025286
1.105978 1.024535
1.006733 0.8276795
1.081466 0.8090113
1.015613 0.8756549
1.036812 0.8252477
1.001385 0.9447093
0.9847809 0.7725062
0.99596 0.7787708
0.9985519 0.7867851
0.9705135 0.8532474
1.021815 0.7781827
1.111971 0.8218844
1.046444 0.8730424
1.016016 0.8786461
1.025001 0.8905162
0.9930877 0.8318257
1.000988 0.8269066
1.043092 0.8716654
1.063649 0.8919975
1.114579 0.750741
1.027224 0.7043899
1.014031 0.7930906
1.1534 0.8965712
1.043323 0.8634845
1.038438 0.8818032
1.006678 0.74682
1.056623 0.9383869
0.9793763 1.164417
1.048867 0.7987526
0.9996226 0.8470099
0.9985403 0.734289
1.201899 0.8451212
0.9792534 1.130954
1.121505 0.906133
1.007991 1.033853
1.037001 0.8449605
1.064095 0.7701409
1.115936 0.9264161
1.105793 0.9016613
1.020209 0.8783763
0.9923257 0.9081083
1.127946 0.9001536
1.070145 0.9202633
1.007951 0.7910331
1.048611 0.7469936
1.00586 0.934685
1.033048 0.8016106
1.062078 0.8097224
1.056935 0.8663208
1.005224 0.945434
1.104761 0.9612425
1.034149 0.8443231
1.06529 0.9276817
1.063989 1.009831
0.9854786 0.800434
1.049597 0.7703497
1.101022 0.9533209
1.044939 0.9818524
1.000508 0.7759318
1.11626 0.8137452
1.098149 0.9413015
1.058061 0.8014784
0.9959522 0.8941214
0.9934846 0.8334459
1.015396 0.7900952
0.9923518 0.9267199
1.021518 0.8515097
1.029349 1.02255
1.002662 0.8873225
0.9808819 0.9867565
0.9888306 0.7209726
1.043217 0.8266877
1.044473 0.8308646
1.010748 0.8356689
0.9695242 0.9789707
1.007811 0.9449625
1.046243 0.7577656
0.9726699 0.9961545
0.9996745 0.9007925
1.009194 0.8480601
1.011927 0.7624825
1.075658 0.9197956
1.206065 1.014522
1.036766 0.768071
0.9690177 0.7711577
0.9809869 0.8594331
1.106411 0.9775694
0.9635818 0.9641205
1.087129 0.7979041
1.015752 0.9313208
1.03694 0.9685521
1.087545 0.8284819
1.119799 1.001059
1.060908 0.8439623
1.03257 0.7288935
1.005527 0.965672
1.076445 1.093204
1.07349 0.7715757
0.9764318 0.8916404
1.083848 0.8109446
1.014703 0.8799689
1.181785 0.76379
1.012061 0.8311019
1.025808 0.8475817
0.9703105 0.8933108
1.030609 0.7939178
1.157559 0.8911096
0.9572193 0.9190228
1.288374 1.067714
1.078442 1.012234
1.377479 1.001554
1.116896 0.866208
1.062185 1.015725
1.102717 0.9086392
1.089835 0.8845024
1.007307 0.7297645
0.9719275 0.8996297
1.05646 0.8188691
1.02141 0.7998547
1.015068 0.8614322
0.9805238 0.7529843
1.049672 0.7023441
1.02394 0.8215986
0.9990539 0.7400254
0.9756189 0.7995231
0.9661968 1.051509
1.058698 0.9417175
1.130917 1.060123
1.007207 0.900172
0.9797368 0.7598111
1.063214 0.8238264
0.9975477 0.7541037
1.080071 0.8119128
1.043564 0.8511388
0.9688841 0.926508
1.015606 0.8129426
0.9956495 0.8117549
0.9941791 0.7635671
1.167567 0.8990929
0.9810792 0.8409432
1.058576 0.7666346
1.056317 0.7362021
0.9922544 0.8844833
1.066379 0.7557898
1.050491 0.7942666
1.077065 0.7952916
1.041259 0.8967692
1.147455 0.8600825
1.008074 0.8287935
1.191245 1.049904
1.072141 0.818104
1.177383 0.942259
1.071231 0.7782448
1.018939 0.7708019
1.072996 1.076788
1.056227 0.845045
1.092298 0.8542356
1.170112 0.9928302
1.105236 0.8791434
0.9660734 1.019097
1.006477 0.8641418
1.018251 0.7479004
1.015586 0.7785675
1.032206 0.9884786
1.019251 0.8842683
1.003245 0.8187485
1.037402 1.235141
1.104396 0.8817776
1.225183 0.9450951
1.026147 0.9274478
1.059139 0.8891752
1.013243 1.018893
0.9781464 0.9116802
1.084805 0.9028465
1.044593 0.8242146
1.10045 0.9720645
1.150666 0.8342015
1.001878 0.886505
0.9834921 0.7683136
1.035548 0.8796551
1.023934 0.7999309
1.002009 0.8617184
1.15473 1.067129
1.002123 0.8320377
1.116776 0.9340517
1.049365 0.8329944
1.000299 0.7797875
1.10722 0.972753
1.115779 0.8978213
1.089225 0.8775683
1.009681 0.9875573
1.00098 0.8081246
1.025702 0.8394416
1.02767 0.8297997
1.021916 0.9096315
1.012385 0.7916553
1.065406 0.9129594
1.131034 1.2822
1.037263 0.8132319
1.001065 0.7900643
1.048072 0.8459311
1.023739 0.9109706
1.029752 0.783765
1.004426 0.7353304
0.986338 0.8647151
1.008962 0.8268289
1.106864 0.8435421
1.095599 0.8486293
1.080255 0.8969745
1.018234 0.9637463
1.056674 0.8189443
1.037758 0.8074457
1.128482 1.191943
1.011228 0.9560204
1.030282 0.8577206
1.022434 0.9546316
1.077084 0.7738836
0.9379955 1.088586
1.051262 0.8462867
0.9976951 0.8249298
1.021878 0.8496748
1.042975 0.8277976
1.00564 0.7723753
1.026008 0.7929033
1.043407 0.9224628
1.0668 0.9119451
1.047617 0.8621797
1.001603 0.7864019
1.004476 0.7739579
1.004392 0.9427139
0.9734505 1.112123
0.9863846 0.9778742
1.096124 0.903315
1.12001 0.9756767
1.141731 0.7664516
1.035518 0.8887451
1.037634 0.8221175
1.047093 0.833194
1.015641 0.847905
1.001344 0.9937559
1.076255 0.8749773
0.9991785 0.7895869
1.1199 0.8711269
0.9893432 0.7362559
1.023678 0.7755415
0.9863541 0.8626309
1.084579 0.9326962
1.084622 0.8381407
1.096082 0.8980262
1.031915 0.9641095
1.105643 0.8244514
1.00568 0.7485252
1.036718 0.8785164
1.151876 0.794411
1.075394 0.8910257
1.116814 0.8498583
1.040531 0.7873704
1.010457 0.7722526
1.021183 0.823564
1.009585 0.9280953
1.0536 0.8363295
1.020588 0.822285
1.085493 0.8217938
1.001384 0.8411627
1.119236 0.9794754
0.9789679 0.907636
0.993126 0.8126305
0.9925623 0.7642318
1.074642 0.7954858
1.00169 0.8471801
0.9877315 0.8474737
1.110012 0.8778928
1.066108 0.8929398
1.052059 0.9343942
0.9531091 0.980721
1.044689 0.9003465
0.9515473 0.9127956
1.006575 0.8169249
1.009215 0.7920529
1.006998 0.8727993
1.095717 0.8741865
0.9892445 0.7918807
0.9959893 0.7474316
1.053219 0.808332
1.072271 0.907654
0.9812543 0.8794048
1.02472 1.114219
1.068857 0.9767952
0.9579805 0.8598129
1.009253 0.8268863
1.021314 0.8089876
1.026362 0.7831855
1.097924 1.037019
1.021566 0.8231294
1.016685 0.8891593
1.113403 0.8909152
1.049149 0.9240548
1.015211 0.8312849
0.9990581 0.8946094
1.033877 0.7957602
0.9534145 0.8591891
0.9852868 0.8659554
0.9689347 0.9382517
0.9897093 0.7740608
1.011112 0.76409
1.037972 0.8414144
1.00306 0.9381704
0.9812107 0.8979673
1.047401 0.8478386
0.9974354 0.7571219
1.030183 0.8973214
1.077414 0.9221299
1.08078 0.9162534
0.9430197 0.8441133
1.047838 0.906937
1.194577 0.9172038
1.017162 0.9652188
1.021817 0.7589019
1.089485 0.8951517
1.020873 0.8757929
1.098491 0.8543721
1.03917 0.9182653
1.040836 0.8429161
1.06713 0.8288364
1.179593 0.910622
1.078241 0.9845136
1.088785 0.9681687
1.060871 1.013047
1.064179 0.8366112
0.9914737 0.9369932
1.010477 0.9144461
1.066111 0.8706913
1.053699 0.7876779
0.9978888 0.776015
1.083609 0.8902411
1.002782 0.7375486
0.9934045 0.9446848
0.9946212 1.007131
1.109154 0.954191
1.012709 0.9295367
1.13096 1.032546
1.065263 0.7835698
1.062802 0.8089988
1.013429 0.9462413
1.077945 0.8217892
1.024894 0.8455755
1.091935 0.8578061
1.061359 0.9689935
1.020273 0.8646634
0.9905015 0.8972819
1.194028 0.89938
1.055992 0.8533327
1.006852 0.8394391
1.063055 0.7983349
1.013153 0.7628141
1.00454 0.8407257
1.105836 0.8131772
1.028165 0.884169
1.024069 0.8729649
1.088271 0.8010551
1.033956 0.9329195
0.9246482 0.9724839
1.155382 0.963276
1.049813 0.8864557
1.019347 0.7969187
1.102963 0.8065541
1.026628 0.8512611
1.06066 0.8502679
1.088653 0.8231057
1.06486 0.8456674
1.096402 0.8510801
1.081818 0.7333773
0.991491 0.836246
0.9996717 0.8258798
1.071179 0.88624
1.045129 0.992557
1.049893 1.044357
0.9647443 0.9092638
0.9979563 0.8391055
1.062182 0.8519171
1.027387 0.874957
1.213373 1.026815
1.028136 0.9017688
1.014255 0.7840572
1.033745 0.9947845
1.025176 0.917537
1.088633 0.8896342
1.00352 0.9206971
1.053923 0.9144006
1.089781 0.9388392
1.014279 0.8500474
0.9983565 0.9966955
1.127317 0.8857004
1.098987 0.8039493
1.159266 0.8973777
1.066554 0.8743086
1.02316 1.036068
1.04463 0.9742103
1.039884 0.946573
1.02435 0.8280712
0.9843151 0.7908671
1.09778 1.12004
1.006799 0.8182139
1.001982 0.9303334
0.9791288 0.8508046
0.994003 0.8207575
1.059053 1.089017
1.015744 0.7162032
1.028576 0.9259364
1.065895 0.8281834
0.9840842 0.7832148
1.106301 0.7327388
1.253826 0.9352295
1.052318 0.9205716
1.058608 0.9454707
1.057708 0.8613059
1.082481 0.7845637
1.022537 0.9106764
0.9520013 0.8088628
1.084075 0.8890491
1.08682 0.7368976
1.090313 0.9478916
1.054856 0.9079468
1.022182 0.7965429
1.044511 0.7942078
1.128292 0.8237241
1.050507 0.85515
1.026455 0.8415642
1.08089 0.8540799
0.9876999 0.7383225
0.9845991 0.9065207
1.011343 0.8298746
1.109427 0.9001542
1.041019 0.8718847
1.010265 0.8394632
0.9912537 0.7721502
1.039118 0.9256116
1.018934 0.7972394
1.079881 0.9517519
1.014673 0.90249
1.098585 0.8261169
1.02405 0.9033371
1.033204 0.8879028
1.060815 0.7946724
1.244498 0.7861205
1.029258 0.807466
1.1494 0.970886
1.007527 0.6975651
1.067309 0.8493221
1.072531 0.8345981
0.9840743 0.9652837
0.9939908 0.9437103
1.027584 1.018509
1.003813 0.8153517
1.075075 0.7649577
0.9931358 0.8671477
0.9793221 0.9044463
1.043453 0.8582886
1.014848 0.8361772
1.021087 0.9019946
1.027557 0.838301
1.026624 0.7877091
1.094539 0.9322947
1.025899 0.8975308
0.9955018 0.8172461
1.021732 0.8265188
1.00666 0.7801413
1.042012 0.7680551
0.9864055 0.8344604
1.036508 0.7957171
1.040838 0.8437931
1.016522 0.794428
1.017008 0.704151
1.035455 0.8430494
1.116826 0.8326364
1.087878 1.045378
1.033767 0.7734383
1.013443 0.8230252
1.20464 0.8748395
1.050786 0.8480132
1.021166 0.8502603
1.000208 0.8385712
0.9932533 0.8184304
1.033337 0.8143818
1.100867 0.9436883
1.102606 0.7724467
0.9984826 0.7518554
1.025909 1.05038
1.036376 0.7718654
0.9969629 0.7389415
1.028859 0.8433942
1.014351 0.8733206
1.03957 0.7664578
1.045512 0.9552859
1.101238 1.077264
1.033112 0.9189871
0.9997699 0.9762394
1.113026 0.9015508
1.003531 0.8291626
1.067073 0.9483132
1.053055 0.7250177
1.096238 1.116838
1.032954 0.8640499
1.033107 0.8703004
1.014229 1.00135
1.026511 0.8869403
1.112762 1.012427
1.117206 1.010745
1.090471 0.9258633
1.101783 0.9621959
1.093754 0.9081568
1.000089 0.8207099
1.049712 0.8220314
1.118396 0.985524
1.083805 0.8691642
1.096935 0.8172459
1.052525 0.8435185
1.026252 0.8896489
1.045496 0.7610575
1.014573 0.817605
1.015092 0.9813758
1.003892 0.8750363
1.076583 0.9526991
1.105189 0.9780697
1.008145 0.9078454
0.9841292 1.023047
1.07653 0.9701539
1.216848 0.7470091
1.048982 0.8700803
1.035567 0.8555904
1.036489 0.9721222
1.06348 0.9056561
1.007948 0.8972034
1.041523 1.135218
1.016093 0.905591
1.054434 0.8691662
1.015903 0.7742308
0.9966444 0.8177224
1.01354 0.8000116
1.027559 0.9774353
1.042898 0.7639754
1.076248 0.9136442
1.02194 0.7380565
1.000457 0.7020038
1.035972 0.7654601
0.9911496 0.8144943
0.9866493 0.8073614
1.056412 0.8051541
0.9972631 0.7862231
1.276694 0.8390295
0.9727697 1.052587
1.076617 0.8631094
1.038175 0.9367639
1.113678 0.8260244
1.058084 0.8396306
1.035343 0.8235428
1.010318 0.8906853
1.129537 1.239223
1.02679 0.8969389
1.031819 0.8354738
0.9916422 0.8000625
1.012377 0.6930223
1.002502 0.8119938
0.9679284 0.7446823
0.9910733 0.8849072
0.9900325 0.8442635
1.019373 1.127464
1.021826 0.8244882
1.015093 0.7960276
1.00102 0.7475987
1.006056 0.8007834
1.0166 0.9261261
1.121832 0.8409457
1.046657 0.9435703
0.9922734 0.9072427
0.9796973 0.8401068
1.007933 0.9467512
0.9994178 0.8448995
1.052991 0.942454
1.122518 0.8926434
1.041409 0.8915818
1.163866 0.854365
1.033442 0.7660394
1.143127 1.071646
0.9646916 0.9717263
1.019085 0.8674601
1.133397 0.8653599
1.003319 0.7989717
1.102851 0.9718033
1.012809 0.8436387
0.9947197 0.7673983
0.9615808 0.8902566
1.050464 0.8428845
1.008041 0.7924708
0.9881078 0.9153508
0.9966311 0.8536152
1.194435 0.9843892
1.117474 0.8619005
1.09861 0.8450223
1.046496 0.782034
1.04047 0.8301616
1.100599 0.993417
1.027757 0.9380744
0.9963451 0.7610912
1.001665 0.8329071
0.9983891 0.8481765
1.003132 0.868036
1.03126 0.8498647
1.096905 1.015009
1.058063 0.9203173
1.031636 0.706001
0.9759924 0.8399284
1.027401 0.883324
1.063016 0.7667983
0.9573161 0.7329705
0.9992508 0.8416589
1.059637 0.8336204
1.141935 0.9454656
1.020472 0.8884721
1.130695 0.9182524
0.960602 0.8172893
1.014804 0.8479527
1.005364 0.8630138
1.064498 0.9425711
1.088811 0.8077144
1.063046 0.9041812
1.027392 0.8998874
1.067591 0.8539431
1.038655 0.7751398
1.113123 0.8303648
1.148534 1.062828
1.096171 0.9063183
1.02079 1.009286
0.9969362 0.8925255
1.008625 0.8967659
1.058485 0.9084952
1.101366 0.9551466
1.021293 1.06117
1.042207 0.790367
1.070008 0.8742918
1.13024 0.9254206
1.048019 1.008387
1.115533 0.8735338
0.9711861 0.7984698
1.002703 0.855515
1.009171 0.7615799
1.130941 1.016841
1.028908 0.7491185
1.081322 0.9856892
1.06461 0.8198958
1.061331 0.8533702
1.094698 0.889984
0.9786507 0.8993248
1.043277 0.8435101
1.025697 0.7735799
1.087274 0.8323447
1.059328 0.7988174
1.004938 0.7991207
1.010207 0.7123573
1.015366 0.821164
0.9896935 0.7996917
1.107315 0.7465488
1.122244 1.047477
1.093678 0.8927152
1.007618 0.8199877
1.027651 0.8966444
1.066741 0.8303595
1.011756 0.9749746
1.063829 0.9791307
0.9954367 0.870221
1.060225 0.9013195
1.050779 0.8274596
1.100686 0.7897326
1.018453 0.7849564
0.9874827 0.8690971
1.030678 0.9369734
1.021491 0.8723715
1.049722 0.8816732
1.115732 0.9298915
1.027865 0.9143759
0.9905209 0.8226026
1.015838 0.8884802
1.047749 0.8551075
1.126084 0.8699988
1.052103 0.8410662
0.9807122 0.8055728
1.005771 0.7950947
0.9745588 0.8923567
1.018027 0.8704394
1.055012 0.7883342
1.013014 0.8241562
1.01136 0.8381042
1.048739 1.120828
1.015206 0.8175065
1.054151 0.7565894
0.9629427 1.031116
1.03046 0.923327
1.003613 0.8855268
1.023142 0.8089547
1.015734 0.9954975
1.000067 0.8975506
1.078562 0.8966744
1.028586 1.009644
1.037046 0.9229419
1.052032 0.8130478
1.018434 0.8117011
1.144627 0.805425
0.9835101 0.8632088
0.9927604 0.7220581
1.004651 0.7726854
1.06488 0.771144
1.027388 0.8305671
1.00633 0.8561288
0.9862228 0.8126972
1.070875 0.7812104
0.9423276 0.904273
1.028792 0.9497439
0.9876394 0.8909924
1.00379 0.9893451
1.038777 0.9630847
1.103765 0.9239293
1.024576 0.856878
1.084741 0.8920336
1.019474 0.9244316
1.085705 0.8800581
0.9998527 0.7681809
1.019774 0.9014491
1.028794 0.8959098
0.9967073 0.9325087
1.084905 0.9135851
1.038328 0.8246546
1.054204 0.9421293
1.008822 0.8245119
1.075689 0.9573229
1.01238 0.7811452
1.025378 0.8540193
1.041311 0.8514598
1.049605 0.9334751
1.019912 1.048508
1.112973 1.10491
1.0413 0.9180699
1.023089 0.9748469
1.196945 0.9073983
1.0079 1.047168
1.17408 0.9689491
1.06713 0.7200223
0.9939797 0.9131284
1.018054 0.7500852
0.9992361 0.7449599
1.010243 0.854181
1.040869 0.8504
1.01684 0.7579476
0.9915582 0.9303717
1.028511 0.9058856
1.003925 0.8577336
1.07313 0.9355053
0.9790584 1.020718
0.9330175 0.8317112
1.025939 0.9235125
0.9875106 0.7848701
1.008608 0.8088787
1.078616 0.7959668
1.036158 0.7950741
