u.bar t.bar 
1.000279 0.8556317 
1.090758 0.8317458 
1.087154 0.917755 
1.019096 0.9462134 
1.061916 0.8622393 
1.050629 0.7843752 
0.965506 0.8394328 
1.003643 0.7744715 
1.032112 0.978828 
0.9851567 0.832843 
0.998133 0.8004053 
1.092438 0.8820998 
1.116015 0.7903114 
1.060229 0.8506471 
1.085005 0.9459911 
0.9938234 0.8744273 
0.999658 0.8502313 
1.019206 0.7534302 
1.041391 0.7338957 
1.008381 0.8045089 
1.021831 0.771912 
1.074241 0.9767193 
1.062612 0.9167917 
1.070132 0.898425 
0.9794596 0.8868255 
1.027516 0.7632537 
0.9870538 0.7790981 
1.053765 0.9167633 
1.050106 0.8507833 
1.043345 0.9014397 
0.9964973 0.8403237 
1.039947 0.9401315 
0.9822786 0.9043666 
0.9835109 0.8673043 
1.069664 0.8439625 
0.9367659 0.8672527 
1.079976 0.9107649 
0.9950741 0.8830178 
1.090435 0.7624014 
1.008574 0.7828489 
1.033547 0.8270896 
1.11967 0.8161277 
0.9815393 0.7315422 
1.039746 0.810159 
1.00103 0.797426 
1.038218 0.8261776 
1.007723 0.7858414 
1.068594 0.8249229 
0.9888777 0.9753646 
1.025264 0.8870332 
1.130684 0.9484561 
1.004274 0.8328009 
1.007872 0.7990362 
1.010623 0.8544173 
1.005586 1.088039 
1.05086 0.8811958 
1.068581 0.9500868 
1.047038 0.8669608 
1.030676 0.8780826 
1.02247 0.8567567 
1.007285 0.8323962 
1.11196 0.9688661 
1.102051 0.9372702 
0.9960993 0.735895 
1.183021 0.829069 
1.052645 0.9632112 
1.125741 0.8705484 
1.014251 0.8341075 
1.013127 0.786336 
0.9853173 0.8447187 
1.009446 0.884074 
1.011479 0.8488948 
1.013578 0.9186641 
1.05652 0.7838998 
0.9877288 0.7548851 
0.9893614 0.9025396 
1.036173 0.9493546 
1.016866 0.8827039 
1.045384 0.8072762 
0.9997257 0.9797693 
1.004841 0.7779417 
1.045417 0.85151 
1.034557 0.7950271 
1.026271 0.7888667 
1.040695 0.8939536 
0.9928473 0.8829789 
1.037484 0.9627667 
0.9612216 0.8808588 
1.026743 0.7585224 
1.036025 0.8776275 
0.9971701 0.9278697 
1.074272 0.7825526 
1.025935 0.7862825 
1.030089 0.9084647 
1.052068 0.8287254 
0.9812456 1.042066 
1.117026 1.004576 
0.9831539 0.8592061 
0.9899963 0.7503613 
0.9958267 0.8548199 
1.006008 0.7325612 
1.04696 0.7267155 
1.026393 0.7814601 
1.044739 0.8822405 
1.010839 0.9370801 
1.118604 0.9186034 
1.121191 0.8338821 
1.007247 0.7795666 
0.9925993 0.8646926 
0.9884261 0.9090414 
0.9730806 0.9195846 
1.024355 0.8175163 
0.9927457 0.796434 
1.009487 0.6944239 
1.008921 0.8471604 
1.115544 0.976649 
1.064987 0.8936962 
1.061642 0.944198 
1.01386 1.009234 
1.042289 0.8679207 
1.071322 0.7071868 
0.9896985 0.9127502 
1.049813 0.759458 
1.019473 0.7845995 
1.096264 0.8538167 
1.008504 0.8300907 
1.004481 0.8339294 
1.04114 0.7177607 
1.007652 0.830359 
1.02178 0.8815243 
1.082499 0.7650702 
1.017441 0.775127 
1.151995 0.8804963 
1.014366 1.007983 
1.090116 1.005162 
1.010478 0.9515862 
1.087757 0.9471596 
1.058573 0.9199861 
0.9979064 0.8976845 
1.048975 0.8452844 
1.036668 0.8714549 
0.9777387 0.8641165 
0.9853086 0.8173333 
1.103806 0.8911252 
1.016126 0.9470033 
1.007885 0.7898198 
1.007145 1.000418 
0.9885262 0.8183331 
1.041704 0.8977274 
1.036311 0.8314581 
1.024375 0.9606519 
1.00243 0.7634194 
1.012674 0.8633442 
1.091676 0.9189714 
1.073141 1.038648 
1.068249 0.8940387 
0.9644559 0.8637528 
0.9843273 0.8254438 
1.024484 0.7743891 
1.015744 0.8781639 
1.026752 0.8293253 
1.061413 0.8654461 
1.056316 0.8182933 
1.007601 0.6538489 
1.010136 0.7399979 
1.059989 0.9465572 
1.10333 0.7604058 
1.042113 0.8234442 
0.9916408 0.8035488 
0.9802025 0.855343 
1.15333 1.027557 
1.056709 0.9192421 
1.019052 0.8320876 
1.001053 0.8112895 
0.9985042 0.8403892 
0.9950543 0.9014697 
1.03872 0.8044916 
1.000533 0.746531 
1.107312 1.048429 
1.003736 0.8045639 
1.03847 0.7472784 
0.9751096 0.8321875 
1.043987 0.8153068 
1.073583 1.060829 
1.177746 0.9706418 
1.129379 0.9159938 
1.003449 0.7894949 
1.01557 0.7748801 
1.005764 1.013679 
1.120674 0.9640358 
1.036993 0.8099999 
0.9958668 0.8423555 
1.023326 0.8414458 
1.01525 0.8957647 
1.067422 0.9087804 
1.032171 0.8172787 
1.023182 0.8502031 
1.124186 0.9671279 
0.9960335 0.7633317 
1.054877 0.828923 
1.023604 0.7628431 
1.071765 0.8668878 
1.003017 0.8513894 
1.124434 0.9853429 
0.9377323 0.8215416 
1.022833 0.9627438 
1.045264 0.8183652 
1.068811 0.9319971 
1.046036 0.8785218 
0.9723403 0.904838 
1.020906 0.85252 
1.060009 0.9048363 
1.106308 0.7897872 
0.9679758 0.8949772 
1.105632 0.7703621 
0.9989984 0.8333057 
1.151706 0.8790772 
1.187317 0.8905057 
1.075898 0.8291829 
1.006258 0.7718738 
1.013483 0.7249236 
1.06884 0.8331224 
1.106754 0.8776301 
0.9894148 0.8412238 
1.000032 0.923682 
1.043534 0.8665135 
0.9844972 0.8163506 
1.008027 0.7450917 
0.9917132 0.7984537 
1.017142 0.9585919 
0.9984906 0.7617956 
1.08081 0.8266605 
0.9952482 0.8522329 
0.9781773 0.8405841 
1.029311 0.7793233 
1.020499 0.7866721 
0.9913861 0.8372163 
1.084934 0.8935194 
0.9744412 0.8374682 
1.020579 0.8747711 
1.00841 0.8189272 
1.013175 0.8287871 
1.016697 0.9295783 
1.062937 0.8656694 
0.9896289 0.8905518 
1.00916 0.764886 
1.019718 0.9658355 
1.049936 0.7838014 
1.053382 0.884152 
1.117624 1.01648 
0.9680403 0.8109601 
1.060446 0.8869951 
0.9782005 1.13031 
1.058309 0.8298402 
0.9976977 0.8334364 
0.9764293 0.8048692 
1.024852 0.8416839 
1.118968 0.8540274 
1.008447 0.8291314 
0.9642264 0.9165528 
0.99112 0.8677989 
0.9771063 0.734071 
1.099765 0.8602706 
1.048148 0.9517279 
1.066624 0.8102178 
0.9743201 0.8686376 
0.9587699 0.8832304 
0.9835931 0.8170114 
1.042336 0.8337128 
1.015963 0.9793537 
1.027538 0.7865752 
1.019935 0.8903581 
1.052042 0.8705153 
1.057446 0.888023 
1.007274 0.9190512 
1.028686 0.7522975 
1.045602 0.9709212 
0.9844932 0.8693432 
1.045165 0.8149198 
0.9488178 0.8483434 
1.007225 0.8539451 
1.062931 0.8385886 
1.027978 0.7760964 
0.9956944 0.8576558 
1.026357 0.9705326 
1.056391 0.8364526 
1.130405 0.7392111 
1.100926 1.01296 
1.067396 0.9127328 
1.058868 0.888844 
0.9881935 0.8364885 
1.091435 0.8797293 
1.241731 0.8608873 
1.034303 0.7408112 
1.015233 0.7563147 
0.9906954 0.8884146 
1.055258 0.8300926 
0.9902301 0.9778704 
1.016367 0.7640908 
1.005327 0.7804754 
1.003182 0.8468844 
1.049701 0.7447483 
1.009799 0.9104458 
1.006124 0.838675 
1.0177 0.7799497 
1.023158 0.7327967 
1.17165 0.805184 
1.092417 1.074332 
1.022855 0.8977035 
1.032574 0.8592181 
1.158469 1.031405 
1.082861 0.8812392 
1.019084 0.8805996 
1.011745 0.9607081 
0.9971853 0.9164764 
1.111574 0.8949529 
1.070513 0.9047437 
0.9704907 0.7157228 
1.027833 0.8361124 
0.9840784 0.9168454 
1.028402 0.8003529 
1.075725 0.86152 
1.071866 0.826842 
1.131568 0.7829894 
1.015266 0.8253771 
0.9962409 0.9042427 
1.036059 0.8546733 
1.202095 1.173175 
1.032289 0.8601459 
1.04718 0.8965138 
1.017971 0.9665822 
1.069397 0.776694 
1.10675 0.804225 
1.003788 0.8723939 
1.036461 0.9095915 
1.002483 0.8796796 
1.015294 0.7795485 
1.036842 0.8564378 
1.017026 0.8220617 
0.9889553 0.8296338 
1.040099 0.8544587 
1.147503 0.884506 
1.05411 0.9251153 
1.078262 0.8004629 
1.204335 1.102203 
1.071962 0.8677024 
1.076237 0.9834339 
1.037428 0.8243558 
0.9474634 0.9159116 
1.043985 0.8986849 
1.26933 0.9465109 
0.9849434 0.8976332 
1.062099 0.7948606 
1.049478 0.9784303 
1.073968 0.8376294 
1.217131 1.08947 
1.009781 0.8305638 
0.9878644 0.9322072 
1.086965 1.030684 
1.043894 1.107147 
1.203582 0.8600625 
1.041368 0.8064548 
0.9934767 0.7745136 
1.041827 0.9125699 
1.016646 0.8551491 
1.098376 0.8234499 
1.055836 0.8711536 
1.055616 0.8012324 
1.06491 0.8507862 
1.007756 0.8334204 
1.037761 0.9108819 
1.002305 0.9090265 
1.048351 0.8197441 
1.110117 1.117132 
1.030655 0.9348274 
1.062902 0.86374 
1.011361 0.9537632 
1.022511 0.8984908 
1.009616 0.8072081 
1.055188 0.8192588 
0.9931366 1.012382 
1.012809 0.8087896 
1.061344 0.892816 
1.15223 0.9407932 
1.068984 0.9529113 
0.9834502 0.8543122 
0.9924161 0.8712708 
0.9873531 0.7423013 
1.011701 0.7664059 
1.053451 0.9394448 
1.009631 0.8438756 
1.059809 0.8970077 
1.022842 0.7688778 
1.086549 0.840873 
1.029286 0.7473045 
1.034769 0.8706207 
0.9624949 0.917121 
1.021312 0.7591187 
1.04581 0.7550264 
1.094662 0.9983036 
1.022675 0.9269939 
1.008263 0.9859482 
1.038253 0.9490645 
1.100083 0.8900914 
1.072118 0.8655507 
0.9874433 0.8484762 
1.146479 0.943765 
1.056316 0.8668398 
1.025228 0.8648756 
1.051726 0.7911994 
0.9916112 0.7630617 
1.033467 0.7861866 
0.9608384 0.839066 
0.9900112 0.8789316 
1.037179 0.8526305 
1.016463 0.8784254 
1.003512 0.9879084 
1.061853 0.8192962 
1.007382 0.8552046 
1.013658 0.8658411 
0.9858207 0.9403591 
1.016 0.8292195 
1.15131 0.7578719 
1.031656 0.8510455 
1.008686 0.8133272 
0.9710194 0.8758823 
1.022348 0.8350135 
1.000695 0.7705325 
0.9998825 0.8284357 
1.00172 0.7771958 
1.057014 0.843656 
1.074535 0.9640269 
1.074792 0.8240635 
1.009041 0.778878 
0.9916537 0.9451364 
0.9936143 0.8387882 
1.04263 0.7992441 
1.0167 0.8845965 
1.000818 0.8818766 
1.016918 0.839908 
1.030173 0.8918968 
1.05882 0.8792223 
1.005139 0.8443703 
1.104025 0.756953 
1.031976 0.8906445 
1.020979 0.921247 
1.080733 0.8028284 
1.131247 0.8524579 
1.116785 0.9171035 
0.997927 0.7720314 
0.9850204 0.975052 
1.021933 0.7784976 
0.9802191 1.008845 
1.017141 0.8129548 
1.068964 0.9083525 
1.047541 0.8836378 
1.111782 0.8399694 
1.02747 0.7902437 
1.036687 0.8765704 
1.038189 0.8727167 
1.063995 0.8404016 
0.9460941 0.9944965 
1.016564 0.8395607 
1.006 0.8119738 
1.007892 0.8683212 
1.049424 0.7671281 
1.124353 0.871359 
1.027761 0.8922815 
0.9902295 0.7779376 
0.9995355 0.8685103 
1.010079 0.8487925 
0.9867738 0.9266859 
1.005082 0.8646164 
1.010874 0.8453349 
0.999197 0.805356 
0.9777735 0.8374696 
1.037875 0.8261265 
1.024174 0.8084787 
0.9759495 0.8598751 
0.9937734 0.8591747 
1.032235 0.8730489 
1.047718 0.9061761 
1.001642 0.8096879 
1.071098 0.8871214 
1.074139 0.775988 
1.064798 0.8449548 
1.021043 0.9121255 
1.006199 0.8078092 
0.996138 0.8709805 
1.095749 0.8124519 
1.038641 0.8663533 
1.023985 1.107294 
1.007096 0.9057018 
1.020421 0.7956285 
1.079791 0.9135442 
1.024096 0.843725 
1.039942 0.8886977 
0.9847397 0.8293937 
1.030327 0.798861 
0.9990923 0.7662594 
1.04479 0.8107233 
1.035706 0.7601183 
1.027778 0.8276175 
0.9750565 0.9206557 
0.9887909 0.9248141 
1.066617 0.9154496 
1.054445 0.8911086 
1.059121 0.8609409 
1.123309 0.8615251 
1.052476 0.7757549 
1.009955 0.931705 
1.04849 0.8260751 
1.028512 0.8986316 
0.9955195 0.9018182 
1.044027 0.7213744 
1.013835 0.8424349 
1.065957 0.8186689 
0.9746481 0.8581702 
0.993528 0.9723209 
1.009474 0.9561639 
1.050625 0.7647769 
1.002186 0.8104689 
1.073686 1.044824 
1.069516 0.9164237 
1.046523 1.061098 
1.021396 0.7673375 
0.9472501 0.8316847 
0.9789718 0.7619602 
1.170332 0.9052414 
1.104049 0.8935962 
1.025809 0.9381284 
1.086165 0.8172288 
1.025341 0.8025485 
0.9945427 0.8615396 
1.029927 0.9082047 
1.024142 0.8632481 
0.9954858 0.9366033 
0.9970878 0.8553488 
1.049668 0.8631087 
1.08984 0.8861729 
1.035709 0.8183448 
0.9816989 0.8638788 
1.10624 0.7557417 
1.070299 0.8199153 
1.031537 0.7742204 
1.006667 0.7566935 
0.9984129 0.9605095 
1.037434 0.8877627 
1.064249 0.9573044 
1.102555 0.7393495 
1.016058 0.9300587 
0.9656967 0.8331519 
1.049146 0.785359 
1.082234 0.8586295 
1.096681 0.9161239 
1.156196 1.012637 
1.079734 0.9255555 
0.9921254 0.9274536 
1.023551 0.7433794 
1.059297 0.875906 
1.001784 0.8854534 
1.092733 1.059318 
1.111809 0.9895838 
1.017241 0.780073 
0.970558 0.8450558 
0.9850689 0.839716 
0.9936955 0.788029 
1.089915 0.9013073 
1.11826 0.7836498 
0.9768347 0.9271049 
1.114602 0.7970058 
1.068827 0.8466587 
1.065662 0.7434286 
1.121448 0.7836896 
1.051683 0.7872869 
1.106242 0.9807139 
0.9616656 0.8335503 
0.9983139 0.9191792 
1.017784 0.865282 
0.9587103 0.9790823 
1.376274 1.088972 
1.03693 0.8801558 
1.151927 0.9801772 
1.005932 0.8988016 
0.9790166 1.025924 
1.12281 0.8466513 
1.047187 0.7859924 
1.076528 0.8767159 
1.003329 0.8220427 
0.9966203 0.9994216 
1.07052 0.8648822 
1.080488 0.9449734 
1.206016 1.180319 
1.068697 0.8237792 
1.008712 0.8982745 
1.052454 0.79777 
1.03108 0.8365296 
1.013574 0.7950586 
0.9864835 0.7812067 
1.011579 0.844767 
0.9949374 0.8590407 
1.054122 0.8987359 
1.03877 1.077787 
0.9853141 0.8856857 
1.026739 0.922785 
1.046191 0.7445056 
1.015835 0.9111101 
0.9971148 0.9138673 
1.004958 0.7908721 
1.012198 0.7368489 
1.009617 0.9658001 
0.9807091 0.7640634 
0.9830786 0.7843615 
1.017685 0.8179189 
1.018826 0.804172 
0.9976153 0.8054914 
1.008901 0.8100663 
1.028422 0.8528779 
1.073955 0.8757368 
0.9865341 0.8926085 
1.026018 0.8681556 
1.013851 0.7582309 
1.002854 0.8525643 
1.051294 0.9069098 
1.033187 0.9039023 
1.174682 0.8619715 
1.050062 0.8821418 
1.124167 0.844693 
1.001529 0.8564546 
0.9863756 0.9420151 
0.9593007 0.8331645 
1.068795 0.7901359 
1.173913 1.04965 
1.016601 0.7624846 
1.004456 0.9268693 
1.123847 1.038003 
1.135342 0.9272792 
1.066545 1.07359 
1.027985 0.7506109 
1.001 0.8017471 
1.041831 0.9012648 
0.9934291 0.9885575 
1.144206 1.013411 
1.041611 0.925002 
1.116003 0.9048872 
1.009813 0.8112708 
1.031703 0.8468662 
1.067734 0.8372327 
1.009286 0.8381703 
1.07134 0.8244351 
1.099813 0.9869266 
1.106484 0.8091493 
1.064339 0.9310635 
1.050912 0.9118425 
0.9991211 0.8023881 
1.016165 0.7445032 
1.10468 0.9917562 
1.128718 0.8365244 
0.9951158 0.7222742 
1.011537 0.8992937 
1.00925 0.8980852 
1.001075 0.8775417 
0.9867224 0.8036713 
1.025031 0.8517958 
1.054302 0.9288234 
1.11397 0.8447796 
1.089955 0.8018669 
1.035352 0.8340793 
1.011907 0.7433506 
1.105723 0.9059503 
0.9909276 0.734694 
1.069568 0.8653924 
1.02914 0.8450662 
0.9600194 0.823314 
0.9942969 0.8402788 
1.050375 0.808892 
1.077024 0.9325977 
1.044324 0.957831 
1.010374 0.8323147 
1.00984 0.7824729 
1.031095 0.8660288 
1.061853 0.8097821 
1.143895 0.9460807 
1.097105 0.9789061 
0.9867488 1.08599 
1.010285 0.7994167 
1.05393 0.834814 
0.9747833 0.9899402 
1.019098 0.872074 
0.9605272 0.8277646 
1.054726 0.8680491 
1.02484 0.7732376 
1.019998 0.8277765 
1.046415 0.9797296 
1.040951 0.8523171 
1.079737 0.9346224 
1.045739 0.9751724 
1.074592 0.8433802 
1.010925 0.8045684 
0.9923103 0.8633375 
1.004979 0.9946249 
1.007851 0.8054398 
1.023763 0.8400908 
1.018744 0.7843341 
1.020053 0.8181809 
0.9621328 0.8163976 
1.022934 0.8617708 
1.069969 1.058736 
0.995062 0.7887481 
0.9933053 0.8020967 
1.03654 0.8599735 
0.9928505 0.7594889 
1.021133 0.7640794 
1.025976 0.97802 
1.050286 0.8536294 
0.9738384 0.847 
1.095117 0.9117051 
1.012614 0.7994585 
0.998201 0.8049962 
1.056528 1.064465 
1.070285 0.8655742 
1.105802 0.9165871 
1.065293 0.8390977 
1.123091 0.9490293 
0.9931893 0.8295255 
1.013534 0.8001237 
1.168069 1.076565 
1.133906 1.175864 
1.017448 0.770036 
0.998958 0.9082194 
1.086483 0.7880478 
1.007742 0.8995746 
0.9920022 0.9063342 
1.013693 0.792183 
1.049773 0.9496439 
1.037166 0.9846218 
1.030844 0.9139156 
1.080638 0.8870903 
0.995589 0.863457 
1.004289 0.8681377 
0.9836044 0.7764386 
1.007689 0.9517713 
1.005123 0.8849785 
0.9903906 0.8175122 
1.01948 0.8518302 
1.04155 0.7470847 
0.9889144 0.9042953 
0.9932966 0.896585 
1.033386 0.8022449 
1.05719 1.075349 
1.177817 0.9659434 
1.0249 0.7979728 
0.935629 1.014865 
1.026575 0.9402776 
1.030297 0.8754097 
1.150308 0.9110299 
1.099631 0.7789862 
1.040448 1.015463 
1.024766 0.809503 
1.055164 0.7201891 
1.009622 0.8725636 
1.067465 0.7672284 
1.028233 0.8601113 
1.108692 0.8443224 
0.9656272 0.8520106 
1.10917 0.8183417 
1.073149 0.9418831 
1.014134 0.899546 
1.009108 0.8681022 
0.9874688 0.8394574 
0.988007 0.8476427 
1.082832 0.929362 
0.9943738 0.8976521 
0.9943666 0.8096938 
0.9815158 0.8380986 
1.060544 0.8720565 
1.028045 0.8415067 
1.008844 0.8704968 
1.006359 0.8622576 
0.999405 0.9653527 
0.9693779 0.9015622 
1.050921 0.8729843 
1.017787 0.7620056 
1.035887 0.8880027 
1.040481 0.831257 
1.099258 0.9136744 
1.092973 0.9015069 
1.221075 0.907662 
1.073253 0.955439 
0.9136401 0.965754 
1.017606 0.8546288 
1.083963 1.08 
1.025123 0.8537791 
0.9840196 0.8090347 
0.9897333 0.9372012 
1.05575 0.7542949 
1.032282 0.8315301 
1.111307 0.7605095 
1.061575 1.017371 
1.015085 0.8715873 
1.084103 0.9253641 
1.059881 0.871089 
1.097701 0.8325039 
0.989637 0.9202112 
1.090322 0.8699988 
1.052817 0.7852389 
1.197704 0.9366317 
1.017947 0.8441244 
1.003456 0.8870912 
1.022667 0.7998101 
0.9637029 0.8677626 
1.053755 0.8796596 
1.016299 0.9393878 
1.040169 0.9369057 
0.9705483 0.8321571 
1.101039 0.8387651 
1.084213 0.8714859 
1.080507 1.022157 
0.9989507 0.8567169 
1.050861 0.7966176 
0.9919162 0.9842463 
1.033414 0.8290565 
1.052474 1.022286 
1.044919 0.8466072 
1.040257 1.066855 
1.08531 0.8508352 
1.069787 0.8687088 
1.031563 0.93921 
1.031663 0.8213026 
0.9758497 0.8837541 
1.191955 0.9346066 
1.077838 0.934944 
0.9898425 0.8943054 
1.104824 0.9817101 
1.07467 0.8754791 
1.056832 0.7389787 
0.9987158 0.7743082 
1.000609 0.8461832 
1.022375 0.8157148 
1.109998 0.9184749 
1.013835 0.9247612 
0.9890301 0.8317489 
1.034448 0.8529688 
1.022042 0.7520037 
1.023753 0.769331 
1.100106 0.883507 
1.085343 1.001302 
1.085923 0.8095557 
1.118913 0.9021534 
1.00002 0.829151 
1.000357 0.8899259 
1.018805 0.9864751 
0.9621968 0.9834714 
1.008029 0.7291699 
0.9905006 0.7953988 
1.00766 0.9389283 
1.040296 0.7650402 
1.146182 0.9362899 
1.069463 0.8044315 
1.032781 0.8344292 
0.9664262 0.9045668 
1.016514 0.873627 
1.011036 0.9102052 
0.9914308 0.8961732 
1.096313 0.7787606 
1.042097 0.86113 
1.118085 0.8575305 
1.045502 0.7925963 
1.057658 0.8105656 
1.017704 0.8383986 
0.9426482 0.791761 
1.023583 0.8779573 
1.107244 0.9149749 
0.9918969 0.8792692 
1.087856 0.8338775 
1.065974 0.8667949 
1.052839 0.9169437 
1.062789 1.068712 
0.9868596 0.9028156 
1.097678 0.8891345 
1.048861 0.8757019 
0.9603693 0.7736661 
0.9890785 0.7913768 
1.033393 0.9140647 
1.070779 1.083661 
1.01529 0.8503467 
1.023992 0.8105151 
1.01313 0.8402168 
1.052086 0.9065198 
1.203612 1.039445 
1.073586 0.9412883 
1.050769 1.005502 
1.049175 0.952273 
1.023045 0.9123422 
1.029534 0.8158727 
0.9874469 0.7445535 
1.015659 0.7856332 
1.048479 0.7667612 
1.040514 0.8499942 
1.21367 0.9294411 
1.098333 0.820034 
1.059965 0.8502702 
1.028699 0.8107005 
1.044778 0.6366446 
1.025484 0.7538799 
1.02225 0.8152473 
1.045056 0.8378685 
1.001601 0.8461851 
1.005884 0.8155013 
1.003317 0.7584669 
1.145436 0.9679445 
1.011261 0.8444073 
1.123301 0.8292733 
0.9931975 1.070719 
1.036929 0.8928681 
1.030772 0.6706248 
1.026706 0.7668806 
0.9997672 0.7492869 
1.033256 0.997461 
0.9821395 0.8581746 
0.9781659 0.8966609 
0.9781543 0.8010601 
0.9957167 0.8313524 
1.005033 0.8654846 
1.036125 0.9911877 
1.366223 0.8350594 
1.0046 0.8990149 
1.044726 0.847429 
0.9995616 0.8293268 
1.037623 0.7220555 
0.9530826 0.8390337 
1.032708 0.8413146 
1.052259 0.9171242 
1.011291 1.109305 
1.094782 0.8383936 
1.071122 0.8646513 
1.043388 0.969543 
1.030074 0.9693846 
0.9796631 0.7774797 
1.075742 0.7760205 
1.024784 0.9160499 
1.027342 0.746979 
0.982756 0.9471521 
0.995631 0.7094618 
1.009822 0.8665365 
1.07391 0.9211951 
1.032521 0.8987529 
1.042103 0.8744041 
1.012235 0.8644368 
1.078343 0.8374603 
1.054012 0.8344521 
1.056984 0.9785065 
1.127877 1.020743 
1.044758 0.9193286 
1.149192 0.8954172 
1.020353 0.8838502 
1.012788 0.7764234 
1.078103 0.9482068 
1.102632 0.9320697 
1.109329 0.9169457 
1.04995 0.8748704 
0.9930458 0.9105197 
1.049884 0.9045827 
1.002991 0.7514552 
1.029978 0.8702958 
1.061 0.9129045 
1.034172 0.7575028 
1.080136 0.8564606 
1.015944 0.8124917 
0.9774039 0.8557428 
1.007277 0.815527 
1.016843 0.8068364 
1.002324 0.8685261 
1.009222 0.7550447 
1.000246 0.8159548 
1.021414 0.8585201 
1.216258 0.7899977 
1.118997 0.9022407 
1.03581 0.9439668 
1.084627 0.869054 
1.056384 0.8965547 
0.9989325 0.7471751 
1.022172 0.8721131 
1.116401 0.9340997 
1.217401 0.9781572 
1.037647 0.8196781 
1.077876 0.8849299 
0.9629053 0.8720313 
1.094086 0.7689717 
1.037301 0.8996558 
1.154568 0.8027652 
1.189189 1.108512 
1.226301 0.9776532 
0.9839784 0.8511256 
1.178038 0.8898823 
1.069624 0.9890969 
1.024132 0.8890266 
0.9795904 0.8877234 
1.001454 0.86649 
1.168982 0.9177113 
1.11955 0.9365929 
1.048595 0.7549048 
1.161611 0.9563586 
1.220245 1.01787 
1.062771 0.7716447 
1.074477 0.9265567 
1.110801 0.8084806 
0.9792415 0.7721558 
1.024639 0.8940815 
0.9661475 0.8475085 
1.051851 0.8446197 
1.014068 0.8227882 
1.022731 0.8302352 
1.026631 0.8645727 
0.9954683 0.8509257 
0.9721808 0.8214276 
0.9962228 0.7660929 
1.014523 0.8708266 
1.094868 0.8540932 
1.086315 0.8787465 
1.207416 0.9323625 
0.9546404 0.9422856 
1.084369 0.8905297 
1.058325 0.7755208 
1.002801 0.8050287 
1.020502 0.8770631 
0.9666231 0.7556113 
1.00051 0.8469679 
1.048795 0.8940222 
1.139973 0.8677488 
1.015484 0.9454661 
0.9990169 0.8856847 
1.007197 0.7943725 
1.017778 0.8775932 
1.015594 0.8767856 
1.138333 0.8509134 
1.070026 0.7639288 
0.9946773 0.8531749 
0.9891753 0.8558696 
1.017962 1.026248 
1.020152 0.8755461 
0.9878981 0.9086531 
1.042349 1.001486 
1.090577 0.8129772 
1.137643 0.7942797 
1.050191 0.945629 
1.022656 0.8957069 
1.040075 0.8323179 
0.9898685 0.8751588 
0.9801382 0.7562936 
1.091058 0.8922689 
1.023301 0.8557669 
1.029194 0.8038431 
1.013287 0.8075772 
1.006257 0.8349693 
0.9503035 0.7271778 
1.031233 0.8135859 
1.045117 0.7929082 
1.018694 0.7606518 
1.066989 0.9374612 
1.102809 0.7495752 
1.006055 0.8611397 
0.9958294 0.8115611 
1.190873 0.9377628 
1.010931 0.9834027 
1.076456 0.8106756 
1.052278 1.084104 
1.035611 0.7636579 
1.075901 0.807004 
1.215983 0.8643166 
1.039523 0.9758308 
1.079629 0.7851353 
1.006149 0.8882464 
0.9979511 0.8460517 
1.009577 0.8163517 
1.054952 1.016565 
1.04695 0.800655 
1.042705 0.9182274 
1.071757 1.001859 
1.072225 0.7977298 
1.025925 0.9114205 
1.006931 0.8368263 
1.029774 0.7482795 
0.9432117 0.8028796 
0.9737709 0.933849 
1.007114 0.7558583 
1.009926 0.8017768 
1.02807 0.7225191 
1.014961 0.8323753 
1.023758 0.8767409 
1.009265 0.7312559 
1.01904 0.8490755 
1.06149 1.024742 
1.049336 0.8716951 
1.003201 0.7477429 
1.05774 0.8854172 
1.007954 0.8027938 
1.120844 0.8209102 
0.9636788 0.8481377 
1.002648 0.7806712 
0.9903618 0.754882 
1.05633 0.7162681 
1.110301 0.9928107 
0.9800212 0.9167601 
1.019036 0.7484968 
1.021282 0.7929561 
1.050224 0.9369502 
1.122264 1.09435 
1.038399 0.9220468 
1.082172 0.8678467 
0.9770902 0.8567608 
1.049349 0.9870053 
1.163442 0.9729085 
0.9915932 0.8416485 
1.076398 0.8655663 
0.9914504 0.7519868 
1.098596 0.9121759 
1.039989 0.7538161 
1.001818 0.8240849 
1.009227 0.8365779 
1.060576 0.7591694 
1.077463 0.8028837 
1.008681 0.8217957 
1.018064 0.7664972 
1.0367 0.8594601 
1.002434 0.8429792 
0.9953787 0.7554731 
1.040392 1.05782 
1.056377 0.8328818 
1.018132 1.001973 
1.164018 0.7973675 
1.046245 0.7960693 
0.9886874 0.8924236 
1.068478 0.8922192 
0.9754688 0.88221 
1.040252 0.8184011 
1.050586 0.8488667 
1.050432 0.9420381 
0.9927149 0.8646087 
1.073942 0.8463136 
1.027256 0.9666807 
1.121623 0.8178491 
1.015066 0.9403762 
1.024922 0.9290275 
1.155207 0.952227 
1.034934 0.9684471 
0.997137 0.8854846 
1.032507 0.8455113 
1.014301 0.8298051 
1.013736 0.7668803 
1.016731 0.7992771 
1.121729 0.9382229 
0.9965936 1.005835 
1.076373 1.015858 
0.9985861 0.8698173 
1.190899 1.02668 
1.064973 0.7769492 
1.007728 0.8674005 
1.08795 0.9305875 
1.015501 0.7568013 
1.014156 0.8046084 
0.9907465 0.8981098 
1.033509 0.7732939 
1.130405 0.7363776 
0.9883939 0.8875262 
0.9926371 0.8225954 
1.067924 0.8666 
1.052479 0.9054323 
1.039277 0.8143548 
1.068483 0.7911399 
1.204368 1.004365 
0.9788939 0.8761405 
1.027318 0.8526061 
1.081953 0.9485984 
1.143913 0.9638223 
1.054843 0.8367783 
1.032204 0.8848319 
1.240764 0.9631265 
1.058181 0.8330511 
1.015487 0.7481365 
1.027021 0.7890013 
1.015718 0.8497708 
1.027854 0.7249624 
1.031408 0.8865121 
1.010177 0.7401489 
1.12982 0.9290649 
1.002882 0.811648 
1.061434 0.9025863 
1.060822 0.8152032 
1.044909 0.7805373 
1.060874 0.8588655 
1.044523 0.9421244 
1.044004 0.8939269 
1.055477 0.8541771 
1.184868 0.9508624 
0.9982473 0.8466429 
0.9952245 0.802688 
1.019446 0.933995 
1.008931 0.8876328 
1.006044 0.9286649 
1.031295 0.8216032 
1.13254 0.7997873 
1.041269 0.8396097 
1.003282 1.034172 
1.088095 0.9389728 
1.021198 0.9033882 
1.110554 0.8033091 
1.012334 1.053749 
1.046604 0.8337142 
1.036116 0.7865161 
1.076981 0.9753988 
0.9996697 0.8005687 
1.117473 0.9552283 
1.093935 0.8294822 
1.159982 0.8990987 
1.092736 0.8040663 
1.094614 0.8017297 
0.9798412 0.8136265 
1.00722 0.9450119 
1.012514 0.8398591 
1.006312 0.7237536 
1.066817 0.8531833 
1.068022 0.9293493 
1.108653 0.7692625 
1.063776 0.9436102 
1.129856 0.9174911 
1.024309 0.8366263 
1.039588 0.8622844 
1.055 0.7853599 
1.086424 0.8691206 
1.028078 0.76851 
1.039507 0.8173883 
1.011005 0.9948553 
1.125969 0.9475907 
1.062181 0.8105682 
1.057885 0.8534181 
1.120122 0.9838465 
1.071335 0.9506077 
1.02428 0.911717 
1.158224 0.9787707 
1.159888 0.9178635 
1.021139 0.9981511 
1.158194 0.8331007 
1.037768 0.8219258 
1.047264 0.8947494 
1.108228 0.9301822 
1.215568 0.98214 
1.116276 0.9179057 
0.9768698 0.8668337 
1.085705 0.993581 
0.9805206 0.8115312 
1.044005 0.8342739 
1.020768 0.8243684 
1.00299 0.7580995 
1.063622 0.8990898 
1.042415 1.115174 
1.049077 0.7978637 
1.037616 0.8827495 
1.005639 0.8357785 
1.00042 0.8822381 
1.009723 0.7371521 
0.9962004 0.8300818 
1.000292 0.901478 
1.088764 0.9072352 
1.200655 0.8805219 
1.018446 0.8729233 
0.9789297 0.8218715 
0.9787005 0.8452085 
1.010161 1.102817 
1.036775 0.7734014 
1.042874 0.8952149 
1.075248 0.9011772 
1.028449 1.102846 
1.03658 0.846222 
1.086269 0.8879734 
1.053229 1.170953 
1.052672 0.9906139 
1.061644 0.7924958 
1.018466 0.9560906 
1.089784 1.028771 
1.004481 0.8599529 
1.105899 0.8684829 
1.118909 0.8404186 
1.011522 0.8742371 
1.049379 0.9070062 
1.03659 0.881464 
0.99647 0.8823636 
1.026314 0.8273196 
1.158789 0.8356391 
1.082625 0.8019868 
0.9888731 0.8911692 
1.011308 0.7986673 
1.040545 0.9252045 
1.029147 0.8342304 
1.032911 0.8721844 
0.983475 0.8563551 
1.057879 0.8288329 
1.090606 1.023274 
1.056022 0.8810491 
1.015535 0.8759417 
0.9798892 0.8854562 
0.9509811 0.8125224 
1.079657 0.8298052 
1.079086 0.8914959 
1.08122 0.8724703 
1.016596 0.8093717 
1.071689 0.9576766 
0.9922019 0.8379218 
1.01074 0.8698298 
1.00538 0.8304888 
0.9860286 0.8435349 
1.123606 0.7882451 
0.958455 1.013765 
0.9879862 0.8884307 
1.07227 0.9152082 
1.032393 0.8759718 
1.014661 0.8395549 
1.016778 0.8361716 
0.9894022 0.8157093 
1.022381 0.8530736 
1.079774 1.01685 
1.074999 0.8436567 
0.9818584 0.7529117 
1.042473 0.8702458 
1.016692 0.8376896 
0.9996944 0.8356379 
1.033023 0.8408242 
1.007025 0.8286003 
0.9813403 0.7877861 
1.025931 0.6877509 
1.017552 0.7303081 
1.000298 0.8694179 
0.9984024 0.8030892 
1.028194 0.7921699 
0.9732912 0.8072228 
1.075562 0.800066 
1.041868 0.8585227 
1.069817 0.8838782 
1.061081 0.8000713 
0.9733234 0.8597498 
1.055965 0.879645 
1.074719 0.820201 
1.025309 0.8453023 
0.9837815 0.8656585 
0.9907934 0.7164758 
1.055868 0.9309708 
0.9730008 0.9408942 
0.9704854 0.911979 
1.006478 0.8477534 
0.9732388 0.7874606 
0.9877349 0.8335481 
1.067302 0.8364295 
1.008968 0.9222419 
1.019294 0.8436681 
1.030847 0.7725245 
1.118891 0.9323441 
1.066856 0.9786959 
1.067817 0.796189 
0.996811 0.8085972 
1.020531 0.8231562 
1.125869 0.9211515 
1.175735 0.8615068 
1.023659 0.8168596 
1.032849 0.8783149 
0.9860957 0.8253318 
1.011365 0.7968456 
1.015404 0.8303959 
0.9996187 0.8207885 
1.114824 0.8211776 
1.078411 1.031631 
1.07592 0.7386185 
1.041913 0.9422845 
0.9918346 0.9386537 
1.0042 0.8861234 
1.038106 0.9207706 
1.015741 0.8339777 
1.013166 0.8074109 
1.029746 0.7928888 
1.065809 0.8364589 
1.154697 1.045363 
1.030926 0.9219933 
1.103726 0.9259449 
1.097076 0.9427717 
1.067518 0.9521201 
1.022837 0.8431464 
1.01956 0.8751286 
0.9566319 0.8964014 
1.049408 0.8051227 
1.003284 0.7999096 
1.027127 0.8175607 
1.017919 0.8407852 
0.9942386 0.8504264 
1.018212 0.7704083 
1.003532 0.7700707 
1.016015 0.9070076 
1.162602 0.8892219 
1.087525 0.9039515 
1.042006 0.8971635 
1.011612 0.9467088 
0.9872186 0.9842211 
1.043512 0.7445816 
1.049702 0.7483394 
1.019597 0.903946 
1.001734 0.7657431 
0.9924669 0.8987042 
1.031461 0.9209613 
1.008521 0.8099616 
1.010454 0.794747 
1.052374 0.7927268 
0.972963 1.069436 
0.9746057 0.8175376 
0.982248 0.9445627 
1.0186 0.7527016 
1.003025 0.8256386 
1.038555 0.7633222 
1.019699 0.8100087 
1.04402 0.8676318 
1.061097 0.8950081 
1.059362 0.9822874 
1.045883 0.8422258 
0.9663983 0.8635328 
0.9931428 0.8810657 
0.9789249 0.7846088 
1.012412 0.9094041 
1.119438 0.899497 
1.014172 0.8812223 
1.079432 0.7970557 
1.002367 0.7628431 
1.037845 0.8617524 
1.141255 0.7683445 
1.15153 0.7894788 
1.023782 0.7796746 
1.010939 0.8767473 
1.053453 0.8567926 
1.032473 0.9257894 
1.030839 0.7921507 
1.028393 0.9376649 
1.081453 0.8799875 
1.06045 0.833743 
1.019664 0.7810148 
1.029885 0.8345685 
1.010238 0.8330646 
1.058403 0.8587551 
1.04408 0.7872324 
1.145102 0.8805737 
1.034965 0.8306505 
1.022341 0.8743773 
1.042614 0.8317384 
0.957816 1.109242 
1.010244 0.9711756 
1.034154 0.8050451 
1.07239 0.8851134 
0.9714826 1.001634 
1.101698 0.9052377 
1.010877 0.9197392 
0.9910479 0.7867954 
1.038448 0.9184449 
1.016881 0.7875139 
1.02359 0.8046687 
1.067816 0.9058153 
1.127053 1.117398 
0.988107 0.8983057 
0.9861545 0.8808712 
1.069617 1.023505 
0.9821493 0.8472117 
0.9960032 0.8010697 
1.004301 0.8055102 
1.013892 0.8659654 
1.094213 0.8621626 
1.028284 0.8498931 
1.00867 0.814823 
1.110939 0.9394393 
1.024937 0.934823 
1.033153 0.9201683 
1.019146 0.845764 
1.007822 0.889404 
1.05149 0.8389664 
0.9996889 0.7696721 
1.007076 0.7780081 
1.01685 0.8499766 
1.031152 0.8845151 
0.9862659 0.954219 
0.9969435 0.8141208 
1.129025 0.8976797 
0.9747357 0.9929772 
1.0206 0.9083126 
0.9951373 0.8109359 
0.9985792 0.8336255 
0.9990607 0.8219625 
1.048517 0.8274793 
1.001804 0.8277574 
1.152543 0.9372016 
1.019404 0.84298 
1.067427 0.8286045 
1.025399 0.8218771 
1.002349 0.8132596 
1.057072 0.8500116 
1.094285 0.9164199 
1.030868 0.941898 
1.021363 0.8242063 
1.007075 0.9089261 
1.06982 0.8132398 
1.099709 0.9313569 
1.174028 0.9469745 
1.045216 0.8882409 
1.077074 1.038266 
1.042754 0.8406745 
1.024573 0.7493289 
1.022679 0.9268855 
1.14539 0.8941101 
1.118988 1.012549 
1.04927 0.7859795 
1.040327 0.8568686 
1.115745 0.8718127 
1.061341 0.8062124 
1.003266 0.7630165 
1.096128 0.8397524 
1.140729 0.7580578 
1.073848 0.8902645 
1.015124 0.8951944 
1.034876 0.9429646 
1.06447 0.7735323 
0.9635999 0.8836015 
0.9251375 1.008708 
1.031849 0.8530199 
1.023021 1.013962 
1.092356 0.8505769 
0.9539828 0.9711666 
1.05487 0.8645444 
1.024851 1.006882 
1.072353 0.8480508 
1.066665 0.9451219 
1.053923 0.9226669 
1.021938 0.8294674 
1.049168 0.8794771 
1.005649 0.8520707 
1.023938 0.7767784 
1.185029 1.059362 
1.024488 0.9104883 
0.9606896 0.8565934 
1.10955 0.9599208 
1.127773 0.8983514 
1.011465 0.7780063 
1.086492 0.9005385 
0.9927111 0.814076 
1.066465 0.880966 
1.217025 1.163073 
1.042128 0.8810841 
1.000066 0.9066759 
1.005651 0.8600254 
0.9920412 0.8394092 
0.9889884 0.7695575 
0.9839969 0.8573585 
1.012558 0.8552746 
1.009573 0.8116637 
1.016099 0.8384053 
0.979525 0.9243334 
1.025151 0.8608989 
1.155539 0.8384618 
0.9626203 0.9242358 
1.119868 1.070482 
0.9773929 0.8268209 
1.044856 0.8823409 
1.041076 0.7665207 
1.073669 0.7458344 
0.9995827 0.8572302 
1.098482 1.013217 
1.07607 1.050519 
1.023927 0.845021 
1.010658 0.7954075 
1.020804 0.8193663 
1.057436 0.8865097 
0.9839721 0.8676985 
1.00766 0.8326814 
1.028205 0.8361757 
1.036707 0.8502275 
1.032859 0.8542262 
0.9729539 0.8697516 
1.021394 0.8397436 
1.058201 0.8753155 
1.069166 0.8598553 
0.9590956 0.8730282 
1.026668 0.8148814 
1.132474 0.8456161 
1.044946 0.8581314 
1.115326 1.004377 
1.045169 0.9393024 
1.004402 0.7924673 
0.9465839 1.00427 
1.097078 0.8794133 
1.1075 0.8449822 
1.075901 0.8539554 
1.082126 0.8862569 
0.9733867 1.032722 
1.047582 0.8141863 
1.035424 0.8792584 
0.9417695 0.9297343 
0.9958051 0.8078612 
1.049079 0.970666 
1.004857 0.8175908 
0.9884123 0.8521355 
1.006716 0.8615167 
1.001467 0.7317214 
1.044674 0.7918614 
1.10354 0.8634148 
1.024037 0.8903419 
1.015268 0.7505274 
1.089075 0.8755218 
1.018446 0.8036925 
0.9892708 0.6756659 
0.9883573 0.7899727 
0.9934714 0.7083323 
1.009718 0.7556496 
1.078465 0.8635296 
1.257642 0.8827356 
1.000032 0.8312905 
1.031229 0.8045608 
1.015911 0.8626601 
1.023227 0.9472844 
1.061072 0.765695 
1.101403 0.913465 
1.043326 0.7678734 
0.9706525 1.001031 
1.114383 0.8279522 
1.054743 0.943379 
1.032496 0.7989531 
1.013769 0.8917035 
1.013412 0.8682503 
1.010439 0.839373 
1.041153 0.7734021 
1.053228 0.8521908 
1.010037 0.8001469 
1.063436 0.8583087 
1.040812 0.7614697 
0.9764372 0.8944648 
1.130523 0.9964611 
1.089322 0.8141087 
1.033664 0.9947821 
1.137225 0.9532448 
1.017453 0.8719176 
1.023314 0.7764987 
1.087809 0.9842334 
1.011736 1.039043 
1.057584 0.8712882 
0.9771532 0.7920042 
1.130296 0.8463914 
1.009847 0.7914636 
1.084754 0.958073 
1.025915 0.8270085 
0.9758385 0.8397842 
1.043549 0.8413756 
1.071911 0.8570107 
0.9760061 0.8493327 
1.078621 0.937468 
1.010274 0.8239271 
1.066658 0.8929857 
1.193758 1.054231 
1.028675 1.002699 
1.035399 0.789211 
1.01072 0.8897284 
1.09677 0.8638356 
0.9560689 0.8565232 
1.05492 0.9273674 
1.038348 0.7924041 
1.020974 0.9201991 
1.083232 0.922711 
1.031673 0.7822559 
0.9887591 0.8591064 
1.002444 0.771898 
1.017735 0.8916362 
0.9735664 0.8870769 
1.073286 0.9596595 
0.9998018 0.9997063 
1.03837 0.7895795 
0.992721 0.8613914 
1.050108 0.8402994 
1.077583 0.9033446 
1.121289 1.027856 
1.018432 0.8606774 
1.043399 1.069298 
1.047367 0.8158452 
1.021159 0.8359247 
1.048627 0.8524597 
1.051306 0.7761178 
1.038794 0.814728 
1.041501 0.8321517 
1.024612 0.8759426 
1.155859 0.8183288 
1.120502 0.9066003 
1.145723 0.8018146 
1.0178 0.8542299 
1.060056 0.8423494 
1.039232 0.8838877 
1.034325 0.8212524 
1.05235 0.8746181 
1.003632 0.8051761 
1.021697 0.7682321 
0.969951 0.8140245 
1.005553 0.8423864 
1.018215 0.8924272 
1.027541 0.7933211 
1.074104 0.8482662 
1.006307 0.8279449 
1.012357 0.7381101 
1.003618 0.8412902 
1.0825 0.8760031 
1.049217 0.9119491 
1.067047 0.8795765 
1.034704 0.9454129 
1.02041 0.8722859 
1.025017 0.8040733 
1.022911 0.8856816 
1.055442 0.8003442 
0.9942258 0.9980198 
1.120837 0.7768664 
1.183526 0.7834252 
1.012656 0.9870683 
1.08741 0.9804321 
1.015756 0.9693255 
1.003979 0.8320307 
1.012359 0.8142623 
0.934781 0.8974842 
1.026472 0.8525741 
1.099513 0.8393158 
1.019434 0.8484987 
1.032831 0.8204034 
0.993189 0.9029147 
1.011682 0.8854169 
1.003679 0.8473174 
1.008821 0.8560376 
1.037015 0.7948686 
1.046317 0.7952376 
1.00066 0.8819092 
1.086225 0.8191925 
1.061418 0.9194381 
1.03348 0.8349871 
1.05754 0.8966286 
1.000026 0.8407851 
1.029367 0.8494489 
1.022629 0.862186 
1.059467 0.8041788 
1.047033 0.78813 
1.041304 0.8550951 
1.060196 0.8047353 
1.143335 1.012792 
1.124436 1.038191 
0.9740841 0.8815595 
1.049775 0.8465817 
1.090591 0.8202354 
0.9894979 0.9529251 
1.094676 0.8263241 
1.043518 0.8684132 
0.9836769 0.7807154 
1.068075 1.023414 
1.051891 0.9092031 
0.9884648 0.8596656 
1.052443 0.8174486 
1.005261 0.8472905 
1.06784 0.7664357 
0.9842274 0.8103816 
1.029844 0.8744824 
1.002472 0.907281 
1.022842 0.8573385 
0.9785635 0.8206437 
1.017415 0.8432377 
1.098604 0.8147498 
1.056494 0.8719249 
0.9881025 0.944332 
1.069068 0.852476 
1.15608 1.109088 
1.097962 0.870755 
1.087604 0.84247 
1.011243 0.9774788 
1.050391 0.9711023 
1.006491 0.9463762 
0.965089 0.8142537 
1.087236 0.9256295 
0.9996395 0.7884982 
0.9907338 0.833996 
1.071065 0.8516547 
0.9590087 0.895748 
0.9563779 0.966751 
0.9943312 0.8188225 
1.039765 0.9263942 
1.128584 0.8633793 
0.9987892 0.9117991 
1.061283 0.9559824 
1.252658 1.063712 
1.103076 0.8925732 
1.068642 0.8860615 
0.9654154 0.8315229 
1.002675 0.7945011 
1.067961 0.8357492 
1.135038 0.8885128 
0.9858305 0.8686698 
1.100294 0.8334876 
0.9731152 0.9294418 
0.9965575 0.8598973 
1.004018 0.8819701 
1.014973 0.8814463 
0.9825723 0.9179022 
0.9818509 0.8834865 
1.086375 0.9852758 
1.034823 0.9224675 
1.027543 0.8739458 
1.061261 0.8208633 
1.0122 0.7553415 
1.026602 0.9688563 
1.016283 0.8637093 
1.007468 0.833447 
0.9605195 0.8710716 
1.035221 0.7618423 
0.9846382 0.7951471 
0.9969481 0.9467244 
1.139715 0.9465965 
1.081348 1.005569 
0.9964155 0.8008709 
1.032458 0.8910031 
1.024811 0.7245759 
1.071067 0.8199418 
1.058075 0.8943084 
1.030295 0.8355913 
1.017118 0.8553332 
1.062021 0.9200941 
1.096375 0.8672876 
0.9795349 0.946675 
0.9990556 0.9481847 
1.031777 0.7728099 
1.019338 0.8073055 
1.076236 0.829108 
0.9817655 0.8427072 
1.00915 0.9212058 
1.031862 0.9228909 
1.125626 0.8781859 
1.234952 0.9882677 
1.02828 0.8294332 
1.119111 0.8293118 
1.046365 0.910579 
1.125279 0.913006 
1.021688 0.876529 
0.9762669 0.7924583 
1.014938 0.8901603 
1.084958 0.7879999 
1.01174 0.8801534 
1.026332 0.8373712 
1.001455 0.8507217 
1.149252 0.9684012 
1.001547 0.8279108 
0.9791551 0.8326031 
1.050618 0.9783147 
0.9978291 0.9435996 
1.048296 0.8808868 
1.039515 0.9788014 
0.9777573 0.9054177 
1.004859 0.920383 
1.00442 0.7827485 
1.046717 0.8596263 
1.155983 0.9408986 
1.030602 0.8006214 
1.040047 0.7660423 
1.035454 0.84928 
1.023536 0.8799716 
1.040851 0.800761 
1.03397 0.8014249 
1.177963 1.054006 
1.12181 0.7622036 
1.016244 0.8739873 
1.028003 0.7917827 
1.034819 0.8977105 
1.034899 1.042668 
1.060934 1.113965 
1.147334 0.9017581 
1.10212 0.7896577 
1.037088 0.810948 
1.007864 0.9096056 
1.02602 0.8840094 
0.9891098 0.9624582 
1.006993 0.7981786 
1.184887 0.900581 
1.035119 0.7985899 
1.027591 0.8335373 
1.187499 0.8784902 
1.008467 0.8254516 
1.055205 0.8106877 
1.059444 1.177771 
1.100579 0.9943226 
1.013726 0.9277853 
1.120243 0.8717185 
1.034275 0.8378127 
1.028232 0.8038206 
1.256425 0.8412099 
1.000114 0.8155965 
1.105135 0.7756315 
1.048049 0.8734538 
0.9932113 0.8579745 
0.9816297 0.7946058 
1.015689 0.8667253 
0.9855626 0.7418313 
0.9899124 0.8051307 
1.079905 0.8250726 
1.11473 1.077389 
1.059212 0.9198393 
1.098755 0.9641889 
1.004997 0.9357705 
0.9912282 0.8502392 
1.057591 0.9992215 
1.203771 1.018823 
1.022679 0.8122903 
1.018412 0.8734384 
1.151685 0.9938925 
1.023614 0.7825717 
1.030041 0.8057157 
1.009331 0.9040027 
1.015921 0.8356307 
1.043177 0.8843671 
1.049739 0.9099827 
1.233334 0.9420759 
0.9991222 0.8941777 
0.9652542 0.8853385 
1.071326 0.8713173 
1.033762 0.9334891 
1.065594 0.8019665 
1.001961 0.8754714 
1.009551 0.8941389 
1.027483 0.9735529 
0.9988517 0.7944107 
1.076264 0.9109569 
1.056535 0.9690266 
0.9787734 0.8767583 
1.104449 0.9335261 
1.091679 0.8701 
1.036873 0.7825678 
1.011753 0.8167678 
1.00818 0.8334788 
1.052821 0.7764976 
1.026891 0.8032263 
0.9838221 0.9203225 
1.053414 0.958767 
1.043798 0.7652051 
1.01037 0.763301 
1.042926 0.8350702 
1.045021 0.8446588 
1.05622 0.9322463 
1.061909 0.9301771 
0.9970848 0.7715892 
1.036042 0.8382147 
1.003673 0.8446411 
1.027186 0.8213207 
1.031287 0.8855892 
0.9944688 0.8780745 
0.9984915 0.988783 
0.9553356 0.9771867 
1.004119 0.7306565 
0.9955567 0.7285191 
1.012804 0.8995497 
1.020956 0.8077406 
1.0214 0.7734744 
0.9846963 0.9178134 
1.019924 0.8163008 
1.113182 0.7863944 
1.056318 0.8779159 
1.021778 0.7987367 
0.9565698 0.9329313 
1.107004 0.9943624 
1.049206 1.050365 
1.043964 0.8607168 
0.9946665 0.7528489 
0.9666526 0.8169339 
1.026331 0.8006441 
1.054561 0.7872499 
1.025558 0.9470182 
0.9819052 0.8738898 
1.019512 0.8572217 
1.067657 0.8843619 
1.002261 0.7071542 
1.005901 0.8299035 
0.9981863 1.008629 
1.048499 0.9299293 
1.154383 0.8116168 
1.029525 0.8196198 
0.9985787 0.8299794 
1.033673 0.9008787 
0.9893574 0.8444036 
1.08407 0.8200215 
1.105019 0.8257599 
1.051232 0.8008338 
1.025718 0.7889794 
1.040511 0.8666961 
1.040064 0.8179574 
0.9736496 0.8080224 
1.059805 0.8391429 
0.9947296 0.8597393 
1.017251 0.9467175 
1.005519 0.7907015 
1.052919 0.8149864 
1.019507 0.9684289 
1.00907 0.8777469 
1.013583 0.9221911 
1.106244 0.8054407 
1.035351 0.8295531 
1.032013 0.9722503 
0.9999333 0.8227532 
1.065437 0.7032182 
1.031485 0.8574013 
1.033849 0.9149241 
1.023156 0.8038495 
0.9982112 0.8585809 
0.9737533 0.774738 
1.064668 0.7337594 
1.01212 0.7861662 
0.9943442 0.9048513 
1.000535 0.8326989 
1.047119 0.8845513 
1.011749 0.7320298 
1.113128 0.9135124 
1.097932 0.7721201 
1.182528 0.9005461 
1.133091 0.96613 
1.064493 0.7472783 
1.111203 1.067806 
1.147485 0.8646546 
1.049284 0.8776477 
1.059012 0.8364074 
0.9857502 0.7613939 
1.015232 0.7971142 
0.9921548 0.9171966 
1.01813 0.8031329 
1.033593 0.8511706 
1.056648 0.9860863 
1.113747 0.8444393 
1.067749 0.7007461 
1.065623 0.801667 
0.9772555 0.8766673 
0.9915544 0.7641612 
1.089504 1.145183 
1.023478 0.8548705 
1.05493 0.9021289 
1.059933 0.7084505 
0.9839589 0.699445 
1.004817 0.7138302 
1.182087 0.8131946 
1.085513 0.7739368 
1.10246 0.8019981 
1.053703 0.7895963 
1.17899 0.9019009 
1.030896 0.883505 
0.9699706 0.882379 
1.014211 0.7533455 
0.9994784 0.8300246 
1.025518 0.8395085 
1.01541 0.7892738 
1.009464 0.8231897 
1.051261 0.8586167 
0.9964369 0.8592123 
1.010425 0.8280091 
1.050621 0.7992188 
1.045237 0.913592 
0.9686777 1.029306 
1.176921 0.8262252 
1.038152 0.8399498 
0.9951263 0.7531316 
0.9813789 0.8442912 
1.006727 0.8419195 
1.009539 0.8933855 
1.02311 0.9343936 
1.122007 0.8655474 
0.9479262 0.9302049 
0.9889581 0.8285152 
1.016413 0.7971608 
0.9700315 0.7873224 
1.101204 1.090525 
1.022037 0.9297153 
1.038829 0.77277 
1.045362 0.8573405 
1.132205 0.9377574 
1.180411 0.8474586 
1.064775 0.9872686 
0.9782628 0.74554 
0.9985922 0.7850195 
0.9672798 0.913264 
1.10486 0.8174349 
1.016922 0.9177827 
0.9887355 0.8899357 
1.10563 0.8188406 
0.9852378 0.8773565 
1.057608 0.9599873 
1.07408 0.9085627 
1.116014 0.9133216 
1.037473 0.8473611 
1.021646 0.7748736 
1.03551 0.7891754 
1.004392 0.7359773 
1.066854 0.8470332 
1.035537 0.783954 
1.007896 0.8746522 
1.015142 0.8133491 
1.021565 0.8878746 
0.9812938 0.770772 
1.104872 0.8751003 
1.062191 0.8881025 
1.068526 0.9159496 
1.195839 1.21874 
1.071602 0.9679425 
1.188479 0.7437607 
1.078107 0.8585933 
1.055689 0.8591139 
0.9545783 0.92203 
0.9861221 0.9033014 
0.999664 0.876701 
1.046447 0.830003 
0.9997168 0.7559141 
1.016602 0.9388089 
1.053242 0.809222 
1.026504 0.9366554 
1.065238 0.8394022 
1.028347 0.7237836 
1.009556 0.9087553 
0.9915088 0.8305769 
1.069018 0.9143565 
1.046591 0.7900879 
1.023938 0.8803992 
1.119491 0.9018056 
1.025729 0.7941258 
1.027605 0.8923185 
1.112024 0.8139226 
1.136752 1.090827 
1.011455 0.9849415 
1.234425 0.9701973 
1.044992 0.8255308 
1.021136 0.8354409 
0.954387 0.8231331 
1.016049 0.8382009 
1.037952 0.8064572 
1.049398 0.9363684 
1.12419 0.8534835 
1.012053 0.8867002 
1.109779 0.8063178 
1.059888 0.9579306 
1.055651 0.8560394 
0.9955109 0.8907426 
0.9908505 0.7757813 
1.004061 0.8127418 
1.00897 0.703824 
1.055874 0.8574225 
1.091863 0.9550964 
1.166191 0.8218029 
1.061521 0.8559672 
1.073572 0.8296069 
1.034657 0.8442843 
1.063403 0.9007795 
1.008266 0.7802944 
1.047254 0.7898049 
1.09372 0.7443764 
1.048378 0.8289049 
1.058045 0.7170598 
1.04565 0.867872 
1.01779 1.012553 
1.150109 0.9075378 
1.098737 1.01788 
1.049594 0.885402 
0.9882513 0.8096209 
1.09554 0.910741 
1.020029 0.7896141 
1.12307 0.8571426 
1.016633 0.9323481 
1.011423 0.7659554 
1.042499 0.8205964 
1.013157 0.8295684 
0.9931171 0.8847017 
0.9655539 0.8717089 
0.9953315 0.8409326 
0.9565765 0.889152 
1.00615 0.9549564 
1.035997 0.75622 
1.036072 0.8732372 
1.078644 0.8467053 
0.9861783 0.8346316 
1.02448 0.7982591 
1.172676 0.8705732 
0.9566382 0.7823879 
1.054817 0.863888 
1.05788 0.8991056 
1.023547 0.7742382 
1.020809 0.7951364 
1.018545 0.8824484 
1.029066 0.7666925 
1.035831 0.8657845 
1.023836 0.9478524 
0.9797376 0.9787753 
1.084471 0.8128532 
1.113426 1.053229 
1.091059 0.8525958 
1.022369 0.7662673 
0.9968461 0.8423977 
0.9948556 0.7771384 
1.093276 0.8526096 
1.081691 0.8132712 
1.060365 0.8635732 
1.097962 0.9251438 
1.061117 0.8727807 
1.030725 0.8048596 
1.073325 0.8373017 
1.003573 0.8900865 
1.019279 0.8756548 
1.074592 0.746184 
1.0974 0.9040486 
1.047569 0.8108561 
1.035324 0.7535996 
1.112104 0.8168004 
1.020202 0.8770828 
1.016535 0.8346345 
1.04825 0.9014413 
1.001936 0.8439572 
1.028398 0.8490294 
0.9958275 0.8357934 
0.9746079 0.757233 
1.082587 1.077282 
1.096138 0.9020872 
1.009505 0.8711782 
1.034308 0.9662661 
1.034002 0.8414215 
0.9780501 0.9322313 
1.032215 0.8080384 
1.099677 0.8786746 
0.9490452 0.8549958 
0.9849783 0.8489756 
0.9926754 0.7887651 
1.034996 0.8812969 
0.9980112 0.8124643 
1.04452 0.7807501 
1.088558 0.772374 
1.08732 0.8035894 
0.9610646 0.9218085 
0.983018 0.7925213 
1.001586 0.6877732 
1.078947 1.078835 
1.045176 0.8648862 
1.060061 0.8196199 
0.990658 0.8200935 
1.032502 0.8341869 
1.063753 0.7762399 
1.005369 0.8717032 
0.9568691 0.8983004 
1.005459 0.7763725 
1.029359 0.8900618 
1.06678 1.002097 
1.044676 0.927089 
1.044658 1.073093 
1.091152 0.9953039 
1.128485 0.947393 
1.096514 0.7851567 
1.088306 0.9263809 
1.003382 0.8427815 
1.06631 0.8701571 
1.087874 0.8431717 
0.9996372 0.7723252 
1.000304 0.9207644 
1.032236 0.8344332 
1.195445 0.8454102 
1.145419 1.07689 
0.9764771 0.8831404 
1.072098 0.7776839 
1.025354 0.9504228 
1.060058 0.81131 
1.055463 0.7486841 
1.115683 1.029734 
1.068561 0.9630722 
0.992239 0.8287853 
1.017041 0.8645427 
1.041872 0.832964 
1.102844 0.7667075 
1.039626 0.7800753 
1.018616 0.8399365 
1.060108 0.870973 
1.047706 0.9059097 
0.9707417 1.0609 
1.027411 0.7826577 
1.090651 0.7683981 
1.089007 0.8569446 
1.003806 0.8411572 
0.9843132 0.7955306 
1.003735 0.8331601 
1.11028 1.036732 
0.9572922 0.9502563 
1.028251 0.7770168 
0.9952683 0.9242315 
1.03954 0.721982 
1.11413 0.9954561 
1.003533 0.9193296 
0.9376764 0.8163741 
1.037884 0.8297681 
1.040579 0.7778191 
1.12685 0.846652 
1.054384 0.8087591 
1.001366 0.8478698 
0.9597618 0.9597321 
1.118197 0.9362979 
0.9423923 0.9079472 
1.053208 0.8673546 
1.078941 0.8063168 
1.042425 0.7419348 
1.135972 1.072154 
0.9981302 1.040098 
1.066078 0.8122957 
1.068706 0.8897376 
1.156313 0.9088799 
1.113413 0.7979148 
0.9811975 0.851542 
1.037557 0.9626468 
1.041707 0.8372563 
1.040743 0.857385 
1.062342 0.8534867 
1.036277 0.9095878 
0.9930764 0.845895 
1.021516 0.8338349 
0.9959392 0.8452628 
1.000978 0.7568083 
0.9813366 0.8484521 
1.143374 0.8647508 
0.9966994 0.8725809 
1.03339 0.9208011 
1.037447 0.9106339 
1.003649 0.7919951 
1.042391 0.7858598 
1.155774 1.07047 
1.041389 0.8132607 
1.026837 0.8677184 
1.002877 0.6717149 
1.032492 0.777763 
1.119024 0.9311859 
1.095469 0.8348224 
1.024378 0.8485812 
1.027278 0.899139 
0.9787072 0.9217154 
1.093259 1.010392 
1.070886 0.8976519 
0.9570474 0.8723292 
0.9935684 0.87085 
1.036425 0.9387833 
0.9773985 0.8666431 
1.015777 0.8399138 
1.02972 0.7510477 
0.9918185 0.8699873 
1.047149 1.022684 
1.088044 0.9500414 
1.063152 0.8416973 
1.029938 0.8718114 
1.031918 0.8585397 
0.9842598 0.7970051 
1.089881 0.7803577 
1.014516 0.8130141 
1.043457 0.7810671 
1.00289 0.7247253 
0.9956293 0.9146607 
0.9876485 0.8084841 
1.184524 0.9146358 
1.147775 1.00107 
1.076563 0.9121958 
0.9954195 0.7185227 
1.003184 0.7367419 
1.022146 0.7923555 
1.011481 0.7687745 
1.076667 0.8825444 
0.9780566 0.8606461 
1.105332 0.8986608 
1.057586 0.8303989 
1.120905 0.9362439 
0.9503258 0.9124889 
1.008739 0.7533266 
1.050711 0.9395273 
1.20706 0.9252473 
1.0496 0.7953436 
1.070647 0.8296641 
0.9685552 0.9444004 
1.021101 0.7737195 
1.039137 0.8731676 
1.036433 0.8908715 
1.053163 0.9010342 
1.015732 0.843842 
1.022249 0.847305 
1.011008 0.794803 
1.066515 0.7507791 
1.004382 0.7608748 
1.139732 0.8072094 
1.043188 1.084827 
1.247377 1.155113 
1.015348 0.8103344 
1.033378 0.8446105 
1.032164 0.8022895 
0.9315933 0.9659929 
0.9890221 0.8333931 
0.9968189 0.8418317 
1.049925 0.8102603 
1.059503 0.9581167 
0.9987454 0.8253046 
1.124872 0.9393952 
1.098245 0.8440878 
0.9421976 1.044673 
1.01826 1.000856 
1.015714 0.8224958 
0.9990277 0.8075782 
0.9883649 0.8093205 
1.129382 0.9769655 
0.9591226 0.9721778 
1.004057 0.9098415 
1.063741 1.004393 
1.013907 0.8842092 
1.029015 0.8527361 
1.025516 0.7984724 
1.000195 0.7684506 
1.035858 0.760934 
1.005901 0.7936504 
1.062276 0.8606185 
1.015728 0.8100152 
0.9339993 0.7540357 
1.096854 0.900251 
1.016926 1.080133 
0.9873706 0.9699398 
1.007513 1.10778 
1.058377 0.8339459 
1.048449 0.7773524 
0.9920008 0.8566473 
1.086766 0.9534183 
1.020238 0.802876 
1.142802 1.13287 
1.015963 0.8338854 
1.08973 0.8805697 
1.014151 0.8593766 
1.006488 0.6911041 
0.9664625 0.7980397 
1.070115 0.8791436 
1.093665 0.7916283 
1.028608 0.814356 
1.033034 0.7492023 
1.003094 0.7876787 
0.9652694 0.8721814 
1.073252 0.8452889 
1.007088 0.860195 
1.124768 0.8621697 
0.9980168 0.8827214 
1.021266 0.9163546 
1.05308 0.7914862 
1.053432 0.7292489 
1.013065 0.8883115 
0.9912451 0.8138558 
0.9982375 0.8021075 
1.086297 0.7896955 
1.098261 0.9831437 
1.059683 0.8689284 
1.015529 0.8654191 
0.988393 0.9494403 
1.001319 0.9006567 
1.042298 0.8251817 
1.191325 0.9207336 
1.023695 0.8403855 
1.024364 0.817793 
0.9968605 0.8689933 
0.9715602 0.9104691 
0.9745848 0.8355386 
1.082582 0.8278414 
1.078681 1.040216 
0.9975679 0.8142085 
1.020462 0.8603283 
1.025463 0.9138651 
0.9972625 0.8960427 
1.000447 0.8554873 
1.007477 0.764488 
0.9804712 0.8661225 
1.014153 0.7940715 
1.023405 0.8277856 
0.9683312 0.9152037 
1.091124 0.9388324 
1.060109 0.8563225 
1.005822 0.7211893 
1.139134 0.8588882 
1.026317 0.9253309 
1.055947 0.880365 
1.045252 0.940232 
1.05677 0.9927749 
1.048772 0.8109454 
1.109073 0.8928333 
1.019596 0.8491284 
1.169812 0.8409818 
0.974213 0.8475361 
0.9803878 0.9297607 
1.051328 0.8146562 
1.085656 1.055142 
0.9662545 0.8515936 
1.02791 0.9631456 
1.032996 0.8171888 
1.096776 0.8354149 
1.163709 0.8714449 
1.013858 1.096972 
0.9750813 1.041041 
1.152678 0.9431478 
1.004361 0.8216043 
0.9917141 0.9590515 
1.054956 0.969975 
1.026551 0.8307874 
1.076788 0.8406976 
0.9819436 1.196311 
1.01909 0.8619908 
1.029687 0.7949248 
1.007474 0.8388554 
1.13544 0.908525 
1.019775 0.8128266 
0.99665 0.8605144 
1.068986 0.7443103 
0.9991324 0.8316775 
1.030098 0.7980137 
1.033481 0.8579439 
1.050134 0.9176267 
1.101369 1.092774 
1.087305 0.8837882 
1.033804 0.8553274 
1.018377 0.9278743 
0.9806633 0.9182051 
1.032195 0.8564223 
1.047218 0.8858153 
1.013342 0.7668979 
1.034715 0.8277614 
1.076254 0.8290414 
1.044178 0.8831091 
1.072443 0.9619434 
1.204087 0.9247176 
1.04931 0.8942742 
1.049228 0.9070452 
1.046398 0.8909711 
1.019748 0.8234314 
1.095023 0.9497699 
1.039293 0.9474297 
0.9976803 1.022226 
1.024434 1.080712 
1.03228 1.027113 
1.066081 0.8549799 
1.05316 0.9430117 
1.018677 0.9459236 
1.064168 0.7875349 
1.182533 1.191926 
1.013966 0.7856287 
1.065918 1.010335 
1.090602 0.806449 
1.091541 0.898099 
1.071399 0.9457615 
1.048118 0.8672514 
1.018568 0.8240932 
1.032765 0.8031054 
0.9599296 0.9116225 
0.9702013 0.8447673 
1.026736 0.7864089 
0.9636258 0.739203 
1.027507 0.8301558 
1.031783 0.7588774 
0.994858 0.7713027 
1.040076 0.8765785 
1.065371 0.8345869 
0.9653958 0.9442123 
1.001386 0.9558264 
1.025896 0.7992623 
1.063339 0.836277 
0.9825738 0.8828229 
0.9753304 0.8027895 
0.9395576 0.9372546 
1.058641 0.8441271 
1.072894 0.8920835 
1.121483 0.7136318 
1.07469 0.9016672 
0.992573 0.7904147 
1.011612 0.8290848 
0.9788009 0.8241044 
1.072955 0.7958505 
0.9586886 0.9472834 
1.024413 0.8097977 
1.047706 0.7966429 
1.054936 0.7890434 
1.118619 0.7510963 
1.07881 0.9164706 
1.036278 0.9894888 
1.024126 0.9934292 
0.9748875 1.056448 
1.078582 0.8925997 
0.9814619 0.9931945 
1.019872 0.9592472 
1.014311 0.8750813 
1.062186 0.8849895 
1.08311 0.8987801 
1.071832 0.9441924 
1.035889 0.9044884 
1.002516 0.862446 
1.005251 0.8475176 
0.9998751 0.8191346 
1.006396 0.8161083 
1.061601 0.9714337 
0.9807628 0.9944722 
1.047776 0.7560438 
1.031717 0.9151198 
1.014941 0.8258709 
1.062678 1.184005 
0.9950336 0.9160183 
1.048308 0.7931245 
1.020861 0.8604038 
1.000678 0.8226113 
1.054177 0.7948287 
1.037531 0.8203854 
1.084132 0.8484658 
1.001227 0.9193218 
0.9951504 0.7959954 
1.154191 0.8912906 
0.9951575 0.8317987 
1.059335 0.8561067 
1.156527 0.8539869 
1.048316 0.8859998 
1.015841 0.8154158 
1.082873 0.9060078 
1.005724 0.8174738 
1.010045 0.8479066 
1.016415 0.8782882 
1.035115 0.8952706 
0.9918951 0.8974927 
0.996576 0.8427293 
1.195011 0.960372 
1.011319 0.8721653 
1.005647 0.7972411 
1.030044 0.9041337 
1.028319 0.9260224 
0.9824075 0.9186255 
1.028432 0.9014896 
1.017931 0.7648419 
1.037863 0.8503239 
0.9564403 0.8666919 
1.034283 0.9726393 
0.968993 0.9474263 
1.027683 0.9442997 
1.019384 0.8921299 
1.042242 0.9030013 
1.01968 0.7770861 
0.9786335 0.9328641 
1.042088 0.865994 
0.9920889 0.7661787 
1.054409 0.948086 
1.09361 0.8534034 
1.003788 0.9259254 
0.9999339 0.8235045 
1.012687 0.6865825 
1.028622 1.041534 
1.014519 0.9222296 
0.9771772 0.6846298 
1.041431 0.8108444 
0.994771 0.9444219 
1.022132 0.8424512 
1.079564 0.832993 
0.9670481 0.8682605 
0.9719059 0.8461021 
0.982418 0.9679439 
1.110288 1.007191 
1.009128 0.8954719 
1.026531 0.8945351 
1.231379 0.7805512 
0.9993979 0.8381374 
1.004042 0.8516301 
1.092721 0.8494526 
1.040217 0.8599067 
1.030018 0.8640323 
1.084849 0.9633445 
1.057248 0.9061249 
1.025253 0.8213832 
1.028799 0.8756245 
1.002569 0.8103986 
1.044517 0.7796642 
0.9990768 0.8856178 
0.9841958 0.8440034 
0.9918073 0.8431123 
1.043874 0.8664291 
1.027926 0.8388607 
1.015588 0.8129838 
1.00211 0.818967 
0.9976853 1.019921 
1.216299 0.9660296 
1.055695 0.8869083 
1.05539 0.7197675 
1.039147 0.8478535 
1.090455 0.8762724 
1.057771 0.9456771 
1.081193 1.005451 
0.9591007 0.914284 
1.097556 0.9310708 
1.040216 0.7868788 
1.090766 0.9343305 
1.092674 0.942172 
1.062602 1.061393 
0.9954643 0.8641634 
1.050944 0.9208403 
0.9723014 0.9080559 
1.120299 0.994698 
1.022367 0.8221626 
0.9836293 0.8325088 
1.122322 1.302252 
0.98857 0.8085239 
1.08664 1.051246 
1.054117 0.9412483 
1.053965 0.93431 
0.9667302 0.9153249 
1.057849 0.7884131 
0.9957176 0.8602942 
1.108165 0.8437739 
1.176117 0.7932014 
1.044944 0.92772 
0.9675241 0.9166437 
1.007269 0.8577978 
1.046712 0.7394484 
1.05848 0.7971515 
1.047542 0.8875895 
1.144225 1.00288 
0.9975548 0.9228749 
1.091099 0.9814328 
1.050086 0.6967539 
1.039713 0.91512 
0.984773 0.9750443 
1.093897 0.8547711 
1.106513 0.9279454 
1.110254 0.8053383 
1.027799 0.7439814 
0.9399885 0.8331524 
1.000165 0.9728078 
0.935496 0.9818145 
1.117694 0.8512434 
1.031897 0.919882 
1.051675 0.8976416 
1.05728 0.8937928 
1.156516 1.065716 
1.039034 0.7411856 
1.010824 0.8814297 
1.053318 0.9228748 
1.005937 0.700261 
0.9862847 0.8058593 
1.039621 0.8274989 
1.140445 0.9349065 
1.012483 0.9185019 
1.098444 0.9961128 
1.133067 1.022243 
0.9977606 0.9353062 
1.006218 0.8917015 
1.040412 0.7836288 
1.09979 0.8924678 
0.9822842 0.995503 
1.021996 0.8193981 
1.053854 0.7502203 
0.9578236 0.9384207 
1.001746 0.7070716 
1.009478 0.8214612 
1.057189 0.8890389 
1.026896 1.081026 
0.9969363 0.9615039 
1.032031 0.8976823 
1.079713 0.8017201 
1.042269 0.8670876 
0.9893133 0.9008262 
0.9302009 0.8313405 
1.033325 0.856425 
1.126027 0.7907245 
1.039551 0.8402358 
1.004647 0.8769071 
1.049882 0.8558602 
0.9922301 0.9449559 
1.182064 0.7602832 
1.071225 1.00427 
1.038534 0.8702861 
1.119588 0.8856051 
1.06114 0.855704 
0.9972703 0.7949247 
0.9750744 0.8415412 
0.9976272 0.8495787 
0.9737151 0.892988 
1.025 0.7776217 
1.0007 0.8700052 
1.0131 0.7816509 
1.010786 0.7287161 
0.994351 0.8182371 
1.031531 0.8218624 
1.00203 0.923121 
0.9760653 0.8594336 
1.049148 1.055082 
1.08459 1.014263 
0.997432 0.8950199 
1.097943 0.8106905 
1.059379 0.9661281 
0.9745078 0.9579863 
1.048647 0.9347736 
1.090324 0.8963837 
1.103419 0.9199831 
0.9994684 0.7968865 
1.035116 0.6867758 
1.018458 0.8534446 
1.058491 0.8558979 
1.023613 0.8246958 
1.045533 1.101383 
0.9624225 0.9197636 
1.009444 0.7123784 
0.9993345 0.7736085 
1.020773 0.801846 
1.0225 0.8477954 
1.041807 0.7741998 
1.022745 0.9852308 
1.026533 0.9353578 
1.039931 0.7766637 
0.934911 0.9368277 
1.156391 0.8551824 
1.021904 0.9834683 
1.002691 1.000253 
1.008162 0.7531064 
1.012414 0.8391933 
1.022193 0.8819997 
0.9957256 0.8836482 
0.959771 0.8407533 
1.046424 0.8404965 
1.07898 0.8944622 
1.231349 0.8565324 
1.008642 0.9341977 
0.9956359 0.8494095 
1.11675 0.944925 
0.9985767 0.7958934 
1.015301 0.7347903 
1.02082 0.8175832 
1.156338 0.9432885 
1.04087 0.8301081 
1.029817 0.9156601 
1.043978 0.8010432 
1.052347 0.761288 
0.9987737 0.7861759 
1.056343 0.8621529 
1.068026 0.9045584 
1.010408 0.8666851 
0.9952591 0.809134 
1.023492 0.9708387 
1.128389 0.8126194 
1.093391 1.107212 
1.014077 0.7407825 
1.005972 0.7543513 
0.9862093 0.9508475 
0.9782097 0.8394324 
0.9679275 0.8543463 
1.143651 0.969354 
1.006516 0.8481599 
1.01494 0.8605737 
1.024696 0.9934992 
1.008222 0.7769481 
1.120813 1.039711 
1.08935 0.9631525 
0.992311 0.8636015 
1.118247 0.8028958 
0.9815072 0.951544 
1.125081 0.7711157 
1.039542 0.8664268 
0.9956955 0.834785 
0.9914786 0.9805035 
1.046771 0.8361862 
1.106216 0.8607853 
1.049026 0.898355 
1.037955 0.8971558 
1.028264 0.9638652 
1.038883 0.812396 
0.9871184 0.8532712 
1.010819 0.7515008 
0.9858396 0.9221886 
1.086021 0.7915909 
1.06587 0.9045853 
1.054508 0.8754544 
1.009641 0.800672 
1.026712 0.9152323 
1.039087 0.8929576 
1.052084 0.8244139 
1.171626 0.7575559 
0.9702331 1.020828 
0.9931654 0.8318782 
1.00253 0.8381269 
0.9967134 0.9480933 
1.016249 0.8827771 
1.039801 0.8837273 
1.144936 0.9794144 
1.13901 0.8533842 
1.040588 0.9756812 
0.9860206 0.7703963 
1.013331 0.9367776 
1.049852 0.9765721 
1.019489 0.9151344 
1.004901 0.822573 
1.022484 0.8871498 
1.028846 0.9476547 
1.006216 0.8959601 
0.9979348 0.8137351 
1.019412 0.8673738 
0.9937597 0.7529153 
0.9990888 0.8260444 
0.9664297 0.8547944 
0.9772453 0.7229377 
1.024927 0.8350537 
0.9806992 0.8663708 
0.9939738 0.8734785 
1.013649 0.7511744 
1.084809 0.7846969 
1.128662 0.8508477 
1.08281 0.9055369 
1.026023 0.8166226 
1.118549 1.058096 
1.094428 0.838713 
1.003688 0.7888544 
1.009791 0.8813289 
0.9995243 0.8225158 
1.066551 0.8532845 
1.030993 0.9026073 
1.04503 0.8594941 
1.002647 0.8656864 
1.092415 0.8648789 
0.9818085 1.051713 
1.02196 0.8680078 
0.9994928 0.7909104 
1.124908 0.9477482 
1.015196 0.8521564 
0.9785844 0.8445495 
0.9973962 0.8332472 
1.16613 0.886801 
1.054948 0.9781828 
1.150614 0.8099936 
1.118949 0.7785245 
1.004938 0.8324432 
0.9965107 0.8202296 
1.026745 0.8432154 
1.09911 0.8191507 
1.114915 0.796716 
0.9689961 0.8545758 
1.039021 0.9663811 
1.061361 1.064017 
1.157619 1.218464 
0.9936054 0.8498351 
1.063794 0.9030615 
1.004867 0.7973875 
1.014223 0.8907129 
1.011609 0.7805094 
0.9982388 0.8820186 
1.002408 0.7758233 
1.015612 0.8407235 
1.066726 1.005833 
1.048514 0.8855393 
1.025913 0.9301654 
0.9921167 0.860514 
1.04478 1.040893 
1.032856 0.8316458 
1.009062 0.8398437 
1.005412 0.8144838 
1.020972 0.7812203 
1.009421 0.8632084 
1.066177 0.7733951 
1.020899 0.7452064 
0.9961924 0.8999783 
1.11899 0.990334 
0.9870799 0.8104311 
1.051681 0.9238333 
1.019481 0.7965968 
0.9974012 0.7931345 
1.009631 0.856003 
1.020641 0.9099578 
1.075943 0.9356481 
1.052133 0.8747192 
1.023011 0.7883912 
0.9824697 0.8784893 
1.132078 0.9657281 
1.110949 0.9995404 
1.157664 0.813475 
1.105901 0.8427703 
1.024084 0.9899682 
1.052701 0.9457483 
1.036542 0.7526673 
0.9979854 0.9456876 
1.002974 0.8979206 
1.061232 0.8048309 
0.9927331 0.9266394 
1.130927 0.8391404 
1.09027 0.9074525 
1.008461 0.845144 
1.01124 0.8078627 
1.108366 0.9847224 
1.012687 0.736148 
1.01926 0.7244077 
1.030622 0.8435658 
0.9607179 0.9008162 
1.015449 0.879087 
1.015165 0.8260665 
1.136551 0.7896622 
1.239873 0.976082 
0.9847604 0.7577414 
0.9711628 0.844502 
0.9962142 0.7260432 
1.072786 0.9271027 
1.042366 0.77763 
1.208869 0.8364648 
0.9836544 0.8867117 
1.047435 0.8999501 
1.046755 0.9284721 
1.022925 0.9047833 
1.013342 0.8443029 
0.9681704 0.8981488 
1.004077 0.8815893 
1.036884 0.8084955 
1.051448 0.8486279 
0.9491639 0.9618282 
0.9879808 0.7700537 
1.011504 0.8715714 
0.9636678 0.8440344 
1.082001 0.8199589 
1.015771 0.7302818 
1.020002 0.8892567 
1.002783 0.7435556 
1.087021 0.9946504 
0.9780784 0.8538953 
1.14578 0.9398582 
1.104019 1.005844 
1.037573 0.7619567 
0.9534013 0.8302957 
1.23355 0.9696107 
1.047802 0.9446266 
1.007983 0.7892429 
1.004751 0.9020203 
1.012076 0.8249971 
1.041935 0.8149494 
0.962819 0.8283816 
1.025499 0.8404155 
1.02438 0.8532902 
1.061866 0.8692394 
1.030567 0.9500728 
0.9644 0.8148255 
1.029171 0.7809977 
1.010077 0.8454176 
1.009086 0.881269 
1.051802 0.8581474 
1.016331 0.7660355 
0.984374 0.7949539 
0.9463086 0.8231921 
0.977792 0.9415732 
1.0963 0.9001063 
0.986649 0.8397575 
1.162917 0.8195101 
1.055193 0.9159881 
1.010963 0.8381967 
0.9887759 0.8635596 
1.008512 0.7726545 
1.042452 0.8957115 
1.033316 0.8221885 
1.035003 0.8157343 
1.086389 0.9454175 
1.08891 0.9898786 
1.023016 0.7840108 
1.048937 0.8846008 
1.231647 0.9415992 
1.081528 0.9476677 
1.034883 0.9649591 
1.086479 0.86712 
0.9987585 0.8064272 
1.098919 0.9025992 
0.9768175 0.9513142 
1.053379 1.01336 
0.9941839 0.8791921 
0.9894458 0.8937827 
1.051962 0.8366357 
1.055723 0.9010344 
1.032375 0.8899305 
1.079621 1.115374 
1.0343 0.8897961 
1.002385 0.8444218 
1.026625 0.8213285 
0.9557707 1.008593 
0.9811134 0.8577361 
1.075818 0.8063542 
1.032631 0.8997374 
1.032644 0.8888 
1.031387 0.8142421 
1.050478 0.9350322 
0.994214 0.9169605 
1.061724 0.9997483 
1.045304 0.8544523 
1.202962 0.8576118 
1.056621 0.8795692 
1.04011 0.7778846 
1.00296 0.9064262 
1.013695 0.8997083 
1.016303 0.8191331 
1.04307 0.8348783 
0.991643 0.8500054 
1.058423 0.9193521 
1.145165 1.032135 
1.024496 0.712789 
1.044181 0.9376969 
1.109261 0.9275296 
1.078633 0.9976502 
1.045246 0.8877783 
1.015786 0.8828148 
1.021523 0.7662062 
1.114438 0.9259764 
1.000719 0.9066135 
1.000993 0.7933956 
0.9398383 0.958988 
1.003825 0.9005253 
1.034652 0.8545358 
1.042776 0.8866311 
1.061538 0.8848969 
1.030972 0.7861431 
0.9826622 0.9533123 
1.016519 0.9426254 
1.043572 0.7529493 
1.019427 0.8477456 
1.250458 0.8962061 
0.9910453 1.069355 
1.115941 0.8293989 
1.012153 0.9561267 
1.011682 0.8127396 
1.054965 0.8332211 
1.007502 0.7868991 
0.9945321 0.8106284 
1.054171 0.838693 
1.014612 0.9979004 
0.9986002 1.002109 
1.033807 0.8687777 
1.05499 0.887971 
1.029901 0.7509155 
0.9702989 0.9047935 
1.084086 0.7929801 
1.07733 0.9125279 
1.105966 1.0158 
1.238858 0.9516685 
1.174949 0.8553781 
0.9939775 0.9267026 
1.029794 0.7883908 
1.167898 0.811597 
1.013724 0.8062666 
1.048284 0.8621064 
0.9570087 0.9200637 
1.057142 0.8175357 
1.141127 0.9115889 
1.054683 0.8826641 
1.071925 0.7413275 
1.035597 0.8803286 
0.9500713 0.9040433 
0.9998251 0.8036445 
0.9973581 0.8965997 
1.073876 0.800181 
1.090097 1.058623 
1.022702 0.7685577 
1.114932 0.9570623 
1.038625 0.9113652 
1.011919 0.7506131 
0.9525919 0.8265967 
1.00882 0.9831912 
1.014628 0.8598871 
1.026762 0.9585709 
1.134524 0.8162856 
1.019665 0.8696453 
1.190302 0.994352 
1.072442 0.8269655 
1.072419 0.7999214 
1.052016 0.9090052 
1.00756 0.7304008 
1.021972 0.8088163 
1.019094 0.8025045 
1.057199 0.8505167 
1.103474 0.9526421 
1.010355 0.8009949 
0.9995273 0.8433448 
1.049963 0.8866239 
1.083349 0.9169848 
1.088346 0.9221304 
1.129593 0.9519798 
1.132521 0.7668539 
1.070016 0.8872274 
1.049384 0.8716039 
1.000531 0.9709337 
1.10462 1.019113 
1.041721 0.9177562 
1.031958 0.8251405 
1.03595 0.782454 
1.032355 0.7525537 
1.148597 0.8416861 
0.9992776 0.7652347 
1.017681 0.7107066 
1.038156 0.8250394 
1.005952 0.7575792 
1.035084 0.8588326 
1.029139 0.8445536 
1.040193 0.8915599 
1.091046 0.7624443 
1.079727 0.9157932 
1.012473 0.8296581 
1.121396 0.8655769 
0.9620451 0.8194634 
1.079536 1.045398 
0.9628652 1.021828 
1.062089 0.8134754 
1.075985 0.7786775 
0.9959243 0.8209284 
1.018978 0.9194086 
1.01396 0.8719102 
0.9956087 0.8250385 
0.9931466 0.8771356 
1.082879 0.7871154 
1.041383 0.8243387 
1.038525 1.429434 
0.9911468 0.819913 
1.071436 0.9205978 
1.021866 1.012976 
1.041247 0.7089418 
1.007354 0.8458875 
1.007129 0.8006866 
1.038234 0.8469691 
1.011275 0.7194974 
1.039817 0.7629363 
1.007278 1.022094 
1.042136 0.8141517 
1.048096 0.915744 
1.031951 0.8564391 
1.104697 0.8416161 
1.068196 0.9325011 
1.08657 0.8353901 
1.167217 0.8281694 
1.011017 0.8358271 
1.010598 0.7981462 
1.02895 0.7145053 
1.041062 0.8386605 
1.016912 0.8573935 
1.009464 0.9017767 
0.9801688 0.8529205 
1.064722 0.9806626 
1.150024 0.8998004 
1.104517 1.066166 
0.9840389 0.8839135 
1.025212 0.7235836 
1.017462 0.7825386 
0.988923 0.8050073 
0.9920627 0.8150193 
1.020676 0.7687804 
1.043207 0.8089179 
0.981893 1.002659 
0.978563 0.8029747 
1.025644 0.8048488 
1.195151 0.9713954 
1.078229 1.018287 
1.01198 0.8946594 
1.027589 0.7491769 
0.997456 0.8455357 
1.017174 0.7155448 
1.013003 0.8679946 
1.116054 1.041167 
1.014007 0.7540804 
0.9964403 0.8860321 
1.006491 0.8828025 
1.034889 0.8104008 
1.005883 0.8857188 
1.088542 0.8485949 
1.028339 0.8663328 
1.037291 0.7957278 
0.9826433 0.7866114 
1.016719 0.8208344 
1.03645 0.823091 
1.068297 0.8599408 
1.037494 0.7229927 
1.015153 0.843788 
1.095433 0.7943628 
1.011659 0.865839 
1.041982 0.8387752 
1.027057 0.8147778 
1.005702 0.7602367 
1.010767 0.7673496 
1.093138 1.014332 
1.071319 0.8882423 
0.9799799 0.8851106 
1.04949 0.8802161 
1.114928 0.9685233 
1.080994 0.9225529 
0.9498816 0.8881633 
1.046918 0.8250862 
1.031151 0.7361213 
1.052095 0.9779711 
1.015578 0.8003542 
1.044354 0.8779317 
0.9800255 0.8676905 
0.9962037 0.8631329 
0.9717223 0.9737863 
1.220442 1.014115 
1.014174 0.8071239 
1.071106 0.7810732 
0.9791469 0.8046188 
0.9988117 0.8478946 
1.022398 0.8682801 
1.181725 1.001184 
1.025504 0.7392918 
1.029237 0.879519 
1.092728 0.8745217 
0.9697627 0.8553465 
1.005379 0.8608381 
1.096413 0.8508673 
1.040578 0.9108914 
1.022434 0.7924741 
1.017541 0.958621 
1.056983 0.8692674 
1.031545 0.8474818 
0.99095 0.8884217 
1.028514 0.839778 
1.041978 0.8891198 
1.000801 0.8523701 
0.9959323 0.8404558 
0.9969425 0.7660851 
1.004477 0.7790055 
1.161492 1.062076 
1.000018 0.9354219 
1.032 0.87478 
0.9803113 0.8528373 
1.093445 0.9180665 
0.9858122 1.081063 
1.100256 1.140065 
1.294764 0.7611153 
1.022541 0.8485658 
1.008553 0.9357779 
0.9767379 0.9276307 
1.082889 0.8420387 
1.182585 0.9714252 
1.003059 0.8598977 
1.04318 0.7844258 
0.9784583 0.7819969 
1.07779 0.8617973 
1.044213 0.8664001 
1.094152 0.8513423 
1.025286 0.8121021 
1.019808 0.8006042 
1.103333 1.133627 
1.029284 0.8687696 
0.9834156 0.9050435 
1.014948 0.8658177 
1.074892 0.7858934 
1.035571 0.8250773 
1.140132 1.012904 
1.010552 0.8050399 
0.9891653 0.7359853 
1.018011 0.9275352 
1.081999 0.9925455 
1.13509 1.183367 
1.073892 0.9117665 
1.003369 0.9990997 
1.037113 0.9335888 
1.046851 0.7793287 
1.027175 0.8430887 
1.048102 0.8257805 
1.052878 0.8983888 
1.007255 0.851729 
0.976178 0.824971 
1.026211 0.8060008 
0.9942174 0.8925925 
1.113235 0.7757722 
0.9911028 0.8486266 
1.095284 0.8628385 
1.107319 0.8411036 
1.081099 0.8230755 
1.005452 0.8078306 
0.9938377 0.7870102 
1.019117 0.8262912 
1.222327 1.133874 
1.005441 0.8845931 
1.026307 0.743486 
1.005139 0.923758 
1.068367 1.095858 
1.034127 1.059986 
1.002887 0.7866849 
1.003864 0.821806 
1.08852 0.8601712 
0.9809561 0.913094 
0.9789477 0.8309849 
1.028117 0.8625073 
1.03112 0.7808966 
0.9807314 0.8538651 
0.9908433 0.7798569 
1.003495 0.8067934 
1.07028 1.008972 
1.008474 0.920894 
1.094156 0.9053004 
1.068234 0.9299055 
1.209261 1.048718 
1.066533 1.129944 
1.0131 0.7917663 
1.010132 0.7589263 
0.9896799 0.7466303 
1.08067 0.9393572 
0.9763846 0.8915627 
1.007785 0.7870945 
1.005114 0.7193808 
1.031015 0.8832919 
1.013414 0.849256 
1.213877 0.914226 
1.074537 0.8005405 
0.9467466 0.8402556 
0.9862871 0.9007722 
1.002326 0.8328676 
1.028708 0.8597962 
1.039116 0.977182 
1.164341 0.8190889 
0.9739754 0.8758254 
1.054477 0.8880899 
1.088053 1.089905 
1.031396 0.9219484 
1.011332 0.8834453 
1.051245 0.9205493 
1.024958 0.797636 
0.9999148 0.8769279 
1.032835 0.8487671 
1.09414 0.8516274 
1.070829 0.9337388 
1.046511 0.9208224 
1.009219 0.840207 
1.032224 0.7874458 
1.00451 0.8267009 
1.015674 0.8014778 
1.015039 0.8607792 
1.006359 0.7943164 
1.057907 0.8000621 
1.235581 0.9744363 
1.059675 0.8217459 
1.063374 0.8115938 
1.01766 0.7197014 
0.9785217 0.8434281 
1.080592 0.8014588 
1.004149 0.9088144 
0.9280024 0.9702241 
0.9734257 0.9002852 
1.033079 1.00459 
1.157459 0.9548309 
1.209659 0.8028508 
0.9719634 0.9785074 
1.063621 0.8814654 
0.9995108 0.818217 
1.015061 0.9448989 
1.142086 0.840725 
1.018135 0.8639448 
1.082927 0.8524766 
0.9933037 0.9972235 
1.052068 0.8988427 
1.006336 0.8296612 
0.9891025 0.7960397 
1.039764 0.9749136 
1.048342 0.9266262 
1.04587 0.9771832 
1.015873 0.9004225 
0.9776296 0.8658888 
1.012494 0.8407314 
1.060484 0.8956021 
1.041122 0.8620923 
1.035283 0.7550437 
1.164242 0.8642316 
1.094188 0.9555641 
1.000231 0.8247059 
1.03337 0.9248927 
1.021489 0.8833389 
0.9869309 0.8106146 
1.027492 0.8727198 
0.9615048 0.7773065 
0.9780144 0.8651235 
1.00707 0.8023239 
1.006116 1.151037 
1.01998 0.7412649 
1.068257 0.7785883 
1.114659 0.8232698 
1.009845 0.8383925 
1.237962 1.032641 
1.037043 0.981529 
1.0852 0.9474644 
0.9938971 0.8845988 
1.042312 0.9409908 
1.087814 0.8780504 
1.138093 0.9919067 
1.198521 1.001639 
1.007874 0.8100233 
0.9390971 0.836271 
1.052765 0.8758517 
1.164234 0.9176836 
1.019322 0.9059319 
1.026924 0.8927284 
1.088617 0.9732822 
1.092332 0.97667 
1.108796 0.8502071 
1.057222 0.913102 
1.002291 0.7910377 
1.012566 0.7785037 
1.010119 0.9339125 
0.9795674 0.8711718 
1.018959 0.7894907 
1.020568 0.8593352 
1.114768 0.891583 
1.023971 0.8338974 
1.030843 0.8486078 
1.050501 0.8084739 
0.9899725 0.8457589 
1.118417 0.8309632 
1.054588 0.7491839 
1.069455 1.232848 
1.025465 0.9554236 
1.007961 0.787335 
1.046243 1.086031 
1.192537 1.001099 
1.158169 0.9461972 
1.081754 1.042558 
1.025249 0.7662902 
1.034402 0.9188506 
1.078238 0.9200495 
1.034486 0.8564327 
1.095936 0.8505041 
1.04707 0.856101 
1.094816 0.9849672 
1.032621 0.7986453 
1.013198 0.7433962 
1.11164 0.8652005 
1.12805 0.8973248 
1.200351 0.8613249 
1.038925 0.8953443 
1.097594 0.7319594 
1.00514 0.7816252 
1.026934 0.8413381 
1.034007 0.771892 
1.120839 0.8888037 
1.129672 0.8135672 
1.116211 0.8408892 
0.9724246 0.7753444 
1.016736 0.8744308 
0.9895772 0.791084 
1.025016 0.8163469 
1.10722 0.9650114 
1.03326 0.9191063 
1.07706 0.8751543 
1.078139 0.9900168 
1.011038 0.7658455 
1.01564 0.8687226 
0.9992146 0.9909157 
0.986753 0.7440112 
1.021634 0.857977 
0.9567724 0.8174746 
1.051062 0.9668004 
1.038074 0.8308705 
1.0509 0.7471734 
0.9724207 0.9445918 
1.057297 1.01749 
1.140257 0.8926197 
1.010276 0.8573959 
1.010248 0.7706398 
1.019639 0.8273017 
1.061943 0.8119619 
0.986113 0.8934699 
1.081915 0.8929528 
1.08085 1.04896 
1.057484 0.841116 
1.013641 0.8466467 
1.096101 0.7476772 
1.23748 0.8438424 
1.160974 0.9185101 
1.063721 0.9459558 
1.123981 1.079108 
1.012012 0.7494696 
1.038289 0.8853978 
1.104892 0.7270346 
1.096171 0.9203327 
1.004819 0.7798587 
1.008135 0.8023869 
0.9862208 0.9020168 
1.08481 1.007413 
1.075578 0.9869505 
1.011909 0.9125785 
1.015374 0.7759199 
1.061743 0.86034 
1.118434 0.8701603 
1.084046 0.7700388 
1.039643 0.8734651 
0.9916716 0.881724 
1.092015 0.866523 
1.030168 0.8735103 
0.9910686 0.912922 
1.033953 0.9708437 
1.151191 0.950775 
1.043596 0.8864845 
1.014122 0.77531 
1.034111 0.7659679 
1.056791 0.7502318 
1.02955 0.8150108 
1.043137 0.9322843 
1.007614 0.7901769 
1.16484 1.087503 
1.139034 0.9791275 
1.049376 0.8593385 
1.179416 0.9864309 
1.088471 1.013796 
1.060939 0.6944657 
1.062564 0.9267716 
0.9670391 0.9907675 
1.017599 0.8973312 
1.006011 0.7991815 
1.032129 0.8162928 
0.9971224 0.8193907 
0.9781456 0.8488573 
1.02212 0.7153595 
1.042138 0.8319901 
1.051266 0.8947668 
1.093582 0.8163668 
1.01615 0.8674673 
1.058402 0.7347073 
0.9581508 0.9424546 
1.036062 0.8690079 
1.134688 1.169252 
1.016071 0.8422837 
1.018526 0.8339662 
0.9734908 0.9745574 
1.130868 1.00341 
1.074773 0.8547757 
1.030882 0.9655883 
0.9981464 0.8250645 
0.9751252 0.9104843 
1.051093 0.7536885 
1.022019 0.8788849 
1.006615 0.8552312 
0.9866454 0.8572849 
1.015275 0.8032284 
1.040575 1.017182 
1.021354 1.110869 
1.02524 0.8988089 
1.11238 0.8341818 
1.018479 0.8594762 
0.9958492 0.8142453 
0.9876341 0.8068552 
1.021145 0.8183683 
1.038701 0.838175 
1.01061 0.8214063 
1.083048 0.8829052 
1.035617 0.7674087 
0.9942449 0.7876824 
1.039294 0.7579958 
0.9750956 0.8471564 
1.004015 0.8724169 
0.9780358 0.8420306 
0.9973961 0.811168 
1.009675 0.8110418 
0.9903908 0.9128362 
1.057588 0.9223893 
1.024366 0.8829906 
0.9969519 0.8090869 
1.00705 0.691672 
1.048555 0.9446273 
1.064249 0.9711644 
1.000074 1.012687 
1.107209 0.9665506 
1.026546 0.7766057 
1.070369 1.027271 
1.027744 0.8454294 
1.098392 0.9603205 
1.135505 0.8933673 
1.224803 0.9248361 
1.089708 0.9726177 
0.983386 0.8551659 
1.09658 0.9086942 
0.9887594 0.8602301 
0.9961551 0.8320643 
1.069509 0.8469335 
1.266342 0.9874407 
1.007352 0.8327984 
0.9787881 1.010586 
1.033717 0.8626519 
1.082613 0.8411877 
1.021845 0.8074241 
1.130925 0.8424943 
1.052264 0.9742919 
1.057114 0.8013146 
1.049294 0.8642079 
1.028897 0.8285798 
1.008231 0.7164845 
0.987842 0.8267877 
1.017979 0.7789661 
1.092218 0.9664679 
1.042901 0.9344981 
1.072287 0.7574927 
0.9916153 0.8134639 
1.013012 0.8286932 
1.057896 0.9622681 
1.006289 0.7367461 
1.010121 0.8580735 
0.9918796 0.8365936 
1.030044 0.8411408 
1.003365 0.7925914 
0.9948333 0.9139057 
1.05164 0.7537524 
1.033418 0.9011435 
1.055214 0.7474117 
1.009455 0.7955282 
0.9836184 0.9498667 
1.014367 0.8876582 
0.9965002 0.7765757 
1.030692 0.8612649 
1.015452 0.7439943 
1.037861 0.9251883 
0.9591936 0.7995311 
1.043351 0.7908738 
0.978395 0.8469227 
1.06473 0.8467081 
0.9992406 0.8840722 
1.121954 1.048299 
1.01241 0.7963021 
1.080042 0.8462339 
1.038128 0.8825407 
1.013299 0.8749815 
1.144522 0.947107 
1.098534 0.8977282 
1.01293 0.8395799 
1.008978 0.7441435 
1.006385 0.8744812 
1.028401 0.8952884 
1.056328 0.8903609 
1.076222 0.9672572 
1.049847 0.9474844 
1.01976 0.783694 
1.024741 0.8956589 
0.9424976 0.8705578 
1.026984 1.003368 
1.058344 0.7665846 
1.009604 0.8328471 
1.025248 0.7939597 
1.046228 0.818355 
1.018411 0.7896627 
1.118473 0.953534 
1.149549 0.9244833 
1.02329 0.8352264 
1.022424 0.8252164 
1.118375 0.9357045 
1.10011 0.7716583 
0.9950673 0.7691405 
1.041441 0.9068936 
1.096106 0.8623994 
1.069742 0.982882 
1.192153 1.105964 
1.046968 0.9134454 
1.11504 0.9416563 
1.07184 0.969662 
0.9983951 0.8645872 
1.02974 0.720222 
1.093629 0.8155643 
0.9802443 0.7434943 
1.018797 0.7236455 
1.049339 0.768781 
1.124562 0.8143744 
1.012003 0.8364199 
1.098523 0.8155786 
1.033027 0.8141553 
0.9953576 0.8461621 
1.021193 0.8164187 
1.04729 0.8238453 
1.026821 0.9883556 
0.9994657 0.8390634 
1.011392 0.936542 
1.041059 0.9123192 
1.125752 1.025403 
1.024554 0.9535242 
0.9788496 0.8805745 
1.021471 0.8454925 
1.028539 0.7919248 
1.036477 0.8075695 
1.00351 0.8613384 
1.027155 0.8367016 
1.030306 0.7869653 
1.040215 0.7915069 
1.01521 0.9624828 
1.170545 0.8246681 
1.141982 0.8606464 
1.082077 0.9044824 
0.954128 0.9308107 
0.997091 0.8959189 
0.9972538 0.8768109 
1.081884 0.7641759 
1.022301 0.8494693 
1.037608 0.8172317 
1.068433 0.8813093 
1.00932 0.738435 
1.071314 0.9566037 
1.098841 1.042691 
1.084772 0.9067434 
0.9617751 0.8929658 
0.9779739 0.88898 
1.027716 0.8097052 
1.083557 0.7368567 
1.066921 0.8242459 
1.030529 0.8461535 
0.9902672 0.9017955 
1.031023 0.8273364 
1.065686 0.9583627 
0.9833688 0.9151271 
1.03371 0.7794589 
1.102745 0.8479108 
1.121512 0.9667713 
1.155594 0.9774906 
1.060187 0.8151593 
1.105842 0.9743595 
1.084649 1.030927 
0.9779311 0.7872178 
1.078016 0.8406887 
1.061499 0.7690131 
0.9920191 0.8207716 
1.107761 0.9291035 
1.076097 0.8143809 
1.063537 0.7859633 
1.001415 1.106349 
1.032329 0.8973853 
1.021309 0.8078444 
1.042281 0.7442496 
0.9487073 0.8935968 
0.9738544 0.7795991 
1.141935 0.8424099 
1.073708 0.7802014 
0.9824295 0.8883604 
1.010974 0.7685556 
1.00587 0.730036 
1.045301 1.035645 
1.021802 0.7874743 
0.9958565 0.7627157 
0.9965967 0.8968835 
0.9911274 0.8790752 
0.9893627 0.8007454 
0.974938 0.8886837 
1.076505 0.8382675 
0.9799247 0.7623822 
1.005685 0.8241817 
1.161927 0.8979637 
0.9833541 0.7525041 
1.081023 0.7474659 
1.01704 0.8532838 
0.9714249 0.7361692 
1.003805 0.7239384 
0.9519353 0.8589091 
1.035784 0.8617868 
1.04943 0.7778443 
0.9808662 0.8589552 
1.066745 0.7816121 
1.030561 0.773309 
0.9327017 0.8262706 
1.007315 0.859413 
1.165276 0.8983899 
1.032491 0.8403519 
1.183464 0.9131296 
0.9997631 0.9571348 
1.000084 0.9272245 
1.070368 0.9143374 
1.027223 0.9075603 
0.9791966 0.9052357 
1.150949 0.9052221 
1.049815 1.014665 
1.014779 0.7224227 
1.080875 0.8190317 
1.043294 0.7850711 
1.022493 0.8094076 
1.079492 1.108952 
1.045412 0.7389306 
1.018906 0.8580881 
1.004146 0.7557954 
1.054841 0.8406532 
0.997725 0.8304261 
1.019541 0.7710285 
1.015772 0.9289885 
0.9513681 0.8870192 
1.04193 0.8015988 
1.03121 0.8242382 
0.9672913 0.9088114 
1.050087 0.8044419 
1.003646 0.9403762 
1.028799 1.009829 
1.026835 0.8533198 
1.097032 0.9197964 
1.031112 0.8111158 
1.049763 0.9689702 
1.179246 0.874912 
1.051593 0.8508781 
0.9953473 0.7062897 
1.021401 0.7833697 
1.009365 0.9558787 
1.093987 1.081735 
1.054385 0.9086368 
1.011352 0.8325695 
1.00664 0.7791489 
1.050595 0.7876671 
1.021973 0.9225572 
1.034997 0.8184557 
1.053078 1.066187 
1.065067 0.9335834 
1.08871 0.9440346 
1.101059 0.8337598 
1.072766 0.9450993 
0.9877109 0.9661349 
0.9871618 0.7375024 
0.9501387 0.9778584 
1.010819 0.8122768 
0.991048 0.8643434 
0.9805261 0.9420274 
0.9550417 0.9744607 
1.056272 0.9168973 
0.9950417 0.9169165 
1.066078 0.8359033 
1.041233 0.820053 
1.031648 0.9172586 
1.098247 0.9055246 
0.9826101 0.8493446 
0.9992243 0.9299426 
0.9888198 1.007621 
1.002483 0.9340785 
1.06539 0.92088 
1.138414 0.9496374 
1.158001 1.024429 
1.079015 0.852114 
1.040019 0.875898 
1.018614 0.7616352 
1.076239 0.9060547 
1.097433 1.008648 
1.005272 0.881409 
1.085347 0.8394691 
1.002609 0.9855625 
1.05731 0.8009867 
1.057643 0.8527839 
1.013722 1.146112 
1.063992 1.045509 
0.9864799 0.8906379 
0.9710961 0.8710483 
1.022903 0.8461889 
1.045606 0.8443849 
1.022593 0.9891771 
1.02959 0.840723 
1.026088 0.8172618 
0.9863691 0.7878541 
1.073631 0.8411193 
1.069403 0.9288548 
1.058642 1.025319 
1.009822 0.9494023 
1.022888 0.9238502 
1.08397 0.851352 
0.9692669 1.206632 
1.135641 1.102505 
0.9975207 0.9164781 
1.017109 0.957336 
1.05872 0.8547393 
0.971462 0.9449582 
0.9980475 0.8147946 
0.9703938 0.9339398 
1.045104 0.8511303 
1.147219 1.043476 
1.070381 0.9294812 
1.020895 0.864049 
1.182483 0.9274523 
1.037013 0.8627669 
1.041818 0.8520937 
1.033405 0.8028385 
1.028319 0.8476984 
1.030186 0.8379739 
1.051018 0.8615801 
0.9915971 0.9193379 
1.013906 0.7850086 
1.020878 0.8565137 
1.007309 0.8824854 
1.040619 0.913505 
1.050142 0.7375797 
1.028508 0.8256151 
1.007724 0.7697908 
1.015003 0.8444003 
1.019694 0.8050136 
1.02565 0.8056154 
1.125476 1.090814 
1.028296 0.9169856 
1.01311 0.739955 
1.034565 0.7821751 
1.04512 0.8634541 
1.030382 0.9914853 
0.9819752 0.9259942 
1.011969 0.8557308 
1.00996 0.8099501 
1.022109 0.8038981 
1.067121 0.9919745 
1.041046 0.8311396 
1.040068 0.8657323 
1.093358 0.8240295 
0.9680109 0.8548453 
1.04532 0.9723895 
1.061324 1.025843 
1.079231 0.8710858 
1.003677 0.8418729 
1.020311 0.9068896 
0.9719037 0.8856486 
0.983199 0.9437761 
1.092547 1.086654 
1.029395 0.9205053 
1.034088 0.8202125 
0.993527 0.8471089 
1.04414 0.814527 
1.115426 0.9030313 
1.062186 0.9407331 
1.07528 0.9320824 
1.008675 0.8377566 
1.034851 0.9910066 
0.9996267 0.8891038 
1.019069 0.9020016 
1.012528 0.8636129 
1.000328 0.9208768 
1.00812 0.8567066 
1.041962 0.7562949 
1.121749 0.7499743 
1.126273 0.8937442 
1.005462 0.8947726 
1.029189 0.9908804 
0.9549157 0.8160584 
0.9971672 0.7850872 
1.027483 0.7531411 
1.014679 0.9076868 
1.018021 0.7463889 
1.000089 0.9186111 
0.9972245 0.9557693 
1.011339 0.8043909 
1.094798 0.7996509 
1.269499 0.9663593 
1.090609 0.7945487 
1.008186 0.9102266 
1.215551 1.00262 
1.058518 0.8664159 
0.9915434 0.7457569 
0.9676804 0.8659083 
1.051358 0.81922 
0.9980937 0.8360347 
1.017041 1.097432 
1.040081 0.8032429 
0.9676286 0.8784034 
1.092108 0.7815896 
1.043406 0.8423733 
1.025454 0.809384 
0.999351 0.8805249 
1.160169 0.8375237 
1.002277 0.8446315 
0.9761531 0.9256229 
1.030478 0.7989764 
1.108986 0.841548 
1.122498 0.8436151 
1.028505 0.9877996 
1.06711 0.8879726 
1.03016 0.9070734 
0.9909156 0.8673068 
1.021615 1.085925 
1.031836 0.8507661 
1.006542 0.8436145 
1.030783 0.8679836 
1.092403 0.9140223 
1.031969 0.8192597 
1.136895 0.9620497 
1.01201 0.9379584 
1.003548 0.9886458 
1.04461 0.7349893 
1.026129 0.8881598 
0.9753388 0.7749986 
0.9798176 0.7754148 
1.107016 0.7227413 
0.9939076 0.8991917 
1.178684 0.8452868 
1.121425 0.8486352 
0.9672116 0.9298489 
1.049666 0.7858974 
1.085584 0.7848494 
1.012181 0.7558713 
1.013298 0.7212577 
1.043413 0.9427151 
0.9688797 0.989763 
1.017759 0.8847869 
1.030722 0.9646802 
1.095347 0.8030877 
1.086525 0.8572103 
0.9511097 0.9482386 
1.080651 0.7797564 
1.007841 1.004317 
1.01753 0.8409571 
1.014062 0.9616205 
1.017212 0.7838754 
1.066668 0.8057271 
0.963152 0.91226 
1.062346 0.8384837 
1.005803 0.9503557 
1.052872 0.8708457 
1.012501 0.7226958 
1.016553 0.8397708 
1.12609 0.8060512 
1.080249 0.8562256 
1.070862 1.014268 
1.09668 0.9878614 
1.033285 0.9901374 
1.134942 0.8153628 
1.056796 0.8931451 
0.9754102 0.7851794 
1.175342 0.9272196 
1.113135 0.9557189 
0.9783963 0.7825117 
1.14892 0.9498827 
1.007742 0.8409355 
1.078677 0.9149347 
1.038197 0.9470734 
1.050547 0.7572865 
1.053151 0.9592148 
1.104027 1.047993 
1.013303 0.7646709 
1.025501 0.8232436 
0.98375 0.9005102 
1.168257 0.9757665 
1.004167 0.8457163 
1.00462 0.8216963 
1.032008 0.8128152 
1.090625 0.8095034 
1.005383 0.7684764 
1.065043 0.8077194 
1.030735 0.8935923 
1.113778 0.8925124 
1.041571 0.8571499 
0.9535502 0.9241801 
0.9896431 0.8259603 
0.9974869 0.8882885 
1.028108 0.8148138 
1.038126 0.8664617 
1.098918 0.9208747 
0.9972986 1.026259 
1.03571 1.032414 
1.031916 0.943051 
1.180047 0.8831357 
0.9596865 0.9110414 
1.188294 0.9548149 
1.224949 1.0125 
1.046261 1.064794 
0.9494907 0.8820428 
1.065063 0.9608044 
1.04389 0.9108127 
1.042695 0.8664241 
1.042446 0.9007013 
1.002718 0.9482127 
0.9872876 0.8971473 
1.065365 1.016459 
0.988297 0.8247542 
0.9523952 1.26187 
1.009274 0.8511514 
0.9898032 0.8755921 
1.072313 0.7453366 
1.054217 0.8218728 
1.005196 0.7690362 
1.033508 0.9372935 
1.01042 0.858657 
1.007752 0.9046708 
1.173678 0.9196954 
0.9830624 0.7549573 
1.018901 0.864563 
0.9653983 0.9466306 
0.9700878 0.8203352 
0.9951886 0.8550337 
0.9876311 0.8509186 
1.003474 0.7947086 
1.008699 0.7787633 
1.046025 0.8781968 
1.004584 0.7718657 
0.99003 0.8023937 
1.004949 0.8103967 
1.016697 0.7804174 
1.021849 0.8459881 
1.022565 0.7517687 
1.030316 0.8423721 
1.112417 0.8927101 
1.019393 0.7558873 
0.9887867 0.8550988 
1.004679 0.8116609 
1.020075 0.884438 
1.07784 0.9820464 
1.038629 0.8286054 
1.106821 0.8091617 
1.105081 0.9506792 
1.009916 0.8276832 
1.024754 0.7975297 
0.9145543 0.9289216 
0.9781992 0.8940957 
1.021926 0.7730285 
1.059653 0.8106033 
0.9876891 1.015039 
0.961886 0.9324924 
1.066705 0.791103 
1.038535 0.9674517 
1.047845 0.9702592 
1.005297 0.9425134 
1.028599 0.8633147 
1.015343 0.7810549 
1.056371 0.9669286 
1.019813 1.080434 
0.9683085 0.9439936 
1.054075 0.967882 
1.090938 0.9488913 
0.9933764 0.8010042 
0.9980112 0.8264549 
0.9566523 0.8951042 
1.089398 0.9246684 
1.03052 0.8580362 
1.092536 0.9799464 
1.052245 0.9332598 
1.074252 0.7864706 
1.06347 0.8704881 
1.011385 0.9301703 
1.060786 0.7669205 
1.112963 0.7844553 
1.036974 0.8397085 
0.9913233 0.9810975 
1.032538 0.7802849 
1.039686 0.7207063 
0.9919523 0.8960805 
1.025848 0.8320387 
1.053452 0.8418901 
0.9841292 0.8886926 
1.018579 0.9126871 
1.094102 1.029183 
0.9907714 0.7833567 
1.046754 0.8774664 
1.002562 0.8366319 
1.010306 0.8430521 
1.152726 0.9548956 
1.117898 0.8869771 
1.139589 0.8778416 
0.9923302 0.8827981 
1.137145 0.8501911 
1.08576 0.948253 
1.0198 0.9370293 
1.096525 1.021798 
0.9733195 0.9115383 
1.003652 0.9270104 
1.082559 0.9487118 
1.01032 0.7534583 
1.000356 0.7911488 
1.02485 0.8999156 
1.044593 0.9635268 
1.060565 0.8608505 
1.147025 0.8756637 
1.011083 0.7428176 
1.03657 0.8620616 
1.016938 0.7844299 
1.008582 0.7892382 
1.011782 0.7940834 
1.111999 0.8400728 
1.01673 0.903377 
1.087829 0.947049 
1.012967 0.7820802 
1.028365 0.7865778 
1.037659 0.8429892 
1.031057 0.9156909 
1.061329 0.8373269 
1.011035 0.9079898 
1.11651 0.9560908 
1.026825 0.805806 
0.9884828 0.7497969 
1.036401 0.8158757 
1.070353 0.8592342 
1.051929 0.8439429 
1.05133 0.9552979 
1.097558 0.7486753 
1.056246 0.7985611 
1.062046 0.755881 
1.03641 0.7882628 
1.109814 0.9366057 
1.112239 1.078481 
0.9771972 0.8032619 
1.04469 0.9405059 
1.041188 0.891503 
1.036256 0.8526508 
1.001557 0.9252601 
1.026434 0.8862278 
1.011896 0.8753912 
1.027175 0.8349634 
1.008686 0.7523893 
1.03104 0.8994458 
1.07326 0.7973414 
1.152604 0.8923915 
1.082086 0.9941543 
1.145251 0.9689972 
1.104131 0.9028699 
1.008341 0.7601118 
1.004282 0.9010694 
1.050558 0.9266025 
1.060618 0.8582767 
0.999985 0.8704175 
1.149675 0.9081923 
1.074075 0.8827529 
1.216518 0.9661547 
1.042797 1.010034 
1.111314 0.7936454 
0.9995605 0.8821758 
0.9679283 0.8874329 
1.051652 0.7526214 
1.009216 0.8846861 
0.9767705 0.7916781 
1.008969 0.8291048 
1.048237 0.8832524 
1.088388 0.9268561 
1.066922 0.9154844 
1.049334 0.8712076 
1.043619 0.8065879 
1.127904 0.86414 
0.9755576 0.8816802 
1.11828 0.8321039 
1.005426 0.8827977 
1.097666 0.9107871 
1.187794 0.9617827 
1.026838 0.7478356 
1.144406 0.988746 
1.035334 0.8103481 
1.027915 0.8776487 
1.07903 0.8040283 
1.010836 0.7440467 
1.04922 0.764914 
0.9877885 0.8557531 
1.096542 0.870193 
1.001965 0.8203011 
1.009668 0.7603505 
1.020581 0.8755117 
0.9927319 0.7406833 
1.025493 0.8009641 
0.9864308 0.8017919 
1.038882 0.9672058 
1.054024 0.7387839 
1.014009 0.9145436 
1.02594 0.9920456 
0.9722141 0.9549763 
1.053766 0.8992676 
1.037552 0.8502862 
1.025617 0.8754664 
1.068557 0.8397873 
1.021016 0.7631105 
1.034366 0.8492417 
1.039666 0.6561209 
0.9913656 0.9556043 
0.9984273 0.9616527 
1.070353 0.857125 
1.034728 0.8344626 
1.043751 0.7143229 
1.008418 0.9569318 
1.084497 0.8345281 
1.105861 0.7782199 
1.069016 1.054241 
1.088857 0.8009111 
1.084406 0.9137951 
1.037201 0.8805484 
1.093497 0.8221297 
1.020933 0.7844999 
1.073001 0.8557312 
1.009762 0.8949409 
1.027182 0.9036733 
1.016654 0.7265712 
1.091571 0.8144287 
1.078076 0.9424664 
1.041271 0.6972472 
1.047846 0.7963402 
1.054237 0.8542063 
1.002544 0.8210142 
1.01657 0.7498327 
1.04275 0.7782828 
1.03646 0.6734419 
0.9754093 0.778924 
1.043511 0.8704593 
0.9958724 0.8118179 
1.049202 0.8748886 
1.003139 0.9247918 
1.064417 0.9391442 
0.982262 0.7577237 
1.026041 0.8706649 
1.06532 0.8584241 
1.130294 0.8719003 
1.189476 1.053085 
0.9363102 0.769698 
1.028344 0.8165264 
1.055614 0.7970625 
1.029527 0.7583586 
1.114233 1.030174 
0.9942974 0.9289881 
1.00174 0.9628959 
1.027742 0.824366 
1.050903 0.9173019 
1.020343 0.7629484 
1.067585 0.879522 
1.023388 0.8956061 
1.067143 0.6988455 
1.019618 0.7979204 
0.9907131 0.8174065 
1.002297 0.8256993 
1.020826 0.7652809 
1.046968 0.809522 
0.9996291 0.8413376 
0.9927512 0.7956818 
1.000631 0.8275534 
0.9918945 0.8818432 
1.057395 0.8379814 
1.077318 0.8248598 
1.036123 0.9157467 
1.014869 0.7974406 
1.036582 0.8718166 
1.063333 0.9068497 
0.989114 0.8103357 
1.019508 0.8163856 
1.00459 0.8519112 
0.9889536 0.796768 
0.99792 0.782458 
1.003659 0.8553445 
0.9967103 0.7905131 
0.9893423 0.8963898 
1.02508 0.788103 
1.086083 0.9538405 
1.009087 0.8268201 
1.004465 0.9140736 
1.036342 0.7548762 
0.9931516 0.7390252 
1.090617 0.879234 
1.022926 0.8516767 
1.003111 0.8485703 
1.059317 0.86471 
0.9870446 0.8948729 
0.9625065 0.7722233 
0.998832 0.7825289 
1.039035 0.8745456 
1.056463 0.9554956 
0.9804465 0.889853 
1.024961 0.8117454 
1.019271 0.7958516 
1.043621 0.9242772 
1.056173 0.8938779 
1.04514 0.7852849 
1.078425 1.249454 
1.17033 1.004472 
0.9693437 0.7850032 
1.011448 1.02096 
1.139432 1.035523 
1.099682 0.8386153 
1.10175 0.8858137 
1.206732 0.9634163 
1.089867 0.8605107 
1.177648 0.8565556 
1.003618 0.8539327 
1.015964 0.8025598 
1.059376 0.9081118 
1.06596 1.060305 
1.127758 0.985044 
1.067142 0.7805149 
1.003776 0.8930713 
0.9879039 0.9079862 
1.034644 0.8604955 
1.013847 0.7326886 
1.096955 0.9418189 
1.117087 0.8753432 
1.093283 0.9606735 
1.02381 0.9268454 
1.028197 0.9506628 
1.051274 0.9096673 
1.092682 0.8277002 
1.029466 1.0291 
1.042601 0.7597495 
1.039043 0.7942656 
1.008645 0.927748 
1.06737 0.8598156 
1.009878 0.8002425 
0.9994663 0.712371 
1.181163 1.064486 
1.069786 0.8349952 
1.038753 0.8201226 
0.9904336 0.7475735 
1.026931 0.9162672 
1.063103 0.9751354 
1.039664 0.8715747 
0.9954328 0.855997 
1.038458 0.9426374 
0.9625315 1.099093 
1.065404 0.9353195 
1.029377 0.871972 
1.03304 0.7592368 
1.079608 0.9611411 
1.083994 0.7915485 
1.140869 1.119051 
0.9785482 0.9835444 
0.9981523 0.9127377 
1.007329 0.8747508 
1.119063 0.9770687 
1.05623 0.8567407 
1.023577 0.7985133 
1.030667 0.7749568 
1.024268 0.874196 
1.008794 0.8245626 
1.003085 0.7803196 
1.048439 0.8750364 
0.9780698 0.8810411 
1.037555 0.8127344 
1.005735 0.832211 
0.9921152 0.8531703 
0.9970469 0.8540607 
1.044419 1.029327 
1.157003 1.040206 
1.218547 1.020164 
0.9822273 0.790395 
1.201831 1.054505 
1.022957 0.7808428 
0.9494314 1.041558 
0.9356404 0.7566782 
0.9974616 0.8936558 
1.160279 0.8803991 
1.150559 0.9441853 
0.994754 0.7761693 
1.039755 0.8047894 
1.038795 0.7517842 
0.9670625 0.6926773 
1.00291 0.9050914 
1.018827 0.841464 
1.019932 0.8176353 
1.008471 0.8858364 
1.035321 0.8453666 
1.250981 0.8756148 
0.9306541 0.8063696 
1.044339 0.9393581 
1.148192 0.8050186 
0.9689572 0.759292 
1.010683 0.8689125 
0.9993268 0.842938 
1.075547 0.911794 
1.062105 0.8326411 
1.156925 1.014065 
1.026195 0.9018558 
0.9577172 1.084691 
1.045124 0.7666786 
1.013832 0.8093795 
1.050558 0.8458338 
1.053233 0.8679713 
1.032393 0.7732872 
1.009638 0.9143475 
1.005929 0.8506873 
1.049351 0.8105536 
1.023099 0.8217225 
0.9660443 0.8257867 
1.000766 0.8951057 
0.9911762 0.9879343 
1.012863 0.7415023 
1.017482 0.8240873 
0.9338766 0.8805712 
1.003312 0.8701923 
1.020521 0.9092067 
1.038492 0.9418415 
1.112484 0.9370495 
1.004312 0.8339516 
1.073788 0.9023671 
1.004383 0.8280957 
1.020158 0.8287773 
1.022869 0.8308353 
0.9814016 0.8609997 
1.326469 0.8418803 
1.046851 0.8612085 
1.01233 0.8685446 
1.069269 1.008721 
1.172358 0.9697374 
1.174091 0.8600716 
1.058103 0.7811017 
1.104051 0.8788651 
1.022112 0.9437367 
1.057844 0.7042133 
1.016288 0.7934871 
0.9871695 0.853886 
1.044989 0.871979 
1.125409 0.848589 
1.01987 0.7365988 
1.051235 0.9654269 
1.056947 0.7085138 
1.154086 0.8102214 
1.032655 0.8709852 
1.015914 0.8220553 
0.9770208 0.9042145 
1.020945 0.8661994 
0.992743 0.7920483 
1.087368 0.7908855 
1.080934 0.7488713 
0.9981197 0.8899572 
1.003486 0.8062609 
1.094925 0.8502516 
0.9808203 0.9521898 
0.9968799 0.8003322 
1.022021 0.880842 
1.029244 0.9291131 
1.064648 0.8257929 
1.046556 0.7330562 
1.016538 0.9636766 
0.9646311 0.8267763 
1.018511 0.8049148 
1.085336 0.8130123 
1.129213 1.087179 
0.9907936 0.8322649 
0.9905238 0.8469241 
1.014995 0.8361275 
1.02808 0.8389768 
0.9903037 0.7983292 
1.015429 0.8424332 
0.9753841 0.8571064 
1.000276 0.7791328 
1.029857 0.8827383 
1.046962 0.8917288 
1.040025 0.8349515 
0.9924805 0.8826634 
0.9954342 0.7597111 
0.9953757 0.9626382 
1.040021 0.8077208 
1.094175 1.122334 
1.152379 0.8107323 
1.010639 0.8485219 
1.137228 0.8864949 
1.151604 0.9069419 
0.9963026 0.8360823 
0.9971584 0.834593 
0.98406 0.8078099 
1.080466 0.8832396 
0.9576299 1.000774 
1.172839 0.7466397 
0.9827503 1.043341 
1.064647 1.011404 
1.083553 0.863858 
1.127851 0.8388905 
1.022254 0.8761356 
1.070186 0.7772319 
0.9851096 0.9060701 
1.079778 0.7416633 
0.9862383 0.8012418 
0.9974982 0.838022 
0.985057 0.789483 
0.9706311 0.8320293 
1.007917 0.8019154 
1.028965 0.9010456 
1.071292 0.9136442 
1.025615 0.9755589 
0.9893773 0.7923762 
1.028868 0.8061054 
1.039254 0.7792481 
1.039119 0.8708134 
1.035764 1.059775 
1.015219 0.8237812 
1.037764 0.7312197 
1.028487 0.8252573 
1.016382 0.86286 
1.028114 0.8142061 
1.119858 0.8563791 
1.144567 0.9652636 
1.138015 1.300346 
1.004255 0.8789639 
1.033735 0.7649201 
1.056481 0.8246478 
1.081636 0.9506939 
1.012845 0.878317 
0.996164 0.8589775 
1.025114 0.8056828 
1.006128 1.093755 
1.016472 0.8280453 
1.071936 0.8796455 
0.9955937 0.8803572 
1.020607 0.9029005 
1.041007 0.9809049 
1.063771 0.973262 
1.029976 0.8171291 
1.031092 0.7066306 
1.025524 0.8343445 
0.946601 0.7639612 
1.055423 0.8652728 
1.079493 0.846914 
1.024676 0.9539799 
1.030132 0.8547127 
0.992386 0.7323758 
1.111638 1.064817 
1.087261 0.9683093 
1.022665 0.7445062 
1.007801 0.7784024 
1.007782 0.7539895 
1.011018 0.8519611 
1.021781 0.9497514 
0.9992961 0.8418036 
1.12534 0.8843394 
0.9609618 0.8811471 
1.027236 0.8506277 
1.011827 0.7886017 
1.007338 0.8611973 
1.068392 0.876723 
1.012208 0.7508146 
1.096104 0.9425994 
0.9946023 0.8379454 
0.9728845 0.8878114 
1.016384 0.7136718 
1.040712 0.9057175 
1.12075 0.916818 
1.106192 0.8832744 
1.030604 0.822286 
1.013924 0.7953174 
0.9898904 0.7724995 
1.074788 0.7952894 
1.046279 0.7668795 
0.9737054 0.8329961 
1.109389 0.8217696 
0.9715169 0.8201802 
1.015318 0.9275884 
1.000205 0.7899431 
1.017792 0.8258987 
1.112853 0.7498524 
1.146173 0.7929034 
1.015372 0.8786965 
1.064261 0.8693696 
1.048095 0.7466329 
1.042386 0.8693763 
0.9807705 0.9098201 
1.163205 0.8768112 
1.024289 0.8580418 
0.9639626 0.9393577 
1.005916 0.825297 
1.076511 0.7724819 
0.9831151 0.7946332 
1.096823 0.937799 
1.160169 0.9160198 
1.140419 0.9318257 
1.095088 0.7878435 
0.9916251 0.8947391 
1.002842 0.9111813 
1.037477 0.8805588 
0.9873568 0.9098562 
1.058321 0.8680926 
0.9728877 0.9564501 
0.9879273 0.8527991 
1.104451 0.9571183 
0.9757978 0.973987 
1.121411 0.8780624 
1.050428 0.9006795 
1.161733 1.027166 
1.006364 1.041525 
1.009332 0.7859147 
1.10499 0.8844986 
1.111553 0.8676423 
1.035344 0.8469561 
1.059479 0.7634369 
1.010628 0.8309775 
1.062028 0.7329436 
1.00376 0.8833074 
1.051406 0.8431031 
1.002326 0.7741909 
0.9830732 0.843657 
1.016585 0.8806164 
0.9881674 0.86683 
1.061584 0.9604467 
1.024641 0.8556646 
0.9744454 1.081913 
0.9939926 0.8314539 
1.044441 0.8586812 
0.9946145 0.9507501 
1.124973 1.118547 
1.049873 1.170179 
1.105658 1.054467 
1.057888 0.9335218 
0.9989841 0.8187581 
1.117632 0.8329279 
0.995947 0.7841906 
1.030887 0.7728088 
1.064921 0.9244578 
1.067288 1.089395 
1.088021 0.8870322 
1.004295 0.8543598 
1.020386 0.8277648 
0.9661156 0.9227535 
1.027189 0.7748396 
1.093521 0.8026979 
1.004785 0.8959692 
1.156874 0.9210706 
1.16947 0.8659038 
1.027511 0.8454504 
1.058295 0.8342332 
1.014205 0.8149899 
1.174944 0.799744 
0.9795634 0.8764915 
1.019522 0.8453994 
0.9964944 0.8053292 
1.050977 0.8055547 
1.036998 0.8330308 
1.074907 0.7443534 
1.002143 0.8646472 
1.039136 0.9385323 
1.043816 0.8425289 
0.9500657 0.8156746 
1.003321 0.8480598 
1.003367 1.042704 
1.153973 1.027178 
1.137233 0.7780856 
1.085398 0.7805824 
1.026909 0.8168152 
1.07758 0.8427724 
1.00311 0.7226347 
0.9582018 0.6963612 
1.007448 0.8918165 
1.054325 0.7957863 
0.9929584 0.8357231 
1.048697 0.776342 
0.9995664 0.8035724 
1.004978 0.7663175 
1.184979 0.941676 
1.004911 0.8818179 
1.124668 0.8021747 
1.011656 0.7995895 
1.063079 0.9081335 
1.031421 0.8589806 
1.040526 0.8527131 
1.077594 0.9298408 
1.021952 0.8679096 
1.142934 0.8109456 
1.003673 0.7511485 
0.9863282 0.9356317 
1.061246 0.9619841 
1.050381 0.9402275 
1.036744 0.8995801 
1.071935 0.9035801 
1.221166 0.9234571 
1.050032 0.8343341 
1.092828 0.9510204 
1.046574 0.8955103 
0.9941543 0.853135 
1.207173 0.8965726 
1.044158 0.8732105 
1.005322 0.7759604 
0.9994844 0.874162 
1.006893 0.8654891 
1.03937 0.8074267 
1.019026 0.8144491 
1.027126 0.782543 
1.032158 0.8887921 
1.001551 0.8462839 
1.131708 0.8387098 
1.005448 0.8343522 
1.033096 0.9451731 
1.080409 1.044341 
0.9926728 0.7792535 
0.9987525 0.8721998 
0.95786 0.9939557 
1.055883 0.9166487 
1.124202 0.8962578 
1.085937 0.9825375 
1.055563 0.9794012 
0.9888508 0.7675936 
0.9915517 0.7515515 
1.004566 0.7503157 
1.028634 0.9008832 
1.126133 0.841485 
1.030114 0.9186963 
1.218116 0.9954721 
1.010936 0.7716525 
1.061641 0.9098667 
1.182056 1.169298 
1.031586 1.095982 
1.047374 0.9520617 
1.004075 0.780034 
1.005759 0.7906698 
0.9643668 0.9450151 
1.086896 0.8232853 
1.019982 0.7948888 
1.021007 0.8865052 
1.070628 0.9136154 
1.039643 0.9174221 
1.050496 0.7407385 
1.180424 0.9085416 
1.080184 0.7431021 
1.055049 0.8386213 
1.005938 0.8240429 
1.002371 0.7999619 
0.9917454 0.8984164 
1.03523 0.7039942 
1.118043 1.015994 
1.125079 1.27748 
1.176212 0.8358788 
0.9704416 0.8301492 
1.030747 0.7767047 
0.9716684 0.7975635 
1.021145 0.7884441 
0.9895974 0.7650675 
0.9726406 1.093273 
1.052763 0.8978122 
1.046232 0.9121497 
1.017216 0.793954 
1.06901 0.8510019 
0.9959432 0.9198662 
1.028891 0.9017429 
0.9955964 0.9437235 
0.9748541 0.7844565 
0.9903147 0.9082025 
1.028167 0.8613711 
1.004942 0.802671 
0.9836547 0.9559999 
1.05252 0.8160244 
1.087136 0.862154 
1.024882 0.9117299 
1.006873 1.052808 
0.9736429 0.8405771 
0.9969283 0.9195116 
1.022445 0.8486511 
1.027485 0.8104571 
0.9950386 0.7088488 
1.093636 0.9968568 
0.9951034 0.8321757 
0.986286 0.8752376 
1.108687 0.9238454 
1.079844 1.117344 
1.058637 0.8798315 
1.019202 0.8135611 
1.040429 0.836102 
1.01953 0.7619898 
1.01512 0.8620202 
0.9858531 0.9257496 
1.015392 0.7599378 
1.011862 0.8540345 
1.033758 0.8759707 
1.10494 0.8928107 
1.054669 1.087829 
1.141132 0.9726292 
1.132894 0.8059653 
1.067942 0.7223187 
1.006117 0.8921716 
1.016275 0.8463104 
1.017661 0.8063191 
1.00952 0.8191485 
1.014878 0.8242181 
1.029477 0.9173734 
1.059182 0.8458332 
1.063616 0.941189 
1.049443 0.875878 
1.111207 0.796441 
1.138784 0.8115237 
1.027393 0.9795633 
1.025949 0.8186359 
1.045493 1.034517 
0.9980406 0.8296671 
1.03849 0.8652021 
1.175224 0.8043126 
1.026757 0.8144735 
0.9650135 0.8581352 
1.060605 0.8747137 
1.005023 0.7678134 
1.014912 0.8566468 
1.026042 0.8013383 
1.005066 0.9299694 
1.029648 0.916801 
0.9627054 0.933949 
1.009014 0.8714854 
1.051104 0.8158085 
1.053964 0.7634925 
1.099437 0.8948402 
1.014314 0.7968662 
1.015588 0.8148822 
1.009988 0.8297427 
1.069771 0.9572097 
1.03079 1.028986 
1.108588 0.8993561 
1.094544 0.9797993 
1.052677 0.9353308 
1.015575 0.7703667 
1.10174 0.9446505 
0.9690247 0.9291319 
1.09756 0.9864807 
0.9939208 0.9462854 
1.036207 0.9557271 
1.018859 0.8854054 
1.000489 0.7349698 
1.005975 0.7760874 
1.021366 0.8512953 
0.9874754 0.8148142 
1.05415 0.8145724 
1.016153 0.8174567 
1.041184 0.7574113 
0.999918 0.9028254 
1.009849 0.84558 
1.051765 1.022354 
0.9920276 0.7472331 
1.034477 0.8080725 
0.998417 0.7437314 
1.014987 0.9113499 
1.031432 0.8435137 
1.082693 0.8645374 
1.181757 0.8617108 
1.147896 0.7509172 
0.990829 0.9884343 
1.181287 0.8674166 
1.00073 0.951541 
0.9933583 0.9191698 
1.195664 0.7491437 
1.029669 0.9709834 
1.010318 0.9129806 
0.9815146 0.7547735 
1.040755 1.003252 
1.066192 0.9451965 
0.9736005 0.8904083 
1.013234 0.9346341 
1.078261 0.8525939 
1.088732 0.9035468 
1.008805 0.9200196 
0.9722037 0.8414405 
1.007047 0.9446479 
1.044407 0.8173452 
1.011053 0.7731146 
1.008775 0.7807528 
1.129847 0.928181 
1.036942 0.9346601 
