"tau2_1" "tau2_2"
0.1456312 2.617495
0.1128904 3.77632
0.1241483 1.383102
0.1487829 2.363719
0.1307715 2.451325
0.1283258 3.428688
0.1392935 2.142596
0.2254727 3.801681
0.14199 2.129356
0.1668691 5.176599
0.1118823 3.069971
0.1149068 1.219016
0.2394089 4.098429
0.1489641 2.107772
0.1203175 2.300052
0.1153413 2.957776
0.07614054 2.904306
0.1280553 2.96456
0.2193809 4.052939
0.1692739 2.974056
0.1163103 2.71611
0.09968958 4.403335
0.1334004 3.887528
0.118836 1.933845
0.0809134 1.683468
0.1406739 1.623886
0.1153111 2.179919
0.1104902 2.117087
0.1232393 2.134805
0.07976316 4.039098
0.1373931 2.972678
0.1489708 2.744332
0.156838 3.383553
0.09460025 2.825314
0.08136901 4.116067
0.1621338 2.592648
0.1589237 3.518423
0.110645 3.760603
0.1908346 2.116914
0.1542059 1.914394
0.05152409 2.730875
0.122263 2.257608
0.1169112 1.662912
0.196124 3.927707
0.1841565 3.008483
0.171887 2.090732
0.140416 3.24722
0.1526095 3.04112
0.08936258 3.59392
0.1441092 2.894831
0.1691808 2.864991
0.1651483 2.829254
0.1349464 3.379211
0.1303633 2.490869
0.1124437 2.331732
0.1045721 2.626215
0.1042144 3.974834
0.1988407 2.555134
0.1357905 1.915473
0.1769477 3.061435
0.1486204 3.77889
0.1724096 1.83475
0.1269744 4.320014
0.1488476 2.964107
0.08254796 3.063868
0.1213652 1.970105
0.1587833 3.767374
0.1102605 2.581151
0.115612 2.900501
0.08583522 3.110814
0.1041704 4.405523
0.07869097 3.119869
0.1904433 3.42293
0.1735486 3.151573
0.1824683 2.002562
0.1584855 3.352042
0.2078668 3.128797
0.08776141 2.983251
0.1073048 1.48797
0.1700158 2.473086
0.09716209 2.781624
0.09325178 3.062342
0.08510753 2.3053
0.1367365 3.998015
0.1814534 2.081095
0.1730104 2.631302
0.1767882 3.655094
0.05932957 2.712174
0.142999 2.156469
0.1164374 1.49993
0.1876431 1.968143
0.1435551 2.352235
0.1715245 2.900302
0.2186699 3.85262
0.08543168 2.489054
0.1454052 1.931314
0.1530464 1.694197
0.185192 3.280887
0.120074 3.506547
0.06849846 1.736148
0.09521838 2.191708
0.1006111 2.370168
0.07962027 4.202201
0.1470617 5.132704
0.1606405 1.754405
0.1064347 1.971328
0.1071293 2.094751
0.1430888 3.4748
0.1581788 2.739182
0.120087 3.17732
0.08801887 2.287042
0.09772678 1.918123
0.164339 2.063936
0.099947 1.834666
0.09935394 2.14053
0.1496453 1.804402
0.1456296 4.021299
0.1372118 2.399699
0.1263198 1.78922
0.1204458 2.445845
0.2402007 1.855808
0.1590298 2.488158
0.1028225 3.726809
0.141442 4.363184
0.1541726 2.844874
0.1837203 2.09727
0.1513718 1.644045
0.1233136 2.166977
0.1206533 1.826148
0.1319907 3.975199
0.2472609 4.721143
0.1180826 2.910767
0.1538164 4.214973
0.1701025 3.482622
0.1018645 3.530494
0.1311215 3.166716
0.1777205 2.97672
0.1353632 2.295983
0.2230674 2.485721
0.1185961 1.791223
0.113733 1.501416
0.08747041 2.921372
0.1054658 2.724362
0.07672862 4.489113
0.2235511 3.27747
0.268244 3.454206
0.1519233 2.341117
0.0845696 2.02719
0.1117791 2.314604
0.1118275 2.093128
0.1366003 4.114579
0.1848436 2.37032
0.1323157 3.65829
0.09094289 1.766159
0.2043401 3.12296
0.1137581 2.902312
0.04864602 2.254151
0.06661965 2.606043
0.1177164 3.516902
0.1131997 4.310864
0.138073 3.537425
0.1478122 3.411472
0.1338041 3.385055
0.138069 1.56585
0.1761563 3.89277
0.156291 1.629367
0.08722753 2.081224
0.07822826 2.19971
0.08558965 2.206355
0.09336552 4.24781
0.162427 2.289873
0.1392161 2.344132
0.1478125 3.241645
0.1929004 2.117427
0.1347167 3.46565
0.2076864 3.327319
0.1358688 2.283029
0.1405069 2.92814
0.1222544 3.174652
0.1076 3.285631
0.1301108 3.072865
0.1238111 2.217035
0.0957985 3.367155
0.09225273 2.608857
0.06953544 3.32614
0.06170058 3.191044
0.0828819 1.689806
0.07287415 1.833277
0.04891141 2.380446
0.0959828 3.21608
0.1232401 2.52792
0.1494734 3.610946
0.108168 2.981661
0.1446584 2.5354
0.08884747 1.636169
0.1250097 3.175101
0.1447073 3.797167
0.1162028 3.830107
0.1113578 6.265505
0.08706124 3.866168
0.1641902 2.04357
0.1954193 2.478768
0.2146797 3.443661
0.1891832 2.118739
0.2195028 3.258206
0.1596156 2.208973
0.1881741 3.089193
0.09111821 3.505364
0.1458349 2.823579
0.1246731 2.657324
0.2560694 2.995165
0.1160878 1.583463
0.08862266 3.663714
0.1560598 2.057326
0.09845734 2.970676
0.155208 1.393966
0.1202682 5.010634
0.1346702 2.501401
0.1825388 2.043803
0.2972441 2.632549
0.159576 2.55192
0.07141325 2.12444
0.09199242 2.67689
0.0971981 3.557164
0.09277041 2.636062
0.0597958 4.003153
0.08932819 1.80889
0.09330471 3.229752
0.07070004 2.963837
0.09895472 2.211287
0.1183923 1.859483
0.09145233 2.650188
0.09285239 1.611645
0.1877948 1.42971
0.09904073 3.961626
0.1274552 2.84142
0.1383545 2.931612
0.1351522 1.790315
0.157826 3.248742
0.08943865 2.899966
0.1306471 3.81671
0.1299579 2.781478
0.1568321 2.628067
0.1328838 1.707782
0.1213374 2.614547
0.1193824 5.186153
0.1236892 2.121177
0.1248222 1.592922
0.1163331 2.79448
0.1442262 4.751061
0.0948866 1.962434
0.09751655 1.935132
0.1455813 1.520211
0.2009771 1.888043
0.08484928 3.140559
0.1096584 2.974674
0.1154412 2.531297
0.1666629 4.048609
0.1614651 4.43227
0.1556634 2.394394
0.1142816 3.554961
0.1562493 2.098043
0.1715505 6.931674
0.1348988 3.919229
0.1647228 3.019032
0.09827892 1.642731
0.1032918 2.288906
0.1351331 2.332505
0.1671858 2.295692
0.1487488 2.211548
0.1329793 4.245291
0.193891 2.298598
0.1470028 2.830578
0.1301997 2.195334
0.1617139 1.983641
0.1182198 4.57886
0.1096362 2.969734
0.1121526 2.950632
0.1234199 3.576074
0.143201 1.841314
0.1407182 1.335006
0.1423324 4.078698
0.1933661 2.912138
0.2021917 4.418035
0.1131814 2.909021
0.1428705 3.914266
0.09402808 1.99189
0.1207536 2.060014
0.07352021 3.02956
0.1468296 2.235537
0.1648905 1.745021
0.1039282 2.01809
0.1410877 1.217074
0.1319735 2.308938
0.1448567 2.021413
0.1407701 1.150068
0.08942657 2.286765
0.109943 2.123491
0.1073137 2.375345
0.07642728 3.433028
0.129308 3.90274
0.1590446 2.336369
0.1343099 2.459858
0.108352 2.306743
0.105911 2.151808
0.1784714 2.704111
0.1453073 3.169774
0.1325295 3.389341
0.1237994 2.640282
0.0605331 2.589057
0.08881515 2.639214
0.1453736 3.045307
0.1389744 3.610616
0.1656699 2.174723
0.1221713 2.628736
0.1710892 1.97447
0.1204063 2.313719
0.1013797 2.469544
0.1165749 2.535512
0.08654731 2.03597
0.1306338 2.183456
0.0997357 2.455807
0.08552215 2.22444
0.1096079 3.575635
0.1506592 2.314411
0.08588029 2.593612
0.1487367 3.740879
0.1176201 2.699877
0.1049473 1.97981
0.1003328 2.137877
0.06653933 1.626869
0.1620937 1.927611
0.1309652 1.407885
0.1602358 2.949009
0.09444489 2.254623
0.1914234 1.783445
0.1207917 3.02408
0.107226 2.218332
0.1076424 2.598213
0.0840566 1.957434
0.0863089 3.379797
0.07169384 2.668598
0.0936122 3.187231
0.1075169 1.788856
0.06502545 2.716084
0.1846083 3.139044
0.1443202 1.626809
0.1286931 1.698824
0.1583811 3.051868
0.182541 3.389361
0.1075958 0.9803713
0.1663286 2.329476
0.1487197 4.214496
0.2200815 1.973352
0.131485 3.220148
0.1181348 2.425526
0.1406322 2.673727
0.1033133 2.031473
0.1086507 2.348272
0.08077257 1.953752
0.1172071 3.094686
0.1511094 4.227611
0.1211622 1.092845
0.1063635 4.637839
0.1099566 3.846257
0.129143 3.189702
0.09415385 2.595568
0.1982265 2.045246
0.2040198 3.255307
0.1263571 3.1837
0.06548173 1.764789
0.1414322 1.869903
0.07921668 2.126828
0.1447793 3.320922
0.1625665 3.359938
0.131346 2.146664
0.09934439 1.741683
0.08969514 2.276237
0.09245251 3.619789
0.1714679 1.360403
0.18857 3.207343
0.195904 4.611078
0.1666272 2.238533
0.1186861 2.928801
0.08925935 2.758049
0.08690393 2.473398
0.1528456 2.727541
0.3025626 1.711953
0.1227102 1.930447
0.1436863 3.531698
0.1413089 2.733376
0.1132199 2.430361
0.1233652 2.555478
0.1146605 1.693363
0.1104626 2.133438
0.1068514 1.514733
0.1562186 2.888455
0.2181707 2.256367
0.06585691 3.286322
0.1273962 3.93657
0.1027335 2.42935
0.1656277 2.568348
0.1126464 1.704991
0.157031 2.834271
0.1678187 3.445294
0.1624154 2.561838
0.2229176 3.94342
0.08959862 2.51689
0.1417927 3.22401
0.1644438 2.682166
0.104547 1.939583
0.0932362 2.92488
0.107476 2.417492
0.07529958 2.583633
0.1482972 3.293697
0.1253761 1.624181
0.06652034 3.158606
0.0963252 3.791864
0.09821051 3.020522
0.1537763 3.653915
0.106731 1.775796
0.1352123 4.452388
0.07180695 4.008932
0.08653803 2.994801
0.1397715 2.069482
0.1089273 2.507527
0.09603818 1.225669
0.08338967 2.591789
0.1021226 2.823692
0.08056598 2.386017
0.09691762 2.875967
0.09014662 2.205823
0.1205286 2.31155
0.1829688 3.253503
0.1515976 2.333143
0.142795 3.306192
0.1322782 2.706446
0.1501703 1.880955
0.2608799 1.61683
0.1714539 2.113558
0.149627 2.981316
0.1480843 4.444054
0.1646212 1.961965
0.06214091 3.306433
0.09371282 2.447888
0.05854032 3.588327
0.1059259 2.182823
0.1350164 2.248452
0.1241288 4.163193
0.1022204 3.156394
0.1633226 4.035835
0.1068958 2.228051
0.1077967 2.316978
0.1723117 2.463645
0.1786259 1.798636
0.1195594 3.270654
0.1107239 2.49722
0.1472839 2.542375
0.1536593 3.577843
0.1816655 3.142884
0.1461685 2.462622
0.1168236 3.223412
0.1536279 2.295485
0.211912 3.260239
0.1074569 2.310871
0.1001692 3.90338
0.1478138 2.234145
0.145369 2.809931
0.1685033 2.332323
0.09392497 2.206829
0.1284901 3.956912
0.1377808 2.19194
0.06041195 1.81127
0.08411183 3.96646
0.1507003 2.29267
0.1445012 3.038504
0.1279722 2.347258
0.2284806 2.457374
0.1161543 3.235584
0.1569273 2.865838
0.1186465 3.645542
0.1344075 2.287846
0.1076535 2.684826
0.107164 3.20468
0.09362363 2.27758
0.1515281 2.470388
0.202915 2.382629
0.2371539 1.666454
0.09479597 2.015365
0.1182964 3.223657
0.1128209 2.372159
0.2038805 3.119338
0.1336503 4.042676
0.08465797 3.688867
0.1147213 2.899849
0.1751247 3.923639
0.1750357 5.131132
0.1817059 3.355744
0.1498663 1.616821
0.1797179 3.991312
0.08480685 1.530428
0.07348204 1.881429
0.1159655 2.133478
0.09951753 2.667905
0.1617302 2.515629
0.1392961 2.065199
0.2492141 4.372427
0.1136125 2.432584
0.1393655 4.157796
0.06952724 3.130825
0.09022243 1.484726
0.1400542 3.439359
0.1069466 2.26919
0.1675934 2.142504
0.1983709 2.871014
0.1447795 2.198499
0.1728859 2.64424
0.158546 1.76992
0.1564506 3.951124
0.1029117 2.318475
0.1423441 4.408301
0.1608019 2.364366
0.08898894 2.694054
0.1608589 2.224708
0.1202386 3.281776
0.1081167 2.578797
0.09861044 3.116615
0.1381739 1.977052
0.1752136 1.56427
0.1367859 3.32487
0.1290568 3.982624
0.1820874 2.585524
0.2224049 3.039234
0.1301625 1.818932
0.113858 2.287706
0.1129358 3.257725
0.121958 2.072694
0.1378766 1.530329
0.1533027 2.663708
0.1663744 1.908322
0.1045469 3.004355
0.1075554 1.53597
0.07223383 3.050547
0.1018309 4.463462
0.1415653 2.197083
0.1608012 2.609613
0.1689719 1.581534
0.1676047 4.239854
0.1946176 1.980551
0.1487078 2.939445
0.1033274 3.168446
0.1053648 1.564251
0.1147522 4.248686
0.1589175 3.326446
0.2135927 1.708472
0.1817153 2.866355
0.09020444 3.062711
0.1105235 3.512654
0.1761286 4.700464
0.1149547 2.470005
0.1016775 3.059207
0.1093734 3.390135
0.1139401 2.20942
0.1283302 2.664112
0.07051043 2.715104
0.1428692 1.895263
0.2147993 2.26372
0.1179482 5.075992
0.1781141 2.572458
0.1107636 4.218525
0.1305414 2.203691
0.1230893 1.746862
0.144638 2.264127
0.1856749 2.735764
0.1014438 2.295436
0.1715273 2.000466
0.06013201 7.087436
0.1104303 2.359532
0.08074372 2.982942
0.1344311 3.196322
0.1853017 3.922638
0.1486332 2.751438
0.179398 1.697083
0.1737485 3.70949
0.1023068 2.41783
0.07768369 3.063471
0.0966841 3.657884
0.1189894 3.353495
0.1827156 3.38021
0.07392575 2.528345
0.1028542 3.590502
0.1196656 2.197082
0.1228552 4.712579
0.1769742 2.620327
0.1607528 4.254922
0.127508 1.966118
0.07178262 2.597625
0.07598918 5.136006
0.09849681 3.254209
0.1003088 1.892256
0.09892795 2.809263
0.1196147 3.036597
0.1209913 4.209567
0.1354054 3.030518
0.1288384 5.867013
0.1017368 2.144496
0.1192734 1.502103
0.1199885 3.308757
0.09582211 2.105623
0.1983313 2.070983
0.1929164 2.805778
0.1075266 3.364342
0.2127341 1.398172
0.1065384 1.778354
0.1082673 1.952696
0.08405838 2.009899
0.150357 3.196463
0.1647604 2.800871
0.1298493 3.430258
0.1008264 2.426998
0.1449621 3.758639
0.144455 2.492882
0.1465715 4.73518
0.1549276 1.824703
0.1808069 3.719046
0.2417567 3.01528
0.1394576 1.587293
0.1890695 3.535595
0.0945154 2.139554
0.114809 3.388394
0.07084238 3.276869
0.08467185 2.937283
0.1441499 4.804777
0.06150738 2.765589
0.1077269 1.359618
0.09784972 2.325527
0.08770453 4.112201
0.23051 3.589623
0.1045047 3.072726
0.08332877 2.020603
0.1060439 1.833859
0.1109526 2.048837
0.06809812 4.235311
0.1302651 1.902532
0.07338318 2.790539
0.1102515 2.445362
0.1024007 3.228409
0.163436 5.444181
0.1799795 4.589384
0.1513236 3.042001
0.1318421 3.173456
0.1135194 2.392011
0.1230636 2.647748
0.1246773 2.804903
0.09917057 4.015019
0.131833 3.288401
0.1716193 2.243928
0.1919852 2.384217
0.1410198 2.252656
0.1128227 2.367169
0.1541583 1.418809
0.1692451 4.033
0.1129065 2.585195
0.1578142 2.235975
0.2279532 3.857766
0.1874437 2.733506
0.1188157 2.766287
0.1041351 2.635751
0.108978 2.488612
0.1448028 2.428333
0.1319708 2.19264
0.1042621 2.926707
0.1106096 3.441395
0.1102753 1.692754
0.1193521 2.225739
0.1444822 1.812635
0.1381579 2.527009
0.1043114 3.696597
0.1275765 2.597701
0.08955375 2.898367
0.1324892 2.804176
0.09989568 4.296106
0.1655997 3.952776
0.1364971 2.56281
0.07407878 1.951569
0.1102635 3.585827
0.09231966 2.222772
0.1198314 3.032207
0.1440207 3.700813
0.1125166 3.630399
0.1483415 1.233033
0.2359876 5.230929
0.1071024 2.601059
0.0989613 1.859097
0.1433051 2.308729
0.1606249 2.70436
0.07170531 3.033245
0.08424387 3.408175
0.1236245 2.137311
0.1126516 2.825875
0.1016264 2.440115
0.1476146 4.139758
0.1155583 3.949876
0.1258043 3.450814
0.1445494 1.575029
0.1193711 2.056259
0.1137402 2.649597
0.1291158 3.04978
0.1590227 2.182233
0.08662374 2.657926
0.1457523 3.48684
0.2500552 3.435266
0.109726 2.955346
0.1435709 1.646496
0.1288751 4.227928
0.2304533 4.13973
0.2061516 3.069899
0.1177491 3.324856
0.1068476 1.421064
0.08069057 3.380939
0.09924572 1.949272
0.1042246 2.717763
0.2007141 6.073262
0.1686062 1.784771
0.1546536 2.730737
0.09789582 2.290472
0.1117387 2.252724
0.0826302 2.081979
0.1460361 3.408798
0.09478675 2.489895
0.1270385 1.669269
0.09175843 2.713396
0.08466381 1.715613
0.109532 2.884949
0.08256003 3.668518
0.09256397 2.873277
0.1325767 1.702469
0.1182392 1.978253
0.0933644 4.193477
0.06518143 2.990581
0.1327032 2.606322
0.1136495 3.300925
0.07780923 1.994785
0.07903551 1.688304
0.1493407 1.670869
0.1286383 2.003438
0.1102357 2.90618
0.08978085 3.396826
0.1033527 2.238781
0.1084337 4.237703
0.1143167 2.236218
0.1166305 2.111537
0.1395402 3.410703
0.1024144 2.743741
0.1071129 3.214605
0.1490555 2.361996
0.08284199 2.789874
0.07134054 2.897342
0.1013946 1.802667
0.1867971 1.443922
0.1561506 2.780886
0.1250715 2.45324
0.08866592 3.14223
0.07394195 2.535071
0.1492699 4.066845
0.119526 2.014989
0.1186154 2.52201
0.1315878 2.085509
0.1103387 3.393686
0.1585959 2.314907
0.1003159 2.738132
0.1438468 2.327814
0.2437715 3.085787
0.1188873 2.867163
0.1021615 2.245988
0.1481319 3.08063
0.09410915 2.242719
0.19809 2.535621
0.2639214 4.178041
0.1291572 3.348966
0.1266996 3.479533
0.1211514 2.30032
0.146541 4.390891
0.1191411 3.457687
0.1303144 3.4179
0.2138548 2.10759
0.1840064 2.514067
0.1509914 1.880166
0.09867228 2.316635
0.09338135 2.39296
0.1656275 2.711229
0.1594153 2.013103
0.1717263 3.790778
0.1193249 1.383456
0.07613718 2.193175
0.1655529 2.550273
0.1065634 2.701098
0.09974519 1.790273
0.147479 2.040904
0.1650893 2.815449
0.161765 1.7301
0.1402373 3.332901
0.109159 2.654786
0.09150803 4.389031
0.1231187 3.113879
0.114476 4.242775
0.1126357 3.569749
0.09020427 3.257349
0.1484632 2.282064
0.1179092 1.32759
0.1052338 3.901914
0.1500939 1.253079
0.1149048 2.98326
0.1415114 4.388318
0.07740822 3.424743
0.1250348 2.310331
0.1331601 1.866263
0.1290291 2.955431
0.08969324 2.323721
0.09780939 2.462392
0.1000029 3.32048
0.1138505 3.368186
0.09853451 2.582275
0.09593427 4.276769
0.1481057 3.210244
0.1832728 2.761965
0.1469251 2.15568
0.1220973 2.349326
0.1707216 2.623381
0.1262321 2.078339
0.1209464 2.891688
0.08005878 1.78796
0.1139941 3.011979
0.07732787 2.697675
0.1352681 2.344721
0.2594525 1.67455
0.2190617 2.031581
0.1180604 4.624823
0.1167234 2.312289
0.1050386 2.197712
0.07901304 2.435659
0.1524114 2.804112
0.1624792 3.288805
0.1288659 3.815578
0.2141011 3.126265
0.1338182 1.174904
0.1544936 2.377504
0.1400417 2.70321
0.1534392 1.736527
0.1501241 2.140135
0.1364407 3.722189
0.1974594 1.880037
0.1093956 2.502528
0.1718265 2.058899
0.1172626 2.395818
0.119279 4.781082
0.1301192 1.630411
0.1282616 2.558774
0.1258738 1.560347
0.09608853 2.968305
0.136375 2.451613
0.1105883 2.061373
0.1045062 2.314404
0.1148165 2.424839
0.2570888 3.34719
0.1405205 2.318213
0.07762284 3.447721
0.05428615 3.56358
0.1009362 2.634321
0.1712246 2.935911
0.07991349 3.154578
0.09523347 2.166459
0.07247931 3.479299
0.12013 3.773601
0.1399544 2.95103
0.1117891 1.535598
0.1187189 1.972996
0.164075 2.268281
0.1917599 2.483693
0.1566236 2.496605
0.1518505 2.992697
0.1877039 1.365566
0.1255687 3.144819
0.1318021 3.397501
0.1869382 2.148479
0.1184708 4.893203
0.07847022 2.113128
0.1166597 3.50773
0.0811747 3.128267
0.160815 2.385706
0.1757174 3.234168
0.1230811 2.499023
0.1207876 2.574201
0.1004504 2.198582
0.09617256 3.805702
0.0978842 3.291476
0.07014656 2.127965
0.085315 4.449164
0.07714816 4.051852
0.0935831 3.070304
0.09081261 3.57486
0.1135562 2.033051
0.1336419 2.798147
0.1450139 1.672365
0.113215 2.120707
0.1116403 3.009847
0.1097302 2.529904
0.09340426 2.858308
0.1234546 4.425546
0.09576373 1.869927
0.1705111 2.594667
0.1312544 3.51904
0.1881107 3.354587
0.09973518 3.018061
0.1008725 2.319022
0.159024 2.080521
0.1180824 1.581767
0.1624446 4.612812
0.1281577 1.80101
0.09696687 2.091059
0.1393841 3.967523
0.1680757 3.371187
0.1054826 2.601472
0.1357566 1.727778
0.1625496 1.696465
0.08773119 1.315252
0.154332 1.969442
0.1379653 1.631876
0.1461104 3.863578
0.2273636 1.329437
0.1475165 2.495626
0.07250597 2.615842
0.114503 2.573868
0.1439673 2.480381
0.1300773 2.614753
0.114397 4.542043
0.09360174 1.697883
0.158055 3.294609
0.1642875 2.998474
0.1448909 2.516512
0.07475314 2.207644
0.1384096 1.959878
0.1937326 3.558481
0.1187591 4.842007
0.1558096 3.793995
0.2064202 2.106169
0.1116424 3.024707
0.1475405 2.165357
0.123363 2.058079
0.1358087 3.028206
0.1341445 1.941999
0.09196282 3.455769
0.1593673 2.201232
0.1781877 4.177842
0.107673 1.677414
0.1120657 2.364182
0.1017674 2.268559
0.1351022 1.741824
0.09651966 2.868257
0.08530059 2.26371
0.1200202 3.132171
0.134013 2.342803
0.09267566 1.627176
0.09210029 1.563157
0.1413976 2.403693
0.1093752 3.676416
0.07101217 2.799858
0.09165859 1.70252
0.1292333 3.584465
0.1346522 2.5339
0.1567531 1.758442
0.1399922 3.552588
0.1659206 1.72535
0.1141927 3.177004
0.1077243 3.213009
0.1874981 3.684446
0.1090703 2.57985
0.1948329 3.275609
0.1727623 2.988569
0.0899822 1.906924
0.1145506 2.898206
0.1000383 2.564386
0.0984797 2.301155
0.1548673 3.915941
0.09008093 2.328121
0.1094675 2.637598
0.1652901 6.38111
0.2042868 2.980752
0.1461492 3.200441
0.1026999 4.11094
0.1081416 3.790435
0.08200172 4.376869
0.1091738 2.084658
0.1071209 1.488011
0.1327866 2.862488
0.1088604 3.735283
0.1118624 3.854001
0.112627 1.065872
0.1687239 2.162253
0.1242355 1.72917
0.1194554 2.028902
0.1122427 2.954856
0.2009868 3.920879
0.1167152 2.219397
0.0491596 1.993644
0.101032 4.085405
0.1154669 2.685983
0.1355295 3.9056
0.08000119 4.178708
0.1163952 2.752183
0.1748831 2.101109
0.2195333 3.260855
0.1935621 3.728843
0.192363 4.61211
0.1408303 1.939578
0.114861 3.171166
0.1791905 3.225033
0.1207712 2.627845
0.08607572 2.000395
0.06944041 2.664028
0.1895389 1.728639
0.09761017 4.085949
0.06334773 2.206525
0.1176435 2.556439
0.1569819 2.144617
0.06369732 3.944251
0.1018317 2.62268
0.1286983 2.504046
0.1086333 2.663331
0.1688505 2.989108
0.1865498 1.25726
0.1588119 2.422598
0.09597894 3.551429
0.1755603 3.148328
0.2507911 2.336865
0.1823084 2.197025
0.1151588 2.200108
0.0817875 4.185965
0.161553 1.744801
0.1518021 4.449882
0.1084744 1.559339
0.1073799 2.492108
0.08519777 2.143421
0.164866 3.539973
0.1611702 2.637273
0.2221263 2.437197
0.08918632 1.919423
0.07209004 2.777359
0.1092745 3.967551
0.09502224 3.164153
0.1967344 3.394004
0.1128324 3.073372
0.2134664 2.856399
0.1505629 1.909008
0.2141897 2.097858
0.1424764 5.166157
0.15149 4.926536
0.08493591 4.219183
0.1247104 1.740243
0.1077474 3.308762
0.1307072 3.499586
0.1411664 2.283801
0.09741162 1.64065
0.112389 5.758015
0.08779833 2.991186
0.09381806 1.94712
0.09997839 2.653416
0.161495 2.549696
0.2000905 1.341331
0.1141966 4.020282
0.1413749 2.030186
0.1516397 3.463368
0.05658691 3.421517
0.07527555 3.533487
0.08805055 3.381038
0.1092594 3.046421
0.1257953 2.908552
0.1649072 2.173039
0.1363574 4.684094
0.1365816 3.304579
0.08284466 2.0732
0.08821048 2.643574
0.1148697 1.750474
0.09266573 1.714637
0.06043956 3.240481
0.1394745 2.287935
0.1088246 4.046922
0.1135247 2.604318
0.08905843 3.662598
0.1137191 2.51465
0.1348482 3.649197
0.1477227 3.703866
0.1686219 3.406094
0.1190271 2.20773
0.1501485 1.978691
0.1357429 2.270288
0.1194574 3.831272
0.1140301 2.289935
0.1853257 3.479664
0.2235131 2.402539
0.1247535 4.090217
0.1009478 2.357766
0.1198558 4.215581
0.1260201 1.809885
0.1145381 2.082475
0.1063827 3.556503
0.1095964 2.661195
0.1669053 3.308235
0.08005667 3.633518
0.1637175 2.979492
0.1711435 2.165118
0.1310691 3.776347
0.069018 2.017654
0.08949353 2.553439
0.09990509 2.525771
0.1155452 2.899974
0.09727962 3.794757
0.1011201 2.424618
0.09729151 1.234467
0.1257515 2.204185
0.08686359 2.498271
0.09258252 3.131831
0.1519644 3.602714
0.1393178 1.722376
0.1424312 2.564323
0.1093473 3.299406
0.1150169 4.279004
0.1069415 2.699137
0.08159012 3.11768
0.09388579 2.47037
0.111858 1.987841
0.1612601 2.680602
0.08363898 2.518322
0.05456125 3.433725
0.1301857 2.703456
0.08887562 2.875752
0.08585282 2.831058
0.1300559 1.520162
0.2068876 2.014709
0.1459802 3.410394
0.1322952 2.980505
0.2670556 3.387497
0.1754957 2.323397
0.1461712 1.75167
0.1228972 1.789533
0.1081502 2.91432
0.1280213 1.985814
0.1191277 3.114365
0.1223589 3.641497
0.2069999 3.958373
0.1775555 2.408296
0.15024 3.028416
0.07840094 1.770621
0.08162908 2.397095
0.1178951 2.495721
0.172146 2.207321
0.1513756 3.568553
0.1122538 1.950129
0.1234909 4.048657
0.07898755 3.372014
0.1752335 1.958677
0.09391746 4.341108
0.06949944 3.520817
0.09174687 2.145602
0.08598644 2.895004
0.1038862 3.36034
0.2011275 1.984412
0.1137213 2.880438
0.09047412 2.502718
0.1465041 1.959797
0.07885077 2.19129
0.188239 2.972806
0.1529156 2.169948
0.1388387 3.068441
0.08279176 1.372792
0.147081 1.39681
0.1201072 2.493534
0.2637872 2.498083
0.1150466 2.601211
0.1330904 3.378091
0.09356222 2.787041
0.2062288 1.365032
0.1352865 3.48734
0.09737011 6.042614
0.08862376 2.813293
0.1121845 2.392928
0.1174957 2.9913
0.07828995 2.963411
0.1274431 3.287125
0.1360017 2.134993
0.1424018 1.78343
0.1792827 3.496306
0.1582485 1.999338
0.1301429 3.226043
0.125674 2.966057
0.1720509 3.213253
0.1685307 3.142346
0.1371768 2.633617
0.2170338 1.222571
0.1727709 2.055586
0.2126832 1.548966
0.1239475 3.007736
0.1170519 2.297557
0.1187675 3.664462
0.1442356 2.23123
0.09096997 1.540581
0.1113283 2.258468
0.13169 2.979022
0.1920547 1.872235
0.1659844 2.255153
0.1180365 2.123259
0.105849 4.746146
0.0647624 2.601549
0.2253279 1.821659
0.07809308 3.805874
0.1301763 2.817889
0.1646524 2.072939
0.1548811 4.246009
0.1450472 3.062141
0.1296514 2.976499
0.1058315 3.023934
0.1803833 2.901088
0.2019032 2.747605
0.1297924 2.51083
0.1187968 2.630389
0.1427904 3.44427
0.2346553 3.375782
0.1104238 1.451936
0.0800988 1.4363
0.097848 1.748785
0.1552402 2.594595
0.119285 2.473255
0.1140225 4.241398
0.1264905 1.410082
0.1170281 1.290739
0.1279882 1.748931
0.1660043 3.927112
0.1212583 2.020868
0.2064519 1.483599
0.1625105 1.913822
0.1177412 1.684995
0.1307053 1.821941
0.108389 2.821167
0.07625828 3.049932
0.1508474 2.116854
0.1699419 4.401877
0.09324733 2.502689
0.09673829 3.084463
0.07377456 3.310236
0.1066984 3.62735
0.112868 3.301788
0.09203011 2.030731
0.08151107 2.977241
0.05294663 3.909588
0.06750121 2.405404
0.1783024 2.975898
0.2062533 2.299104
0.1516198 2.89196
0.1102314 2.156396
0.119911 1.430937
0.09519315 2.268866
0.102805 2.577019
0.126939 1.937433
0.178362 4.226159
0.3107678 3.563747
0.1406032 3.069976
0.1251742 2.260681
0.1244235 1.615109
0.0975431 2.535413
0.08202308 2.070019
0.07864908 2.852469
0.09210394 1.731992
0.1528266 2.184578
0.07368328 3.007868
0.09751823 2.814484
0.1520877 3.245865
0.1770879 1.656382
0.07839146 1.432676
0.1533506 2.914327
0.1307237 3.36441
0.1604506 1.766912
0.1039395 2.611095
0.1941575 2.947036
0.1269754 2.180735
0.1484556 3.292717
0.1370762 2.000302
0.1539358 3.221547
0.1110759 2.618616
0.09871428 2.535451
0.08065052 1.887733
0.1808147 2.446658
0.1809608 2.795732
0.06671965 2.823271
0.1482737 2.39527
0.1460093 3.15848
0.1332812 2.310392
0.1024179 3.431423
0.1586598 1.993135
0.1826085 2.02368
0.1616409 3.336848
0.1402211 3.078215
0.1189946 2.877447
0.1184303 2.635709
0.1247419 4.878024
0.1413749 3.293441
0.1487397 1.610762
0.1122905 1.473245
0.1289774 4.371221
0.1506815 3.923861
0.1198376 2.420051
0.1445943 3.244013
0.1949734 2.547957
0.1592042 2.768162
0.1986476 1.999586
0.1004161 4.008404
0.1340576 1.758416
0.09335458 2.897989
0.1339825 1.973343
0.116469 4.085126
0.08385693 2.079786
0.09873628 3.755532
0.07653241 2.499409
0.04501542 2.479138
0.1413276 3.431781
0.1545651 1.879798
0.08711865 2.632842
0.110684 2.506593
0.09393329 1.343843
0.1065389 2.805605
0.1127715 3.972578
0.07350339 3.51773
0.1358475 3.716865
0.09372796 3.30362
0.08320651 3.101237
0.1599048 2.482767
0.1132902 4.816552
0.166986 2.813521
0.1219201 3.155827
0.1029434 2.609356
0.0924447 3.490752
0.1712442 1.918894
0.1651356 2.116338
0.1074199 3.171121
0.1475601 3.333415
0.09765343 1.990004
0.1060093 2.113535
0.2283792 2.172923
0.06168609 2.404972
0.1169255 3.299512
0.1246322 2.965829
0.1487104 2.049805
0.09400401 2.934143
0.09871103 4.277919
0.1527075 3.615474
0.1625504 5.073935
0.1657309 3.095951
0.09857925 3.042514
0.2472389 1.980122
0.2000241 1.413755
0.1285353 2.121395
0.1515928 1.633738
0.1888219 3.147927
0.144701 2.411842
0.1649171 3.304644
0.1712751 2.320171
0.3046317 3.786709
0.1867041 2.87597
0.1769342 2.623812
0.1250405 3.464606
0.1451625 2.316048
0.1608952 2.988987
0.2040168 2.851744
0.1674256 2.464549
0.1371708 2.797181
0.1493182 4.284388
0.1152646 3.329787
0.09145048 1.834855
0.1458168 3.005977
0.1360797 3.098356
0.1247547 1.749297
0.1522684 3.158066
0.1424365 4.094038
0.08679178 1.68933
0.1007806 2.668254
0.09319034 2.844725
0.2181409 2.900248
0.1515097 2.218229
0.1008976 2.88756
0.06946952 1.663948
0.124531 3.936612
0.07861967 1.855063
0.1187609 6.227324
0.1409297 3.729043
0.08615306 3.303217
0.09760192 3.211347
0.1450204 1.804932
0.1320343 2.650846
0.159354 2.516441
0.080774 3.136065
0.1082016 2.214766
0.1418259 2.155933
0.06643698 2.623023
0.09810776 4.454574
0.115286 2.509012
0.1694927 2.628112
0.1176119 1.877465
0.1127396 3.31944
0.1256199 1.718088
0.1660158 3.910241
0.10469 2.167287
0.08529997 2.723287
0.1106144 3.682323
0.0995476 2.683113
0.1567145 4.015485
0.1455196 3.42711
0.1630098 1.58216
0.1380326 1.973755
0.1059702 2.519653
0.1431864 2.684334
0.1069389 2.697155
0.229444 1.252827
0.1532865 3.636248
0.1353192 3.911774
0.1635294 1.947386
0.1092208 3.256278
0.1226353 2.258243
0.1091444 2.198133
0.09000955 2.286945
0.1064693 2.077756
0.1565223 3.626596
0.15744 2.722753
0.1486687 3.656201
0.1649245 1.508288
0.08712231 2.9741
0.113776 1.768253
0.1085065 2.583648
0.1362269 2.456004
0.1465682 2.099261
0.1178617 2.37988
0.159714 1.742112
0.1508062 2.675015
0.1752716 2.104725
0.108086 3.007317
0.08544628 3.164234
0.1398186 5.696092
0.1139211 2.876508
0.1696054 3.088386
0.1853894 3.476179
0.1172938 3.561262
0.1271103 1.67565
0.09654237 4.027567
0.08036184 2.478976
0.1470005 3.693002
0.1491968 2.079981
0.1897421 3.721999
0.1340862 3.793288
0.06576007 3.03444
0.09830271 1.585531
0.1194813 2.447233
0.1539298 4.269163
0.1470115 2.771758
0.161677 3.189074
0.1323889 2.624238
0.06674461 2.890664
0.09137035 1.967447
0.1189104 3.889785
0.0929989 1.448169
0.0763496 3.843342
0.1005334 2.365343
0.1777501 1.884127
0.1303048 2.986493
0.2408622 2.587213
0.1319593 2.626346
0.08022817 2.910018
0.1400025 2.675882
0.1317736 1.584753
0.1183198 2.908181
0.1381081 2.764641
0.09267508 3.159615
0.0802802 1.814187
0.1311016 2.819829
0.1493257 2.784474
0.1022546 2.229359
0.1912622 1.463967
0.2299293 4.331231
0.1177186 2.502238
0.1384524 2.333638
0.1759619 3.355684
0.2029283 2.274362
0.1679574 3.657489
0.1233017 3.050038
0.1664583 4.977825
0.1331311 3.212628
0.1326102 5.068635
0.1160315 1.993463
0.1637459 3.265155
0.1163056 2.101137
0.08139863 3.426961
0.07116615 3.100553
0.1037314 3.410389
0.1123826 2.893861
0.1718941 3.96111
0.1312891 3.206724
0.08518669 2.240876
0.1202707 2.473243
0.09970732 4.297938
0.08947491 4.566087
0.06346654 3.818531
0.08735746 1.957721
0.1985751 3.78257
0.1269928 2.801998
0.1177214 3.729172
0.1482639 3.689912
0.09406496 4.034874
0.1042679 1.969411
0.1088542 2.305255
0.1124083 1.86166
0.1101888 2.398139
0.09935988 1.941105
0.139372 4.443554
0.1964498 1.33976
0.121965 2.915333
0.111059 2.891023
0.103977 3.484733
0.1165776 2.52347
0.1254537 2.374609
0.1094091 1.770782
0.1262743 2.890185
0.2009818 4.596909
0.1512775 3.406671
0.1356328 2.211207
0.1173771 2.693723
0.191521 3.73464
0.2110855 2.098586
0.1111044 2.428948
0.06618372 2.80266
0.08045894 2.478067
0.05581891 3.875079
0.1617414 4.907867
0.07140483 2.839969
0.09114472 2.542251
0.102492 1.955471
0.1428484 2.408699
0.098819 4.951226
0.1152783 2.41982
0.1268717 3.92175
0.09739987 3.359388
0.126907 3.066704
0.06961931 4.800765
0.1138011 2.483012
0.1176958 3.2473
0.1320005 2.984624
0.06571459 3.260052
0.1184418 2.309588
0.09441856 3.455416
0.1536404 3.473227
0.1130993 4.064706
0.1070064 1.504025
0.1098221 3.016665
0.1109441 2.188697
0.1604372 3.624442
0.1562903 3.774998
0.1418415 2.706559
0.1051472 1.761455
0.1221668 0.7666846
0.09268326 2.81434
0.144099 2.18619
0.1470243 2.70597
0.122986 2.66883
0.1539428 2.141295
0.172953 3.55178
0.1044146 2.76797
0.1316888 1.822601
0.1005992 2.471158
0.08644179 1.546676
0.1950213 3.425689
0.1583116 2.870644
0.126858 3.347074
0.2112543 1.594192
0.1136355 2.365189
0.1304327 2.425081
0.1212243 3.009695
0.1291339 2.501485
0.1376657 3.926365
0.1338914 3.352217
0.1092088 3.267028
0.09904198 2.34965
0.15264 2.680799
0.1365453 2.060554
0.1397717 2.850467
0.1224986 3.375668
0.125122 3.744725
0.1354604 3.19424
0.09255837 3.294579
0.1438171 2.784602
0.09670169 2.046092
0.1529347 2.860859
0.1546284 2.192837
0.2200367 2.256344
0.1038898 3.158104
0.1369453 2.787353
0.1834655 2.839125
0.1509563 1.972799
0.1246818 5.089542
0.08622496 2.612974
0.06286993 2.584611
0.06587766 1.780894
0.163821 1.936618
0.07702192 3.278045
0.1317396 2.666219
0.1368782 2.489207
0.05254573 3.629882
0.1143734 2.447646
0.1367594 2.139284
0.1320063 5.187841
0.06723896 3.080969
0.06139063 3.194179
0.0824902 3.619873
0.1110132 2.441372
0.1817192 3.044133
0.1610479 1.919039
0.09953052 2.523632
0.1477133 4.817074
0.08161015 2.800096
0.1469444 2.283618
0.1442418 2.222316
0.1279978 2.361295
0.07563078 3.529618
0.09185614 2.183924
0.1562797 2.73038
0.1090506 3.42086
0.1314572 2.699033
0.1483681 2.287189
0.2208458 2.860297
0.1952087 2.763829
0.1678764 1.943242
0.1628388 3.567598
0.1412193 2.471834
0.1089046 2.671573
0.1336548 2.304263
0.09402577 2.435187
0.08274811 3.006732
0.135348 3.042998
0.09280342 2.564394
0.1120819 3.912005
0.1636443 2.07117
0.098145 3.204933
0.0892228 5.531132
0.0839065 2.447458
0.09602981 2.468796
0.1231312 2.425998
0.112699 4.102369
0.1042685 3.199396
0.1038671 2.544805
0.1282267 1.76173
0.1889108 2.051826
0.09023379 4.687258
0.2405468 3.083521
0.1594721 2.079095
0.11876 2.676382
0.1444124 3.873142
0.09437535 2.503685
0.178153 2.928216
0.1428742 1.691097
0.1642063 2.286392
0.1322112 3.177667
0.1430592 3.41376
0.1075245 3.299537
0.1712381 1.739267
0.1737203 2.371402
0.1069689 4.287039
0.1374211 2.413089
0.09290914 3.445289
0.1099856 1.775287
0.1514945 1.693046
0.1520001 3.690134
0.1312301 2.463787
0.1341995 1.575936
0.09905534 3.248979
0.07684619 3.423047
0.1378434 2.252612
0.0801285 3.434065
0.1647589 4.727768
0.1357867 3.277061
0.1182939 2.244237
0.1957761 4.963668
0.1350842 1.908212
0.1307984 1.624995
0.1905643 2.326644
0.1837624 4.126039
0.1908104 3.843213
0.1699006 2.792339
0.1547624 1.805005
0.09736404 2.625403
0.2521429 2.256414
0.153613 2.587796
0.1220721 2.394549
0.1083745 3.847923
0.1025691 3.260929
0.148469 3.4676
0.2043998 1.943053
0.2087421 2.44645
0.1173277 2.962691
0.1257409 2.309942
0.1208259 1.983383
0.1339598 3.278391
0.09730152 4.805266
0.1212986 3.64108
0.09097971 2.576733
0.09230509 1.508203
0.09034549 1.767017
0.1541455 2.142933
0.09882651 3.974484
0.08986408 6.052284
0.1037603 3.817713
0.06482525 1.432916
0.1114802 3.024695
0.1039912 4.037092
0.185956 1.959645
0.169595 3.944848
0.1454557 2.778453
0.1119284 1.750844
0.1035366 3.838622
0.1206967 4.870156
0.1109083 3.158325
0.1292215 1.960861
0.08338801 1.481002
0.1098032 3.985045
0.1032847 2.373686
0.1380997 4.626719
0.2389369 3.199758
0.1183773 2.34469
0.1292901 2.245533
0.1801879 1.639028
0.1309897 3.298914
0.1289571 2.433849
0.2219486 2.355843
0.1305626 1.373924
0.1032948 2.251604
0.105512 2.861656
0.15184 3.434041
0.1934178 3.193696
0.1401506 1.703898
0.1946559 1.875221
0.147108 3.976223
0.156722 2.138071
0.1888129 3.050177
0.179822 3.03505
0.1667753 4.556339
0.09915039 2.475209
0.09888579 3.229072
0.1147093 3.369667
0.1002776 3.5636
0.09598479 2.931234
0.08632057 1.880678
0.1893316 3.58052
0.1678219 3.573533
0.2115458 3.836764
0.1515802 2.612588
0.1207213 3.461592
0.1664027 2.847407
0.1606525 1.678356
0.1720539 3.856686
0.08660722 2.800601
0.1319842 1.888075
0.1610057 1.565
0.1288597 4.631809
0.1671417 1.74893
0.1871268 3.369706
0.1166609 2.447488
0.07066034 1.757457
0.09036481 3.364014
0.1564014 4.204803
0.1231917 3.186225
0.1207615 2.930534
0.087007 2.243366
0.09941648 3.174775
0.08143249 2.497917
0.0591833 3.120215
0.1168612 3.500957
0.04791879 1.988744
0.1195934 1.947601
0.2442945 3.086709
0.09274398 2.015569
0.1013904 2.896522
0.0689686 2.299177
0.1530422 4.480889
0.1005449 4.117171
0.1188847 4.665109
0.1289431 2.129314
0.1968494 2.467312
0.1383133 0.9858086
0.1183847 3.474386
0.09096351 1.68601
0.2159206 1.623437
0.1284221 1.487929
0.1253985 3.229677
0.1584849 1.825799
0.172706 1.598275
0.1516304 2.431196
0.08934103 4.716729
0.1630543 1.642493
0.1406086 1.723207
0.1209465 2.118767
0.08185067 3.879271
0.1315562 3.497469
0.09750707 1.834537
0.1063313 2.042042
0.1181391 2.807227
0.1450176 1.969596
0.06941272 4.733312
0.1159259 2.850403
0.142824 2.667323
0.08709335 4.595977
0.1270544 1.601382
0.1299592 1.385779
0.1869149 2.318436
0.06495717 3.219606
0.1147648 2.932741
0.09626407 3.346358
0.2015485 3.994371
0.184008 4.380659
0.2353558 2.428104
0.1536363 2.543215
0.1108041 2.353657
0.1077539 1.886841
0.1125449 1.86867
0.1563172 1.880957
0.1059975 1.508721
0.126861 3.422939
0.09367919 3.238191
0.0944528 4.271858
0.09461753 3.923752
0.0920366 2.36602
0.1053865 3.351064
0.08143026 3.113136
0.1144932 3.423424
0.1046377 2.900705
0.05978817 1.925958
0.09266936 2.244036
0.1221284 2.480018
0.1147095 2.200302
0.1492323 3.875504
0.1757366 3.135094
0.1606326 3.153061
0.1103994 1.87844
0.1503491 2.964212
0.07210906 2.568682
0.06986939 2.841476
0.1102006 4.342852
0.05632028 2.273095
0.07655479 3.067846
0.09582742 4.007783
0.1839175 2.099255
0.2303652 2.987477
0.2610112 3.421792
0.10194 2.860531
0.0991807 2.205643
0.1743789 3.226105
0.1323829 3.14572
0.1438637 1.912214
0.1679128 3.155588
0.1037233 2.488949
0.0920211 3.224552
0.0970031 3.45789
0.1194924 3.614783
0.1485596 3.182755
0.1218821 2.388722
0.09319589 3.7366
0.1949949 2.96919
0.1228282 2.10178
0.1122478 3.981438
0.1035708 2.470324
0.1293718 2.915923
0.1044553 2.876618
0.2136904 3.401112
0.1034118 2.381938
0.1630525 2.194232
0.1375485 3.636896
0.125942 2.760807
0.08586564 3.185143
0.1093887 1.407424
0.1104896 3.688205
0.1192296 3.303778
0.09673732 1.430946
0.1539187 2.542334
0.124029 2.196551
0.1073951 1.843287
0.1459373 4.08391
0.1408621 3.811597
0.1218968 1.790603
0.08067098 1.710028
0.1302286 2.32984
0.1746101 1.363098
0.1144855 2.364661
0.1858584 1.690257
0.1540415 2.559348
0.1097579 2.607853
0.1279599 1.742579
0.1216807 3.57814
0.09141745 2.552151
0.1469775 3.062438
0.09329335 3.383593
0.06545603 1.723295
0.07545463 2.607022
0.1080996 3.515623
0.1687066 2.553029
0.1463147 3.342262
0.1262297 3.652318
0.09503659 2.367545
0.07324889 3.855415
0.09778141 2.928859
0.1829498 2.489492
0.1174019 2.377545
0.1317218 2.989856
0.1171622 3.356607
0.1344411 2.547954
0.1325227 2.948788
0.1490222 3.508719
0.1726476 1.901394
0.1634404 2.670045
0.1005257 1.887095
0.1740079 2.164299
0.1416573 3.827162
0.1029887 2.413984
0.1354388 3.897437
0.104676 1.893967
0.08092072 1.997171
0.1633442 1.94502
0.1040421 2.718867
0.145527 2.563512
0.1289145 3.477307
0.1082044 3.341808
0.08036118 3.928897
0.09306064 2.712929
0.07462777 2.749265
0.2162249 2.064277
0.09260884 2.713762
0.1108482 3.703203
0.0723047 2.248006
0.08274376 2.835485
0.1301692 3.041826
0.1268717 1.910215
0.1488668 1.997585
0.1655135 3.197886
0.1683801 4.608638
0.2169522 2.869844
0.1478472 2.639392
0.09654555 2.839212
0.1176808 2.757168
0.1184502 3.73923
0.1727357 3.879819
0.195669 5.572428
0.0765216 3.471697
0.1084029 1.916089
0.1287092 1.428004
0.1603798 2.991903
0.1197852 2.562638
0.08587596 2.327418
0.1408785 2.534922
0.0715779 2.741839
0.08395298 3.487518
0.1572626 2.703181
0.08220188 2.031135
0.1163429 1.735846
0.1716612 2.265829
0.08759929 2.856189
0.0904628 3.560678
0.09277543 2.037778
0.06880476 2.416918
0.1256478 2.324088
0.08418437 1.959879
0.08429928 2.113529
0.09871859 2.938361
0.1003205 3.036569
0.1410579 2.379136
0.1333279 2.377022
0.07609329 2.842674
0.1167192 5.424446
0.1136564 3.180422
0.1309171 2.137842
0.1134855 4.059208
0.2110464 5.201224
0.1933198 3.909477
0.1260384 2.445176
0.1094644 2.384845
0.1284482 3.301662
0.1223483 2.904168
0.1262234 1.391434
0.1624765 4.545296
0.1118193 2.198365
0.07942184 3.169565
0.08385794 2.33806
0.1340171 3.216496
0.2013979 2.552853
0.1846585 3.215044
0.1167526 2.316375
0.1666983 1.84855
0.1648178 1.686031
0.1523905 2.420312
0.1996668 3.688742
0.1794205 2.132082
0.07962594 2.744477
0.1271898 3.462517
0.1142202 3.628707
0.1372726 2.653562
0.1086616 2.207796
0.1214282 2.38693
0.1285252 3.64081
0.1108164 3.221639
0.1217419 2.384728
0.117141 1.894871
0.1392432 1.452291
0.1585524 2.741288
0.1089755 2.904622
0.1449351 1.285703
0.1234982 1.898087
0.1091344 2.465245
0.1459549 1.934477
0.1604131 2.206645
0.093918 1.559646
0.1828408 3.008774
0.08657637 2.52832
0.07783518 2.496121
0.1386961 2.518361
0.1506691 3.088495
0.09806804 1.204119
0.122681 2.799769
0.1464153 2.241356
0.09846513 2.789913
0.08409857 1.993994
0.1483572 2.492172
0.1969818 3.426006
0.09077021 2.46601
0.1153866 1.743436
0.1296748 3.786222
0.1620962 2.037416
0.1845942 3.071524
0.1192336 2.103386
0.1210432 2.121828
0.1139786 3.446429
0.08206891 4.169626
0.08963873 2.260101
0.1479206 2.226646
0.1447897 2.579606
0.1512931 2.958439
0.1008031 2.66468
0.1876902 2.600069
0.1585184 5.718964
0.200555 3.766587
0.1043943 1.899479
0.1214311 3.694913
0.08341454 1.340828
0.1145136 3.372946
0.1390581 2.520716
0.1176627 2.865535
0.1278959 3.768481
0.1454274 1.739299
0.1526345 2.961375
0.2049484 2.085966
0.1776275 3.003905
0.07984362 3.880801
0.1474259 3.37944
0.1866544 2.377364
0.1008297 2.084325
0.2202004 2.236882
0.1311442 1.692105
0.2000956 2.869807
0.1326687 3.050045
0.1112982 4.279638
0.1841801 3.187473
0.1469182 3.469183
0.1724985 5.141669
0.1513772 1.961971
0.1615788 2.968862
0.187955 2.740726
0.09499375 2.902535
0.1046308 2.751109
0.146922 2.087871
0.139061 2.569031
0.1466991 2.581609
0.105342 3.336793
0.1680619 2.85
0.1008938 1.726252
0.1138536 3.046373
0.1406224 2.168559
0.1416902 2.491125
0.08226919 3.724906
0.1644723 2.664319
0.164812 3.543679
0.1201027 1.3984
0.1324229 2.959957
0.06661851 2.257546
0.07859501 2.282753
0.1509907 4.543061
0.1418168 3.181247
0.121919 3.765072
0.07724966 1.088787
0.1720002 3.0043
0.1453917 1.991967
0.1007989 4.599208
0.2026015 3.511054
0.1866801 3.970859
0.1333199 1.638584
0.09526802 1.952609
0.06294852 2.863772
0.0866754 3.609918
0.11986 2.218428
0.07722293 1.850994
0.1473792 3.813662
0.142637 1.898517
0.1788925 3.109646
0.1294063 1.82501
0.1272446 3.084579
0.14615 2.159897
0.1329234 1.886046
0.1199069 1.647073
0.1529413 1.707589
0.1376864 3.404691
0.1256747 2.658776
0.1550711 2.079424
0.1354955 3.079363
0.1230943 3.565106
0.1876773 3.075937
0.1271465 3.590013
0.1351099 3.017256
0.1754824 2.122843
0.153177 3.700727
0.1672651 2.167373
0.1232775 3.014596
0.1646352 3.782082
0.09738991 3.024821
0.08766706 4.235648
0.1225369 3.248519
0.1416992 1.007144
0.2125308 5.431747
0.1454438 2.663499
0.1224551 2.383492
0.06989763 2.795338
0.2039308 2.304052
0.1481868 3.758864
0.1201641 2.17046
0.07367079 2.567822
0.1111988 1.722324
0.1035505 3.241493
0.1162492 1.857721
0.1188112 2.745649
0.07167778 3.356222
0.1051089 2.77522
0.1101245 4.063525
0.1310977 2.949183
0.1363194 1.916447
0.1694375 1.530915
0.1270301 1.556584
0.1370607 4.155071
0.1459065 3.354913
0.08760326 2.928982
0.1585649 2.321921
0.1507163 2.060404
0.136783 3.007645
0.1725316 3.001936
0.1316687 2.898725
0.125035 4.820779
0.1332882 2.539034
0.1024843 2.829692
0.1497745 4.18097
0.1660845 1.719072
0.1251102 2.281066
0.1525883 3.419498
0.09471529 2.261994
0.1025139 3.417661
0.1000396 2.070896
0.1200467 3.200083
0.2116824 2.009128
0.1529087 2.466098
0.1735888 5.233879
0.08342004 3.417326
0.1038512 3.407157
0.135015 2.203627
0.0956503 2.995571
0.128028 3.000802
0.1309288 2.206129
0.1214305 4.858488
0.1297308 1.992141
0.09565576 2.762887
0.08850851 1.739176
0.1866258 1.665522
0.08725997 3.555798
0.1258802 4.144627
0.1607102 1.559645
0.2352243 3.440926
0.1753489 2.492883
0.1362722 2.645081
0.1019128 3.004976
0.111506 1.432883
0.09567422 2.839427
0.1148271 1.672548
0.1061826 3.642971
0.1605814 2.570137
0.1368474 1.798313
0.1450434 3.241825
0.1181273 1.705422
0.0902576 3.174045
0.08140709 1.709648
0.09057404 2.856447
0.1036873 3.107339
0.09566501 2.132715
0.110391 1.861607
0.1124785 2.154008
0.1911318 1.534191
0.196173 3.574816
0.09005688 1.710643
0.08288198 2.906622
0.1507033 3.271018
0.09449421 3.755503
0.1150556 2.887402
0.1288549 2.824337
0.1063284 2.748142
0.1536534 2.685418
0.1340661 2.419869
0.09830964 3.243713
0.1987402 2.95694
0.0957539 1.84421
0.2053235 2.025142
0.2522907 1.508865
0.1443462 3.306718
0.186604 2.386487
0.1135736 2.746639
0.1287859 2.697163
0.1651925 2.985095
0.1061742 1.435275
0.1096958 3.39146
0.07784738 2.348527
0.1115622 1.778072
0.06645062 2.269747
0.1150516 1.630603
0.1488212 2.509304
0.1454403 2.346336
0.09271363 2.105307
0.09926877 2.611955
0.1465201 2.967298
0.2116286 2.161913
0.1585048 2.461296
0.1066693 4.747231
0.1192062 2.519776
0.09358764 1.740492
0.1093877 4.34655
0.1456891 1.868683
0.1804232 3.35001
0.1499472 2.879062
0.09485614 1.479983
0.1562942 3.009276
0.1622141 3.134177
0.07587588 2.786092
0.09572984 1.515416
0.1075338 2.063538
0.1010898 2.267207
0.1041995 2.803223
0.1386992 3.756151
0.1537704 2.930114
0.1536021 4.408362
0.1383641 4.560573
0.1873461 2.544736
0.1538459 2.173119
0.16901 3.59052
0.07004639 1.371161
0.07495861 3.09579
0.1209454 2.816763
0.08648443 3.390144
0.1165991 3.835522
0.1618051 2.398053
0.1835862 3.191764
0.1251765 3.012975
0.1145309 1.423961
0.1288221 3.434777
0.1211839 2.595575
0.1464655 1.737065
0.09045152 2.245566
0.08615452 2.537728
0.07427869 2.535744
0.0820239 1.356529
0.1246431 2.726405
0.1567912 1.634069
0.1154783 2.298341
0.08622998 2.413192
0.1113391 2.076439
0.1223416 3.246468
0.08253727 2.746683
0.08881146 3.209855
0.1068969 1.347256
0.1410993 3.031433
0.1392901 1.963764
0.1268452 2.135785
0.1426111 1.824235
0.1369695 2.747866
0.1177039 2.45832
0.103739 2.640659
0.1289272 2.680681
0.1276738 1.937627
0.1047164 3.036445
0.1456914 3.317279
0.1739113 1.967931
0.1053802 1.910646
0.1581643 2.681225
0.151778 3.868809
0.1282206 2.575921
0.1135291 2.122581
0.1097504 2.484232
0.09295589 4.376265
0.1060674 3.200564
0.09590143 2.843485
0.1641839 2.195334
0.10032 2.545333
0.1375171 3.37256
0.1052566 2.661646
0.1037049 2.736695
0.06014191 3.566008
0.05908039 2.15324
0.1225096 3.425248
0.1601127 2.244444
0.1434948 2.400695
0.1495941 4.483482
0.1169455 3.492107
0.1308191 2.158035
0.1597429 5.548
0.07368466 3.710893
0.05480694 3.09644
0.1179102 2.426264
0.1181612 2.145802
0.1042091 1.736787
0.1421833 3.552955
0.1118503 1.150775
0.1132938 2.016069
0.1008317 3.085674
0.1277481 1.612904
0.1629723 3.668501
0.0679862 2.669717
0.09091484 3.547812
0.1995225 1.155887
0.1150228 1.852238
0.1926965 3.173647
0.1669562 3.471679
0.1258465 2.941231
0.161206 2.679544
0.1711734 2.074202
0.07024425 3.882658
0.06316448 2.887403
0.1033355 2.355746
0.1711238 3.314913
0.1425785 4.36483
0.0790134 1.783424
0.07240542 3.731433
0.09797079 2.207383
0.1259998 4.310935
0.09044553 3.484243
0.1075543 3.475426
0.1288078 3.37614
0.1128617 3.142988
0.1067025 3.273221
0.1530088 2.259939
0.11805 3.049017
0.1083371 3.70929
0.1590835 3.472048
0.1225086 2.014706
0.1581121 2.14235
0.09510521 2.211184
0.1117273 2.589248
0.0900371 2.741231
0.1925703 2.434963
0.140115 3.666136
0.1314103 2.09886
0.1256177 2.601574
0.0699322 4.206205
0.08711471 2.766745
0.1094442 2.4038
0.1328385 2.665069
0.08312719 3.433054
0.1037633 3.842852
0.1210658 2.467218
0.1156464 2.291158
0.0888025 2.806923
0.1196601 3.293038
0.1349636 1.718026
0.13403 3.424753
0.1934685 3.124707
0.1090657 1.654001
0.1144742 3.523949
0.1969493 3.459698
0.1763365 2.636855
0.170719 3.169151
0.1004814 2.183237
0.08661952 3.503088
0.09332635 2.434183
0.1092415 1.834379
0.1228507 1.425749
0.1807091 2.286207
0.1324333 3.154724
0.09225492 2.6817
0.1334924 4.428828
0.1512681 3.380707
0.1008642 1.631054
0.1016195 2.95119
0.1647909 5.637301
0.1240145 2.146672
0.1251142 3.375707
0.2118264 4.801823
0.1247609 2.138789
0.08429911 2.5728
0.09809867 1.870606
0.1218019 2.51585
0.1366648 2.461194
0.1284977 2.972503
0.08217344 2.666911
0.1229305 2.126664
0.1049438 2.352049
0.09480161 2.875469
0.09154486 2.493825
0.1745026 1.937281
0.1120891 3.146235
0.1412735 3.518186
0.1319488 3.691788
0.1529183 4.108867
0.1360671 2.860528
0.167712 3.581558
0.07982403 1.836411
0.1891899 2.608311
0.1717018 2.91663
0.1707618 1.402212
0.1237707 3.68055
0.2173767 3.128659
0.1840842 2.79945
0.1214349 2.37315
0.1090786 2.956836
0.1576321 4.490459
0.1408287 3.188963
0.1065676 1.982999
0.1419066 2.282759
0.1144543 1.722071
0.1275898 4.193105
0.1413587 3.136121
0.1009223 4.125019
0.1633642 2.518625
0.1344499 1.824338
0.1666169 2.766941
0.1276554 2.32034
0.2124573 2.217527
0.171605 2.150308
0.08691838 1.755334
0.1105635 2.355912
0.1243473 3.754117
0.105876 2.37949
0.09231795 1.675638
0.09226285 2.525437
0.1809137 3.636028
0.09447324 2.282258
0.1147234 3.020407
0.1115889 3.719022
0.1640332 3.0949
0.1520238 2.526367
0.1852596 2.180371
0.151842 3.61815
0.1186304 2.192069
0.07354587 3.549027
0.1086966 2.115426
0.1009806 2.73214
0.0908811 2.03787
0.07384498 1.089149
0.08468608 3.056904
0.08745355 2.555413
0.1576599 4.321137
0.1584862 2.008869
0.1178078 2.990456
0.1201153 3.106805
0.1391617 2.203844
0.09390729 2.562442
0.08053461 4.107231
0.1555565 2.41556
0.1391325 3.44519
0.1142039 3.29825
0.1586979 2.44106
0.105417 3.056403
0.09334086 1.925491
0.1022805 2.793962
0.1002032 2.115088
0.1054553 2.234799
0.1470424 2.978507
0.1191262 1.758974
0.1695462 3.340168
0.1615371 2.862658
0.1370027 2.530117
0.1595304 1.011161
0.1501565 2.006431
0.1325956 3.394127
0.139826 1.439946
0.0981054 2.606391
0.09805254 2.762841
0.1027209 2.509997
0.1368882 2.14309
0.1550082 1.892117
0.07704203 2.044158
0.1857455 3.877294
0.1172463 3.262041
0.2021235 1.876099
0.1734761 2.994135
0.09093842 2.573956
0.1509835 1.951575
0.1312847 2.05779
0.06977187 2.967577
0.09338208 2.376009
0.09283902 5.517604
0.09279995 5.252785
0.1561801 4.906987
0.2540702 2.366687
0.2931225 4.331924
0.1271687 2.424671
0.1248054 1.633097
0.08554365 4.590245
0.1120649 2.047379
0.08839775 2.552943
0.1021627 1.520011
0.1015439 2.411384
0.1605003 3.93212
0.1880282 2.981802
0.1122749 3.337356
0.1144686 1.882552
0.1583266 2.846819
0.131685 3.280845
0.1221082 3.48024
0.1280441 3.451432
0.1882185 2.404176
0.1370444 1.94134
0.1856043 1.755293
0.0994966 1.832847
0.1450706 3.158183
0.1806938 1.908066
0.2053415 2.83309
0.1233706 2.676102
0.1718682 2.661542
0.1467678 2.262893
0.09947698 2.287287
0.1019169 3.236338
0.1191791 4.335407
0.1182815 1.029128
0.1698196 2.565311
0.1511832 1.819276
0.1760321 1.266507
0.1155935 2.067484
0.1313887 1.865497
0.1405032 2.147368
0.1120324 2.28037
0.08532245 4.070261
0.1304013 1.957115
0.1241431 2.554006
0.1404255 3.807249
0.1439513 2.883207
0.09080235 2.647406
0.1215322 3.536717
0.1592414 4.53514
0.09115239 2.502888
0.1810319 2.200012
0.168391 3.630485
0.1164893 1.882936
0.08774352 2.604506
0.1310916 2.277076
0.0755184 2.517627
0.06083008 3.628504
0.1941596 2.540971
0.09215794 2.81705
0.1597664 3.412464
0.07195557 2.992354
0.09771534 2.354588
0.1264297 4.563257
0.1637157 1.989105
0.1397038 3.49375
0.09256882 3.474018
0.1183973 2.611524
0.1203164 3.405922
0.1423312 2.262033
0.1689457 2.005541
0.1174662 2.863586
0.1315944 2.042203
0.1043566 1.738976
0.1083202 3.973665
0.1555291 3.082895
0.1686573 2.446254
0.1019439 1.632724
0.1086847 2.325091
0.1573717 2.454692
0.1220426 3.646864
0.08762888 1.214325
0.05844346 1.794455
0.08226173 3.018342
0.1028631 3.047154
0.1424607 2.34054
0.1313872 2.505559
0.1523601 2.280417
0.1029679 1.99318
0.1147293 2.525194
0.1062081 2.751614
0.07634815 2.767043
0.09891486 2.495806
0.1086496 1.923838
0.1350138 2.594912
0.2109119 2.280115
0.1341406 1.726414
0.119398 4.922843
0.06863314 4.111638
0.1035941 4.337839
0.1065736 3.692586
0.1154795 2.132509
0.1036058 1.648239
0.1026013 2.258171
0.127917 2.985086
0.172197 2.439402
0.1140861 3.044891
0.1234331 1.663275
0.1340025 2.219109
0.1042742 2.198552
0.1348731 3.13832
0.1235656 2.841488
0.1087143 2.956166
0.1526182 1.54903
0.09687743 2.091185
0.1186811 3.104266
0.1696355 3.490203
0.09919623 1.443274
0.109345 3.259373
0.10624 1.521352
0.1573974 2.460334
0.1656737 2.94464
0.1540724 2.287782
0.1001358 1.619004
0.09104265 2.636858
0.09278197 2.311426
0.08434522 3.107947
0.07081307 2.896293
0.1093068 2.865365
0.1252364 3.316379
0.1216039 3.965339
0.1911764 2.216693
0.141698 2.072106
0.1141394 4.437202
0.1046803 4.249804
0.1125081 5.863495
0.1302916 2.52204
0.1113885 3.477668
0.1204856 3.208512
0.08474344 2.232715
0.1253115 4.824282
0.0877099 1.749594
0.1577648 3.867998
0.1445993 4.160718
0.0788539 2.59199
0.09814914 2.116361
0.03851003 2.878528
0.07612511 1.803029
0.1621452 3.458277
0.1391182 3.146909
0.1183783 2.107383
0.1895447 2.277543
0.1507793 2.382475
0.1818757 2.603362
0.1517934 4.067126
0.1740435 2.060322
0.2073191 2.509098
0.08389081 2.454907
0.1442276 4.10032
0.09337567 3.038993
0.17613 4.67199
0.1134821 2.786894
0.1186127 2.841417
0.06801731 2.636568
0.1088086 2.516478
0.1004405 4.287109
0.1509268 2.487047
0.1551833 2.441507
0.1415061 3.40191
0.141093 2.85711
0.09991229 3.039849
0.1347285 2.157587
0.08304131 3.223093
0.07362471 2.26867
0.1821199 1.725895
0.1880894 3.406206
0.09607304 1.571541
0.1248889 2.724162
0.09389516 3.208104
0.1100507 2.103843
0.08791505 3.015987
0.06573973 4.155373
0.1167128 3.743964
0.0844213 2.085124
0.1138778 3.290838
0.1119131 2.895711
0.110812 3.12788
0.135757 1.884692
0.1017434 2.665836
0.1096058 2.922803
0.1140462 2.219752
0.08335733 2.296719
0.09172136 2.992156
0.1124608 3.371857
0.1323211 2.094751
0.1276891 2.571645
0.1211039 1.443252
0.1006904 1.726512
0.1760607 1.943061
0.1314314 2.057755
0.1259189 2.913562
0.08395718 4.124864
0.1151637 2.369807
0.1480771 2.435776
0.1160216 3.789982
0.1527818 1.822778
0.1619371 3.092239
0.1653019 1.444821
0.1298937 1.744151
0.1473554 1.670514
0.1608765 1.546785
0.1729807 3.498314
0.12291 2.893187
0.1423241 3.021898
0.1214245 3.875794
0.09521899 3.641691
0.08999514 2.567985
0.1057751 1.726135
0.1524829 1.869829
0.09466378 2.541294
0.07752767 1.356248
0.07093618 1.992417
0.2541778 4.066939
0.1326503 4.432317
0.1905978 1.898908
0.1096692 2.462857
0.1208412 3.770573
0.1216923 1.827115
0.107153 2.237859
0.1430247 5.23016
0.1874884 2.525373
0.118871 1.762661
0.08343309 2.077693
0.09129544 2.341839
0.08557829 2.584961
0.06396434 2.218994
0.09304149 4.561973
0.07496962 3.081128
0.06864564 2.950782
0.1451798 1.648874
0.1173667 2.187324
0.1448047 2.463277
0.1935311 2.718708
0.1377676 2.006288
0.1948176 3.111524
0.1620927 1.16053
0.2010456 1.939091
0.1232618 2.905549
0.1444838 3.712549
0.09721952 5.324
0.1377678 1.848251
0.153759 2.757569
0.1324827 1.769461
0.05842193 4.230237
0.09441344 3.394943
0.1052441 2.922732
0.1225181 2.849781
0.1480641 2.680443
0.1844961 3.094043
0.191703 2.227517
0.1168355 3.096837
0.1541039 2.414407
0.08893129 2.356367
0.09039191 2.504317
0.1180198 3.139725
0.1178435 2.471694
0.1163211 1.489003
0.09142171 2.593374
0.2933395 2.870703
0.2625122 2.768799
0.2575703 2.751414
0.1804228 3.045693
0.1176349 4.022712
0.1159845 3.754276
0.09070355 2.581954
0.1595486 1.573081
0.1763728 2.539472
0.1264078 2.583123
0.150442 2.074803
0.09718042 2.148246
0.1296975 2.438607
0.1194054 3.639108
0.1310953 2.827793
0.08987014 3.523122
0.1115587 3.260048
0.1579977 1.999209
0.1346329 3.250248
0.1542886 2.712508
0.1040499 2.999541
0.1142985 4.111885
0.09576741 1.852666
0.1180532 1.649923
0.07483044 3.123235
0.05545219 2.508647
0.04898122 2.157051
0.05300985 2.4118
0.1325566 3.614998
0.09819062 2.677505
0.1421749 2.513098
0.1575023 1.758818
0.1372615 3.211842
0.115669 2.752067
0.107704 2.211127
0.1191712 2.226658
0.1975347 2.506958
0.2049744 4.538103
0.1476773 2.106378
0.138865 1.593756
0.1294032 1.761707
0.1219891 4.199731
0.1123585 3.186236
0.1241485 2.952839
0.1153958 2.157599
0.08656135 2.994914
0.08789265 2.877907
0.09779901 1.820564
0.1625206 3.138439
0.1245714 3.979532
0.09163527 3.978041
0.1233661 2.64539
0.1021279 3.124554
0.08710196 4.258977
0.1495084 4.331783
0.2034994 1.75819
0.1992175 4.109801
0.09100866 2.403592
0.1295411 2.384351
0.1246157 2.3232
0.1301069 3.089283
0.1095138 2.225791
0.109994 2.684871
0.1369848 2.406014
0.1362372 1.086174
0.08322324 1.674072
0.08755092 1.702747
0.09776362 1.587863
0.1546412 2.73721
0.1290369 1.561474
0.2064099 2.671956
0.1049323 2.994584
0.09919162 3.815929
0.1607754 2.646032
0.1180524 2.996865
0.1478898 1.60826
0.1627265 3.918487
0.07793434 3.541253
0.06179397 2.899278
0.07206105 1.803098
0.0970735 4.920549
0.08420268 3.964615
0.09119147 2.211756
0.1566676 3.340599
0.09569944 2.097874
0.1314253 2.356189
0.08614666 2.266919
0.1455837 2.554745
0.1081697 2.73206
0.1590268 3.082667
0.1408695 3.353826
0.1396358 3.015059
0.08529203 1.687984
0.08934017 2.545034
0.1531432 4.716892
0.07670148 4.586847
0.1127643 3.114194
0.1024485 4.584708
0.09348302 3.232907
0.1015382 2.530649
0.1346935 2.996723
0.1549213 2.940952
0.2066809 3.231969
0.1307557 2.408538
0.1653262 2.403198
0.1321844 4.252618
0.1074917 1.85267
0.1182355 2.270265
0.1588408 2.721183
0.102147 1.984918
0.1037313 3.06506
0.09561396 1.942414
0.1534127 3.162971
0.1459368 2.924146
0.1614157 2.438622
0.2279498 3.401377
0.1093256 2.41817
0.1281555 3.661306
0.1401383 2.176831
0.1328711 3.051766
0.1407676 1.811499
0.1144906 2.200183
0.2148739 1.611422
0.142393 3.360443
0.1412745 3.008271
0.1325678 2.779387
0.1399144 4.030994
0.1463889 1.682121
0.1136597 2.195461
0.1620559 2.267721
0.2222952 1.979355
0.1713232 2.880749
0.07645712 1.708746
0.1272194 2.273583
0.08296736 2.807592
0.1316011 3.112576
0.1742736 3.206095
0.07841971 2.335825
0.08306712 1.748855
0.1288829 3.047831
0.09665625 1.471991
0.1092182 3.058549
0.07987773 3.363518
0.1720918 1.39411
0.1136636 3.175666
0.1142687 2.476327
0.1597138 2.605047
0.2023256 3.554637
0.2206409 3.623314
0.1080521 2.93495
0.0807419 2.980792
0.1292875 5.255088
0.155405 2.519774
0.1369715 2.979126
0.1972942 2.646205
0.1716329 2.765876
0.09473655 2.814217
0.147208 2.286857
0.1538631 2.399892
0.1524741 1.903167
0.174714 2.139525
0.1446772 2.010756
0.1332124 3.720363
0.118463 3.106595
0.2061349 1.752405
0.1405608 2.380123
0.1249548 3.076032
0.1752608 2.23681
0.2217164 2.062039
0.07997894 3.403629
0.1197033 1.783555
0.1728975 2.183752
0.2409137 2.879797
0.1134817 3.070337
0.1770407 1.838227
0.1258051 2.771542
0.07514054 3.00017
0.1876897 2.149454
0.1472439 3.305763
0.09223209 2.992265
0.1189338 1.941737
0.1367858 1.868782
0.1297365 2.72289
0.154588 2.400491
0.1917549 2.697719
0.1745075 2.661506
0.09962617 3.44335
0.1591237 3.837404
0.1584155 2.077471
0.09822726 3.628173
0.1580609 3.986808
0.1587561 1.586261
0.2010742 4.592952
0.1456317 2.637716
0.1367618 2.477616
0.1157637 1.912165
0.1327811 2.53891
0.1285358 1.772108
0.1415891 1.529378
0.0937462 2.4285
0.1445233 4.975148
0.157213 1.541223
0.227459 1.954639
0.1629597 1.980914
0.1716645 2.086861
0.2013812 4.401967
0.1246157 3.958318
0.1149735 2.298404
0.1218909 6.020324
0.08033351 3.452038
0.07641798 4.10659
0.1297589 2.547616
0.07116795 2.612513
0.06577045 2.224024
0.07778347 1.970589
0.10813 1.64702
0.09926512 2.501842
0.1900346 3.169579
0.118278 2.960067
0.1273741 2.718579
0.1513082 3.3346
0.1218991 2.932334
0.1269133 2.117206
0.08672795 2.921534
0.1247319 2.961478
0.07412339 3.693469
0.06359562 1.695618
0.1322489 2.591964
0.1331149 2.91329
0.131676 2.09801
0.09205632 3.808833
0.1275758 3.176962
0.08796009 5.32561
0.05669721 2.234337
0.05915928 2.760633
0.07218493 2.460771
0.1010218 4.616371
0.08439931 3.089694
0.112885 2.758821
0.08599899 2.231296
0.1162431 3.66889
0.1017341 2.497743
0.1365519 2.86074
0.1797465 3.187809
0.1544708 3.139903
0.1092719 3.665751
0.1243654 3.113935
0.1831349 2.37643
0.1155896 2.674271
0.1178954 4.021468
0.1677427 2.590252
0.1994626 3.051455
0.2124458 1.275447
0.1112744 2.474091
0.1134791 2.308496
0.1963319 3.114445
0.1282155 2.548392
0.1965856 3.63661
0.08863131 3.617914
0.09550724 1.375831
0.1152175 3.554085
0.09301057 3.101843
0.117869 3.479868
0.1177978 6.439216
0.180696 4.143935
0.1204554 2.486274
0.08423724 2.027238
0.1897256 2.526415
0.2176625 2.692869
0.2624379 2.641365
0.1735935 4.206203
0.1526806 2.412226
0.1830703 3.036194
0.1109899 2.316157
0.1047912 2.914485
0.07835717 1.965555
0.1217134 2.006364
0.1730626 3.56815
0.1128186 2.592825
0.09379834 1.879165
0.0898315 2.215518
0.1387186 4.578853
0.1331263 4.565139
0.1744783 1.858946
0.157399 1.731951
0.126806 1.57049
0.1162693 3.905575
0.1603423 4.401588
0.1425823 2.680937
0.1511235 3.199176
0.1600786 3.998217
0.1580447 3.761061
0.0988334 2.845388
0.1306088 2.901165
0.1334007 3.654607
0.219626 4.179149
0.1426762 2.154849
0.07627505 2.821219
0.0843874 2.775611
0.1155339 3.712564
0.1630266 3.455057
0.2320167 3.615683
0.1336628 2.970022
0.129454 3.0547
0.109446 2.973599
0.1418288 2.570335
0.1060122 2.93917
0.1471803 2.635611
0.06434704 1.900646
0.09258907 2.373388
0.1274 2.798145
0.07004187 2.986101
0.1586255 3.813961
0.117493 4.389532
0.0981482 1.348193
0.07844004 2.38259
0.1069979 4.805613
0.1168273 3.242958
0.1092968 2.585875
0.1985127 4.112644
0.2157793 3.926392
0.1307612 1.819915
0.08795977 2.607927
0.08583082 0.7895997
0.1344001 3.126358
0.1148702 3.89178
0.1211833 2.220095
0.1463046 1.799557
0.1108153 3.687308
0.1902952 2.265514
0.175236 2.988719
0.1653193 2.420296
0.1571008 3.782679
0.1109011 2.578679
0.1841013 2.808338
0.1743997 1.991827
0.1021352 2.106945
0.07407479 4.063141
0.09211674 3.445441
0.1167172 2.41684
0.1368119 2.814418
0.09076622 3.787413
0.1001638 2.598878
0.09833673 2.817598
0.09716679 1.910072
0.1290131 1.85856
0.1039633 3.210928
0.08497715 3.332154
0.07554233 4.820314
0.1076596 2.942745
0.1375119 4.461194
0.1385879 4.605558
0.1708535 2.902146
0.1552395 2.648684
0.1719872 1.222152
0.1970917 2.199884
0.2449964 2.631191
0.1388892 2.941341
0.0972088 3.223231
0.07644446 4.445363
0.1307582 1.745673
0.1025649 2.451138
0.08607153 2.865738
0.1860807 1.484287
0.1526468 3.063677
0.1454505 3.270719
0.1099805 2.47151
0.1267054 3.321461
0.1573858 2.321441
0.1204261 3.099765
0.08815781 3.504915
0.1320294 2.265413
0.1636853 4.394496
0.1270926 3.122728
0.2405912 3.694302
0.2237521 3.40539
0.1667753 1.79798
0.1099958 1.614091
0.1974479 3.972692
0.1862156 2.90005
0.1422595 4.11575
0.1664692 2.617481
0.1445474 1.756687
0.1365333 2.853157
0.1587061 1.557144
0.2068934 2.098817
0.1541644 2.915338
0.0846663 2.534246
0.1188012 3.345364
0.2525169 2.45197
0.1166928 3.325409
0.1119898 2.650994
0.1357809 2.379797
0.1082289 3.722468
0.1010328 4.029791
0.1555945 2.074228
0.1420877 2.78163
0.1617609 2.846768
0.1114369 2.681411
0.1345029 2.582765
0.1318489 3.236256
0.07123579 3.051804
0.1564729 2.267143
0.1161092 2.883727
0.1286161 2.381856
0.1391253 3.731457
0.1156738 2.003089
0.07723169 3.452566
0.07166667 3.451579
0.09073673 2.857649
0.1491401 4.23941
0.08350741 3.416738
0.1589311 2.144161
0.1599061 2.415594
0.138356 1.467678
0.1853308 2.355253
0.1589264 1.186197
0.1955558 2.825333
0.1487517 3.243805
0.1191286 2.174468
0.1587277 2.496361
0.1544872 2.890193
0.1642259 2.070418
0.1558799 3.584958
0.1621726 2.477568
0.1859197 2.177841
0.1562801 2.994642
0.06306797 2.048772
0.106886 2.413094
0.1124424 3.924983
0.1482911 1.813027
0.1823532 3.343454
0.1296644 2.350118
0.1148813 1.589679
0.105323 1.775555
0.139846 1.273452
0.1483644 2.06385
0.1276157 4.67975
0.1582462 3.837062
0.0913673 1.359473
0.07791119 3.227602
0.08450279 3.489295
0.1688805 2.308309
0.08607213 1.6189
0.1426869 2.728488
0.1264267 2.770745
0.1493178 3.235205
0.1422549 2.734022
0.1336396 4.448886
0.1072409 3.779418
0.1291585 2.594805
0.1084844 2.884728
0.110981 2.546601
0.1063311 4.561962
0.1050378 2.130417
0.1271093 3.275629
0.1682438 1.996553
0.1016668 3.160759
0.1179588 3.121056
0.09891845 4.395579
0.07230718 2.214709
0.09189788 3.85638
0.1012069 2.179951
0.1227684 2.273668
0.09221977 2.355165
0.03858799 3.64426
0.09597652 1.70602
0.1040753 2.216583
0.1439139 3.24936
0.1373722 2.030724
0.091506 1.602194
0.107179 2.614367
0.07980932 2.573369
0.1047932 2.194645
0.1083583 2.352799
0.1297805 3.586076
0.07237248 2.264643
0.07572115 4.643178
0.0855075 2.578096
0.09250984 2.581396
0.1885947 2.633238
0.117569 1.51971
0.09254182 1.690914
0.08963801 2.950114
0.1602639 2.630238
0.09953643 4.568532
0.1514151 3.632162
0.1246008 2.703965
0.1722704 5.313239
0.08297451 1.908266
0.154558 2.954943
0.1567407 1.783417
0.1773177 3.173288
0.129069 2.648509
0.1278311 2.24954
0.1640424 3.12311
0.08827874 3.468447
0.08744532 4.566181
0.2020995 2.762329
0.1752802 3.82201
0.06703499 2.592884
0.1226274 2.723745
0.09287098 2.949192
0.09271931 2.897732
0.09086509 2.044752
0.1001295 2.517961
0.1686228 1.469921
0.1163403 2.293358
0.08042843 2.195926
0.1187159 2.542979
0.1512645 3.445974
0.1878547 2.005226
0.1875838 2.570112
0.1081412 3.8443
0.09336096 2.76915
0.0856491 2.053769
0.1070877 2.151545
0.1480012 4.110772
0.08165777 4.732225
0.1584222 4.020928
0.1567276 3.373892
0.1296423 3.218173
0.07923574 1.309358
0.08050855 1.944558
0.05858279 2.645583
0.1336853 2.28604
0.1086803 3.490928
0.1050975 2.443024
0.1307407 2.117595
0.1129816 3.071053
0.05826683 1.713647
0.09098256 1.932961
0.07967097 2.231099
0.1012499 3.209309
0.1575767 5.001674
0.1368105 3.322638
0.1432123 4.509147
0.1321011 2.624856
0.2892116 2.372239
0.1716785 4.053534
0.1151346 1.836927
0.1031321 1.429377
0.164365 3.064798
0.1105953 2.525864
0.09388863 3.51231
0.1009336 2.064319
0.1321371 4.583655
0.09073473 1.871229
0.1107646 2.82646
0.2290785 3.328877
0.1014109 3.730553
0.09761598 2.078939
0.1308974 3.559713
0.1296633 3.200748
0.1132787 4.455298
0.1259612 1.381914
0.1615293 1.980035
0.1080401 2.053058
0.1118612 4.782722
0.08657609 4.138647
0.06358639 4.068475
0.1513618 1.83945
0.1092013 2.075317
0.09397502 3.639496
0.2786993 2.29262
0.2301551 2.525896
0.1457221 2.601792
0.3222958 5.151899
0.1066894 3.389192
0.1192494 2.964178
0.1805126 3.265067
0.3251812 1.912645
0.1928216 2.377161
0.1810426 1.917009
0.1033934 1.759849
0.1627167 2.80583
0.1894698 2.599081
0.2048416 2.456586
0.101726 3.502987
0.1139251 2.276075
0.0627466 2.10545
0.1128956 2.552161
0.1052131 3.392541
0.08738546 2.318239
0.1185004 2.294854
0.175682 5.075186
0.1342477 1.971148
0.1413916 2.859768
0.1673293 1.440129
0.1108386 2.306618
0.1812535 1.960642
0.09423141 4.902458
0.0845377 1.739019
0.156089 3.065617
0.1140655 3.445704
0.2049414 2.339854
0.1670137 2.020185
0.1387948 4.20986
0.1439122 2.45794
0.1689342 2.253235
0.1131661 2.841573
0.1271995 3.172458
0.1230673 2.725698
0.1362588 3.751434
0.1306884 2.288417
0.1372521 2.717833
0.228355 2.60546
0.1426724 2.163342
0.08627269 2.15258
0.07150606 3.019582
0.1641727 2.161766
0.1372979 2.792093
0.1287005 3.417976
0.1367635 2.286486
0.16132 3.28865
0.1548999 2.92239
0.09846772 2.280069
0.1110566 2.100016
0.09069831 1.692167
0.07110759 2.648455
0.07814455 2.853209
0.1147368 2.583376
0.2575939 4.595573
0.1826296 4.188715
0.07428358 3.37142
0.09034608 3.992779
0.1068949 5.102199
0.1685707 2.184882
0.1124381 2.069416
0.1150396 2.39006
0.07401658 2.434835
0.1006713 2.883554
0.07041309 2.745485
0.1687012 2.929459
0.1406972 2.773291
0.1198672 3.483664
0.1398576 3.619258
0.1877148 2.962763
0.1158641 3.13314
0.09666043 3.87964
0.07490836 3.271951
0.09602124 5.596658
0.1691649 2.969331
0.1933641 2.93703
0.1221242 1.676349
0.1859393 2.989643
0.1711961 2.456923
0.1489094 3.465588
0.1134297 2.566519
0.1094333 2.811172
0.09302024 3.294537
0.101628 2.829012
0.1509544 2.041593
0.1627573 3.09331
0.1063585 2.574596
0.1004754 3.909152
0.1302672 3.521943
0.1685175 2.204854
0.1064848 2.450731
0.1420941 2.883139
0.09204573 3.00675
0.05999044 2.914028
0.1035462 2.611933
0.1368731 1.892251
0.1002844 3.431108
0.1029118 3.354082
0.1283327 1.731552
0.09793979 4.14041
0.1566796 3.48855
0.09157856 2.257503
0.0915062 4.085299
0.09516544 3.26356
0.1064301 2.707113
0.1362011 2.834336
0.123195 3.709937
0.1708675 2.662661
0.1303499 2.443055
0.08930522 1.973376
0.1014855 3.116344
0.1152678 2.056552
0.08537975 2.739377
0.1183496 2.871175
0.1214625 3.700679
0.1281499 2.444191
0.1196177 4.337656
0.116919 2.208497
0.08375304 3.107793
0.08453507 2.757626
0.06766582 2.350395
0.07923111 3.211939
0.1571926 4.292685
0.1066766 3.593988
0.09938318 3.418831
0.07056379 1.851598
0.1031343 2.341355
0.09688222 2.251854
0.1616714 2.395286
0.1020697 2.152489
0.2315667 2.355274
0.1064846 2.106924
0.09185101 2.950158
0.1466726 3.02481
0.158942 3.784847
0.08086735 3.637586
0.1185613 1.711835
0.08819306 3.211825
0.1527719 4.682311
0.2120367 3.225098
0.1113381 2.545202
0.2707632 2.903228
0.08483549 2.917325
0.1133577 1.786613
0.08553424 2.040207
0.134443 1.637862
0.1008373 2.535057
0.08048354 3.295972
0.07658568 3.014431
0.2457934 1.514436
0.120865 2.254099
0.1312356 1.831492
0.1224101 1.685551
0.1684313 2.787682
0.0920938 3.02509
0.1963564 1.878445
0.1231892 1.698887
0.1234957 2.620656
0.1107491 4.996751
0.1117096 1.779697
0.0963047 3.437588
0.08565206 4.038445
0.07253444 1.975634
0.1080244 2.198794
0.07114378 1.623779
0.05949434 2.578978
0.08434258 1.81586
0.0630837 3.066097
0.08150937 2.838611
0.1171946 1.576461
0.1421319 3.374527
0.1139624 3.196866
0.1425192 3.709793
0.1621025 2.843088
0.1868175 2.4262
0.1280428 1.905685
0.08820344 2.834302
0.1841957 4.829623
0.1119637 3.097739
0.09194167 3.432666
0.03997778 2.694589
0.04616508 1.848807
0.1005741 2.016675
0.1192771 2.411299
0.1334964 2.57344
0.1343084 1.908842
0.2063308 4.391064
0.1707176 2.136656
0.1540652 1.042527
0.1176675 2.915044
0.1225765 2.63132
0.1988928 2.864844
0.2154509 3.633686
0.1214324 2.429759
0.1137061 2.310078
0.1612451 3.832647
0.1199682 2.878951
0.1207565 2.901533
0.1247483 3.20302
0.1365478 3.642822
0.1802665 2.194427
0.1289674 2.602915
0.09394921 1.179001
0.151509 3.172544
0.1131715 4.027783
0.09618223 3.362284
0.1682961 3.298248
0.1426206 4.890003
0.1386044 3.897403
0.1130873 2.644409
0.07918327 1.928265
0.1077159 4.488468
0.2192996 4.937556
0.1004118 1.752467
0.1165936 2.190289
0.1812188 2.061419
0.1208844 2.976666
0.194414 2.070523
0.1323758 1.949825
0.110239 2.303779
0.08926925 2.206378
0.1144154 2.805527
0.09479341 3.242929
0.1092933 2.895637
0.1235164 4.046082
0.1746696 3.017702
0.1268308 2.416771
0.0861291 2.344161
0.1310238 2.713807
0.06425384 2.248401
0.1554915 3.635454
0.1591464 4.321914
0.1589381 2.558221
0.1196577 6.79182
0.1021199 2.081054
0.1286095 3.123195
0.09319553 3.062725
0.1717652 2.251939
0.1727032 2.377133
0.1382557 2.330077
0.1476167 3.248538
0.1924486 2.389889
0.1420706 3.619987
0.1608298 2.202903
0.1123717 2.138316
0.2345505 4.025664
0.1144809 1.56785
0.08932842 3.324353
0.143137 2.89855
0.1343087 4.430328
0.08487084 2.839343
0.09288137 2.907117
0.1689086 1.340287
0.2041486 3.825348
0.0843169 2.533966
0.1588302 3.587988
0.152694 2.150348
0.1564509 2.631537
0.1543367 5.474393
0.09507368 3.970042
0.05999118 2.318148
0.06692052 1.887653
0.1248318 1.38929
0.136187 2.226339
0.09726802 2.624909
0.1025949 2.505895
0.1418405 3.21612
0.09211066 4.256265
0.09427135 2.397803
0.1536715 1.95004
0.1591795 3.018509
0.2610436 2.482195
0.194049 4.015338
0.1178366 2.115345
0.1086346 2.741395
0.1180233 1.982821
0.1155285 2.117161
0.1459909 2.392857
0.1637948 2.887996
0.1810769 3.214162
0.1544934 2.153814
0.08984552 3.805847
0.1534181 2.135221
0.1457428 3.195554
0.09926917 3.129093
0.1109868 2.945687
0.1193439 3.43118
0.2762396 3.482537
0.1604674 1.712263
0.1451686 3.185127
0.1113885 1.592417
0.138147 1.448669
0.1254062 2.814158
0.1124998 3.019017
0.1303777 2.303488
0.1523178 3.041134
0.1180103 2.571691
0.1877296 2.708844
0.1390979 0.9150151
0.1028924 2.382925
0.1649611 2.766193
0.2494586 1.984594
0.0840944 3.107433
0.1159819 4.092407
0.1397527 2.112625
0.1797242 2.03422
0.1815542 1.722914
0.1497494 2.324285
0.1297129 1.68052
0.1321955 1.772686
0.1463533 2.707712
0.1353868 4.496634
0.1138724 2.86178
0.07632786 2.032802
0.1399336 2.729281
0.1561072 3.984657
0.1438948 2.173852
0.0827246 2.82415
0.1570442 3.374757
0.1308548 1.4347
0.06536187 3.750174
0.1006862 1.499366
0.1884112 2.247796
0.1224014 3.409855
0.132628 3.742489
0.08455618 3.657088
0.06361104 1.884001
0.06675312 2.321969
0.134033 3.262838
0.1203841 1.943684
0.2440081 2.28656
0.1198247 1.829947
0.1460247 2.066688
0.09462874 6.511276
0.1505369 3.263471
0.1005501 3.273021
0.1257845 1.710622
0.08416227 2.840069
0.1361138 1.947877
0.142885 2.158056
0.1100168 2.580807
0.145313 3.660838
0.160785 3.445835
0.1268202 2.814926
0.1596085 3.051867
0.1163831 2.138854
0.1723578 2.638999
0.1767988 3.485124
0.1120854 3.184452
0.08534701 2.409036
0.1407905 3.56633
0.154893 1.534056
0.1155624 3.187245
0.2717909 2.669485
0.1150428 2.994468
0.08192371 1.917994
0.1546358 2.324443
0.1676912 2.103994
0.1377051 1.852044
0.1079262 2.072817
0.1335076 5.407715
0.1461169 2.34843
0.1367926 1.11287
0.1483961 2.266664
0.1002111 1.641742
0.1044465 2.80676
0.1175877 2.500073
0.2339593 2.022994
0.1562788 3.182504
0.1327792 1.481183
0.1339094 1.438121
0.1162826 1.298898
0.1104555 2.903629
0.1399624 1.056327
0.1053124 2.726994
0.08456786 1.723441
0.1421198 2.512302
0.1421116 3.129819
0.1441146 2.869137
0.1608058 2.878113
0.1280224 3.705515
0.1060507 2.186075
0.106227 2.530969
0.0901827 4.476147
0.1654008 2.164158
0.113304 3.115697
0.163865 3.866412
0.09332545 3.166116
0.1077898 2.02799
0.1136895 2.62734
0.1504564 1.969479
0.155744 3.447936
0.1675076 3.365634
0.2034459 3.307032
0.1138792 1.534845
0.1214925 2.599919
0.1307967 1.144257
0.1279898 1.755833
0.09539355 3.239937
0.145438 2.439954
0.08896447 1.784129
0.09621069 3.305035
0.1452123 3.504452
0.1657679 4.122938
0.1036119 1.647096
0.0955618 2.883152
0.09673592 2.616545
0.1787167 2.393832
0.2063978 2.434981
0.1247351 1.651231
0.1087157 2.40699
0.1565348 3.270745
0.1583109 2.235869
0.112331 1.996063
0.1798175 3.248551
0.1322693 2.419539
0.09495541 1.917536
0.06824042 3.304666
0.1082338 2.579909
0.1222392 3.337667
0.09493254 2.414661
0.09014096 3.145134
0.1331332 2.293809
0.1217503 3.547666
0.1194851 3.664136
0.1231635 2.193596
0.1257543 3.846428
0.08375108 3.941552
0.08941191 2.001132
0.09924382 2.042535
0.07785968 3.346141
0.1372865 3.016674
0.199269 1.979936
0.07152285 2.02775
0.07813918 2.88153
0.07088256 3.055982
0.1288819 2.273728
0.1406718 3.525035
0.09222654 4.31317
0.04963693 2.205128
0.04412145 2.762801
0.0843429 1.880594
0.1558004 2.467707
0.09369282 5.20577
0.1164307 2.891338
0.09887985 1.701569
0.1078786 1.927175
0.08698446 1.946881
0.1041431 3.616252
0.1566378 1.881022
0.1782318 2.121141
0.1066343 2.579218
0.1302762 3.974889
0.1657978 4.062471
0.09655009 1.713806
0.1082329 2.273128
0.1433152 2.992437
0.0963962 2.692545
0.1378449 2.178539
0.1288463 2.006028
0.1380547 1.411788
0.1829777 4.689737
0.1213148 2.433659
0.08416187 1.950351
0.200418 2.519877
0.151103 1.725259
0.1577835 1.974336
0.1507316 1.410775
0.08630303 3.356531
0.1060221 1.946584
0.08119503 2.493414
0.08866384 3.327089
0.1094625 3.051529
0.2304856 1.679054
0.1387489 6.240421
0.125547 2.032957
0.1549711 2.313124
0.09323947 1.842325
0.1082404 1.869868
0.1093106 3.156576
0.1900826 4.740972
0.127057 1.244195
0.1033194 2.053916
0.08098418 2.459182
0.09815742 2.827929
0.1258351 2.388349
0.126901 2.395092
0.1053015 3.78497
0.1420175 1.849673
0.239487 3.463713
0.1459276 1.902823
0.1062819 1.179413
0.1215877 2.633718
0.1043216 3.401827
0.08411173 2.310267
0.1264367 2.981678
0.1159563 2.244881
0.09631662 2.689092
0.1053676 2.516406
0.08280854 3.039009
0.07696461 4.454368
0.09111688 2.963443
0.1039052 2.565119
0.1504987 2.223838
0.1616621 2.061377
0.1278143 2.887505
0.2060763 1.47466
0.1183951 1.950836
0.09639758 2.884917
0.1375929 2.945523
0.1772033 4.019505
0.1508566 2.601171
0.09290109 3.108205
0.148112 2.901864
0.171506 2.183773
0.1262802 3.353006
0.1718352 4.365589
0.1227603 2.810075
0.09377493 2.549458
0.132897 3.092366
0.09047806 1.524062
0.1661062 2.93898
0.1024107 2.699468
0.1432966 3.113536
0.1580983 4.196174
0.2381029 2.86501
0.2028103 2.878866
0.1473954 1.814923
0.1441557 1.92149
0.1447806 1.726861
0.1357658 2.486762
0.1811371 2.291395
0.13189 3.409888
0.129307 2.525113
0.1084026 2.858716
0.131326 2.958383
0.08311049 2.402467
0.06823102 2.706585
0.08139935 3.397624
0.1107571 2.326785
0.05691517 2.671538
0.1086393 2.713656
0.1379395 2.610764
0.1434762 1.890526
0.1215053 2.008745
0.1156602 2.838897
0.09788533 3.587722
0.1036374 3.242283
0.09838469 3.256475
0.1069964 4.205855
0.100856 1.717272
0.1646346 2.037627
0.1855756 2.39751
0.116546 3.362562
0.1182502 3.945265
0.1206446 2.128285
0.1132271 3.099788
0.1279163 2.986336
0.1460841 4.136271
0.1547701 2.910185
0.07596205 2.468247
0.0492364 2.837482
0.07965148 4.534917
0.09710849 3.11336
0.1549686 2.313067
0.1064036 2.002226
0.1681866 4.654374
0.1177943 1.656795
0.1185289 2.57423
0.1353372 3.496015
0.1947029 2.728963
0.2083705 1.907076
0.1108011 2.082688
0.1444546 3.847581
0.1390195 2.780429
0.1615268 3.795006
0.1567162 3.031142
0.1983058 5.125064
0.1160885 3.631724
0.1812987 2.329531
0.1217324 3.013952
0.1303746 2.11484
0.220391 2.058534
0.1098282 4.541223
0.1338179 3.648254
0.1148749 3.227779
0.1099751 2.819551
0.1532106 4.447999
0.136168 3.212593
0.1726241 3.687467
0.1035227 1.252603
0.1391771 3.072871
0.1757809 2.218016
0.1130185 1.737317
0.06256001 3.102089
0.1056905 3.268115
0.1390425 2.682391
0.1150955 1.843454
0.145888 2.706653
0.1610123 1.785854
0.1044077 1.643566
0.1596132 1.653398
0.1249526 1.74026
0.09868018 3.232622
0.1399487 2.517405
0.09986794 1.618483
0.07283223 2.881714
0.1225964 2.27896
0.1333591 2.154814
0.1227606 2.336244
0.1462331 2.967972
0.132848 2.104578
0.1596221 2.31434
0.1379903 3.018126
0.1088996 2.369897
0.148818 2.865825
0.1068098 1.928927
0.1451369 2.469167
0.139696 1.671178
0.07185486 3.636642
0.1316907 3.536838
0.1564403 2.31613
0.1136818 2.775324
0.08166966 2.075341
0.1431822 3.419995
0.1481814 1.761688
0.1070389 3.527634
0.1542421 2.862091
0.08643977 1.339524
0.1347714 3.684012
0.1107222 2.920212
0.1606575 3.080183
0.09222274 3.01018
0.09561023 2.439815
0.1279354 2.636199
0.0607301 2.094689
0.03494122 2.330396
0.07299046 2.404256
0.07901604 2.081536
0.1047562 2.691869
0.1009306 1.399505
0.08128596 1.751338
0.1074673 1.458475
0.1278477 3.655553
0.1048097 2.017758
0.1969978 2.21625
0.1139793 1.938447
0.09373814 3.427058
0.1412114 2.689144
0.1033982 4.742877
0.1877463 2.636612
0.1741833 2.748442
0.1748428 2.256047
0.1441924 2.935244
0.07964345 2.09647
0.09103851 2.271171
0.1523294 2.693384
0.1180318 3.533573
0.1761351 3.093941
0.1401694 1.820891
0.1585602 3.083457
0.1140681 2.054452
0.09034211 2.380531
0.09172457 1.738901
0.09963584 2.85056
0.09348359 2.269364
0.1062388 1.88081
0.09371961 3.310622
0.1077998 4.064863
0.09582674 4.359316
0.1283485 3.14522
0.07215115 3.184546
0.07585469 2.312144
0.1479471 2.278731
0.2134721 3.891431
0.2142226 2.404701
0.1127944 1.751825
0.1051632 3.084751
0.1561947 2.187055
0.1473787 3.378362
0.1223122 2.603756
0.09231876 3.758432
0.1220915 4.028769
0.09050342 2.422131
0.1308957 2.963362
0.1185675 2.500532
0.1168993 2.287974
0.09030162 1.459684
0.07445405 2.658361
0.09797294 2.107143
0.1730369 2.858798
0.1157857 1.791261
0.1627688 2.6372
0.1071183 1.895831
0.1297582 2.080897
0.0990763 4.18529
0.109564 2.296818
0.1200409 3.542676
0.2270854 2.70217
0.2151829 2.482325
0.1438441 2.277472
0.1458429 3.708071
0.1980412 5.296639
0.1179477 2.045229
0.09164004 3.379388
0.1207608 2.676525
0.07926297 2.956006
0.1156958 2.724432
0.0919605 2.75693
0.1210547 2.431002
0.08482158 3.451356
0.164316 4.43138
0.1654189 2.962863
0.06634359 3.682186
0.08922391 3.191235
0.1426634 3.947987
0.1148566 4.096056
0.09511572 3.915137
0.07479042 2.98301
0.1713488 2.953536
0.1451713 7.326151
0.1371633 3.318679
0.1445496 2.787747
0.1198195 3.143616
0.1110464 4.077237
0.1874715 2.385995
0.2010196 3.518952
0.1035486 6.037166
0.2070691 2.962837
0.1131192 2.66616
0.0955063 2.66588
0.1515141 2.917212
0.1840907 1.853948
0.2830716 3.879307
0.1854055 3.435163
0.09561074 3.345758
0.1298728 3.60547
0.1053767 3.076311
0.1963901 2.791846
0.108275 3.167698
0.1287878 2.929843
0.112407 2.059566
0.1816976 2.643832
0.08603469 1.817551
0.1527386 2.824661
0.09429038 1.010686
0.1012694 2.775775
0.1407608 2.818481
0.1213744 3.238294
0.07497499 2.976819
0.1213675 2.346315
0.09158613 2.295189
0.1399222 1.929705
0.1498603 1.810022
0.08967705 2.152652
0.09213365 3.478706
0.1535388 3.767219
0.1050462 2.311694
0.07684947 2.482003
0.0802728 2.546619
0.06847789 1.791198
0.07576708 2.468656
0.1918518 2.219493
0.1317476 3.654531
0.2210892 3.522183
0.1978427 2.39103
0.08074459 5.012343
0.1304137 2.185866
0.09519119 1.132918
0.1011044 3.04842
0.1835925 2.915758
0.1053118 3.988478
0.1382772 3.464106
0.0778997 2.200507
0.1596517 2.564364
0.1661295 3.33267
0.1552256 3.317885
0.2104073 2.104201
0.1127251 2.335271
0.09523822 3.357669
0.1650959 2.777931
0.08562498 2.614292
0.08650988 2.525537
0.182978 3.818134
0.08519659 4.183147
0.09889403 1.996288
0.07502744 1.645053
0.111943 3.110979
0.1414573 3.484657
0.1386309 1.706445
0.1450851 2.069978
0.2184153 2.968177
0.1411379 4.60459
0.1154533 3.55694
0.1430364 3.08531
0.09721882 2.103911
0.1427651 2.1448
0.1195909 4.02295
0.1138154 3.164166
0.1641551 1.894021
0.1200094 1.907545
0.125941 2.807361
0.2323891 1.845081
0.1050696 2.434337
0.1072583 2.83397
0.1160514 2.307216
0.1142275 2.858871
0.1033505 4.602189
0.1084649 5.103598
0.1493722 1.951319
0.1452234 4.081123
0.1581709 2.661528
0.07845338 2.055382
0.06858026 1.613161
0.1066636 1.431648
0.1342249 1.947925
0.1461052 2.637243
0.1294779 4.059078
0.1006003 2.978859
0.1204631 3.196254
0.1974207 4.475526
0.1681532 2.181038
0.1552306 2.947356
0.1769792 4.145248
0.1128215 1.573607
0.1553621 3.509655
0.1365805 1.652854
0.1468655 1.572306
0.09917679 2.049027
0.1165456 1.989007
0.1023672 5.546607
0.05596182 1.526681
0.1164359 3.252132
0.06399654 3.784004
0.04181403 2.828765
0.05955529 3.941355
0.1869138 2.605103
0.1068784 1.920903
0.1360811 4.030192
0.09832016 2.160201
0.1471471 2.843962
0.1356113 2.616841
0.08314164 3.972589
0.09256117 3.021242
0.09891626 2.992266
0.098938 2.855025
0.0867304 3.228261
0.2101149 4.217659
0.1212238 4.048248
0.1481268 3.725574
0.120606 1.965558
0.07954828 1.991373
0.07850739 4.155703
0.2366887 2.707322
0.1361592 2.788514
0.07404252 1.793396
0.0986918 3.594349
0.1155681 2.887844
0.09219386 2.067783
0.1085188 2.222933
0.08267172 3.812404
0.2287467 2.324906
0.2002766 2.632152
0.1603901 2.237005
0.1331083 2.19303
0.1099132 1.762443
0.1588767 3.290326
0.1658423 2.184656
0.127684 3.086715
0.1429856 1.47529
0.1252466 3.17109
0.2269882 3.043452
0.1657557 2.512663
0.1239576 2.957904
0.1537313 1.894899
0.1280528 1.802963
0.1717877 3.069891
0.08721329 2.773136
0.1097161 3.480179
0.1034277 2.758836
0.08477369 2.562394
0.1569215 2.692844
0.1220744 2.452629
0.08606789 3.0079
0.09109856 3.657389
0.106277 2.934697
0.1446152 1.433025
0.1419 3.71625
0.1048657 2.298859
0.06663578 3.149674
0.1005661 2.425209
0.1372471 2.708278
0.157415 2.089875
0.0938806 2.695363
0.1093807 3.279995
0.1358342 1.688159
0.1139271 1.497745
0.2761371 4.401123
0.1408275 2.505422
0.1352588 2.652693
0.09467165 2.381006
0.1138387 1.759375
0.1053328 2.2912
0.210947 3.192688
0.1326768 4.307379
0.158015 5.375763
0.1304579 2.61567
0.1438224 3.475979
0.09541056 2.753696
0.1061715 3.387352
0.102813 1.94715
0.09067477 3.550907
0.07804427 1.494525
0.1124883 2.946399
0.117394 3.533787
0.1320557 3.735095
0.09856058 3.76623
0.08257957 2.291778
0.09315969 2.698221
0.08809321 2.728181
0.09617953 2.269322
0.07334382 1.695375
0.1243628 2.862462
0.1468576 5.42727
0.1234293 2.587537
0.09301903 3.508226
0.08062742 3.476247
0.09064655 2.419116
0.06453995 2.565909
0.1036572 2.243108
0.1169737 1.812228
0.05780205 3.827097
0.09020697 3.968889
0.1368797 1.787512
0.09598738 3.374926
0.1095114 1.661041
0.06478993 2.414519
0.0807828 3.041375
0.125133 1.891243
0.08774444 2.047923
0.05534714 4.469259
0.1130735 3.931341
0.0601075 2.777449
0.1004084 2.670949
0.1570429 3.093461
0.1193815 2.804831
0.137709 2.206545
0.1858311 4.653766
0.08864024 2.256625
0.1052219 1.750947
0.1505072 3.412502
0.1435212 2.000927
0.2547259 2.612878
0.1313419 2.584024
0.1127355 2.220778
0.1302832 2.011395
0.151673 2.139972
0.1145457 2.114508
0.09722532 2.768136
0.1147029 2.311076
0.1099095 2.35623
0.2690588 1.714462
0.1892994 3.235709
0.1677064 2.032778
0.08988448 2.320206
0.07695971 3.087897
0.09965009 3.936635
0.152746 2.754132
0.1109892 3.984533
0.1198155 3.012337
0.09690539 3.382312
0.1531367 3.250177
0.09657897 1.315197
0.136595 3.798727
0.149267 3.115817
0.1272438 1.927326
0.1302334 2.009601
0.09696183 2.981444
0.09336453 2.328542
0.1090168 2.656448
0.1720704 2.73766
0.1905828 2.201442
0.1420292 2.725117
0.1192602 2.813526
0.09835116 3.018979
0.08872654 2.809265
0.163973 2.993312
0.1256328 2.605237
0.1763431 1.718429
0.1454924 2.070759
0.18143 2.429483
0.1286762 4.276484
0.1240047 3.002693
0.1101015 1.942017
0.1289205 2.662664
0.1454246 1.746408
0.1052168 3.790869
0.1110818 4.013639
0.1308817 1.338519
0.1465418 2.632565
0.1133937 3.180493
0.09215069 2.139141
0.0962271 2.268987
0.06874366 1.668861
0.115403 1.438636
0.1548041 2.919253
0.1916752 2.680846
0.1661935 3.50253
0.2607769 2.191148
0.1289732 4.141402
0.07840558 2.892552
0.06571186 4.496606
0.1047102 3.554565
0.07587565 4.153885
0.06470805 2.318144
0.09301098 1.857251
0.0961969 3.452272
0.1364917 1.556488
0.1610137 2.055244
0.2211926 1.965464
0.08068367 3.669098
0.1349495 2.618897
0.1582584 2.084933
0.1044315 2.968295
0.1355271 2.483195
0.08718687 2.830816
0.08565216 2.527106
0.06641911 2.212401
0.1120799 3.136384
0.151552 2.396871
0.1176465 2.207251
0.09090228 1.630471
0.1376161 2.369177
0.1228999 2.519067
0.09549846 1.784627
0.1321453 3.785511
0.1457212 3.190444
0.1778303 2.103247
0.1491678 1.722754
0.09383215 1.851915
0.1486385 3.100602
0.1289108 3.07346
0.1713345 2.190059
0.1334389 4.025277
0.1092854 3.522861
0.1894141 3.510707
0.155776 3.199287
0.1516877 4.32164
0.1642922 2.548287
0.1249029 1.797322
0.1790628 4.125451
0.1495544 3.007106
0.2418224 2.390681
0.1480398 2.700536
0.1188721 3.15699
0.08488024 1.651524
0.1476319 2.972696
0.1315343 2.140899
0.09370956 2.188128
0.1514479 2.828356
0.09358871 3.076856
0.10044 1.901811
0.1376765 4.814669
0.1048426 3.50058
0.1150902 2.066383
0.1147941 2.563435
0.087146 3.529901
0.1616284 2.362242
0.1546242 3.157338
0.1356329 1.443278
0.1296548 3.906391
0.1197005 2.266737
0.1165581 2.274374
0.1008176 2.108796
0.0755085 3.238563
0.1157069 2.777624
0.1251372 1.752205
0.1717705 3.380256
0.2924488 2.302407
0.1288848 3.215048
0.1239951 4.140277
0.08845711 2.245858
0.1470179 2.589056
0.1274343 2.357757
0.1329925 3.622298
0.0947263 3.813374
0.08066365 3.845612
0.1194899 1.851985
0.1595952 2.652527
0.1325104 3.327184
0.1178925 3.060842
0.09296573 2.080781
0.1369084 3.671056
0.1347019 4.03972
0.1494001 4.133754
0.1391497 6.132445
0.2295331 2.537133
0.1584325 3.078271
0.1107831 2.768078
0.12094 2.976325
0.09651127 2.163669
0.1097999 3.454477
0.1324927 2.996745
0.1311658 3.718146
0.1145348 1.718862
0.1998104 1.863705
0.2282339 2.262426
0.09617554 3.870628
0.1042512 3.788268
0.1994787 3.848199
0.1598908 2.644595
0.110607 2.21519
0.1629289 2.910248
0.2019325 2.732872
0.1816334 1.967409
0.1061273 2.262788
0.09229114 2.895052
0.1088861 1.491844
0.06657744 2.43232
0.09896093 2.960788
0.1321081 2.721024
0.1862468 2.681666
0.1939733 1.412471
0.1324943 1.209085
0.1137787 2.382705
0.07472615 2.281844
0.1076753 2.999104
0.1028451 2.232731
0.1017585 1.877986
0.07610664 3.422197
0.08793312 3.947412
0.089528 3.275159
0.1480101 2.511668
0.09785161 1.805535
0.2082728 1.679281
0.1269766 3.100559
0.1361162 2.790582
0.1460457 2.292654
0.1278434 2.758487
0.1075262 3.738905
0.08078602 3.629776
0.07707846 1.799366
0.1089296 3.842469
0.1469706 2.632819
0.1709969 3.803936
0.1857814 1.785738
0.170462 2.268268
0.1984926 3.570806
0.09135098 1.911361
0.0745868 2.240503
0.07031987 3.170618
0.09907672 2.80742
0.1226321 5.832288
0.2050956 3.476635
0.1221435 2.726087
0.116887 1.430738
0.1025001 2.171191
0.2007112 4.262879
0.2077673 7.708639
0.08877252 2.735059
0.114181 2.358766
0.09852829 2.983119
0.1531317 2.076731
0.16108 2.145136
0.1243096 4.696434
0.1352742 3.974956
0.08443206 2.641659
0.1741747 2.253886
0.1076922 2.137515
0.1294436 3.041524
0.0986025 2.01958
0.1594842 4.463833
0.09193826 2.140887
0.2296938 2.359311
0.1480628 3.234884
0.133511 3.888853
0.1233144 3.073337
0.1521549 3.215409
0.2229311 2.543506
0.1342587 2.504985
0.1731981 1.92756
0.1347434 3.83089
0.3131492 2.553838
0.150761 1.650454
0.1137804 2.837308
0.1355831 1.871878
0.09311051 3.569427
0.1404342 2.560696
0.2147947 3.061563
0.1315831 2.231101
0.06798132 1.537142
0.1181498 2.891924
0.1112203 2.884016
0.1414376 3.405086
0.086465 2.784958
0.2386119 3.080981
0.1398133 3.593877
0.1603841 2.084121
0.1134973 2.342439
0.1150216 3.314793
0.1074383 1.791496
0.1555282 2.089588
0.1014369 2.837757
0.203322 3.784235
0.1898493 2.391438
0.1389707 4.230451
0.1848307 2.453114
0.1484902 2.904015
0.2211502 3.773739
0.1832363 3.233341
0.1002198 2.837871
0.1699945 2.211943
0.1702351 1.755866
0.1772282 3.483449
0.1874123 3.156777
0.1067882 3.464657
0.1373552 2.207503
0.1209163 3.401504
0.1893993 3.827466
0.1238825 3.866568
0.1859575 2.35015
0.1745064 2.965238
0.1068686 3.728889
0.129076 1.954261
0.1108243 2.727323
0.1432218 2.588674
0.08477395 2.782672
0.08854216 4.248114
0.1072336 3.54067
0.1538392 3.326071
0.1548705 2.880778
0.1071003 2.355512
0.1648269 1.864107
0.08908657 2.857129
0.1618424 1.894352
0.1296074 4.445122
0.109626 2.351973
0.07333956 1.776236
0.0492351 2.656744
0.0828837 3.159877
0.1146913 1.322148
0.1049412 1.347323
0.06701051 4.408246
0.06649436 2.72181
0.1004911 4.760246
0.1054145 4.274415
0.1706593 4.040813
0.1543926 1.364605
0.1678932 2.454348
0.1758068 2.010174
0.1032026 2.697172
0.1327126 1.876544
0.1235588 2.815515
0.1050552 4.390039
0.08733584 1.607118
0.1760966 3.140625
0.1106757 2.429333
0.1485956 2.779495
0.2346455 3.425101
0.1828241 3.490631
0.1557919 2.972792
0.08675162 1.953126
0.07240464 2.603841
0.1192868 3.171059
0.1214617 1.794718
0.1563794 2.844201
0.1138815 3.046372
0.2002169 2.582562
0.0766797 1.593657
0.09365726 2.650952
0.1215472 3.435227
0.06963842 3.317474
0.1388434 1.949417
0.1953821 3.495702
0.1308057 2.097844
0.09040599 1.742309
0.1907335 2.585608
0.1839379 1.662312
0.1344721 4.033884
0.2012335 2.195538
0.1272212 2.518723
0.1200351 3.024755
0.1892004 2.726883
0.2000862 2.646495
0.170848 2.62997
0.1036298 4.842312
0.0969831 2.655371
0.1091668 2.50296
0.110079 2.215168
0.1512691 3.554992
0.1304575 2.066545
0.09044004 3.061539
0.1642399 1.881163
0.1399349 4.401841
0.1239168 2.975908
0.1700255 1.915634
0.1139652 2.06332
0.08492555 3.160794
0.09316689 2.199786
0.0950067 3.385783
0.09878459 4.038416
0.1021588 2.928806
0.1600644 2.729137
0.1486884 3.211895
0.1473481 2.656848
0.1078375 3.348948
0.1017092 4.255548
0.144716 3.139723
0.1181186 2.697964
0.1187675 2.660188
0.08799598 2.286578
0.1149879 1.850307
0.09303078 2.847869
0.1422285 4.378257
0.1318103 2.713257
0.07450249 3.679939
0.1431389 4.928862
0.144092 3.017643
0.1067148 2.237531
0.1518661 1.234189
0.1013624 1.403715
0.1370493 2.134843
0.1191449 3.401962
0.09697582 1.982766
0.1505317 3.29889
0.1252532 1.65317
0.1205234 2.675121
0.1453852 3.873378
0.1330063 4.687353
0.1111364 2.860253
0.1382755 2.860369
0.1452689 2.021039
0.1190786 2.929875
0.1380003 2.278388
0.07388771 1.387078
0.1017922 2.048729
0.107995 2.919361
0.1135644 5.637823
0.1152421 3.637601
0.1108375 2.207278
0.1016906 2.684132
0.1974992 1.967704
0.1504892 2.960973
0.09778471 2.868201
0.1124405 2.976384
0.1601975 2.187348
0.1383556 3.920063
0.1565803 3.017081
0.1957617 3.695108
0.09727318 1.619244
0.1201361 3.815077
0.1903111 2.223639
0.1349187 4.603175
0.06923306 3.11013
0.1013559 4.697272
0.14043 2.069501
0.1931237 4.381707
0.2971582 4.515389
0.1031814 2.452032
0.1304534 1.804723
0.1694307 2.930389
0.1157734 4.351546
0.0858984 3.027362
0.1112316 2.964705
0.1760193 2.711397
0.1828407 2.085074
0.3185707 2.925363
0.1975664 3.861348
0.1146983 2.415556
0.1308071 2.473106
0.1219301 1.867432
0.09548869 3.262914
0.1045096 2.119511
0.1817566 3.069454
0.1715603 3.854891
0.09401094 3.019932
0.09928427 2.310197
0.1025439 2.6114
0.1056243 1.719397
0.1686769 3.640072
0.1172035 2.916863
0.1174715 2.494757
0.1288203 2.913644
0.09648856 2.469006
0.06672662 2.09219
0.14346 2.035455
0.1622792 4.534888
0.09494757 2.002004
0.128825 3.273334
0.09849675 2.394972
0.1353824 1.718847
0.1570712 2.101155
0.09513292 3.230295
0.1294343 3.589905
0.2094678 5.335664
0.1267514 2.52913
0.1445036 3.978587
0.09796826 4.281601
0.1561413 1.658973
0.08558617 3.656092
0.1229205 2.734374
0.1069342 2.932498
0.1258025 2.53247
0.08688619 1.864858
0.09996954 2.004258
0.290674 3.08198
0.1012141 2.27047
0.1448826 3.409363
0.1948156 2.29648
0.1684579 1.976907
0.1083632 2.457027
0.1168126 2.562364
0.2287787 2.545951
0.1592565 2.210282
0.1554899 2.944354
0.07658527 2.605011
0.1117849 1.971908
0.09779533 3.347185
0.1490812 1.191534
0.124404 1.733145
0.1452296 3.355993
0.1519033 2.774298
0.1149084 2.236303
0.09950684 2.843704
0.1775576 5.237404
0.1238715 3.18188
0.08981312 2.60528
0.1264448 2.227322
0.1276731 2.22191
0.1802702 4.350386
0.1822755 2.095687
0.1176973 2.563751
0.1117073 3.508045
0.158609 2.580856
0.175306 1.909364
0.1659199 4.028496
0.1619008 2.249065
0.1163345 2.154247
0.1061328 2.167463
0.1149698 1.813783
0.09076988 4.163987
0.1228707 2.419437
0.09323339 2.300678
0.06034708 4.633572
0.0946564 2.262094
0.1086607 3.032164
0.1175907 2.560112
0.14195 3.427161
0.178468 2.687834
0.1270872 2.941001
0.1370157 1.942849
0.1291421 2.067858
0.09423101 3.583899
0.1108083 1.877731
0.1460602 3.87744
0.1310374 4.139365
0.1084816 2.372069
0.18291 2.64835
0.1482936 2.316625
0.1467689 2.681865
0.1041011 2.490293
0.09319824 2.705362
0.1223525 4.870958
0.1071423 2.059324
0.1670132 1.724547
0.1590549 2.728624
0.1443214 3.465133
0.09112988 1.826362
0.1201068 2.215108
0.1170301 1.267207
0.217164 3.559024
0.1911843 1.78562
0.1259209 2.867301
0.09846171 2.56419
0.09192788 1.883784
0.119815 2.503132
0.1510747 2.5977
0.1589062 2.773367
0.1116299 2.071516
0.1029236 3.401316
0.2084863 1.540304
0.1331614 4.244428
0.1546997 3.281622
0.09937253 3.313355
0.06880098 3.194177
0.1257715 3.14445
0.1289487 3.068411
0.155222 5.155589
0.2294786 2.694729
0.1050237 1.910213
0.1442839 2.823651
0.1494648 3.496433
0.1374035 3.690137
0.1137425 3.201014
0.1181625 2.279248
0.140042 2.806654
0.1438983 2.709833
0.09846217 2.827713
0.1735591 1.703415
0.18727 2.114814
0.1948094 2.567717
0.115486 3.932951
0.1710259 1.698594
0.1079514 2.919239
0.1238057 4.196523
0.2029859 3.8962
0.09429267 3.260958
0.1046101 2.522899
0.08908936 2.42148
0.1433312 3.513657
0.1237361 1.845
0.141931 2.524442
0.1769527 3.451191
0.1290221 3.713287
0.1721753 1.54253
0.09123486 3.553783
0.1374891 2.029709
0.0735439 4.907859
0.1105104 2.212788
0.238438 3.130631
0.2491676 3.451573
0.160396 2.737597
0.1668737 1.869699
0.2067052 3.404501
0.1928484 1.996966
0.1051929 1.660313
0.1008051 2.229942
0.1053296 1.115586
0.1492981 2.102289
0.1124533 3.123365
0.07613308 1.751455
0.1150343 2.439831
0.1013512 1.650594
0.1007758 2.633773
0.1127475 2.700098
0.112278 3.339449
0.122275 1.981423
0.1587432 3.024833
0.1095747 2.832237
0.1705968 2.631489
0.1007808 4.436111
0.1541479 1.574839
0.1209664 2.370684
0.1009358 2.181945
0.1246669 2.591934
0.209517 3.86659
0.152145 2.876561
0.08076519 2.923926
0.09138842 2.546813
0.1194124 2.424753
0.1458225 2.715801
0.1098518 1.496029
0.1236393 4.162795
0.1283172 1.213112
0.09027225 1.709176
0.1255648 1.169606
0.1833716 1.957246
