"u.bar" "t.bar"
0.9919877 1.313725
0.943589 1.295818
0.9594659 1.286193
1.005688 1.2486
1.002192 1.283271
0.9872101 1.207227
1.028167 1.147949
1.042125 1.165254
1.002276 1.202277
1.086175 1.247377
0.985298 1.263064
1.011873 1.249665
0.9429606 1.209799
1.038288 1.218683
1.029579 1.231511
1.001913 1.293002
1.021912 1.273443
0.9634848 1.274965
1.033758 1.28955
1.022226 1.232713
0.9767382 1.151153
0.9826533 1.189693
1.026808 1.164847
1.036051 1.182773
0.966151 1.202384
1.011072 1.182199
1.033846 1.225327
0.9721827 1.193106
1.024513 1.225206
0.9854153 1.276479
1.006095 1.33163
1.021118 1.302912
0.9932155 1.29899
1.020722 1.294822
0.9945722 1.290839
0.9384209 1.314381
1.035522 1.21615
0.9754968 1.257765
0.9667686 1.271277
0.9547443 1.278009
0.9733495 1.276319
1.010291 1.22348
0.9887621 1.202884
1.011485 1.138291
0.9980263 1.203929
1.022575 1.213448
0.9727009 1.234685
0.9871953 1.315449
0.9864351 1.259963
1.010752 1.209978
0.9683011 1.220336
0.995855 1.221823
0.9711472 1.162437
1.001904 1.197598
0.9625399 1.24977
0.9423019 1.267802
1.006938 1.23515
1.036599 1.224241
1.03288 1.25672
0.9679483 1.284088
0.9576769 1.286454
0.9976112 1.232175
1.032383 1.255059
1.054964 1.286454
1.027106 1.271897
0.9953903 1.235449
1.021186 1.225016
0.9996938 1.20161
0.9947932 1.191321
1.016041 1.17374
0.9895621 1.147157
0.9981442 1.11599
1.049625 1.112625
1.03323 1.146156
0.9930482 1.092829
0.9890789 1.156444
0.98451 1.194665
1.023653 1.239967
0.9371414 1.286023
0.9490339 1.218067
1.005775 1.281459
0.968921 1.266196
1.000186 1.226789
1.034311 1.180063
0.981336 1.167653
1.048134 1.121926
1.042363 1.0995
1.039282 1.086425
0.9663144 1.130572
0.9924999 1.133505
1.044576 1.103147
1.030267 1.110003
1.042098 1.148512
1.011492 1.203175
1.000823 1.210671
0.9824555 1.189866
0.9563505 1.14817
1.028006 1.184079
1.036751 1.183679
0.9796248 1.218268
1.082696 1.204709
0.9926548 1.215467
0.98526 1.158076
1.041446 1.149046
1.024757 1.15248
1.027521 1.205808
1.002655 1.17514
0.9668834 1.16752
1.038168 1.131603
0.9922618 1.168024
1.012923 1.157368
0.9867367 1.237508
1.033044 1.208525
0.9937696 1.251672
0.9780825 1.232594
0.9916532 1.284102
0.9772005 1.280017
1.013121 1.180136
1.001633 1.233253
1.003924 1.260853
1.017504 1.204969
1.046297 1.279339
0.9762029 1.271819
1.040507 1.258175
0.9714272 1.353961
0.9602848 1.228118
0.9769027 1.208965
0.9686322 1.235365
1.029769 1.30292
1.016368 1.319887
1.04439 1.30759
1.013306 1.298167
0.9586565 1.288881
0.9878718 1.229471
1.027447 1.309117
0.9603064 1.321122
1.03977 1.250514
1.016782 1.251875
0.9710148 1.191686
0.9670981 1.196113
0.9541249 1.189881
0.9706556 1.23327
0.9640487 1.219403
1.011456 1.232682
0.9936458 1.232325
0.9813749 1.245428
0.9602717 1.302104
0.9645327 1.273926
0.9645679 1.14545
0.9994762 1.217318
0.9772322 1.235215
0.9899223 1.303424
1.076343 1.307735
0.9966235 1.241236
0.9893367 1.191452
1.032977 1.212025
0.9902708 1.224472
1.002029 1.196427
0.9874146 1.189073
1.016267 1.197677
1.000378 1.170916
1.069647 1.158015
0.9747908 1.210018
1.017919 1.260122
1.023329 1.215433
0.9711607 1.200913
0.9787828 1.246513
0.9657597 1.22819
1.040315 1.154777
0.9799266 1.154379
0.9664389 1.170535
0.9651165 1.195246
1.034737 1.218211
0.9633632 1.218806
0.9766658 1.161248
1.021775 1.117796
1.000424 1.17841
1.001448 1.191977
0.9889351 1.248991
0.9684883 1.229131
0.9331631 1.22653
0.988818 1.171361
1.045891 1.220582
1.019228 1.141171
1.033687 1.137775
1.059591 1.128066
0.9897074 1.167732
0.9621138 1.145251
0.9736312 1.19862
1.009385 1.188597
0.9960255 1.181568
0.9781687 1.150426
0.9889803 1.227069
1.000768 1.155199
0.9742922 1.137114
0.976696 1.164823
1.011531 1.153274
1.045021 1.185627
0.9928026 1.231846
1.022837 1.224889
1.04952 1.190897
0.9905459 1.156053
1.012563 1.145212
1.030855 1.254335
1.000835 1.278495
0.9465526 1.270942
1.013099 1.281701
0.9448139 1.293448
1.016827 1.2267
0.9999969 1.26088
1.002452 1.25254
0.9830879 1.285298
1.006989 1.179212
1.005635 1.270767
0.9923445 1.22524
1.007223 1.169499
0.9922442 1.162262
0.9958291 1.132575
1.018981 1.189568
1.010509 1.313877
0.9469957 1.270105
0.9584737 1.292539
0.9661323 1.278371
1.076801 1.286027
0.9361294 1.347299
0.9927639 1.334305
0.9654776 1.258327
0.9976103 1.301264
0.9569122 1.268028
1.06006 1.191057
1.033444 1.17252
0.9682628 1.163793
0.9572108 1.174942
0.9913037 1.14737
0.9472454 1.154538
1.018183 1.142765
0.9864206 1.094949
1.044258 1.120432
1.024999 1.127976
0.9855847 1.146343
1.024489 1.232512
0.9810005 1.229854
1.015814 1.181688
1.015099 1.114609
1.021901 1.131728
0.9994551 1.142601
0.9700906 1.147695
0.9837909 1.148204
1.037901 1.121981
0.9734253 1.120758
0.994134 1.259107
0.9939623 1.188659
1.003275 1.199189
1.053073 1.227099
1.026527 1.175652
0.9742656 1.267887
1.002047 1.290715
1.032241 1.299506
1.025054 1.266304
1.010198 1.279098
1.016106 1.268216
0.9773199 1.285567
1.022015 1.263662
0.97767 1.262821
1.054479 1.185624
1.046214 1.178776
0.971561 1.166479
1.020212 1.168757
0.9918654 1.11849
1.007354 1.092133
0.9811681 1.14822
1.020587 1.178844
1.005608 1.194029
1.051194 1.154122
1.023981 1.103521
1.055633 1.116768
1.007203 1.174313
1.035085 1.193786
1.030492 1.25153
0.9829139 1.246158
0.9894371 1.213064
0.9982126 1.202546
1.040103 1.25089
1.008286 1.237539
0.9675046 1.246329
0.9783566 1.301869
1.018566 1.236935
1.01077 1.253314
0.9935101 1.205177
1.021967 1.205473
0.9853922 1.191922
1.042801 1.235982
0.985939 1.24128
0.9942687 1.269191
1.026475 1.233423
0.9578227 1.271404
1.019009 1.333182
1.029425 1.257383
0.9966768 1.290137
0.988469 1.291497
0.9704832 1.339435
0.9683415 1.366272
0.9807879 1.40443
0.9792383 1.320057
0.9718411 1.278372
0.9574164 1.305027
1.049916 1.271131
0.9824406 1.286228
0.9830684 1.230088
0.9720862 1.253567
0.9954472 1.259184
0.9329168 1.262307
1.000424 1.193323
1.028858 1.15691
0.9882403 1.161851
1.006413 1.251089
0.9665687 1.290792
0.9939965 1.260071
0.9211622 1.311179
0.9890206 1.295938
0.924655 1.307218
1.024503 1.348737
1.003727 1.224108
0.9670716 1.26808
0.9777192 1.20192
1.015372 1.250092
0.9863837 1.218205
1.013957 1.261861
0.9458294 1.230799
1.013172 1.163042
0.917776 1.245733
1.036064 1.233892
1.01919 1.221359
0.997264 1.243132
0.9474624 1.232069
0.9858166 1.19624
1.055869 1.19992
0.9714276 1.207541
0.9781465 1.242065
0.9922045 1.257929
0.9513546 1.203499
0.9784147 1.159493
1.034284 1.186611
0.9891459 1.198721
1.005856 1.215798
1.048061 1.176878
0.9944322 1.179095
1.000156 1.215772
1.00926 1.166372
1.058052 1.190607
0.9708064 1.202274
1.004455 1.19056
1.054382 1.202343
0.9987578 1.266595
0.9618559 1.212299
0.9561426 1.19683
1.012271 1.188553
0.9617942 1.267467
1.01067 1.29751
0.9906958 1.308266
1.017585 1.284463
0.9970511 1.279824
1.027975 1.247575
1.017669 1.274845
1.054006 1.245851
1.009627 1.178807
1.033988 1.148931
1.010087 1.151093
1.034357 1.277279
1.025504 1.266822
0.9814041 1.225408
0.9868117 1.189153
0.9491548 1.22285
0.9996288 1.271356
0.9834214 1.248714
1.007043 1.338132
0.984957 1.282077
0.9886441 1.270853
1.017262 1.286518
1.038404 1.322355
1.038611 1.245179
0.997057 1.270249
1.023783 1.384233
0.9327831 1.352906
0.9895193 1.370104
1.017185 1.327609
1.014613 1.247875
0.9714747 1.209462
1.025728 1.258922
0.9611936 1.260531
1.012269 1.237054
1.037394 1.31198
1.034109 1.272359
1.040366 1.182614
0.9383477 1.246528
1.048585 1.238872
1.006712 1.230284
0.9862893 1.216656
0.9856349 1.236185
1.003964 1.180146
0.9093082 1.159225
0.9725572 1.233447
1.053427 1.224395
1.006216 1.240813
0.98494 1.218176
1.001633 1.258816
1.055992 1.164489
1.021569 1.183116
1.047846 1.228421
0.9955515 1.214848
0.9705755 1.22175
1.001257 1.219985
0.9968333 1.180147
0.9932459 1.154152
0.9990218 1.100068
1.016118 1.139004
1.014991 1.158747
0.9955593 1.158441
0.9821002 1.231576
1.045009 1.194701
0.9643006 1.215031
1.00394 1.167027
1.045988 1.243646
0.9947442 1.221
0.9905028 1.096197
1.025622 1.109377
0.9858857 1.155304
1.028126 1.134039
1.002179 1.129129
0.9896372 1.156246
0.9775282 1.155977
0.9735845 1.219229
1.012923 1.152629
1.056875 1.142502
0.9967655 1.205093
0.9941302 1.178672
0.9790781 1.249915
0.9523907 1.265632
0.9964341 1.229492
0.9976391 1.266657
0.9911198 1.263442
1.027905 1.156238
1.002611 1.160321
0.985157 1.205493
1.021453 1.150947
0.9536522 1.166628
0.9927782 1.256616
1.044105 1.254152
0.9870252 1.269286
0.9781451 1.275136
0.9907146 1.285791
0.9097277 1.282975
0.9461983 1.262861
0.9978445 1.268163
0.9762207 1.183317
0.9960234 1.235593
0.9828949 1.281034
0.9838778 1.222782
0.9968024 1.25186
1.006384 1.250543
0.9946758 1.256801
0.9895985 1.267473
0.9785781 1.23543
1.03038 1.152185
1.064577 1.165777
1.064648 1.121498
1.063412 1.091478
0.9371602 1.266387
1.071691 1.165005
0.9812469 1.147618
1.036319 1.211882
1.08673 1.245129
0.948389 1.238516
1.001305 1.22801
0.9470539 1.293993
1.064024 1.251291
0.9869587 1.231788
0.9979611 1.201099
1.020082 1.212066
0.9906485 1.236214
0.9957323 1.199872
0.9791774 1.228981
0.9983308 1.236055
1.037825 1.221348
1.009828 1.272475
0.9956679 1.215563
1.002021 1.267539
0.9722066 1.2853
1.002659 1.25419
0.9746506 1.196706
1.032562 1.237327
0.9815957 1.227149
0.9926547 1.126475
1.024459 1.220884
0.9364236 1.2219
1.011716 1.114989
1.007827 1.107197
0.9634192 1.133227
0.9764834 1.170045
1.014542 1.188492
0.9900038 1.222679
0.9967229 1.271604
0.9736337 1.186832
0.9504465 1.261279
0.9631739 1.24361
0.9848511 1.271467
1.055071 1.214205
1.031069 1.209383
1.008702 1.220979
0.9640451 1.26826
0.9148339 1.328984
0.992303 1.320861
0.9768963 1.324465
0.9809192 1.257927
0.9914373 1.319405
1.000753 1.265432
0.9830897 1.206619
1.043912 1.194012
0.9470254 1.30243
1.024278 1.325345
1.006137 1.284414
0.9872597 1.280642
0.9937739 1.263707
0.9731854 1.277478
0.9926291 1.308109
1.014939 1.309055
0.9698885 1.249136
0.9918126 1.245337
0.9340992 1.310973
1.015169 1.222038
0.9987353 1.11334
1.029042 1.082103
1.03698 1.125888
1.040047 1.219553
0.9981622 1.242446
1.000275 1.241197
0.9739229 1.292355
0.9802764 1.234041
1.013876 1.140458
0.986324 1.153307
1.009027 1.117181
1.002206 1.11394
0.9771909 1.156163
1.001274 1.136695
0.9973284 1.136619
1.027899 1.190268
0.9788359 1.189505
0.9950017 1.26055
1.011726 1.217155
0.9773973 1.2587
0.9884932 1.311012
0.9687343 1.29071
0.9830247 1.276975
1.03422 1.285948
0.9609579 1.2145
0.9554793 1.245051
0.9637994 1.226961
0.9701034 1.252991
1.057649 1.312302
0.9773396 1.296504
1.013004 1.204311
1.004534 1.222665
0.9903317 1.245518
0.945561 1.236354
0.9470992 1.235328
1.014057 1.213801
0.9489152 1.273627
1.024925 1.229085
0.9671123 1.260294
0.9627221 1.255518
1.043614 1.260236
1.01381 1.246427
0.9634465 1.283498
1.014894 1.215533
0.9597855 1.216777
0.9730336 1.247508
0.9912015 1.229283
1.004792 1.252346
0.9539527 1.220698
1.038748 1.242255
1.011247 1.223417
1.002247 1.18066
0.9804862 1.244908
0.9706891 1.163669
1.024267 1.15027
1.040437 1.187189
0.9581947 1.240063
0.9821532 1.169843
1.028807 1.173638
0.9747531 1.154946
0.968368 1.175255
1.023442 1.162411
0.9849995 1.18733
1.06433 1.163867
1.004635 1.169147
1.052024 1.191155
0.9720396 1.20761
1.018244 1.169028
0.9716141 1.199585
0.993518 1.191824
0.9939982 1.161759
0.9664038 1.227146
0.9942343 1.218852
0.99688 1.210355
1.025094 1.163016
0.9674095 1.155459
0.9926043 1.192704
0.9545092 1.194017
1.006024 1.21009
1.017275 1.13914
1.009688 1.191347
1.02137 1.163027
1.039538 1.169851
1.046085 1.167052
0.9967909 1.122096
1.003576 1.191547
0.9874047 1.176701
1.004748 1.188634
0.9878255 1.198075
0.9901263 1.202899
1.001777 1.237684
1.006486 1.30215
1.006597 1.297981
1.028539 1.196208
0.964473 1.223449
1.024027 1.272799
0.9655611 1.287127
0.9875769 1.261437
1.002801 1.280884
1.036332 1.248879
0.9735026 1.261336
1.060804 1.127627
1.011376 1.162467
0.9991411 1.188165
0.9768401 1.149363
1.024291 1.098993
1.064971 1.121563
1.024285 1.211485
0.9468618 1.212895
0.9965186 1.174821
1.02196 1.158458
1.087056 1.093018
0.9991672 1.100411
0.9981749 1.129305
1.030513 1.18001
0.9781066 1.138218
1.020391 1.210441
1.016193 1.179291
1.006391 1.220544
0.9871705 1.278067
0.9824741 1.284722
0.9719004 1.322777
1.04017 1.266583
0.9579953 1.322083
0.9587167 1.281529
0.9801003 1.275911
1.005774 1.340941
0.9854787 1.312547
0.9967733 1.187075
0.9960184 1.218586
1.048956 1.159733
1.001567 1.213564
1.020113 1.187205
1.004924 1.19844
0.9985797 1.19953
0.9583248 1.163049
1.028997 1.190623
0.9564143 1.226412
1.012967 1.218407
1.023728 1.167301
1.016586 1.232094
1.00076 1.239041
1.010663 1.197542
0.9671585 1.169271
1.052709 1.190602
0.9963706 1.204794
0.9680669 1.265004
0.9399564 1.236631
0.968707 1.237937
1.014584 1.314224
0.9816541 1.233815
1.073668 1.274334
1.015538 1.182206
0.9970835 1.167292
1.034348 1.216544
1.019166 1.24655
0.9589619 1.254873
0.9954771 1.280032
0.980605 1.340081
0.9935316 1.330911
0.9812255 1.327755
0.9953725 1.320992
0.9272257 1.231517
1.012277 1.182257
1.012424 1.209326
0.9921645 1.17957
0.9907881 1.246244
1.067999 1.204949
0.9819525 1.174678
1.006603 1.193106
1.018778 1.184006
0.9989748 1.253528
1.001187 1.199074
1.009767 1.175524
0.9858975 1.151123
1.006723 1.154658
1.00225 1.156692
1.034637 1.163881
0.9588534 1.20871
1.009509 1.216739
1.052809 1.174753
1.019179 1.164485
1.007071 1.229836
1.003886 1.199228
1.011003 1.188568
1.029975 1.192537
0.9818253 1.235621
0.9891057 1.230222
0.9986121 1.259728
1.001644 1.268826
0.9920953 1.259736
1.04161 1.253063
1.004448 1.199936
1.000718 1.256597
1.017343 1.224176
1.004538 1.269977
0.9651295 1.17299
1.068927 1.17083
1.028036 1.198613
1.006604 1.233563
0.9644944 1.181605
0.9991001 1.193869
0.980139 1.148209
1.017686 1.157591
1.004558 1.176044
0.9821294 1.18313
1.059768 1.231558
1.009346 1.300267
0.9636368 1.163423
1.002293 1.179679
1.003817 1.218973
0.9502502 1.299102
0.9970342 1.277209
1.022082 1.223798
1.006094 1.156877
1.010296 1.131973
1.038034 1.13016
0.9889159 1.107424
0.9990893 1.101428
1.026262 1.14164
0.9863573 1.160205
0.9478537 1.142743
1.025945 1.155681
0.9705464 1.122623
1.017827 1.128367
0.9772162 1.137392
1.034298 1.163306
0.9852186 1.187875
0.950087 1.200605
1.012118 1.252087
0.9833392 1.284562
1.061633 1.19159
0.9647812 1.244245
1.033476 1.256275
0.9785342 1.196836
0.9919409 1.268207
1.00863 1.267482
1.005094 1.268681
0.9967927 1.273764
1.0014 1.307442
0.9709402 1.322823
0.9898864 1.326804
1.048492 1.27096
0.9760483 1.355178
1.035723 1.309615
0.9971375 1.263976
0.9842773 1.309671
0.9789739 1.319199
1.000642 1.281187
1.011144 1.359746
0.9593212 1.255856
0.9764113 1.269011
0.9534362 1.302303
0.976759 1.271799
1.053542 1.150738
0.9731131 1.187111
0.9872187 1.242701
1.012258 1.302481
1.000635 1.258062
0.9671306 1.255948
0.9945151 1.220804
0.9467572 1.285805
0.9686822 1.219922
0.9710726 1.240652
1.004617 1.265214
0.9904453 1.30179
0.9339211 1.351707
0.9972401 1.315896
1.024512 1.27945
0.9877104 1.228868
0.9605443 1.268932
1.003808 1.243528
0.9716965 1.216886
1.042434 1.273768
0.9867464 1.254848
0.9877779 1.194053
0.9979913 1.286662
1.001456 1.169975
1.016691 1.176263
1.047524 1.170846
1.088441 1.174816
1.003933 1.160108
0.9816024 1.220225
0.9707909 1.208148
0.9612334 1.238612
1.007734 1.22108
1.006582 1.182348
0.9861619 1.184182
1.020585 1.219451
1.006276 1.218561
0.9864724 1.236249
1.064293 1.208772
1.000735 1.216322
0.9292803 1.191277
0.9979412 1.193862
1.031106 1.17814
0.9856468 1.184757
0.964837 1.169498
1.004781 1.137753
1.000442 1.196066
1.006751 1.208114
0.9861011 1.185291
0.9624338 1.152363
0.9876336 1.180767
1.006705 1.19159
1.01689 1.291677
0.9562524 1.339149
0.9847127 1.318056
0.9564062 1.417517
0.9521649 1.373462
0.9728053 1.324868
1.023152 1.302339
1.002669 1.264566
1.00475 1.247894
0.9929296 1.272388
0.9826788 1.28939
0.93414 1.355331
0.9557236 1.311204
0.9430316 1.315393
1.022209 1.346251
0.9850148 1.281752
0.9433547 1.209069
0.9627302 1.238749
1.07021 1.158208
1.003804 1.199416
1.008807 1.152116
0.9529125 1.209637
0.9846827 1.177984
0.9823576 1.272948
1.003823 1.242894
1.012904 1.200521
1.018446 1.185522
1.080368 1.223862
1.016711 1.264588
1.060149 1.170329
1.051397 1.214033
1.027268 1.189107
0.9848573 1.227017
0.9748812 1.203945
0.997291 1.153216
0.9813578 1.223686
1.005247 1.223805
0.9918497 1.276806
1.017351 1.284594
1.002382 1.307658
1.02263 1.213955
0.9685783 1.248287
0.9641029 1.186717
0.98635 1.17772
0.9956301 1.205106
0.951215 1.142826
0.9695117 1.199339
1.057503 1.23098
1.005376 1.289164
1.04511 1.235292
0.9855937 1.237162
1.013973 1.219446
0.9814812 1.220346
0.979957 1.206988
0.9483746 1.214882
1.01591 1.166971
0.9640943 1.189236
0.9913208 1.212071
0.9992539 1.178378
1.021804 1.239114
1.004103 1.253205
1.033641 1.226194
0.9978014 1.232328
1.022015 1.216145
0.9907661 1.162999
0.9824528 1.193189
0.992002 1.146551
0.9953864 1.182796
0.9937275 1.167792
1.065447 1.204027
0.9935457 1.128436
0.9647361 1.199776
0.9880948 1.183871
1.017058 1.214581
0.9719303 1.217608
1.009099 1.183927
1.029311 1.151724
1.010031 1.196821
1.011422 1.182244
0.9802087 1.208239
1.012375 1.185851
0.9905916 1.301913
0.9479658 1.253789
0.9103259 1.294953
0.9954414 1.250383
1.048107 1.23666
1.005568 1.248254
0.9787525 1.261169
0.96932 1.291475
0.9926471 1.228689
1.032703 1.161965
1.01537 1.106264
1.02031 1.126371
1.040578 1.091029
1.025915 1.156416
1.00005 1.19073
1.054578 1.245964
1.023124 1.252226
0.9765062 1.269354
1.005706 1.183464
0.9846398 1.150017
1.026204 1.128115
0.9817097 1.134173
1.034954 1.122039
0.9925167 1.127243
0.9732701 1.207648
0.9717331 1.258159
1.001368 1.202937
1.004609 1.225224
1.035301 1.29822
0.9624247 1.326797
0.9968278 1.272803
1.013888 1.217989
1.046614 1.217995
1.010114 1.178021
1.038987 1.197992
0.9634998 1.228687
1.00685 1.195082
0.9846184 1.209561
0.9904349 1.194602
1.031426 1.231365
1.012872 1.183963
0.9871047 1.145486
0.9863161 1.136707
0.9771895 1.130091
1.035817 1.141969
1.053417 1.188864
0.9769277 1.247755
1.003637 1.218976
1.01647 1.193706
1.037055 1.259769
1.036579 1.263233
1.004067 1.27417
0.9517896 1.410295
0.9657139 1.306186
0.9636248 1.299857
0.9514631 1.286149
1.055879 1.230032
1.022786 1.378243
1.011974 1.328566
0.9331564 1.293298
0.9924418 1.295546
0.9934918 1.24979
1.027228 1.371188
1.022831 1.350302
0.9879263 1.303611
0.9857733 1.276705
1.058964 1.213282
1.048043 1.240744
0.9734495 1.210255
1.030566 1.258191
1.033389 1.23789
0.9897663 1.227939
1.009533 1.243058
0.9845303 1.239613
0.9996389 1.257934
1.024952 1.21998
1.014195 1.201338
0.996536 1.215765
0.9575546 1.235638
0.980067 1.276342
0.969862 1.301649
0.9527422 1.300788
1.034865 1.198065
0.9954466 1.166277
1.004218 1.188415
1.046789 1.224826
1.038584 1.22979
0.9735488 1.233256
1.006742 1.303724
0.9525169 1.309348
1.034936 1.207975
1.021896 1.248358
1.016894 1.288122
0.9790909 1.286998
0.9899672 1.256909
0.9659946 1.233299
0.961582 1.351176
0.9988421 1.374257
1.012174 1.248541
1.02192 1.252317
0.9969303 1.142191
1.029705 1.154849
0.9576988 1.265898
1.014916 1.158886
1.014207 1.072115
1.04655 1.099351
1.0276 1.13246
1.032224 1.092698
1.055139 1.130188
1.016026 1.144364
0.963075 1.182071
0.9982483 1.229798
0.9931035 1.212175
0.9598361 1.255139
1.013431 1.295639
0.9881701 1.292003
1.029021 1.296843
0.9988881 1.25675
0.9999469 1.205147
1.027167 1.178371
0.9959003 1.17667
0.9944397 1.175738
0.9889832 1.169961
1.023332 1.105674
1.006949 1.096689
0.9831887 1.135404
1.032706 1.160692
1.024342 1.198246
0.9755462 1.244923
0.961 1.270974
0.982926 1.325315
1.010013 1.343069
1.029321 1.319509
1.003759 1.336981
0.9355078 1.271211
0.9935879 1.304934
0.9736265 1.281442
1.042088 1.260763
1.046518 1.276667
0.9854798 1.200126
1.018484 1.216289
1.01638 1.253107
0.9954095 1.174501
0.9811219 1.207162
0.9917746 1.23595
0.9664443 1.307492
1.025696 1.208448
0.9820728 1.202317
0.9658043 1.260353
0.9659903 1.298249
1.015844 1.214345
1.008034 1.216569
0.9798899 1.234909
1.030547 1.260673
0.9924565 1.231713
1.008373 1.282989
0.9719559 1.350059
0.9369247 1.327785
0.9999764 1.346664
0.9830361 1.280861
0.9777654 1.279674
1.013305 1.20011
1.051691 1.165439
1.00099 1.144346
1.015461 1.167011
0.9873516 1.199969
0.9756313 1.234877
0.9589118 1.308365
1.000147 1.27801
1.008413 1.248547
0.9576074 1.179899
0.9481736 1.233434
0.9871068 1.228869
0.958578 1.23298
0.9757158 1.284309
0.9770961 1.278601
1.008716 1.180669
0.9292063 1.165322
0.9890188 1.216404
0.9928258 1.157038
1.000499 1.131
1.008322 1.212689
1.005995 1.232509
1.041751 1.204475
0.9631239 1.189236
0.9731007 1.188762
0.9702006 1.180774
1.015522 1.190435
1.00527 1.222467
1.009688 1.19031
0.9922542 1.205418
1.033681 1.134324
1.070775 1.20918
0.9684362 1.21053
1.016002 1.159341
1.01708 1.202598
1.0552 1.191309
0.9705816 1.213409
0.9941022 1.211373
1.001751 1.195421
0.9904051 1.178658
1.009792 1.148907
0.9860635 1.246272
1.023964 1.245842
0.9328612 1.212425
1.025846 1.210587
0.9833952 1.175317
0.9907418 1.137926
1.040401 1.129988
1.016592 1.129436
1.004666 1.162811
1.014545 1.126473
1.061094 1.113392
1.03487 1.138347
1.01622 1.165901
1.010051 1.150772
0.9986274 1.153794
1.033273 1.147994
0.9968529 1.218668
0.9968494 1.236447
1.014843 1.222822
0.9632947 1.263845
1.006651 1.362565
1.002687 1.311597
0.9702085 1.303852
0.9475757 1.454513
0.9882078 1.298082
0.9666578 1.258121
1.001419 1.251942
1.001653 1.156852
0.9502341 1.153209
0.9725973 1.191445
1.003364 1.165392
1.012048 1.197343
1.006905 1.254709
0.9873992 1.239144
0.9938002 1.218019
0.9552538 1.292961
0.9861812 1.220644
1.00453 1.18416
0.9799627 1.144073
1.040247 1.158675
1.028469 1.165175
1.027059 1.112987
1.02533 1.083858
1.048913 1.159276
1.051851 1.178944
0.9930219 1.200656
0.9875519 1.175912
1.006865 1.152222
1.010355 1.183147
1.073913 1.139177
0.9852705 1.161962
1.024304 1.165442
0.9650913 1.231639
0.9568127 1.220922
0.9926203 1.25415
0.9947727 1.212794
0.9739906 1.212259
0.9695373 1.211925
1.064046 1.223528
0.9816562 1.20555
1.004249 1.271621
0.9864775 1.279915
1.022117 1.22552
0.994617 1.194415
0.9562442 1.288367
1.009831 1.295286
1.017632 1.280519
0.9926154 1.253288
0.9823155 1.289479
0.9609754 1.216014
0.9638649 1.254686
0.9918383 1.306632
0.9828645 1.345625
1.014959 1.296979
0.9898135 1.281807
0.9743745 1.342965
1.000995 1.295375
1.002969 1.225835
1.050824 1.2511
0.9487488 1.268096
0.9651065 1.209425
0.9879925 1.190485
0.9819766 1.203026
1.075976 1.286321
0.995719 1.294092
0.9928865 1.223802
1.043219 1.232803
1.009374 1.283447
0.9733129 1.28847
0.97515 1.208984
1.033476 1.269048
0.9880878 1.228662
0.9751575 1.260442
0.9923804 1.239613
0.9424835 1.24917
1.020685 1.229932
0.9916264 1.282639
1.021505 1.285865
1.020964 1.246019
1.002238 1.216114
0.9766774 1.240537
0.9697038 1.281237
0.9823348 1.265336
0.9847912 1.242197
0.9665264 1.30708
1.011356 1.373132
0.9900752 1.346377
0.9622321 1.312757
1.03083 1.239026
0.9920047 1.239035
0.9899262 1.261846
0.9398548 1.274611
1.015835 1.144049
0.9642285 1.212434
1.058775 1.191898
0.9902018 1.298948
0.9883621 1.219781
0.9826572 1.257424
1.026101 1.281557
1.005765 1.226226
0.9805765 1.217378
1.042366 1.149215
1.014749 1.127209
1.001108 1.156808
1.049109 1.171507
1.001966 1.157068
0.9883177 1.163014
0.9992303 1.15261
1.00677 1.114169
1.034698 1.170142
1.02901 1.161944
1.010711 1.178309
0.9948795 1.18139
0.9941241 1.204206
0.9631166 1.201408
1.014093 1.233231
1.056429 1.19902
1.040965 1.258614
1.015349 1.19447
0.9834455 1.206095
0.9597971 1.117342
1.035152 1.149308
0.9826428 1.155492
1.021353 1.163839
0.9963472 1.145256
1.016394 1.121105
1.028909 1.081129
0.9971827 1.071521
1.000787 1.137935
1.00949 1.146657
1.008041 1.212962
0.9609712 1.210558
0.9797188 1.210682
0.9634274 1.246543
1.045031 1.159669
0.9849394 1.198962
1.013147 1.186295
0.9713621 1.220951
0.9219384 1.20265
0.9859558 1.205278
1.055019 1.167177
0.9868232 1.190603
1.019531 1.261009
0.9706078 1.30406
0.9744344 1.386151
0.978309 1.390463
0.9942729 1.316785
1.005358 1.263048
0.9685021 1.180895
1.010925 1.271959
0.9492011 1.365298
0.9881835 1.304686
0.9963631 1.205617
0.9386551 1.239888
0.9836025 1.217319
0.95954 1.247326
1.006872 1.187136
0.9942667 1.136434
0.9824486 1.129332
1.027748 1.125875
1.032964 1.132272
1.047919 1.144399
1.041668 1.140353
0.9836424 1.153686
0.9808078 1.221363
0.9923494 1.173358
1.011836 1.206456
0.977843 1.231598
0.9796746 1.290929
0.9868022 1.196983
0.9668192 1.246326
0.9785471 1.278213
1.003384 1.301399
1.034781 1.228714
1.003415 1.348765
1.00256 1.36757
0.9846358 1.326338
0.9642249 1.305347
1.002867 1.31705
0.9614763 1.214368
1.002122 1.208544
1.020291 1.28124
0.9719828 1.309359
0.9695051 1.289008
0.9719655 1.220467
1.033713 1.207837
1.025061 1.262694
0.9703733 1.198277
0.9548617 1.201088
1.010163 1.226037
0.9731448 1.202049
0.9950923 1.189455
1.019037 1.133849
1.008887 1.119459
1.029802 1.090155
1.024189 1.12805
1.015265 1.107648
1.029998 1.083222
1.019051 1.141216
1.002993 1.161755
1.034984 1.191767
0.9862513 1.205301
1.007022 1.203344
0.9974182 1.250419
1.047425 1.226269
0.9908414 1.18105
1.003528 1.228914
0.9894131 1.227652
0.9793343 1.250815
0.9596739 1.234816
0.9997019 1.238389
0.9702461 1.248204
0.9819098 1.245294
1.006561 1.252347
0.9879705 1.284635
1.043911 1.289938
0.9583826 1.293277
1.013929 1.306756
0.9645071 1.244899
1.01366 1.254693
0.9595153 1.255378
1.001599 1.262033
0.9604848 1.314947
1.013276 1.294515
0.9746811 1.299863
1.046069 1.194802
0.9971385 1.232998
1.042154 1.178501
1.050906 1.138499
1.010894 1.150169
1.023038 1.093335
1.016547 1.086705
1.004338 1.115294
1.047753 1.093476
1.025993 1.146023
1.01821 1.184959
0.9903733 1.104821
1.003415 1.208533
0.9829635 1.221489
1.005778 1.226546
0.9998878 1.25419
0.9601836 1.264108
0.9756782 1.236813
0.9897306 1.245812
1.005428 1.249324
0.9742204 1.308149
0.9343069 1.248625
1.010382 1.274833
0.9216658 1.334819
1.008051 1.274189
0.9868652 1.297709
1.047835 1.235437
0.9852485 1.219058
0.928274 1.237571
1.058239 1.272297
1.006715 1.263229
0.9795828 1.251041
0.9663257 1.221869
0.949197 1.225113
0.9996818 1.186097
1.019038 1.180746
1.005651 1.191811
1.009701 1.13903
1.020669 1.150839
1.023372 1.129361
1.036871 1.130362
1.004851 1.041519
1.011439 1.164383
1.009917 1.129081
0.9893121 1.168636
1.004775 1.176798
0.9816505 1.203931
0.9718407 1.273878
0.9883014 1.263479
1.024958 1.272977
1.006664 1.290807
0.989141 1.315588
1.008509 1.293521
1.018408 1.38089
0.9356601 1.350485
0.9691779 1.311821
0.9751096 1.226644
0.9886251 1.16628
0.9709727 1.140587
0.9987293 1.118115
1.008449 1.14309
1.012443 1.187775
0.9611849 1.284152
1.010068 1.231647
0.9931562 1.216315
0.9507833 1.204502
1.02525 1.246172
0.9850502 1.273812
0.991147 1.137324
0.9915867 1.18304
0.9777245 1.211791
0.9808467 1.177871
1.062853 1.179952
1.008579 1.142726
0.9828492 1.247501
0.9965839 1.196242
0.9820903 1.163439
1.030203 1.10493
0.954947 1.123657
0.994537 1.097404
0.9960552 1.20497
1.001872 1.163334
0.9864783 1.231881
0.9904502 1.2087
0.9962235 1.222014
1.011346 1.166128
0.9994071 1.216131
1.066943 1.231554
0.9919238 1.28803
1.038946 1.197272
1.023817 1.138398
0.9833856 1.18682
0.9660388 1.200921
1.015173 1.189455
1.019821 1.174288
0.9784207 1.109716
0.9934507 1.175888
0.9807756 1.115833
1.059439 1.113318
1.031283 1.070361
0.9780149 1.101675
1.048376 1.07988
1.061548 1.064396
1.033769 1.131177
0.955304 1.127072
1.002189 1.151647
0.9995821 1.195154
0.9323849 1.251846
1.012511 1.224368
0.9523118 1.208453
1.098682 1.154857
0.9920982 1.175833
0.9748698 1.183821
0.9797874 1.20027
1.000433 1.203823
1.023362 1.17511
1.011749 1.224372
1.009342 1.212701
1.067865 1.206248
1.009483 1.243951
1.01091 1.263736
1.003491 1.214636
1.007702 1.312816
0.9884834 1.280712
0.9865385 1.268134
1.041261 1.228396
1.022549 1.240968
0.9850785 1.218157
1.051435 1.203899
1.018387 1.244238
0.991527 1.28136
0.9130404 1.332621
0.9915354 1.296601
0.9679658 1.307406
1.021119 1.319791
0.9697036 1.29958
0.9796906 1.232766
1.023828 1.132291
1.035578 1.148284
1.030277 1.210028
1.017567 1.217288
1.023029 1.161947
0.9808192 1.237315
0.9866391 1.243319
0.9957179 1.288858
0.9605233 1.281189
1.009024 1.183806
1.001525 1.22739
0.9551307 1.249838
0.9666541 1.253482
0.9909483 1.239628
0.9858188 1.188949
0.9822367 1.19898
0.9823476 1.149061
0.9894642 1.207367
0.9464411 1.168351
1.00148 1.155051
1.011064 1.137031
0.9674689 1.134588
0.9885531 1.146745
1.019804 1.090792
1.008366 1.164192
0.9951483 1.141774
1.012069 1.158141
1.033076 1.100616
0.968241 1.072024
1.026123 1.135783
1.032208 1.089929
1.018468 1.118722
1.005633 1.070605
1.015489 1.17999
1.016248 1.154421
0.9854357 1.183378
1.030455 1.15537
0.9462876 1.181347
0.9466683 1.209745
0.9943706 1.176599
1.029491 1.134467
1.012124 1.135902
1.015965 1.117937
1.02282 1.174297
1.049915 1.215047
0.9770032 1.121065
0.9948204 1.128373
1.032364 1.091771
1.01061 1.071097
1.013209 1.103654
1.010647 1.174811
1.067251 1.178902
0.9715294 1.14011
0.9998086 1.15374
1.007822 1.170144
1.001581 1.198098
1.025593 1.239834
0.979174 1.183619
1.008864 1.163309
0.9954492 1.234797
1.017168 1.269098
1.000829 1.259136
0.9687155 1.256919
1.012037 1.271113
0.9762857 1.233947
0.9946793 1.306386
0.9674894 1.300982
0.9407298 1.2876
1.040314 1.290284
0.9972236 1.205068
0.9874214 1.191331
0.999121 1.161616
0.9804936 1.195687
0.9903128 1.171364
0.9784378 1.217087
0.9505874 1.277065
1.004798 1.283298
0.98621 1.304597
0.9427623 1.249719
0.9874052 1.219346
0.9325878 1.25613
1.000749 1.3347
0.9715349 1.383074
0.9619791 1.347261
0.997048 1.294518
0.9894643 1.20066
1.013883 1.181322
1.007812 1.208139
0.966612 1.199319
0.9624407 1.317228
1.013476 1.231106
0.9824669 1.288846
1.046212 1.276659
1.009214 1.257034
0.94456 1.268741
0.9728755 1.290844
1.010176 1.26309
0.9515058 1.29019
1.037684 1.2103
1.016209 1.171423
1.020224 1.220421
1.052613 1.20186
1.027766 1.282899
1.001809 1.285976
0.9831145 1.230353
0.9953291 1.250039
1.029265 1.21978
0.9733881 1.240726
0.9968743 1.192061
0.999517 1.21143
0.9991276 1.237677
0.9889413 1.201379
0.9490824 1.183531
1.016189 1.213962
1.027617 1.133721
0.9818075 1.140661
1.001693 1.165239
1.0288 1.218519
0.9501396 1.219365
0.9780213 1.242684
1.011673 1.270774
0.9907149 1.363164
1.00784 1.316458
0.9806674 1.24411
0.9961844 1.223192
0.9922785 1.220942
0.9927511 1.24343
1.002876 1.130475
1.008303 1.103391
0.9656368 1.113219
1.019281 1.131869
1.021126 1.141342
1.066151 1.158776
1.066855 1.186549
0.990249 1.18905
1.046532 1.140681
1.0032 1.160729
0.9609945 1.134393
1.004653 1.190971
1.004307 1.159988
0.9743854 1.135639
1.023816 1.152898
1.038513 1.241128
0.9765217 1.232605
0.9793794 1.247418
0.9932815 1.186411
1.055272 1.189742
1.034887 1.141173
1.040847 1.104192
1.031036 1.119222
1.000384 1.084101
1.049345 1.091438
0.9838547 1.185317
1.068505 1.145089
1.001294 1.161164
0.9734678 1.259493
0.9913807 1.17242
1.030864 1.204338
1.033746 1.248093
0.9805581 1.262984
0.9641214 1.262111
0.984124 1.248902
1.01089 1.212377
0.9973636 1.143059
1.022754 1.124246
1.023739 1.151026
0.9936324 1.229776
0.9803104 1.19363
0.9976803 1.203664
1.012221 1.204723
0.9922302 1.23995
0.9953961 1.240401
0.9865062 1.286574
0.9355084 1.295614
0.9720784 1.354884
0.9562215 1.264321
0.9889848 1.199746
0.963824 1.229142
0.9659663 1.221416
1.024057 1.234442
1.017367 1.201311
0.98682 1.223059
1.021685 1.210649
1.043965 1.141484
0.9998757 1.17854
1.003004 1.222472
0.9940328 1.262486
0.9615921 1.28806
0.9994605 1.309049
0.9627579 1.230992
1.020477 1.154345
0.9802079 1.137815
1.00185 1.130262
0.9810763 1.146076
1.068756 1.174651
1.011339 1.174699
0.9750151 1.194118
0.967369 1.179569
0.971976 1.158992
1.003518 1.176255
1.01595 1.138517
0.9526752 1.137747
1.016939 1.156857
0.9938288 1.139344
1.019905 1.136251
0.9690121 1.198769
0.9978098 1.234227
1.035954 1.250703
0.954572 1.192246
0.9889555 1.215142
0.9775547 1.180563
1.001734 1.182585
1.033339 1.20209
0.9735663 1.15244
0.9988563 1.168944
0.9745011 1.248189
1.012547 1.173518
1.003007 1.160269
0.9954046 1.204194
0.9859522 1.148744
1.013735 1.168371
1.032492 1.15345
1.043381 1.142451
1.007335 1.101245
0.9753445 1.129224
1.003253 1.144931
0.9856595 1.165863
1.01282 1.127602
1.007933 1.160085
0.9577042 1.155224
1.026923 1.190743
0.9960635 1.205014
0.9854955 1.203972
0.9772384 1.17324
1.023341 1.178208
0.9643732 1.194493
1.029686 1.138147
1.027419 1.060021
0.9701923 1.114108
1.028279 1.148132
0.9811966 1.200286
0.9811199 1.295341
1.014492 1.252365
1.017684 1.367312
1.012961 1.404498
0.9441254 1.349117
0.951607 1.258565
1.023055 1.265217
0.9873438 1.293063
0.9916862 1.304911
0.9826786 1.31861
1.020238 1.26094
0.9412483 1.271771
1.03028 1.235925
0.9648392 1.309338
0.9834792 1.252814
1.021697 1.184052
1.025766 1.224768
0.9951911 1.248373
0.9817582 1.183623
0.9952478 1.243583
1.004878 1.304882
1.023462 1.270383
0.9793343 1.269816
0.9988148 1.339145
0.9881793 1.293715
0.9908164 1.281733
0.9835383 1.278788
1.003751 1.294931
0.9633459 1.238546
0.9703056 1.275194
1.000443 1.237951
1.004572 1.192366
0.9855637 1.272491
1.030612 1.259564
0.9852422 1.250712
0.9898542 1.244857
1.01972 1.169026
1.017518 1.202966
1.033713 1.18833
0.9707608 1.239362
1.000827 1.236846
1.034386 1.160498
0.9970598 1.169735
1.072973 1.045249
1.009175 1.109402
0.9902929 1.10528
1.030371 1.123301
0.9471078 1.155998
1.038179 1.119084
1.002467 1.182151
1.039021 1.200934
1.030328 1.160527
0.9936516 1.172843
1.009799 1.163843
0.9829988 1.172097
1.021658 1.178764
0.9710042 1.2515
1.010384 1.288286
1.038918 1.232193
1.012137 1.220988
1.020049 1.172625
1.009201 1.137721
1.015294 1.155246
0.9777431 1.165176
1.035459 1.126673
1.024476 1.067936
1.037704 1.060248
1.028461 1.111686
0.9907533 1.090692
1.013968 1.16004
0.9737895 1.135702
1.06012 1.179712
1.010534 1.168184
0.9779892 1.236243
1.004033 1.282228
1.002416 1.286353
0.9863528 1.200387
1.014693 1.250855
0.9992931 1.304581
0.9941656 1.282537
0.988956 1.242956
1.030891 1.214621
0.992563 1.308349
1.027466 1.312933
0.9601332 1.285813
0.9610169 1.240027
0.9795413 1.230764
0.9581023 1.26753
0.9888687 1.328901
0.9819307 1.274445
0.9966368 1.250988
1.051006 1.209365
0.972937 1.237506
0.9833149 1.164353
0.9895666 1.133913
1.032932 1.123532
0.9848103 1.16781
0.975069 1.151435
1.024817 1.124691
1.016266 1.133245
0.9704208 1.108713
1.040423 1.094695
0.998734 1.082855
1.001156 1.094351
1.012968 1.103017
1.025756 1.093606
0.953235 1.149928
1.004418 1.188835
1.019855 1.217592
0.9847933 1.182015
0.9992481 1.212701
1.019739 1.169627
0.9741103 1.191121
0.9953259 1.165966
1.014036 1.194956
1.025725 1.242215
0.9629341 1.291785
0.9918893 1.210253
1.028393 1.171165
0.9944537 1.206442
1.005087 1.203565
0.9862931 1.316536
0.9772976 1.295628
1.012644 1.2492
0.9927912 1.203668
0.9941475 1.186858
0.9528919 1.261922
0.963211 1.285995
0.9986333 1.293809
0.9848784 1.283786
0.9694707 1.229064
1.02121 1.26231
0.9806414 1.221935
1.032999 1.312716
1.002493 1.325175
0.9978655 1.338633
0.9735595 1.296707
0.9536284 1.288287
0.9864011 1.294466
0.9817695 1.287261
0.9800237 1.277042
0.95603 1.342296
0.9866928 1.255869
1.020744 1.223194
0.9980472 1.157586
1.003206 1.173135
0.9815061 1.191872
1.006037 1.217592
1.027544 1.162222
0.9729563 1.194733
0.9603209 1.246593
1.00515 1.22588
0.9938459 1.159847
1.028929 1.245184
1.065943 1.253938
0.9575672 1.292539
0.9671914 1.289327
1.00008 1.24996
0.9282308 1.286423
0.9822994 1.24948
1.015408 1.232723
0.9484727 1.269869
0.993494 1.213454
0.9868607 1.217743
1.012507 1.20982
1.00523 1.177276
0.9976986 1.197138
1.036458 1.172782
1.032686 1.170967
0.9848238 1.214175
1.013327 1.183342
1.003929 1.177824
0.950971 1.235606
1.016587 1.20294
1.0583 1.178039
0.9647134 1.179417
1.020293 1.193004
1.017136 1.205101
0.9813424 1.276072
1.033649 1.244446
1.022844 1.244364
0.9901356 1.150313
1.017815 1.152645
1.033281 1.170672
0.9598646 1.168382
0.9818808 1.188601
1.016023 1.189855
0.9802486 1.190563
0.9682645 1.18545
1.008518 1.201267
0.9887554 1.200014
1.018447 1.234639
1.004499 1.26555
0.9985337 1.206509
1.000895 1.237649
1.005883 1.145377
1.002218 1.188385
0.9907108 1.214866
0.976913 1.141428
1.028332 1.165215
0.9988468 1.213203
0.9499798 1.20589
0.9552947 1.2083
1.024885 1.213219
0.9796323 1.250672
1.037342 1.211856
1.000808 1.23185
1.057449 1.182574
1.003925 1.200935
0.9857913 1.198802
1.033491 1.221054
1.038917 1.136143
1.003903 1.168199
0.9912942 1.215324
0.9861441 1.226094
1.00821 1.218104
0.9981406 1.257291
1.032239 1.241857
1.014021 1.263653
0.9856429 1.245089
0.9612534 1.222126
0.9994911 1.138579
1.000232 1.178987
1.044979 1.177922
0.9373243 1.185301
0.9797729 1.172552
1.011454 1.177095
0.9981973 1.188815
0.9784903 1.227111
1.013334 1.25251
0.9891162 1.200287
1.023078 1.225171
0.9890546 1.27616
0.9816484 1.232422
0.9852307 1.227324
0.9683947 1.242255
0.9589235 1.247376
1.048369 1.21784
1.017162 1.190611
1.03228 1.203841
1.000373 1.250375
0.9942217 1.224123
1.047478 1.206299
0.9952373 1.202422
0.9939342 1.183588
1.003604 1.162889
0.9941472 1.268909
1.043326 1.248447
1.021976 1.23121
1.032509 1.190043
0.9666064 1.228256
0.9963155 1.247971
1.010602 1.237084
1.044373 1.27549
0.9907493 1.248312
1.01854 1.150055
1.027567 1.177814
1.015436 1.234982
0.9746674 1.198097
1.005527 1.150188
0.9608859 1.174863
0.9814244 1.191197
0.958703 1.183149
0.9913591 1.232618
0.9926806 1.241362
1.015505 1.236216
1.051983 1.220293
0.9921199 1.219149
0.9877818 1.204648
1.066674 1.204812
1.022091 1.2284
0.9603229 1.185009
0.9971822 1.250194
1.053663 1.359039
1.00096 1.312144
0.9747138 1.306708
0.9422775 1.259433
1.001839 1.259029
0.9694668 1.36671
0.9832798 1.303195
0.9913041 1.289519
1.015651 1.191576
1.01616 1.164349
1.055352 1.184293
1.036326 1.221636
1.016035 1.213142
0.9861391 1.211913
1.015991 1.217741
0.963404 1.183616
0.9355637 1.208986
1.030176 1.226366
1.005174 1.192188
0.9921705 1.215042
0.9689753 1.272331
1.002092 1.278664
0.9676395 1.290316
1.030933 1.158407
1.003948 1.210909
0.9930525 1.256956
1.033986 1.205028
1.015823 1.186375
0.9527238 1.249038
1.015547 1.276553
1.00334 1.216774
1.020897 1.183602
1.04254 1.246576
1.009335 1.349135
1.026028 1.290599
0.9882173 1.315341
0.9929202 1.299481
0.9742908 1.241434
0.9942479 1.311693
0.9772241 1.24352
1.012607 1.198109
0.9666365 1.256387
1.020471 1.25342
1.013532 1.218471
1.000928 1.267618
0.9725305 1.289227
1.030302 1.355134
0.9584584 1.323003
0.9539339 1.338497
0.9877178 1.302694
1.028179 1.285978
0.9626849 1.239743
0.9876125 1.256139
0.9752001 1.263049
1.002856 1.268462
1.041312 1.319006
1.012883 1.344464
0.975681 1.32957
0.9959729 1.210321
0.9749541 1.220684
0.9950613 1.228985
0.9980037 1.270876
0.9720886 1.319973
1.048872 1.239779
0.9928492 1.282386
1.012467 1.262917
0.9870708 1.213885
0.9866224 1.20698
1.030855 1.168483
1.004137 1.149292
1.025667 1.159555
1.092819 1.230334
1.058693 1.178731
1.001946 1.222975
0.9934398 1.202499
1.002569 1.155158
1.00556 1.236821
0.9837219 1.211253
0.9995105 1.187201
0.9883122 1.191158
1.037098 1.185454
0.9910458 1.201989
1.039545 1.195603
0.9084737 1.254774
0.9926656 1.222072
0.9448784 1.282702
0.967663 1.265602
0.9785515 1.189379
1.032735 1.135882
1.037576 1.112038
0.9806484 1.138686
0.9913709 1.161872
1.028077 1.178103
1.007797 1.213092
0.9758662 1.168674
1.004452 1.180794
0.9987136 1.175457
1.050727 1.180607
0.977322 1.174619
1.001374 1.218119
0.9770428 1.270451
1.024003 1.351939
0.9771854 1.30704
1.010691 1.229514
0.9859028 1.269278
0.9649233 1.285376
0.937291 1.236081
0.9965447 1.368278
0.9328177 1.393134
0.9623094 1.24687
1.039417 1.208006
0.9996338 1.233382
0.9920353 1.219222
1.022575 1.292132
0.9508495 1.269741
1.046365 1.252788
1.003034 1.242498
0.9732957 1.250422
0.9958244 1.307548
0.9868975 1.291527
0.9944666 1.204827
1.007636 1.157261
1.016993 1.208005
0.9303696 1.179346
1.029556 1.185257
1.039427 1.172844
1.052805 1.122054
0.9495995 1.190966
0.9842164 1.208896
1.032691 1.141588
0.9782999 1.22757
1.022586 1.155655
0.9533332 1.241946
0.9820111 1.243856
1.022464 1.264601
1.008942 1.216046
1.04676 1.211129
1.020008 1.21772
1.026528 1.197246
1.044837 1.235253
1.027455 1.225896
1.00668 1.233273
0.9675836 1.25171
0.9643525 1.26953
0.9535279 1.244996
0.9873635 1.211978
1.009281 1.270658
1.023515 1.32349
1.036523 1.230112
1.054169 1.197375
1.014804 1.196776
1.027297 1.142227
1.02723 1.180732
0.9948076 1.205117
0.9636461 1.232389
0.9634595 1.201269
0.9520839 1.222715
1.011153 1.223606
0.9662431 1.266441
1.028037 1.208241
1.013106 1.259391
0.9912437 1.166013
0.9898498 1.214365
0.990107 1.227193
1.042642 1.213963
1.029941 1.10758
1.036888 1.059164
1.046414 1.075867
0.9910296 1.083114
0.9813793 1.112101
1.027912 1.158877
0.9833474 1.150275
0.9908135 1.128058
1.002336 1.198232
0.9987011 1.165382
0.9561185 1.191215
0.9764816 1.263055
0.9964001 1.245532
0.9900238 1.171921
0.9741476 1.173186
0.9907685 1.244798
1.031297 1.256922
0.9694052 1.191197
0.9819359 1.213141
0.9899576 1.237574
0.9673338 1.26931
0.9432055 1.298641
0.9637862 1.281693
0.9968104 1.317092
0.9792109 1.322385
1.008504 1.349495
0.9575274 1.316405
0.9374944 1.31491
0.9859446 1.311974
0.9616515 1.373344
0.9684716 1.333909
1.00988 1.307086
0.9531294 1.276597
1.01708 1.181994
1.014121 1.108257
0.9672396 1.186294
0.9745774 1.210111
0.9673693 1.223536
1.059125 1.269951
0.9908842 1.234588
1.008908 1.194919
0.9982929 1.22229
0.956455 1.056136
1.029861 1.106497
1.054284 1.229028
1.000502 1.267597
0.9852309 1.212691
1.007837 1.242025
1.015774 1.239742
0.9838507 1.260036
0.9490806 1.232792
1.002916 1.242844
0.9684931 1.250632
0.9782509 1.228623
0.9890139 1.276856
1.034865 1.249844
1.000395 1.233676
1.000826 1.244231
1.049176 1.250336
1.037593 1.247573
1.009411 1.244082
0.9323209 1.261309
0.9768927 1.242103
0.9825801 1.282276
1.000464 1.31486
0.9667093 1.29681
0.9781753 1.234768
0.988548 1.217497
0.9995825 1.209702
1.047329 1.186443
1.003149 1.247611
0.9263993 1.408065
0.9535176 1.319313
0.9503513 1.320017
1.029001 1.285162
0.9668646 1.224236
0.9943346 1.256779
0.9541609 1.250571
1.033078 1.258965
1.026164 1.219857
1.01135 1.199032
0.9857314 1.202375
1.032735 1.189771
1.00607 1.136154
1.010158 1.162001
1.020457 1.212412
0.9855489 1.236948
1.010852 1.217602
0.9573763 1.279651
0.9562371 1.253588
0.9645789 1.298607
1.038919 1.296475
1.064497 1.199679
1.018373 1.176398
0.9968134 1.203028
0.9931775 1.196977
0.9805725 1.138767
1.00477 1.184931
0.9568478 1.180365
0.9914241 1.301433
1.049462 1.298581
1.022738 1.222171
1.020022 1.206793
0.9911689 1.147049
0.9998215 1.181749
0.9855357 1.242495
1.05327 1.192359
0.9957582 1.151985
1.041955 1.170289
1.003269 1.148058
0.993446 1.17866
1.021045 1.16273
1.022282 1.215361
1.039061 1.209454
0.9778761 1.21629
0.9920048 1.250097
0.9618073 1.258993
1.03092 1.2134
0.9939969 1.208238
1.028163 1.170323
0.9917827 1.115733
1.031379 1.127142
0.9243818 1.227905
1.026108 1.267496
1.043726 1.191451
1.029248 1.163936
1.021223 1.180235
0.9790831 1.191909
0.9783231 1.211585
1.036763 1.193199
1.003953 1.192423
0.9953302 1.147676
0.9957523 1.129224
0.9764732 1.146368
1.025739 1.151936
1.034022 1.218896
1.041057 1.167154
1.053879 1.14421
1.048652 1.128437
1.022341 1.151812
1.000508 1.170492
1.047454 1.147337
1.019575 1.163802
1.033728 1.160945
1.029489 1.122116
1.0142 1.197921
0.9854022 1.150275
0.9965697 1.092978
1.002723 1.134323
1.013583 1.128521
0.9888854 1.120296
1.042444 1.098574
1.027958 1.1478
0.9741193 1.143332
1.006766 1.212695
0.9772105 1.210849
1.035682 1.145557
0.998095 1.134179
0.9873955 1.173365
1.061952 1.237136
0.993741 1.227628
0.9855577 1.165508
0.9955202 1.149984
1.019305 1.225106
1.009115 1.285939
1.043006 1.238823
1.014771 1.213637
0.9827851 1.210612
1.020307 1.184944
1.025177 1.267856
0.976843 1.279944
0.9805334 1.368784
0.987401 1.308325
0.9830768 1.315854
1.000321 1.188201
0.9830513 1.212805
1.050318 1.222724
1.009717 1.226333
0.9805933 1.139169
0.9665345 1.210129
0.9858374 1.236933
0.971775 1.223477
0.9501792 1.320359
1.01364 1.274325
1.021367 1.275555
0.935442 1.263237
0.9824766 1.246998
0.9992438 1.172652
0.9607512 1.192618
0.996104 1.194588
0.9964324 1.199304
1.004297 1.230246
0.9965442 1.260111
0.9928384 1.267352
0.9641554 1.187089
1.001134 1.183647
1.012717 1.196815
1.035095 1.168305
0.998293 1.196516
1.041047 1.176963
0.9942273 1.228838
1.002905 1.188593
0.9806783 1.160717
0.9979044 1.178822
1.018492 1.230165
0.954108 1.206908
0.9572798 1.206336
1.012012 1.178732
1.01547 1.179706
0.9389853 1.259213
1.015029 1.284979
1.004457 1.290665
1.010139 1.267549
0.9367672 1.233419
0.9558538 1.274247
0.9767336 1.273344
1.008156 1.238454
0.9950011 1.290769
1.020222 1.26176
0.9774725 1.201071
0.9847442 1.252034
0.9770672 1.269061
0.9762055 1.215862
0.998605 1.207981
0.9670408 1.199045
0.987637 1.21252
0.9983396 1.210652
1.036795 1.211359
1.02271 1.155669
1.000529 1.225565
1.027971 1.17852
0.9845461 1.119392
1.014339 1.109798
1.010183 1.144326
0.9826918 1.207948
0.938053 1.222756
0.9886574 1.206678
0.9420904 1.21792
1.030549 1.210232
0.9872663 1.22467
0.9776017 1.228574
1.018826 1.26225
0.9960705 1.239678
0.9538278 1.195406
1.029383 1.21873
0.9785169 1.223025
0.961166 1.241882
1.028313 1.292291
0.9728356 1.330085
1.022155 1.295501
0.9722972 1.292042
1.067007 1.296534
1.023693 1.300317
1.017072 1.339977
1.006024 1.269227
0.915379 1.293582
0.9905358 1.33951
0.9307073 1.284486
0.9403108 1.278387
0.9661752 1.241017
1.008886 1.378573
0.9121173 1.35628
0.9566469 1.312678
0.9897253 1.380393
1.027525 1.307187
0.9715323 1.281375
0.9758493 1.198448
1.008593 1.210605
0.9825342 1.200582
0.9820386 1.188489
1.050421 1.195125
0.9508124 1.237731
0.9885563 1.251138
0.9801009 1.201525
1.024512 1.223735
0.9903585 1.234786
1.022127 1.251988
0.9847535 1.207166
0.9835069 1.24849
1.024344 1.195911
1.075029 1.168912
1.012154 1.12218
0.9682134 1.155999
1.026818 1.144177
0.9900135 1.185075
0.9878996 1.181983
0.9294155 1.216248
0.9594807 1.208205
0.9712605 1.255749
0.9344306 1.217863
1.071701 1.204336
0.9917194 1.272435
0.9656003 1.22498
1.054295 1.177664
0.9885352 1.188655
1.002625 1.190045
0.9960039 1.210139
0.9919478 1.197987
1.072274 1.12677
0.9709839 1.144792
0.9910263 1.176093
1.013489 1.157964
1.007055 1.154791
1.006662 1.162343
0.9789442 1.169873
1.015594 1.223607
1.035237 1.187826
0.987721 1.137374
1.003965 1.140844
0.9772924 1.168778
0.9916261 1.176567
1.024952 1.202127
1.024233 1.185189
1.048916 1.199075
0.9398918 1.281247
1.027576 1.151377
0.9846055 1.191548
0.9836749 1.233623
0.9768298 1.223293
0.9964759 1.183645
1.01834 1.218879
1.043997 1.160817
1.033619 1.191398
1.011989 1.13782
1.0449 1.141399
1.013577 1.135528
0.9844681 1.182469
0.9808875 1.204765
1.001387 1.238885
1.015215 1.258242
0.9933266 1.199266
0.9625518 1.216058
1.00399 1.146751
0.9883408 1.216265
1.03503 1.302985
0.9628847 1.291354
1.02206 1.305845
0.9667282 1.28352
0.9928778 1.275788
0.9810413 1.271725
1.035953 1.216778
0.9424295 1.225043
1.000119 1.171748
0.9982645 1.290822
1.006866 1.24227
0.9740235 1.276843
0.9635289 1.250131
1.017881 1.231169
1.020165 1.175806
1.010431 1.235127
0.9883238 1.195628
0.9539287 1.308354
0.9693246 1.339152
0.9581697 1.387924
0.9805662 1.3259
0.9907988 1.383674
0.9697049 1.356362
1.004708 1.278051
1.001159 1.247849
1.001427 1.24252
0.9445637 1.24701
0.9765981 1.226516
1.000794 1.210482
1.010796 1.169325
0.9960062 1.160489
1.031803 1.154966
1.095401 1.174255
1.020213 1.202133
0.9949354 1.13623
1.030216 1.10496
1.01364 1.087235
1.03544 1.038942
1.025654 1.080956
0.9706804 1.121185
1.035977 1.143254
0.9458728 1.192684
0.9973711 1.207548
0.9870938 1.183895
1.013727 1.126209
1.023655 1.128765
0.9741679 1.132699
1.026943 1.142142
0.9756068 1.20129
0.9899477 1.11144
1.017474 1.168312
0.9397699 1.167373
1.0086 1.199445
1.033794 1.215378
0.9814523 1.228478
0.9824641 1.281627
0.965393 1.231733
0.9708474 1.259486
0.9745101 1.169092
1.028032 1.167931
1.018194 1.215854
0.9969819 1.147879
1.021884 1.174958
1.061086 1.172396
0.9909864 1.249084
1.042408 1.24671
0.9879701 1.203351
1.007723 1.172599
0.9636914 1.251945
0.9781272 1.156727
1.069659 1.107484
1.052154 1.184816
0.9884562 1.175303
0.9885545 1.208814
0.9977998 1.178664
0.9883541 1.284251
0.9714308 1.32081
0.9797002 1.247032
1.01279 1.260765
0.9821457 1.24976
0.9603629 1.205676
0.9920087 1.19618
0.9770962 1.192185
0.9906321 1.197598
0.9867021 1.2718
0.9544043 1.308719
0.9330862 1.283005
0.970374 1.312512
1.003433 1.348081
1.020829 1.243454
1.029937 1.281631
0.979666 1.334191
0.9867863 1.314818
0.9937966 1.219904
0.9846648 1.270408
0.9622887 1.266375
1.019938 1.264117
0.9984065 1.31094
1.017076 1.283246
0.9674198 1.393054
0.9602543 1.309431
1.049246 1.202731
0.9785218 1.232625
1.023628 1.191851
0.9974566 1.170725
0.9552933 1.172357
0.9699289 1.190994
0.9859993 1.204438
0.9900546 1.281397
1.044849 1.216801
1.012577 1.171043
1.020956 1.125082
0.9673262 1.184871
0.9800379 1.171974
1.046752 1.189323
1.062322 1.116237
0.9908794 1.13361
1.007287 1.18232
1.004127 1.075559
1.058397 1.06949
1.039357 1.084414
0.9876383 1.075254
1.006047 1.090673
1.038961 1.163814
0.9688375 1.103487
0.9909873 1.168659
1.02256 1.092771
1.030503 1.178803
1.003161 1.154118
1.038759 1.179808
1.03719 1.171822
0.950499 1.236149
1.023294 1.231975
0.9700157 1.36062
0.9901786 1.302725
0.9822693 1.32053
0.9889716 1.269539
0.9683549 1.291121
0.9986033 1.284574
0.9542513 1.235337
0.9694009 1.145096
1.006157 1.157394
1.001993 1.157712
0.9892692 1.159075
0.9314265 1.176601
0.9905793 1.250374
0.9774258 1.27585
1.020312 1.269975
0.9676318 1.290547
1.023357 1.232644
0.9902265 1.200131
0.9807729 1.225018
0.9848302 1.210773
0.9864447 1.266493
0.9856627 1.27241
0.9600994 1.224668
1.007499 1.155263
1.028566 1.199769
0.997108 1.166507
1.014949 1.152673
1.008448 1.143018
0.9969614 1.184108
0.9625344 1.236147
1.023992 1.264782
1.07148 1.297176
1.008131 1.228763
0.9722474 1.217195
0.9768953 1.235004
0.9616044 1.258744
0.9979078 1.141206
1.008169 1.08376
1.060906 1.076884
1.060688 1.162082
1.051361 1.161146
1.045771 1.169351
0.9647002 1.116955
1.005408 1.123841
1.052991 1.151905
0.9750946 1.217833
0.9791728 1.173638
1.011789 1.148747
1.03383 1.145966
1.014813 1.174944
0.9916163 1.279613
1.007017 1.295662
1.004245 1.288815
0.9793156 1.270261
1.005929 1.289498
0.9818685 1.272941
0.9740827 1.230995
1.025586 1.208979
0.9539337 1.222792
1.037605 1.292426
0.991725 1.201393
0.9899549 1.191156
0.999428 1.189197
0.9967979 1.146909
0.9937531 1.179281
0.9937646 1.166258
1.012133 1.202574
0.9863718 1.324388
1.011522 1.316986
0.9943032 1.192298
1.017855 1.205597
0.964976 1.17866
1.00518 1.160467
1.082199 1.184758
0.9899282 1.213082
0.9594463 1.251533
1.011067 1.257231
1.059173 1.28509
0.9618436 1.306529
1.012075 1.259101
0.9673561 1.178075
0.9845043 1.25436
0.9716115 1.29603
0.93475 1.220804
1.012529 1.221072
0.9786066 1.225866
1.007853 1.203636
1.036401 1.221441
1.050867 1.288475
1.026003 1.221523
0.976426 1.231181
0.9875159 1.205326
0.9890288 1.244959
0.9555293 1.261391
1.004757 1.229973
0.9863262 1.168745
0.9795334 1.144091
1.010904 1.158497
1.021858 1.168374
0.9618037 1.172979
1.017184 1.194589
0.9978084 1.195896
0.9946068 1.250196
0.9801445 1.236983
1.02282 1.225499
0.9873381 1.281222
0.9709431 1.285494
1.013418 1.35544
1.018724 1.24038
0.9941804 1.254736
0.9726803 1.214761
0.9677785 1.281414
0.9656251 1.256939
0.9648254 1.329946
1.00789 1.323057
0.9544499 1.282421
0.9377957 1.269614
0.9983982 1.348511
1.006837 1.321242
0.9848301 1.368462
0.968035 1.299281
1.009307 1.303311
1.008464 1.316377
0.969123 1.307708
1.060594 1.311068
0.9650396 1.364389
0.9499738 1.378084
0.9584818 1.326641
0.9564391 1.406172
1.002899 1.40281
1.019097 1.321558
0.9782283 1.28836
0.9690584 1.235041
0.9519479 1.172438
0.9641533 1.218745
0.9533386 1.232199
0.9669479 1.239643
0.9357997 1.31202
1.027896 1.197234
0.9784402 1.190098
0.9680159 1.194665
1.028848 1.27804
0.9537166 1.248233
1.014054 1.273237
0.9774115 1.250687
0.9529483 1.363701
1.044693 1.251686
0.9850867 1.170434
0.9955317 1.21675
0.9767866 1.355274
0.9874882 1.316914
0.9895342 1.284391
1.034378 1.26064
0.9913926 1.236629
0.9639436 1.297641
0.9845179 1.271098
0.9875397 1.253557
1.030806 1.218027
1.029131 1.166896
1.032771 1.201869
0.9852019 1.222945
1.031489 1.156499
1.021914 1.13502
0.9898927 1.226045
0.9724414 1.270711
0.9431591 1.230257
1.040725 1.231064
1.007525 1.251951
0.9870227 1.273663
1.032424 1.1596
0.963565 1.215855
1.011753 1.266205
0.9629576 1.312989
1.022943 1.279002
0.9800457 1.283744
0.9603075 1.209241
1.019355 1.218494
0.9600835 1.210029
1.034696 1.146317
0.9829478 1.155655
0.9797976 1.187655
0.9909982 1.116524
1.018379 1.128729
0.9794265 1.139525
1.008642 1.102734
1.028112 1.192374
1.045912 1.175077
0.9658181 1.213604
0.9719145 1.214227
1.062041 1.303247
0.979179 1.334609
1.018527 1.323431
1.00048 1.231778
1.007085 1.233076
1.012374 1.213613
1.001188 1.252755
1.013912 1.202125
0.9730446 1.247424
1.043692 1.207385
0.9867911 1.239609
1.019972 1.226877
0.9983502 1.233114
1.003624 1.265846
1.018018 1.213144
0.9874539 1.196525
1.030946 1.199475
1.018786 1.177076
1.027424 1.186198
1.003472 1.171334
1.004457 1.195676
0.9912256 1.279552
1.031164 1.200787
0.9796298 1.219311
0.978604 1.220243
0.9880679 1.225956
1.011707 1.253946
0.9911836 1.265152
1.023966 1.225151
1.042466 1.245799
1.016481 1.243996
0.9753838 1.180829
1.005297 1.118551
0.9601456 1.104456
0.9479543 1.197637
0.9470191 1.237687
0.9967946 1.211133
0.9975096 1.223935
1.005603 1.243783
1.011726 1.249875
0.9403615 1.25802
0.9863536 1.283476
0.9968262 1.317116
0.9858146 1.32014
0.9596066 1.324189
0.9300849 1.329496
1.028706 1.302262
0.9833384 1.275714
0.9949622 1.295742
0.960342 1.207327
0.9814371 1.226417
0.991811 1.214725
1.005001 1.19099
1.029573 1.231529
0.9725127 1.257976
1.022472 1.209743
0.9994869 1.222206
1.001818 1.22304
0.9940456 1.220141
0.9838042 1.187231
1.025266 1.225757
0.9549359 1.274061
0.9905932 1.247294
1.066753 1.227451
1.002148 1.209831
1.000009 1.202267
1.045238 1.178149
0.9895167 1.217503
0.9900893 1.252162
0.9959297 1.289499
0.9786168 1.338616
0.9576461 1.376439
0.9869235 1.316074
0.9520334 1.331803
0.9485462 1.26582
0.993362 1.25419
1.006605 1.159405
1.042583 1.159782
1.005994 1.19648
0.9823711 1.202875
1.009481 1.200912
0.9538878 1.300637
0.9980108 1.214551
1.024211 1.159072
1.011573 1.169358
1.039637 1.105625
1.021643 1.129763
1.014284 1.156604
0.9866365 1.14522
1.062451 1.185328
0.997784 1.253661
1.026655 1.241719
0.9992331 1.205817
0.9817637 1.140455
1.023578 1.179621
1.021657 1.257189
1.021585 1.210904
1.012479 1.242051
1.008939 1.225625
1.029772 1.268985
0.9941918 1.228906
1.025166 1.203719
1.004991 1.241376
0.9996146 1.179301
0.9970485 1.205859
1.047115 1.198753
0.9681782 1.185674
1.005073 1.25273
0.9816669 1.222562
0.9575468 1.255059
0.9872489 1.208688
0.9948076 1.237497
1.001544 1.255592
0.9968604 1.238104
0.9779768 1.334755
0.9871677 1.369583
1.001065 1.348763
0.9912818 1.358441
0.9917836 1.300686
0.9655854 1.284264
0.99318 1.302299
0.9792143 1.344423
0.9411624 1.324137
0.994853 1.282421
0.9859757 1.235798
0.9739167 1.263745
1.048391 1.260883
0.9560599 1.317161
0.9831413 1.260422
0.9815374 1.268156
0.9927993 1.220426
0.9973803 1.225966
0.917942 1.259597
0.9629319 1.31977
1.007334 1.289116
0.9534841 1.270576
0.9766336 1.260073
0.949071 1.19451
0.9946107 1.233648
1.029211 1.221888
0.9872676 1.253481
1.013698 1.350841
0.9746398 1.233303
0.9881976 1.176735
1.025873 1.174925
1.014652 1.284567
1.015314 1.276991
1.023015 1.266068
0.981168 1.213297
1.038759 1.125609
1.014707 1.122236
1.018632 1.160884
0.9641805 1.138511
1.036079 1.092595
0.9963214 1.08535
0.9902869 1.091288
1.050284 1.070467
1.023881 1.105231
0.9876318 1.155415
0.9724166 1.203163
1.070695 1.163659
1.042665 1.133284
1.022835 1.183528
0.9902095 1.10747
0.9834717 1.149882
1.015376 1.156784
1.020373 1.132319
1.032138 1.113949
0.9721912 1.110224
1.003434 1.090462
1.027263 1.087942
1.029385 1.101934
1.013714 1.084396
1.000012 1.096837
1.027685 1.054904
1.030284 1.053772
1.029515 1.035463
1.00539 1.038701
0.9755353 1.063632
1.010224 1.117154
0.9714621 1.107036
0.9912972 1.121793
0.9760868 1.174428
1.038872 1.158312
1.01568 1.302078
0.9405734 1.439279
0.9873827 1.390919
0.9819104 1.275697
1.023486 1.246423
0.9530606 1.20886
1.05933 1.228074
1.010748 1.214742
0.959212 1.259015
1.004909 1.302571
1.034461 1.341865
0.9494866 1.256802
1.011234 1.151986
1.079493 1.172664
1.000338 1.19496
0.9782815 1.158678
0.9791528 1.208342
0.9974982 1.197782
0.9938144 1.272739
0.9784148 1.181012
1.02332 1.136088
1.032359 1.243769
1.069432 1.215823
1.003986 1.192416
0.9885217 1.262874
0.9809835 1.237341
0.9932513 1.229233
0.9701754 1.249869
0.9798313 1.325355
0.9968203 1.260017
1.021965 1.186887
1.001494 1.213884
0.9745316 1.164362
1.032397 1.190419
0.9841266 1.19863
0.9858008 1.200475
1.002999 1.157158
1.043041 1.160733
1.014283 1.122432
1.036649 1.128643
0.9980457 1.189222
0.9827734 1.208394
1.014409 1.216507
0.9848853 1.241831
0.9598945 1.357993
1.062391 1.243602
1.04047 1.192213
1.012718 1.061547
0.9554738 1.066975
1.013565 1.117942
1.000717 1.117425
1.02025 1.149291
1.032009 1.091968
1.017787 1.142136
0.9444653 1.284613
0.9978602 1.285736
1.033262 1.255277
0.9953046 1.22917
1.001411 1.244932
1.023936 1.244622
0.9911077 1.17685
1.01192 1.19156
1.038826 1.211466
0.9900606 1.195757
0.9851027 1.22466
1.002454 1.160985
0.9589816 1.141683
0.9835526 1.214588
1.006335 1.235021
1.004296 1.204498
1.012608 1.28421
0.9988079 1.293862
1.045629 1.243744
0.9995158 1.283224
0.9979511 1.341112
0.9679276 1.351173
1.02156 1.2337
0.9912606 1.242658
0.9681702 1.240313
1.027361 1.155363
0.9912936 1.208262
1.003748 1.202259
0.9561665 1.234276
0.964451 1.253922
0.9928681 1.247702
0.9729043 1.212909
1.028001 1.198564
1.007823 1.318086
0.9718456 1.271915
0.9722638 1.208456
1.017327 1.233926
0.9681367 1.194907
1.012403 1.21286
0.9908557 1.165316
1.016769 1.173544
1.035535 1.192711
0.9566638 1.190598
0.9623549 1.175372
0.9733206 1.22136
0.9999076 1.217427
1.000391 1.235021
0.9871256 1.233021
0.9902359 1.259747
0.9695294 1.121889
1.00581 1.205133
0.9944087 1.238774
0.9833511 1.261122
1.033056 1.243332
0.9823148 1.272042
0.9734678 1.178518
0.9881842 1.200415
1.001383 1.28422
0.9895192 1.294869
0.9704896 1.239552
1.003337 1.252289
0.9896044 1.252748
1.019256 1.269097
1.006258 1.199694
1.036141 1.191474
0.9931398 1.228522
0.9841104 1.245532
1.046406 1.190775
0.9574515 1.220257
0.9720263 1.23775
1.035334 1.191028
1.051705 1.226457
0.9838946 1.308997
1.002095 1.235808
1.009039 1.288371
0.9509762 1.211642
1.005029 1.221221
0.9839748 1.219101
1.006981 1.235704
0.9915403 1.251473
0.9750128 1.345203
0.9843006 1.314974
0.9699071 1.398578
0.9619534 1.326949
1.00737 1.255483
1.009891 1.280074
1.000634 1.27139
0.9825114 1.332285
0.9924643 1.370983
0.948623 1.259412
1.017824 1.289368
0.9667422 1.318996
0.9636614 1.256839
0.9301202 1.277024
1.016172 1.24626
0.99595 1.26432
0.9929683 1.256349
0.9816494 1.349836
1.008966 1.359456
0.9731364 1.364234
0.9853523 1.33537
0.9780212 1.322335
1.024409 1.264229
0.998814 1.259258
1.03554 1.251524
1.011633 1.209672
1.021283 1.221723
1.001518 1.204391
0.9794084 1.220648
1.028689 1.265538
0.9985509 1.328541
0.9677367 1.342665
0.967722 1.342938
0.9856431 1.282181
0.9737028 1.312729
0.9466259 1.346167
1.027862 1.313247
1.002872 1.372518
0.9674427 1.329772
1.023634 1.416907
0.9652976 1.370646
0.9984049 1.314557
0.998124 1.360312
0.9920885 1.27899
0.9546759 1.26236
0.985315 1.361875
0.9818755 1.306537
0.9590634 1.306126
1.025391 1.220586
0.9436549 1.262594
0.9659103 1.352379
0.9977338 1.357353
0.9659178 1.263356
0.9688111 1.270422
1.007316 1.231313
0.9999269 1.15808
0.9841909 1.157546
0.9803794 1.175045
1.042827 1.101484
1.044473 1.181004
0.9667303 1.175233
0.9853068 1.150395
0.977228 1.155515
0.9893261 1.16002
0.9911532 1.164307
1.023045 1.148635
1.027671 1.108135
0.9976808 1.097473
1.036108 1.111085
0.9810744 1.082423
1.013581 1.141855
1.052064 1.136894
0.9728177 1.194285
1.026745 1.175173
1.049762 1.219417
1.003442 1.230333
0.9986169 1.210624
1.013241 1.181286
0.9908897 1.211362
1.025589 1.184663
0.9939189 1.209936
0.9703438 1.224985
1.021881 1.180014
0.9711978 1.166347
1.020976 1.174478
1.04298 1.215815
1.001674 1.187078
1.014866 1.181978
0.9848502 1.188029
1.006138 1.116952
0.9778739 1.157086
0.9901149 1.166099
1.013814 1.298071
0.9607181 1.211168
1.056402 1.236363
0.9786503 1.223412
0.9959218 1.159069
1.004318 1.171554
1.021341 1.163876
0.9744334 1.170369
0.9858031 1.197398
0.99125 1.253706
1.00096 1.225965
1.014459 1.267659
0.9995049 1.235124
0.987608 1.217716
1.002457 1.224101
0.9974323 1.204948
1.010326 1.164457
0.9711494 1.178107
1.029576 1.18128
1.00488 1.189643
0.9487087 1.209896
1.029782 1.207461
0.9756024 1.177137
1.059131 1.211061
0.9771882 1.217746
0.9351759 1.157099
1.000066 1.176799
0.9973418 1.20251
1.024147 1.172829
1.008494 1.20318
1.026597 1.15682
0.9647783 1.175845
0.9913812 1.213931
1.01515 1.204236
0.9861477 1.177322
1.015433 1.120789
1.032317 1.198186
0.940155 1.209047
0.9598796 1.232369
0.9918073 1.259876
1.000449 1.292632
0.9899548 1.259502
0.9809243 1.286764
1.022598 1.182017
0.9842234 1.254386
1.020841 1.225928
0.995496 1.237298
0.9958805 1.242187
1.019321 1.265685
1.028027 1.224715
1.01909 1.181721
1.02861 1.231852
0.9828119 1.242433
0.977039 1.275181
0.9725511 1.28529
0.9449388 1.312046
0.998781 1.34952
0.9691277 1.263384
1.016288 1.274358
1.010677 1.302205
0.9782828 1.271132
0.9879598 1.244784
0.9721117 1.249412
0.9881535 1.232226
1.005673 1.226671
0.9594692 1.256188
0.992302 1.256796
1.027738 1.286185
1.013781 1.2524
0.9967095 1.192418
0.9940913 1.185678
1.036561 1.181565
0.9990129 1.238418
0.9804578 1.281238
0.9796756 1.221142
1.031449 1.191019
1.011904 1.218813
0.9988424 1.182199
0.9700621 1.113215
1.03032 1.091626
1.003139 1.145195
0.9966825 1.219812
0.9925396 1.28475
0.9287359 1.295461
1.037112 1.289875
0.9739013 1.190624
1.012716 1.274934
0.9869759 1.232903
0.9405534 1.222275
1.030497 1.269917
0.9630724 1.302779
1.008151 1.30727
0.9960094 1.271948
0.959647 1.234999
0.9824926 1.21549
0.9836428 1.239529
0.996631 1.210826
0.9860441 1.24726
1.05899 1.288006
1.050145 1.16801
0.9811384 1.198184
1.009217 1.15041
1.02991 1.155789
1.000128 1.160835
1.005801 1.166294
0.9571347 1.220733
1.05587 1.184053
1.023641 1.104427
1.014673 1.144455
0.9935905 1.150823
1.017294 1.236937
1.01376 1.191244
0.986884 1.149055
0.988342 1.174429
1.01435 1.176079
0.9995546 1.147545
1.053571 1.167105
1.010203 1.12251
0.9601138 1.133614
1.052028 1.141049
1.001962 1.123527
1.013066 1.159895
0.9774786 1.199057
1.035458 1.173823
0.9801916 1.126295
0.9731571 1.166193
1.044506 1.160591
1.007853 1.188215
1.042785 1.200811
1.013453 1.256191
1.000168 1.197072
0.9708337 1.289428
0.9695949 1.296785
0.9768877 1.278357
0.9985409 1.183908
1.021419 1.269662
0.99281 1.251166
0.9800154 1.252261
1.037191 1.169546
1.019564 1.181036
1.014067 1.215402
1.041127 1.180183
0.998074 1.139565
0.9876854 1.183531
1.036176 1.213387
1.001638 1.166663
1.027794 1.19343
1.018798 1.176217
0.9506661 1.15095
1.018198 1.193113
1.00406 1.186393
1.00427 1.122704
1.023123 1.148502
1.024077 1.123417
1.012668 1.107272
1.004577 1.208864
1.017202 1.180818
1.051982 1.119628
1.026893 1.159001
0.9705857 1.170248
0.9796498 1.179085
0.9860625 1.179507
0.9776343 1.17847
1.00724 1.270101
1.028681 1.264805
1.006432 1.220552
0.9834695 1.307445
0.977679 1.242263
1.001492 1.23519
0.947049 1.237885
1.015155 1.27698
0.95135 1.330394
0.9655829 1.22729
1.015281 1.239044
0.9922154 1.173556
1.017323 1.137719
1.020213 1.203609
1.012417 1.152569
1.038437 1.166184
1.021523 1.127999
1.019457 1.176042
1.012956 1.177567
0.9939335 1.20592
0.9869709 1.256475
1.026077 1.24106
1.0002 1.267765
1.019209 1.296332
0.9747213 1.328549
0.9847931 1.196366
0.9712213 1.180353
1.006891 1.156346
1.003651 1.117033
1.018652 1.147545
0.9756818 1.184533
1.029454 1.244138
1.01269 1.21379
0.9889366 1.212172
0.995914 1.23229
0.9824644 1.202079
1.026173 1.176282
0.9520163 1.188306
1.000605 1.193441
1.064654 1.212763
0.9818684 1.281426
1.000876 1.22735
1.00892 1.215905
1.070723 1.150203
0.992962 1.147187
1.000986 1.130163
1.040285 1.137625
0.9730305 1.090949
0.983693 1.173387
1.049739 1.109895
1.042887 1.118669
1.028031 1.080568
1.014523 1.101503
1.002281 1.173827
1.022858 1.13651
0.9997925 1.105589
0.9566096 1.186538
1.032431 1.155404
0.986821 1.206374
1.013446 1.158324
1.02856 1.147904
0.9441937 1.215481
1.030072 1.200611
1.03097 1.159441
1.017036 1.219429
1.01108 1.215349
0.9836513 1.198489
1.032373 1.294917
1.030838 1.243012
1.00128 1.170387
0.9914293 1.139265
1.001576 1.147309
0.9727695 1.120661
1.030252 1.136107
0.987076 1.158509
1.000698 1.133925
1.024709 1.101331
0.9786296 1.163324
1.011505 1.326828
0.9079065 1.305358
0.9989949 1.283162
1.022109 1.26178
1.023896 1.252515
0.959311 1.24959
0.9649361 1.209314
1.000453 1.185373
1.038754 1.203962
0.9910326 1.235712
1.029105 1.20398
1.013981 1.217843
0.9539308 1.250462
1.005859 1.142161
1.012137 1.216245
0.9911949 1.194633
0.9995847 1.202143
0.9367706 1.271581
0.9880216 1.257382
1.037391 1.169181
1.020601 1.166811
1.01005 1.124534
1.023578 1.15341
1.04114 1.13512
0.9942068 1.15038
1.033606 1.161616
0.99127 1.177659
1.011299 1.201648
0.9930307 1.199608
1.007003 1.205567
1.006619 1.226793
0.9887319 1.217835
1.00038 1.191447
0.9398824 1.163898
0.9984606 1.217227
0.9944023 1.162297
1.037213 1.182059
1.022976 1.205301
0.9869479 1.264743
1.014999 1.273979
0.9944805 1.253848
0.9599959 1.322312
0.9771279 1.296018
0.9251741 1.325178
0.996573 1.322923
0.9533248 1.335104
0.9572518 1.292666
0.9933364 1.25262
1.017286 1.264307
0.9540732 1.303261
1.028473 1.176185
1.004472 1.19461
0.9952613 1.194732
0.9779934 1.176858
1.029405 1.191012
0.9921589 1.180479
0.9691671 1.224575
0.9954149 1.210181
0.9983429 1.1904
1.024904 1.226536
1.008517 1.277883
0.953674 1.217759
1.000391 1.36035
0.973133 1.371744
1.023433 1.311212
1.010238 1.320637
1.019461 1.278182
0.9688037 1.285978
0.9899525 1.292778
1.005661 1.257779
1.017539 1.184037
0.9389109 1.207674
1.054394 1.171721
1.045383 1.095419
1.036197 1.144498
0.9823992 1.138015
0.9711763 1.116773
1.025248 1.103419
0.9722604 1.150456
1.042963 1.146914
1.00137 1.165858
1.017224 1.120794
0.9935727 1.175935
1.008893 1.137368
1.007594 1.203826
0.9172865 1.231301
0.946121 1.19336
0.9947837 1.157841
0.9841542 1.131295
0.9793241 1.154223
1.008318 1.124771
1.062548 1.106859
0.9439156 1.1766
1.014552 1.143091
0.993527 1.248245
0.9846851 1.192124
1.016656 1.190285
0.971785 1.245637
0.987942 1.161919
1.026844 1.155559
1.034679 1.164693
0.9619345 1.176782
0.9585697 1.183603
1.021842 1.157831
0.9944906 1.219516
0.9777978 1.281623
1.015583 1.218409
1.05705 1.230844
0.9657675 1.305503
0.9789709 1.288133
1.009098 1.340802
1.006878 1.194692
0.9689058 1.251862
1.042856 1.215471
0.9680554 1.16407
1.000558 1.250072
0.99994 1.163034
1.006581 1.159542
0.9728008 1.214869
0.9836927 1.174841
0.9752726 1.217044
1.03049 1.21811
1.022055 1.264187
0.9726641 1.307725
1.001011 1.304289
0.9904197 1.269641
1.044065 1.274246
0.9787207 1.28186
0.9895181 1.300914
1.057978 1.30907
0.9902845 1.29668
0.9906971 1.302415
0.9614176 1.295418
0.9826103 1.299816
1.028732 1.28185
0.9886123 1.311035
0.9714459 1.291633
0.9576841 1.254344
0.996374 1.238778
1.020005 1.19478
0.9845563 1.254709
0.9953404 1.254962
1.060288 1.171877
1.01688 1.233415
0.9722334 1.221889
1.00443 1.192232
1.010377 1.24724
0.9578001 1.314134
0.9828874 1.311657
0.9719328 1.297277
1.023376 1.2383
1.022822 1.215264
0.9768287 1.199737
1.018625 1.20203
1.013428 1.159691
1.001572 1.153542
0.95591 1.149241
0.9709599 1.198842
0.9710423 1.201906
0.9648964 1.220555
1.012422 1.220007
0.9928028 1.267272
0.9207343 1.323929
0.9762272 1.253121
1.00634 1.312861
0.993172 1.294965
0.9850378 1.308818
1.021032 1.41919
0.9515559 1.401442
0.9896891 1.289426
1.000071 1.234497
0.9782644 1.222913
0.995312 1.193343
1.016146 1.177931
1.010604 1.27382
1.01192 1.255301
1.020857 1.243324
0.9608983 1.213565
0.9548125 1.249374
1.020695 1.21592
0.9591895 1.218537
0.9902376 1.185148
1.042843 1.161392
0.988962 1.142768
1.033888 1.09611
1.019012 1.089103
0.9803398 1.104808
1.031023 1.144077
1.011469 1.125013
1.023325 1.198553
0.9806498 1.137373
1.045486 1.165413
0.9985106 1.207635
1.009512 1.192838
1.044619 1.258149
1.030019 1.261151
0.9823557 1.240275
1.009839 1.250079
0.9965379 1.309375
0.929586 1.373762
0.9976949 1.269841
1.025961 1.278313
0.9436814 1.228574
0.9935418 1.246798
1.017166 1.248904
0.9840506 1.235447
0.9856708 1.215271
1.007915 1.265519
1.00341 1.274746
0.9661469 1.241344
1.009923 1.290975
0.9722396 1.316313
0.9756585 1.322532
0.9864746 1.226931
1.025765 1.245354
0.954016 1.291817
0.9537995 1.287319
1.070637 1.314664
0.9634418 1.319683
1.005888 1.210806
0.9462222 1.21614
0.9778143 1.259502
1.034283 1.21823
0.9726217 1.232686
0.9695231 1.241473
0.9390064 1.227509
0.9749687 1.245953
1.029381 1.284422
0.9298306 1.293115
0.9891532 1.254922
0.9703745 1.194916
0.9585787 1.208603
1.004838 1.178669
0.942088 1.190417
1.021284 1.172813
0.9771906 1.171774
1.035045 1.206154
0.9943043 1.210638
0.9819876 1.224118
1.019933 1.268433
1.011539 1.239389
1.010736 1.214496
0.9895789 1.222481
0.9752247 1.22393
0.9892233 1.171858
0.9973223 1.199015
0.9707798 1.170246
1.000844 1.208977
1.00394 1.185552
0.9710839 1.320217
0.9742587 1.313646
0.9810412 1.310139
0.9650965 1.261061
1.007658 1.185647
1.001494 1.163923
0.9721671 1.271597
0.9328349 1.249278
1.005753 1.254721
0.919191 1.235892
1.032206 1.232375
0.954544 1.248024
0.9899941 1.225206
1.02723 1.194519
1.001328 1.155727
0.9901763 1.181251
0.9732447 1.253815
1.017644 1.187087
0.9854834 1.147403
1.034104 1.153378
1.018855 1.166156
1.000715 1.203548
1.029123 1.144965
0.9967263 1.109161
1.011889 1.093324
1.019743 1.071541
1.041343 1.0593
1.046413 1.05575
1.02888 1.123267
1.015926 1.1483
0.9854922 1.17283
0.9812965 1.167011
1.002857 1.110776
1.00368 1.173096
0.9868022 1.15124
1.013117 1.167749
0.9825755 1.162639
0.9813501 1.204221
1.069091 1.206934
1.01879 1.191449
0.976601 1.325054
0.9517705 1.245376
1.011112 1.268029
0.9833717 1.200225
0.9803555 1.204736
0.9460276 1.19881
0.9725197 1.205875
0.9916975 1.155306
1.002209 1.132988
1.04074 1.137024
1.018003 1.119235
0.9846683 1.170815
0.9936252 1.141269
1.006978 1.223697
1.004999 1.206212
0.9947682 1.195582
0.9575812 1.260466
1.006092 1.207375
1.032739 1.161237
0.9779984 1.178924
1.024232 1.263322
1.002432 1.161546
1.003076 1.172764
1.002587 1.208657
0.9824528 1.24814
1.039719 1.225459
0.9417818 1.27678
1.055272 1.210436
1.09257 1.276547
1.004809 1.255331
1.008316 1.277831
1.030901 1.196975
0.9565375 1.210067
0.9787234 1.150641
0.987309 1.209529
1.002502 1.23434
1.007849 1.172659
0.9977288 1.203931
0.9573021 1.252984
1.029179 1.245763
0.97457 1.199557
1.003633 1.177804
1.057897 1.255265
0.9790912 1.284026
1.037272 1.21904
0.9854589 1.183521
0.9664143 1.232509
0.9987453 1.171278
1.045464 1.178599
1.003063 1.110426
1.012278 1.156242
0.9827156 1.166117
1.028617 1.169947
0.9688411 1.196159
0.9730997 1.218482
0.9564019 1.233741
0.9791244 1.222489
1.009232 1.245213
1.047856 1.247961
1.013984 1.185496
1.032654 1.207186
1.031733 1.147601
1.005664 1.11647
0.9838858 1.09347
1.051176 1.107463
1.010118 1.126224
0.92893 1.161503
0.9716494 1.151255
1.038537 1.163248
0.9696335 1.179568
0.9641353 1.293156
1.000179 1.255699
0.9978529 1.219271
1.005181 1.160113
1.035743 1.224421
1.030981 1.155083
0.9913431 1.202804
0.9703604 1.224971
0.9511487 1.283121
1.016753 1.250075
1.015453 1.247857
0.9553167 1.237384
1.020877 1.188039
1.000643 1.269191
0.9646764 1.263409
0.9616388 1.267436
0.9471129 1.390825
0.9231827 1.431929
1.024187 1.375512
0.9778611 1.354202
1.0191 1.341808
1.007332 1.349458
0.9833295 1.232825
1.003459 1.234125
0.9758122 1.304468
0.9749707 1.350085
0.968137 1.340165
1.003724 1.237344
0.971222 1.181036
1.035377 1.207272
1.066604 1.197164
1.078759 1.193325
0.9669264 1.201959
0.9464267 1.184787
0.934817 1.201344
0.973123 1.255933
0.9937719 1.276918
0.9956336 1.269546
1.032351 1.3025
1.004254 1.35227
0.9840897 1.339488
0.9442552 1.316541
1.012971 1.250039
0.9429313 1.359776
0.9590887 1.386775
0.954842 1.303838
1.003226 1.237836
0.9978891 1.253848
1.037569 1.317116
0.9717259 1.230027
1.038073 1.25101
1.042871 1.291042
0.9399944 1.270516
1.02942 1.200306
1.020736 1.216483
0.9737844 1.243466
1.029873 1.201575
1.063739 1.224615
0.9893192 1.279384
0.9753456 1.259057
0.9872033 1.19987
1.015501 1.206603
1.018868 1.212894
0.955118 1.262256
0.9836176 1.188182
0.9830604 1.219034
0.9991254 1.246429
0.9796423 1.259423
0.976914 1.195987
1.038907 1.158249
1.026511 1.221814
0.9882183 1.239511
1.022424 1.220817
0.9963788 1.229658
0.9978484 1.154556
1.02609 1.237267
1.07369 1.224197
0.9929857 1.142218
0.9780696 1.22166
0.9521093 1.194228
0.9357093 1.22481
0.9665801 1.22968
0.9826905 1.221925
0.9628947 1.179527
1.006529 1.229064
1.041256 1.20984
1.0434 1.24537
1.002868 1.265438
1.05778 1.224647
0.9778867 1.16574
0.9983305 1.238652
1.035981 1.324958
1.02238 1.319211
0.9761512 1.313341
0.9858558 1.300094
0.9826141 1.25902
0.9679945 1.215615
0.9823881 1.234309
0.9711805 1.259056
0.9632272 1.23925
1.01498 1.228848
0.9480771 1.238618
0.9967809 1.211466
0.9719209 1.239054
0.9684579 1.265126
0.9327171 1.332603
1.032017 1.219248
1.002108 1.24888
1.014458 1.249937
0.9883261 1.266819
1.033581 1.284338
1.016861 1.354617
0.9782534 1.319489
0.9566178 1.338741
1.001513 1.272051
0.9444713 1.304709
1.026583 1.275218
0.9806659 1.243603
0.9672412 1.231316
1.036746 1.225349
0.9710015 1.302806
0.9917236 1.306943
0.9608989 1.303168
0.9817048 1.313834
0.9594556 1.255936
0.9714108 1.213594
1.016779 1.211426
0.9390515 1.199431
0.9567941 1.175705
1.053041 1.246368
1.009826 1.241259
0.9716373 1.243775
1.023812 1.239178
0.9903216 1.193072
0.9787285 1.247713
0.9815519 1.178564
1.041545 1.211356
1.050399 1.196183
0.9852973 1.221813
0.9770844 1.184633
1.013995 1.166446
0.9763186 1.205138
0.9529514 1.2038
1.008883 1.116039
0.9993701 1.12678
1.000987 1.140631
0.9585748 1.136004
1.032909 1.177554
0.9904702 1.30901
1.037692 1.199563
0.9854674 1.239801
1.019094 1.201128
1.015474 1.236001
1.006 1.197035
0.9782345 1.281841
1.024716 1.215359
0.9700912 1.14704
0.964876 1.181513
1.008707 1.150125
1.054295 1.112586
1.022241 1.171149
0.9624218 1.154873
1.02119 1.165184
1.018537 1.132022
1.050369 1.085855
1.024594 1.111111
1.01049 1.134108
1.054553 1.177941
1.008462 1.200304
1.064723 1.200962
1.01963 1.176999
0.9990784 1.189947
0.9461679 1.178387
1.017541 1.18421
1.025233 1.162318
1.032182 1.17156
1.01443 1.189921
1.017607 1.142974
1.012428 1.175786
0.9892526 1.201216
0.9967846 1.186798
1.024686 1.170978
0.9839311 1.144333
1.051562 1.212109
1.017552 1.15257
0.9088325 1.224214
0.9668329 1.180969
0.973866 1.134552
1.012955 1.203175
1.036505 1.147656
0.9620022 1.201778
0.9602741 1.239366
0.9360988 1.186802
1.054703 1.138645
1.029502 1.16666
0.9958382 1.130377
0.9970874 1.138244
1.027978 1.108212
0.9992598 1.110421
0.9402025 1.175511
1.004014 1.187526
1.057186 1.191283
0.9943 1.253203
0.9737109 1.212808
1.033827 1.179573
0.9984887 1.178875
0.9892507 1.192014
0.9559222 1.197354
1.012273 1.207555
1.004406 1.217419
1.042822 1.21648
1.029062 1.195362
1.029326 1.17301
0.9831826 1.248636
0.9903584 1.257782
1.020596 1.225266
1.024612 1.208843
0.9964793 1.3208
0.9538374 1.271925
1.009689 1.300854
1.008483 1.176394
1.040586 1.177362
1.018827 1.185914
1.031278 1.2289
1.027318 1.17598
0.9917276 1.208735
0.9892424 1.264115
1.010165 1.323339
0.9468382 1.285676
0.9622043 1.344211
0.9926015 1.337723
0.9906373 1.317549
1.040062 1.257602
1.041552 1.172364
0.9648555 1.241931
0.9254113 1.210556
0.9759675 1.240552
0.9646573 1.309555
0.9552727 1.210172
0.9686555 1.266359
1.01484 1.262374
0.9948306 1.228341
0.977293 1.195111
0.97931 1.159844
1.009568 1.156767
1.002014 1.213385
1.055966 1.187915
1.032251 1.248366
0.9826733 1.173772
1.057108 1.193177
0.989194 1.150891
0.9913594 1.209206
0.9728955 1.274237
0.9988407 1.292504
0.9858155 1.255314
0.9889615 1.245716
0.979319 1.250364
0.9924066 1.152139
0.9970837 1.199403
0.9969036 1.150751
1.056695 1.188727
1.008288 1.182388
1.063071 1.158806
1.053716 1.118566
1.019145 1.156518
1.032902 1.179461
1.047399 1.228066
0.9805172 1.173107
0.9704381 1.16906
1.000256 1.246141
1.02925 1.20546
0.9572663 1.247884
0.9880949 1.283903
0.9397941 1.261428
0.9739906 1.308254
0.9622386 1.3326
0.9690412 1.353063
1.012059 1.318753
1.022135 1.30067
0.9898061 1.339368
0.9825601 1.286862
0.9596017 1.291609
1.012755 1.266559
0.99532 1.263306
0.9625098 1.188716
0.9421212 1.230851
0.9779855 1.324089
0.9985877 1.256987
1.039518 1.286928
0.9990494 1.224383
0.9668914 1.247178
0.9742283 1.27369
1.011819 1.24416
1.025654 1.213946
1.001103 1.261448
0.9330787 1.258617
0.9598445 1.290692
0.9711048 1.331941
0.9959603 1.29978
0.9708246 1.34141
1.001511 1.258498
1.008214 1.245756
0.960614 1.270667
0.969247 1.287494
1.019236 1.237868
0.9994775 1.202321
0.9762843 1.159798
1.027503 1.189095
0.9871923 1.167029
1.009524 1.087627
1.003173 1.056549
1.01665 1.10831
0.983313 1.151053
0.9877208 1.121403
0.9800932 1.127043
1.042403 1.060608
0.979904 1.173691
1.046372 1.16907
1.033253 1.174831
1.010679 1.181686
1.007529 1.178663
1.04379 1.179021
1.025898 1.119037
1.036075 1.172533
1.008724 1.163361
1.011102 1.18959
0.9857553 1.201996
1.005485 1.16917
0.9916008 1.156799
0.9707106 1.172396
0.9664326 1.264237
0.9565237 1.267862
1.061796 1.216062
0.9531229 1.252324
1.012127 1.243435
1.021317 1.260501
0.9960549 1.220825
0.9891728 1.325308
1.029522 1.32217
0.9577217 1.13697
0.9956892 1.133693
1.038477 1.119407
0.9916707 1.165302
1.003348 1.137211
0.9706014 1.081499
1.016155 1.067313
0.9755177 1.153492
1.019324 1.18657
0.9960038 1.139306
0.9883896 1.138415
1.03272 1.179252
0.995711 1.143877
0.9728381 1.16532
1.003748 1.170177
0.9790637 1.153044
0.9861221 1.177924
1.000598 1.243416
1.005852 1.223638
1.023506 1.159014
0.9469419 1.196742
1.03117 1.160103
1.018852 1.18078
0.9818133 1.29239
0.9992635 1.240268
1.007258 1.22205
0.9991833 1.314074
1.001194 1.265241
0.9609101 1.280624
1.013759 1.275552
0.9894683 1.321951
0.9901246 1.23202
0.9863405 1.253668
0.9709685 1.276629
0.963094 1.298943
1.029121 1.338425
0.988336 1.32515
0.9861738 1.267828
0.9840904 1.277074
1.040668 1.279795
0.9649838 1.312475
0.9709334 1.325007
0.9819511 1.271802
1.010485 1.383366
0.9788774 1.227797
0.9896522 1.223532
0.9515438 1.253976
1.011872 1.17163
1.080868 1.16804
0.9708554 1.229288
1.012431 1.204179
0.9972715 1.200547
1.034066 1.159214
1.00543 1.119646
1.017334 1.078241
0.9800656 1.102849
1.028178 1.121276
0.98575 1.132283
0.9666918 1.169978
0.9862577 1.202813
0.9923352 1.189015
1.025503 1.116382
0.9831465 1.150651
0.9990304 1.208074
1.054199 1.198936
0.9977852 1.211178
1.005393 1.186143
0.9561975 1.288313
0.955216 1.330736
0.9685145 1.269162
0.9915777 1.265639
1.030217 1.297538
0.9928736 1.321804
1.011372 1.288874
1.000586 1.200086
0.9758333 1.197802
0.9980409 1.188608
1.000886 1.146724
0.9778705 1.197052
0.9861483 1.165839
0.9793959 1.150574
1.008236 1.173268
1.017538 1.15775
1.023317 1.198447
0.9742906 1.168141
1.015811 1.199733
0.9359664 1.248901
0.966548 1.184152
1.01356 1.221753
0.9973612 1.196491
1.031397 1.229138
1.027217 1.195145
0.9871979 1.202306
1.046833 1.245023
0.9557675 1.270431
0.9735391 1.308306
0.9839696 1.326358
0.9404889 1.355676
1.002059 1.321917
1.01166 1.227088
1.003444 1.159186
0.9942894 1.284426
0.98517 1.227521
1.008078 1.248436
0.969039 1.222186
0.9131244 1.281936
1.001484 1.210437
0.9767967 1.267741
0.9633382 1.181999
1.017767 1.227807
0.934845 1.318528
1.009177 1.289045
0.9896331 1.256636
0.9920317 1.280764
1.031719 1.224308
0.9613378 1.261656
1.055184 1.256079
0.9548908 1.225802
1.003905 1.20464
0.9641424 1.188823
0.9794283 1.27834
0.999644 1.308618
0.9675986 1.287587
0.9852582 1.247177
0.9586741 1.21496
1.030696 1.209665
1.014852 1.191777
0.9933177 1.246638
0.9492934 1.217976
1.008128 1.259189
1.008399 1.169026
1.035556 1.135398
0.9807274 1.139902
1.010629 1.137928
0.9837381 1.132145
1.009323 1.188858
1.000389 1.183725
0.9400544 1.25531
0.9634592 1.203005
1.007462 1.249609
1.073756 1.221552
0.9501985 1.273904
1.000493 1.333232
0.9914254 1.238472
0.9924417 1.227136
0.9711453 1.200727
0.998643 1.221422
1.002888 1.165818
0.9842798 1.210965
1.031627 1.204406
1.004361 1.242599
1.027863 1.242514
0.9898999 1.251108
0.9896294 1.269885
0.9882455 1.237574
1.036792 1.188784
1.038111 1.19783
0.9802756 1.23153
0.9849864 1.291108
1.031537 1.263311
0.9490101 1.322631
0.9911695 1.193535
0.9803242 1.145203
0.9745699 1.187509
0.9858129 1.177611
1.05939 1.21258
1.002731 1.22121
0.974889 1.2561
0.995618 1.221821
1.005182 1.229477
0.9781213 1.188364
0.9957032 1.163494
0.9873034 1.142806
1.04123 1.176649
0.972142 1.113454
1.044968 1.126477
1.035679 1.140723
0.9611994 1.157348
1.02384 1.231531
1.024823 1.239838
0.9907746 1.201005
1.041832 1.257991
1.065064 1.317147
1.043518 1.185051
1.026739 1.196594
0.9840338 1.27219
1.015037 1.189578
0.9911265 1.176691
1.008091 1.178885
1.047422 1.129829
1.046192 1.127678
1.039889 1.132858
1.001393 1.178349
0.989144 1.236603
0.977617 1.250694
0.9962226 1.253837
0.9859214 1.356459
0.9234211 1.356141
0.9924047 1.338835
0.9424305 1.322197
0.9127242 1.295754
0.9736281 1.266363
1.010644 1.234229
1.011994 1.21209
1.001957 1.301076
1.016702 1.328242
1.029409 1.28627
1.005442 1.257713
0.9872282 1.212106
0.9655013 1.231458
1.006091 1.186707
0.934234 1.180237
1.041986 1.108795
0.9842572 1.178939
0.9889577 1.191666
0.949763 1.223366
1.025412 1.242743
0.9992872 1.243347
0.9774678 1.267854
0.932572 1.293454
0.9987866 1.294542
0.9857023 1.196157
1.004795 1.173558
0.9436105 1.199705
1.004433 1.219135
0.9853063 1.154228
0.9740532 1.183792
0.9705805 1.159608
1.030645 1.147368
1.047069 1.246978
1.034038 1.1782
0.9896985 1.220276
1.01789 1.231915
0.9459034 1.286175
1.005707 1.246363
1.018683 1.183259
0.966577 1.215124
0.9620743 1.228918
1.056421 1.19366
1.002534 1.110221
0.9858001 1.139153
1.005332 1.207233
0.9927136 1.166258
0.9689929 1.253166
0.9920171 1.220121
0.9792107 1.250465
1.015235 1.232108
0.9540323 1.236893
1.032953 1.215359
0.9387604 1.215264
1.009164 1.228031
1.0088 1.254497
1.016678 1.222875
0.9882668 1.233771
0.9788963 1.214006
1.027242 1.285514
0.9922456 1.292048
0.9759207 1.357942
0.9977417 1.296398
0.9856508 1.277296
1.014437 1.302477
0.9968774 1.310797
0.9418953 1.379593
0.9987896 1.267283
1.002932 1.251227
0.9745794 1.210888
1.027575 1.228881
0.9805437 1.199815
0.9720073 1.26406
1.049876 1.234971
1.052195 1.169208
0.9678676 1.165666
1.015666 1.149
1.009399 1.154984
0.9709075 1.173993
1.015211 1.175894
0.9886142 1.182277
1.01992 1.220051
0.9228949 1.228417
1.013418 1.201991
0.9878235 1.207009
1.000793 1.143159
1.007912 1.195028
1.030425 1.100857
0.9869941 1.186323
0.9209014 1.258756
0.9765397 1.209033
0.9818233 1.220232
0.974368 1.174065
0.9977121 1.21352
0.9920613 1.205349
1.021822 1.094603
1.038092 1.052933
1.026569 1.069535
1.000507 1.098393
1.006212 1.105229
0.9929494 1.155504
1.003046 1.11723
1.047204 1.0913
0.9976844 1.081332
0.9928542 1.123574
1.011819 1.124368
1.023607 1.166227
1.01454 1.277234
0.9501736 1.315177
0.9851884 1.266796
0.9963279 1.182707
0.9997429 1.141269
0.9946493 1.165501
0.9747529 1.205343
0.9592409 1.209347
1.011493 1.195926
1.054363 1.240253
0.9684088 1.29633
1.004903 1.276983
0.9967968 1.272861
1.021929 1.240707
1.031884 1.202034
1.038461 1.165589
0.9684469 1.242391
1.019244 1.247727
1.085104 1.278845
0.9946474 1.25936
0.9843552 1.282859
1.024039 1.351416
1.023538 1.303332
1.000972 1.332794
1.049572 1.30056
1.020717 1.31759
0.9890838 1.303785
0.9951063 1.259453
0.9876049 1.27645
1.002039 1.268481
1.036167 1.257279
1.008604 1.258373
1.019002 1.288492
0.9559237 1.354072
0.9350555 1.305566
0.9402494 1.388066
0.9901495 1.291669
0.9911222 1.274789
1.056556 1.284197
0.9844893 1.243171
1.006972 1.212964
0.9622398 1.268284
0.9575518 1.252299
1.009976 1.281201
1.050956 1.204718
1.003078 1.13922
1.012224 1.218304
0.9785308 1.222541
0.9853212 1.260317
0.991266 1.22919
1.031948 1.226178
0.9797189 1.18501
1.060949 1.232261
1.032234 1.250015
1.041806 1.279554
1.039649 1.307737
1.04658 1.28655
1.019037 1.312293
0.9396063 1.276593
0.9400262 1.312846
1.001757 1.22091
0.9930104 1.243758
1.037659 1.223364
0.9730862 1.284931
1.034581 1.248015
1.005341 1.196372
0.9795524 1.215975
0.9476305 1.366701
0.9766849 1.362207
1.062179 1.244372
0.9998944 1.261712
1.04984 1.179126
0.9925603 1.250461
0.9751378 1.235687
1.031469 1.211923
0.9879208 1.260514
0.9648425 1.21442
1.034426 1.248749
1.003424 1.275368
0.9797824 1.241028
0.9978272 1.209751
1.024993 1.226616
0.9737607 1.238906
0.9802023 1.225076
0.9587238 1.271991
1.012009 1.271921
1.060255 1.309227
0.9695817 1.253431
1.049641 1.310718
0.9445807 1.269268
0.9654225 1.289714
0.9883987 1.183136
0.9995719 1.186265
0.9998336 1.199529
1.00106 1.217652
0.9679208 1.199652
1.050958 1.121593
0.9556856 1.213862
0.9772091 1.258144
1.060931 1.205854
0.9992264 1.290704
1.010654 1.235454
0.9773901 1.238712
0.9700785 1.247976
0.9831629 1.27255
1.004992 1.287612
1.009273 1.268994
1.013325 1.26985
0.9772032 1.252276
1.017735 1.22183
1.013396 1.196013
0.9784695 1.196166
1.020491 1.172558
0.9913478 1.258764
0.9843058 1.268937
0.9818479 1.250933
1.020312 1.309446
0.9944063 1.349337
0.9538879 1.244744
0.9658888 1.235217
0.9758602 1.253326
0.9545644 1.222765
1.032239 1.25426
0.9540195 1.21385
1.013607 1.217052
1.015055 1.224338
0.9141815 1.18133
0.9929943 1.217521
0.9944691 1.158888
1.081628 1.143458
0.9720243 1.194705
1.023398 1.225376
0.9891523 1.198575
0.9999276 1.182143
1.048095 1.227833
1.0062 1.125507
1.034198 1.160136
1.029062 1.205094
1.042172 1.146257
1.077808 1.172526
1.017206 1.203284
1.023445 1.224162
1.012166 1.275257
1.006816 1.282878
0.999104 1.303285
1.05077 1.333642
1.03849 1.287173
1.003134 1.284709
0.9737152 1.355632
0.9644048 1.330989
0.9836754 1.289795
1.032225 1.345938
0.9472211 1.29608
1.012448 1.22151
0.9806972 1.181509
0.974786 1.172934
0.9970757 1.194609
0.9674967 1.210401
1.078612 1.146449
1.032262 1.088826
1.026782 1.086335
1.028989 1.093839
1.008889 1.151587
1.002082 1.104383
1.012414 1.116943
0.9786079 1.097282
1.008744 1.14335
1.019992 1.219461
0.9586745 1.187696
0.9913759 1.217585
0.9684785 1.189774
1.035719 1.196277
1.013976 1.180878
1.016393 1.163161
0.9878623 1.214238
0.9962863 1.180434
1.026325 1.22304
0.9733531 1.165397
0.941413 1.188233
1.013554 1.224586
0.9731384 1.215757
1.01677 1.197597
1.003729 1.191053
0.9700735 1.17419
0.9720234 1.197848
1.03358 1.243694
0.9534133 1.268757
1.074846 1.248795
1.037819 1.195807
0.9712435 1.186998
1.066399 1.153912
0.9708883 1.205094
0.970985 1.218612
0.9800634 1.22386
1.044399 1.206523
1.034065 1.1664
0.9940628 1.162469
1.046633 1.190141
1.049019 1.142431
0.9855578 1.162571
0.9942407 1.215233
1.043478 1.169978
1.04736 1.13341
1.028657 1.170433
0.977432 1.193115
0.9580205 1.16025
1.008318 1.230785
1.013811 1.232316
0.9564103 1.259372
1.032833 1.194559
0.9974038 1.227193
0.9327396 1.195216
1.019468 1.170393
0.9747522 1.157837
0.9723445 1.131372
1.008246 1.156462
0.9828634 1.196527
1.015993 1.180978
1.006066 1.25304
1.003396 1.290224
1.003305 1.367298
1.025694 1.318332
1.000316 1.328043
1.011049 1.291512
0.9854829 1.296865
0.9339915 1.261695
0.9607058 1.311442
1.01274 1.383741
0.9928789 1.34864
0.9637666 1.358199
1.053309 1.251314
1.02955 1.185771
1.032058 1.10343
1.013337 1.18163
0.9806232 1.218636
0.9772157 1.285174
1.019153 1.206157
0.9964586 1.139142
1.005017 1.170615
1.068777 1.14501
1.009577 1.173888
1.035746 1.154809
0.9660139 1.168149
1.018007 1.173112
0.9874497 1.245191
1.038596 1.180264
0.9929422 1.181613
0.987647 1.19993
1.005172 1.215004
0.9924705 1.218324
0.9658917 1.204361
0.9915942 1.253772
0.9786278 1.35484
1.000645 1.272259
1.047022 1.206688
1.040027 1.313882
1.037084 1.259464
1.014271 1.221006
0.9909878 1.18055
1.018533 1.107455
0.9866156 1.116133
1.006156 1.177238
0.9962851 1.229002
1.006931 1.251407
0.9789232 1.281831
0.9745177 1.284526
1.043581 1.268683
1.028518 1.278428
1.016346 1.242722
0.9767089 1.25599
1.031732 1.279082
1.033494 1.313721
0.977412 1.227831
1.025685 1.227558
1.004338 1.273451
0.9854677 1.26215
1.010303 1.177278
1.017527 1.232591
1.04528 1.193784
1.016568 1.282389
0.9660609 1.210176
1.012632 1.264148
1.02783 1.232659
0.9803572 1.202025
0.940624 1.250241
0.980409 1.212853
1.045686 1.153522
0.9766353 1.168949
0.9833755 1.161311
0.9928245 1.15769
0.998316 1.210553
0.9710953 1.167975
0.9658331 1.318444
1.023642 1.286546
1.0079 1.276041
1.042299 1.188764
1.019304 1.235593
1.023554 1.200388
1.05162 1.214177
1.04619 1.161985
1.029142 1.182494
1.058446 1.146336
0.9708093 1.162113
0.9656325 1.165666
0.9839848 1.158917
1.029637 1.134388
1.000421 1.203312
0.9668659 1.215449
0.9905989 1.174121
0.9825206 1.209904
0.9725141 1.254786
1.00815 1.327519
0.9518767 1.266497
0.9800823 1.24593
1.023705 1.24763
1.017662 1.159226
0.9697485 1.235421
1.056168 1.249291
1.007917 1.341444
1.002964 1.29136
0.8676565 1.256412
0.955517 1.251452
1.016318 1.226437
0.9852515 1.299413
1.004845 1.283229
0.9772952 1.264453
0.9627143 1.242731
0.9850481 1.184893
1.00818 1.186661
1.009297 1.172093
0.9758179 1.212473
1.018812 1.257893
1.017094 1.292289
1.003109 1.301081
0.9606202 1.357515
1.016258 1.344125
0.9682205 1.254976
0.9956002 1.314963
0.9822149 1.350827
0.9615753 1.328913
0.9844085 1.282488
0.9684757 1.338932
0.9664257 1.298122
0.9612986 1.246782
0.9719137 1.233918
0.9618854 1.245751
0.9691435 1.274179
1.017095 1.239558
1.004838 1.370697
0.9260307 1.299955
1.014836 1.263663
0.9607081 1.251733
0.9536815 1.229433
0.9679018 1.220427
1.001834 1.184081
0.9911843 1.219725
0.9861193 1.297633
1.008838 1.305534
0.97616 1.317276
1.011058 1.239629
1.025651 1.171806
0.9824688 1.164515
1.015781 1.195654
1.026504 1.16578
1.000556 1.261394
1.010731 1.22202
1.002876 1.252785
0.963712 1.276159
1.001121 1.231566
1.034616 1.240908
0.997607 1.167103
1.005877 1.162565
0.9844675 1.212667
0.9589456 1.220446
0.9686207 1.247341
0.9690616 1.233038
1.02349 1.141424
1.010626 1.128567
0.993048 1.162442
1.036596 1.188998
1.026377 1.13499
1.060318 1.043729
0.9969668 1.087725
1.044707 1.052846
1.002962 1.125857
1.006373 1.173392
1.01273 1.165753
0.9805645 1.208274
0.9585151 1.178221
1.000048 1.201904
1.044646 1.176563
1.022179 1.143034
1.037421 1.202468
1.005432 1.166697
1.018918 1.109739
0.9969035 1.124679
1.016975 1.12007
1.002549 1.168778
0.9873747 1.2281
1.038779 1.16514
0.9988126 1.151351
1.013138 1.188202
0.9982066 1.151526
1.035392 1.109234
1.000603 1.155236
0.9951436 1.17501
1.011864 1.169116
1.040546 1.155228
0.9998612 1.15822
1.00992 1.163619
1.042473 1.184535
1.006523 1.179092
1.012883 1.186086
1.049252 1.157545
