"nu" "alpha"
4.312029 0.4564945
3.977233 0.1138016
2.958304 0.2277081
2.997125 0.2409145
3.076537 0.4804736
3.5383 0.136586
3.353064 0.1437525
3.677445 0.4117555
4.725228 0.1995984
3.525001 0.3147948
3.715243 0.1582024
3.982174 0.05555969
3.312885 0.2721214
3.460201 0.2322162
3.323656 0.2865177
3.159769 0.3539088
3.441565 0.3568222
3.617988 0.4581918
3.497769 0.4817809
3.161763 0.1762059
2.500991 0.2789283
2.893015 0.401248
3.289638 0.3023457
3.346305 0.4331725
2.980864 0.2768331
2.894952 0.2130529
3.13887 0.3506944
3.957655 0.147542
3.584945 0.4123881
3.719952 0.3925618
3.854086 0.3971261
3.45421 0.1739062
2.864582 0.2312978
3.228918 0.3982002
3.327933 0.3572028
3.083626 0.4607964
4.038908 0.08585863
3.141395 0.4747377
3.531829 0.4785754
2.771606 0.2905237
3.129345 0.1205846
2.948726 0.4739152
3.443316 0.1644221
4.025008 0.4105154
3.063069 0.2879497
3.334943 0.2485477
3.611663 0.06621239
3.412126 0.2004239
3.724129 0.2289262
2.842353 0.3510376
3.390089 0.2773341
3.178651 0.4787918
3.231754 0.336725
2.924588 0.4068843
2.745009 0.2750921
2.839989 0.3529783
3.243209 0.2205157
3.139842 0.3687458
2.975696 0.4382223
3.331223 0.1851339
3.059322 0.06397985
3.751871 0.4313258
3.221787 0.4162899
2.830332 0.3015607
2.671883 0.1861781
3.30255 0.366026
3.032266 0.2461398
3.379542 0.349527
3.39265 0.4054608
3.156461 0.3611362
3.233659 0.2133048
3.214523 0.1727825
2.725894 0.4532077
3.182369 0.3988127
3.69658 0.3352508
3.810654 0.1121814
3.132773 0.4659819
3.582292 0.3412288
3.366357 0.3246081
3.334375 0.4003204
3.617026 0.4845499
3.154004 0.4097035
3.074897 0.2315756
3.167249 0.413858
3.715908 0.2327845
2.845321 0.08686995
2.769774 0.09089611
3.020476 0.446242
2.890138 0.09007772
3.26236 0.3557647
3.241335 0.3695187
3.474262 0.1893042
3.275929 0.3555011
3.052109 0.454465
3.045117 0.3558171
3.508941 0.1296718
3.594295 0.2206154
2.830796 0.4680168
3.329975 0.3666897
3.654128 0.1415236
3.427484 0.1829302
3.508609 0.03695188
3.5235 0.1542232
4.235296 0.3001196
3.911973 0.3800069
3.633415 0.2515021
2.919615 0.1380758
2.655172 0.3441112
3.501187 0.1381224
3.296074 0.1334966
3.177505 0.4859998
3.153222 0.1844513
2.427158 0.3653643
2.834549 0.1324117
2.838799 0.1977231
3.054362 0.2134073
3.579275 0.2719209
2.575266 0.3620583
2.754818 0.2984236
2.940012 0.3914339
3.199649 0.3687308
2.775354 0.2870119
2.875111 0.4083793
2.98321 0.2459963
2.992027 0.2288951
3.025401 0.3433054
2.93325 0.06265812
2.993524 0.1426148
2.89471 0.3813871
2.583044 0.2562071
2.924189 0.07093673
2.782683 0.3771465
3.239208 0.2485506
2.84934 0.1298097
2.886338 0.2768709
2.583795 0.3193817
2.804344 0.3615088
3.405606 0.2461665
2.949139 0.4786986
2.891879 0.3711993
3.326539 0.3438946
3.10448 0.4061233
2.90754 0.2477481
2.840338 0.2974731
2.901046 0.441376
3.145726 0.1436796
3.843101 0.3352995
3.490246 0.4362653
2.892078 0.1063483
2.990189 0.07199544
3.091921 0.3764736
2.844237 0.2705428
3.237989 0.4381186
3.112196 0.4541452
3.367619 0.4249175
2.86217 0.3143147
2.692849 0.3475513
2.726347 0.2252839
2.733765 0.2696825
3.076352 0.348412
3.121579 0.2185033
3.190865 0.1277609
2.697532 0.4247572
3.214478 0.4725164
3.082834 0.1507037
2.711457 0.1127669
3.072587 0.2228931
3.536785 0.1063862
3.73271 0.1066699
2.980997 0.159462
3.144394 0.1174586
4.026777 0.09106508
3.11152 0.2354679
3.034457 0.3236072
3.024661 0.2375723
3.540443 0.2681165
3.447293 0.353183
3.104008 0.1877283
3.795896 0.3837188
3.145126 0.3615949
3.425919 0.465067
3.694821 0.4833618
3.171562 0.3185526
3.529433 0.1495426
3.10029 0.2429689
3.50483 0.2191485
3.010432 0.1551439
3.644268 0.2409038
3.454053 0.4168568
3.743253 0.2114404
3.345946 0.2922554
3.909118 0.4118956
3.711327 0.3634607
3.229383 0.2506179
2.76731 0.3616412
2.333394 0.2136284
2.814652 0.09360284
2.884509 0.2305406
2.918896 0.1194126
2.947412 0.4716806
2.637795 0.3494618
2.653913 0.3342591
3.001438 0.2241412
3.184467 0.4275316
3.325783 0.2312688
3.75235 0.2574015
3.410248 0.4778539
2.789115 0.196538
3.553577 0.2521455
3.007477 0.1749769
3.101212 0.2371273
3.243187 0.2054323
3.502454 0.4157169
3.181675 0.4521484
4.49873 0.4553367
3.764045 0.3193849
3.343274 0.08097026
2.836325 0.06317084
3.444625 0.1402764
3.157567 0.2348749
2.690963 0.1829265
2.691989 0.1501513
3.358842 0.06067546
2.830991 0.1771774
3.71131 0.271489
3.893565 0.45554
3.050859 0.3759889
2.630703 0.06447295
4.256579 0.2575287
2.664907 0.3512761
2.78107 0.130419
3.166228 0.4376066
2.901594 0.2163997
3.267983 0.1511905
3.506285 0.3361923
3.479692 0.08763156
4.385999 0.2437435
3.50456 0.2436768
3.600926 0.254816
3.460321 0.3337643
3.253113 0.4786116
3.449263 0.05690167
3.401689 0.3863684
3.565473 0.2649572
3.438846 0.4415022
3.343703 0.2110017
3.384961 0.3328609
3.787621 0.07891175
2.964443 0.3589487
3.750009 0.430251
3.387748 0.3722188
2.83972 0.2552001
2.757995 0.3142346
2.92958 0.07730211
2.894258 0.4310257
3.012185 0.1514245
3.269741 0.07109475
3.124963 0.2805386
3.043389 0.2606867
2.950074 0.09204229
3.140108 0.1911917
2.729141 0.03572434
3.408373 0.3709392
3.407486 0.4753541
2.594778 0.2990678
2.773111 0.2495138
3.013131 0.3575679
2.954836 0.3786179
3.52307 0.1199307
2.771014 0.3757659
3.059174 0.3823004
3.455006 0.1068746
3.396056 0.4982636
3.044145 0.3950858
3.291547 0.2166198
3.257297 0.08694063
3.345163 0.3244138
3.252167 0.08276466
2.905864 0.2281894
2.791468 0.2146882
2.685093 0.4643977
2.501958 0.2074807
2.574418 0.2961171
2.767816 0.2848139
2.877452 0.3919589
2.935814 0.1702927
3.726164 0.1498638
2.784873 0.1184515
2.896277 0.259356
3.071984 0.2746751
3.309244 0.111833
2.915456 0.1900432
2.854436 0.2379528
3.075272 0.176801
3.384064 0.3236163
2.790161 0.1907278
2.55118 0.3512792
2.59662 0.3990076
2.956362 0.1028634
3.224647 0.4618195
3.649881 0.1275921
3.686657 0.2384175
3.679121 0.4010123
3.228438 0.1465387
2.88906 0.2670543
3.427932 0.2986908
3.495898 0.1189537
3.816559 0.142768
3.152297 0.04906115
2.840789 0.2788734
3.006989 0.2143312
3.373854 0.4565288
2.856256 0.3117118
3.278846 0.1897127
2.733297 0.3895015
2.528278 0.3932817
2.980721 0.2031845
3.729425 0.4345575
3.724397 0.2403254
3.349029 0.4329605
3.241287 0.4314674
4.079591 0.4780678
4.78251 0.2050139
3.841424 0.3165056
3.797157 0.4486781
3.630189 0.07392148
3.570896 0.2995139
3.122891 0.2201346
2.965145 0.1304865
3.289533 0.3027582
3.451281 0.3802509
2.912537 0.3612692
2.941882 0.07701533
3.097435 0.2370103
3.238768 0.2094874
4.104702 0.2723895
3.965703 0.2156
3.539136 0.0729936
3.290795 0.276214
3.503075 0.05144635
3.670197 0.2287937
3.519869 0.344307
3.883538 0.3392403
3.953232 0.2815385
3.538811 0.3661474
3.246751 0.3202704
4.049707 0.317211
4.144204 0.2667793
3.696586 0.1525603
3.805335 0.2770275
4.341131 0.3509488
3.978681 0.4178609
3.847615 0.2632845
4.014199 0.2100466
3.321567 0.3145162
3.217008 0.2249194
3.113704 0.4182227
3.522597 0.2155018
3.305868 0.3453447
3.403744 0.4103063
3.403706 0.3586457
4.516906 0.1721406
3.455117 0.3455644
3.936196 0.4843581
3.015589 0.267442
3.249302 0.2046551
3.104887 0.2175543
3.867629 0.22451
2.941299 0.2928704
3.411721 0.3325953
3.480596 0.3583324
2.958688 0.3409821
3.527686 0.1545148
3.381976 0.06821273
3.544902 0.1960962
3.701377 0.4855444
3.504883 0.2014797
3.861533 0.1711168
2.78757 0.4583115
2.850392 0.1402331
3.383254 0.227163
2.949793 0.2696699
2.84561 0.4638557
3.240266 0.4115571
3.366683 0.4416242
3.439548 0.2836044
2.841032 0.4324199
3.320553 0.4551061
3.255042 0.4802274
3.268412 0.4903305
3.121721 0.1157326
3.297459 0.08139361
3.109116 0.1025862
3.479038 0.2467102
3.666278 0.09356326
3.203871 0.2707452
3.006644 0.436462
3.722829 0.2028779
3.293909 0.3711565
3.230159 0.2973834
2.988502 0.2522721
3.039794 0.1410538
2.720504 0.4731132
2.738138 0.2116734
3.100385 0.108534
3.296049 0.3222343
3.81757 0.1842009
3.372099 0.4697575
3.534335 0.08882467
3.028183 0.285314
3.061091 0.04940386
3.121008 0.3676811
2.558094 0.3481305
2.988829 0.4890668
3.054407 0.1392812
2.807551 0.4948923
3.243511 0.1135381
3.465646 0.2761003
2.836528 0.1125531
3.001623 0.1122753
2.818254 0.4129685
2.434972 0.1346219
2.224513 0.4422342
3.151511 0.2194351
2.709685 0.414304
3.104256 0.4767948
3.774325 0.06921371
3.056059 0.2301127
3.661215 0.2558319
3.724221 0.376861
3.504839 0.224588
4.083917 0.3370961
3.41906 0.3060594
3.325506 0.1023795
3.861658 0.3798661
3.018776 0.4314295
3.194383 0.4630085
2.898538 0.2022645
3.007484 0.3223141
2.678707 0.2323982
3.076947 0.2779236
3.11905 0.1224557
3.452432 0.1412762
2.768261 0.3938942
3.018807 0.09066745
3.49242 0.439686
3.212468 0.365883
3.306605 0.207331
3.821434 0.1847865
3.487806 0.4846558
2.81278 0.1785164
3.609914 0.3364125
3.338023 0.2229073
3.415431 0.1816626
2.901341 0.2961987
3.235262 0.3343688
3.212823 0.2843335
3.067253 0.1413475
2.892836 0.1388835
3.505301 0.3541845
2.753512 0.4266215
2.901779 0.4436668
3.970302 0.4116601
3.089156 0.1422577
2.812965 0.376154
2.960653 0.3412369
3.257467 0.08828221
3.085783 0.1553017
2.977187 0.1054202
2.781853 0.2317922
3.877401 0.4821555
3.550739 0.03132611
3.008136 0.06934601
3.068242 0.3465013
3.41347 0.3131612
2.70244 0.3515708
3.534005 0.06307744
2.742949 0.3852667
3.264175 0.4773936
3.038608 0.07168919
2.752632 0.3752332
3.067712 0.3488322
2.593599 0.323853
2.730889 0.05669469
2.774644 0.3721118
3.103092 0.183765
3.21194 0.2665051
3.178092 0.2772431
2.803961 0.07783164
3.033585 0.1037093
3.391156 0.1999069
2.994307 0.3778868
3.352183 0.2919851
3.491934 0.3995637
3.421618 0.2440315
3.441165 0.2828657
3.550101 0.3718547
3.599429 0.2511868
4.258921 0.250986
4.375664 0.4044402
4.442908 0.1431703
3.270927 0.2609633
3.062527 0.4724911
2.869902 0.4947544
3.333317 0.3510279
3.261484 0.4142085
3.360084 0.1272183
3.490822 0.4991551
3.033796 0.222514
4.076119 0.03629402
3.672858 0.3022041
2.959027 0.4171093
2.410686 0.3531404
3.426537 0.4503278
2.839312 0.4827972
2.94282 0.08685704
3.259997 0.2694669
2.763154 0.4439658
2.785662 0.2636242
2.756115 0.3990827
2.79503 0.3736627
2.733955 0.1170305
2.354745 0.2899725
2.461412 0.237769
2.789932 0.3480658
3.449988 0.4126981
3.194665 0.4505757
3.475791 0.3496666
3.648107 0.3239776
3.249465 0.4334166
2.672484 0.3863399
2.920403 0.0488869
3.568526 0.248235
3.215435 0.478038
3.651873 0.1602149
3.309884 0.3008874
3.383352 0.2974072
2.836371 0.3765083
2.797893 0.3613668
3.044339 0.3195612
2.412622 0.07788146
3.003569 0.32131
3.131471 0.4237778
2.90376 0.4293095
2.440314 0.1301874
2.757338 0.1979879
3.000057 0.372805
3.169878 0.07785635
2.873889 0.3821194
3.071573 0.4714442
2.987502 0.3739605
2.924823 0.3043204
3.286912 0.1892788
3.087955 0.1438101
3.397062 0.2535122
2.944047 0.2304655
2.988944 0.4389079
4.388454 0.4671266
3.752858 0.2834272
3.897614 0.1602238
3.700432 0.4766799
4.654361 0.2491126
3.912152 0.3357801
3.343072 0.2577284
3.920003 0.4948328
3.754488 0.4137259
4.543713 0.1900208
3.824067 0.1982673
3.221956 0.2799808
3.6736 0.4285549
3.191904 0.1131777
2.736628 0.1978848
3.778073 0.4577136
3.313852 0.2402774
3.260169 0.3857545
3.366542 0.05411822
3.743098 0.3951582
3.511696 0.2710175
3.552964 0.1776808
4.231737 0.4966178
4.057093 0.2679117
3.666365 0.2726079
3.365513 0.3454613
3.197443 0.2689972
3.425597 0.2419817
3.285473 0.453918
3.160567 0.3875958
3.676575 0.4882992
3.840811 0.1939934
3.626629 0.06947234
3.466956 0.4456033
3.881299 0.2108721
3.733219 0.4065769
3.014702 0.2700001
3.192151 0.3746381
3.212505 0.4961052
3.076204 0.4011913
2.623524 0.09984782
3.161897 0.2953606
3.260274 0.3230719
3.232961 0.2188602
3.427177 0.08278566
3.064713 0.3372216
2.749895 0.2410994
3.004525 0.08756558
2.934578 0.2977595
3.082853 0.4742304
2.787119 0.2815824
3.139439 0.06238008
2.943773 0.1906408
2.923624 0.1043529
3.591802 0.3856094
3.489766 0.32518
2.996365 0.1514859
3.966621 0.02762839
3.107194 0.1129826
2.665958 0.0642352
3.108008 0.4812862
3.402177 0.2019064
2.550989 0.1699063
2.86337 0.4186747
2.725118 0.4453401
2.612661 0.2351595
2.528058 0.4638127
3.189316 0.4483077
2.826247 0.3281053
3.747241 0.4043886
3.505895 0.3945663
3.289726 0.3971848
3.531547 0.3562371
3.37918 0.3778175
3.541029 0.1752348
3.592014 0.4421814
2.727604 0.4156554
3.049442 0.03256479
3.056467 0.2504663
3.759069 0.2973037
2.810676 0.3365577
3.042934 0.257175
2.974967 0.268489
3.433463 0.4617791
3.342174 0.102416
3.894112 0.0537953
2.969481 0.3016926
3.508758 0.338609
3.124605 0.4224816
3.123407 0.2136878
3.018598 0.2707127
3.336927 0.1634166
3.443359 0.2237265
3.310641 0.45282
4.340117 0.4489327
3.162893 0.07247295
4.175837 0.3661456
3.819289 0.2325757
3.570177 0.1301921
3.853837 0.363236
3.646635 0.3622795
3.243933 0.1884306
2.978853 0.171333
2.728837 0.1541365
2.578181 0.3802816
2.955199 0.3548028
3.196113 0.3132524
3.52418 0.4049311
2.54816 0.1771523
3.224326 0.3666389
4.254904 0.1652762
2.962702 0.4234223
3.158188 0.4636547
3.318409 0.3349678
3.176172 0.4769946
3.35648 0.2579042
4.061508 0.4022618
4.764847 0.1527295
3.792088 0.187745
3.350287 0.396362
3.28467 0.2894681
3.211058 0.2006785
3.893808 0.4398445
3.612269 0.2031527
3.377507 0.4243912
3.292468 0.2123224
3.126953 0.2784682
3.329509 0.174397
2.595298 0.1676921
2.72542 0.4483885
2.832193 0.3808688
3.098295 0.3453885
2.722965 0.2798312
2.933136 0.4555821
3.197414 0.1049074
3.991464 0.2574369
3.197286 0.185332
3.266751 0.4571677
3.51837 0.1395135
3.265063 0.2838809
3.4301 0.2160464
3.423584 0.1003064
2.516525 0.2199281
2.765612 0.4029766
3.166254 0.2981708
2.586831 0.1984548
3.372884 0.2152775
3.28881 0.2399429
3.024837 0.4767159
3.315018 0.4306758
3.835402 0.4067453
4.353393 0.3096308
3.888561 0.0712977
3.648439 0.08023371
4.235394 0.05074829
3.575876 0.2151504
3.786393 0.4143717
4.696191 0.2575589
3.664948 0.445186
3.088045 0.4680624
3.287841 0.3610559
3.856771 0.3636548
3.587197 0.3696358
3.17567 0.2364349
3.464434 0.05699299
2.885553 0.05870598
3.037559 0.2422457
2.811319 0.4309981
3.22916 0.3971799
3.223985 0.4523093
4.38326 0.4447178
2.877838 0.1342625
3.155883 0.3874059
3.187878 0.05793364
3.056552 0.4693743
3.073705 0.4854691
3.424172 0.4103768
3.739684 0.3041802
2.649585 0.107522
3.064762 0.3393447
2.980787 0.1252976
2.840983 0.13519
3.33313 0.3724262
3.071412 0.1300591
3.402675 0.2090855
3.084938 0.396665
3.088632 0.4954002
3.083125 0.2523377
3.095664 0.07394952
2.771452 0.4943881
3.053487 0.2015225
2.872046 0.3099671
3.261647 0.1600931
3.269663 0.1923919
2.743009 0.2861022
3.189039 0.2351251
2.529361 0.4203315
2.977127 0.05802524
2.689773 0.3256078
2.900455 0.263307
2.909688 0.3068866
2.938978 0.06102425
2.804215 0.2959609
3.531963 0.2631507
3.453831 0.3302763
2.551215 0.1969811
3.460528 0.3340223
2.906382 0.2250486
3.767636 0.4495068
3.363895 0.4074803
3.140135 0.384992
3.137126 0.375235
2.980858 0.359868
2.813386 0.1120165
2.829584 0.04606156
3.134441 0.2982008
3.416799 0.1687662
2.856211 0.3308271
3.38422 0.3116933
3.478151 0.3035485
3.571706 0.3243756
3.44535 0.1042351
2.806317 0.4969712
2.46408 0.3065923
2.73855 0.3686932
3.270671 0.1075905
2.801654 0.3347653
2.861871 0.163227
2.765522 0.1416441
3.203281 0.2947893
3.395179 0.4311943
3.332154 0.2712937
2.807666 0.08727718
3.170373 0.4027509
3.279406 0.1499615
3.062108 0.3028676
3.099528 0.4900792
3.155564 0.2506444
3.728855 0.4005385
3.261268 0.08731349
3.518408 0.1799794
3.28085 0.09599409
3.829281 0.3353117
4.125167 0.1672858
3.368702 0.2717408
4.209166 0.4359575
3.57387 0.2660222
3.018931 0.3288827
3.512804 0.4523438
3.66838 0.453773
3.29599 0.189539
3.481412 0.3864762
3.09677 0.2311698
3.586536 0.2535082
3.232677 0.1774869
3.353198 0.340415
3.248634 0.07620804
3.227798 0.2043569
4.244287 0.09839264
3.326744 0.499388
3.937728 0.3657526
3.457543 0.1947824
3.78458 0.4407157
2.842766 0.09451297
4.489903 0.3695619
4.723585 0.1505574
3.934142 0.3494408
3.760863 0.2152264
2.710656 0.4770304
3.229904 0.4791815
3.572108 0.1049412
3.861476 0.1017878
3.007057 0.3017688
3.078213 0.1328911
2.684297 0.2340225
3.196411 0.3830228
3.221384 0.04838546
3.40525 0.4584614
2.940543 0.1303844
3.197186 0.2140707
3.460834 0.1525832
4.151697 0.4989635
3.27154 0.235902
3.112074 0.3744738
3.75863 0.2054241
3.695996 0.3767587
4.461994 0.2610776
4.098678 0.3052684
4.57416 0.2703178
4.02107 0.3228304
4.204086 0.1247269
2.877537 0.3409899
3.419153 0.2923711
3.297047 0.1103278
3.855109 0.2881068
3.30452 0.199695
3.377521 0.3005431
3.536371 0.472911
3.4528 0.2760951
3.521555 0.1754319
3.661673 0.1292377
3.173269 0.1139588
3.193765 0.3801932
2.805708 0.4776145
2.892951 0.1812385
3.167145 0.4750735
3.123255 0.4365084
3.06615 0.478876
2.870144 0.4203901
3.499887 0.2399925
3.244226 0.4281447
3.10899 0.2915095
2.87418 0.09706713
3.75047 0.2073404
3.837666 0.1784046
3.50861 0.2095422
3.969396 0.1591046
3.063298 0.4733429
2.916489 0.2782957
3.099475 0.4047407
2.813796 0.300384
4.151814 0.3390793
2.878664 0.3960673
3.158912 0.3011563
3.106503 0.4010195
3.538181 0.13402
3.601829 0.3559731
3.530364 0.1991684
2.967915 0.454696
2.722481 0.3408947
2.658631 0.304907
3.113193 0.2583151
3.138252 0.2482094
3.258329 0.4484282
3.483576 0.1944699
3.071369 0.2946413
3.476956 0.2216384
4.350752 0.345852
3.411977 0.2177529
3.653161 0.1670431
3.133171 0.4897362
3.363311 0.1162972
3.252645 0.1703104
3.665977 0.08956314
3.642596 0.2353332
2.910711 0.09419397
3.357268 0.161989
3.619364 0.1500012
4.315433 0.2546391
3.486956 0.2007475
3.001351 0.3738609
3.101714 0.1846815
2.787701 0.2176956
3.571525 0.3813746
3.195903 0.09780642
3.269222 0.09809725
3.304113 0.2841457
2.834951 0.4844309
2.838293 0.3877592
3.241464 0.2527289
2.817306 0.4007561
3.306393 0.07266823
3.63995 0.1737657
3.391081 0.1968407
3.062842 0.3892314
3.59055 0.4855014
3.171801 0.1757122
2.934049 0.2304148
3.259965 0.3334052
3.422516 0.3733209
3.116596 0.3359307
2.909651 0.1623046
2.636241 0.2291437
3.179289 0.4605583
3.185117 0.3272197
3.064591 0.3550325
3.341517 0.3946292
3.406673 0.4214068
3.781365 0.2141713
3.51477 0.2414986
3.173359 0.2939614
3.818335 0.3292013
3.50043 0.3011432
2.958541 0.2795776
3.243565 0.4417911
3.274424 0.4680769
3.345855 0.3732215
3.321751 0.3908985
3.213191 0.456708
3.756607 0.3300428
4.179259 0.2564295
3.587387 0.2826806
3.760248 0.3219828
3.521593 0.02759835
3.557883 0.2639572
3.021598 0.2200218
2.951978 0.08081036
3.038674 0.1109319
2.409742 0.4525989
3.332633 0.2475767
2.684171 0.3313903
3.019189 0.2117818
2.728328 0.2932364
3.270629 0.3460953
3.668726 0.3748683
3.221368 0.4963643
3.672666 0.2608685
2.98668 0.244704
3.284321 0.175589
3.061315 0.3992385
2.756176 0.3061846
3.100827 0.1569829
2.954832 0.3535121
3.560146 0.3975771
3.61846 0.2044056
3.61784 0.2221645
3.249825 0.0723245
4.560206 0.3882018
3.372005 0.4066773
3.273564 0.08481247
3.661709 0.2343696
4.42847 0.09489786
3.539874 0.4194937
3.301802 0.3117394
2.887086 0.04092375
3.401752 0.1780642
3.090609 0.2657499
3.14738 0.1517007
3.281785 0.05412807
2.573592 0.1969781
2.62105 0.4788678
2.432325 0.4919903
2.667019 0.3059099
2.71085 0.3136567
3.272677 0.2102775
3.232501 0.406606
2.994346 0.2985465
2.839317 0.3650707
2.833991 0.07548221
2.91433 0.246389
3.468203 0.3818153
3.848232 0.2188995
3.315006 0.4562423
3.048693 0.2003254
3.616792 0.1546393
3.668836 0.2156833
3.183754 0.3717594
3.700108 0.2415013
2.713083 0.1495829
3.76316 0.3592215
3.929709 0.02997026
3.255042 0.06515137
4.071641 0.07384095
3.846267 0.4005481
3.482827 0.1741229
3.633151 0.1580239
2.969067 0.4409828
3.553705 0.3623888
3.525633 0.03677513
3.547398 0.1334405
3.837444 0.07104153
3.456973 0.259694
3.81816 0.4140064
3.683805 0.2112063
2.994087 0.3390785
3.496994 0.2304138
3.648902 0.3845903
2.898416 0.2453275
3.166514 0.1770979
3.006167 0.2325333
3.018047 0.3406946
3.108769 0.3017606
3.034178 0.3382734
3.448793 0.4447457
2.988152 0.3307154
3.118906 0.2662905
3.127787 0.3783127
2.788621 0.3265094
3.037668 0.2042125
2.538657 0.3547919
2.793978 0.04970504
2.958486 0.3036029
3.048346 0.4148569
2.987255 0.2136178
3.479816 0.1989316
4.258643 0.4706064
3.742828 0.4105733
3.179746 0.4255065
3.172351 0.1265207
2.899454 0.1512899
3.468653 0.2984536
4.162159 0.2595308
3.390962 0.2737619
3.953611 0.1201668
3.72299 0.2998564
3.704933 0.3280485
2.708823 0.2603863
3.525548 0.2869625
3.44679 0.265129
3.383281 0.2092943
2.910858 0.2231089
3.059325 0.4488787
3.006604 0.08276778
2.828163 0.2988547
3.155789 0.1195505
2.972718 0.2993713
3.463133 0.4837737
3.543239 0.2769352
3.027436 0.307595
3.899216 0.4597639
3.849822 0.3238025
4.179776 0.3437617
4.142626 0.4080814
3.526309 0.1363034
3.411672 0.2486699
3.187931 0.1071689
2.941902 0.2644682
2.896824 0.08512907
2.768126 0.2739223
2.679601 0.1930577
3.269263 0.4647454
2.964366 0.408315
3.288068 0.2807871
3.367548 0.437559
3.462287 0.3603249
2.94675 0.3052212
3.133468 0.2717652
3.005616 0.2557734
3.374984 0.3257003
3.441584 0.2557145
2.754999 0.131044
2.666122 0.4626629
3.196636 0.2901422
2.824698 0.3133252
3.025481 0.2230539
3.105558 0.1091539
3.33445 0.2721973
3.204917 0.2616801
2.928844 0.3920434
2.802809 0.291611
3.026818 0.2553315
2.711801 0.4495845
3.344118 0.3979378
3.195595 0.04637605
2.911031 0.1907854
2.717297 0.212349
2.812277 0.4515028
3.532281 0.1332022
3.495416 0.3752993
3.841922 0.2523756
3.565157 0.1702724
3.6557 0.3797091
2.965906 0.223378
3.090823 0.4205763
2.602744 0.388158
2.757693 0.188084
2.916584 0.366755
2.658251 0.4915009
2.818017 0.2974829
2.605272 0.2077628
3.358424 0.1680506
2.785781 0.2228622
3.09208 0.2760404
3.205051 0.2918564
3.109966 0.1953096
2.921727 0.2860318
2.828481 0.3096443
2.766574 0.4164424
3.038866 0.4304418
2.529426 0.1007415
2.767324 0.2116842
3.21639 0.209582
2.735832 0.3029628
2.717709 0.188372
2.431265 0.3837299
2.303617 0.493493
2.994938 0.3623653
2.679408 0.3317903
2.732573 0.327071
2.945931 0.3762254
3.578624 0.2684575
2.656412 0.2708053
3.066409 0.4676041
3.721423 0.1163801
2.925259 0.3398188
2.8495 0.2197835
3.203666 0.3138627
2.726312 0.2518565
3.219403 0.4875727
3.14058 0.264693
2.902644 0.3090281
2.902725 0.4757475
3.175778 0.4223632
3.371775 0.2241688
3.120788 0.2287734
2.940075 0.4676409
3.210373 0.2692677
2.87062 0.041104
2.458298 0.2837598
2.575464 0.1230337
2.614737 0.254665
3.148183 0.4366838
2.677344 0.212896
2.908218 0.1645093
2.803544 0.4061916
3.450043 0.1790039
3.688856 0.4566534
3.475425 0.07427398
3.682361 0.3010943
3.503596 0.4304674
4.258694 0.1925481
3.446982 0.1923891
3.452879 0.1824723
3.447752 0.08377057
3.268829 0.04807435
2.725745 0.3049965
3.429502 0.1970615
2.801742 0.3642665
3.198608 0.02211621
2.960786 0.1065049
2.888469 0.1562684
3.516126 0.4957662
3.154644 0.456628
2.920517 0.2725988
2.582406 0.2970123
3.050477 0.3709386
3.084282 0.3112804
3.574589 0.4141161
3.816182 0.4877099
3.547913 0.1644173
2.711401 0.4905949
3.151201 0.1779083
2.867904 0.4265131
3.215222 0.2344475
3.276179 0.028318
3.081197 0.4919502
3.999725 0.4360252
3.433485 0.04446677
3.570756 0.2219382
3.403027 0.2434719
3.292211 0.1327918
4.206611 0.08438942
3.740183 0.1378246
4.324975 0.1359254
3.087695 0.08506351
3.424565 0.2040108
2.680884 0.09738677
2.893983 0.2138155
3.375857 0.40732
2.574018 0.385696
2.744719 0.2632992
2.685592 0.4920792
3.04441 0.08529873
2.927767 0.3191942
3.160587 0.4692096
3.272125 0.06422038
2.944277 0.3256488
3.719324 0.2440487
3.180099 0.3177734
4.038146 0.3080566
3.614489 0.299176
4.446469 0.1971916
3.908831 0.293049
4.512367 0.1691467
3.9417 0.1834681
3.721826 0.1549145
3.709896 0.1890659
3.614516 0.2942037
3.349146 0.3757823
3.60302 0.2441885
3.309839 0.46612
3.32559 0.3970574
3.098037 0.3160809
3.228868 0.4508485
3.465246 0.06247801
3.471232 0.3700151
3.177847 0.3151217
3.208813 0.4474325
2.903727 0.1056898
3.214843 0.4087477
3.295068 0.4137178
3.127171 0.295332
3.716072 0.2447278
3.664876 0.167383
2.888859 0.3900612
3.339649 0.4134647
3.81299 0.2468784
3.331281 0.3683841
3.329436 0.3395908
2.962453 0.1635597
3.481487 0.4685328
3.707859 0.186728
3.389514 0.3609805
3.560311 0.2157542
4.089069 0.124262
3.883652 0.09381215
3.067844 0.1642315
3.066722 0.176413
3.195226 0.4607996
3.772215 0.3402712
3.504579 0.2099319
3.094234 0.2678993
3.438428 0.3318792
3.521911 0.2940088
3.448547 0.2942635
3.735957 0.2648854
3.958378 0.1469164
2.897781 0.2390467
2.890435 0.1356945
2.936344 0.4199444
2.493826 0.3752305
2.78662 0.3574694
3.179623 0.399622
2.590527 0.1126382
4.017857 0.4557932
2.472849 0.3878939
2.677688 0.1116133
2.839136 0.305816
2.74946 0.4460107
2.924993 0.4514662
3.264125 0.05700659
3.397815 0.3129227
3.057245 0.1195015
3.416522 0.4273133
3.244205 0.1186477
2.945312 0.4221492
3.058411 0.3877304
2.936503 0.1597172
3.04567 0.1939404
3.133447 0.2755655
3.002405 0.4484281
2.561204 0.4511277
3.352206 0.09301216
3.344823 0.4354089
3.472795 0.07960874
3.328329 0.3616764
3.727851 0.3830098
3.141816 0.1015386
3.828044 0.4521139
3.191537 0.1497837
3.553465 0.1329894
3.453518 0.08516839
3.729817 0.2475296
4.108828 0.3921991
3.10442 0.238172
2.740971 0.2996791
3.024562 0.481331
3.715375 0.1827246
3.025261 0.3164672
3.540537 0.06437057
2.7573 0.2446225
3.179198 0.1002686
2.71275 0.3615435
2.638771 0.4717697
3.7831 0.1015887
4.043438 0.2679241
3.743311 0.1551464
3.728489 0.1906534
3.363913 0.3025084
3.280026 0.1260625
3.30449 0.338917
3.668876 0.07387342
3.306755 0.1881443
3.287447 0.3182246
3.918884 0.2858539
2.966979 0.4103569
5.144806 0.4385079
3.683214 0.3214433
4.314586 0.3935047
3.597455 0.1713543
3.948967 0.06084096
4.133237 0.2956751
3.278666 0.3261295
4.721347 0.3642955
3.588587 0.4005214
3.435257 0.3427975
4.934497 0.03197511
4.228015 0.2463671
3.619374 0.3433362
3.267466 0.3018603
3.720206 0.3180631
4.60096 0.1790673
4.088151 0.2147899
3.313071 0.2192006
3.47709 0.177123
2.850424 0.4538888
3.797718 0.05447906
2.648162 0.422594
2.766292 0.0954182
2.508168 0.3057812
3.065137 0.3575213
2.954975 0.40395
2.977554 0.3675659
3.631919 0.1409832
3.164396 0.4281702
3.36014 0.141669
2.928498 0.3412308
3.235926 0.4157337
3.014348 0.1492418
2.955807 0.1808754
2.498358 0.1002743
3.13055 0.3027932
2.811274 0.4476276
3.534521 0.4534487
3.217139 0.342183
3.474195 0.3173444
3.74699 0.07329864
3.093943 0.2711743
3.429302 0.4701453
2.754178 0.2067901
2.912648 0.1837109
3.253346 0.1900931
2.752326 0.4775041
3.307268 0.1397002
2.569563 0.1821359
2.894209 0.4278295
3.198799 0.3033988
2.909101 0.3155995
3.044371 0.4591414
2.811155 0.4952762
2.995234 0.1362786
2.922636 0.3344256
3.097978 0.4360907
4.125253 0.06053744
2.897686 0.2701194
2.598373 0.3273275
2.645755 0.1223286
3.001505 0.4894857
2.938105 0.2640254
3.298587 0.1814757
3.005717 0.2973274
3.196551 0.09792042
2.803841 0.1640809
2.639941 0.3326466
3.574874 0.4987617
3.753855 0.0631428
3.322877 0.3437574
3.257327 0.09584457
3.329766 0.4302915
2.601387 0.3936496
3.344363 0.3816871
3.897649 0.200732
3.230047 0.1114524
3.414571 0.2609473
3.412875 0.2348453
3.956266 0.250106
3.57279 0.4631958
2.755737 0.205881
2.860123 0.08719183
3.356346 0.3058277
3.263075 0.2758297
3.731984 0.147994
3.478129 0.05050444
3.055404 0.3830929
2.483445 0.3483304
2.966426 0.1073186
3.343291 0.1824141
3.113082 0.4228172
3.941613 0.1190771
4.204443 0.4480688
4.560665 0.07406687
4.968704 0.3450324
3.350578 0.2223577
4.191258 0.1913703
3.173268 0.2926743
3.312787 0.3836534
3.247481 0.3301107
3.774535 0.208701
4.219768 0.2252374
3.444559 0.1569061
3.172686 0.3263674
3.387974 0.1641543
3.393158 0.250599
3.130174 0.4552593
2.762323 0.3410384
3.229321 0.2210726
2.529213 0.3196326
2.982974 0.4716727
2.914685 0.2081892
2.688155 0.1177859
2.894038 0.4214674
2.862218 0.2754638
3.44211 0.2815958
2.652657 0.4634548
2.463848 0.4501676
2.510934 0.4375661
2.890454 0.470633
3.208048 0.4395866
2.878233 0.2244455
4.01028 0.09356126
3.594064 0.3878318
3.000847 0.2237845
3.633986 0.3381174
3.081743 0.246008
2.78522 0.2551482
3.210816 0.1275088
3.246637 0.3725252
3.46999 0.4984689
2.775878 0.03442279
3.281244 0.3540726
3.104808 0.4066316
3.457926 0.2901501
3.420802 0.1922212
3.944665 0.3913204
3.940493 0.3499698
3.371731 0.2975128
3.227472 0.09212105
3.539666 0.2861415
3.279085 0.3958686
3.879085 0.2748724
3.2779 0.3272512
4.921899 0.4126211
3.764709 0.1500364
2.972346 0.3488309
3.300933 0.3610267
3.773082 0.08193895
3.701059 0.04280598
3.363664 0.2026007
3.157462 0.4025633
3.327602 0.222894
3.399684 0.3545155
3.148893 0.2888908
3.968803 0.2259255
3.819311 0.06419118
3.233609 0.1709643
3.384415 0.2410698
4.405192 0.1737411
3.268544 0.3204813
3.383271 0.1887561
3.304325 0.1302616
2.802433 0.2994302
3.035943 0.1510256
3.151938 0.1299824
3.547996 0.4081292
3.178537 0.1187049
3.067626 0.38463
3.522719 0.4306648
3.098905 0.2686809
3.203041 0.4910296
2.827801 0.03984113
3.210119 0.2271819
3.253392 0.2187118
2.7638 0.09935353
3.571411 0.3623785
3.309768 0.2714738
2.823467 0.4170155
3.356521 0.4779384
3.211049 0.08919741
2.969656 0.4236299
3.052944 0.3959215
3.354389 0.3935297
3.394251 0.05959653
3.255507 0.3880798
2.662158 0.4437172
3.213488 0.2067567
3.162189 0.07265909
3.846597 0.3085245
3.275129 0.1884144
3.744944 0.3428037
3.235316 0.4274429
3.355253 0.2485665
2.548328 0.3340899
2.921495 0.3311949
2.903015 0.1689699
2.741459 0.2415815
2.873652 0.340259
3.19775 0.4054344
3.655622 0.2005837
2.780575 0.4710011
2.496472 0.1749733
2.706943 0.4508765
3.170038 0.293764
2.968274 0.4502436
3.02027 0.1884129
3.191143 0.4066928
3.311581 0.09596055
3.567851 0.4309716
3.798311 0.2731597
3.030292 0.2349412
3.178362 0.4060315
3.724009 0.3276229
3.077528 0.2762154
2.953702 0.170143
3.145214 0.2165622
3.164827 0.2226099
3.931571 0.2367565
4.051114 0.07033913
4.00005 0.08782455
3.710861 0.3616614
3.613706 0.3745689
3.64406 0.1165545
3.919478 0.1578432
4.040375 0.4265418
3.796682 0.3408753
3.16632 0.1953052
3.213617 0.1531462
3.426192 0.2647332
3.425519 0.4078756
3.261819 0.248638
3.60468 0.4704941
3.270596 0.1423068
3.812038 0.1747219
3.426516 0.314384
3.454492 0.4037499
3.462311 0.3647395
3.318556 0.297712
2.981263 0.06923482
3.211079 0.4793186
3.747855 0.140473
3.419927 0.1087133
3.523254 0.3892686
3.387101 0.204485
3.733338 0.4937811
2.874045 0.05471139
4.051312 0.1852302
3.376388 0.3894568
4.085923 0.3757874
3.387979 0.3961073
3.230442 0.3323536
3.032255 0.1360919
3.33851 0.2030906
3.91237 0.1901252
3.13375 0.21897
4.158861 0.3093195
4.456199 0.03966033
3.368943 0.08164741
3.762062 0.03611103
3.212353 0.3221691
3.843058 0.4108505
2.820895 0.3898587
2.953641 0.263398
3.170146 0.3534135
3.000745 0.2537758
2.691288 0.4263035
3.251351 0.4225063
2.60067 0.3258794
3.432766 0.4015038
2.851359 0.4795716
2.990816 0.1029416
3.052239 0.2410565
3.546138 0.3928612
2.689107 0.1572263
2.852879 0.1786092
2.797954 0.4915242
3.217897 0.1463241
3.191508 0.2634746
3.773901 0.3800809
3.011932 0.246912
3.042973 0.1197708
2.294304 0.4936748
2.946672 0.1024195
2.771102 0.3525626
3.439659 0.4951013
2.974813 0.1639945
3.240911 0.3851258
2.807042 0.2924925
2.429648 0.2683768
2.803099 0.2446218
2.84386 0.1548725
3.347009 0.1906454
3.471093 0.4511191
3.048118 0.4978033
4.126466 0.490666
3.626315 0.2945939
3.450558 0.4635732
3.856619 0.3714826
3.54721 0.2559491
3.391822 0.2206336
3.479371 0.2880369
3.26127 0.2921249
3.62554 0.1165683
4.027272 0.2106759
3.473638 0.3162615
3.124501 0.4457035
3.212388 0.4757354
4.207021 0.05135041
3.362835 0.4160439
3.374157 0.49503
3.233841 0.1584168
3.298157 0.3719872
3.18357 0.1802411
3.313223 0.4639098
3.124975 0.3775199
2.698288 0.1167436
3.239505 0.4701791
3.19619 0.261902
2.892621 0.4250972
3.286028 0.3673522
3.166908 0.3391378
2.51754 0.3184359
2.818046 0.1778769
2.810276 0.1711651
3.155534 0.4206582
2.587816 0.429876
2.949084 0.1405178
3.146066 0.1815957
3.033799 0.1112866
2.979664 0.4592884
3.472317 0.172471
3.172793 0.2431243
3.219486 0.2155811
3.799503 0.2156484
3.623503 0.03315535
3.294056 0.1999154
3.686495 0.2228073
3.405577 0.1703189
3.452668 0.2048798
4.054797 0.21631
3.735777 0.03331656
3.031199 0.473662
2.844805 0.3718872
2.854771 0.3178955
2.788552 0.3117685
3.090051 0.1305852
3.721633 0.489859
3.103064 0.2993561
3.540712 0.1981523
3.905733 0.323386
4.227053 0.03516386
3.716449 0.2686371
3.439358 0.3985072
3.256903 0.2604338
3.342885 0.0244525
3.603463 0.474149
3.181305 0.1885193
3.286317 0.06320334
3.202104 0.09799679
3.10374 0.4147695
2.75862 0.1574186
2.908472 0.4923515
2.792426 0.1739119
2.937852 0.4065392
2.700364 0.3905277
2.544075 0.1568264
2.840458 0.173363
2.633701 0.4964297
2.808792 0.173028
2.740815 0.2178284
3.00796 0.2499047
3.105818 0.07162893
2.996083 0.2112173
2.951273 0.4119988
3.392082 0.4044509
3.103938 0.2125978
3.142485 0.4066913
3.021083 0.08997032
3.325911 0.3678134
3.839008 0.3638595
3.407679 0.480893
3.157689 0.4378313
2.993366 0.3216676
2.952141 0.4282239
3.458347 0.2165097
3.232824 0.3270021
4.012692 0.2188981
3.742401 0.3665054
3.274366 0.3943514
3.583046 0.213657
3.649617 0.2376091
3.223883 0.376572
3.05022 0.3349724
3.635727 0.4406749
2.725493 0.2113629
3.150552 0.2365687
3.242602 0.1261066
2.997683 0.2083952
3.657014 0.1331684
3.042984 0.1490528
2.873374 0.2977455
3.219247 0.3906729
3.442773 0.1201836
3.25912 0.3333015
3.422862 0.1758399
3.166781 0.1464602
3.344618 0.2686827
2.831293 0.382101
2.988194 0.3156724
3.137146 0.3170486
2.811983 0.4158108
3.540545 0.2437386
4.259959 0.2618887
3.543077 0.2175453
3.226913 0.07964584
2.96149 0.1632396
3.235727 0.3187611
3.259105 0.2271595
2.86518 0.1290791
3.19839 0.313338
3.138477 0.1747893
3.106124 0.4452151
4.286503 0.1809154
3.711613 0.1867121
3.374812 0.3559485
3.151008 0.3972815
3.01251 0.3596746
2.784621 0.4476442
3.015315 0.3102195
3.344481 0.09728872
3.836084 0.3356349
3.090338 0.3483429
3.088877 0.2399089
3.172859 0.03906917
3.799013 0.287948
3.106583 0.2604254
2.727395 0.2740256
2.851506 0.1567731
3.084586 0.4770941
2.828879 0.3357175
3.796078 0.1177967
3.879698 0.2568765
3.862923 0.2058607
3.43167 0.1054701
3.219802 0.3266772
3.965396 0.2414175
2.911284 0.2074634
3.172849 0.4154856
3.731995 0.2588529
3.688388 0.4711234
3.442417 0.1630519
3.204705 0.2780495
3.171216 0.1881251
3.255451 0.2034862
3.128429 0.3156823
3.288229 0.2337192
3.550446 0.4796149
3.321082 0.1033965
2.90293 0.3786355
3.628705 0.1950913
3.152559 0.2043393
3.282447 0.3854112
3.392796 0.4745437
3.246897 0.3993091
2.883209 0.4197893
3.0734 0.4663834
2.769334 0.421335
3.025744 0.4015937
2.729031 0.2201847
3.400599 0.4575962
2.695741 0.1640855
2.942908 0.2716659
3.113388 0.188234
2.461385 0.1956576
3.162139 0.4422964
3.091027 0.4758839
3.1781 0.1770503
3.424055 0.06600212
3.575582 0.4454429
3.222799 0.1659972
3.224921 0.3452693
3.611209 0.2546861
3.220923 0.4577691
3.467379 0.4752002
3.179208 0.4221651
3.478013 0.4852471
3.68587 0.4713748
3.23552 0.2278352
3.438006 0.1485486
3.556718 0.4283979
3.066787 0.414048
4.006175 0.2495633
3.117315 0.3937146
4.65847 0.1279965
3.887029 0.3577918
3.395156 0.4398835
3.60268 0.398914
3.755877 0.3726662
3.819815 0.1688916
3.645609 0.2555825
4.115014 0.3995716
3.858764 0.3381537
3.236439 0.3207635
3.184771 0.2110188
3.090059 0.3517126
3.847419 0.2591365
3.321511 0.2554438
3.154013 0.1160063
3.723415 0.4612771
2.929136 0.1521843
2.955614 0.28032
3.161466 0.4273877
3.95574 0.4819163
2.828136 0.3541379
3.367368 0.1868078
3.737696 0.2487046
3.971316 0.2915044
4.016378 0.2763507
4.370046 0.2884201
3.408919 0.1970777
3.117106 0.3407103
3.067083 0.144708
2.87192 0.4847024
2.734504 0.1702344
2.946102 0.4007668
3.257468 0.4527222
3.331503 0.1762079
2.947843 0.49624
3.516504 0.3209941
2.615229 0.3165204
3.174386 0.1105229
3.277327 0.1863436
2.368832 0.2618742
2.863582 0.2421128
3.135242 0.2207399
3.696992 0.2251328
2.99571 0.3948484
2.908408 0.4582574
3.886149 0.1974079
2.891887 0.3679889
3.287142 0.2985409
2.855422 0.1857167
3.74866 0.06696472
3.878317 0.203375
4.086089 0.4786469
3.286729 0.488703
2.598737 0.121775
3.540029 0.07309189
4.157937 0.2180779
3.334335 0.3304875
3.360057 0.03838545
3.580026 0.1443571
2.882294 0.440071
3.08428 0.2166691
2.720177 0.141796
3.266346 0.3997006
3.433957 0.2100694
3.428989 0.3257583
2.727871 0.2454475
3.278848 0.4791181
2.891674 0.223204
3.158634 0.2602285
2.779641 0.1102093
3.550797 0.1080724
2.978715 0.2566546
3.112369 0.2277514
3.710587 0.2774847
3.204412 0.3652973
3.261006 0.1138072
3.287041 0.3643885
2.904129 0.2611517
2.686572 0.1288883
3.569959 0.157292
2.870092 0.4683271
3.882865 0.3153598
3.678276 0.3132332
2.970279 0.4705317
3.756311 0.2969733
3.048649 0.3673403
3.209021 0.3643038
2.84849 0.3362684
3.829151 0.4117243
2.961544 0.3548253
3.068073 0.4315979
2.900292 0.03580896
3.181091 0.2254729
3.164103 0.2469681
3.434428 0.3237545
3.561118 0.2262486
2.983142 0.3729048
3.832119 0.2163907
3.767579 0.3562731
3.300396 0.3668834
3.408096 0.2636587
3.181973 0.4713145
4.056427 0.4641001
3.160659 0.2667939
3.763411 0.0614328
3.178857 0.4119931
3.30606 0.2556842
3.22394 0.3537219
3.359752 0.343084
3.330395 0.2808237
3.396427 0.4654119
3.129519 0.3686485
2.73206 0.2826844
2.898103 0.1864723
3.187845 0.238395
3.730246 0.4883024
3.532689 0.2455003
3.563353 0.1727208
3.346641 0.3744621
4.050927 0.1783509
3.277295 0.2354033
4.119922 0.345586
3.156357 0.2031457
3.904872 0.438324
4.04686 0.2631193
3.607101 0.3224046
4.275345 0.2781644
3.330456 0.2840084
3.392527 0.2960837
3.449163 0.3133615
3.870448 0.1671392
3.542039 0.4030203
3.226415 0.243624
3.502208 0.09355899
3.110563 0.4105751
4.706062 0.4661419
3.33493 0.2784584
3.868257 0.4069547
3.127893 0.1125332
3.354161 0.4212834
3.564204 0.3634141
3.158378 0.161926
3.736671 0.2376791
2.994897 0.0580767
2.94612 0.3082695
3.618063 0.3788852
3.512383 0.06067579
3.097749 0.2864996
3.546902 0.3637827
2.849309 0.3149695
2.455184 0.2915966
3.140031 0.2233888
2.678807 0.3459433
3.54894 0.09103705
3.138214 0.3165509
2.72678 0.2089227
3.429249 0.1627016
4.159351 0.05966559
2.980708 0.3657958
2.98205 0.294994
3.913462 0.3555552
4.184918 0.3153017
4.076116 0.2452078
4.39017 0.169066
3.064575 0.2422985
3.365748 0.04115572
3.299712 0.1102353
3.147677 0.3878993
3.222563 0.3575182
3.038884 0.2190015
2.907723 0.4885338
3.352215 0.1750023
3.379285 0.4527086
3.202398 0.1452132
3.076231 0.3660553
2.404039 0.03809561
3.275479 0.4464932
3.848888 0.1186867
3.051477 0.2174224
3.280737 0.3206638
3.613248 0.4360065
3.109171 0.3194102
3.222834 0.3675261
3.185301 0.4644348
3.320033 0.4762696
3.281878 0.2853816
3.257975 0.1611724
2.928714 0.1500744
3.261626 0.1952567
2.608287 0.1654565
2.80703 0.3248928
3.002942 0.3081121
2.927065 0.1083351
2.682724 0.1066951
3.078497 0.07700436
3.507076 0.1801617
3.212164 0.1824126
2.701562 0.2723827
2.707368 0.3006502
3.483163 0.2508839
2.825623 0.07683544
3.509409 0.3193274
2.585717 0.4063974
3.576794 0.326368
3.488534 0.4144944
3.181694 0.08423483
3.407598 0.05586947
3.495549 0.1653808
3.958807 0.3257275
3.45099 0.1749636
3.736182 0.1993511
3.326858 0.0683502
2.903797 0.1989341
3.704468 0.3957093
3.69314 0.401387
3.893528 0.3661224
3.288867 0.02951808
3.255604 0.05055024
2.815545 0.1678244
3.216689 0.4396066
3.186592 0.2753195
3.054982 0.2959831
2.69008 0.3329697
3.033225 0.3960799
2.589001 0.4793294
2.476961 0.2695651
2.485386 0.02655118
2.908333 0.0583952
2.788123 0.3558952
3.016444 0.4595628
2.673287 0.220901
2.847216 0.2658648
3.132007 0.2790197
3.116384 0.1176618
3.073264 0.08225759
3.56985 0.4037936
3.986922 0.3925086
3.695519 0.19167
3.564672 0.4871245
3.764349 0.3371541
4.162101 0.2857866
2.9864 0.3533477
3.469564 0.207833
3.80537 0.09967962
3.154606 0.3041286
3.803821 0.2175969
3.256407 0.2525515
3.832654 0.06060991
3.432924 0.4852971
4.056668 0.2877976
3.882208 0.1660593
3.286461 0.314897
3.112464 0.3497403
2.91392 0.1988856
3.069452 0.1723906
3.300034 0.1636992
2.998281 0.4088492
3.746197 0.4813715
2.951303 0.1796245
3.110735 0.3000541
3.443058 0.4432547
2.768706 0.2393466
3.771298 0.2595392
3.036794 0.4267022
3.400564 0.107243
4.047692 0.1560202
3.633201 0.3864307
3.928629 0.471319
3.042292 0.4269498
4.309972 0.471822
3.670095 0.3373696
4.039855 0.3213543
3.51214 0.2162185
2.941914 0.2425296
3.852302 0.02518616
3.727781 0.2419943
3.169051 0.4740772
2.991822 0.3833629
2.957868 0.2060827
2.95687 0.3874965
3.191426 0.1734112
2.995022 0.1173916
2.623181 0.4555355
3.271016 0.1997295
3.189176 0.3160326
2.472285 0.2993312
3.186641 0.363252
3.094284 0.1223097
3.034134 0.3447616
3.18016 0.4796388
3.249971 0.3082853
3.384189 0.259599
3.062015 0.1556418
2.82363 0.292286
2.812494 0.1305833
3.018937 0.05170132
3.081093 0.4636557
2.5318 0.4775759
2.818968 0.3871282
3.393735 0.410396
2.913846 0.394791
3.06538 0.4361778
3.537932 0.3741144
4.412993 0.3291522
3.37427 0.2264809
3.390739 0.3455459
3.608837 0.1996144
3.266036 0.2586924
3.492244 0.2253763
3.266224 0.3140045
3.232923 0.3264682
3.089971 0.3115032
3.555423 0.3660267
3.595899 0.1246672
3.101223 0.4546013
3.088196 0.2900066
2.91664 0.203729
3.647066 0.3224749
3.78697 0.2670214
4.917122 0.4102102
3.502154 0.2339087
4.555084 0.4078486
3.75594 0.2544868
4.274239 0.1449088
4.687294 0.2297482
5.462273 0.2349995
4.028159 0.3265333
4.402035 0.0987669
3.035727 0.4112444
3.501049 0.04563379
3.407075 0.4069122
3.481541 0.04698344
4.129505 0.4134943
4.103471 0.4785985
3.443553 0.2419279
2.957646 0.4539124
3.31734 0.1448516
3.669729 0.226897
3.05258 0.2487194
3.841305 0.3343541
4.057047 0.3181794
4.069728 0.3203858
2.824157 0.4265186
3.800324 0.1930486
3.287633 0.1536505
3.390528 0.04552122
3.531142 0.1174211
3.813684 0.427208
3.184378 0.2114272
3.486755 0.0656472
3.540368 0.3342147
3.057097 0.2998526
3.755583 0.3888975
3.447862 0.4761006
3.583385 0.2312995
3.841897 0.4756916
3.088894 0.3314888
3.373552 0.122553
3.108066 0.4061663
3.118395 0.1783066
3.738023 0.4206591
2.804297 0.4466989
3.455963 0.4744503
3.329598 0.3450289
3.868608 0.4210871
3.061696 0.1692278
3.434669 0.0929435
2.826183 0.2637526
3.523909 0.1581656
3.638739 0.454071
3.125844 0.4366445
4.326297 0.06229577
3.892633 0.4765875
3.701719 0.05518504
3.28122 0.1647837
3.910078 0.1643834
2.931255 0.2719707
3.835626 0.1253532
3.778866 0.4667499
4.352295 0.1581343
3.711407 0.3924904
3.306835 0.4792151
3.844432 0.1169493
3.576883 0.09389292
3.15913 0.3343254
3.269379 0.2431419
3.167211 0.3290856
3.010572 0.1478006
2.905119 0.3642913
2.573872 0.4702505
2.934482 0.1935286
3.563572 0.1082617
3.263636 0.4897828
3.21936 0.04736081
3.113533 0.2466168
3.768882 0.3758919
3.153244 0.360657
2.950306 0.3907094
4.164442 0.3226956
3.315154 0.2914258
3.285001 0.3210513
4.54738 0.05986997
3.262914 0.3609464
3.671246 0.4273909
3.853305 0.4963029
4.299455 0.2441214
3.496186 0.2211604
3.843591 0.1703219
4.835434 0.3677087
4.060053 0.2041366
4.583886 0.2761697
3.544648 0.4664118
3.77319 0.2633669
2.9491 0.4148411
3.348839 0.1812071
3.744745 0.4774353
3.138642 0.3657762
3.046814 0.1189218
3.934543 0.2564418
3.709567 0.06986463
3.253357 0.3749983
4.32292 0.05075361
2.786916 0.3254913
3.355478 0.4444146
4.169106 0.2468339
4.06884 0.4822819
3.429438 0.4761337
2.98625 0.3652688
3.48223 0.4829884
3.153059 0.270628
3.447055 0.2225045
3.783062 0.4725605
3.935053 0.4364393
4.153568 0.2083212
3.276238 0.1158027
2.705662 0.1031896
3.241337 0.3906463
3.119833 0.3264241
2.8974 0.1234418
3.798852 0.2569501
3.411973 0.3518566
3.340906 0.2278994
2.876111 0.1330387
2.783106 0.234135
3.169199 0.1670795
2.800585 0.1610148
2.92031 0.3725514
2.845284 0.1017916
2.873604 0.248305
3.383785 0.1571199
3.398084 0.3599403
3.362231 0.4667486
3.014118 0.3241528
2.716241 0.411794
3.018037 0.4327077
2.610129 0.3929747
3.268927 0.2100832
4.152375 0.03212279
2.690326 0.3044993
2.978482 0.2600217
3.689857 0.3900139
4.002194 0.4978325
3.510008 0.251187
2.754465 0.4028844
3.022829 0.4464021
3.037714 0.2728332
3.067291 0.1789513
2.973251 0.3191999
2.785249 0.3946898
2.609341 0.1674901
3.264613 0.226734
3.034057 0.3379558
3.77082 0.3537794
3.123973 0.4233248
2.865126 0.4084875
3.674426 0.4313558
3.959089 0.08824621
3.100249 0.03117893
3.690936 0.3390632
3.714217 0.09214396
3.403252 0.3904149
3.369744 0.4236447
3.270149 0.1371672
2.977417 0.4080537
3.586931 0.4137024
3.42736 0.468125
3.565227 0.3070937
2.836976 0.3938865
3.39281 0.4035932
3.262144 0.2351116
3.187466 0.3248356
3.544227 0.488277
3.156593 0.3026214
3.389439 0.4933523
3.012107 0.2458378
4.040803 0.2159259
2.951592 0.412397
3.515433 0.2428348
3.176275 0.1941317
3.691487 0.08728256
2.99461 0.3885572
3.019526 0.4109851
2.820553 0.1991558
2.991763 0.4753342
2.588888 0.4692237
2.7777 0.4666959
3.157801 0.2547537
2.917457 0.2632518
3.184044 0.07709603
3.410413 0.124686
2.975499 0.08713903
2.710075 0.2341544
2.481994 0.1023675
2.885508 0.3674126
2.980639 0.2153768
2.908532 0.1077872
3.444578 0.355298
3.176822 0.4591405
2.66311 0.4510495
2.689559 0.1504326
2.929849 0.1252213
2.726057 0.4811257
3.116637 0.3370464
3.992935 0.316548
2.632974 0.4112926
2.817061 0.2355796
2.600543 0.3690991
2.72087 0.2833438
3.324096 0.1692668
3.391752 0.1504499
2.930701 0.2389926
2.623005 0.4817203
2.818092 0.1249839
2.768947 0.06773211
3.29717 0.06219051
3.240778 0.4342078
3.077566 0.280023
2.829097 0.1081367
3.3155 0.3537343
3.247423 0.273747
3.274276 0.3025673
2.924929 0.2472921
3.451604 0.4898409
3.662981 0.4585726
3.480641 0.3937162
3.550761 0.1885868
3.573427 0.4692367
3.780203 0.264545
3.06524 0.4610039
2.939396 0.3787177
2.755483 0.3121657
3.103865 0.3216301
3.373498 0.3561552
3.600151 0.3321947
3.001528 0.4049137
2.470684 0.1772549
3.038513 0.09712622
3.091938 0.3752118
3.676323 0.3424689
3.623894 0.2396495
3.601219 0.1255899
4.191398 0.4070457
5.515989 0.4288878
3.417623 0.1450876
3.73411 0.3796554
2.89664 0.1845093
3.754553 0.3974444
2.891865 0.05861221
3.25347 0.294066
2.79447 0.4746742
3.124523 0.1908431
2.679018 0.4342914
2.597316 0.4533094
2.673516 0.4705799
3.057205 0.231326
2.98578 0.3851386
3.386817 0.1137123
3.245895 0.3904393
2.958669 0.2116434
3.01477 0.3269875
2.69663 0.2673389
3.972252 0.4535111
3.794808 0.1271294
2.827118 0.4894601
3.458064 0.4570988
3.153063 0.282569
3.447493 0.3706801
3.314451 0.09989265
3.002069 0.1344496
3.083703 0.1910909
3.347829 0.1272121
3.139664 0.1525142
3.076439 0.3080462
2.908168 0.2524784
3.11803 0.3871332
2.871872 0.3342003
2.902638 0.4326882
3.291237 0.4046904
3.781639 0.3676233
3.288603 0.185676
3.158962 0.3321395
3.774963 0.3715347
3.14856 0.2032402
2.992321 0.3505797
3.750732 0.4079913
3.520903 0.252743
3.890451 0.3192539
3.427288 0.06950031
3.250274 0.1023792
3.005166 0.4484346
3.687527 0.1119907
3.594155 0.09826532
3.636563 0.4964396
3.754506 0.1936069
3.168557 0.2067344
3.848774 0.2706586
4.407265 0.2909527
2.881228 0.4728823
3.151917 0.2261913
2.863958 0.2826381
3.211598 0.1808922
2.998914 0.2492362
3.671172 0.04345521
3.409595 0.4239318
2.487803 0.2745596
2.645304 0.4242549
2.750313 0.3920065
2.672924 0.4025171
3.025227 0.2402113
2.740627 0.3033627
3.679527 0.2848771
3.63036 0.2890612
3.195281 0.1433883
3.432994 0.4625838
2.768818 0.1062793
2.75043 0.04893056
3.351911 0.295305
3.12324 0.132088
2.815858 0.2062262
3.123031 0.1363005
3.024193 0.1445727
2.470073 0.1244912
3.00299 0.1093857
3.346932 0.3702274
3.089585 0.4013597
2.747249 0.2250477
2.252608 0.107218
2.425309 0.230772
3.203414 0.3457898
3.416573 0.3080572
3.040529 0.1997711
2.962416 0.2319184
2.878418 0.1361111
2.658919 0.4670258
3.472939 0.2643572
3.317512 0.192141
3.109951 0.2773057
3.401512 0.2041177
3.468172 0.1096254
3.358389 0.2967926
3.954543 0.1004168
3.339029 0.3128506
3.489819 0.444652
3.502128 0.2354576
3.568499 0.3911053
3.651308 0.09638199
3.279952 0.1061663
2.810693 0.2684939
3.328172 0.3951687
2.585981 0.4538336
3.291059 0.4844285
3.708999 0.4850901
3.245163 0.04440353
2.901061 0.3333171
3.401037 0.4834074
3.208012 0.2119914
3.430109 0.2116546
2.799684 0.3875579
3.52537 0.2957003
2.545204 0.4749537
3.295595 0.397515
3.153051 0.4833265
2.861688 0.3856156
3.065797 0.4289228
3.010942 0.2172239
3.716277 0.1978787
4.111688 0.1267975
3.169678 0.4641606
3.042529 0.08314977
3.15054 0.1154637
3.153204 0.2384004
2.888536 0.358573
2.856503 0.3963507
3.075337 0.4848749
2.863915 0.3307299
3.139436 0.2281814
3.587364 0.2903939
2.902999 0.153369
3.157842 0.2547907
3.705631 0.3503466
2.922095 0.4210235
3.692291 0.08873842
3.033136 0.397209
2.910626 0.4925594
2.598298 0.3546866
2.925088 0.1488357
3.019189 0.3969568
2.616359 0.4814758
2.842783 0.1497696
2.531777 0.3269846
2.829043 0.2164997
2.575973 0.1795013
2.870966 0.2913867
3.035407 0.3217625
3.362913 0.3649291
3.809963 0.4289795
3.379117 0.4186799
2.627822 0.481535
3.415679 0.3646621
3.292038 0.4048006
3.178638 0.1539609
3.114459 0.2654101
2.245263 0.2519742
3.029431 0.1004879
2.792068 0.2962038
2.614457 0.1972528
3.16388 0.1492852
3.15219 0.4948851
3.240196 0.1498867
2.96662 0.3044922
3.710671 0.3599723
3.945653 0.1956807
3.014269 0.1819664
2.948912 0.4197054
3.331032 0.3327512
3.270298 0.2346555
3.694828 0.1459877
2.844092 0.2599792
2.928845 0.4581453
3.087229 0.1235499
3.364756 0.4714469
3.427639 0.3631262
4.047662 0.3895921
2.861255 0.4863459
2.963226 0.457752
3.07852 0.3805588
3.176069 0.363249
2.78128 0.3137365
3.074381 0.3209654
3.736189 0.2881093
3.353266 0.06144214
3.302164 0.4699232
3.247259 0.4388537
2.770094 0.3371818
3.221212 0.2156738
2.922539 0.3737706
3.417739 0.351842
3.949431 0.08683938
3.459305 0.2598497
3.368387 0.2152531
3.513946 0.3915922
4.152321 0.05220424
4.078616 0.4358853
3.995909 0.4378967
3.973659 0.1654142
4.025413 0.3281965
3.681135 0.3060918
3.105038 0.03081756
3.045754 0.3330288
2.87709 0.3880587
3.2468 0.1042592
2.960234 0.2345131
2.675325 0.3606698
3.256469 0.4820179
3.453582 0.2124238
3.328456 0.1097474
3.928119 0.3818214
3.297674 0.05840049
3.318912 0.04061014
3.420614 0.2797909
3.357943 0.4319839
3.517351 0.2409511
3.357775 0.1739529
3.199136 0.2500324
3.752108 0.1125389
3.558807 0.2924901
3.179418 0.2828972
3.324821 0.04836229
3.349921 0.4546065
3.546986 0.327758
2.604282 0.160997
3.534101 0.3919459
2.742331 0.4731986
2.839942 0.2054179
3.379656 0.2911203
3.70586 0.301492
3.518129 0.4470339
3.21967 0.4573123
3.356087 0.1244615
3.743364 0.1402128
3.579337 0.2530672
3.249794 0.4533669
3.850712 0.426425
2.796413 0.3726185
3.183411 0.4265873
3.328581 0.2808489
2.917291 0.2730185
3.272048 0.4012174
3.166077 0.2791243
2.88975 0.3367442
3.182352 0.4796132
3.216708 0.2688282
4.049856 0.2236425
2.816748 0.2015357
2.685876 0.1264017
3.088327 0.4529328
3.003014 0.1635163
2.81048 0.248144
3.558987 0.1236431
3.192424 0.3812334
3.393132 0.4693766
3.380601 0.2193345
3.46394 0.1210751
3.16606 0.1512913
3.482386 0.4353045
3.226598 0.2111959
3.455541 0.1190074
3.264736 0.2467227
2.901931 0.2777176
2.347661 0.2696353
3.035219 0.4301997
2.695444 0.2467487
2.821663 0.3903204
3.955182 0.2773658
3.170516 0.1093998
3.481574 0.291229
3.705744 0.2120456
2.909985 0.3953346
3.09215 0.3770637
3.473013 0.2606233
2.917134 0.43254
3.426468 0.3668967
3.677917 0.2082103
3.325249 0.3172474
3.241245 0.2001748
3.323976 0.2884695
3.551361 0.3721683
3.177562 0.2213328
2.94959 0.144105
3.811699 0.3775622
3.526192 0.2731197
3.16641 0.2144331
2.953956 0.03459323
2.972611 0.2967417
3.097659 0.1565044
3.176748 0.3838759
3.152412 0.342437
2.843305 0.319613
2.886633 0.2202799
3.122728 0.4389492
3.024204 0.4066752
3.03027 0.3476963
2.832909 0.3818393
2.683594 0.2286664
4.032681 0.4833536
3.566713 0.4140135
3.331242 0.4263095
3.043027 0.08268395
2.845423 0.06948074
3.346458 0.3707643
3.385832 0.1786733
3.036381 0.2493189
3.158283 0.4136792
3.02457 0.2467997
3.196028 0.4006282
3.151805 0.3510107
3.499517 0.4030395
2.875979 0.3862459
3.094839 0.4736228
3.882526 0.1178449
2.698817 0.4781807
2.772057 0.1129589
3.603046 0.1032077
3.373222 0.3975532
3.04244 0.4329915
3.650349 0.348234
3.517642 0.1002037
2.81837 0.4168317
2.963993 0.337246
2.864358 0.3119138
2.878277 0.09263546
3.827099 0.2731948
3.856932 0.487677
3.267794 0.1382813
3.435733 0.2637733
3.452747 0.1062312
3.297225 0.1765403
2.817124 0.2345382
2.951853 0.4088996
3.256762 0.393406
3.21565 0.3633143
2.768797 0.4632932
3.124175 0.2749518
3.434764 0.3981996
3.410536 0.3423945
3.083173 0.1079559
2.881121 0.3689046
3.268369 0.3652001
2.85977 0.0998505
2.765856 0.4335104
3.166845 0.1547478
3.499877 0.4553547
3.142758 0.3982477
3.852676 0.3535569
3.679807 0.1370805
3.107067 0.1944569
3.172751 0.266211
3.61259 0.4508625
3.210928 0.4902791
3.026974 0.112795
2.951736 0.3123502
3.939232 0.4008489
3.153717 0.1423257
3.085269 0.4931254
3.203155 0.2687778
3.137998 0.3767197
3.485717 0.4616949
2.892563 0.02072671
2.932825 0.497491
2.780045 0.379702
2.65395 0.3669435
2.387507 0.0962898
2.860311 0.3944698
2.368999 0.1911973
3.219693 0.4061395
2.950739 0.1551074
3.2727 0.1700554
3.305832 0.3694584
2.604691 0.4763393
2.796055 0.3394949
2.735558 0.4224461
2.998006 0.4221268
2.955154 0.4099597
3.681597 0.09001773
3.184594 0.22752
2.821979 0.04322684
3.310401 0.498939
2.794279 0.4405255
3.568036 0.432804
4.017386 0.1636778
3.24485 0.3014079
3.857787 0.3881559
3.722021 0.148234
3.630747 0.113057
3.521496 0.3516724
3.771903 0.1467676
3.373025 0.2463958
3.371395 0.387346
3.75389 0.2606823
3.073054 0.2192515
2.8082 0.4505726
3.377676 0.2958728
3.163724 0.391167
3.116804 0.3480607
2.750656 0.2255093
3.263638 0.3879378
3.206816 0.4527822
3.471063 0.2437358
2.927529 0.1619692
2.964208 0.391133
2.826021 0.294088
2.549048 0.3820292
2.509606 0.3156971
3.123499 0.1739171
3.097856 0.04689336
2.455896 0.2486322
2.719773 0.2628311
2.989283 0.3099158
2.773015 0.4144782
3.008379 0.3552058
3.066855 0.3087093
3.097354 0.1679284
3.595574 0.1767171
3.306905 0.3525186
3.303741 0.3917227
3.310498 0.05810736
2.962408 0.2401926
3.412982 0.3169002
3.675982 0.02564658
3.050354 0.378479
3.091203 0.2573726
3.021067 0.1039592
3.203903 0.2541882
2.780083 0.2239698
3.187738 0.02664752
2.935962 0.2665839
2.537545 0.2385157
2.711826 0.08604861
3.155244 0.1842117
2.849474 0.4489366
3.085893 0.06725865
3.07643 0.2637863
2.99738 0.1787517
2.703123 0.2606586
2.909423 0.1785222
2.982956 0.2304986
2.996199 0.2530292
2.874159 0.2705715
2.597322 0.4458255
3.270729 0.3327745
3.366511 0.1473534
3.120568 0.4579704
3.314429 0.4559659
2.984934 0.1996803
3.306371 0.09746636
2.926614 0.3801484
2.977157 0.4752242
3.046529 0.1206006
3.141131 0.1376619
3.575389 0.2853874
3.408757 0.357906
3.84192 0.2173837
3.200072 0.3428703
3.608398 0.4529437
3.430962 0.1320571
3.405548 0.3032701
3.414686 0.1564254
3.715105 0.4145728
3.672234 0.07268859
2.83961 0.2078728
2.967573 0.4585381
2.693816 0.3605068
3.067254 0.07734987
2.586183 0.346722
3.449245 0.3221754
3.176506 0.1711095
3.068613 0.4122522
4.161561 0.2010417
3.270825 0.3837463
3.562738 0.03680871
3.396472 0.1693663
2.680024 0.1164517
2.715203 0.4560158
2.343909 0.03684869
2.56949 0.1271451
2.666149 0.3441989
2.912777 0.2264367
2.75951 0.3678505
3.613319 0.4665016
3.411973 0.3056729
3.266264 0.3598379
3.109234 0.1858966
3.5 0.05737265
2.943233 0.1238333
2.669502 0.4914963
3.626724 0.2646482
2.702259 0.4662338
3.359928 0.3417383
4.16317 0.2483578
3.760408 0.1767064
3.096562 0.03316423
3.233473 0.2903395
3.854072 0.1427933
3.394915 0.3766593
3.231403 0.3765156
2.953517 0.2195112
3.101278 0.4943621
2.985627 0.4192951
3.053894 0.3658921
2.892125 0.4880232
3.076578 0.1073563
2.937186 0.1079348
2.587507 0.4722775
3.358575 0.3147072
2.732565 0.390227
2.759914 0.1080748
3.666417 0.3961139
2.614434 0.4142546
3.068149 0.101196
3.537299 0.4712778
3.033161 0.4845859
3.407004 0.3756525
2.947374 0.3758554
3.029251 0.4371377
2.849046 0.1733761
3.524344 0.3327725
3.11571 0.2047193
2.887338 0.3326906
3.236004 0.4849859
3.110209 0.3618801
3.289653 0.362458
2.894878 0.2666251
3.126986 0.1293639
3.170424 0.374929
2.969314 0.3355943
3.659599 0.1768606
3.147905 0.2865966
3.15572 0.1555284
3.486354 0.1709505
3.51938 0.1884724
3.445844 0.3122353
3.256153 0.2918789
4.418398 0.2207835
3.621668 0.3777589
3.42037 0.2888305
3.021947 0.299516
3.084157 0.2408085
3.238802 0.1040016
2.979542 0.4148317
2.887296 0.4313938
3.126565 0.2793723
3.094262 0.3917804
3.254153 0.3446472
2.870078 0.1839982
2.731419 0.1994354
2.960305 0.402423
2.987619 0.1189194
3.276348 0.1890785
2.999914 0.3311842
3.114229 0.2931964
3.377179 0.264546
3.773005 0.02532139
3.252202 0.3422846
3.840572 0.3606101
3.459148 0.4087424
3.73479 0.4511962
3.464907 0.476939
2.672897 0.225979
2.5879 0.3542962
2.838922 0.3418995
3.533677 0.3754435
3.071732 0.1138016
3.155081 0.298118
3.389339 0.03667657
3.592602 0.3193973
3.281978 0.4575094
3.166599 0.2044132
3.434164 0.1425205
3.33464 0.2098759
3.041071 0.2499059
3.325997 0.4105249
3.531833 0.235421
2.867574 0.2370374
2.951434 0.1155775
3.854192 0.1153883
2.753196 0.4576989
3.201305 0.3780458
3.125346 0.4997572
2.868471 0.4859912
3.013683 0.2543411
3.299233 0.1676594
2.693332 0.2677001
3.247223 0.4266732
2.898779 0.1704327
3.123545 0.09594469
3.334538 0.2417673
2.735661 0.1721635
3.40964 0.3970657
2.799345 0.3551465
3.761878 0.4607731
3.956666 0.2467992
3.363435 0.4632713
2.69862 0.04546219
2.570761 0.2117304
3.053106 0.3920625
2.687444 0.4567459
3.934402 0.329755
3.082582 0.02734024
3.671022 0.2011512
2.827513 0.2441582
3.102253 0.1522257
3.110625 0.3106023
3.730319 0.03747489
3.047264 0.2062242
3.320895 0.3813697
3.327322 0.3773835
3.140676 0.1998308
3.418332 0.2262087
3.593422 0.4781705
3.215375 0.1544426
3.523356 0.231578
3.237529 0.3607931
3.649526 0.3613419
3.618838 0.1213519
3.337081 0.4588804
3.18151 0.1819189
3.163272 0.4560512
3.119528 0.2455207
2.906457 0.4252485
2.850815 0.2622757
2.701859 0.2169845
2.720587 0.2852302
3.298547 0.3927673
3.023734 0.3794763
3.107463 0.06384317
3.137004 0.1185685
2.794965 0.4457996
2.817578 0.09811613
3.253382 0.2953489
3.345546 0.1631691
2.832342 0.2841112
2.705769 0.2965748
2.328537 0.4925832
3.035506 0.4170339
3.35609 0.2839983
3.351932 0.2644308
3.065372 0.4085987
3.378733 0.3294469
2.955471 0.399747
3.201365 0.314125
3.692122 0.04921512
3.669 0.2825406
3.081399 0.3639154
2.692151 0.3026562
3.023898 0.4152993
3.358717 0.4989259
2.598358 0.2550966
3.256551 0.1669835
3.165864 0.07661195
3.097868 0.2169227
2.992284 0.4865275
2.832734 0.2799688
3.338677 0.4686763
3.063831 0.2602426
3.656303 0.04850452
2.989455 0.09647316
2.807248 0.430843
2.845328 0.1114854
3.37378 0.49919
3.506996 0.4324522
3.620886 0.4333036
3.126296 0.2167052
4.60623 0.3099728
3.616164 0.1763124
3.141638 0.3617086
3.65997 0.4066235
3.27328 0.3723238
3.281049 0.1703109
2.863721 0.460575
3.111422 0.2451228
2.740791 0.4870172
3.123302 0.3849454
3.068624 0.2494619
3.005591 0.1580636
3.269117 0.1842509
4.01704 0.1037002
2.697261 0.07803413
2.930997 0.2297181
3.365607 0.2148527
3.662472 0.2307117
3.086252 0.3505219
3.027968 0.4454807
3.805782 0.1150164
3.524482 0.2423327
3.310483 0.106369
3.349102 0.08071408
4.547403 0.4347671
3.521775 0.09285216
3.107949 0.09958102
3.07897 0.3794158
3.478644 0.3376665
3.527906 0.2388876
3.258268 0.267937
2.723304 0.3358826
3.15799 0.3596751
4.338002 0.3899904
3.903162 0.4343503
2.990961 0.138897
3.675965 0.2425657
2.967163 0.1303437
3.039489 0.02700156
3.507542 0.4998256
3.378132 0.3813069
3.149467 0.3858975
3.197911 0.3462925
3.07323 0.1323849
2.942448 0.3800844
2.886154 0.4220164
3.597294 0.2652551
3.400473 0.3910846
3.251217 0.1133706
3.619675 0.1878803
3.191244 0.2549158
3.436904 0.1293266
3.266358 0.3814482
3.393633 0.1626136
4.026142 0.1851374
3.237064 0.1479543
3.39777 0.1673397
3.239954 0.2593765
2.902441 0.2766796
3.140807 0.3261048
2.692032 0.1326547
2.829776 0.4960771
3.306217 0.1530448
3.301688 0.321414
3.182416 0.315921
3.349622 0.3582198
3.298255 0.4404596
2.83207 0.4367713
2.712193 0.3560284
3.026647 0.1260246
2.813809 0.3830822
2.957422 0.1508942
3.446642 0.1935291
3.088776 0.4120505
3.24565 0.3617819
2.779422 0.2697524
3.985685 0.1593073
3.356128 0.4303377
3.101126 0.1392506
3.492847 0.3062909
3.670782 0.2677212
3.056431 0.1712015
3.650743 0.1973745
3.30813 0.1556338
3.432321 0.2633862
4.033967 0.1917961
3.963711 0.05065914
3.168076 0.3705639
3.373662 0.3279899
3.122814 0.2138979
3.081696 0.4225112
3.551127 0.1699703
4.077209 0.1474661
3.084146 0.383965
3.734521 0.2521372
3.774769 0.2906045
3.263259 0.1440348
3.190015 0.431557
2.997614 0.4455012
3.482837 0.4795771
2.747186 0.2733056
3.196788 0.2502587
3.400287 0.2760951
3.370032 0.1003118
4.386722 0.2140437
3.376854 0.09594601
3.257258 0.1373754
2.909795 0.2153863
3.18098 0.1585178
3.293578 0.2584255
2.830691 0.4819692
3.14286 0.4392229
2.903794 0.3949108
3.328908 0.3917694
2.966325 0.05868472
3.255124 0.1934975
3.099606 0.4049038
3.573625 0.1719813
2.961354 0.3722794
3.373457 0.4448473
3.692391 0.1893159
4.149168 0.2517881
3.441513 0.2966501
3.493293 0.2180947
3.145348 0.4664343
3.304216 0.4112495
3.184418 0.4024248
2.598308 0.06355936
2.850074 0.31484
2.861619 0.1581654
2.969186 0.3510157
4.116999 0.2470209
3.200719 0.3142852
2.48954 0.2698812
3.383091 0.2491464
3.03714 0.2710324
3.348769 0.4587672
3.055355 0.2537174
3.551213 0.148728
3.10518 0.3011079
2.996026 0.2489128
3.618444 0.3421213
3.397135 0.4981066
2.890613 0.4909247
2.723452 0.4839214
3.237532 0.3026856
3.157059 0.4579132
2.904629 0.2765429
3.035309 0.3017754
3.159302 0.3085129
3.124357 0.2005148
3.536485 0.3292086
3.20936 0.3366052
3.712246 0.4622358
3.352668 0.1031703
3.529962 0.2007321
3.620531 0.389575
3.480277 0.3307687
4.009759 0.3010567
3.467658 0.4530765
3.390575 0.2886528
3.381001 0.3617363
3.17456 0.1091892
3.158421 0.1504188
3.083146 0.08346622
3.095531 0.4427741
3.045886 0.3968769
2.841197 0.3615502
3.189221 0.3358883
3.053309 0.2222038
3.614014 0.2053824
2.981378 0.2935461
3.376096 0.3220126
3.273048 0.3155887
3.718425 0.4497102
3.217959 0.3705119
3.597831 0.2386384
3.343764 0.08678872
3.482138 0.46087
3.160072 0.2768521
3.368151 0.1340752
3.245218 0.188176
3.420506 0.2399755
3.76768 0.2535857
3.601095 0.3763435
3.03301 0.1054423
3.59428 0.4872526
3.616577 0.3885893
3.35673 0.4751869
3.21482 0.1825432
3.412091 0.3822364
3.636991 0.2157158
3.445597 0.4925073
3.128932 0.4448472
3.180729 0.4224624
3.314638 0.178214
2.880904 0.1332316
3.48891 0.06158678
3.201479 0.3968386
3.231556 0.3086597
2.253905 0.1777243
2.620571 0.4194883
2.911728 0.149922
3.301942 0.3617085
3.204054 0.4454752
2.910515 0.2657623
2.639988 0.3756601
4.123022 0.448186
3.646168 0.1025899
3.304527 0.3368023
3.083478 0.1961708
3.285875 0.2245965
2.547745 0.4506545
2.725879 0.4364083
2.808711 0.1283588
3.039574 0.298528
3.047341 0.1757585
2.944785 0.3512061
3.244778 0.05358411
4.546781 0.03500388
3.408066 0.3301389
3.723878 0.4429044
3.195864 0.4864094
2.950809 0.2662472
3.163175 0.2087813
3.58132 0.4445777
4.060916 0.2599679
3.430607 0.1077237
3.979068 0.4659364
3.204244 0.4310164
3.106623 0.4379529
3.230346 0.4356988
3.240581 0.2172922
2.932706 0.4712965
3.093776 0.4978941
3.093663 0.3798867
3.300196 0.3532245
3.077512 0.2659277
2.881096 0.2872345
2.843982 0.4117178
2.983844 0.2625111
3.182794 0.13832
2.992024 0.2458827
2.87386 0.2490636
2.275124 0.4164403
2.687136 0.2756138
2.978344 0.1402912
2.842938 0.4775076
3.50117 0.4442075
2.873037 0.2359418
3.320454 0.07916508
3.725356 0.1257499
3.134664 0.4246242
2.796947 0.1833733
3.018657 0.4736591
3.630803 0.1748815
3.358505 0.1723963
3.448337 0.2312055
2.799718 0.4074246
3.48363 0.259412
3.399538 0.3712978
3.3057 0.4917162
3.328106 0.1698396
3.086954 0.1117867
3.650404 0.4908426
2.750912 0.2437815
3.196055 0.180901
3.058816 0.05323143
3.551026 0.125007
3.709238 0.2947526
4.075927 0.17844
2.934953 0.4856406
3.1757 0.4036257
2.974653 0.1967534
3.604485 0.2104088
3.113865 0.1646059
3.116724 0.3208123
3.075254 0.1505537
2.972929 0.4962304
3.489679 0.259321
3.335434 0.4579562
2.882925 0.467724
3.076396 0.2218101
3.681773 0.2968936
3.461177 0.0296605
3.117042 0.2590319
3.334398 0.3500234
3.263721 0.4036655
3.1995 0.3115208
3.273094 0.4768846
3.497368 0.1253903
3.268456 0.3870715
3.431386 0.2403227
3.530004 0.2146536
2.853836 0.3634345
2.497453 0.4041694
3.211824 0.1471182
3.68184 0.1658313
3.087275 0.4678863
3.593738 0.4700763
3.338933 0.4523265
3.63212 0.3571108
3.281053 0.229461
3.71602 0.2496902
4.41363 0.2797595
3.484204 0.4061648
3.85063 0.2698819
3.106744 0.1615635
3.097583 0.211815
2.835971 0.07947435
3.10834 0.4146467
2.742878 0.04290269
2.810095 0.1442272
3.203657 0.3136188
3.067062 0.2439577
2.833676 0.298457
2.83522 0.1163978
3.356396 0.3321252
2.873117 0.3408523
2.919942 0.3775591
2.962788 0.1607735
2.987857 0.1805479
2.311431 0.4719505
2.722292 0.3002394
3.009302 0.3527067
3.029304 0.182037
2.88417 0.2725093
3.276383 0.2807955
3.108214 0.05155024
2.932916 0.4203067
2.83983 0.3356118
3.645073 0.1644175
3.506319 0.2785548
3.266889 0.4657395
2.913307 0.358061
3.163781 0.2821675
3.134787 0.325046
3.470383 0.1272059
2.963078 0.4138856
3.477839 0.1453274
2.943433 0.363782
3.751075 0.1601389
3.552813 0.3035867
3.099404 0.4318497
3.052995 0.3776625
2.929456 0.4665224
2.882114 0.1343822
2.703101 0.4180294
3.191062 0.3465428
3.261705 0.4307276
3.0063 0.2146869
2.988532 0.1318917
2.924384 0.3213824
3.622883 0.220157
4.654426 0.2581137
3.452234 0.4064277
3.81416 0.3832563
4.53415 0.3964844
3.440771 0.2256877
3.715866 0.3009953
3.0672 0.2909803
3.43422 0.378426
3.329711 0.4521063
2.969006 0.3708227
4.041963 0.2805058
3.189635 0.2504266
3.191329 0.1496784
2.795741 0.3635573
3.351439 0.4957924
2.858933 0.4932939
3.183536 0.2764108
3.489537 0.1905544
3.190467 0.444476
3.634088 0.3106492
3.113909 0.4042575
4.022439 0.326599
2.945283 0.2699994
2.915867 0.4510465
3.118775 0.2154148
3.335168 0.4535805
3.121903 0.03059429
3.241831 0.3242518
2.741413 0.487558
2.958258 0.2165257
3.282169 0.3096225
3.220872 0.4112959
2.82867 0.2915297
2.753992 0.4373849
3.103423 0.2014268
3.0161 0.05394678
3.314916 0.1580577
3.403023 0.2351354
3.11561 0.02815976
2.992872 0.3011872
3.091912 0.2544094
2.791897 0.2781743
3.202396 0.2877734
2.768126 0.3122837
3.356102 0.2814742
2.924601 0.2218409
2.754908 0.1264548
2.701038 0.3754354
2.914262 0.3894032
2.883894 0.218139
2.685301 0.1633092
2.786924 0.1536418
3.398099 0.3199297
3.482488 0.1278109
3.100031 0.3379795
3.06416 0.3454326
2.582865 0.1506883
3.697119 0.03415992
2.922454 0.3349644
3.339321 0.40309
3.513676 0.1984167
3.525483 0.3276912
3.62181 0.3127631
3.413253 0.4420048
4.262422 0.1171728
2.833968 0.3223975
3.520503 0.07214013
3.366783 0.3859208
3.135451 0.3817763
3.247457 0.1187126
3.039492 0.4709618
2.9143 0.2230232
3.014782 0.4320867
2.814663 0.3490437
2.624905 0.1307631
2.833187 0.1282392
3.091477 0.1334802
3.297367 0.4447249
3.155679 0.3410084
2.827411 0.388442
3.366214 0.2824237
3.462225 0.4877782
3.376242 0.374943
2.729804 0.3913467
2.880227 0.2424797
3.392805 0.3132678
3.095215 0.255602
3.55577 0.3355149
3.030812 0.4891437
3.326734 0.1741883
4.153637 0.1311856
3.261616 0.1402237
3.462667 0.3536358
4.279279 0.1577072
3.901582 0.04109256
3.753091 0.3933296
3.205687 0.2765556
3.37824 0.1902102
4.817228 0.1578586
3.031386 0.4502006
2.860386 0.4299793
3.435477 0.1965496
3.294919 0.4990598
4.288077 0.1252387
3.718954 0.4493851
3.019967 0.3104697
3.806965 0.2689655
2.786566 0.4293626
3.395493 0.2699526
3.701551 0.1264767
3.04853 0.1844711
3.033279 0.2127824
3.367813 0.4582869
3.225759 0.06676026
3.00273 0.2810195
3.566863 0.2740308
2.919094 0.413099
3.361906 0.1516997
3.023733 0.05179468
2.797387 0.2216088
3.231989 0.3029377
3.192233 0.2274208
3.00867 0.3523795
2.55834 0.4242835
3.474583 0.2362406
3.527505 0.4863689
2.499651 0.4402944
2.79651 0.3849611
3.15368 0.2006443
3.620271 0.2331157
3.652452 0.3482417
3.8825 0.2760097
3.368774 0.2959531
2.989361 0.3683657
3.040776 0.2144659
2.770071 0.4936111
3.012804 0.1123439
3.213893 0.2970153
2.528403 0.358783
2.850862 0.1263381
3.033774 0.103927
3.145057 0.3172213
3.300662 0.1028776
3.724389 0.4198813
3.064909 0.09633007
2.921269 0.2861058
3.398633 0.3246469
3.146571 0.3784501
3.149732 0.07005876
2.91871 0.4450963
2.530088 0.2058201
3.064961 0.1629006
2.868086 0.3544704
2.925867 0.4801789
3.352128 0.2631533
3.373191 0.1882353
3.680797 0.2858186
3.490735 0.4188988
4.107225 0.4993352
3.990594 0.4860936
3.668234 0.347279
3.810632 0.1808171
3.558938 0.1451588
3.504763 0.3400322
2.994426 0.3612513
3.201145 0.2800008
3.349525 0.1081943
3.134966 0.2480467
3.522665 0.1714071
3.664321 0.4829345
3.296462 0.1692898
3.396444 0.4652029
2.627005 0.1128157
2.647094 0.09119471
3.160772 0.3512512
2.791262 0.165027
3.337483 0.3030296
3.35756 0.2984476
3.446678 0.3214697
2.863213 0.1880869
3.566697 0.3757801
4.153099 0.2590334
3.141116 0.4510167
3.152237 0.3466644
2.924256 0.2078713
2.874792 0.4168455
2.941889 0.2977705
3.235433 0.1314878
3.587525 0.1287673
2.770866 0.1491956
3.134676 0.4162985
4.411528 0.2602397
4.103408 0.2033052
3.399762 0.1853503
4.004277 0.2626629
3.85643 0.3099007
3.512764 0.1813731
2.795343 0.1111902
3.038995 0.3757559
2.687758 0.2757142
3.213498 0.03567267
2.946409 0.3299799
3.792521 0.276541
4.018779 0.05806582
3.448987 0.3447032
3.832398 0.3540376
3.163693 0.4281808
2.554419 0.286929
2.939171 0.3890329
4.063208 0.2183966
3.543308 0.1402747
3.687842 0.285518
3.173603 0.2901511
3.580732 0.1920678
3.701001 0.4548433
3.308909 0.2604504
2.473466 0.219912
3.149924 0.2035505
3.13173 0.08555662
2.992891 0.2400811
3.442907 0.05340893
3.021136 0.4055662
2.906603 0.1796686
3.035639 0.1313606
2.934421 0.02259235
3.268756 0.1718458
2.934976 0.4431978
3.03371 0.02681445
3.255689 0.4914777
2.707123 0.02167513
3.057045 0.3247401
3.093456 0.186127
3.378241 0.1335357
3.103177 0.2892585
3.4459 0.1679339
3.235031 0.4091284
3.181118 0.25593
3.257509 0.4255678
3.495724 0.2091425
3.356762 0.2645891
3.305847 0.161593
2.959492 0.4358071
3.408689 0.4172878
3.582826 0.1641938
2.700263 0.3300558
3.092043 0.4674667
3.147786 0.05460345
3.182099 0.4358951
2.726217 0.2601942
3.143318 0.11415
3.129246 0.4319945
3.591412 0.3095234
2.967713 0.2638185
2.97618 0.2442398
2.888318 0.2917769
3.281068 0.3212264
3.404623 0.07099511
3.1242 0.3223477
2.627468 0.4712807
3.248661 0.06538371
3.554218 0.3446826
3.076343 0.2605531
2.402426 0.2094066
3.684295 0.04602726
2.839303 0.2915943
3.350258 0.2392601
3.182691 0.2378254
3.327116 0.2125046
3.366127 0.2880719
3.105058 0.4771194
2.963995 0.07890672
2.855106 0.4352512
2.619358 0.30289
3.55494 0.4499705
3.111139 0.1780098
2.997792 0.40007
3.414148 0.4298897
3.251851 0.2850834
3.30729 0.4962107
3.67933 0.4051752
3.251649 0.3250663
3.21927 0.4225342
3.808351 0.05708677
2.986995 0.1427943
3.008056 0.3171008
3.395209 0.4355246
3.35222 0.3010375
3.586754 0.1954387
3.572499 0.1832424
3.122944 0.3816299
3.000472 0.3659552
2.763205 0.4323454
2.854287 0.2078174
3.689374 0.4331624
3.218875 0.4000384
2.795615 0.4115777
3.080351 0.2572615
3.328843 0.2973421
3.212563 0.2915443
3.223655 0.306565
3.336001 0.2089514
3.500594 0.4599458
3.868191 0.3968782
4.23672 0.1729637
4.611933 0.1282226
3.158167 0.05439578
3.199156 0.1370684
3.128857 0.1241237
3.232168 0.2658219
3.096054 0.4012621
2.489604 0.2460805
2.994098 0.1028403
3.220491 0.2691952
3.478009 0.3975118
2.858092 0.2926278
3.826752 0.4308655
2.706069 0.3044028
3.095666 0.04825613
3.768244 0.07014686
3.462173 0.4825989
4.185553 0.3464829
3.036419 0.4189675
3.679957 0.3449417
2.760305 0.3383404
2.554972 0.3677468
2.659751 0.2369017
3.24245 0.3151883
2.731355 0.4278163
2.999034 0.4788816
3.68767 0.4581069
3.484988 0.3232991
3.829962 0.351549
3.420987 0.1121972
3.691549 0.2105588
3.841079 0.4629029
3.959206 0.1605676
3.548092 0.3587546
2.879686 0.4178283
2.724056 0.2585111
3.714014 0.4659835
4.009141 0.2182301
3.727712 0.1697244
3.766759 0.4525794
3.199321 0.198953
4.039 0.3433407
4.204604 0.4012225
3.486845 0.4002214
4.162956 0.1643501
4.54396 0.2097391
3.432483 0.4927121
3.665519 0.2752563
2.977381 0.2371654
3.93127 0.08098276
4.045759 0.1970405
3.676709 0.464645
4.346917 0.4240719
3.779956 0.2297529
3.991642 0.4913775
3.430594 0.2613491
3.653911 0.4627381
3.501832 0.2389313
3.910503 0.2272646
3.257151 0.4982986
3.455263 0.2035466
3.93252 0.4294938
3.296479 0.3206155
3.511678 0.4929516
3.1014 0.4432517
3.463069 0.1853732
3.371484 0.3399157
3.131683 0.249123
3.422354 0.2094678
3.543669 0.2056016
3.417299 0.3023501
3.12779 0.2912885
3.06441 0.1951201
3.141809 0.3197893
3.235641 0.1092771
3.695391 0.1463901
4.034738 0.1503224
2.900906 0.2934566
3.234602 0.4139044
2.736192 0.1891694
2.517665 0.1261446
3.195187 0.2515844
4.195699 0.3610487
3.412763 0.4841561
3.474914 0.2684094
3.062081 0.1908039
2.962938 0.1462346
3.051044 0.3536694
3.909964 0.3694836
3.011236 0.4471305
3.373689 0.1099952
3.02861 0.2951082
3.186002 0.1853363
2.90505 0.1802834
2.976979 0.3073126
2.405831 0.3404596
3.118513 0.207303
3.31248 0.2510846
2.903512 0.2782846
2.9679 0.3776208
2.797666 0.439616
3.266396 0.2282739
3.553119 0.3916459
3.203367 0.3796488
3.000133 0.2383705
3.444482 0.30932
2.820921 0.2188649
3.095679 0.07959688
2.658798 0.3981097
3.318584 0.24763
2.748654 0.4672109
3.095728 0.15038
3.297787 0.1560037
2.81008 0.4574153
2.825121 0.2502282
3.389368 0.07742211
4.060889 0.1918117
3.108537 0.4385025
3.306795 0.1756925
3.462993 0.3185667
2.802 0.1116486
3.301824 0.4007022
3.38077 0.4364369
2.758305 0.4391311
3.11441 0.06938055
3.055215 0.370367
3.769183 0.3110084
2.575734 0.4980542
3.69422 0.380453
3.283908 0.2897621
3.549334 0.4087822
3.164208 0.2131062
2.804448 0.2462768
2.786097 0.1832558
2.809134 0.4399556
3.24248 0.03534238
3.731132 0.08485796
2.710989 0.2879484
2.626361 0.3068744
2.472182 0.4019305
2.531481 0.08961175
2.295918 0.4153062
2.400135 0.4108291
2.511982 0.3956261
2.733731 0.2325228
3.467035 0.2777901
2.69578 0.2831141
2.857736 0.204773
3.379543 0.3706938
3.25396 0.1584139
3.333217 0.06816553
3.272803 0.3079649
3.638609 0.3409012
3.704917 0.3048152
2.977805 0.2530708
2.891095 0.4388677
3.117805 0.3754952
3.066562 0.1512898
3.347543 0.2390971
3.221345 0.0828875
3.476169 0.4063238
3.453573 0.4317034
3.411845 0.1689004
3.724855 0.2999671
3.076744 0.1448593
2.929827 0.3755718
3.038695 0.2988016
3.160191 0.03231136
3.676474 0.4281802
3.577157 0.04031421
3.527594 0.3027877
2.932495 0.2476179
3.035208 0.3261568
3.258868 0.2021899
2.617979 0.3683496
3.720949 0.4682429
2.989721 0.1592287
3.110558 0.3520981
3.202784 0.3317918
3.24127 0.2680234
2.781357 0.1005087
2.846871 0.3070245
3.184946 0.4851209
3.629873 0.1402571
2.900463 0.2417534
3.135445 0.3499523
2.567562 0.3882578
3.085874 0.4768244
3.058863 0.4366259
3.226476 0.2979256
3.685065 0.1344296
2.927655 0.2004354
3.669534 0.3493199
3.518563 0.2743999
4.02719 0.4703531
3.850485 0.1554242
3.214136 0.2797645
3.972741 0.1735581
4.189562 0.3652573
4.987258 0.2065255
3.092703 0.09845106
3.675456 0.1202327
3.321232 0.1312282
3.050079 0.4239
2.812715 0.4248096
3.307668 0.4980726
3.328184 0.4012885
2.686352 0.2261614
3.104798 0.1052849
3.872465 0.06921385
3.640522 0.3032168
3.198888 0.1098276
3.352872 0.08123564
2.682905 0.4723447
3.23484 0.3812192
2.715292 0.3253202
2.969379 0.225149
3.000473 0.2842017
3.406951 0.09294771
3.768899 0.3468885
3.198729 0.1117177
3.016168 0.3773492
3.460312 0.2552176
2.929646 0.04244446
3.255828 0.08878755
3.183802 0.3731865
2.962027 0.4626622
3.011284 0.2587187
2.789502 0.4783871
3.274098 0.2365319
3.571477 0.2707358
3.03816 0.2982674
2.952904 0.4113166
3.110761 0.1208125
3.537513 0.05471194
3.154902 0.129184
3.009948 0.2610721
3.494044 0.3543396
3.739317 0.456485
3.842709 0.3833403
3.039016 0.277459
3.841563 0.2940902
3.278001 0.2348138
3.599694 0.257085
2.906175 0.05387348
3.504412 0.1605545
3.094717 0.08174455
2.763297 0.3294856
3.341721 0.1060792
3.540181 0.4217169
2.909295 0.2149915
3.885778 0.3954509
3.228816 0.2174281
2.918162 0.4699143
2.918815 0.3884427
3.282665 0.08601413
2.925513 0.1235282
3.007579 0.2395338
3.297096 0.17958
3.658827 0.3367716
3.293086 0.3673561
3.563761 0.1933318
3.102964 0.2005951
3.64927 0.392192
3.433261 0.3518658
4.251999 0.2398355
3.745997 0.3727562
3.787231 0.1244463
3.343466 0.3293906
4.506447 0.2644863
4.269377 0.3185207
3.170359 0.4002905
2.911565 0.3713918
2.676599 0.1880839
2.803243 0.1560145
2.96253 0.2559853
3.341458 0.1008326
3.93196 0.4076214
2.75331 0.1202609
3.055816 0.4991113
3.170063 0.1131986
3.567719 0.3876858
3.293653 0.2934803
2.833993 0.2281447
3.33159 0.4967559
3.096592 0.291193
3.128158 0.1231838
2.912188 0.3102617
2.299763 0.4874775
2.488484 0.1682171
2.872132 0.4016144
3.432041 0.3313689
3.441377 0.110766
3.482791 0.1723539
3.815476 0.1820689
3.428931 0.3337291
4.197831 0.03873147
3.535995 0.2722477
3.657252 0.2304435
3.773678 0.270257
3.764482 0.0856732
3.172602 0.2889467
3.302363 0.4299572
3.628756 0.1408448
4.187793 0.1952742
3.592835 0.1255751
3.291504 0.06118896
3.876457 0.04416208
3.656796 0.3840959
3.837851 0.3913843
3.636693 0.4316889
3.407215 0.1950276
2.857313 0.4131019
3.161587 0.4055043
3.059784 0.1314403
3.413322 0.3448868
2.91212 0.1084085
3.293978 0.3464193
3.162735 0.1879132
2.948768 0.3810236
3.474658 0.3495106
2.893682 0.3670002
3.358448 0.3547265
3.691128 0.4111531
3.072 0.4076127
2.940004 0.3627361
4.174407 0.352737
3.664023 0.4951636
3.912589 0.2158622
3.538331 0.4273355
3.214413 0.2439118
4.518257 0.2630387
4.971124 0.1251527
3.918109 0.05397256
4.108543 0.3077976
3.701041 0.3312845
4.474094 0.2712177
4.030462 0.3929575
3.345225 0.1191763
4.4636 0.1989244
3.543404 0.3252865
3.43954 0.2660833
2.969384 0.3313029
2.98664 0.1346398
3.253271 0.3492852
3.754441 0.4819491
3.769003 0.3360276
3.350828 0.4379849
4.523405 0.1321022
3.429035 0.1213279
3.413252 0.3846093
2.961746 0.1912714
3.866517 0.2100724
3.453983 0.4779113
3.797831 0.1475508
3.933552 0.1274522
3.556343 0.173123
3.739701 0.2342496
3.176884 0.2412816
3.955653 0.3876971
4.765858 0.4026874
4.198938 0.3046713
3.067312 0.2971838
2.986067 0.455435
3.210065 0.3997153
3.51412 0.2366954
3.159399 0.3722139
4.069297 0.3946085
2.779171 0.1539387
2.949433 0.07751195
2.865467 0.4741792
2.799653 0.3458548
2.987384 0.4558855
3.087091 0.3173113
3.09684 0.3341743
2.92985 0.3660435
4.274628 0.3810694
3.072525 0.1314692
3.142912 0.4660027
3.361042 0.4990436
3.212102 0.180541
3.002985 0.1109079
3.399477 0.4299522
3.012341 0.32332
3.920619 0.04701435
3.644258 0.413599
3.782046 0.4109625
3.947237 0.466911
3.22934 0.05073292
3.471209 0.02301222
2.813299 0.1685474
2.644219 0.4636974
2.59789 0.2484388
2.573053 0.354857
2.625174 0.09416915
2.712776 0.3723399
2.969407 0.3693067
2.665632 0.1164506
2.704468 0.3252781
3.345034 0.4631148
3.411975 0.1125465
3.577224 0.3133262
3.085936 0.4372145
3.109063 0.2261467
2.829186 0.2060441
2.88957 0.4672575
3.035571 0.4540682
2.622931 0.4591278
2.70971 0.4811648
3.442439 0.2656944
2.911525 0.1236232
3.600095 0.283357
4.017592 0.2223339
3.752081 0.3390186
4.113502 0.261207
3.982415 0.2040377
3.582972 0.1633515
3.176537 0.2341906
2.775669 0.4389184
3.149913 0.2372507
3.073028 0.2428878
2.726095 0.3412493
3.172076 0.4253244
3.271274 0.1047748
3.560483 0.1803144
3.182417 0.2401188
2.756072 0.4492812
3.300841 0.295485
3.737355 0.2048661
3.668335 0.4968874
3.2041 0.4630328
2.821131 0.1813083
3.170569 0.2144229
3.05442 0.2524358
3.207496 0.4580237
2.934717 0.1874232
3.457009 0.3710842
3.318386 0.4510952
3.288458 0.257343
3.678227 0.4791086
2.982107 0.422343
3.629725 0.4029749
3.251326 0.3599906
3.775662 0.4506359
3.000501 0.4431152
3.129412 0.1170713
3.053451 0.1552553
3.309026 0.1045986
3.80013 0.3659254
3.524064 0.432588
4.587702 0.3656786
3.396218 0.05704318
2.854045 0.1989955
3.342339 0.4209083
2.902065 0.4075754
3.918139 0.2655561
2.986765 0.1924636
3.516369 0.2518191
3.013117 0.1572843
3.251641 0.3628032
3.083234 0.2323602
3.797759 0.2858884
3.504701 0.04973565
3.765887 0.462115
4.129556 0.4014872
3.90387 0.4106222
3.632004 0.3505696
3.937311 0.1806721
3.608827 0.1390047
3.444734 0.2137642
3.447621 0.2705646
2.942137 0.08397095
3.330073 0.2016169
2.905537 0.4430462
3.640781 0.4589732
3.677277 0.4050235
3.059122 0.3479741
3.51664 0.1828181
3.351995 0.2280256
3.150527 0.2174827
2.582672 0.4755408
2.513767 0.4507889
2.642252 0.4156062
2.367629 0.2594662
3.1727 0.3906248
2.865924 0.456674
3.378503 0.1769958
3.477367 0.4283623
2.861338 0.2075218
3.350834 0.3580324
3.863473 0.1182081
3.316155 0.1586577
3.245626 0.3173141
3.613356 0.2669599
2.904865 0.4068274
3.736455 0.2155199
2.838066 0.04858176
2.975795 0.02361816
3.341694 0.2805136
3.056272 0.4685345
3.547443 0.2339613
3.21918 0.09212448
2.899752 0.0828719
3.823736 0.3319598
3.947883 0.3323108
4.894589 0.3451145
3.547695 0.05862975
4.014409 0.4829382
4.311743 0.4585028
3.50119 0.3636775
2.717196 0.3363137
3.353198 0.2719713
3.287053 0.4132381
3.257544 0.3278536
2.67858 0.4186166
3.291856 0.4309368
3.131902 0.4641544
3.642442 0.3135183
3.999455 0.3162885
3.508892 0.4831549
4.308473 0.21419
3.622284 0.1281484
3.814636 0.1214549
3.588263 0.3301387
3.648997 0.288628
3.867387 0.2594519
3.630977 0.0252036
3.187974 0.2555472
3.39438 0.3596313
2.973018 0.1089344
2.818805 0.1807641
2.491755 0.1949843
3.226357 0.07001119
3.821715 0.08141447
4.086366 0.3438287
3.853144 0.1183
3.382704 0.3296989
4.179742 0.2352525
3.784351 0.3938812
3.529289 0.2829502
3.54713 0.4759349
3.09447 0.491188
3.413709 0.04746001
3.794862 0.1447634
3.415785 0.04715727
3.740536 0.08376962
3.533833 0.3973519
2.642669 0.4048995
2.830857 0.06235148
3.303417 0.3118514
2.917415 0.3973801
3.139962 0.04530491
2.890064 0.1186934
2.989126 0.4139818
3.655688 0.4259241
3.055 0.443487
3.370892 0.3805487
3.748437 0.3344793
3.173906 0.2693145
3.458616 0.1575276
2.981179 0.2260649
3.273377 0.2390023
3.07749 0.388428
3.360159 0.458898
3.186525 0.2056395
3.62061 0.3090108
4.450292 0.4011269
3.53463 0.3048899
3.308342 0.1771152
3.740594 0.04602963
2.908153 0.2526746
2.960656 0.4603347
2.740059 0.2987476
2.648658 0.04028525
3.23301 0.369036
3.241382 0.3064826
3.336336 0.2532661
3.459448 0.3268706
4.510938 0.2398365
3.335528 0.3658025
3.757372 0.3434373
3.061997 0.04230905
3.008072 0.2798685
3.196585 0.4177272
4.277664 0.4382298
3.300101 0.3884412
4.012334 0.2105352
2.693343 0.2959552
2.89377 0.1444748
3.179574 0.3504045
3.026831 0.3429687
3.891084 0.3351024
4.012163 0.133222
4.474058 0.2811564
3.381007 0.382541
3.853455 0.4722263
3.79824 0.2035205
4.35766 0.4017105
3.620791 0.08094604
3.493885 0.02954989
4.850725 0.2224498
4.973059 0.357177
3.687393 0.1812256
3.871359 0.05487088
3.30322 0.1770338
3.274779 0.3942311
3.454024 0.1569659
4.258315 0.446178
3.998155 0.233168
3.287743 0.2911963
4.204893 0.3170368
3.522127 0.3092285
3.700168 0.1679987
2.925304 0.04212667
3.395352 0.1128065
3.707729 0.287932
3.515923 0.4738829
3.785054 0.09902914
3.562119 0.06745475
4.128118 0.04845981
3.254533 0.2229463
2.837741 0.4696443
3.242861 0.2554124
3.690016 0.4278418
4.581351 0.3656344
4.295424 0.1564368
3.329901 0.1328078
3.180452 0.3343744
3.250873 0.3229338
3.910394 0.1253729
3.953009 0.307503
3.221897 0.4137053
3.791252 0.3614029
4.100948 0.3041715
4.004009 0.3733042
3.334957 0.142657
3.428969 0.4042387
3.446408 0.4472796
3.534541 0.3716396
3.849804 0.2362024
3.224616 0.1296092
3.952539 0.1707514
3.609271 0.2090943
3.977495 0.1308242
5.216934 0.2904147
3.82092 0.3091183
3.611462 0.3535126
3.615826 0.3663829
2.95815 0.2746099
4.128573 0.4497204
2.977833 0.3768662
2.795479 0.2372514
3.132722 0.170831
3.88641 0.07035257
3.798772 0.266413
3.594749 0.2253815
3.520064 0.4669307
3.200666 0.1420086
3.492644 0.4469772
3.712736 0.2208291
3.625712 0.3174584
2.965489 0.4629413
3.527326 0.3411063
3.308293 0.2573707
3.734795 0.335094
4.053587 0.184419
3.400559 0.3433687
3.041636 0.2965139
3.003764 0.407054
2.810227 0.316866
2.628159 0.1080553
3.119505 0.2862738
2.941331 0.2233542
3.038899 0.1965295
2.997687 0.4699735
2.771172 0.3926934
2.690928 0.4797537
3.239437 0.07048515
3.761392 0.2716935
3.535144 0.1873967
3.854501 0.3467261
4.08959 0.463535
3.456161 0.3534739
3.677285 0.03639395
2.979347 0.3192829
3.00013 0.2879869
3.755717 0.4178688
3.077085 0.2001041
3.222009 0.4626301
3.358603 0.2934049
3.31359 0.2816318
3.395629 0.1798173
3.054769 0.2553485
3.054278 0.2360207
3.913254 0.28164
4.611521 0.1564737
3.660621 0.3728703
3.537729 0.1912732
3.816719 0.142954
4.342859 0.2116828
4.255533 0.4210914
4.519472 0.4006112
4.232393 0.4106836
3.446052 0.2602404
3.481237 0.2456365
3.268185 0.3395931
3.575745 0.2743893
3.799696 0.1780572
3.625002 0.3238455
2.840213 0.3205038
4.011099 0.1176547
3.107135 0.168646
3.366453 0.09578572
3.571434 0.1134337
3.636145 0.4055428
2.593777 0.4598931
3.359968 0.2150117
2.935397 0.1882308
2.840694 0.3673078
3.110865 0.2663308
3.468608 0.2911317
2.958522 0.05631536
3.595455 0.1430513
3.11004 0.2949442
3.083359 0.2723714
2.57118 0.3076308
2.84694 0.2395103
2.583217 0.07585625
3.038286 0.4379264
2.593379 0.09240387
2.660674 0.1441607
3.436065 0.404479
3.262158 0.2893636
4.071614 0.1455364
3.166501 0.3008464
2.54919 0.4724366
3.037347 0.3665911
3.74854 0.3887083
3.559828 0.2812818
2.933142 0.1887074
3.155963 0.1877372
2.83457 0.358108
3.24146 0.2793968
3.827393 0.2041686
4.424829 0.06605338
3.13544 0.3794073
2.728569 0.3989925
3.522484 0.3654415
3.044951 0.37839
3.493446 0.1834302
3.35116 0.1607024
3.369851 0.2754731
3.363389 0.2710902
4.297148 0.4740125
3.488139 0.407549
3.913579 0.3215971
3.213235 0.3377928
3.21618 0.3189907
2.647201 0.1331286
2.889022 0.4224771
3.278091 0.2094063
2.802015 0.4692833
3.131635 0.4067633
3.163716 0.3233178
3.395901 0.4885532
3.099165 0.1670656
3.102927 0.170691
3.543327 0.1141798
3.52369 0.426733
3.107712 0.4813318
3.716503 0.3505232
2.99531 0.3106007
3.004004 0.2390138
2.703541 0.327716
2.49561 0.0843118
2.726208 0.04459313
3.013349 0.2268345
3.394797 0.2531244
3.798775 0.1427405
3.325476 0.1435679
3.718596 0.3253233
3.343785 0.4869655
3.622426 0.2392698
3.405125 0.08070822
3.322482 0.4256216
2.925856 0.3886477
2.834826 0.4112642
2.737871 0.2828353
2.97643 0.1681823
2.940658 0.08956086
2.844677 0.3678187
3.065163 0.4884549
2.985641 0.4532836
2.97463 0.3959422
3.251563 0.4136599
3.292456 0.1389959
3.56378 0.10922
2.80036 0.09247388
3.343091 0.2335335
2.759399 0.4923699
3.044408 0.2353256
3.341458 0.250702
2.64764 0.2405449
2.712941 0.4321601
3.117059 0.3428458
3.382696 0.4737436
2.853126 0.3140954
2.939645 0.4169643
3.491921 0.4276348
3.435971 0.4910445
3.412943 0.03168269
3.04827 0.3850587
2.786464 0.1667793
3.567942 0.3453471
3.664672 0.3504047
3.765201 0.1246005
3.62796 0.2928822
3.595271 0.1379949
3.550389 0.08022353
3.163445 0.3523556
2.885422 0.1351075
2.54677 0.3596283
2.819296 0.3307158
2.721312 0.362099
3.011153 0.3810097
3.124528 0.4169814
2.420578 0.3632539
2.948858 0.2958714
3.093655 0.04288115
2.74678 0.04799437
3.252581 0.1286266
3.261874 0.4689936
3.435159 0.3661447
2.940119 0.3385106
3.016153 0.2529066
2.475507 0.2608891
2.942493 0.4376812
2.705471 0.08566269
2.687327 0.22816
3.272889 0.04504993
3.323309 0.3637744
3.578441 0.1616425
3.020113 0.4808693
3.256948 0.1579547
3.335967 0.2429005
3.765042 0.3254038
2.944901 0.241675
3.110326 0.3039262
3.063081 0.3419874
4.180022 0.05716649
3.069666 0.3906596
2.977613 0.4084592
2.977606 0.4704179
3.269874 0.1919311
4.259384 0.04996747
4.392883 0.2751645
4.010344 0.2481111
4.483848 0.3214414
3.315008 0.2841523
3.350068 0.4677795
3.266463 0.3629475
3.418737 0.2934893
2.768432 0.443471
4.020014 0.08945466
3.497907 0.4088362
4.694486 0.248042
3.184928 0.2409482
3.581968 0.05895986
3.457155 0.1405526
3.38249 0.09400199
2.725685 0.2709159
3.023453 0.3474667
2.957598 0.4817644
2.599648 0.1761773
3.129124 0.4212976
3.237472 0.1884948
2.78673 0.4615454
3.012912 0.2384882
3.043427 0.1518679
3.180567 0.2189951
2.708669 0.3159905
3.134693 0.4829393
2.888127 0.1423095
2.612835 0.4985603
2.831902 0.3299373
3.073019 0.2706648
2.930342 0.3643122
2.998371 0.1874845
2.782145 0.3217686
3.337159 0.3922851
3.64708 0.4939665
2.646115 0.103861
2.946299 0.4326065
2.872624 0.3934424
2.693422 0.2217641
3.013977 0.2967775
3.045535 0.3059778
3.123718 0.3547772
3.430808 0.1616769
3.29017 0.3940262
3.131922 0.2050172
3.185965 0.1697001
2.863061 0.2475489
3.61717 0.222558
3.601783 0.3436649
3.276834 0.05997365
4.152974 0.1586419
4.590951 0.1999737
2.846894 0.2198321
3.283717 0.4776658
3.838298 0.2933136
3.855797 0.3184083
4.311745 0.3145629
4.388607 0.2845338
3.456284 0.3873615
3.084476 0.4340852
3.782959 0.4193055
3.128925 0.3925417
2.987428 0.1027086
3.81857 0.2936674
2.937426 0.4095026
3.349554 0.1412465
2.986702 0.1034399
3.082714 0.1583572
2.72184 0.05836157
2.70299 0.2573553
2.858719 0.3206072
2.406033 0.130292
3.167329 0.3155132
3.338162 0.2979215
2.677405 0.4259723
2.78033 0.2707777
2.949258 0.4088823
3.883798 0.4614593
2.937548 0.1035692
2.824085 0.4256558
3.98896 0.2275099
3.078317 0.2902704
3.673727 0.4158154
3.098647 0.2468582
3.46258 0.1602824
3.254697 0.4775082
2.922753 0.3849298
3.02892 0.2236906
3.194387 0.4848317
3.547809 0.2826463
3.467109 0.1543591
3.015943 0.3347346
2.989514 0.4293578
2.902587 0.3896049
3.08867 0.2038165
2.975663 0.4177042
3.029976 0.1951412
2.817905 0.3169927
3.342944 0.4125034
3.230343 0.495647
3.495414 0.4730735
3.163411 0.2466154
3.097181 0.0525525
3.230177 0.2003579
3.172311 0.09502288
3.393817 0.3899567
3.668663 0.4230233
3.311014 0.197807
3.297678 0.4799336
3.584399 0.3029029
3.88253 0.3245375
2.835992 0.2992772
3.266216 0.2452422
2.668348 0.2643638
2.942001 0.1054595
2.877907 0.3023417
2.415475 0.2575997
2.319856 0.1365038
2.395187 0.02931856
3.479791 0.04173748
3.166427 0.3083989
2.965064 0.3217759
3.17814 0.06564647
3.109081 0.257027
3.65043 0.2011271
2.824759 0.3223644
2.541771 0.3266505
2.927479 0.4471655
3.292673 0.1582199
3.627518 0.148673
3.09739 0.3694675
3.711216 0.2774154
3.532226 0.3529807
3.178468 0.3310232
3.030239 0.385376
3.499861 0.4962438
3.220855 0.33839
3.489552 0.4298498
4.246946 0.2473578
3.168044 0.2940369
4.170793 0.2898247
3.590206 0.2918048
3.602331 0.2953542
3.477811 0.1104742
3.131339 0.2828567
3.101712 0.467678
3.715027 0.2175969
3.571211 0.1612573
3.569078 0.08748577
3.175301 0.2021504
3.663347 0.3307853
3.109241 0.1654236
2.986239 0.2176072
2.766023 0.4395342
3.483737 0.1548514
3.509155 0.3114268
3.27285 0.2591994
3.168199 0.482083
3.482386 0.2787465
3.544656 0.09429648
3.84881 0.268287
2.939079 0.3843617
2.751908 0.1342999
3.220551 0.1290671
2.960781 0.3868814
2.631703 0.159956
2.701674 0.4106493
3.020844 0.2071918
3.168258 0.03404567
3.348238 0.3237383
3.24595 0.4422368
3.112031 0.3258513
3.559712 0.1547517
3.181809 0.4999226
2.987083 0.4236497
2.774626 0.1020918
3.804124 0.2106901
3.636401 0.1791175
3.241217 0.2705584
3.314357 0.1252384
3.312707 0.2813157
3.744574 0.4085307
3.474927 0.3925669
3.165133 0.2030568
3.153504 0.3902906
3.145335 0.1158668
3.527436 0.3526666
3.242374 0.1854441
3.587069 0.08379305
3.761503 0.08060838
3.021392 0.04371555
4.242907 0.4521865
2.895188 0.3684844
3.469526 0.2389961
2.845979 0.4284415
3.933804 0.1067366
3.443682 0.3749753
3.173671 0.2540236
3.571214 0.256939
2.699193 0.1486281
3.98621 0.3985742
3.469131 0.4710846
3.45225 0.2758492
3.40021 0.4632893
3.246072 0.3339185
3.112902 0.2665825
2.997577 0.3580715
3.083514 0.3680512
3.706316 0.251694
3.476862 0.3517676
4.034008 0.1310417
3.872619 0.1637236
4.570718 0.2222888
3.538643 0.1592966
3.640864 0.2622006
3.124964 0.4141936
3.589069 0.04504915
3.699465 0.284268
3.3713 0.3972872
3.61974 0.08594704
3.436974 0.2131844
4.935087 0.441334
4.491069 0.1125839
2.863877 0.4265411
3.213553 0.274747
3.392695 0.1484223
3.446447 0.1040416
3.339136 0.4056631
3.265075 0.3109328
3.087384 0.3263311
2.722123 0.4119414
2.841978 0.3945206
3.348168 0.3690357
3.171587 0.2133363
3.503056 0.08943697
2.970573 0.4742488
3.701284 0.4217464
3.703263 0.2323863
3.251481 0.247463
3.149243 0.1695009
3.614592 0.1301426
3.235883 0.261033
3.50679 0.2600178
3.025629 0.3213883
3.026045 0.314511
3.176898 0.2517123
2.980436 0.1812087
3.142474 0.1411278
2.990107 0.03456679
3.040307 0.1628354
3.088127 0.334795
2.784337 0.2688463
2.794071 0.1618219
3.193527 0.3080692
3.386072 0.2404055
3.338671 0.09899662
3.018768 0.2418643
3.064174 0.2211303
3.313831 0.091215
2.87568 0.2960931
3.146786 0.4544354
2.806743 0.2054503
3.39868 0.1410192
4.383211 0.1302108
3.433455 0.3079745
3.746569 0.3597224
3.029967 0.1765213
3.049672 0.2631806
3.718888 0.3723058
3.770762 0.2481087
3.57002 0.1536516
4.385758 0.1480057
3.473185 0.06883885
3.547088 0.299994
3.508758 0.1963312
3.557671 0.3924459
2.920049 0.4946622
2.912261 0.2112063
3.00012 0.1706237
3.251396 0.3323669
2.639211 0.301638
2.983828 0.4961907
2.91928 0.1732719
3.060897 0.3772772
3.500872 0.2740448
2.855167 0.4613474
4.01989 0.169671
3.516637 0.2123588
3.305125 0.448931
3.362718 0.2744671
3.367561 0.423369
3.319701 0.3576866
3.200875 0.4696624
3.873705 0.4122623
3.513628 0.1028111
3.101908 0.270955
3.037783 0.2635999
3.287039 0.4298931
3.304675 0.2496173
2.493611 0.380119
3.51672 0.1286251
2.92147 0.3593933
3.467258 0.3313861
3.803949 0.4240079
3.486223 0.2778282
2.900295 0.2100549
3.27016 0.2629079
2.975016 0.311874
3.249604 0.4307334
2.763579 0.1176049
2.969672 0.4942372
3.166956 0.4796363
3.04262 0.4836882
2.99568 0.212689
3.797866 0.03853777
3.004415 0.04151216
3.611384 0.2290217
2.987529 0.4865641
3.374896 0.3270803
3.038233 0.444245
3.42974 0.4299091
3.503902 0.2288763
3.128649 0.2280374
2.710998 0.3070416
2.800006 0.1728178
2.749551 0.3409609
3.864952 0.03404999
2.757545 0.1841609
3.362023 0.1436518
3.248206 0.4651209
3.803122 0.3433655
3.929914 0.2883824
3.318194 0.2096042
3.187031 0.1799271
3.19162 0.2870883
2.873124 0.4423905
3.320807 0.2939839
3.13754 0.2891981
