"Delta_1" "Delta_2"
0.9763907 -5.427514
0.992497 -5.422516
0.9709588 -5.49054
0.990979 -4.914784
1.015807 -4.903366
1.038302 -5.139703
1.032128 -5.329856
1.047089 -5.08432
1.025866 -5.565179
1.069771 -5.460757
1.067961 -4.919485
1.010026 -5.193172
1.061181 -4.852944
1.001364 -4.437614
0.9754823 -4.397418
0.9668263 -4.531316
0.9710339 -4.995255
1.004905 -4.64147
0.9757676 -4.981493
0.9965382 -5.030086
1.01633 -4.975418
1.046813 -4.486309
1.077516 -4.312009
1.054539 -4.384336
1.082005 -4.363591
1.026916 -4.593461
0.9770628 -4.949444
0.9428338 -4.852881
0.9812103 -4.319729
0.9699796 -4.565203
0.993947 -4.850588
0.9711098 -5.176287
0.9994426 -4.88027
0.9290137 -4.81149
0.9055763 -4.653192
0.9239209 -3.738167
0.9210501 -4.040613
0.8408323 -4.177081
0.8675463 -4.34443
0.8867593 -4.163104
0.892517 -4.349344
0.9005872 -4.226261
0.9686242 -4.35121
0.9059178 -4.083991
0.955434 -4.075335
0.9546232 -4.440069
0.9547531 -4.297316
0.9372062 -4.876636
0.9242352 -4.577372
0.953479 -4.261627
0.9904858 -4.396782
0.9372412 -4.442088
0.9953119 -4.534321
1.030195 -4.90181
1.034461 -4.615443
1.034547 -4.808703
1.04197 -4.958042
1.03332 -4.776153
0.9811437 -4.905009
1.044306 -4.696194
1.01692 -4.906037
1.025246 -5.420909
1.067934 -5.079888
1.048396 -5.278105
1.031783 -5.07818
1.010714 -4.977269
1.019458 -5.218655
0.994843 -5.62674
0.9842082 -4.889469
0.9183968 -4.932289
0.9728096 -4.822585
0.9953089 -5.301169
0.9781915 -5.384942
0.9681346 -5.24474
1.012621 -4.818197
0.9989718 -5.110026
1.059087 -5.050403
1.001341 -5.467538
1.054992 -5.09084
0.9995435 -5.204544
1.033119 -5.087338
1.054974 -4.641896
1.00645 -4.796556
0.9997005 -4.402345
0.962991 -4.407868
0.9649964 -4.552853
0.9537823 -5.115657
0.9877769 -5.339688
1.027102 -5.386118
1.058724 -5.293907
0.9945493 -5.125224
0.980029 -4.662968
0.9997576 -5.072779
0.9378123 -4.91934
0.9810506 -4.930744
0.9541071 -5.033412
1.014018 -4.755714
0.9951573 -4.458293
0.9692958 -4.136494
0.9640872 -3.964826
0.9071289 -3.605568
0.9191461 -3.680396
0.8914833 -3.849988
0.9623655 -4.057874
0.9452663 -4.782487
0.9811798 -4.239468
0.9719439 -4.037068
0.9645579 -4.019984
1.009887 -4.14829
1.052331 -4.377504
1.055014 -4.731407
1.071833 -5.000293
1.01713 -4.912014
0.979465 -5.203066
0.9627866 -5.046375
0.948651 -5.084906
0.8919225 -4.615014
0.8692082 -4.70623
0.939338 -4.599449
0.9047664 -4.121226
0.8830495 -4.326247
0.9037018 -3.520674
0.9037845 -3.971834
0.95539 -4.437777
0.9211339 -4.362016
0.9460303 -4.494771
0.9889022 -4.739391
0.9668828 -4.825845
0.9311667 -5.013068
0.9468251 -4.943912
0.9618135 -5.151516
0.9276837 -4.913823
0.9540078 -5.274225
0.9901313 -5.273722
0.9821724 -5.164425
0.9933399 -5.153453
0.9722169 -4.813756
0.9551213 -4.999842
1.001105 -4.9937
1.045455 -4.933732
1.112873 -5.13587
1.07151 -5.393199
1.038176 -5.471302
0.9879656 -5.962203
0.9935711 -5.512567
1.008539 -5.589393
1.014361 -5.565686
1.052944 -5.599528
1.067075 -5.596582
1.054158 -5.115312
1.001927 -4.932723
0.9889015 -5.022257
0.9714895 -5.39006
1.054016 -5.12058
1.056267 -5.239643
1.009069 -5.801727
0.9764219 -5.825858
0.9641386 -5.709429
0.950129 -5.504801
0.9078448 -5.018845
0.9986795 -5.259203
1.039701 -5.094802
1.070712 -5.0173
1.107944 -5.267735
1.133801 -5.591581
1.072323 -5.401125
1.063756 -5.784737
1.041813 -4.91888
0.9988331 -4.964101
0.9776829 -4.723651
0.9814395 -4.563356
0.9581357 -4.791324
0.8999288 -4.762832
0.9168196 -4.28178
0.9304877 -4.30029
0.8739264 -4.857738
0.898196 -4.471931
0.9070587 -4.087032
0.9078636 -4.211663
0.8808886 -4.258901
0.8776561 -4.405278
0.855345 -4.526626
0.8721786 -4.331536
0.9212524 -4.679346
0.8973682 -4.591899
0.9138701 -4.785493
0.9475761 -5.550076
0.9378602 -5.789445
0.9259498 -5.479898
0.9845766 -4.828935
0.9767936 -4.327628
0.9621222 -4.156475
0.9154333 -4.177916
0.9483522 -3.757145
0.9229492 -3.937903
0.9353099 -4.300667
0.8866234 -3.700501
0.8614002 -3.378749
0.8943324 -3.765138
0.9034547 -4.353291
0.8960205 -4.217198
0.9259357 -4.684248
0.9349961 -4.719068
0.9566267 -4.880152
0.9149391 -4.907028
0.9216494 -4.816898
0.9381595 -4.934156
0.9187183 -4.771583
0.9241807 -4.354823
0.8594238 -4.502853
0.8469453 -4.802577
0.8907576 -4.817169
0.9465069 -5.051764
0.9266919 -4.731421
0.8667863 -4.819287
0.9163857 -4.574513
0.9149124 -4.942635
0.9350114 -4.404362
0.9968725 -3.917354
0.9945042 -3.832748
1.005278 -3.88112
0.9675045 -3.566198
0.9581514 -3.4852
0.967797 -4.021967
0.9747616 -4.256125
0.9622554 -4.394182
0.9852272 -4.475711
0.9660555 -4.921231
0.9447773 -4.951016
0.9652696 -4.592738
1.024794 -4.721404
0.9783964 -5.083895
0.9678541 -4.159582
0.9595765 -4.601624
0.919217 -4.717554
0.9557494 -4.74866
0.9761153 -4.610629
0.9513936 -4.279019
0.9868097 -4.487895
0.9346997 -3.999772
0.9435482 -3.975956
0.8925508 -5.107186
0.9583755 -5.159596
0.9612327 -4.693203
0.9586717 -5.158076
0.9365215 -4.797992
0.8919774 -4.910245
0.9427268 -4.976606
0.9503762 -4.456465
0.8969112 -4.563568
0.9116247 -4.524745
0.9409945 -4.574375
0.9911076 -4.701418
0.9788225 -4.637537
0.9430821 -4.499145
0.9288325 -3.830758
0.9080484 -3.997777
0.9483788 -3.953405
0.9558178 -3.904817
0.9314686 -4.368555
0.9518549 -4.061214
0.9770037 -4.806116
0.9243546 -5.322112
0.9354324 -4.573644
0.9783365 -4.504033
0.983013 -4.12565
1.046461 -4.284564
1.035145 -4.949952
0.9539296 -4.2878
0.9575332 -3.970174
0.9351304 -4.032599
0.9748172 -3.930901
0.8970909 -4.425314
0.9163178 -4.454234
0.9262132 -4.57856
0.9226457 -3.912806
0.9263259 -4.065488
1.004227 -4.549097
0.963695 -4.735655
0.9796854 -4.649413
0.9900743 -4.623363
0.999304 -4.897493
0.993687 -4.579932
1.027296 -4.733743
1.075097 -4.507451
1.046462 -4.439331
1.009629 -4.708058
1.008537 -4.759216
0.9989267 -4.20678
1.033979 -4.030202
0.979913 -4.805778
0.917927 -5.013958
0.9133993 -4.77756
0.9231595 -5.001747
0.9995645 -5.167448
1.010239 -5.254099
0.9894201 -5.661817
0.9975309 -5.600779
1.036067 -5.438982
1.058338 -5.259324
1.020636 -4.941697
0.919632 -4.892352
0.9436497 -5.508292
0.9252882 -4.575073
0.9306395 -4.707342
0.9414414 -4.080002
0.8846465 -4.395179
0.8792078 -4.284431
0.9183707 -4.311745
0.901906 -4.201096
0.9413461 -4.264882
0.9337309 -4.948273
0.9102541 -4.44711
0.9345871 -4.402924
0.9530688 -4.484928
0.9001776 -4.861181
0.9551708 -4.703427
0.9732099 -4.496359
0.956404 -4.759372
1.024699 -4.869595
1.002018 -4.711067
1.002519 -4.547101
1.029396 -5.333091
1.01258 -5.514311
1.007275 -5.552716
0.9506669 -5.318513
0.9448904 -4.590755
0.9276592 -4.201887
0.9308597 -4.100849
0.9632231 -4.635378
0.9803681 -4.496938
0.923105 -4.567319
0.8999357 -4.629806
0.8883387 -4.133809
0.8702865 -4.24267
0.8500156 -4.351655
0.8745757 -3.682156
0.8995321 -3.772295
0.9057332 -4.346149
0.8919287 -4.152775
0.8951555 -4.383778
0.9619368 -4.515609
0.9430756 -4.79796
0.9968 -4.964088
1.025534 -4.846988
1.015469 -4.483545
0.9747015 -4.585102
1.006351 -4.741898
0.9546871 -4.91208
0.973671 -4.269571
0.9523618 -4.509984
0.9791219 -4.97488
1.049257 -4.810358
1.015662 -4.817387
0.9725984 -5.032503
1.000708 -5.778378
1.054078 -5.973709
1.054529 -6.160849
1.063264 -5.658936
1.072296 -5.818982
1.110965 -5.630544
1.097194 -5.571904
1.098757 -5.34992
1.078175 -5.233455
1.091476 -5.379628
1.065963 -5.431775
1.06967 -5.13174
1.054229 -5.627831
1.059495 -5.356422
1.044979 -5.319901
1.069046 -5.320551
1.077285 -5.278751
1.096875 -5.354942
1.067713 -5.707243
1.069767 -4.933123
1.066274 -5.228087
1.009968 -5.476145
0.9588241 -5.329147
0.9821702 -5.113836
1.029442 -5.074973
1.027588 -5.088539
0.9956219 -4.710288
1.003804 -4.997144
0.9835642 -4.85826
1.024002 -4.819615
0.9588082 -4.260235
0.8716584 -4.230402
0.940974 -4.297681
1.002406 -4.343327
1.007003 -4.581972
1.029786 -5.298558
0.9863876 -5.253638
0.9899157 -5.11892
1.000177 -5.152957
0.9865144 -5.329671
0.9798379 -5.437849
1.001823 -5.542558
1.018416 -6.090369
1.008615 -6.226646
1.046078 -6.335923
1.104897 -6.450892
1.067501 -6.791637
1.08129 -6.688332
1.088327 -6.051707
1.028564 -5.761722
1.044188 -5.858207
0.9919915 -5.329312
1.03848 -5.051501
0.9997725 -4.873372
1.00285 -4.933916
0.9754717 -4.838642
1.007582 -4.642051
0.9921968 -4.351348
1.04143 -4.915211
1.027288 -5.172756
1.016235 -5.277302
1.046246 -4.940509
1.010188 -4.672886
1.060609 -4.39727
1.022451 -4.140054
1.021132 -4.051545
1.007544 -4.352819
0.9970863 -4.568506
1.008987 -4.672932
1.030118 -4.856255
0.9965195 -4.537062
1.019352 -4.655592
1.049327 -5.292812
0.9844968 -5.159597
0.9876609 -5.15154
1.038235 -5.228425
1.073996 -5.339317
1.03068 -5.085278
0.9927056 -4.955084
0.9973063 -5.108543
0.9467314 -5.20678
0.9626249 -4.278978
0.934143 -4.063573
1.008122 -5.108148
0.9754558 -4.733044
0.9579252 -4.787296
0.9755169 -4.887289
0.9267813 -4.486823
0.9179505 -4.814803
0.9265427 -4.292978
0.9456942 -4.250331
0.9290538 -4.648679
0.9346228 -4.337571
0.9362578 -3.985526
0.9732325 -3.592214
0.942312 -3.415927
0.9493128 -3.609479
0.962442 -4.176614
0.9398203 -4.778608
0.9732414 -5.295923
0.9611902 -5.385085
0.9437065 -4.900004
0.9293076 -4.825908
0.8931016 -5.18288
0.87066 -4.319031
0.9128816 -4.790227
0.9121008 -4.610545
0.9114513 -4.200329
0.9523842 -4.89008
0.9502024 -4.511484
1.005202 -4.890584
0.9807923 -4.483789
0.9795263 -4.680605
0.9939768 -4.496312
0.9872755 -5.592746
0.9558175 -6.111563
0.9818974 -5.547011
1.036584 -5.350094
1.087383 -5.804409
1.049937 -6.223276
1.052206 -6.547398
0.9918481 -6.365102
1.008665 -6.231371
1.007344 -6.222144
0.9589634 -5.936966
1.010873 -5.093022
0.9775668 -5.050824
0.9512289 -4.473119
0.9655749 -4.474901
0.9164127 -4.534916
0.932933 -4.583211
0.9375353 -4.464337
0.9521416 -4.70282
0.9788726 -4.798267
0.9889826 -4.804092
0.9888565 -5.21493
0.8809571 -5.523519
0.9073787 -5.262673
0.9006314 -4.885846
0.9038229 -5.261239
0.9448625 -5.39867
0.9490403 -5.536739
0.9866823 -5.242586
0.9739765 -5.109997
0.9762711 -4.743463
0.987722 -4.45731
1.044568 -4.89277
1.097363 -5.024997
1.07056 -4.873751
1.040006 -5.066622
0.9997926 -4.949652
1.024295 -5.113051
0.9723131 -4.703727
0.9590739 -4.781891
0.9157397 -4.132746
0.9229815 -3.884445
0.8715623 -4.012307
0.8928359 -3.995047
0.8595078 -3.688179
0.8517828 -3.865418
0.830052 -4.269861
0.8740208 -4.245542
0.9005779 -4.122791
0.9203186 -4.501491
0.940686 -4.478997
0.9613982 -4.638581
0.9863121 -4.843954
0.9169549 -5.001715
0.9366598 -4.932386
0.9757672 -5.143573
1.021197 -4.750432
0.9863025 -5.319974
0.9603638 -5.659693
0.9972128 -5.594554
0.9627066 -5.240386
0.8885522 -5.492406
0.8782681 -5.558875
0.9245469 -6.011404
1.001575 -5.797799
1.026668 -6.089747
1.035912 -6.286506
1.020089 -6.839773
1.05954 -7.056228
1.001826 -6.678694
0.9794597 -6.794461
1.014046 -6.184645
1.051964 -5.969931
1.052058 -6.068504
1.067993 -6.024614
1.038201 -5.568329
1.038287 -5.360618
1.021973 -5.271675
0.9533877 -5.528498
1.020314 -4.968143
1.041953 -5.123052
0.9919912 -4.747369
0.9992243 -4.517588
0.9585731 -4.505314
1.010075 -4.813482
1.023803 -4.637313
1.061517 -4.61754
1.073775 -5.092283
1.107226 -5.321775
1.073726 -5.203719
1.093635 -4.728205
1.055241 -4.761982
1.019174 -4.97618
0.987204 -4.855019
0.9684794 -4.717879
0.9829997 -4.723798
1.012333 -5.162302
0.9945941 -4.822721
1.041293 -4.797086
1.023375 -4.700432
1.048996 -4.572967
1.063716 -4.19039
1.024135 -4.041783
1.044628 -4.169438
1.035328 -4.250123
1.044001 -3.594435
1.009846 -4.124749
0.9367187 -4.003029
0.9076684 -3.357529
0.8807554 -3.676327
0.8983185 -3.885192
0.8813929 -4.161412
0.9406483 -3.98253
0.9411053 -3.95042
0.9509208 -3.939051
0.9774924 -3.96097
0.9964854 -3.853059
1.034028 -3.616432
1.022737 -4.484615
1.019352 -5.242228
0.9517965 -4.626831
0.9871091 -5.284572
0.9719284 -5.213419
0.9398696 -5.329348
0.9788593 -5.158323
0.9787738 -5.259991
0.9733239 -4.791162
1.002257 -4.697621
1.008958 -5.493608
1.030033 -4.804939
0.9955434 -4.593101
0.99631 -4.676548
0.9307135 -4.967296
0.9948094 -5.046552
0.9626859 -4.968746
0.9861281 -4.818257
0.9702034 -4.359074
0.954322 -4.083092
0.9459359 -3.994907
0.9774741 -4.88433
0.9783933 -4.592635
0.9971259 -4.679159
1.006628 -4.951753
1.000056 -5.081702
0.929269 -4.248202
0.898083 -4.348103
0.9330165 -4.830972
0.9207559 -4.835437
0.936866 -4.644367
0.9776605 -4.558007
0.9536153 -4.646004
0.9046992 -4.767227
0.8802078 -4.086771
0.8715234 -3.836193
0.8884793 -3.908561
0.8991215 -4.301469
0.8512806 -4.49273
0.8491132 -5.205032
0.8578193 -4.849824
0.8811231 -4.291861
0.9317201 -4.26742
0.9769464 -4.722331
1.026162 -4.89742
1.022384 -4.430562
1.025838 -4.231987
1.027195 -4.255713
0.9800581 -4.556033
0.9954505 -4.123336
0.9759791 -4.040502
0.9772723 -4.129911
0.9563521 -3.889433
0.987594 -3.464718
0.9700825 -3.97405
1.032937 -4.118403
1.065263 -4.366295
1.037414 -4.292463
1.041659 -4.20411
1.036352 -4.276055
1.016349 -4.287024
0.9817356 -4.623598
0.9514983 -4.696962
0.9605656 -4.556392
0.9381184 -4.41765
0.8931362 -3.9595
0.9093336 -3.601751
0.9241529 -3.561381
0.9625653 -3.901007
0.9327033 -4.029685
0.9376156 -4.24324
1.005384 -4.7664
0.9900884 -5.014213
0.9626369 -4.634474
0.9505148 -4.236039
0.938712 -4.364602
0.9681308 -3.808138
0.9624473 -4.16531
0.9879094 -3.861523
0.9819353 -3.914666
1.009184 -3.973622
0.9710835 -3.979743
1.001107 -3.856037
1.030895 -4.060091
0.9387324 -4.00537
0.962539 -4.630365
0.981179 -4.804538
0.932584 -4.444751
0.9423679 -4.547899
0.952175 -5.160846
0.9759115 -5.506541
0.9490249 -5.610303
0.9941035 -5.522338
0.9894273 -5.608247
0.9702793 -5.377702
0.9918048 -4.849225
1.000123 -4.803691
1.03208 -4.716951
1.011255 -5.201707
0.9575732 -5.015947
0.9684588 -5.121435
1.05447 -5.369833
0.9628464 -5.292156
0.914539 -5.100878
0.9055406 -5.213641
0.9393147 -4.781433
0.918859 -4.757184
0.9543452 -4.601848
0.9863358 -4.706459
0.977494 -4.470289
1.011817 -4.521823
0.9955973 -4.709827
1.021356 -4.277533
0.9890564 -4.388032
0.9567524 -4.669157
0.9367712 -4.385705
0.9588138 -4.122254
0.9673703 -4.156478
1.01688 -4.166193
1.013841 -4.069024
0.9603868 -4.027487
0.9557551 -4.465765
0.930582 -4.527887
0.9453331 -4.232347
0.9503934 -4.328541
0.9593828 -4.277474
0.9422554 -4.213943
0.9747296 -4.463986
0.9888404 -4.184174
0.9647715 -4.993104
0.974028 -6.06691
0.9086076 -5.226157
0.9005797 -5.114732
0.9378728 -5.144498
0.9388204 -5.028342
0.8833558 -5.191602
0.9320311 -5.131324
0.9148288 -5.037946
0.9689128 -4.908415
0.9809161 -4.904994
0.9696863 -5.00395
0.983656 -4.208202
0.9576459 -4.098201
0.9686744 -4.003244
0.9925699 -4.312518
0.9813872 -4.562958
0.9383136 -4.541024
0.9455566 -5.14959
0.9644828 -4.662819
0.981667 -4.767653
0.9288772 -4.331447
0.9400408 -4.035159
0.9720142 -3.883893
0.9872392 -4.19658
1.007529 -4.510321
1.032958 -4.944398
1.003939 -4.550106
0.9986107 -4.715638
1.006804 -4.261124
0.9748843 -4.192308
0.9967875 -4.645062
0.9820473 -4.484824
0.9598041 -4.476395
0.9721577 -4.168027
0.9874199 -4.071981
1.007019 -4.05595
0.9954321 -3.754929
0.9355254 -4.152907
0.9490449 -4.08299
0.9331553 -4.317145
0.9167741 -4.792327
0.919067 -4.533369
0.9781263 -4.500589
0.9920739 -4.708928
0.9770251 -5.084071
0.9886774 -4.976034
0.9992466 -4.933667
1.006452 -4.432978
1.027192 -4.957517
0.9915349 -4.591782
0.9799444 -4.32002
0.9446365 -4.483673
0.9648094 -4.314434
1.016261 -4.81311
0.9733078 -4.81283
0.9843866 -4.88004
0.9898414 -4.8047
1.000816 -4.851516
0.9436244 -4.429853
0.9021517 -4.501618
0.9300466 -4.826282
0.932985 -4.624638
0.9528018 -4.409531
0.9178574 -4.288776
0.890406 -4.182052
0.9520565 -4.752706
0.9513006 -4.74666
0.9777386 -4.531243
0.9477303 -4.382904
0.9299846 -4.220148
0.965071 -4.493008
0.9435343 -4.715542
0.920958 -4.217538
0.9350998 -4.123468
0.928459 -3.865804
0.9852722 -3.879026
1.017405 -4.069808
0.9472864 -3.922687
0.9450887 -3.947856
0.954224 -4.273083
0.9523753 -4.171505
0.9168233 -4.064243
0.9127416 -3.975385
0.9455271 -3.900402
0.9688091 -4.043203
1.019397 -4.356806
1.015902 -4.49732
1.062431 -5.243494
1.068804 -5.076987
1.046771 -5.002862
1.029539 -4.925451
1.065516 -5.405374
1.037346 -5.534819
1.011795 -4.92251
0.959301 -4.67794
0.9735899 -4.674185
0.9724303 -4.650016
0.9760001 -4.134143
0.9889941 -4.608912
1.000169 -4.930861
1.024196 -4.749363
1.032657 -5.176687
1.038715 -5.044912
1.017996 -4.789421
0.9866947 -4.539342
1.000732 -4.53035
0.9882748 -5.368139
0.9763683 -5.477998
0.9658214 -5.406531
1.031405 -5.63135
0.9975309 -5.777693
0.9720497 -5.555697
0.9624331 -5.14452
1.014262 -5.290861
1.017423 -4.822885
1.017184 -4.770475
1.061034 -5.158685
1.030212 -4.904023
1.090096 -5.392425
1.118989 -4.995814
1.080393 -4.929485
1.056592 -5.192954
1.06553 -5.380664
1.011497 -6.183805
1.049723 -6.518738
1.041554 -5.617282
1.006351 -5.486903
0.9468574 -5.225133
0.8949857 -4.911679
0.9115688 -4.87972
0.9184722 -4.981953
0.9904668 -4.493139
0.9690174 -4.193619
0.9450894 -4.261563
0.9406737 -4.173243
0.9281343 -4.001503
0.8786157 -4.294058
0.8758338 -4.268235
0.9016512 -4.144576
0.8595869 -4.409069
0.9383379 -4.023003
0.9248386 -4.518628
0.888475 -4.228269
0.9379767 -3.810783
0.9817923 -3.731424
1.014284 -4.192863
0.9801972 -4.383417
1.009788 -4.304626
0.9506287 -4.237464
1.015914 -3.912081
1.006093 -3.867383
1.013618 -3.752218
0.9839683 -3.836856
0.9724335 -4.20498
0.9897395 -4.470958
0.9553244 -4.3301
0.9506965 -4.637055
0.9556719 -4.815643
0.9736105 -5.170227
0.9805031 -5.068027
0.9820673 -5.761099
1.026368 -5.621112
1.009207 -5.35891
1.01558 -5.548361
1.003639 -5.851146
1.033281 -6.030032
1.065107 -5.716774
1.037349 -5.537465
1.039934 -5.018004
1.029062 -5.55905
1.029496 -5.717804
1.030729 -5.697292
1.039361 -5.814986
1.068954 -5.394797
1.116165 -5.402597
1.109322 -5.093012
1.083709 -5.197288
1.093242 -5.399931
1.100871 -5.145047
1.09639 -5.540511
1.073739 -5.796613
1.062413 -6.155061
1.038822 -6.286334
0.9800685 -5.922131
0.9699113 -5.539806
0.9665108 -5.776537
1.003365 -5.589167
1.044095 -5.314549
1.05612 -5.082411
1.033947 -5.919613
1.045771 -6.043436
0.985278 -6.24543
0.9426955 -6.065829
0.9413777 -5.136859
0.985441 -4.883101
0.9933169 -5.18925
0.9776043 -5.647264
0.9863933 -5.758947
0.9490573 -5.369128
0.9390137 -5.132174
0.9724352 -4.671455
1.024429 -4.776584
0.9880569 -4.948745
0.9633176 -4.714032
0.9381298 -4.69936
0.9270638 -4.421042
0.9438236 -4.135088
0.9381024 -4.114386
0.9070658 -4.036537
0.9352607 -4.064364
0.8805925 -3.918872
0.880459 -4.188764
0.893832 -4.514068
0.8841393 -4.311079
0.8640317 -4.447515
0.8926783 -3.701191
0.9409913 -3.817463
0.9512399 -3.822534
0.9401923 -4.130845
0.9486112 -3.638413
0.8851725 -4.050649
0.9824411 -4.334057
0.9485274 -4.474127
0.9649626 -4.189289
0.9580342 -4.078411
0.9178436 -4.17768
0.9721492 -4.438451
0.9576206 -4.609146
0.9595183 -4.408734
0.9255398 -4.172571
0.8931212 -3.98448
0.9202937 -4.66345
0.8992536 -4.41006
0.9214726 -4.261076
0.9174979 -4.484298
0.9008908 -4.120252
0.9035921 -4.048297
0.9251919 -4.195833
0.9783172 -4.530026
1.019665 -4.597641
0.9984965 -4.162385
0.9853981 -3.606313
0.9451345 -3.349052
0.9024417 -3.769851
0.8928091 -4.233375
0.8954992 -4.850951
0.8794383 -4.760537
0.9091152 -4.824012
0.897511 -4.301989
0.9359555 -3.695419
0.9428395 -3.620101
0.934439 -4.067604
0.9463491 -4.578778
0.9308152 -4.991616
0.9276007 -5.217032
0.9919341 -5.360269
1.021084 -4.742742
0.9896107 -4.761061
0.9614186 -5.689752
1.030349 -5.922401
0.9904293 -5.749722
0.9861915 -5.038019
0.99478 -5.173236
0.9883186 -5.114041
1.003184 -4.711522
1.041669 -4.79335
1.01609 -5.135155
1.028132 -5.101707
0.9585492 -4.87555
0.9936491 -5.008918
0.991954 -5.444126
0.9724725 -5.486994
0.9910776 -5.69155
0.9687497 -5.556526
1.012052 -5.707125
1.007562 -5.302404
0.9107122 -5.382181
0.9906534 -5.314829
0.9657933 -5.408035
0.9634075 -6.073838
0.9529679 -5.650308
0.9385442 -5.382584
0.8921937 -5.315406
0.9801041 -5.345426
0.9827708 -5.786194
0.9976372 -5.97585
0.9530139 -6.024442
0.9910497 -4.965509
0.9995708 -5.201143
0.9751706 -5.281623
0.9742666 -5.153376
0.9441907 -5.312592
0.9260279 -5.304636
0.9607607 -5.153589
0.9937025 -4.753482
0.9493573 -4.782848
0.9483099 -4.737037
0.9532162 -4.729093
0.9720755 -4.551235
0.9655171 -4.504454
0.9664416 -4.696975
0.9667494 -4.422344
0.9539988 -4.753399
0.9525885 -4.719799
0.9513479 -5.082751
0.9419184 -4.473585
0.9527687 -4.449171
0.9435519 -4.24563
0.9217755 -4.547228
0.94339 -5.206337
0.9572125 -5.014907
0.9672912 -4.105254
1.010482 -4.478521
1.04531 -4.730155
0.9921605 -4.33841
0.9802415 -4.565681
1.046554 -4.357889
0.9906108 -4.59237
0.9995551 -4.560563
0.9815485 -4.052742
0.97284 -4.230883
0.9299972 -5.044999
0.9479743 -4.440546
0.9464204 -3.919797
0.9491856 -4.332389
0.9107826 -4.719579
0.9438189 -4.326779
0.9384762 -3.927125
0.9460877 -3.741855
0.9406067 -4.193084
0.9264482 -4.21173
0.9282031 -4.532225
0.8660806 -4.402327
0.898143 -4.446022
0.8925733 -4.434527
0.8948334 -4.340708
0.9725405 -4.077782
0.9584298 -4.095137
0.9402991 -4.045915
0.9398301 -4.115589
0.9283588 -4.488725
0.9232652 -4.398929
0.9295872 -3.963072
0.9491875 -4.130109
1.018551 -4.133256
1.002119 -4.164481
1.028391 -3.959984
1.007621 -3.945544
1.002658 -4.17921
0.9277446 -4.608839
0.9665117 -5.28314
0.992957 -5.086664
0.9716764 -4.90959
0.9781482 -4.891751
0.9546825 -4.408086
0.9715659 -4.456861
1.006283 -4.779936
0.9691517 -5.195867
1.01278 -4.62394
0.9607747 -4.477319
0.9316402 -4.268626
0.8821719 -4.056941
0.8833209 -4.226195
0.8956336 -3.917545
0.9098237 -3.55478
0.8979565 -3.381644
0.8684084 -3.651228
0.9094193 -4.243336
0.8559151 -4.057675
0.9086079 -4.118926
0.9321228 -4.228266
0.9922986 -3.741573
0.9554703 -4.045013
0.9660778 -4.036618
0.9968333 -4.234421
0.9385738 -4.29745
0.9282286 -4.254406
0.8884256 -4.842241
0.8815655 -4.659978
0.907897 -4.450261
0.9573367 -4.195121
0.9827933 -4.630015
0.995809 -4.498626
0.9957798 -4.381893
0.9546112 -4.402192
0.917114 -4.380455
0.9119747 -3.960126
0.9101105 -4.235582
0.9279035 -4.088345
0.8478599 -4.354588
0.9011178 -4.169328
0.8944982 -4.437978
0.8888528 -4.318481
0.9086307 -3.904247
0.9310086 -4.176955
0.9802539 -4.361071
0.9802984 -4.602975
0.9891348 -4.395669
1.011248 -4.650093
0.9650046 -4.636188
0.9307814 -4.725584
0.9128891 -4.42791
0.8957033 -4.213454
0.9699263 -3.831036
0.9048065 -3.531312
0.8855521 -3.37067
0.9053368 -4.096216
0.9306304 -4.234507
0.9608035 -3.879119
0.9757133 -4.440653
1.00283 -4.368978
0.9941728 -4.685569
0.9560381 -5.376253
0.9556022 -5.586668
0.9677757 -6.139468
0.9996219 -6.233869
1.00087 -5.632363
0.9641894 -5.717604
0.9594733 -5.703527
1.045094 -5.420342
1.035667 -4.779027
1.090847 -4.760082
1.015086 -4.831206
1.049565 -5.653429
1.008188 -5.201334
1.009062 -5.274946
0.9834133 -5.00979
1.005339 -4.52869
1.000516 -4.592595
0.9270978 -4.473452
0.9864094 -4.720152
0.9424164 -4.438651
0.9523252 -4.239366
0.9740112 -5.038685
0.9433969 -5.468347
0.952619 -5.858569
0.9220535 -5.331601
0.9705884 -4.5205
1.019817 -4.428119
0.9764478 -4.710728
0.925692 -5.030848
0.969577 -4.840605
0.8938917 -4.794068
0.8797169 -4.740844
0.9098811 -4.535314
0.8762137 -4.672476
0.9083498 -5.095325
0.9034763 -4.996686
0.9555183 -5.478075
0.9419419 -5.084128
0.9187431 -4.834516
0.9471864 -4.689736
0.8903964 -4.256571
0.8772834 -4.45271
0.887931 -4.600189
0.8912738 -5.103
0.9736279 -5.274787
0.9871587 -5.307036
0.9698064 -4.905587
1.054066 -5.181434
1.08713 -5.03405
1.072512 -4.810746
1.034643 -4.716367
1.031269 -5.091057
1.050452 -5.067477
1.046426 -4.484271
1.022059 -5.424061
0.9735733 -5.190376
0.958859 -5.18152
0.9622943 -5.22786
0.9671959 -5.721742
0.9639882 -5.775122
0.9922929 -4.672826
1.005569 -4.687921
0.9878801 -5.104726
0.9725769 -5.036112
0.9267352 -4.310264
0.9459761 -4.843725
0.9891689 -4.69366
0.9789961 -4.577152
0.9885466 -5.105145
0.9776226 -5.173185
1.026778 -5.275923
1.089748 -5.090361
1.073143 -5.37494
1.027905 -5.213537
1.01151 -5.15211
0.9834702 -5.165851
1.008468 -5.383933
0.9704563 -5.587816
0.9992439 -4.671799
0.9712872 -5.00839
0.9580292 -4.640248
0.9673192 -4.894871
0.9849299 -4.945787
0.9915848 -4.829427
0.9439401 -5.524822
0.9097075 -5.245733
0.9303442 -4.804039
0.9253854 -4.590594
0.9135068 -4.658268
0.9347781 -5.03501
0.96963 -5.009206
1.005659 -4.927292
0.9578719 -4.805762
0.9280987 -4.31565
0.9365341 -4.391388
0.9485299 -4.401798
0.9422724 -3.901134
0.9452052 -4.147537
0.9090377 -3.914654
0.8648355 -4.2536
0.9057042 -4.110507
0.9162245 -3.925555
0.9334648 -3.890377
0.9430604 -4.477726
1.002653 -4.640491
0.9823544 -4.741044
0.991164 -4.909868
0.9668937 -5.481481
0.9872565 -5.258478
0.9978735 -4.898267
0.9955178 -4.684687
0.9839109 -4.692543
0.9570028 -4.396824
0.9208524 -4.726781
0.9253116 -5.10168
0.976218 -5.036069
0.9334454 -4.346709
0.9767639 -4.21128
0.9779538 -4.571027
0.9398995 -4.721923
0.9271676 -4.757038
0.9458936 -4.912253
0.8794425 -4.727875
0.907016 -4.544778
0.8947495 -4.17604
0.8964526 -3.520037
0.8974605 -4.044843
0.8524789 -4.137586
0.8965326 -4.047634
0.8811167 -4.034417
0.8307807 -4.130255
0.8289871 -4.251867
0.8782351 -4.288123
0.9176796 -4.729733
0.9511148 -4.771405
0.9384128 -5.109468
0.9685812 -4.890443
0.9614788 -4.73045
0.9937587 -4.509077
0.9627679 -4.74353
0.937261 -4.919038
0.9951235 -4.941702
1.027676 -5.021827
1.076622 -5.067701
1.055577 -4.886173
1.044634 -4.530549
1.031387 -4.625204
0.9872168 -5.148352
1.010612 -5.18912
1.015294 -5.203202
1.046028 -5.502477
1.051024 -5.023647
0.9965059 -5.389218
0.9765292 -5.497404
0.9998096 -5.398017
0.9290178 -5.59207
0.9205609 -5.561632
0.9820814 -5.4764
1.030643 -5.285748
0.9826721 -4.77581
1.015399 -5.220044
0.9819192 -5.049793
1.008572 -5.147771
0.9981186 -5.209321
1.029549 -5.51032
1.048131 -5.344287
0.9855244 -5.164315
1.025812 -4.907866
1.015511 -4.606455
1.009017 -4.759007
1.009079 -3.874994
0.9662762 -3.73906
0.9698289 -4.038904
0.9782739 -4.398775
0.9422782 -4.342337
0.9156724 -4.531706
0.9564687 -4.214686
0.9799957 -4.356035
1.020156 -4.29397
0.986913 -4.098668
1.028298 -4.254718
0.9966262 -5.121543
0.9982455 -4.786382
0.9270647 -5.085623
0.9332496 -5.15004
1.014251 -4.786874
1.047127 -4.913409
1.023658 -4.653388
1.011663 -4.637272
1.015884 -4.839238
1.04097 -5.244376
1.028519 -5.335763
1.038987 -5.6534
1.017306 -5.696851
1.035436 -5.477287
1.037151 -5.23251
0.9777857 -4.996534
0.9982587 -5.223124
0.9602677 -4.884957
0.9624564 -4.638308
0.9763217 -4.444695
0.9746493 -4.497898
1.022233 -4.26868
1.011336 -5.038707
0.9934807 -5.041912
1.000822 -4.862141
1.052839 -5.246299
1.045645 -4.780959
1.00051 -5.038957
0.969535 -5.201704
0.9719766 -5.219557
0.9646913 -5.111829
0.9184629 -4.671781
0.8432066 -4.259461
0.9564818 -4.468448
0.9495568 -4.644148
0.9560021 -4.320654
0.9139417 -4.315354
0.8762298 -4.095356
0.9059454 -3.987066
0.9004065 -3.938796
0.9157521 -4.114
0.8891908 -4.509557
0.8891718 -4.445053
0.9026368 -4.624359
0.9252174 -5.30707
0.9974528 -5.327429
0.9648432 -5.498727
0.9947676 -5.96504
1.03058 -5.600709
1.0503 -5.43281
1.003751 -5.514106
1.088519 -5.217336
0.9770694 -5.436369
0.9430288 -5.154895
1.001007 -5.143266
0.994038 -5.752366
0.9923643 -5.646443
1.006654 -5.820211
1.060767 -5.649115
1.001956 -5.587525
1.004642 -5.230125
1.003012 -5.261048
0.9909969 -5.086979
0.9895766 -5.289119
0.9921378 -5.060971
1.049978 -5.261238
1.011454 -5.252564
1.002596 -4.981887
1.017105 -4.44873
0.9534156 -4.513991
0.9758993 -4.793006
0.9860382 -4.524109
0.9777551 -4.610344
0.9752483 -4.299788
0.9845771 -5.407975
1.019046 -5.20961
0.9789382 -4.923674
0.9905152 -4.964351
0.9975995 -5.068175
0.9912024 -5.031693
0.9666249 -5.397245
0.9993685 -5.020524
1.03172 -4.837744
1.014729 -5.591285
1.04284 -5.579625
1.009217 -5.656512
1.019211 -5.838309
0.9710697 -5.661192
0.9337536 -4.997352
0.9313884 -5.603713
0.9100291 -5.151755
0.9353369 -4.541928
0.9108166 -4.541686
0.9005622 -4.659147
0.9041054 -4.631674
0.9105832 -4.335769
0.891483 -4.039703
0.8779896 -3.961459
0.8443622 -4.019984
0.8320001 -4.4404
0.815105 -3.787468
0.8685737 -3.679116
0.8812249 -3.353997
0.8940643 -3.278166
0.9244905 -3.330241
0.9891143 -4.014606
0.9977256 -4.289311
0.987799 -3.953295
0.9953135 -3.949442
0.9872924 -3.947495
0.9710592 -4.064497
0.9616601 -4.313195
0.9451851 -4.44686
0.9546393 -4.975051
0.9341144 -4.53491
0.9375666 -4.912576
0.9297072 -4.667027
0.8987155 -4.504074
0.9166514 -5.047328
0.9441222 -4.839341
0.9284582 -4.549238
0.8983042 -4.401452
0.8817578 -4.396958
0.9085859 -4.66572
0.8972012 -4.009665
0.9128516 -3.740019
0.928625 -3.784262
0.9698795 -3.726057
0.982001 -4.239229
0.9195327 -3.637863
0.9175526 -3.553179
0.9428879 -3.643453
0.9244854 -3.894585
0.8717173 -3.528617
0.9026374 -3.230305
0.8568398 -3.792085
0.8921778 -4.086801
0.8787378 -4.733582
0.9337024 -5.097764
0.9433896 -5.375697
0.9009522 -5.597117
0.9610935 -5.473491
0.9456242 -5.386701
0.9746481 -6.015756
0.9752949 -5.218464
0.9743094 -6.489016
0.9988859 -6.039512
1.02002 -5.996997
1.06065 -4.943318
1.029318 -4.994953
1.008615 -5.065683
1.024945 -6.06006
0.9562499 -6.051804
1.043992 -6.049649
1.038434 -6.138952
1.045267 -5.816305
1.078307 -5.693865
1.013833 -5.897593
1.017709 -5.381351
0.9914303 -5.430119
0.9418996 -5.244849
0.9709243 -5.276412
0.9598311 -5.429826
0.9652221 -4.337375
0.9372228 -4.436503
0.9640681 -4.788089
0.9577364 -5.302108
0.8985237 -4.808454
0.8970066 -4.260838
0.8740483 -4.569656
0.9042954 -4.430589
0.9323632 -4.650944
0.9613885 -4.748739
0.9365358 -4.919926
0.9216021 -5.179802
0.9301945 -4.960562
0.9476608 -4.957484
0.9499343 -4.778165
0.9610102 -4.417353
0.9263502 -4.058256
0.9351727 -3.986462
0.9394883 -4.215877
0.9466864 -4.249491
0.9708194 -3.715667
0.9606859 -4.444095
0.9449107 -4.574035
0.9416515 -4.131384
0.9855637 -4.315097
0.9721559 -4.769932
0.9584777 -4.78318
0.9019298 -4.259764
0.9269985 -4.09011
0.9189771 -3.952442
0.930802 -3.716436
0.9259053 -3.915828
0.9126776 -3.985412
0.8858718 -4.276742
0.9228586 -4.259053
0.9356055 -4.074063
0.9374289 -4.201546
0.9362812 -3.796667
0.8611612 -4.363363
0.9287255 -4.185719
0.9333317 -4.478338
0.895904 -4.026665
0.9183191 -4.463733
0.9116801 -4.783669
0.9261482 -4.905881
0.9228177 -4.966425
0.9366423 -4.991548
0.9329277 -4.688411
0.932946 -4.840511
0.9050564 -4.702791
0.8919563 -4.534548
0.9440157 -4.682169
1.001268 -4.667103
0.9995727 -4.961497
0.9607164 -5.408231
0.9977474 -5.700386
0.9682396 -5.149136
1.018874 -5.288405
1.027109 -5.648416
1.016034 -5.409659
1.0255 -5.336614
1.040665 -4.932254
0.9660022 -5.437726
1.024611 -5.572884
1.049007 -5.151627
1.068645 -5.152006
1.11022 -5.661728
1.094376 -5.56142
1.08444 -5.513266
1.102133 -5.795064
1.074726 -5.273114
1.002219 -4.922177
1.008788 -4.907496
0.9186945 -4.985817
0.9408551 -4.449322
0.9055828 -4.6058
0.8793655 -4.451454
0.9302226 -4.233862
0.8980961 -4.441952
0.9313731 -4.748379
0.9552188 -4.695755
0.9462233 -4.509721
0.8997594 -4.286819
0.8580116 -4.208634
0.892647 -4.001315
0.8948719 -3.329797
0.926949 -4.043253
0.9148199 -3.839042
0.930308 -3.398926
0.9268322 -3.723898
0.930449 -3.945015
0.9417024 -4.007577
0.9649596 -4.031014
0.9922403 -3.893193
1.00847 -4.007553
0.9896104 -4.084619
0.9929834 -4.265446
0.9299662 -4.451113
0.9236561 -4.876241
0.9328721 -4.685377
0.9701816 -4.484359
0.9048328 -4.255369
0.8901669 -4.164466
0.9435338 -4.19661
0.9109598 -4.501565
0.9137526 -4.53836
0.9596343 -5.112317
1.001586 -5.392953
0.9540898 -4.853695
0.9992192 -5.249977
0.9477751 -4.833629
1.036141 -5.31358
0.9957391 -5.811441
1.034605 -5.846159
0.9860872 -5.37791
0.9776039 -5.452631
1.005721 -5.829518
1.002251 -5.251077
1.020488 -5.268921
1.021225 -4.800067
1.029201 -5.05931
1.026972 -4.528337
1.026116 -4.557623
0.9905131 -4.007121
1.006324 -4.325383
0.9804312 -3.823634
1.001329 -3.706435
0.9681203 -3.566894
0.9400391 -3.921159
0.9537252 -4.079407
0.948649 -3.526509
0.9375268 -3.826522
0.9518821 -4.573182
0.9393689 -4.743216
0.9416993 -5.147492
0.8941969 -4.992619
0.9168693 -5.127571
0.883644 -5.586528
0.9041454 -5.210039
0.9354929 -4.910013
0.94664 -5.056997
0.9070298 -4.875245
0.8725525 -4.701147
0.8945245 -4.509209
0.8697732 -5.233291
0.9046894 -5.397717
0.9468383 -5.721581
1.000745 -5.763125
1.014062 -5.148145
1.026311 -5.068235
0.9553673 -5.181332
0.9297083 -5.042797
0.9110083 -4.470522
0.9349379 -4.426751
0.9614654 -4.154414
0.9459504 -4.533838
0.929805 -4.234956
0.9439222 -4.506185
0.9124528 -4.156806
0.9132979 -4.390326
0.8893578 -4.371647
0.8970962 -4.484633
0.903167 -4.533632
0.8672928 -4.877348
0.8455471 -5.138643
0.8647209 -5.380784
0.8368464 -5.161002
0.8943535 -4.591453
0.9195191 -5.210577
0.8765262 -4.882301
0.9095893 -4.76509
0.9260542 -4.397905
0.9374571 -5.145207
0.9891963 -4.791841
0.9728042 -4.728719
1.024658 -4.463968
0.9996257 -4.798899
1.014726 -4.818899
1.000998 -4.674229
0.913105 -5.628386
0.9189706 -5.501482
0.8911449 -4.537607
0.9422811 -4.932096
0.9684557 -4.612268
0.9395101 -5.0065
0.9425803 -5.131649
0.9625516 -5.036797
0.9122247 -4.533835
0.8946451 -4.423415
0.9239749 -4.506249
0.9510654 -4.604904
0.9479147 -4.612658
0.8676006 -4.4499
0.9245672 -4.186634
0.984695 -3.888116
0.9407097 -4.20169
0.995627 -4.208702
0.9460938 -4.169239
0.9221879 -3.674974
0.9368876 -3.336425
0.9797707 -3.603431
0.9633827 -4.193547
0.997135 -4.338083
1.029256 -3.689303
1.012774 -3.570329
1.049813 -3.795177
1.03561 -3.810224
1.05077 -3.858434
1.017854 -3.922998
0.9800252 -4.878479
0.9371808 -4.834557
1.02904 -5.161349
1.040675 -4.699878
1.063348 -4.432778
1.075706 -4.773987
1.01129 -4.711168
0.9893693 -5.307103
1.018602 -4.733884
1.015529 -5.127903
1.085351 -4.904444
1.050301 -4.931285
1.018029 -4.715087
0.9814506 -4.82805
1.002629 -5.187664
0.9360071 -5.356483
0.9255747 -5.496169
0.9642311 -5.007918
0.9877348 -4.707127
0.9675683 -4.510509
1.007818 -4.325471
0.9996524 -4.299033
0.9534374 -4.39173
0.9563867 -4.882201
0.9606862 -4.397
0.9748607 -3.886804
0.9632019 -4.58603
0.9717298 -5.338215
1.016846 -5.052315
1.015691 -5.244566
1.033077 -5.130856
0.9722287 -5.354961
0.9488102 -5.319146
0.9754434 -4.694193
0.9603938 -4.619927
0.9213065 -4.511086
0.932641 -4.615655
0.9063205 -4.48803
0.8967362 -4.475992
0.9244626 -4.186407
0.9745783 -4.207464
0.93246 -4.421082
0.9175269 -4.674398
0.9110347 -4.577025
0.9015698 -4.427801
0.9063351 -4.260086
0.9141162 -4.505122
0.9480126 -4.615196
0.9953406 -4.979893
1.003532 -4.538592
0.9953358 -5.392677
1.007469 -5.30776
0.9793008 -5.044364
0.9757818 -4.782685
1.002305 -4.680493
1.029203 -4.401086
1.028968 -4.339145
0.9923476 -4.513356
0.9892371 -4.294501
0.9554684 -4.084599
0.9680537 -4.498261
0.963927 -4.012108
0.9560462 -4.209328
0.9225113 -4.013729
0.9794631 -4.697609
0.9598144 -5.072795
0.9655961 -4.737068
0.954633 -4.867679
0.9996138 -5.999442
1.026576 -5.749418
1.029843 -5.765875
1.050915 -5.717967
1.030021 -5.929476
0.9871829 -6.032485
1.010146 -6.325031
1.001598 -5.940275
0.9885139 -5.041611
0.9799086 -5.70897
0.9743381 -4.875185
0.9692887 -5.280486
0.9516413 -4.599027
0.857961 -4.898312
0.9111758 -4.350152
0.9543455 -4.808881
0.951977 -5.132661
0.9829184 -4.908589
1.003044 -5.124481
1.025111 -5.399548
1.05674 -5.072354
1.051437 -5.072618
1.079515 -5.285332
1.062665 -5.3212
1.027861 -5.402285
1.011448 -5.679683
1.071606 -5.887543
1.117881 -5.959958
1.135916 -5.756942
1.065758 -6.044422
1.02332 -6.301764
1.04986 -6.319198
1.014335 -6.253158
0.9832237 -5.218411
0.985295 -5.597773
0.9642832 -5.934568
0.9737679 -5.619575
0.9416184 -6.063409
0.9009985 -6.261914
0.9281002 -5.207268
0.9578422 -5.289664
0.9684186 -4.60062
0.9502342 -4.300894
0.9756249 -4.517885
0.9013754 -4.725393
0.9055234 -4.728305
0.9386207 -4.604387
0.9262324 -4.417845
0.9763161 -4.583597
1.025945 -5.027311
1.006128 -4.363425
0.9805586 -4.332049
0.9124879 -4.693209
0.9257144 -4.033037
0.9934723 -4.72797
0.9834123 -4.817905
0.9446961 -4.696527
0.9606176 -4.83324
0.9860754 -4.856117
0.9929956 -5.56557
1.064761 -5.498937
1.007214 -5.397482
1.027259 -5.218422
1.038873 -4.973057
1.08113 -5.153812
1.042275 -5.403571
1.079139 -5.159226
1.065416 -5.337641
1.072417 -5.504771
1.024619 -5.544809
1.037809 -5.859974
1.052211 -5.589673
0.984853 -5.002119
0.9445058 -4.795099
0.9193292 -4.51701
0.9242169 -4.730591
0.9088683 -4.382011
0.9474831 -4.274484
0.8993472 -4.084895
0.8839519 -3.654247
0.8967896 -4.39432
0.8705427 -4.179481
0.8773269 -3.776583
0.8527455 -4.049739
0.9024043 -4.032534
0.9066648 -4.007772
0.8504272 -4.19257
0.8650456 -4.711332
0.8862875 -4.496823
0.938565 -4.386348
0.8886262 -4.505051
0.9543716 -4.354036
0.9191315 -4.429532
0.9558583 -4.508702
1.004926 -4.473388
1.024439 -4.726091
1.000616 -5.085426
0.9508922 -4.947652
0.9135125 -5.159919
0.9555755 -4.853604
0.9700424 -4.910262
0.9678588 -4.860634
0.9641286 -5.263649
0.9514435 -5.31471
0.9136555 -5.026697
0.8995242 -5.069658
0.9651121 -4.927442
0.9807895 -4.921086
1.013851 -5.307121
0.9671241 -5.535382
0.9462103 -5.146411
0.9237782 -5.087351
0.994959 -4.969766
0.9537007 -5.167737
1.023655 -5.391283
1.009726 -5.424574
1.032084 -4.831644
0.9633996 -4.798954
0.9751398 -4.68586
0.975547 -4.311091
0.9610979 -4.500219
0.9613608 -4.306877
0.9721327 -4.107473
1.006933 -4.476219
1.004903 -4.82036
1.005819 -4.753035
1.031044 -4.725636
1.035238 -4.350504
1.019485 -4.183532
0.9892345 -4.254885
0.9440816 -4.286578
0.9311242 -3.717554
0.8921225 -4.034615
0.8771663 -4.356603
0.9651055 -4.258541
0.9571996 -4.021242
0.9870299 -4.680333
0.9706612 -5.299933
0.9256496 -5.045442
0.9817997 -4.722328
1.000109 -4.971105
0.9941169 -5.034702
1.004577 -5.227773
0.9769883 -4.610781
0.9364438 -5.001372
0.9608674 -5.337444
0.9939932 -5.296805
0.997629 -5.481247
0.9764868 -4.828707
0.9326451 -4.859077
0.8882699 -4.723068
0.8809422 -4.519669
0.8711208 -4.397369
0.9111612 -4.214601
0.8813974 -4.175993
0.8565829 -4.241148
0.8633296 -3.9652
0.865802 -3.821509
0.8921834 -3.567722
0.9682104 -4.166155
1.029864 -4.863839
1.017352 -4.706243
1.017275 -4.499222
0.9797361 -4.360865
0.9182927 -4.273176
0.9070158 -4.656491
0.8994257 -4.626776
0.9477883 -4.894782
0.8963181 -4.816646
0.8880177 -4.399188
0.9361289 -4.489647
0.9731409 -4.352699
0.9538993 -4.962835
0.9550887 -4.593369
0.9277178 -4.862289
0.951629 -4.34298
0.983708 -4.815149
0.9815972 -4.675871
0.9926395 -4.989392
0.9661224 -4.856347
0.9672759 -4.514022
0.963874 -4.41531
0.9629042 -4.596459
0.9475441 -4.731902
0.9417997 -4.986095
0.9648259 -4.402046
0.9634652 -4.269006
0.9335956 -4.609778
0.91957 -4.386411
0.9407212 -4.739289
0.9816022 -4.942196
1.002786 -4.523119
0.9532714 -4.205092
0.9291901 -4.480309
0.925424 -4.550859
0.97373 -4.724762
0.9398341 -4.583045
0.9027177 -4.72778
0.9009882 -4.282053
0.9506932 -4.568827
0.9587086 -4.777785
0.9604332 -4.856399
0.9751119 -4.698951
0.9801792 -4.578658
0.9667999 -5.385889
0.9570117 -5.648931
0.9949322 -5.698823
0.9960283 -5.607061
0.9569214 -5.164053
0.9899906 -4.470319
0.9831357 -4.678731
1.000319 -4.971101
1.021341 -5.16541
1.06026 -5.056237
1.062754 -5.088428
1.051787 -4.546534
0.9656652 -4.650873
0.9638976 -4.928147
0.9990929 -5.119693
1.0702 -5.523233
1.033421 -5.929341
1.065937 -5.358591
1.06382 -5.756935
1.087173 -5.683778
1.097403 -5.504997
1.088189 -5.380151
1.092651 -5.284625
1.033315 -4.876885
0.99756 -4.831435
0.992515 -4.908368
0.941342 -5.054113
0.9616677 -5.186441
0.9900379 -5.66576
0.9853116 -5.261503
1.01059 -5.521929
1.112195 -5.654571
1.137148 -5.081099
1.052892 -5.684365
1.054691 -5.468971
1.027944 -4.868004
1.035879 -5.001192
1.01738 -4.645146
0.9933226 -4.850878
1.011703 -5.181275
0.9996407 -4.860776
1.04273 -4.620038
1.031407 -4.575803
0.9276324 -4.80186
0.8727647 -5.110235
0.855791 -4.780674
0.8698183 -4.944926
0.8856381 -4.96914
0.9207652 -4.600721
0.9547198 -4.347881
0.9574564 -4.479754
0.9549303 -4.593808
0.9798913 -4.735827
0.9208114 -4.574348
0.9469043 -4.517081
0.9188955 -4.348352
0.895785 -3.805845
0.885853 -4.008714
0.8822931 -4.083603
0.8831677 -3.754873
0.9072024 -4.221268
0.9480849 -4.050646
0.9757014 -4.066795
0.9304082 -3.560569
0.9440732 -4.0834
0.9519581 -3.961695
0.9409769 -3.706434
0.9348294 -4.054168
0.9104106 -4.926746
0.9150217 -4.750708
0.9513142 -4.785863
0.9707421 -4.236627
0.9344814 -4.081452
0.9501991 -4.078592
0.9155779 -4.134062
0.9623777 -4.636362
0.9798837 -4.66493
0.9771078 -4.577615
0.9444075 -4.667087
0.9784965 -4.662602
0.9960365 -4.395205
0.9884855 -4.208252
0.9875691 -4.502696
1.012914 -4.635984
1.005256 -4.205352
1.019393 -4.767259
1.065728 -4.77954
1.066504 -5.305923
1.058282 -5.185219
1.059862 -5.160866
1.047484 -4.947584
1.028417 -5.072516
1.022829 -4.814894
0.9967454 -5.170195
1.019068 -4.92866
0.9903689 -5.088162
1.032615 -4.839119
1.048076 -5.292046
1.014705 -5.512102
1.006448 -5.3429
1.002801 -5.646237
1.047079 -5.927209
1.028738 -5.792276
1.041106 -5.594673
1.032972 -5.43407
1.01811 -5.221593
1.021128 -4.667998
1.036067 -5.393095
0.9902795 -5.245417
0.9874229 -5.597294
0.9631388 -5.232553
0.9381761 -5.430418
0.9550165 -5.572719
0.9574896 -5.157475
0.9573961 -5.347628
0.9832419 -5.217598
0.9531437 -4.319172
0.9701126 -4.569192
0.965024 -4.496008
0.987679 -4.31196
1.017441 -4.750149
1.002173 -4.219352
0.9735067 -4.521935
0.966921 -5.579882
0.9628407 -4.83025
0.9588377 -5.090092
0.9053035 -4.900775
0.9252968 -5.146869
0.9442737 -4.85106
0.9547603 -5.114191
0.9985669 -4.621289
0.9423529 -4.985718
0.9024049 -4.731469
0.9405818 -4.63042
0.9220017 -4.748279
0.9338373 -4.222853
0.9560765 -3.953097
0.9371558 -4.056626
0.9198356 -4.77741
0.9603323 -4.284357
0.8781969 -4.361864
0.8812109 -4.311263
0.8367621 -3.971543
0.884601 -3.980531
0.8747877 -3.711267
0.8908858 -3.465338
0.8745165 -3.382114
0.9041671 -3.342533
0.9214408 -3.790809
0.9153695 -3.849264
0.9716174 -3.924808
0.969197 -4.078236
0.9332277 -5.156182
0.9890213 -5.139388
0.9607132 -4.992117
0.9172225 -5.482364
0.9502725 -5.458765
0.9648707 -5.482681
1.017025 -5.278174
0.9897195 -5.227419
1.018337 -4.9345
1.044445 -5.071689
1.02654 -4.956905
1.012753 -4.739545
0.9984251 -4.710859
0.9843341 -4.680652
1.026394 -4.682748
0.967886 -4.899419
0.9447828 -4.747608
0.9699155 -4.706572
0.9692517 -5.021498
0.9650475 -4.738624
0.9373863 -4.588567
0.9101743 -4.630475
0.9229415 -4.282787
0.945531 -4.247623
0.9247777 -4.188853
0.9327587 -4.462484
0.8827485 -4.513323
0.9486568 -4.592942
0.9362206 -4.939502
0.968635 -4.738664
0.9283091 -5.035867
0.9974894 -4.63053
0.997677 -5.025897
0.9945529 -4.598762
1.01636 -4.524306
1.044685 -4.545032
0.9629974 -4.615596
0.9401169 -5.002899
0.9192473 -5.483641
0.9182726 -5.476459
0.9288328 -5.19178
0.9433461 -5.203152
0.957181 -5.148973
0.9394876 -4.56182
0.9575226 -4.227252
0.9725438 -4.29731
0.9700302 -4.183288
0.9781079 -4.474117
1.001623 -4.495881
0.9648029 -4.208417
0.9715463 -4.192251
0.9580913 -3.582583
0.9643807 -4.131356
0.9634743 -4.165155
0.9332324 -4.737041
0.9223262 -4.99193
0.975026 -5.339506
0.9186566 -5.091702
0.9609742 -5.487517
0.9387787 -4.946025
0.9434085 -4.960931
0.9649662 -5.940598
0.9884158 -5.967778
1.003609 -5.894224
0.966049 -5.783283
0.976984 -6.087218
0.9606618 -5.952153
1.006899 -6.103443
0.9953566 -5.908351
0.9369221 -6.424257
0.9339765 -5.9598
0.9378018 -5.494375
0.9190362 -4.612236
0.9566068 -4.858413
0.894202 -4.421463
0.8317735 -4.780216
0.8617445 -4.815001
0.892059 -4.660253
0.9546109 -4.602336
0.9664454 -4.427842
0.994721 -4.50438
1.06149 -4.855695
0.9699658 -5.228222
0.9638162 -5.660778
0.9739256 -5.807673
0.9582663 -4.480348
0.9943935 -5.379776
1.0061 -5.398551
1.013662 -5.336196
0.9670214 -5.049894
0.9907123 -4.600011
0.9589883 -3.960874
0.9792285 -4.113206
0.953426 -4.766409
0.9454823 -4.961323
0.9315573 -4.906387
0.9167357 -4.731347
0.9431254 -4.869291
0.9742356 -4.951299
0.9559323 -4.533114
0.9181563 -4.532551
0.900712 -4.828428
0.9484444 -5.057718
0.9509917 -5.14691
0.9268981 -5.291962
0.9587822 -5.175187
0.9577683 -5.21909
0.9235426 -5.268233
0.9697026 -4.927036
0.910015 -5.294259
0.9352367 -5.458787
0.9943875 -5.508815
1.025746 -5.77112
1.037878 -5.338937
1.070131 -5.357829
1.062693 -4.909481
1.026145 -5.026599
1.049725 -4.78951
1.033015 -5.188619
1.037447 -5.004532
0.98959 -5.175463
0.9997292 -5.35644
0.9599327 -5.460685
0.9414653 -5.84374
0.9520832 -5.654268
0.9857903 -4.905246
0.942242 -4.506878
0.9675597 -4.801193
0.9556054 -4.589559
0.9527135 -4.448786
1.004413 -4.911024
1.011481 -4.299075
1.003105 -4.331068
0.975347 -3.904926
1.016096 -3.943489
1.02112 -4.169473
0.9757427 -4.356081
0.9246534 -4.33625
0.9236088 -3.830747
0.9705072 -4.370752
0.948732 -4.057559
0.9226581 -4.132351
0.9197354 -4.089433
0.9732769 -4.35163
0.9757494 -4.529974
0.9422748 -4.368937
0.9644408 -4.741888
0.9796722 -4.541164
0.9548708 -4.248135
0.9909742 -4.755501
0.9764099 -4.430064
0.9948642 -4.460966
0.9375139 -4.858185
0.9118022 -4.658648
0.9527233 -4.455868
0.913931 -4.276218
0.8925479 -4.577114
0.9586263 -5.228885
0.9491732 -4.970865
0.9232577 -5.213862
0.9589821 -5.001816
1.006352 -4.464142
0.9645642 -4.501182
0.9427254 -4.31823
0.9102641 -4.320045
0.8762392 -4.565748
0.8787494 -4.436324
0.915453 -4.386603
0.9194846 -4.607186
0.9110482 -4.410472
0.9329661 -4.306377
0.9284233 -4.181266
0.9757225 -4.89268
0.9565791 -4.742822
0.9993656 -5.469478
0.9876438 -5.276301
0.9797705 -5.397401
1.036991 -5.004094
1.043568 -5.000911
1.075617 -4.72515
1.090229 -4.752373
1.071907 -4.738405
1.089788 -4.683384
1.112642 -4.959687
1.071237 -4.600445
1.064336 -4.3197
0.9831959 -4.478694
0.9739849 -4.471976
1.010855 -4.192933
0.9635251 -4.451769
0.9068664 -4.652686
0.9237237 -4.822754
0.9267827 -4.617953
0.8804762 -4.555509
0.9142593 -4.83622
0.9608263 -4.690884
0.9535042 -4.691835
0.9702675 -4.44516
0.898481 -4.859209
0.9095983 -5.335847
0.954885 -5.171115
0.976935 -5.028933
0.9778613 -4.828356
0.9647426 -4.665266
0.9604144 -4.656301
0.9624599 -4.435567
0.9157273 -4.592629
0.9264966 -4.301979
0.8727636 -4.755581
0.8525804 -4.245439
0.8793944 -4.529048
0.8747454 -3.917161
0.8724833 -4.098682
0.9033213 -3.630145
0.9224985 -3.583483
0.9125189 -3.800307
0.9224413 -4.217017
0.8558804 -4.319621
0.9206046 -4.449974
0.9394981 -4.425363
0.9655966 -4.098371
0.964431 -3.788759
0.96055 -4.144221
0.9519095 -4.725076
0.9434157 -4.808352
0.9263105 -4.753439
0.879458 -4.482085
0.93547 -3.612892
0.9645553 -4.219533
0.972569 -3.970133
0.986672 -4.621518
1.012405 -4.740148
0.9786924 -4.581214
0.9742517 -4.748209
0.9594865 -4.703928
0.9510132 -4.667696
0.9442844 -4.578432
0.9050383 -4.268844
0.9072681 -4.282897
0.909068 -4.318144
0.8802413 -4.672146
0.8877618 -4.658909
0.8840178 -4.838079
0.9162562 -4.804352
0.97066 -4.712288
0.9246875 -4.648268
0.9618769 -4.430507
0.9943462 -4.842712
0.9564612 -5.10092
0.9395651 -5.233714
0.9289973 -4.97536
0.9638682 -5.033051
0.9578754 -4.775742
1.018807 -5.131241
0.9581283 -4.614845
1.019735 -5.079013
1.03955 -5.521531
1.046198 -5.239429
1.011373 -4.948706
1.0299 -4.963463
1.043088 -5.146646
1.035188 -4.634897
1.09043 -5.585418
1.049849 -5.468843
1.035492 -4.925517
1.083872 -5.323418
1.073999 -5.392081
0.9738876 -5.813864
0.9662357 -6.139406
0.991011 -5.307391
0.934798 -5.489471
0.9510289 -5.726195
0.8905872 -5.168009
0.9530829 -5.314534
0.9778456 -4.59622
0.9798833 -4.394202
0.9493623 -4.125555
0.942939 -4.160159
0.8991726 -3.851893
0.8955294 -3.918985
0.9618911 -3.99421
0.9548168 -4.536816
0.9291128 -4.550237
0.9512909 -4.507226
0.9549101 -4.827652
1.011425 -4.640311
1.051494 -4.692284
1.050938 -4.358493
1.060566 -4.362423
1.044695 -4.73317
1.036602 -4.583969
1.008492 -4.659404
0.99415 -4.971304
1.042162 -4.879662
1.016588 -5.185073
1.026716 -5.143031
0.9872833 -5.247474
0.9989332 -5.246185
1.015026 -5.171659
0.9997552 -5.128501
1.072876 -5.403762
1.079069 -5.457289
1.023188 -5.482301
1.018297 -5.859608
1.00032 -5.458645
0.9372935 -5.223939
0.9470417 -5.267847
0.9212589 -4.810663
0.9529612 -4.820697
0.9564423 -4.528006
1.04284 -3.988361
0.9661168 -4.457046
0.95497 -4.778505
0.9418642 -4.391261
0.9314224 -4.253745
0.9273865 -3.932087
0.9289644 -4.149697
0.9085799 -4.096735
0.9784623 -4.637702
0.9589273 -4.631332
0.8701696 -4.854022
0.8853655 -4.296256
0.9116738 -4.240169
0.8995487 -4.197466
0.9018151 -4.443749
0.864449 -4.22231
0.8869223 -4.704331
0.8966105 -4.140176
0.8709993 -4.629324
0.9007012 -3.918753
0.9109353 -3.664288
0.9411712 -3.827899
0.9345505 -4.146358
0.9571893 -4.093222
0.9548138 -3.989255
0.951285 -4.29576
0.9135623 -4.160709
0.8899311 -4.345014
0.8827499 -4.03094
0.9093441 -4.533145
0.9058233 -4.103958
0.9274992 -4.344037
0.9760782 -4.434361
0.95004 -4.379892
0.9302729 -4.048923
0.9087449 -4.240779
0.9716822 -4.401884
1.009451 -4.02556
0.958151 -4.360829
0.9603386 -5.079092
0.9667444 -4.843163
0.9999884 -5.626984
1.039836 -5.990919
0.9484163 -6.33352
0.9477461 -6.065983
0.9638081 -6.383553
0.978876 -6.426525
0.9244993 -6.083747
0.9174669 -5.957079
0.9569018 -5.849472
0.9875826 -5.96975
0.9874051 -5.883872
0.9470593 -5.931443
1.01894 -4.725864
0.9887168 -5.037418
0.9885905 -4.550679
0.9600374 -4.531898
0.9680774 -4.83889
0.9228182 -4.486433
0.9153461 -4.710475
0.9492143 -4.313617
0.9142789 -4.592695
0.9055381 -4.42215
0.9050576 -4.500127
0.900249 -4.962205
0.9148994 -4.535748
0.9081643 -4.846667
0.9440672 -4.647067
0.9378045 -4.769754
0.9314917 -4.599931
0.9546647 -4.812095
1.026673 -4.506786
1.046096 -4.569254
1.059799 -5.176448
1.078458 -5.022786
1.07317 -4.812589
1.009829 -4.814197
0.9925997 -4.679921
0.9591184 -5.177596
0.990725 -5.531483
1.013005 -5.558448
1.002613 -5.723215
1.059351 -5.461105
1.087592 -5.78171
1.083847 -5.465218
1.065792 -5.16984
1.071721 -4.992075
1.01006 -4.582878
0.965359 -4.853622
1.017066 -5.09066
1.048356 -4.908717
1.085578 -4.95155
1.078718 -5.517666
1.076252 -4.865259
1.095842 -4.831407
0.993385 -5.123933
0.9961893 -5.581543
0.9986432 -5.56819
0.9368273 -5.6746
0.9585199 -4.717715
0.9365909 -5.015977
0.9805855 -6.009731
0.9834576 -5.559431
1.01504 -5.44121
1.086627 -5.778382
1.017555 -6.089773
1.027659 -6.033357
1.02936 -6.380876
0.9794996 -5.890401
0.9791496 -6.207241
0.946827 -5.847313
0.9929743 -5.253039
0.9767196 -5.084221
0.9613805 -5.259756
0.9500793 -4.751093
1.000247 -4.982425
1.035045 -4.972754
0.9979746 -4.791898
1.041294 -4.541732
1.018138 -4.839495
0.9775393 -4.711591
0.9768804 -4.52957
0.9558817 -4.273272
0.8972573 -4.479078
0.9404999 -4.481096
0.9744006 -4.310145
0.9263927 -4.589279
0.9139324 -4.320601
0.9167388 -4.197321
0.8886934 -4.47106
0.9662827 -4.239124
0.9561346 -4.335903
0.9414534 -4.112263
0.9657355 -4.157571
0.9462522 -4.528916
0.9309674 -4.643389
0.9329513 -4.570558
0.9688361 -4.515398
0.9534884 -4.722417
0.9451867 -5.143212
1.010727 -5.459948
1.02585 -5.295409
1.057362 -5.663227
1.033051 -5.546571
0.9801987 -5.295046
1.04318 -5.254363
1.017284 -5.62367
0.9287751 -6.01017
0.996961 -5.705548
0.988566 -5.6487
0.9577173 -5.780834
0.9489394 -5.421787
0.9648219 -4.972468
0.9675849 -5.111748
1.02619 -4.666973
1.037257 -4.65878
0.9831396 -4.748841
0.999652 -4.811975
1.005131 -4.811631
1.012717 -4.745412
1.028946 -4.925892
0.9547696 -5.255803
0.9600762 -5.062797
0.9239888 -4.692775
0.8999423 -5.174063
0.9163935 -4.448266
1.001711 -4.219064
0.9553526 -3.981385
0.9544064 -4.701355
0.9834563 -4.571137
0.9845477 -4.607241
1.039096 -4.626428
1.001881 -4.629446
1.016617 -4.007848
0.9792605 -4.716286
0.9487113 -4.698865
0.9893152 -5.126581
0.9383328 -4.980008
1.006438 -4.92399
0.937872 -5.00975
0.9812281 -5.124276
1.011693 -5.179489
1.073219 -5.490326
1.100619 -5.635776
1.026913 -5.212218
0.9859558 -5.405581
1.036356 -5.425444
1.057253 -5.395275
1.006209 -5.023461
0.9782027 -4.491871
0.9856687 -4.332961
0.9915483 -4.510436
0.9963722 -4.879892
1.009846 -4.649946
1.015259 -4.393463
1.00519 -4.357655
1.008653 -4.777029
1.030119 -4.297847
1.034026 -4.391181
1.027973 -4.742538
1.057028 -4.609928
1.042096 -4.663863
0.9987027 -4.727877
1.02053 -5.179216
0.9651288 -5.087612
1.008835 -5.274657
1.07607 -5.723773
1.094827 -5.455701
1.062815 -5.404744
1.022593 -5.675603
1.006146 -5.080152
0.959177 -5.063383
0.977912 -5.075729
1.028592 -5.62548
1.038066 -5.253779
1.001347 -4.907708
0.9657652 -5.038612
0.9391657 -5.268928
0.9608559 -5.354226
0.9655234 -5.418297
0.9306768 -5.321929
0.982777 -5.311937
0.9562839 -4.370973
0.9954826 -3.861894
1.008028 -4.743518
0.9849179 -4.118241
1.013109 -4.205322
1.013614 -4.199125
1.006737 -4.255242
1.023682 -4.83763
1.001765 -4.729331
0.992159 -4.549118
1.012618 -4.730277
0.9382784 -4.605678
0.94854 -4.551337
0.9711932 -5.010148
0.9383543 -4.933567
0.964976 -4.56066
0.960282 -4.899989
0.9337845 -5.214942
0.9438961 -5.304457
1.000071 -5.046798
1.022745 -4.985765
0.976738 -5.236234
0.9808016 -4.979992
0.9701206 -4.469707
0.9951742 -4.473597
1.005493 -4.808489
0.9944454 -4.545472
0.9845083 -4.182334
0.9762341 -4.153863
0.9548078 -4.166752
0.9349325 -4.711752
0.9276495 -4.703227
0.8835005 -4.411686
0.8924818 -4.590461
0.9237599 -4.599772
0.902276 -4.354922
0.8827439 -4.704661
0.9257425 -4.13513
0.8834963 -4.241629
0.9183777 -3.854162
0.9342912 -3.902364
0.8923288 -4.118058
0.9011386 -4.021565
0.8938944 -3.915835
0.9147036 -4.030303
0.9692775 -4.006286
1.014957 -4.11732
1.008765 -4.388557
0.989933 -4.479518
0.9775843 -4.957456
0.9529301 -4.490729
0.9274741 -4.490889
0.9386103 -4.508073
0.9326735 -4.25632
0.9825813 -4.509732
0.9662708 -4.385482
0.9541401 -4.751113
0.9234974 -5.268385
0.9161759 -5.317557
0.9545798 -5.146851
0.9130868 -4.712943
0.9811262 -4.622087
0.978891 -4.95541
0.9956542 -4.884344
0.9735413 -4.571706
0.9957263 -4.68867
0.964502 -4.619405
0.9615809 -4.973281
1.026389 -5.262499
0.9961618 -5.085627
1.026479 -5.058913
1.063282 -5.243398
1.082748 -5.170572
1.041358 -4.93312
1.032516 -5.975614
0.9954961 -5.983856
1.030888 -5.926837
1.000953 -5.866633
0.9637349 -5.734444
0.9929111 -5.68792
0.9933507 -5.090674
0.9616222 -5.427453
0.9301223 -5.012202
0.9587799 -5.057516
0.907352 -4.271483
0.9090951 -4.138647
0.9116555 -4.341118
0.9201367 -4.265317
0.9202024 -3.90704
0.9506768 -4.537574
0.9508698 -3.997121
0.9225093 -3.98919
0.963041 -4.218954
1.022875 -4.236278
1.022954 -4.179708
0.9629632 -4.393761
0.9188824 -4.410306
0.9100511 -4.495914
0.8855795 -4.048162
0.9374639 -4.207059
0.9124698 -4.214383
0.9255795 -3.912076
0.9616903 -4.318787
0.9108043 -4.273996
0.9432254 -4.162157
0.9997108 -4.714713
1.009744 -4.552061
1.012669 -4.506116
0.9443691 -3.78532
0.9256794 -3.994601
0.9483541 -4.175365
0.88324 -4.271054
0.8714914 -4.365565
0.8984112 -4.301028
0.9277927 -3.901313
0.9124594 -4.442311
0.8761333 -4.540849
0.905945 -4.59669
0.9232395 -4.296618
0.90023 -4.609043
0.9340736 -4.299615
0.9105628 -4.408142
0.9456565 -4.532903
0.9323133 -4.900267
0.9028252 -5.105606
0.9333899 -5.513147
0.9717587 -5.446285
0.8838836 -5.723705
0.9238458 -5.388832
0.9461888 -5.32708
0.9998136 -5.438834
0.9923242 -5.353439
1.051801 -5.257418
1.031847 -5.385737
1.036466 -5.322533
0.9680026 -4.823013
0.9622295 -4.940085
0.962099 -4.586021
0.9445572 -4.709862
0.9821445 -4.156464
0.9456441 -4.450265
0.9545095 -4.302155
0.9826926 -4.040456
1.010408 -3.855523
0.9991567 -4.509143
1.027756 -4.153289
1.019512 -4.239684
1.037249 -4.3105
1.006168 -4.139895
0.8906469 -3.820341
0.8849568 -3.881706
0.9255965 -3.40534
0.9278407 -3.378306
0.9270637 -3.724511
0.921506 -3.715875
0.8882771 -4.014499
0.8977558 -3.690679
0.9085504 -3.950273
0.9293328 -4.065183
0.9585965 -4.46001
0.9886631 -4.728526
0.9850327 -4.529879
0.9784732 -4.685515
1.034622 -4.564087
0.9877905 -4.363431
0.9723856 -4.53744
0.9930687 -4.175727
0.9537193 -4.568644
0.9533485 -4.661021
0.9750741 -4.928689
0.9534028 -5.031037
0.9417479 -4.891707
0.8771195 -5.038403
0.9567437 -4.994939
0.9454063 -5.260993
1.003228 -5.424515
1.038502 -5.15208
0.9494317 -5.281464
0.9716408 -5.359009
1.003875 -5.572734
0.9737306 -5.433884
1.021246 -5.388993
0.9704594 -5.442175
0.9266593 -5.412641
0.9320601 -4.677654
0.9269421 -4.328787
0.9190375 -4.396211
0.9740511 -4.440481
0.9694953 -4.650884
0.9629876 -4.677063
0.9596891 -4.733439
0.9913363 -5.003499
0.9959711 -5.0244
1.020905 -5.13783
1.004114 -5.329654
1.041942 -5.954084
0.975336 -5.057577
0.9691481 -4.378981
0.9690239 -4.342378
0.9724508 -4.012306
0.9618046 -4.454639
0.9443039 -4.298176
0.9488692 -4.5021
0.9715482 -4.330261
0.9233025 -4.400901
0.9572626 -4.468649
0.9315574 -4.613895
0.8749115 -4.42549
0.8963288 -4.366172
0.9024396 -4.560216
0.9286553 -4.790173
0.8939258 -4.851286
0.9167619 -4.946445
0.9054485 -5.234953
0.9106022 -4.882749
0.9541372 -4.646582
0.9316166 -3.885964
0.9478541 -4.19172
0.9473335 -4.080183
0.93471 -4.415305
0.9872082 -4.314019
0.9506116 -4.346748
0.9428489 -4.401399
0.9594186 -4.207884
0.9031345 -4.093371
0.8757581 -4.041701
0.8985956 -4.331022
0.8993007 -4.310333
0.8824754 -4.119491
0.9215809 -4.065067
0.8854407 -4.275943
0.8760028 -4.809898
0.8982614 -5.201024
0.9450746 -4.864861
0.9142487 -4.778508
0.9069973 -4.734924
0.9471893 -4.913173
0.9601753 -5.043808
0.9758482 -4.752491
0.8964564 -4.105104
0.9126764 -4.151176
0.9302982 -4.487219
0.9118081 -3.978497
0.8851469 -3.491284
0.8546112 -3.354069
0.8322934 -3.629415
0.8440603 -3.441873
0.8567605 -3.820631
0.8908593 -3.668477
0.923099 -4.057738
0.888072 -4.256125
0.9487944 -3.87944
0.9380851 -4.012209
0.9951002 -4.064645
0.9644745 -3.895489
0.9767913 -4.094708
0.9417249 -3.772409
0.9152617 -3.950024
0.9119063 -3.737178
0.8691083 -3.879401
0.8960159 -4.046805
0.8475504 -4.293822
0.8464054 -4.188688
0.8636802 -4.00852
0.9052336 -4.647402
0.9317296 -4.564521
0.8849935 -4.785413
0.9641193 -5.103976
0.9216403 -4.551457
0.9288288 -4.13234
0.9274825 -4.496452
0.9620059 -4.839487
1.065501 -4.504493
1.022824 -4.634249
1.033644 -4.555977
1.029671 -4.673216
1.01453 -4.533978
1.029965 -4.571481
1.035647 -4.639521
1.039993 -4.883026
1.067553 -4.919324
1.039602 -5.083747
1.025135 -4.846027
0.9633482 -4.798218
0.92313 -4.933807
0.9526651 -5.039441
0.962799 -4.327928
0.9526207 -4.820514
0.9248118 -4.587256
0.9297967 -3.86209
0.9328344 -3.53209
0.9076279 -4.172916
0.8986552 -4.450953
0.9128659 -4.460471
0.8863955 -4.30781
0.8685025 -4.252918
0.9056969 -4.398223
0.8961332 -4.23592
0.8943018 -4.093806
0.9237654 -4.322569
0.9486064 -4.467231
0.9679244 -4.784589
0.9787188 -4.377657
0.9523523 -4.444505
0.9795471 -4.374949
0.9640507 -4.703278
0.9381003 -4.760432
0.9068416 -4.584948
0.9014897 -4.772384
0.9457531 -5.081877
0.9039449 -4.776039
0.9244313 -4.767603
0.9347785 -4.631003
0.9496861 -4.15843
0.9737936 -3.72085
0.9560307 -4.029009
0.9485851 -4.336974
1.005949 -4.779078
0.9545839 -4.818216
0.9322586 -4.552092
0.90755 -4.727832
0.8999316 -4.386887
0.8870758 -4.434011
0.9416438 -3.883666
0.9522378 -3.938252
0.9707874 -3.884114
0.928322 -3.742766
0.9087794 -3.751046
0.9382244 -3.545646
0.9905557 -4.002645
1.020014 -3.430365
0.9752303 -3.722905
0.9604798 -3.956025
0.985721 -4.174175
0.9573652 -5.025233
0.9929943 -4.825257
1.059821 -5.2552
1.087817 -5.467029
1.1167 -5.87331
1.110945 -6.263037
1.123806 -6.278943
1.123237 -6.657718
1.111987 -6.126401
1.079791 -5.653971
1.034803 -5.392717
1.017969 -5.242103
0.9616575 -5.136431
0.9552876 -4.864539
0.9756609 -4.697078
0.9595308 -4.879064
1.031739 -4.990745
0.9853791 -4.774007
0.9737933 -5.084741
0.9579734 -4.866096
0.9348282 -4.862544
0.9673588 -4.82621
0.9938534 -5.129175
0.9823855 -4.483607
1.006373 -4.764469
0.9736106 -5.404582
1.000153 -4.691113
0.993297 -5.098701
1.010139 -4.952394
0.9735846 -4.514983
0.9171846 -4.904626
0.9143443 -4.912422
0.9397875 -4.74496
0.9597237 -4.142173
0.9630763 -4.16184
0.9697456 -4.31137
1.015965 -4.928171
1.004565 -4.964908
1.013118 -5.384828
1.077967 -5.238629
1.055501 -4.973755
1.015028 -5.4512
0.992311 -5.495841
0.9652288 -5.624832
0.9668665 -5.041747
0.9665777 -5.252585
0.9383053 -5.086712
0.945013 -5.128338
0.899721 -5.127197
0.8829198 -4.874936
0.8895669 -5.210269
0.9122 -4.525466
0.9419893 -4.564408
0.8953495 -4.736943
0.9559641 -4.614751
0.9622359 -4.842523
0.9510349 -5.093267
0.9742272 -5.007174
0.9549455 -4.922252
0.9270334 -4.747757
0.8940928 -4.689267
0.9304015 -5.300722
0.967393 -5.403261
1.016697 -5.007993
0.9824629 -4.821574
0.9495974 -4.942291
0.9818089 -4.949841
0.939503 -4.834478
0.9526428 -4.840768
1.012697 -5.097189
1.029581 -5.030528
0.9823812 -5.360519
0.965667 -4.936701
0.9852735 -5.283739
0.986292 -5.305009
1.025481 -4.761221
1.030601 -5.032611
1.04295 -5.138822
0.9818515 -4.856652
0.9692737 -5.013235
0.9198133 -4.601797
0.9087462 -4.756367
0.9159238 -4.643005
0.940575 -5.363818
0.8769291 -4.386299
0.8938346 -3.750711
0.8892403 -3.664025
0.8956929 -4.184809
0.9523252 -4.019755
0.9509766 -4.405564
0.9378195 -3.726448
0.9445008 -3.693017
0.9695969 -4.00506
0.9716021 -4.050993
0.9870318 -4.417132
0.9516115 -4.651047
0.8892263 -5.143329
0.9246374 -5.113112
0.9325892 -4.995148
1.011226 -4.730284
0.9687949 -4.747247
0.9842363 -4.491117
1.012257 -4.664712
0.9978671 -4.614087
0.9872889 -4.810996
0.9661693 -4.955958
0.9324051 -4.541455
0.9672619 -4.423603
0.9550541 -4.479501
0.971231 -4.828482
1.013952 -5.617033
0.941542 -5.187002
1.032394 -5.430032
0.9927746 -4.739553
0.9661768 -5.340767
0.9706049 -5.075566
1.005341 -5.321818
0.9460535 -5.198145
0.945159 -5.198869
0.9766311 -5.013885
1.03569 -4.909759
1.021642 -5.279141
1.015231 -5.076435
1.017985 -5.430192
1.042355 -5.432567
1.026935 -5.21349
1.019799 -4.870909
1.044858 -4.581261
1.10312 -4.852935
1.0723 -5.359463
1.052822 -5.165062
0.9945843 -5.088731
0.9705681 -5.196473
0.9884988 -5.199507
0.9850555 -5.761412
0.9164485 -4.653287
0.9099911 -4.677038
0.8958365 -4.106506
0.8641419 -4.390636
0.9075885 -4.272705
0.9203912 -4.374756
0.9354723 -4.483249
0.9509039 -4.507124
0.9407275 -4.734638
0.9615083 -4.679471
0.9792127 -4.483893
0.9337569 -4.363786
0.9651647 -4.747732
0.9186048 -4.550743
0.9253544 -4.248456
0.9533924 -4.542354
0.9775905 -4.447247
0.9815918 -4.723641
0.967357 -4.84345
0.9768064 -5.282335
0.9675691 -5.743964
0.9339253 -5.826453
0.9467984 -5.399817
0.9315042 -5.494203
0.9312042 -4.996516
0.972024 -5.059477
1.011972 -5.522619
0.9927188 -5.117526
0.9827653 -4.54765
0.9468277 -4.123769
0.936975 -4.748404
0.9263482 -4.662256
0.9422541 -4.937878
0.9723744 -4.81897
0.9623923 -4.975559
0.9809579 -5.114994
0.9951636 -5.070241
1.01274 -5.044583
1.00518 -4.962962
1.00788 -4.909598
1.062923 -4.869454
0.999984 -4.671077
0.970277 -4.794577
0.9742972 -5.624598
1.001612 -5.917461
1.020196 -5.843838
0.9828316 -5.015203
0.9785513 -4.761025
1.010814 -4.875452
1.001252 -4.951516
0.9933961 -4.801515
0.9857369 -5.265986
0.9655436 -5.006776
1.003068 -4.843392
0.9713407 -4.924446
0.995497 -4.638582
1.001386 -5.113859
0.9791889 -5.145078
0.9507935 -5.113404
0.9784733 -5.039168
0.9942921 -5.100787
0.9875876 -4.994256
0.9580739 -4.729983
0.9128604 -4.481887
0.9763871 -4.628028
1.008583 -4.050923
0.9429603 -4.228
0.937724 -4.541412
0.9765831 -4.249251
0.9868935 -4.329859
1.012744 -4.913716
1.004637 -5.195743
0.9776561 -5.170204
0.9818869 -4.850215
0.9552312 -5.053347
0.94584 -5.522196
0.8977479 -4.547613
0.8251197 -4.663247
0.8346346 -4.419022
0.9005901 -4.316621
0.9306272 -4.604563
0.8674012 -4.092804
0.887174 -3.809139
0.9331177 -3.911489
0.9806721 -4.114342
0.9826987 -4.322897
0.9730954 -4.020564
0.9646707 -4.064986
0.977742 -4.271648
1.039654 -4.589942
1.020799 -4.659936
1.036685 -5.150754
1.021642 -4.874799
1.035341 -4.895115
1.013628 -5.136632
1.01094 -5.227337
1.027709 -5.751205
1.058133 -5.68386
1.006725 -5.403985
0.9536597 -5.387704
0.9295104 -4.844869
0.9212964 -4.919734
0.9344752 -5.083416
0.9872573 -5.138948
0.9930255 -5.254839
1.03181 -5.395434
1.00846 -5.634472
1.029918 -6.261078
1.067216 -5.71697
1.069151 -5.215815
1.043952 -5.108946
1.094546 -4.825898
1.041866 -4.72389
1.050906 -4.41607
1.016553 -4.456118
0.9847891 -4.445866
0.9940145 -4.512486
1.014457 -5.059079
1.039033 -5.321131
1.083616 -5.427161
1.044362 -5.098634
1.026607 -5.453307
1.023076 -5.845527
1.030733 -5.723047
1.021881 -5.986628
1.04388 -5.72999
0.9718155 -5.422909
0.9717871 -4.454283
0.9610723 -4.806282
0.9818296 -4.855141
1.014763 -5.066512
1.040505 -5.561857
0.9824607 -5.766373
1.015417 -5.601278
0.9731033 -5.138601
0.9808049 -5.21147
0.9949617 -4.872554
1.001465 -4.973868
0.9626291 -4.178835
0.9514647 -4.441906
0.9484581 -4.476271
0.9429237 -4.198176
0.9151478 -4.311024
0.9199334 -4.352843
0.8894256 -3.955777
0.8904661 -4.28429
0.8753448 -4.344223
0.8974829 -3.993493
0.9104291 -3.904487
0.9270723 -4.712112
0.9298059 -5.056229
0.8987443 -4.786018
0.9543599 -4.506873
0.9509126 -4.334571
0.912624 -4.93329
0.9127882 -4.684746
0.954543 -4.184249
0.9512865 -3.950605
0.9353185 -3.751966
0.9591923 -4.26099
0.9468912 -4.46383
0.9238645 -4.832818
0.9402371 -4.518897
0.8937932 -4.994282
0.9215589 -4.566533
0.9239124 -4.698191
0.933816 -4.781309
0.9830103 -4.304647
0.9725777 -4.700455
0.9870612 -3.647228
0.9475395 -4.203532
0.8944129 -4.279808
0.8495337 -4.12803
0.8965475 -4.371238
0.9249252 -4.492832
0.9164888 -4.388799
0.9063237 -4.788856
0.913264 -4.455889
0.9045996 -4.40125
0.9108256 -4.249757
0.914631 -4.904826
0.9010599 -4.834586
0.9535839 -4.798531
0.9717296 -4.978209
1.016017 -5.391182
1.0084 -5.641318
1.049905 -5.888464
1.022971 -5.56185
1.023633 -5.55611
1.048646 -5.464424
1.066562 -5.574962
1.06531 -6.013829
1.0532 -5.779284
1.042633 -6.260202
1.04588 -6.097963
1.060938 -6.025403
0.9849777 -6.017519
0.9434954 -6.208925
0.9635276 -5.940305
0.9638025 -5.461605
0.9621469 -5.344691
0.9889821 -5.409478
0.9767543 -5.311073
0.9961714 -4.852634
1.048908 -5.35094
1.038114 -5.629391
0.9810054 -6.046752
0.9817096 -5.882838
1.0227 -6.06113
1.027741 -5.704612
1.061101 -5.922915
1.031931 -5.466925
0.977479 -4.547571
0.9684378 -4.846408
0.9660243 -4.948893
0.9723346 -4.55396
1.007407 -4.935714
1.000226 -5.266997
0.9599889 -4.740984
0.9546288 -4.834688
1.002363 -4.869689
0.9730693 -5.251727
0.9701948 -5.415453
0.8980614 -5.285274
0.8441546 -5.661293
0.8906931 -5.201907
0.9056935 -5.086653
0.8878272 -5.01623
0.8817587 -4.637526
0.9693764 -4.741251
0.9861201 -4.389446
0.9802486 -4.473179
0.9376415 -4.276052
0.9374875 -4.889938
0.9445052 -4.816648
0.974918 -4.801481
0.986209 -4.846271
1.060472 -5.011114
1.018305 -4.977187
1.02424 -4.813448
1.003333 -4.737593
0.9784494 -4.729224
0.8931414 -4.864095
0.9102706 -5.206361
0.9278228 -5.072823
0.9090485 -4.987581
0.9414729 -5.196901
0.9666822 -5.091749
1.018537 -4.462694
1.035446 -4.20358
0.982752 -4.34587
0.9494995 -4.807489
0.9781309 -5.006462
0.9660678 -5.441389
1.002006 -5.77886
1.023491 -5.521398
1.020035 -5.009783
1.045302 -5.045064
0.9919739 -4.900961
0.9861655 -5.047593
1.031705 -4.709152
0.9825458 -4.844931
0.99184 -5.139957
0.9319263 -5.10234
0.9049903 -5.441631
0.9146914 -5.171955
0.9838485 -4.602909
1.00997 -4.747083
1.000622 -4.655279
1.008926 -4.577728
0.9954745 -4.80888
0.989721 -4.578314
0.8872797 -4.826465
0.851303 -4.51823
0.8625663 -4.041489
0.9381871 -4.015313
0.976383 -4.422138
0.9563766 -3.953313
0.9679779 -3.646641
0.971095 -3.451959
0.9202136 -3.833418
0.8812661 -4.409318
0.8835852 -4.138867
0.9259471 -4.679751
0.9535406 -5.12154
0.9674078 -4.411245
1.002765 -4.342896
0.9736594 -4.456762
0.9874048 -4.465891
0.9682013 -5.226136
0.9519453 -5.08508
0.9691318 -5.01989
0.9411625 -4.873361
0.9346497 -4.521631
0.9176625 -4.523928
0.919694 -4.330529
0.9652572 -4.006697
0.9283399 -3.979699
0.9371508 -3.91129
0.9630436 -4.507429
0.9765558 -4.639782
0.9852055 -5.035774
0.9648087 -5.18803
0.972056 -5.384001
0.9737972 -5.45954
0.9728315 -5.11092
0.9845249 -5.114076
0.9885082 -4.769667
0.9752781 -4.664197
0.9582819 -4.952282
0.9548277 -4.521529
0.948057 -4.591725
0.9626578 -5.159664
0.9681319 -5.030539
1.005384 -4.929211
1.031392 -4.745619
0.9928101 -4.893793
0.973508 -5.020066
0.9833357 -4.594096
0.9355391 -4.862034
0.9133349 -4.923841
0.9246467 -4.585839
0.9434159 -4.280561
0.9823149 -4.450806
0.8992037 -4.111945
0.8957401 -4.012049
0.9262239 -3.676053
0.9909221 -3.952897
0.9891434 -4.021546
0.9781421 -3.84495
0.9795245 -3.619038
0.9616693 -4.079355
0.9325488 -3.953708
0.9499673 -4.164071
0.9521624 -3.786187
1.003196 -4.797651
0.9876561 -4.97285
1.074631 -4.926078
1.002595 -4.836301
0.9826164 -5.412921
0.9999596 -5.422326
0.9358316 -5.138302
0.9171704 -4.962221
0.8845755 -4.644895
0.868512 -4.536874
0.8154981 -3.906742
0.907544 -4.301619
0.9430129 -4.725991
0.9846942 -4.920945
0.9660015 -4.539494
0.9637838 -4.128993
0.9441251 -4.801564
0.9953487 -4.788476
0.9985421 -5.129533
1.015512 -5.38103
1.045943 -5.018987
0.9577994 -4.837968
0.9339336 -5.131224
0.9369359 -5.203454
0.9195095 -5.191082
0.8997125 -5.290338
0.9362586 -6.216484
0.9928628 -6.144853
1.015458 -5.995483
0.9863039 -5.823695
1.068006 -6.090234
1.028504 -5.981237
1.033247 -5.532889
1.032643 -5.212869
1.01352 -4.651756
1.042474 -5.150908
0.9637256 -5.117837
0.9879294 -5.139232
1.026099 -5.069783
0.9529452 -5.058971
1.003119 -4.725427
0.9979936 -5.131102
1.012575 -5.065882
0.9804006 -5.056084
1.015135 -4.647443
0.9936641 -5.021097
0.9783262 -4.739557
1.013908 -5.087742
1.025312 -4.831943
1.014523 -4.677432
1.029999 -4.814324
0.9889543 -4.832793
1.001187 -4.129902
0.9264063 -3.524138
0.9252283 -2.83259
0.9411493 -2.935567
0.9314449 -3.316427
0.9137549 -3.162312
0.922428 -3.524392
0.9020791 -3.604398
0.9051235 -3.474999
0.9434928 -3.494177
0.9958268 -3.972294
0.9817388 -4.314741
0.9430441 -3.620079
0.8942929 -3.64334
0.8722757 -3.778088
0.9124342 -3.622142
0.9255417 -3.692464
0.9378167 -3.99367
0.9492237 -3.935801
0.9364446 -4.44323
0.9616176 -4.351091
0.9002363 -4.564473
0.9358651 -4.651985
0.9289806 -5.361701
0.9777561 -5.405953
0.9815645 -5.257669
0.9592479 -5.408366
1.01441 -5.862003
1.023587 -5.411074
0.9789238 -5.232835
0.9510348 -5.698228
1.015058 -4.84658
0.9801147 -4.744066
0.9665699 -4.802431
0.9412113 -5.283045
0.9457073 -4.165346
0.9294112 -3.8664
0.9369838 -4.18877
0.8800703 -4.000925
0.9055272 -4.083065
0.8697542 -4.009641
0.9276546 -4.267837
0.9434005 -4.487383
0.9726166 -4.832967
0.9048753 -5.026486
0.9587484 -5.065135
0.9505389 -5.119687
0.9523927 -5.142472
0.9347607 -5.447338
0.9384854 -5.614984
0.9355195 -5.160655
0.9436685 -4.627009
1.001033 -5.246133
1.016388 -5.296621
1.002291 -5.488099
0.9844857 -5.707694
0.9577137 -5.099926
0.9090283 -4.9031
0.9039075 -4.498743
0.9650486 -4.513353
0.9377647 -4.466748
1.007608 -4.610579
1.039646 -4.903763
0.9980555 -4.957031
1.023485 -4.33303
1.021191 -4.4049
1.039772 -3.896664
1.036424 -4.25648
1.042489 -4.480382
1.065364 -4.176692
1.086767 -4.201505
1.048167 -4.413699
1.109054 -4.668379
1.099561 -4.841834
1.057402 -4.606716
1.034506 -4.737928
1.037189 -4.659251
1.04825 -4.628791
1.114168 -4.281376
1.024079 -4.145786
1.026666 -4.496282
1.012095 -4.694019
0.9627211 -4.564491
1.035491 -4.334034
0.9782971 -4.327397
0.9814371 -4.377481
0.9619124 -4.72632
0.9211154 -4.896207
0.9551717 -5.353388
0.9839474 -5.072546
0.9324545 -5.252659
0.8973231 -5.062339
0.8923387 -5.728137
0.9393862 -5.757774
0.9737505 -5.438875
0.960832 -4.863112
0.9259105 -4.489899
0.9284966 -4.009743
0.9771786 -4.321064
0.9510525 -4.556244
0.9597746 -4.176148
0.9623889 -3.869318
0.9396639 -4.264531
0.9571765 -4.445522
0.9514439 -3.955295
0.8904562 -3.844968
0.9340909 -4.280434
0.9632351 -4.459491
0.9827727 -4.697583
0.968756 -4.730302
1.012454 -5.298356
1.018982 -4.932622
0.9448994 -4.445393
0.9547757 -4.358005
0.9571503 -4.492715
0.9469523 -4.333418
0.9584072 -4.992274
0.9832796 -5.069096
1.003514 -5.061856
1.016556 -4.598183
0.9923494 -4.544128
1.027252 -4.326812
1.028783 -4.710673
0.9573396 -4.549111
0.9617735 -4.423592
0.9052847 -4.628329
0.8995598 -4.610058
0.9118318 -4.319001
0.920289 -3.634769
0.9401533 -3.929078
0.9157411 -4.36225
0.9058338 -4.317788
0.9301845 -4.482568
0.8841695 -4.259959
0.9537673 -4.605791
0.9280876 -5.001285
0.9611185 -5.467029
0.9451416 -5.636789
0.9287461 -4.697579
0.9519928 -4.35345
0.9598443 -4.401944
0.9090355 -4.801309
0.9362718 -4.81401
0.9849333 -4.661871
0.9125455 -4.992988
0.9340583 -4.935746
0.9129423 -5.003862
0.9318182 -4.530433
0.9901325 -4.426614
0.9971066 -4.648766
1.000754 -5.026503
0.9744844 -4.900344
1.008249 -5.422193
1.020056 -5.690166
0.9875233 -5.604436
1.068178 -5.563563
1.074105 -5.420791
1.080279 -5.533663
1.067651 -5.843857
1.076227 -6.003645
1.049923 -5.835496
1.077225 -5.276499
1.033007 -4.805214
1.041311 -5.318663
1.058167 -4.650217
1.008322 -5.113651
1.070946 -5.485707
1.071668 -5.325036
1.035683 -5.284041
1.108054 -5.603666
1.0882 -5.687406
1.067966 -5.068092
1.070626 -4.473999
1.053471 -4.187613
1.054888 -4.00541
1.055029 -4.130053
1.026024 -4.636704
1.02497 -4.734287
0.9958079 -4.297744
0.9839125 -4.223097
0.896207 -4.231945
0.9223875 -4.34582
0.9244606 -4.029675
0.8842461 -3.983326
0.8292058 -3.83524
0.8888503 -3.89389
0.8453856 -3.981667
0.896535 -4.3623
0.8837161 -3.932739
0.8816151 -4.126081
0.8777912 -4.182078
0.9394031 -4.146259
0.9564217 -4.756077
1.015291 -4.931146
1.05662 -4.756988
0.9987512 -5.163544
0.9930333 -5.347634
0.9902664 -5.244233
1.013625 -5.409309
0.9857448 -5.128864
1.018117 -5.216803
1.083286 -5.095924
1.070966 -4.91367
1.01012 -5.490026
1.005519 -4.931104
0.9979771 -5.276501
1.042167 -5.2031
1.028265 -5.029045
0.9952097 -5.203832
1.028742 -4.429198
0.9804444 -4.540039
1.043847 -4.602374
1.072806 -5.11894
1.02072 -5.215063
0.9918347 -5.899234
0.9689498 -5.198869
0.9435738 -5.539237
0.9291853 -5.178916
0.9586388 -5.391562
0.9577517 -4.941252
0.9663196 -4.757844
0.996169 -4.571112
1.031452 -4.765211
0.9937612 -5.035561
1.007068 -5.064327
0.993769 -4.830813
0.9556822 -5.186427
0.9635591 -5.242225
1.022494 -5.030978
0.9803963 -4.663142
0.9982736 -4.311968
1.035701 -4.356845
1.031827 -4.842447
1.05568 -4.785143
1.058091 -5.106458
1.041465 -5.049987
1.001781 -4.817247
0.9399189 -4.741771
0.8987087 -4.638668
0.9308749 -4.703294
0.8944002 -4.141098
0.9358161 -4.319927
0.9347181 -3.807996
0.9310144 -4.37692
0.9676388 -4.177598
0.9818255 -4.157447
0.9962754 -4.183485
1.01369 -4.179779
0.9800675 -4.043064
1.02238 -4.464207
1.039114 -4.854052
0.9473254 -4.823323
0.9658664 -5.102593
0.9351619 -4.605041
0.9053189 -4.255998
0.9299921 -4.76387
0.9455288 -4.436391
0.9594114 -4.380892
0.97803 -4.317357
1.00297 -4.381849
0.9471639 -4.161547
0.9637231 -3.842551
0.9362473 -3.287352
0.9616165 -3.491883
0.9306384 -3.939175
0.9287082 -4.142144
0.9284751 -4.015461
0.9709685 -4.62034
0.9935005 -4.563111
1.007292 -5.026997
0.9698565 -4.983489
0.9823249 -5.116865
0.9546254 -4.769965
0.9713685 -4.227219
0.9556624 -4.177049
0.9620217 -4.161175
0.9257778 -4.211627
0.9855804 -4.696801
1.038559 -4.87775
1.039999 -5.348241
0.9869298 -5.430588
1.019843 -5.575251
0.9772281 -5.483859
0.9433091 -5.798701
0.956568 -4.930486
1.010786 -5.24686
1.001757 -5.310227
0.96131 -5.366136
1.017931 -5.313094
0.9891054 -5.408438
0.9686113 -5.92944
0.9918885 -5.574602
0.9573303 -4.728128
0.9665418 -4.129516
0.967007 -4.77364
0.9646972 -4.846635
0.9337392 -4.638139
0.8920248 -4.183948
0.8538519 -4.164133
0.8188239 -3.856047
0.8524431 -3.670686
0.8297384 -4.366945
0.8760369 -4.52493
0.9407244 -4.309523
0.9482082 -3.645978
0.9766702 -3.695453
0.9949359 -4.113651
1.044044 -3.863638
1.033392 -4.36865
1.038709 -4.8829
1.003646 -4.421876
1.039045 -4.485073
1.036272 -4.46087
1.032634 -4.422189
1.04098 -4.088408
1.038615 -4.048329
0.9448743 -4.223854
0.9695972 -4.415309
1.031529 -4.525139
1.041541 -4.663855
1.072067 -5.144736
1.057195 -5.359272
1.093824 -5.591561
1.042919 -5.381653
1.059382 -5.119704
1.029039 -5.180335
1.073911 -5.190532
1.076291 -5.357615
1.082764 -5.361898
1.030505 -5.206208
1.083126 -4.87718
1.083201 -4.94593
1.109731 -4.245374
1.070939 -4.564118
1.109917 -4.444352
1.030928 -4.592224
0.9704745 -4.467911
0.9466445 -4.569732
0.9748095 -5.372464
0.9703754 -5.204151
0.9893405 -4.947471
1.006252 -4.607425
0.9956213 -4.564709
0.9759905 -4.714916
0.9772134 -4.860068
0.9628947 -5.216671
0.9483981 -5.238563
0.9890211 -5.754791
0.9316827 -5.863997
0.9528332 -5.470434
0.8647671 -5.098475
0.9680973 -4.998449
0.9331147 -4.710893
0.9428314 -4.694122
0.9632949 -4.465996
0.9496412 -4.326532
0.9559311 -4.466998
1.048711 -4.915562
1.034339 -5.235327
1.012774 -4.898917
1.022771 -4.891214
1.01324 -4.996267
0.9750122 -5.06604
0.9355452 -5.306902
0.9595799 -5.229611
0.9792156 -4.660905
0.9500162 -4.515301
0.9173293 -4.35349
0.9851885 -4.026385
0.9688924 -4.611449
0.9515443 -4.806465
0.9655568 -4.180663
0.966873 -4.209133
0.9208735 -3.998415
0.9369696 -4.029975
0.9556897 -4.374865
0.9240943 -4.644293
0.9500701 -4.156372
0.9540247 -4.31331
0.9562672 -4.634445
0.9396827 -4.711032
0.9581092 -4.846672
0.9511699 -4.786196
0.9558171 -4.365663
0.9419549 -4.127287
0.9472952 -3.998539
0.9301019 -4.172103
0.9075592 -4.120413
0.8778575 -4.310161
0.9077364 -3.866614
0.8472674 -3.752491
0.8067614 -3.539229
0.8734443 -3.434235
0.8908892 -3.932351
0.9016811 -3.89651
0.9152603 -4.066921
0.8804314 -4.091047
0.9349435 -4.638867
0.987454 -4.715429
0.971278 -5.01064
0.9465006 -4.372005
0.9552003 -4.374469
0.9569798 -4.405848
1.01123 -4.449086
0.9893395 -4.170119
0.9661132 -3.999575
0.9673569 -4.047453
0.9789406 -4.607967
0.9466553 -4.630374
1.013038 -4.481793
1.006511 -4.455686
0.9914549 -4.543789
0.9743121 -4.427218
0.935148 -4.224938
0.9390172 -4.537495
0.9501912 -4.703447
0.9599493 -5.014407
0.9582584 -4.979321
1.008717 -4.751392
1.047139 -5.308485
1.028959 -4.852521
0.9192627 -4.814339
0.9747717 -4.647334
0.9212646 -4.804396
0.9073455 -4.501288
0.9659881 -4.501922
0.9809899 -4.346807
0.9591685 -4.154716
0.9588542 -4.859373
0.9685509 -4.262006
0.9292331 -4.438175
1.003342 -4.361905
1.023018 -4.452578
1.009462 -4.439538
1.016626 -4.299956
1.02404 -4.966467
1.040526 -4.46812
1.059296 -4.757951
1.049635 -4.88148
1.029389 -4.449653
1.010589 -4.335123
0.9799326 -4.133606
1.00265 -4.255125
0.9955058 -4.367486
0.9631765 -4.418733
1.007829 -4.672889
0.9992488 -4.848368
1.013392 -4.814227
1.016871 -5.000916
0.9854623 -5.175801
0.9544378 -5.408904
0.9520483 -5.595497
1.001908 -5.95276
1.032067 -6.112742
1.024489 -6.023248
1.037882 -5.798211
1.039072 -5.766941
1.041122 -5.316843
1.066769 -5.466961
1.069032 -5.10729
1.028746 -5.297389
1.06055 -5.10434
1.02893 -5.043605
1.009984 -5.019439
0.9821964 -4.829506
0.9979764 -4.442748
0.9826783 -4.655243
1.028445 -4.53556
1.004703 -4.929448
1.003508 -4.977905
0.969673 -4.873301
0.9748932 -4.673048
0.9547183 -4.643293
0.9388215 -4.735172
0.9565669 -4.730831
1.00961 -4.377345
0.9700351 -4.384919
0.9212071 -4.086202
0.9227266 -4.432514
0.9533086 -4.571775
1.016252 -4.72622
1.036772 -4.807255
0.9991238 -4.902921
1.004484 -4.99846
1.013079 -5.104313
1.025356 -4.98956
1.00434 -4.937466
1.006502 -4.850556
1.033854 -4.83804
0.9962577 -4.547386
0.9764718 -4.217244
1.000418 -3.812868
1.025896 -4.135156
0.9824031 -4.01908
0.9548629 -4.232618
0.9609146 -4.297626
0.9394229 -4.319033
0.9476907 -4.858106
0.9922312 -4.859227
0.9853984 -5.225849
0.9661401 -5.737748
0.976988 -5.478485
0.9848798 -5.147483
1.032671 -5.503719
0.9744401 -5.120713
1.046719 -4.950834
1.008119 -4.777748
1.08344 -5.098255
1.046214 -5.129505
1.090405 -5.493426
1.080683 -6.983588
1.051113 -6.642587
1.043653 -6.203451
1.085909 -6.360135
1.032247 -5.921622
1.094227 -6.365028
1.034398 -6.738878
1.045928 -6.483976
1.005792 -6.20497
0.985603 -6.605481
0.9712748 -5.814289
0.9239888 -6.76023
0.9525625 -6.569462
0.9987567 -6.119092
0.9731995 -6.082548
0.9694489 -5.751068
0.9425598 -6.03955
0.9469763 -5.227886
0.9937441 -4.732072
1.004922 -4.338226
0.9778729 -3.797826
0.9385299 -3.888681
0.9168803 -4.236831
0.9334357 -4.529865
0.9262798 -4.227243
0.9863198 -4.531966
0.943335 -4.45822
0.973486 -4.415023
1.021068 -4.682502
0.9865598 -3.959092
0.9702815 -3.777299
0.9790875 -3.78091
0.9533066 -3.990479
0.9940048 -4.118992
0.9777149 -4.352808
0.9303156 -4.674372
0.949336 -4.790575
0.9504386 -4.886911
0.9552261 -4.937644
0.9431375 -5.014656
0.9786228 -4.565408
0.9840018 -4.284802
0.9883192 -4.455841
1.034269 -4.639407
1.019591 -4.449965
0.9935986 -5.063468
1.000599 -4.84074
0.9403035 -4.994321
0.9594948 -4.779426
0.9815054 -5.443754
1.024429 -5.694152
0.9782337 -5.486953
0.9774561 -5.720583
1.028411 -5.059697
1.052815 -4.992842
1.034397 -5.133762
0.9758266 -5.517318
1.01852 -5.76097
0.9887567 -5.951645
0.9643416 -5.343171
0.9829267 -5.31059
0.9926011 -5.371377
1.024522 -5.527261
0.9907386 -5.929165
1.029008 -5.395447
0.9978854 -5.735299
1.06291 -5.813224
1.081102 -5.692267
1.073061 -6.024571
1.034261 -6.028665
1.036423 -6.268731
1.089579 -6.072968
1.02912 -5.018631
1.072462 -4.928274
1.069391 -5.256155
1.033111 -4.709439
1.061458 -4.668479
1.068805 -5.166138
1.019202 -4.641582
1.028977 -4.21309
0.9985859 -4.407977
0.9761742 -4.335008
0.9632324 -4.246638
0.9193708 -4.200317
0.9432913 -4.523218
0.9204258 -4.658901
0.9451898 -3.537562
0.9017687 -3.353049
0.9238249 -3.712026
0.934764 -3.629007
0.9565968 -3.761808
0.98324 -4.118067
0.9619227 -3.861115
0.9680121 -3.771065
0.9596817 -3.771392
0.9426276 -3.98795
0.9941281 -4.198377
0.9742096 -4.086573
0.9526702 -4.622926
0.9995422 -4.364142
1.004377 -4.46881
0.9729608 -4.781183
0.9999425 -5.53943
1.01726 -5.439728
1.034092 -5.369058
1.030471 -5.59253
0.9922197 -5.516741
0.976207 -5.61565
0.9833729 -4.672568
0.998733 -4.849625
1.012065 -5.332508
0.978961 -5.358565
0.9401686 -5.219157
0.9555122 -5.140295
0.9383116 -4.937367
0.9336927 -4.986142
0.9155751 -4.886678
0.9113851 -5.244274
0.966947 -4.898936
0.9701407 -4.98865
0.9520646 -4.925475
0.9390637 -5.22768
0.9432508 -5.440016
0.984762 -5.437021
1.070974 -5.256458
1.054379 -5.59018
1.035678 -5.688097
1.043271 -6.515873
1.061924 -5.852372
1.058994 -6.0385
1.099836 -5.88722
1.092173 -5.45674
1.079726 -5.510128
1.02215 -5.68902
1.025998 -5.653896
1.00408 -5.561852
0.9888864 -5.350104
0.9971225 -5.110143
0.9785503 -5.004583
0.9868871 -4.894419
0.9977861 -4.610482
0.980374 -4.829887
0.9894796 -4.964068
0.9504582 -4.775938
0.9986851 -4.627065
1.032544 -4.529493
1.040937 -4.908964
1.022513 -4.470911
0.9950462 -4.245456
0.9772751 -4.1891
0.9816607 -4.293434
1.001451 -4.144148
0.9904637 -4.255055
0.9655132 -4.636304
1.000437 -5.21408
0.9782069 -4.844537
0.9750185 -4.492922
0.9842883 -4.149069
0.9321407 -4.448156
1.015852 -4.427851
1.002247 -4.60804
0.9795807 -4.591495
0.9773507 -4.799245
0.9345356 -4.843982
0.9204988 -5.49232
0.9569531 -4.840002
0.9410775 -4.664574
0.9407054 -4.971386
0.9464232 -4.719174
0.9659937 -4.421509
0.8704359 -4.421842
0.9419842 -4.249744
0.9548142 -4.579876
0.9108743 -3.97929
0.919487 -4.337721
0.9449818 -4.481064
1.003243 -4.735844
1.007528 -4.339748
1.024627 -3.995503
1.068731 -4.65484
0.9974114 -4.986231
1.034923 -5.039662
1.054707 -5.19478
0.9866322 -5.037443
0.9376047 -4.737754
1.04768 -4.995394
0.9740673 -4.819351
0.9378546 -4.690882
0.9031369 -4.734297
0.9372527 -4.52836
0.9608282 -4.07487
1.027266 -4.387716
0.9970245 -4.825873
0.9766558 -4.576129
0.9720209 -4.482532
0.9692739 -4.484913
0.9440707 -4.26378
0.9491893 -4.07873
0.9471447 -3.79356
0.936895 -4.26271
0.9990001 -4.16633
0.9825005 -4.221777
0.9328564 -4.553046
0.9669865 -4.194395
0.9525234 -3.993874
0.9518193 -4.197577
0.9461155 -4.508567
0.9527474 -4.741479
0.8958915 -4.946363
0.9476988 -4.801149
0.9143455 -4.946442
0.902026 -4.579812
0.9485306 -4.585795
0.9348236 -4.22589
0.9548067 -4.167089
0.9464016 -4.444799
0.964732 -4.202752
0.9356894 -4.267238
0.9392794 -4.107079
0.9551334 -4.743035
0.9541087 -5.058495
0.9223197 -4.948315
0.9290507 -5.076966
0.9025574 -5.430633
0.9320762 -4.95452
0.8997974 -4.764586
0.9398774 -5.146489
0.9553749 -5.341975
1.031137 -5.364332
1.008727 -5.596396
1.019053 -5.860932
1.016626 -5.810288
1.061152 -5.214902
1.004816 -5.213646
1.013672 -5.596828
1.067265 -5.277188
1.041551 -5.313762
1.032948 -5.584023
1.007428 -5.643249
1.00446 -5.805185
1.013736 -5.144864
1.045092 -4.445524
0.9956086 -4.841588
1.013656 -4.705399
0.9613659 -4.913831
0.8749892 -4.278558
0.9296297 -4.203431
0.9030276 -4.237391
0.9013384 -4.541851
0.9513676 -4.820442
0.9959192 -4.46027
0.9907139 -4.304769
1.030708 -4.216004
1.015583 -4.190561
0.9562564 -3.86925
0.9429082 -4.682256
0.9190907 -4.453654
0.9253873 -4.343758
0.9299206 -4.869907
0.9294856 -4.129129
0.8620644 -4.126158
0.935731 -4.505524
0.912198 -4.772826
0.9432889 -4.493923
0.9646026 -4.655338
0.9532384 -4.323272
0.9233515 -4.564614
0.9112463 -4.972115
0.927512 -4.199542
0.9549736 -4.340892
0.9096962 -4.058723
0.9318942 -3.823894
0.983455 -4.219203
1.025032 -4.469997
0.971412 -4.25433
0.9465815 -4.073442
0.9205976 -4.605169
0.8889238 -4.290449
0.9179788 -4.400914
0.9229223 -4.889771
0.9945012 -5.593901
0.992956 -4.969979
0.9766976 -5.033391
0.8958651 -5.139897
0.9127204 -5.253773
0.9546584 -4.761331
0.9541864 -4.880961
0.9412087 -5.285266
0.9973079 -5.557386
1.018018 -5.175345
1.009289 -5.683458
1.007024 -5.857577
1.00697 -6.544562
1.043631 -5.929818
0.9802435 -5.75356
0.9978822 -5.953946
1.031655 -5.944475
0.9847219 -6.098895
0.9775154 -6.252282
0.9764306 -6.097455
1.010404 -5.917964
1.057274 -5.025395
1.044902 -5.224994
1.054152 -5.689791
1.054934 -5.787442
1.022942 -6.003407
1.055119 -5.626999
1.078153 -5.892085
1.017586 -5.825642
0.9958368 -5.782541
0.953906 -5.296063
0.9563449 -5.056098
0.9613345 -4.767215
0.9041525 -4.609737
0.9348897 -5.229197
0.942288 -5.347665
0.9896702 -5.501765
1.018136 -5.510378
1.079203 -5.13043
1.066489 -4.745831
1.075502 -4.604406
1.121583 -5.156215
1.081524 -5.009928
1.015357 -5.400545
1.086784 -5.521657
1.064891 -5.309539
1.031501 -4.765587
1.026702 -4.843976
1.00518 -4.713785
1.025895 -4.925886
0.9804242 -4.26008
1.045126 -4.549123
1.068616 -4.896971
1.004956 -4.756126
0.9473989 -4.379124
0.9735425 -4.272769
0.9730676 -3.956196
0.9957224 -4.227724
0.9970839 -4.484693
0.9644797 -4.071458
1.005972 -4.041299
1.057323 -4.692991
1.05044 -4.748985
1.030943 -4.41966
0.9931763 -4.616785
1.00143 -4.427485
1.029044 -4.660497
1.019149 -4.334613
1.019014 -4.732243
0.9776521 -4.787275
0.9885407 -4.698843
1.009091 -4.510167
0.9304786 -4.684506
0.9143832 -5.512873
0.9421314 -5.169996
0.9989849 -5.04896
1.017001 -5.159789
0.9521378 -5.372908
0.9580145 -4.503147
0.9730301 -4.44838
0.9628203 -4.778918
0.9398515 -4.858336
0.93134 -5.476186
0.9140782 -4.778834
0.9343627 -4.336218
0.9248518 -4.466251
0.9088078 -4.902849
0.9067839 -4.452563
0.8816652 -4.522008
0.9046247 -4.5299
0.880912 -4.355528
0.8559823 -4.959344
0.8658708 -4.4881
0.8137573 -3.99307
0.8066198 -3.407437
0.8366052 -3.154543
0.8833186 -4.212005
0.8933201 -3.368615
0.8269647 -3.71281
0.8264476 -3.903156
0.8684462 -3.840353
0.9208151 -3.992844
0.9260193 -4.498303
0.8893833 -3.985705
0.8741173 -4.350378
0.8686957 -3.884251
0.8733501 -4.107602
0.8807936 -3.702853
0.9114839 -4.535037
0.913516 -4.216287
0.8815182 -4.174413
0.8747976 -4.172703
0.8971238 -3.997737
0.9236978 -3.777147
0.8999855 -3.346836
0.8783947 -3.635956
0.906221 -4.598295
0.8994216 -4.461884
0.9241415 -4.644751
0.9518646 -5.069701
0.9369475 -4.853443
0.9389525 -4.783561
0.9338428 -4.923365
0.9986005 -4.348176
0.9163378 -4.857418
0.9861215 -4.294662
0.8940833 -4.556849
0.9299292 -4.372498
0.86412 -4.553854
0.9084992 -4.145491
0.903793 -4.14022
0.9128191 -3.849116
0.862656 -3.768253
0.9226663 -3.652633
0.9327765 -3.715512
0.9871744 -3.840948
0.9795777 -3.949436
0.9598218 -3.580268
0.906343 -3.250616
0.9247271 -3.699171
0.8963867 -3.849196
0.9236538 -3.764242
0.9260355 -3.712074
0.8894616 -3.315401
0.9308259 -4.181276
0.9527071 -4.223722
1.00889 -3.996905
1.001973 -3.304981
1.019356 -3.923482
1.01551 -4.509227
0.9845515 -4.66456
0.9951468 -4.694601
0.9629446 -4.990385
0.9992338 -5.03508
0.9833658 -5.229686
0.921714 -5.366057
0.9287414 -5.513614
0.9670337 -5.654664
0.974482 -5.425214
0.9626875 -5.67282
1.028078 -5.653593
1.032404 -5.906749
1.044172 -5.806586
1.028711 -5.589106
0.9999944 -5.815669
1.010962 -6.017308
1.017672 -5.792364
1.058203 -5.744626
1.02545 -5.3408
1.071371 -5.033094
1.057387 -4.958421
1.075331 -4.838463
1.078377 -4.262713
1.055183 -4.484204
0.9957053 -4.689647
0.9731525 -4.372815
0.9562446 -4.751735
0.9322242 -4.934535
0.9709116 -4.906367
0.9675498 -4.826666
0.9274803 -4.730674
0.9355057 -5.017067
0.944688 -4.999892
0.9618554 -4.638745
0.9612407 -4.396484
0.9983789 -4.18372
0.989498 -4.491947
1.006353 -4.450296
0.9790939 -4.094745
0.9554544 -4.18194
0.9711052 -4.582446
0.9933255 -5.290471
0.9882379 -5.763418
1.030483 -6.019704
0.9658888 -5.165451
0.9062835 -4.733925
0.8728836 -4.30646
0.9349653 -4.058763
0.925036 -4.298638
0.9250375 -4.313704
0.901089 -4.72776
0.960923 -4.396218
0.90505 -4.019762
0.8548128 -3.992865
0.9209994 -3.942706
0.9010024 -4.265638
0.9600089 -4.309324
0.9494818 -4.46226
0.9784577 -4.571106
0.9818615 -4.41194
0.9405651 -4.733433
0.9181199 -4.562851
0.869091 -4.751996
0.8433953 -4.328866
0.8294085 -4.45391
0.9296954 -4.017119
0.9329741 -3.391677
0.9243864 -3.300326
0.9356898 -3.86266
0.8841985 -3.700453
0.8538004 -4.239626
0.8993595 -4.27557
0.8938315 -4.399603
0.897879 -4.28127
0.8823371 -4.214054
0.8543817 -4.257501
0.8338349 -4.256569
0.8512016 -4.382542
0.9409462 -4.472843
0.9417464 -4.904834
0.956709 -4.870614
0.9582693 -4.74846
0.9308408 -4.132882
0.9494562 -4.623499
0.9607231 -4.547686
0.9334851 -4.500423
0.9342312 -4.381454
0.9668331 -4.848978
1.003969 -4.722504
0.9571107 -4.415637
0.9674858 -4.748298
0.9757629 -4.752639
1.058107 -4.867002
0.9932127 -5.07186
0.9952923 -5.004889
1.049639 -4.898523
0.9990433 -5.143678
1.003377 -6.000951
1.011966 -5.641289
0.97731 -5.522883
1.062692 -5.471096
1.003305 -5.297435
0.9610964 -5.158061
0.9815759 -5.252604
0.9321283 -5.296968
0.9421483 -5.326585
0.9699475 -4.996742
1.004907 -4.543581
0.9949842 -4.050091
1.025585 -4.720016
1.038422 -4.978618
1.020667 -5.779785
1.060892 -6.006442
1.054845 -6.176582
1.025592 -6.636619
1.05344 -5.673667
1.02825 -5.27084
0.9851344 -4.870706
0.9877954 -4.65185
0.9736592 -4.776943
0.9966976 -4.617516
0.9627762 -5.094644
0.9416119 -4.351266
0.9274068 -4.51067
0.9883015 -5.03071
0.9576766 -5.123354
0.9556852 -5.349464
0.9378701 -4.993238
0.8991564 -4.97061
0.9151738 -4.395877
0.9518193 -4.368201
0.93831 -4.802191
0.9714117 -5.403212
0.977521 -4.491021
0.9801484 -4.253157
0.9549092 -4.302243
0.9893683 -4.263911
0.9388055 -4.256718
0.9364847 -4.625681
0.9083022 -4.293694
0.8946034 -4.475695
0.8727739 -4.153229
0.8810917 -4.23664
0.9077666 -4.237413
0.9271882 -4.335099
0.8748027 -4.023259
0.8667133 -3.645845
0.8902937 -3.747671
0.8649627 -4.075349
0.8669862 -3.672076
0.8866454 -3.803157
0.8779108 -3.899441
0.9445962 -4.244587
0.920495 -4.388667
0.954506 -4.468336
0.9846789 -4.431183
0.9933371 -4.600712
0.9932793 -4.81767
1.015317 -4.35697
1.067471 -5.101533
1.061 -4.71891
1.062385 -5.096151
1.084228 -4.993722
1.100436 -4.674458
1.043739 -4.908084
1.010325 -4.894706
0.9626095 -5.419112
0.9740497 -4.658271
0.9830605 -4.849785
0.9880109 -4.758607
1.005495 -5.352056
0.9827964 -5.333007
0.9859601 -5.226502
0.9698537 -5.970975
0.9220603 -5.273695
0.9440273 -5.217521
1.023527 -5.070729
1.006611 -4.913577
1.061616 -5.29742
1.091834 -5.519054
1.04678 -5.654129
1.131403 -5.418839
1.145772 -4.994823
1.162627 -5.27021
1.110098 -5.423352
1.124291 -5.30914
1.098941 -5.397827
1.126714 -5.530825
1.060947 -5.535991
1.003213 -5.581889
1.032697 -5.792815
0.9894572 -5.039011
0.9737083 -5.097339
0.9883208 -4.891475
0.9998793 -5.260565
1.006027 -5.363744
0.9814865 -4.954273
0.9608748 -4.814319
0.9618697 -5.032243
0.9495773 -5.331698
0.9555244 -5.155018
0.9549461 -5.251612
0.8843762 -5.668708
0.8623766 -4.853623
0.8996643 -4.418084
0.9313741 -4.333072
0.940944 -4.307979
0.9051593 -4.241402
0.921826 -4.512307
0.9385552 -4.460448
0.9600824 -4.749095
0.962329 -5.163269
1.004663 -5.657128
0.9773737 -5.510722
1.004028 -5.469793
0.9673165 -5.665869
0.9898568 -5.129485
1.017015 -4.571977
1.033212 -4.405379
1.061253 -4.431944
1.048356 -4.644471
1.073593 -4.714887
1.060164 -4.843482
1.034182 -4.89814
1.044695 -4.636781
0.9639241 -4.597139
1.000644 -4.710614
0.9735998 -5.00344
0.9201785 -5.203298
0.926781 -4.857424
0.9225419 -4.482488
0.8684043 -4.779754
0.8845739 -5.009386
0.9387837 -4.380562
0.9102075 -4.984837
0.952685 -4.585059
0.9189308 -4.68207
0.9030663 -4.59069
0.9007289 -4.410929
0.9480438 -4.834306
0.9474504 -5.034614
0.9098285 -4.823499
0.8821147 -4.980733
0.9265703 -5.087964
0.8558799 -4.886926
0.8304507 -5.26771
0.8955101 -5.112687
0.9165065 -5.314353
0.9505114 -4.704847
0.9950039 -4.856034
0.9493665 -4.819496
0.9223904 -5.062656
0.8888969 -5.741581
0.8823996 -5.168378
0.9118467 -5.058392
0.9952526 -5.079977
0.9948447 -4.673254
1.034302 -4.764326
1.056284 -4.411101
1.004258 -4.27315
1.018239 -4.428726
0.9667526 -4.216564
0.9942717 -4.597953
0.9339737 -4.724054
0.9244192 -4.962499
0.9004113 -4.939019
0.9485192 -5.089376
0.9183546 -5.424829
0.9575278 -4.692521
0.9803285 -4.641583
0.9983053 -5.080357
1.011989 -5.483403
0.9393754 -5.054282
0.95367 -4.618462
0.9146861 -4.217741
0.938419 -4.627196
0.9541968 -4.40952
0.9929281 -5.014461
0.9543995 -4.629119
0.9877903 -4.678516
0.9777885 -5.102372
0.991854 -5.114369
0.9412482 -4.810504
0.9109849 -4.707691
0.9077656 -4.710702
0.9033106 -5.005389
0.8969416 -4.706226
0.9401498 -4.405741
0.9528747 -3.963381
0.9562158 -4.463017
0.961703 -4.460943
0.9751886 -4.922512
1.011563 -4.331874
0.9709681 -4.305811
1.009596 -4.439029
0.985363 -4.972727
1.019633 -4.774515
1.003732 -4.80573
0.9608241 -3.820839
0.9656372 -4.639933
0.9577639 -4.511034
1.015283 -4.977986
0.9628617 -4.327346
0.9124666 -4.753242
0.928666 -4.102633
0.9232034 -3.72213
0.9322511 -3.893723
0.9587384 -4.523598
0.938421 -4.665688
0.9478718 -4.752717
0.9680743 -4.754411
0.9045808 -4.406376
0.865758 -4.989399
0.9223108 -4.044179
0.8983039 -4.164184
0.9050307 -4.121544
0.935282 -4.101291
0.9213941 -4.089026
0.9740088 -4.866083
0.9463057 -4.628122
0.9738675 -5.232953
0.9718274 -4.910178
1.00872 -4.626153
0.9868218 -4.647639
0.9732835 -4.712554
0.9968196 -4.838166
0.9627262 -5.311145
0.9351456 -5.367471
0.9776773 -4.924591
0.9757304 -4.935489
0.9776739 -4.297724
0.985595 -4.777525
0.953936 -4.427572
0.9187955 -4.791834
0.9346142 -4.875678
0.9018687 -4.637504
0.9256568 -4.808228
0.8998527 -4.319684
0.8702407 -4.718588
0.9156749 -4.82549
0.9240989 -4.316031
0.9647966 -5.322224
0.9870538 -5.152524
0.981977 -4.979635
0.9099312 -4.867186
0.9675522 -4.797523
1.044581 -5.130188
1.038291 -5.612725
0.9760294 -6.086188
0.9661296 -5.421566
0.9906372 -4.964243
1.005429 -4.914241
0.9759131 -4.559881
0.9595151 -4.85271
0.9542554 -4.44511
0.931687 -4.668303
0.9742502 -4.510821
0.9860584 -4.715482
0.963347 -5.139786
0.9575384 -4.613297
0.9526741 -5.320772
0.9318384 -5.024208
0.9308564 -4.511217
0.9602497 -4.529472
0.9796734 -4.910802
0.9431023 -5.157327
0.8745952 -5.098117
0.9131792 -4.890939
0.9523765 -5.02751
0.9955411 -4.916554
0.9805657 -5.09551
0.9741502 -4.652161
0.9917488 -4.488439
1.038264 -4.283395
1.026564 -4.633358
1.024926 -4.650332
1.005257 -4.680546
1.00694 -4.583746
1.029878 -5.178553
0.9701143 -4.832446
0.9904176 -4.37774
1.010864 -4.274528
0.9707992 -4.565587
1.031981 -5.102217
1.061956 -5.332923
1.021154 -6.48724
1.063772 -6.352933
1.077141 -6.729668
1.095905 -6.139195
1.065435 -6.165775
1.023604 -6.113453
1.032685 -5.924467
0.9997281 -6.080631
0.9593363 -6.062607
1.025611 -5.889393
1.044562 -5.618271
1.055808 -5.298286
1.057606 -5.21143
1.043198 -5.061234
1.027338 -4.757972
1.03986 -4.67255
0.9658431 -4.956402
0.9310775 -4.653895
0.9689013 -4.377046
1.014156 -4.692436
0.9887035 -4.846103
0.9773841 -4.976139
0.9618089 -5.14957
0.929451 -5.369823
0.9450364 -5.354968
0.9765565 -5.308272
0.9803907 -6.360537
0.9783584 -5.360489
0.989305 -5.718551
1.030455 -5.158703
1.072712 -5.146202
1.043022 -4.65045
1.023356 -4.217153
0.9985587 -4.533961
0.9967012 -4.54259
0.9856442 -4.556914
0.9802278 -4.229245
0.94975 -4.117028
0.9561571 -4.173066
0.9790877 -4.311754
0.9480664 -4.371878
0.9373939 -4.002217
0.9279722 -4.433062
0.9420686 -4.375712
0.9258536 -4.027567
0.9549577 -4.253999
0.9406589 -5.06621
1.021944 -4.996932
1.062584 -5.482005
0.9737927 -5.170678
1.03934 -4.494329
1.030373 -4.302084
1.033853 -4.734051
1.022277 -4.90302
1.020429 -5.061978
1.043854 -4.881458
1.013271 -5.397854
0.9711221 -5.43768
1.042775 -5.535631
1.095915 -5.540244
1.10826 -5.256914
1.132369 -5.340549
1.101998 -5.740512
1.069018 -5.702581
1.040817 -5.097834
1.037801 -5.357385
1.080279 -4.702732
1.047331 -4.635525
1.023359 -4.582163
0.9646015 -4.462297
0.9615498 -4.620098
1.017224 -4.87332
1.047783 -4.745104
1.03395 -4.683627
1.014042 -4.277723
0.9569207 -4.603827
0.9957063 -5.36509
0.9810901 -4.688752
0.9464693 -4.744416
0.9821773 -4.490385
0.9781272 -4.507773
0.9728202 -4.730177
